4.0 0.0
4.0167 0.0
4.0333 0.0
4.05 0.0
4.0667 0.0
4.0833 0.0
4.1 0.0
4.1167 0.0
4.1333 0.0
4.15 0.0
4.1667 0.0
4.1833 0.0
4.2 0.0
4.2167 0.0
4.2333 0.0
4.25 0.0
4.2667 0.0
4.2833 0.0
4.3 0.0
4.3167 0.0
4.3333 0.0
4.35 0.0
4.3667 0.0
4.3833 0.0
4.4 0.0
4.4167 0.0
4.4333 0.0
4.45 0.0
4.4667 0.0
4.4833 0.0
4.5 0.0
4.5167 0.0
4.5333 0.0
4.55 0.0
4.5667 0.0
4.5833 0.0
4.6 0.0
4.6167 0.0
4.6333 0.0
4.65 0.0
4.6667 0.0
4.6833 0.0
4.7 0.0
4.7167 0.0
4.7333 0.0
4.75 0.0
4.7667 0.0
4.7833 0.0
4.8 0.0
4.8167 0.0
4.8333 0.0
4.85 0.0
4.8667 0.0
4.8833 0.0
4.9 0.0
4.9167 0.0
4.9333 0.0
4.95 0.0
4.9667 0.0
4.9833 0.0
5.0 0.0
5.0167 0.0
5.0333 0.0
5.05 0.0
5.0667 0.0
5.0833 0.0
5.1 0.0
5.1167 0.0
5.1333 0.0
5.15 0.0
5.1667 0.0
5.1833 0.0
5.2 0.0
5.2167 0.0
5.2333 0.0
5.25 0.0
5.2667 0.0
5.2833 0.0
5.3 0.0
5.3167 0.0
5.3333 0.0
5.35 0.0
5.3667 0.0
5.3833 2.852e-23
5.4 1.721e-18
5.4167 1.742e-15
5.4333 4.195e-13
5.45 4.73e-11
5.4667 1.836e-09
5.4833 1.224e-08
5.5 4.14e-08
5.5167 9.91e-08
5.5333 1.916e-07
5.55 3.422e-07
5.5667 5.823e-07
5.5833 9.705e-07
5.6 1.56e-06
5.6167 2.339e-06
5.6333 3.406e-06
5.65 4.715e-06
5.6667 6.456e-06
5.6833 8.678e-06
5.7 1.137e-05
5.7167 1.475e-05
5.7333 1.896e-05
5.75 2.382e-05
5.7667 2.975e-05
5.7833 3.729e-05
5.8 4.551e-05
5.8167 5.622e-05
5.8333 6.744e-05
5.85 8.09e-05
5.8667 9.699e-05
5.8833 0.000115
5.9 0.0001348
5.9167 0.0001569
5.9333 0.0001827
5.95 0.0002138
5.9667 0.0002396
5.9833 0.0002784
6.0 0.0003087
6.0167 0.000345
6.0333 0.0003886
6.05 0.0004412
6.0667 0.0004899
6.0833 0.000539
6.1 0.0005914
6.1167 0.000647
6.1333 0.0007055
6.15 0.0007671
6.1667 0.0008315
6.1833 0.0008988
6.2 0.0009689
6.2167 0.001042
6.2333 0.001118
6.25 0.001197
6.2667 0.001278
6.2833 0.001363
6.3 0.001451
6.3167 0.001541
6.3333 0.001635
6.35 0.001731
6.3667 0.001831
6.3833 0.001934
6.4 0.00204
6.4167 0.002149
6.4333 0.002262
6.45 0.002378
6.4667 0.002497
6.4833 0.00262
6.5 0.002746
6.5167 0.002876
6.5333 0.003009
6.55 0.003146
6.5667 0.003287
6.5833 0.003431
6.6 0.00358
6.6167 0.003732
6.6333 0.003889
6.65 0.004049
6.6667 0.004214
6.6833 0.004383
6.7 0.004556
6.7167 0.004734
6.7333 0.004916
6.75 0.005102
6.7667 0.005293
6.7833 0.005489
6.8 0.00569
6.8167 0.005895
6.8333 0.006106
6.85 0.006321
6.8667 0.006542
6.8833 0.006767
6.9 0.006998
6.9167 0.007234
6.9333 0.007476
6.95 0.007723
6.9667 0.007975
6.9833 0.008234
7.0 0.008498
7.0167 0.008767
7.0333 0.009043
7.05 0.009324
7.0667 0.009612
7.0833 0.009906
7.1 0.01021
7.1167 0.01051
7.1333 0.01082
7.15 0.01114
7.1667 0.01147
7.1833 0.0118
7.2 0.01214
7.2167 0.01248
7.2333 0.01284
7.25 0.01319
7.2667 0.01356
7.2833 0.01393
7.3 0.01431
7.3167 0.0147
7.3333 0.01509
7.35 0.01549
7.3667 0.0159
7.3833 0.01632
7.4 0.01674
7.4167 0.01717
7.4333 0.01761
7.45 0.01806
7.4667 0.01851
7.4833 0.01898
7.5 0.01944
7.5167 0.01992
7.5333 0.02041
7.55 0.0209
7.5667 0.0214
7.5833 0.02191
7.6 0.02243
7.6167 0.02296
7.6333 0.02349
7.65 0.02403
7.6667 0.02458
7.6833 0.02514
7.7 0.02571
7.7167 0.02628
7.7333 0.02687
7.75 0.02746
7.7667 0.02806
7.7833 0.02867
7.8 0.02929
7.8167 0.02992
7.8333 0.03056
7.85 0.0312
7.8667 0.03185
7.8833 0.03252
7.9 0.03319
7.9167 0.03387
7.9333 0.03455
7.95 0.03525
7.9667 0.03596
7.9833 0.03667
8.0 0.0374
8.0167 0.03813
8.0333 0.03887
8.05 0.03962
8.0667 0.04038
8.0833 0.04115
8.1 0.04193
8.1167 0.04271
8.1333 0.04351
8.15 0.04431
8.1667 0.04512
8.1833 0.04595
8.2 0.04678
8.2167 0.04762
8.2333 0.04846
8.25 0.04932
8.2667 0.05019
8.2833 0.05106
8.3 0.05195
8.3167 0.05284
8.3333 0.05374
8.35 0.05465
8.3667 0.05557
8.3833 0.05649
8.4 0.05743
8.4167 0.05837
8.4333 0.05933
8.45 0.06029
8.4667 0.06126
8.4833 0.06224
8.5 0.06322
8.5167 0.06422
8.5333 0.06522
8.55 0.06624
8.5667 0.06726
8.5833 0.06828
8.6 0.06932
8.6167 0.07036
8.6333 0.07142
8.65 0.07248
8.6667 0.07355
8.6833 0.07462
8.7 0.07571
8.7167 0.0768
8.7333 0.07789
8.75 0.07901
8.7667 0.08012
8.7833 0.08123
8.8 0.08236
8.8167 0.08349
8.8333 0.08465
8.85 0.0858
8.8667 0.08696
8.8833 0.08811
8.9 0.08929
8.9167 0.09048
8.9333 0.09165
8.95 0.09286
8.9667 0.09406
8.9833 0.09527
9.0 0.09648
9.0167 0.0977
9.0333 0.0989
9.05 0.1002
9.0667 0.1014
9.0833 0.1026
9.1 0.1039
9.1167 0.1051
9.1333 0.1064
9.15 0.1077
9.1667 0.1089
9.1833 0.1102
9.2 0.1115
9.2167 0.1128
9.2333 0.1141
9.25 0.1154
9.2667 0.1167
9.2833 0.118
9.3 0.1193
9.3167 0.1206
9.3333 0.122
9.35 0.1233
9.3667 0.1245
9.3833 0.126
9.4 0.1273
9.4167 0.1286
9.4333 0.13
9.45 0.1313
9.4667 0.1327
9.4833 0.1341
9.5 0.1354
9.5167 0.1368
9.5333 0.1381
9.55 0.1395
9.5667 0.1409
9.5833 0.1423
9.6 0.1436
9.6167 0.145
9.6333 0.1464
9.65 0.1478
9.6667 0.1492
9.6833 0.1506
9.7 0.152
9.7167 0.1534
9.7333 0.1548
9.75 0.1562
9.7667 0.1576
9.7833 0.159
9.8 0.1603
9.8167 0.1618
9.8333 0.1632
9.85 0.1646
9.8667 0.166
9.8833 0.1673
9.9 0.1688
9.9167 0.1702
9.9333 0.1716
9.95 0.173
9.9667 0.1744
9.9833 0.1759
10.0 0.1773
10.0167 0.1787
10.0333 0.1801
10.05 0.1815
10.0667 0.1829
10.0833 0.1843
10.1 0.1857
10.1167 0.1871
10.1333 0.1885
10.15 0.1899
10.1667 0.1913
10.1833 0.1927
10.2 0.194
10.2167 0.1954
10.2333 0.1968
10.25 0.1982
10.2667 0.1996
10.2833 0.201
10.3 0.2023
10.3167 0.2037
10.3333 0.2051
10.35 0.2064
10.3667 0.2078
10.3833 0.209
10.4 0.2105
10.4167 0.2118
10.4333 0.2132
10.45 0.2145
10.4667 0.2157
10.4833 0.2172
10.5 0.2185
10.5167 0.2199
10.5333 0.2212
10.55 0.2223
10.5667 0.2238
10.5833 0.2251
10.6 0.2264
10.6167 0.2277
10.6333 0.229
10.65 0.2303
10.6667 0.2315
10.6833 0.2328
10.7 0.2339
10.7167 0.2353
10.7333 0.2366
10.75 0.2378
10.7667 0.2391
10.7833 0.2403
10.8 0.2415
10.8167 0.2428
10.8333 0.2438
10.85 0.2452
10.8667 0.2464
10.8833 0.2476
10.9 0.2485
10.9167 0.2499
10.9333 0.2511
10.95 0.2522
10.9667 0.2531
10.9833 0.2543
11.0 0.2554
11.0167 0.2568
11.0333 0.2577
11.05 0.259
11.0667 0.2601
11.0833 0.2612
11.1 0.2623
11.1167 0.2633
11.1333 0.2644
11.15 0.2655
11.1667 0.2665
11.1833 0.2675
11.2 0.2684
11.2167 0.2696
11.2333 0.2706
11.25 0.2716
11.2667 0.2726
11.2833 0.2735
11.3 0.2745
11.3167 0.2754
11.3333 0.2764
11.35 0.2773
11.3667 0.2782
11.3833 0.279
11.4 0.2801
11.4167 0.2809
11.4333 0.2818
11.45 0.2825
11.4667 0.2835
11.4833 0.2844
11.5 0.2852
11.5167 0.286
11.5333 0.2869
11.55 0.2877
11.5667 0.2884
11.5833 0.2892
11.6 0.29
11.6167 0.2907
11.6333 0.2915
11.65 0.2922
11.6667 0.2929
11.6833 0.2936
11.7 0.2943
11.7167 0.295
11.7333 0.2956
11.75 0.2963
11.7667 0.2967
11.7833 0.2976
11.8 0.2982
11.8167 0.2988
11.8333 0.2994
11.85 0.2997
11.8667 0.3004
11.8833 0.301
11.9 0.3016
11.9167 0.3021
11.9333 0.3024
11.95 0.303
11.9667 0.3036
11.9833 0.3041
12.0 0.3045
12.0167 0.3047
12.0333 0.3052
12.05 0.3058
12.0667 0.3062
12.0833 0.3066
12.1 0.307
12.1167 0.3073
12.1333 0.3077
12.15 0.308
12.1667 0.3083
12.1833 0.3086
12.2 0.3089
12.2167 0.3092
12.2333 0.3094
12.25 0.3096
12.2667 0.3097
12.2833 0.3101
12.3 0.3104
12.3167 0.3106
12.3333 0.3107
12.35 0.3109
12.3667 0.311
12.3833 0.3112
12.4 0.3113
12.4167 0.3114
12.4333 0.3115
12.45 0.3116
12.4667 0.3116
12.4833 0.3117
12.5 0.3117
12.5167 0.3118
12.5333 0.3118
12.55 0.3118
12.5667 0.3117
12.5833 0.3117
12.6 0.3116
12.6167 0.3116
12.6333 0.3115
12.65 0.3114
12.6667 0.3113
12.6833 0.3112
12.7 0.311
12.7167 0.3109
12.7333 0.3107
12.75 0.3106
12.7667 0.3104
12.7833 0.3101
12.8 0.3097
12.8167 0.3096
12.8333 0.3095
12.85 0.3092
12.8667 0.3089
12.8833 0.3086
12.9 0.3083
12.9167 0.308
12.9333 0.3077
12.95 0.3073
12.9667 0.307
12.9833 0.3066
13.0 0.3062
13.0167 0.3058
13.0333 0.3052
13.05 0.3047
13.0667 0.3045
13.0833 0.3041
13.1 0.3036
13.1167 0.3031
13.1333 0.3024
13.15 0.3021
13.1667 0.3016
13.1833 0.301
13.2 0.3004
13.2167 0.2997
13.2333 0.2994
13.25 0.2988
13.2667 0.2982
13.2833 0.2976
13.3 0.2967
13.3167 0.2963
13.3333 0.2956
13.35 0.295
13.3667 0.2943
13.3833 0.2936
13.4 0.2929
13.4167 0.2922
13.4333 0.2915
13.45 0.2907
13.4667 0.29
13.4833 0.2892
13.5 0.2884
13.5167 0.2877
13.5333 0.2869
13.55 0.286
13.5667 0.2852
13.5833 0.2844
13.6 0.2836
13.6167 0.2824
13.6333 0.2818
13.65 0.2809
13.6667 0.2801
13.6833 0.279
13.7 0.2782
13.7167 0.2773
13.7333 0.2764
13.75 0.2755
13.7667 0.2745
13.7833 0.2735
13.8 0.2726
13.8167 0.2716
13.8333 0.2706
13.85 0.2696
13.8667 0.2684
13.8833 0.2675
13.9 0.2665
13.9167 0.2655
13.9333 0.2644
13.95 0.2634
13.9667 0.2623
13.9833 0.2612
14.0 0.2601
14.0167 0.259
14.0333 0.2577
14.05 0.2568
14.0667 0.2554
14.0833 0.2543
14.1 0.2532
14.1167 0.2522
14.1333 0.2511
14.15 0.2499
14.1667 0.2485
14.1833 0.2476
14.2 0.2464
14.2167 0.2452
14.2333 0.2438
14.25 0.2428
14.2667 0.2416
14.2833 0.2403
14.3 0.2391
14.3167 0.2379
14.3333 0.2366
14.35 0.2354
14.3667 0.2339
14.3833 0.2328
14.4 0.2316
14.4167 0.2303
14.4333 0.229
14.45 0.2277
14.4667 0.2264
14.4833 0.2251
14.5 0.2238
14.5167 0.2223
14.5333 0.2212
14.55 0.2199
14.5667 0.2186
14.5833 0.2172
14.6 0.2157
14.6167 0.2145
14.6333 0.2132
14.65 0.2118
14.6667 0.2105
14.6833 0.209
14.7 0.2078
14.7167 0.2065
14.7333 0.2051
14.75 0.2037
14.7667 0.2024
14.7833 0.201
14.8 0.1996
14.8167 0.1982
14.8333 0.1968
14.85 0.1955
14.8667 0.1941
14.8833 0.1927
14.9 0.1913
14.9167 0.1899
14.9333 0.1885
14.95 0.1871
14.9667 0.1857
14.9833 0.1843
15.0 0.1829
15.0167 0.1815
15.0333 0.1801
15.05 0.1787
15.0667 0.1773
15.0833 0.1759
15.1 0.1745
15.1167 0.1731
15.1333 0.1717
15.15 0.1703
15.1667 0.1689
15.1833 0.1673
15.2 0.1661
15.2167 0.1646
15.2333 0.1632
15.25 0.1618
15.2667 0.1604
15.2833 0.159
15.3 0.1576
15.3167 0.1562
15.3333 0.1548
15.35 0.1534
15.3667 0.152
15.3833 0.1507
15.4 0.1493
15.4167 0.1479
15.4333 0.1465
15.45 0.1451
15.4667 0.1436
15.4833 0.1423
15.5 0.141
15.5167 0.1396
15.5333 0.1382
15.55 0.1368
15.5667 0.1355
15.5833 0.1341
15.6 0.1327
15.6167 0.1314
15.6333 0.1301
15.65 0.1287
15.6667 0.1273
15.6833 0.126
15.7 0.1247
15.7167 0.1234
15.7333 0.122
15.75 0.1207
15.7667 0.1194
15.7833 0.1181
15.8 0.1168
15.8167 0.1155
15.8333 0.1141
15.85 0.1128
15.8667 0.1116
15.8833 0.1103
15.9 0.109
15.9167 0.1077
15.9333 0.1064
15.95 0.1052
15.9667 0.104
15.9833 0.1027
16.0 0.1015
16.0167 0.1002
16.0333 0.09899
16.05 0.09776
16.0667 0.09655
16.0833 0.09533
16.1 0.09413
16.1167 0.09293
16.1333 0.09173
16.15 0.09055
16.1667 0.08937
16.1833 0.0882
16.2 0.08701
16.2167 0.08587
16.2333 0.08471
16.25 0.08357
16.2667 0.08243
16.2833 0.08131
16.3 0.08018
16.3167 0.07906
16.3333 0.07796
16.35 0.07687
16.3667 0.07577
16.3833 0.07469
16.4 0.07361
16.4167 0.07255
16.4333 0.07149
16.45 0.07043
16.4667 0.06939
16.4833 0.06835
16.5 0.06732
16.5167 0.0663
16.5333 0.06529
16.55 0.06429
16.5667 0.06329
16.5833 0.06231
16.6 0.06133
16.6167 0.06036
16.6333 0.0594
16.65 0.05844
16.6667 0.0575
16.6833 0.05656
16.7 0.05564
16.7167 0.05472
16.7333 0.05381
16.75 0.05291
16.7667 0.05201
16.7833 0.05113
16.8 0.05026
16.8167 0.04939
16.8333 0.04853
16.85 0.04768
16.8667 0.04684
16.8833 0.04601
16.9 0.04519
16.9167 0.04438
16.9333 0.04357
16.95 0.04278
16.9667 0.04199
16.9833 0.04121
17.0 0.04045
17.0167 0.03969
17.0333 0.03894
17.05 0.03819
17.0667 0.03746
17.0833 0.03674
17.1 0.03602
17.1167 0.03532
17.1333 0.03462
17.15 0.03393
17.1667 0.03325
17.1833 0.03258
17.2 0.03191
17.2167 0.03126
17.2333 0.03062
17.25 0.02998
17.2667 0.02935
17.2833 0.02873
17.3 0.02812
17.3167 0.02752
17.3333 0.02693
17.35 0.02634
17.3667 0.02577
17.3833 0.0252
17.4 0.02464
17.4167 0.02409
17.4333 0.02355
17.45 0.02301
17.4667 0.02248
17.4833 0.02197
17.5 0.02146
17.5167 0.02095
17.5333 0.02046
17.55 0.01997
17.5667 0.0195
17.5833 0.01903
17.6 0.01856
17.6167 0.01811
17.6333 0.01766
17.65 0.01722
17.6667 0.01679
17.6833 0.01637
17.7 0.01595
17.7167 0.01554
17.7333 0.01514
17.75 0.01475
17.7667 0.01436
17.7833 0.01398
17.8 0.01361
17.8167 0.01324
17.8333 0.01288
17.85 0.01253
17.8667 0.01218
17.8833 0.01184
17.9 0.01151
17.9167 0.01118
17.9333 0.01086
17.95 0.01055
17.9667 0.01025
17.9833 0.009945
18.0 0.00965
18.0167 0.009362
18.0333 0.00908
18.05 0.008804
18.0667 0.008534
18.0833 0.00827
18.1 0.008011
18.1167 0.007758
18.1333 0.00751
18.15 0.007268
18.1667 0.007031
18.1833 0.0068
18.2 0.006574
18.2167 0.006353
18.2333 0.006137
18.25 0.005926
18.2667 0.00572
18.2833 0.005519
18.3 0.005323
18.3167 0.005131
18.3333 0.004944
18.35 0.004761
18.3667 0.004583
18.3833 0.00441
18.4 0.00424
18.4167 0.004075
18.4333 0.003914
18.45 0.003757
18.4667 0.003604
18.4833 0.003455
18.5 0.00331
18.5167 0.003169
18.5333 0.003032
18.55 0.002898
18.5667 0.002767
18.5833 0.002641
18.6 0.002518
18.6167 0.002398
18.6333 0.002282
18.65 0.002169
18.6667 0.002059
18.6833 0.001952
18.7 0.001849
18.7167 0.001749
18.7333 0.001652
18.75 0.001558
18.7667 0.001467
18.7833 0.001379
18.8 0.001294
18.8167 0.001212
18.8333 0.001133
18.85 0.001056
18.8667 0.0009826
18.8833 0.000912
18.9 0.0008439
18.9167 0.0007794
18.9333 0.0007174
18.95 0.0006583
18.9667 0.0006022
18.9833 0.0005492
