0 0.00000
1 0.00000
2 0.00000
3 0.00000
4 0.00000
5 0.01000
6 1.37000
7 6.01000
8 17.87000
9 29.69000
10 38.29000
11 43.80000
12 42.06000
13 38.01000
14 35.41000
15 10.12000
16 0.43000
17 0.18000
18 0.00000
19 0.00000
20 0.00000
21 0.00000
22 0.00000
23 0.00000
0 0.00000
1 0.00000
2 0.00000
3 0.00000
4 0.00000
5 0.01000
6 1.37000
7 6.01000
8 17.87000
9 29.69000
10 38.29000
11 43.80000
12 42.06000
13 38.01000
14 35.41000
15 10.12000
16 0.43000
17 0.18000
18 0.00000
19 0.00000
20 0.00000
21 0.00000
22 0.00000
23 0.00000
