0 0.00000
1 0.00000
2 0.00000
3 0.00000
4 0.00000
5 0.00000
6 0.77000
7 6.07000
8 14.76000
9 23.53000
10 32.46000
11 38.85000
12 43.31000
13 38.93000
14 30.79000
15 20.27000
16 11.43000
17 5.38000
18 1.61000
19 0.00000
20 0.00000
21 0.00000
22 0.00000
23 0.00000
0 0.00000
1 0.00000
2 0.00000
3 0.00000
4 0.00000
5 0.00000
6 0.77000
7 6.07000
8 14.76000
9 23.53000
10 32.46000
11 38.85000
12 43.31000
13 38.93000
14 30.79000
15 20.27000
16 11.43000
17 5.38000
18 1.61000
19 0.00000
20 0.00000
21 0.00000
22 0.00000
23 0.00000
