0 0.00000
1 0.00000
2 0.00000
3 0.00000
4 0.00000
5 0.00000
6 0.38000
7 5.75000
8 13.24000
9 21.06000
10 23.70000
11 34.05000
12 31.99000
13 29.49000
14 24.01000
15 16.36000
16 9.92000
17 4.91000
18 0.38000
19 0.00000
20 0.00000
21 0.00000
22 0.00000
23 0.00000
0 0.00000
1 0.00000
2 0.00000
3 0.00000
4 0.00000
5 0.00000
6 0.38000
7 5.75000
8 13.24000
9 21.06000
10 23.70000
11 34.05000
12 31.99000
13 29.49000
14 24.01000
15 16.36000
16 9.92000
17 4.91000
18 0.38000
19 0.00000
20 0.00000
21 0.00000
22 0.00000
23 0.00000
