0 0.00000
1 0.00000
2 0.00000
3 0.00000
4 0.00000
5 0.00000
6 0.00017
7 0.00280
8 0.02006
9 0.07037
10 0.15729
11 0.22113
12 0.23839
13 0.21664
14 0.15776
15 0.08728
16 0.03830
17 0.00816
18 0.00076
19 0.00000
20 0.00000
21 0.00000
22 0.00000
23 0.00000
0 0.00000
1 0.00000
2 0.00000
3 0.00000
4 0.00000
5 0.00000
6 0.00017
7 0.00280
8 0.02006
9 0.07037
10 0.15729
11 0.22113
12 0.23839
13 0.21664
14 0.15776
15 0.08728
16 0.03830
17 0.00816
18 0.00076
19 0.00000
20 0.00000
21 0.00000
22 0.00000
23 0.00000
