0 0.00000
1 0.00000
2 0.00000
3 0.00000
4 0.00000
5 0.00000
6 0.00000
7 0.00117
8 0.01061
9 0.04034
10 0.08704
11 0.11917
12 0.12132
13 0.11164
14 0.07107
15 0.03720
16 0.00985
17 0.00169
18 0.00012
19 0.00000
20 0.00000
21 0.00000
22 0.00000
23 0.00000
0 0.00000
1 0.00000
2 0.00000
3 0.00000
4 0.00000
5 0.00000
6 0.00000
7 0.00117
8 0.01061
9 0.04034
10 0.08704
11 0.11917
12 0.12132
13 0.11164
14 0.07107
15 0.03720
16 0.00985
17 0.00169
18 0.00012
19 0.00000
20 0.00000
21 0.00000
22 0.00000
23 0.00000
