0 0.00000
1 0.00000
2 0.00000
3 0.00000
4 0.00000
5 0.00000
6 0.00000
7 0.00396
8 0.02338
9 0.06757
10 0.13794
11 0.18854
12 0.20597
13 0.15729
14 0.10232
15 0.06092
16 0.02600
17 0.00431
18 0.00052
19 0.00000
20 0.00000
21 0.00000
22 0.00000
23 0.00000
0 0.00000
1 0.00000
2 0.00000
3 0.00000
4 0.00000
5 0.00000
6 0.00000
7 0.00396
8 0.02338
9 0.06757
10 0.13794
11 0.18854
12 0.20597
13 0.15729
14 0.10232
15 0.06092
16 0.02600
17 0.00431
18 0.00052
19 0.00000
20 0.00000
21 0.00000
22 0.00000
23 0.00000
