0 0.00000
1 0.00000
2 0.00000
3 0.00000
4 0.00000
5 0.00000
6 0.00012
7 0.00583
8 0.03008
9 0.07118
10 0.13339
11 0.19134
12 0.20906
13 0.18831
14 0.13724
15 0.05853
16 0.02367
17 0.00350
18 0.00000
19 0.00000
20 0.00000
21 0.00000
22 0.00000
23 0.00000
0 0.00000
1 0.00000
2 0.00000
3 0.00000
4 0.00000
5 0.00000
6 0.00012
7 0.00583
8 0.03008
9 0.07118
10 0.13339
11 0.19134
12 0.20906
13 0.18831
14 0.13724
15 0.05853
16 0.02367
17 0.00350
18 0.00000
19 0.00000
20 0.00000
21 0.00000
22 0.00000
23 0.00000
