0 0.00000
1 0.00000
2 0.00000
3 0.00000
4 0.00000
5 0.00000
6 0.00122
7 0.00857
8 0.01807
9 0.04116
10 0.06565
11 0.18942
12 0.19105
13 0.16890
14 0.23699
15 0.15170
16 0.08057
17 0.02787
18 0.00332
19 0.00029
20 0.00000
21 0.00000
22 0.00000
23 0.00000
0 0.00000
1 0.00000
2 0.00000
3 0.00000
4 0.00000
5 0.00000
6 0.00122
7 0.00857
8 0.01807
9 0.04116
10 0.06565
11 0.18942
12 0.19105
13 0.16890
14 0.23699
15 0.15170
16 0.08057
17 0.02787
18 0.00332
19 0.00029
20 0.00000
21 0.00000
22 0.00000
23 0.00000
