0 0.00000
1 0.00000
2 0.00000
3 0.00000
4 0.00000
5 0.00012
6 0.00058
7 0.01125
8 0.05154
9 0.12086
10 0.20073
11 0.16831
12 0.16890
13 0.11170
14 0.12272
15 0.10751
16 0.06483
17 0.02519
18 0.00332
19 0.00000
20 0.00000
21 0.00000
22 0.00000
23 0.00000
0 0.00000
1 0.00000
2 0.00000
3 0.00000
4 0.00000
5 0.00012
6 0.00058
7 0.01125
8 0.05154
9 0.12086
10 0.20073
11 0.16831
12 0.16890
13 0.11170
14 0.12272
15 0.10751
16 0.06483
17 0.02519
18 0.00332
19 0.00000
20 0.00000
21 0.00000
22 0.00000
23 0.00000
