0 0.00000
1 0.00000
2 0.00000
3 0.00000
4 0.00000
5 0.00000
6 0.00058
7 0.00787
8 0.04011
9 0.08867
10 0.13887
11 0.13666
12 0.18557
13 0.13724
14 0.03481
15 0.01597
16 0.04011
17 0.01452
18 0.00146
19 0.00000
20 0.00000
21 0.00000
22 0.00000
23 0.00000
0 0.00000
1 0.00000
2 0.00000
3 0.00000
4 0.00000
5 0.00000
6 0.00058
7 0.00787
8 0.04011
9 0.08867
10 0.13887
11 0.13666
12 0.18557
13 0.13724
14 0.03481
15 0.01597
16 0.04011
17 0.01452
18 0.00146
19 0.00000
20 0.00000
21 0.00000
22 0.00000
23 0.00000
