0 0.00000
1 0.00000
2 0.00000
3 0.00000
4 0.00000
5 0.00000
6 0.00000
7 0.00216
8 0.01930
9 0.06151
10 0.10086
11 0.19064
12 0.22096
13 0.12080
14 0.08599
15 0.05340
16 0.03626
17 0.01487
18 0.00140
19 0.00000
20 0.00000
21 0.00000
22 0.00000
23 0.00000
0 0.00000
1 0.00000
2 0.00000
3 0.00000
4 0.00000
5 0.00000
6 0.00000
7 0.00216
8 0.01930
9 0.06151
10 0.10086
11 0.19064
12 0.22096
13 0.12080
14 0.08599
15 0.05340
16 0.03626
17 0.01487
18 0.00140
19 0.00000
20 0.00000
21 0.00000
22 0.00000
23 0.00000
