0 0.00000
1 0.00000
2 0.00000
3 0.00000
4 0.00000
5 0.00000
6 0.00117
7 0.01195
8 0.04081
9 0.10797
10 0.18458
11 0.24195
12 0.26328
13 0.26282
14 0.22201
15 0.13916
16 0.07392
17 0.02863
18 0.00589
19 0.00041
20 0.00000
21 0.00000
22 0.00000
23 0.00000
0 0.00000
1 0.00000
2 0.00000
3 0.00000
4 0.00000
5 0.00000
6 0.00117
7 0.01195
8 0.04081
9 0.10797
10 0.18458
11 0.24195
12 0.26328
13 0.26282
14 0.22201
15 0.13916
16 0.07392
17 0.02863
18 0.00589
19 0.00041
20 0.00000
21 0.00000
22 0.00000
23 0.00000
