0 0.00000
1 0.00000
2 0.00000
3 0.00000
4 0.00000
5 0.00000
6 0.00000
7 0.00187
8 0.01487
9 0.03667
10 0.07754
11 0.11817
12 0.11538
13 0.10826
14 0.07416
15 0.04151
16 0.01388
17 0.00274
18 0.00000
19 0.00000
20 0.00000
21 0.00000
22 0.00000
23 0.00000
0 0.00000
1 0.00000
2 0.00000
3 0.00000
4 0.00000
5 0.00000
6 0.00000
7 0.00187
8 0.01487
9 0.03667
10 0.07754
11 0.11817
12 0.11538
13 0.10826
14 0.07416
15 0.04151
16 0.01388
17 0.00274
18 0.00000
19 0.00000
20 0.00000
21 0.00000
22 0.00000
23 0.00000
