0 0.00000
1 0.00000
2 0.00000
3 0.00000
4 0.00000
5 0.00000
6 0.00012
7 0.00525
8 0.02699
9 0.08034
10 0.15863
11 0.22271
12 0.23262
13 0.14079
14 0.11060
15 0.07812
16 0.03970
17 0.01230
18 0.00140
19 0.00000
20 0.00000
21 0.00000
22 0.00000
23 0.00000
0 0.00000
1 0.00000
2 0.00000
3 0.00000
4 0.00000
5 0.00000
6 0.00012
7 0.00525
8 0.02699
9 0.08034
10 0.15863
11 0.22271
12 0.23262
13 0.14079
14 0.11060
15 0.07812
16 0.03970
17 0.01230
18 0.00140
19 0.00000
20 0.00000
21 0.00000
22 0.00000
23 0.00000
