0 0.00000
1 0.00000
2 0.00000
3 0.00000
4 0.00000
5 0.00000
6 0.00070
7 0.01224
8 0.05527
9 0.11450
10 0.16307
11 0.24165
12 0.26626
13 0.22655
14 0.12138
15 0.12342
16 0.04338
17 0.01271
18 0.00047
19 0.00000
20 0.00000
21 0.00000
22 0.00000
23 0.00000
0 0.00000
1 0.00000
2 0.00000
3 0.00000
4 0.00000
5 0.00000
6 0.00070
7 0.01224
8 0.05527
9 0.11450
10 0.16307
11 0.24165
12 0.26626
13 0.22655
14 0.12138
15 0.12342
16 0.04338
17 0.01271
18 0.00047
19 0.00000
20 0.00000
21 0.00000
22 0.00000
23 0.00000
