0 0.00000
1 0.00000
2 0.00000
3 0.00000
4 0.00000
5 0.00000
6 0.00023
7 0.00589
8 0.03276
9 0.08961
10 0.16120
11 0.21752
12 0.25623
13 0.25372
14 0.19845
15 0.12727
16 0.05288
17 0.01434
18 0.00146
19 0.00000
20 0.00000
21 0.00000
22 0.00000
23 0.00000
0 0.00000
1 0.00000
2 0.00000
3 0.00000
4 0.00000
5 0.00000
6 0.00023
7 0.00589
8 0.03276
9 0.08961
10 0.16120
11 0.21752
12 0.25623
13 0.25372
14 0.19845
15 0.12727
16 0.05288
17 0.01434
18 0.00146
19 0.00000
20 0.00000
21 0.00000
22 0.00000
23 0.00000
