0 0.00000
1 0.00000
2 0.00000
3 0.00000
4 0.00000
5 0.00000
6 0.00000
7 0.00070
8 0.00863
9 0.03515
10 0.07684
11 0.12325
12 0.13794
13 0.12313
14 0.08797
15 0.02507
16 0.02495
17 0.00443
18 0.00041
19 0.00000
20 0.00000
21 0.00000
22 0.00000
23 0.00000
0 0.00000
1 0.00000
2 0.00000
3 0.00000
4 0.00000
5 0.00000
6 0.00000
7 0.00070
8 0.00863
9 0.03515
10 0.07684
11 0.12325
12 0.13794
13 0.12313
14 0.08797
15 0.02507
16 0.02495
17 0.00443
18 0.00041
19 0.00000
20 0.00000
21 0.00000
22 0.00000
23 0.00000
