0 0.00000
1 0.00000
2 0.00000
3 0.00000
4 0.00000
5 0.00000
6 0.00321
7 0.01149
8 0.04349
9 0.10640
10 0.18417
11 0.23337
12 0.20405
13 0.25955
14 0.20201
15 0.09369
16 0.06879
17 0.03306
18 0.00787
19 0.00064
20 0.00000
21 0.00000
22 0.00000
23 0.00000
0 0.00000
1 0.00000
2 0.00000
3 0.00000
4 0.00000
5 0.00000
6 0.00321
7 0.01149
8 0.04349
9 0.10640
10 0.18417
11 0.23337
12 0.20405
13 0.25955
14 0.20201
15 0.09369
16 0.06879
17 0.03306
18 0.00787
19 0.00064
20 0.00000
21 0.00000
22 0.00000
23 0.00000
