0 0.00000
1 0.00000
2 0.00000
3 0.00000
4 0.00000
5 0.00000
6 0.00000
7 0.00274
8 0.02006
9 0.06191
10 0.10774
11 0.13322
12 0.13561
13 0.11199
14 0.07626
15 0.04728
16 0.01708
17 0.00292
18 0.00000
19 0.00000
20 0.00000
21 0.00000
22 0.00000
23 0.00000
0 0.00000
1 0.00000
2 0.00000
3 0.00000
4 0.00000
5 0.00000
6 0.00000
7 0.00274
8 0.02006
9 0.06191
10 0.10774
11 0.13322
12 0.13561
13 0.11199
14 0.07626
15 0.04728
16 0.01708
17 0.00292
18 0.00000
19 0.00000
20 0.00000
21 0.00000
22 0.00000
23 0.00000
