0 0.00000
1 0.00000
2 0.00000
3 0.00000
4 0.00000
5 0.00087
6 0.00210
7 0.01096
8 0.02274
9 0.04046
10 0.10855
11 0.14091
12 0.18743
13 0.23349
14 0.14493
15 0.13386
16 0.03685
17 0.01236
18 0.00064
19 0.00000
20 0.00000
21 0.00000
22 0.00000
23 0.00000
0 0.00000
1 0.00000
2 0.00000
3 0.00000
4 0.00000
5 0.00087
6 0.00210
7 0.01096
8 0.02274
9 0.04046
10 0.10855
11 0.14091
12 0.18743
13 0.23349
14 0.14493
15 0.13386
16 0.03685
17 0.01236
18 0.00064
19 0.00000
20 0.00000
21 0.00000
22 0.00000
23 0.00000
