0 0.00000
1 0.00000
2 0.00000
3 0.00000
4 0.00000
5 0.00000
6 0.00000
7 0.00280
8 0.01708
9 0.05072
10 0.09555
11 0.14540
12 0.15904
13 0.13392
14 0.08932
15 0.04711
16 0.01732
17 0.00373
18 0.00012
19 0.00000
20 0.00000
21 0.00000
22 0.00000
23 0.00000
0 0.00000
1 0.00000
2 0.00000
3 0.00000
4 0.00000
5 0.00000
6 0.00000
7 0.00280
8 0.01708
9 0.05072
10 0.09555
11 0.14540
12 0.15904
13 0.13392
14 0.08932
15 0.04711
16 0.01732
17 0.00373
18 0.00012
19 0.00000
20 0.00000
21 0.00000
22 0.00000
23 0.00000
