0 0.00000
1 0.00000
2 0.00000
3 0.00000
4 0.00000
5 0.00000
6 0.00274
7 0.00793
8 0.01329
9 0.04034
10 0.08617
11 0.10576
12 0.19496
13 0.14330
14 0.10914
15 0.07970
16 0.04268
17 0.00758
18 0.00367
19 0.00140
20 0.00000
21 0.00000
22 0.00000
23 0.00000
0 0.00000
1 0.00000
2 0.00000
3 0.00000
4 0.00000
5 0.00000
6 0.00274
7 0.00793
8 0.01329
9 0.04034
10 0.08617
11 0.10576
12 0.19496
13 0.14330
14 0.10914
15 0.07970
16 0.04268
17 0.00758
18 0.00367
19 0.00140
20 0.00000
21 0.00000
22 0.00000
23 0.00000
