0 0.00000
1 0.00000
2 0.00000
3 0.00000
4 0.00000
5 0.00000
6 0.00070
7 0.00618
8 0.02728
9 0.07212
10 0.12173
11 0.14791
12 0.18195
13 0.16691
14 0.11497
15 0.05620
16 0.02093
17 0.00443
18 0.00157
19 0.00000
20 0.00000
21 0.00000
22 0.00000
23 0.00000
0 0.00000
1 0.00000
2 0.00000
3 0.00000
4 0.00000
5 0.00000
6 0.00070
7 0.00618
8 0.02728
9 0.07212
10 0.12173
11 0.14791
12 0.18195
13 0.16691
14 0.11497
15 0.05620
16 0.02093
17 0.00443
18 0.00157
19 0.00000
20 0.00000
21 0.00000
22 0.00000
23 0.00000
