0 0.00000
1 0.00000
2 0.00000
3 0.00000
4 0.00000
5 0.00000
6 0.00000
7 0.00262
8 0.01463
9 0.04839
10 0.10028
11 0.14540
12 0.16132
13 0.14120
14 0.08535
15 0.05678
16 0.01691
17 0.00326
18 0.00064
19 0.00000
20 0.00000
21 0.00000
22 0.00000
23 0.00000
0 0.00000
1 0.00000
2 0.00000
3 0.00000
4 0.00000
5 0.00000
6 0.00000
7 0.00262
8 0.01463
9 0.04839
10 0.10028
11 0.14540
12 0.16132
13 0.14120
14 0.08535
15 0.05678
16 0.01691
17 0.00326
18 0.00064
19 0.00000
20 0.00000
21 0.00000
22 0.00000
23 0.00000
