0 0.00000
1 0.00000
2 0.00000
3 0.00000
4 0.00000
5 0.00000
6 0.00006
7 0.00169
8 0.01347
9 0.04477
10 0.08792
11 0.13252
12 0.15269
13 0.14464
14 0.10022
15 0.05119
16 0.01592
17 0.00292
18 0.00000
19 0.00000
20 0.00000
21 0.00000
22 0.00000
23 0.00000
0 0.00000
1 0.00000
2 0.00000
3 0.00000
4 0.00000
5 0.00000
6 0.00006
7 0.00169
8 0.01347
9 0.04477
10 0.08792
11 0.13252
12 0.15269
13 0.14464
14 0.10022
15 0.05119
16 0.01592
17 0.00292
18 0.00000
19 0.00000
20 0.00000
21 0.00000
22 0.00000
23 0.00000
