0 0.00000
1 0.00000
2 0.00000
3 0.00000
4 0.00000
5 0.00000
6 0.00140
7 0.01079
8 0.03720
9 0.09981
10 0.16814
11 0.20376
12 0.24364
13 0.24253
14 0.18178
15 0.13187
16 0.05241
17 0.00466
18 0.00233
19 0.00029
20 0.00000
21 0.00000
22 0.00000
23 0.00000
0 0.00000
1 0.00000
2 0.00000
3 0.00000
4 0.00000
5 0.00000
6 0.00140
7 0.01079
8 0.03720
9 0.09981
10 0.16814
11 0.20376
12 0.24364
13 0.24253
14 0.18178
15 0.13187
16 0.05241
17 0.00466
18 0.00233
19 0.00029
20 0.00000
21 0.00000
22 0.00000
23 0.00000
