0 0.00000
1 0.00000
2 0.00000
3 0.00000
4 0.00000
5 0.00000
6 0.00006
7 0.00198
8 0.00542
9 0.01866
10 0.05381
11 0.08605
12 0.09672
13 0.13730
14 0.11083
15 0.05230
16 0.02793
17 0.00979
18 0.00239
19 0.00000
20 0.00000
21 0.00000
22 0.00000
23 0.00000
0 0.00000
1 0.00000
2 0.00000
3 0.00000
4 0.00000
5 0.00000
6 0.00006
7 0.00198
8 0.00542
9 0.01866
10 0.05381
11 0.08605
12 0.09672
13 0.13730
14 0.11083
15 0.05230
16 0.02793
17 0.00979
18 0.00239
19 0.00000
20 0.00000
21 0.00000
22 0.00000
23 0.00000
