0 0.00000
1 0.00000
2 0.00000
3 0.00000
4 0.00000
5 0.00000
6 0.00058
7 0.00770
8 0.03620
9 0.08238
10 0.14977
11 0.22457
12 0.22842
13 0.19122
14 0.18324
15 0.12196
16 0.05428
17 0.01860
18 0.00297
19 0.00000
20 0.00000
21 0.00000
22 0.00000
23 0.00000
0 0.00000
1 0.00000
2 0.00000
3 0.00000
4 0.00000
5 0.00000
6 0.00058
7 0.00770
8 0.03620
9 0.08238
10 0.14977
11 0.22457
12 0.22842
13 0.19122
14 0.18324
15 0.12196
16 0.05428
17 0.01860
18 0.00297
19 0.00000
20 0.00000
21 0.00000
22 0.00000
23 0.00000
