0 0.00000
1 0.00000
2 0.00000
3 0.00000
4 0.00000
5 0.00000
6 0.00023
7 0.01201
8 0.05329
9 0.11648
10 0.12476
11 0.20562
12 0.17059
13 0.15321
14 0.05189
15 0.02950
16 0.02379
17 0.00496
18 0.00000
19 0.00000
20 0.00000
21 0.00000
22 0.00000
23 0.00000
0 0.00000
1 0.00000
2 0.00000
3 0.00000
4 0.00000
5 0.00000
6 0.00023
7 0.01201
8 0.05329
9 0.11648
10 0.12476
11 0.20562
12 0.17059
13 0.15321
14 0.05189
15 0.02950
16 0.02379
17 0.00496
18 0.00000
19 0.00000
20 0.00000
21 0.00000
22 0.00000
23 0.00000
