0 0.00000
1 0.00000
2 0.00000
3 0.00000
4 0.00000
5 0.00000
6 0.00070
7 0.00898
8 0.04104
9 0.11695
10 0.19472
11 0.24428
12 0.23635
13 0.22760
14 0.18248
15 0.08757
16 0.02577
17 0.00210
18 0.00000
19 0.00000
20 0.00000
21 0.00000
22 0.00000
23 0.00000
0 0.00000
1 0.00000
2 0.00000
3 0.00000
4 0.00000
5 0.00000
6 0.00070
7 0.00898
8 0.04104
9 0.11695
10 0.19472
11 0.24428
12 0.23635
13 0.22760
14 0.18248
15 0.08757
16 0.02577
17 0.00210
18 0.00000
19 0.00000
20 0.00000
21 0.00000
22 0.00000
23 0.00000
