10 1.0111290303453087
10.016666666666667 1.0160574493670884
10.033333333333335 1.0227428046697038
10.050000000000002 1.0318966488162344
10.06666666666667 1.01508662109375
10.083333333333337 1.0120108276243094
10.100000000000005 1.0083638008752736
10.116666666666672 1.0104187134344529
10.13333333333334 1.0111947296137338
10.150000000000007 1.0076601519659933
10.166666666666675 1.0297228642105263
10.183333333333342 1.0068116246089676
10.20000000000001 1.0093820020661157
10.216666666666677 1.0094374393613752
10.233333333333345 1.0092133020590324
10.250000000000012 1.0132300663249925
10.26666666666668 1.0295557619521911
10.283333333333347 1.0318098864758145
10.300000000000015 1.0408047974559687
10.316666666666682 1.0507628845780794
10.33333333333335 1.0388934389423077
10.350000000000017 1.0393386005719734
10.366666666666685 1.031588974480151
10.383333333333352 1.0423712361761948
10.40000000000002 1.0438495051115242
10.416666666666687 1.044238786175115
10.433333333333355 1.0403988359232177
10.450000000000022 1.0334802728921124
10.46666666666669 1.040072431593159
10.483333333333357 1.0507918901785713
10.500000000000025 1.0500876789193976
10.516666666666692 1.0570062693321618
10.53333333333336 1.055760885353095
10.550000000000027 1.0649474415584415
10.566666666666695 1.0666355025773195
10.583333333333362 1.066820750639386
10.60000000000003 1.0655375139593908
10.616666666666697 1.065168018907563
10.633333333333365 1.0562093407005837
10.650000000000032 1.0727202367549669
10.6666666666667 1.0756356476151314
10.683333333333367 1.0790467457142856
10.700000000000035 1.0631470437956205
10.716666666666702 1.0759010072463768
10.73333333333337 1.0583897651999998
10.750000000000037 1.0195263922893483
10.766666666666705 0.9393597170481451
10.783333333333372 0.8759450047058823
10.80000000000004 0.9321461235385815
10.816666666666707 1.0110220843653248
10.833333333333375 1.0171322494226327
10.850000000000042 0.9902664942660548
10.86666666666671 0.9943392241641338
10.883333333333377 1.0262767669939579
10.900000000000045 1.0717038648648647
10.916666666666712 1.0627199395522386
10.93333333333338 1.0487019525222552
10.950000000000047 1.0233510431415929
10.966666666666715 1.061802435483871
10.983333333333382 1.03751257106414
11.00000000000005 0.9882760986221899
11.016666666666717 0.9417739963950973
11.033333333333385 0.8889912761836442
11.050000000000052 0.8843304639800285
11.06666666666672 0.8209193857345635
11.083333333333387 0.9548452537050106
11.100000000000055 1.0345012615870788
11.116666666666722 1.0476752493016759
11.13333333333339 1.0510061560111188
11.150000000000057 1.052308023858921
11.166666666666725 1.0520076121816928
11.183333333333392 1.0517100811643836
11.20000000000006 1.0494471840490798
11.216666666666727 1.0507317252374488
11.233333333333395 1.0531738835246454
11.250000000000062 1.059085835685484
11.26666666666673 1.05142302541806
11.283333333333397 1.0599160443037974
11.300000000000065 1.0526983776525198
11.316666666666732 1.0511964689564066
11.3333333333334 1.050155272189349
11.350000000000067 1.0558614459724949
11.366666666666735 1.0529255446544978
11.383333333333402 1.063072534090909
11.40000000000007 1.0589467674644244
11.416666666666737 1.0529924903350514
11.433333333333405 1.0585742002567393
11.450000000000072 1.0530362647058822
11.46666666666674 1.0556326146496815
11.483333333333407 1.0563771157994923
11.500000000000075 1.0552278074003796
11.516666666666742 1.0628242802648171
11.53333333333341 1.0650415988700566
11.550000000000077 1.0671297493742176
11.566666666666745 1.0504721734248283
11.583333333333412 1.0591164676817901
11.60000000000008 1.0694314210037175
11.616666666666747 1.0696955086473132
11.633333333333415 1.0671132829433496
11.650000000000082 1.0695098314917126
11.66666666666675 1.0704263505817513
11.700000000000085 1.066020121424224
11.73333333333342 1.0416858777239708
11.750000000000087 1.0448156650573326
11.766666666666755 1.0454285373269114
11.783333333333422 1.0474257837837837
11.80000000000009 1.0556414298981427
11.816666666666757 1.0593305639569635
11.833333333333425 1.0588699239713775
11.850000000000092 1.0518844336704343
11.86666666666676 1.0367069955489612
11.883333333333427 1.0441669396092361
11.900000000000095 1.0348070851063829
11.916666666666762 1.036041788495575
11.93333333333343 1.0414200565038259
11.950000000000097 1.0541146428571428
11.966666666666764 1.0554256371629542
11.983333333333432 1.0602755409836067
12.0000000000001 1.060496726635514
12.016666666666767 1.063355683381924
12.033333333333434 1.0553905457192778
12.050000000000102 1.0438133101744185
12.06666666666677 1.0349576273940801
12.083333333333437 1.0237146939130435
12.100000000000104 1.0242767057291666
12.116666666666772 1.0407838942196532
12.13333333333344 1.0489176322170901
12.150000000000107 1.056309668205424
12.166666666666774 1.048435288184438
12.183333333333442 1.035660912255466
12.20000000000011 1.0187938826912017
12.216666666666777 1.0255840769672602
12.233333333333444 1.0472675912220308
12.250000000000112 1.0444126383954155
12.26666666666678 1.039845587628866
12.283333333333447 1.0329699127074985
12.300000000000114 1.0452630583524025
12.316666666666782 1.0529780322857143
12.33333333333345 1.046378358
12.350000000000117 1.032259163335237
12.366666666666784 1.0257370479452055
12.383333333333452 1.0389875134055901
12.40000000000012 1.0571055581859667
12.416666666666787 1.065392117445838
12.433333333333454 1.0518936388255415
12.450000000000122 1.0551859506841503
12.46666666666679 1.0690626230769231
12.483333333333457 1.0894633256410258
12.500000000000124 1.1128014082098059
12.516666666666792 1.1137891017673889
12.53333333333346 0.9955951060433295
12.550000000000127 1.0453090151083237
12.566666666666794 1.0851061728465488
12.583333333333462 1.0828002398745007
12.60000000000013 1.0824294554794518
12.616666666666797 1.078430499714449
12.633333333333464 1.1140250194285715
12.650000000000132 1.1123507624356777
12.6666666666668 1.1073709771167046
12.683333333333467 1.1113103508872353
12.700000000000134 1.1155849768041237
12.716666666666802 1.1109041757454128
12.73333333333347 1.1175050886402753
12.750000000000137 1.1254226303848363
12.766666666666804 1.130369744680851
12.783333333333472 1.130341450777202
12.80000000000014 1.1293145818443804
12.816666666666807 1.1216209284477785
12.833333333333474 1.1125750736568456
12.850000000000142 1.1105221153846154
12.86666666666681 1.1094675373480023
12.883333333333477 1.1194372117169373
12.900000000000144 1.1113475905923345
12.916666666666812 1.1014983151920836
12.93333333333348 1.0994492332556784
12.950000000000147 1.0912661543173863
12.966666666666814 1.1103923056691993
12.983333333333482 1.1126807415105384
13.00000000000015 1.0675602158357769
13.016666666666817 1.0901005211640211
13.033333333333484 1.0723013189045936
13.050000000000152 1.104520709734513
13.06666666666682 1.1146463489059726
13.083333333333487 1.1012326768364926
13.100000000000154 1.0602980273159144
13.116666666666822 1.04185483125
13.13333333333349 1.0071295909904534
13.150000000000157 1.019900322667464
13.166666666666824 1.0400026294964029
13.183333333333492 1.0303563001802885
13.20000000000016 1.0251858496987951
13.216666666666827 1.0217339945652175
13.233333333333494 1.0542090254391276
13.250000000000162 1.0588730601092895
13.26666666666683 1.0406444387941534
13.283333333333497 0.99055587782529
13.300000000000164 1.0137597104779412
13.316666666666832 0.9900018160319409
13.3333333333335 0.9873588493530498
13.350000000000167 1.0136088133498145
13.366666666666834 1.0406666919975183
13.383333333333502 1.065824809583074
13.400000000000169 1.0612210337078651
13.416666666666837 1.0547804417658107
13.433333333333504 1.072550774670019
13.450000000000172 1.0758822331230282
13.466666666666839 1.0814798534810126
13.483333333333507 1.080099171537484
13.500000000000174 1.0945441951530612
13.516666666666842 1.1179729935979512
13.533333333333509 1.1192920263665593
13.550000000000177 1.124020332580645
13.566666666666844 1.1302583374352329
13.583333333333512 1.1219017178153445
13.600000000000179 1.121018434073107
13.616666666666847 1.135630838360656
13.633333333333514 1.1370752182356814
13.650000000000182 1.1515079415069398
13.666666666666849 1.1606947081673304
13.683333333333517 1.159177791
13.700000000000184 1.1607447900200938
13.716666666666852 1.1526113519515477
13.733333333333519 1.1721226795131845
13.750000000000187 1.1643582961956522
13.766666666666854 1.167162533447099
13.783333333333522 1.1458333672839502
13.800000000000189 1.1139508811164713
13.816666666666857 1.1161516319252076
13.833333333333524 1.1481113956158664
13.850000000000191 1.147270301748252
13.866666666666859 1.1622527658227848
13.883333333333526 1.1814699593639577
13.900000000000194 1.1762700724431816
13.916666666666861 1.1743295432142855
13.933333333333529 1.1827379644396552
13.950000000000196 1.1778750812274368
13.966666666666864 1.1775889411764706
13.983333333333531 1.1760339970781593
14.000000000000199 1.1689346002202645
14.016666666666866 1.1741351842688332
14.033333333333534 1.1656686965081724
14.050000000000201 1.168322384529148
14.066666666666869 1.16492934924812
14.083333333333536 1.1689211301059002
14.100000000000204 1.1663693767123289
14.116666666666871 1.1704188824655435
14.133333333333539 1.1758529849768873
14.150000000000206 1.1755509821567107
14.166666666666874 1.1815400480093676
14.183333333333541 1.176717259230165
14.200000000000209 1.1722899699604743
14.216666666666876 1.172414271496815
14.233333333333544 1.1577193052884613
14.250000000000211 1.1526126065375302
14.266666666666879 1.1464990625507716
14.283333333333546 1.1469094357610474
14.300000000000214 1.1482835263591435
14.316666666666881 1.1506299348547717
14.333333333333549 1.1496362443609023
14.350000000000216 1.1286942954545454
14.366666666666884 1.131432709923664
14.383333333333551 1.1253543663535441
14.400000000000219 1.115682889414802
14.416666666666886 1.114374750650477
14.433333333333554 1.1261703815559438
14.450000000000221 1.1462936471365637
14.466666666666889 1.15955457364685
14.483333333333556 1.1652734382826475
14.500000000000224 1.1695229837691614
14.516666666666891 1.165967455909091
14.533333333333559 1.16499979055912
14.550000000000226 1.169353102125693
14.566666666666894 1.1710885219012115
14.583333333333561 1.1912721929577466
14.600000000000229 1.1954097528409091
14.616666666666896 1.1869328252148998
14.633333333333564 1.1955551575144507
14.650000000000231 1.214429860058309
14.666666666666899 1.220050080882353
14.683333333333566 1.2218382133663364
14.700000000000234 1.22583022005988
14.716666666666901 1.2291702221214869
14.733333333333569 1.224814996441281
14.750000000000236 1.22414951672481
14.766666666666904 1.2349613167978457
14.783333333333571 1.2308847883127745
14.800000000000239 1.2309966547066273
14.816666666666906 1.2415698774770934
14.833333333333574 1.2455145842297761
14.850000000000241 1.2476545877688463
14.866666666666909 1.2504703170250109
14.883333333333576 1.2463045446487921
14.900000000000244 1.2401161688675022
14.916666666666911 1.234454676124802
14.933333333333579 1.2339529197121972
14.950000000000246 1.2441025738518348
14.966666666666914 1.246912927597062
14.983333333333581 1.2538642489396794
15.000000000000249 1.250110963324601
15.016666666666916 1.250296339511373
15.033333333333584 1.2568084105839417
15.050000000000251 1.2542303148444227
15.066666666666919 1.2571833849309957
15.083333333333586 1.2596342123459894
15.100000000000254 1.2663848684210528
15.116666666666921 1.2658638563898175
15.133333333333589 1.2578215377113133
15.150000000000256 1.269936009469946
15.166666666666924 1.264059371257485
15.183333333333591 1.260206383279483
15.200000000000259 1.258450558430945
15.216666666666926 1.2616021054445208
15.233333333333594 1.2541820693262657
15.250000000000261 1.2588112325285896
15.266666666666929 1.2594276246962983
15.283333333333596 1.2623834440104165
15.300000000000264 1.2628752739124067
15.316666666666931 1.2556707490358945
15.333333333333599 1.2897268256233103
15.350000000000266 1.2897127065267
15.366666666666934 1.2830722696456085
15.383333333333601 1.2863750085857006
15.400000000000269 1.2813419492329592
15.416666666666936 1.2852233832719113
15.433333333333604 1.2901457769118363
15.450000000000271 1.304703586473589
15.466666666666939 1.2936517506255212
15.483333333333606 1.28891170104836
15.500000000000274 1.3016369943435036
15.516666666666941 1.2966513347236706
15.533333333333609 1.2966138367994362
15.550000000000276 1.3035683726541551
15.566666666666944 1.302346892675852
15.583333333333611 1.3000278020967444
15.600000000000279 1.3124842078746035
15.616666666666946 1.307565153351003
15.633333333333614 1.3147045677233429
15.650000000000281 1.3085450136505459
15.666666666666949 1.318824680387888
15.683333333333616 1.3238798101265823
15.700000000000284 1.318218295593635
15.716666666666951 1.314501198218724
15.733333333333618 1.314312501051746
15.750000000000286 1.317819576923077
15.766666666666953 1.332433697634035
15.783333333333621 1.3510413704520396
15.800000000000288 1.326256525879453
15.816666666666956 1.324029600409836
15.833333333333623 1.3284116431381625
15.850000000000291 1.308174675370501
15.866666666666958 1.351852220229555
15.916666666666961 1.3565351634808855
15.933333333333628 1.3251264658480428
15.950000000000296 1.3121619456012492
15.966666666666963 1.353448828125
15.983333333333631 1.3600379708973322
