0 0.00000
1 0.00000
2 0.00000
3 0.00000
4 0.00000
5 0.00000
6 1.29000
7 5.68000
8 10.76000
9 19.35000
10 39.04000
11 53.04000
12 55.08000
13 23.79000
14 20.33000
15 4.23000
16 3.61000
17 4.22000
18 1.17000
19 0.00000
20 0.00000
21 0.00000
22 0.00000
23 0.00000
0 0.00000
1 0.00000
2 0.00000
3 0.00000
4 0.00000
5 0.00000
6 1.29000
7 5.68000
8 10.76000
9 19.35000
10 39.04000
11 53.04000
12 55.08000
13 23.79000
14 20.33000
15 4.23000
16 3.61000
17 4.22000
18 1.17000
19 0.00000
20 0.00000
21 0.00000
22 0.00000
23 0.00000
