0 0.00000
1 0.00000
2 0.00000
3 0.00000
4 0.00000
5 0.00000
6 2.00000
7 9.41000
8 21.00000
9 33.00000
10 45.80000
11 51.82000
12 35.04000
13 21.25000
14 46.67000
15 34.63000
16 26.42000
17 9.25000
18 2.00000
19 0.00000
20 0.00000
21 0.00000
22 0.00000
23 0.00000
0 0.00000
1 0.00000
2 0.00000
3 0.00000
4 0.00000
5 0.00000
6 2.00000
7 9.41000
8 21.00000
9 33.00000
10 45.80000
11 51.82000
12 35.04000
13 21.25000
14 46.67000
15 34.63000
16 26.42000
17 9.25000
18 2.00000
19 0.00000
20 0.00000
21 0.00000
22 0.00000
23 0.00000
