0 0.00000
1 0.00000
2 0.00000
3 0.00000
4 0.00000
5 0.06000
6 1.42000
7 6.02000
8 12.74000
9 21.44000
10 29.11000
11 31.44000
12 31.73000
13 25.86000
14 19.05000
15 10.26000
16 8.17000
17 6.64000
18 1.50000
19 0.53000
20 0.00000
21 0.00000
22 0.00000
23 0.00000
0 0.00000
1 0.00000
2 0.00000
3 0.00000
4 0.00000
5 0.06000
6 1.42000
7 6.02000
8 12.74000
9 21.44000
10 29.11000
11 31.44000
12 31.73000
13 25.86000
14 19.05000
15 10.26000
16 8.17000
17 6.64000
18 1.50000
19 0.53000
20 0.00000
21 0.00000
22 0.00000
23 0.00000
