10.0 8.693230479474053
10.0166664 7.700718757227581
10.0333328 7.99878200999524
10.0499992 9.028409048348065
10.0666656 6.15270210280431
10.0833321 7.159407872427565
10.0999985 7.120743352592665
10.1166649 7.4325123217608065
10.1333313 6.907628721306256
10.1499977 8.374426467930972
10.1666641 7.527527680694571
10.1833305 7.271279727877912
10.1999969 7.021844866864339
10.2166634 7.078526717804198
10.2333298 7.159108107067384
10.2499962 6.931687908902381
10.2666626 7.239423052072495
10.283329 7.328151730310199
10.2999954 7.627492267781534
10.3166618 6.888127815331423
10.3333282 6.676144299554743
10.3499947 7.4860470048949415
10.3666611 8.05030600103935
10.3833275 6.590678553217195
10.3999939 6.66743580565303
10.4166603 6.253042520176226
10.4333267 7.329105286488617
10.4499931 6.843892347124565
10.4666595 6.415148866444984
10.483326 6.05252523130275
10.4999924 7.032329606221732
10.5166588 6.203169027844389
10.5333252 6.693600008076225
10.5499916 6.4781448913393245
10.566658 6.181642605710478
10.5833244 7.540432434860526
10.5999908 6.735451653811496
10.6166573 6.7724246815529
10.6333237 6.992117777966124
10.6499901 6.882162331399062
10.6666565 6.677364843765766
10.6833229 7.792661434617025
10.6999893 7.676656289478193
10.7166557 7.231399165286806
10.7333221 7.123415198958363
10.7499886 7.971358726720826
10.766655 8.500289507359795
10.7833214 8.931724808372671
10.7999878 8.71661647991786
10.8166542 8.735982637890993
10.8333206 8.846302394441574
10.849987 9.035517102502608
10.8666534 10.488577777143139
10.8833199 10.264007877535422
10.8999863 10.043619078275722
10.9166527 11.25214207043355
10.9333191 9.093667997364248
10.9499855 9.10931066421994
10.9666519 8.6060598892528
10.9833183 8.710050936231584
10.9999847 5.414362104147561
11.0166512 6.0165314623771895
11.0333176 5.848449245182294
11.049984 6.751259435969143
11.0666504 7.7810185287632265
11.0833168 7.444077235705544
11.0999832 9.413815126711604
11.1166496 7.9226900810143706
11.133316 9.723286571243873
11.1499825 9.111041894410892
11.1666489 10.626392368208668
11.1833153 8.855829011476638
11.1999817 8.240421625262917
11.2166481 6.957150846131163
11.2333145 6.380604649420128
11.2499809 7.41434913096684
11.2666473 7.505367523581182
11.2833138 9.000389092802864
11.2999802 8.74283706861065
11.3166466 8.682005542137663
11.333313 8.574032851825502
11.3499794 7.853345167575027
11.3666458 7.613062573279645
11.3833122 7.440447674345154
11.3999786 8.360960661091307
11.4166451 9.66601589794456
11.4333115 9.150567962151847
11.4499779 7.937931083342835
11.4666443 7.31685023804617
11.4833107 7.223658904131465
11.4999771 7.7270541861002195
11.5166435 7.427420576714794
11.5333099 7.0716259129248185
11.5499763 6.955076980051953
11.5666428 7.099492208261035
11.5833092 7.286277100637053
11.5999756 7.1698786908265335
11.616642 7.3548953861189075
11.6333084 7.770996169642132
11.6499748 7.78165041861445
11.6666412 8.264974118367565
11.6833076 8.679249898454303
11.6999741 8.8587413854092
11.7166405 9.098358164378551
11.7333069 7.967815214296303
11.7499733 8.315067909111756
11.7666397 9.319565674119652
11.7833061 8.660170779064993
11.7999725 8.305752759132355
11.8166389 8.875730553480764
11.8333054 8.58038692273373
11.8499718 9.383791916696147
11.8666382 7.477261162437611
11.8833046 7.707281786232106
11.899971 8.674216992440142
11.9166374 9.33501333104699
11.9333038 8.181659734391737
11.9499702 8.957161698299835
11.9666367 9.184346259378676
11.9833031 9.222491556826364
11.9999695 8.367198701301026
12.0166359 9.25736390703596
12.0333023 9.967985813031225
12.0499687 10.916816918700665
12.0666351 10.617532195200575
12.0833015 11.799925058813459
12.099968 10.910908830806164
12.1166344 11.00392989459957
12.1333008 11.721758186890108
12.1499672 12.68051256136673
12.1666336 13.069760497956645
12.1833 12.271375541222339
12.1999664 10.685162605879958
12.2166328 9.928333695975224
12.2332993 8.965009919332429
12.2499657 9.096921916681131
12.2666321 8.060736100518499
12.2832985 8.94474186296183
12.2999649 9.999070554776726
12.3166313 9.53667965262874
12.3332977 9.999867111559617
12.3499641 9.359942748168645
12.3666306 9.820363534668063
12.383297 9.574642912612884
12.3999634 9.363223797919792
12.4166298 9.337351792174264
12.4332962 8.017935868723283
12.4499626 7.995737712730631
12.466629 7.291273337640923
12.4832954 8.50368201932079
12.4999619 9.430887937994434
12.5166283 8.86106989031549
12.5332947 9.289512416599898
12.5499611 8.989428169918295
12.5666275 8.305870780699275
12.5832939 8.42654765643426
12.5999603 8.66080725752554
12.6166267 8.60756327172439
12.6332932 8.994070897515805
12.6499596 9.475173713332353
12.666626 9.651234683379128
12.6832924 9.712018180228293
12.6999588 7.819779163666928
12.7166252 7.3610402493328415
12.7332916 8.088387712894592
12.749958 8.500652714573448
12.7666245 8.088387712894592
12.7832909 9.090262930785062
12.7999573 9.509987622019295
12.8166237 9.356987290029043
12.8332901 9.894368062953012
12.8499565 10.320315225987727
12.8666229 10.531925972741014
12.8832893 10.805907375647957
12.8999557 10.353814483523832
12.9166222 10.627064112595175
12.9332886 9.712018180228293
12.949955 9.267704656504781
12.9666214 10.17049944616225
12.9832878 10.656037226804175
12.9999542 11.508784685735726
13.0166206 11.076830409193931
13.033287 11.444012815348641
13.0499535 11.75316624508833
13.0666199 11.418166816290645
13.0832863 11.296727698111615
13.0999527 11.881413112792846
13.1166191 11.327093893952735
13.1332855 10.600241887384941
13.1499519 8.901764681322327
13.1666183 10.41852981467325
13.1832848 9.721723767150824
13.1999512 10.231344289533874
13.2166176 9.994543861899285
13.233284 10.508583627345049
13.2499504 10.442343646724687
13.2666168 9.144012008660555
13.2832832 9.535893272421875
13.2999496 9.353735202336786
13.3166161 8.60040598412614
13.3332825 8.155131920879247
13.3499489 7.242457855293521
13.3666153 6.0361894868582775
13.3832817 6.7126032135475615
13.3999481 5.874870395690139
13.4166145 7.070567315323377
13.4332809 7.706204723979622
13.4499474 8.89991555020806
13.4666138 9.353408649737554
13.4832802 9.043629327511649
13.4999466 8.951731618522746
13.516613 8.820515046230629
13.5332794 9.491771435018745
13.5499458 10.68319672774142
13.5666122 10.365693436969794
13.5832787 9.99068095392331
13.5999451 10.401447565851466
13.6166115 10.204085769415688
13.6332779 8.324976398735693
13.6499443 8.595186558514625
13.6666107 7.906666291987941
13.6832771 7.370917540940396
13.6999435 6.729757405254255
13.71661 7.444619726812597
13.7332764 7.655770045447106
13.7499428 8.17414164163181
13.7666092 8.069154806696599
13.7832756 6.964686110069679
13.799942 6.738168351723795
13.8166084 5.921216152267727
13.8332748 5.537668214485302
13.8499413 5.950639134372866
13.8666077 7.184114758355618
13.8832741 6.88780636957068
13.8999405 9.00980658512563
13.9166069 10.50853550271924
13.9332733 12.493415591599366
13.9499397 11.690351435727067
13.9666061 10.78366401899555
13.9832726 9.207350701713022
13.999939 1.5056215887922875
14.0166054 1.4156197414270715
14.0332718 2.0681704686841345
14.0499382 0.018097635182595218
14.0666046 0.25195446160503193
14.083271 1.6287823639724603
14.0999374 2.5790065682227077
14.1166039 4.527231677683779
14.1332703 5.615923312944473
14.1499367 4.919431831248493
14.1666031 5.135490977430713
14.1832695 6.118634311473241
14.1999359 7.415245254834627
14.2166023 7.737397365422484
14.2332687 7.986800846320062
14.2499352 7.1700389474933734
14.2666016 8.378774132284732
14.283268 7.48131181083354
14.2999344 7.53602782542915
14.3166008 7.324798563726717
14.3332672 6.199582999817623
14.3499336 6.58999194306127
14.3666 4.931530683423561
14.3832664 5.50465116748907
14.3999329 5.547378497973741
14.4165993 4.982524891738508
14.4332657 4.531816244709042
14.4499321 5.5786476371446145
14.4665985 5.8253275394264605
14.4832649 6.230255255203451
14.4999313 5.203755829798207
14.5165977 6.018211036429038
14.5332642 4.930288078998031
14.5499306 6.399683061613327
14.566597 9.637778602857939
14.5832634 8.352865952429399
14.5999298 9.933970849157593
14.6165962 11.548125481606363
14.6332626 12.644646643756857
14.649929 13.247756983903521
14.6665955 12.38764649602969
14.6832619 13.532526392396402
14.6999283 15.912122918450352
14.7165947 15.212247869160162
14.7332611 13.39373994444796
14.7499275 13.510590936302199
14.7665939 14.260882021972204
14.7832603 15.79166289701763
14.7999268 16.994473996108734
14.8165932 17.549363113822196
14.8332596 18.713143822170277
14.849926 20.151078437041438
14.8665924 20.109910913643482
14.8832588 20.504587122999528
14.8999252 21.149201086688368
14.9165916 21.893993966822816
14.9332581 23.031573405121016
14.9499245 21.383248324832717
14.9665909 23.346431612090935
14.9832573 22.858646734157205
14.9999237 14.32319698563572
15.0165901 17.744554436545283
15.0332565 20.221827713467334
15.0499229 21.058254156931756
15.0665894 19.28370096181266
15.0832558 20.220872051997553
15.0999222 21.012603372820305
15.1165886 19.65999414037784
15.133255 20.219850901913034
15.1499214 19.369676730511337
15.1665878 19.269079514767647
15.1832542 17.062607700849917
15.1999207 17.593966261448198
15.2165871 15.749612909196586
15.2332535 15.000344793549832
15.2499199 17.542622327734286
15.2665863 17.053285962116874
15.2832527 19.04035146479436
15.2999191 17.823818984698296
15.3165855 18.860188975624155
15.333252 17.205472935577212
15.3499184 17.073761366904876
15.3665848 15.415111548626198
15.3832512 14.987116865755034
15.3999176 13.73474012508471
15.416584 14.319643209959532
15.4332504 10.441109976364748
15.4499168 9.212965027785023
15.4665833 7.683079223510822
15.4832497 4.426899629628381
15.4999161 4.5859885382059735
15.5165825 5.706039600361187
15.5332489 7.569647888153856
15.5499153 6.009922957396601
15.5665817 5.428712724736808
15.5832481 7.348029565965416
15.5999146 6.055488469248068
15.616581 5.469429058745745
15.6332474 5.609241917133579
15.6499138 4.307096182181726
15.6665802 5.688446150263903
15.6832466 7.809177658519751
15.699913 6.778383184071571
15.7165794 6.629727305033365
15.7332458 5.709640095450172
15.7499123 5.115803208649458
15.7665787 2.5369844910022463
15.7832451 2.682773181542133
15.7999115 2.9819162824007215
15.8165779 3.9588267909893613
15.8332443 4.645621519242628
15.8499107 3.6847692129316405
15.8665771 3.562469036688242
15.8832436 2.4814871491243666
15.89991 1.0617448085412822
15.9165764 0.08428434952163853
15.9332428 1.990980148052255
15.9499092 1.5112532654384594
15.9665756 2.272417018599935
15.983242 2.570838159566259
