10.0 11.679887527036769
10.0166664 11.360381384248198
10.0333328 10.940086431446842
10.0499992 10.086592323894234
10.0666656 9.786144816364487
10.0833321 9.388692502883506
10.0999985 9.928424382359726
10.1166649 10.904870533642711
10.1333313 11.139420333487745
10.1499977 9.452393092478992
10.1666641 9.26344464527789
10.1833305 7.365629064366294
10.1999969 7.500550408118227
10.2166634 7.4945050549450585
10.2333298 7.795345191040825
10.2499962 7.811817286652076
10.2666626 8.970682389244006
10.283329 9.97340181737589
10.2999954 10.666664888888894
10.3166618 10.063861484254556
10.3333282 10.21978351648352
10.3499947 11.822221555555549
10.3666611 11.5036431883418
10.3833275 12.201058901682918
10.3999939 12.155305978380747
10.4166603 11.302636482653288
10.4333267 10.973754500108441
10.4499931 9.95930648961234
10.4666595 10.798017423101737
10.483326 9.215806806172056
10.4999924 7.596513491075149
10.5166588 7.017904918707546
10.5333252 5.715443453587349
10.5499916 6.039723753546804
10.566658 6.558374619289337
10.5833244 5.469844520136253
10.5999908 6.281459432252885
10.6166573 7.142858761634958
10.6333237 8.72235565110564
10.6499901 9.611027577690875
10.6666565 8.53485023369234
10.6833229 5.0402067071974805
10.6999893 5.004885826001939
10.7166557 4.7859933852140095
10.7333221 5.903118258482051
10.7499886 7.058128706998821
10.766655 6.491467346538536
10.7833214 7.207559275305241
10.7999878 6.352302805923626
10.8166542 6.7082706708268285
10.8333206 6.731518677042803
10.849987 7.338017174082759
10.8666534 8.929275780323973
10.8833199 8.074288954056687
10.8999863 6.516723952326039
10.9166527 6.519653307766066
10.9333191 6.68710538417321
10.9499855 6.936197355815275
10.9666519 6.939397056012235
10.9833183 6.515956876899688
10.9999847 7.354347277936955
11.0166512 7.2353383472962705
11.0333176 7.564788109756086
11.049984 7.1198630941109675
11.0666504 5.961504017940572
11.0833168 5.222221666666661
11.0999832 5.444441851851857
11.1166496 6.2372023831688495
11.133316 7.018529477821456
11.1499825 6.74492435252469
11.1666489 5.10801867447822
11.1833153 4.505814861918623
11.1999817 4.006499007399381
11.2166481 5.712196448187483
11.2333145 5.739350210199228
11.2499809 6.270625412541252
11.2666473 7.696586980712157
11.2833138 6.909225101065787
11.2999802 4.707148401006117
11.3166466 5.684288740043445
11.333313 5.634823370055993
11.3499794 6.449855014534897
11.3666458 6.631538154069788
11.3833122 5.378269630692004
11.3999786 4.471258161816895
11.4166451 4.3524407289454965
11.4333115 3.7407792413066367
11.4499779 3.462748863238898
11.4666443 3.910908453174332
11.4833107 4.600740701568825
11.4999771 5.223088349858369
11.5166435 4.622957461768327
11.5333099 5.467092356687891
11.5499763 4.3896442812172145
11.5666428 5.136324538258589
11.5833092 4.686954529555789
11.5999756 3.469702399447614
11.616642 3.3936270456503097
11.6333084 3.3717533115430984
11.6499748 5.914448512585812
11.6666412 8.403818067302488
11.6833076 7.984245793054059
11.6999741 5.227390486147413
11.7166405 5.7362698495977575
11.7333069 4.1286750387063575
11.7499733 3.572036404033499
11.7666397 5.256763011797365
11.7833061 5.2148293485793475
11.7999725 5.336103950103956
11.8166389 6.978380383195638
11.8333054 4.79958403578188
11.8499718 2.4873941176470558
11.8666382 3.598100644942296
11.8833046 5.001719147473369
11.899971 4.744778177458032
11.9166374 5.426357967269597
11.9333038 3.6899091062965366
11.9499702 -0.3413501300390211
11.9666367 -0.2600770481144405
11.9833031 2.0099664451827337
11.9999695 1.899161512605044
12.0166359 1.13351925320888
12.0333023 -0.3610088611749362
12.0499687 -0.2953752871677147
12.0666351 -1.041667968749993
12.0833015 -2.0920498873511457
12.099968 -1.0403103055916807
12.1166344 -0.24562272801702686
12.1333008 -0.522277133997059
12.1499672 -1.1987660780819753
12.1666336 -1.5488859309454694
12.1833 -1.817305886137018
12.1999664 0.7089889530090556
12.2166328 2.6368837756130334
12.2332993 2.549479033881253
12.2499657 1.3419453280318134
12.2666321 1.2241498759305207
12.2832985 1.3242825691110638
12.2999649 3.8500669945725865
12.3166313 3.18342310931446
12.3332977 2.561098928690994
12.3499641 0.7727735942124339
12.3666306 2.336840928058756
12.383297 3.423848372406798
12.3999634 5.7403899327702
12.4166298 4.124233706720972
12.4332962 3.35186221997641
12.4499626 3.2991060427537495
12.466629 2.232215392303844
12.4832954 0.7881791461412194
12.4999619 1.4713193916349796
12.5166283 1.9090295484727733
12.5332947 2.2655329002165576
12.5499611 2.9688014089231856
12.5666275 2.6073865953535056
12.5832939 3.1764695798319336
12.5999603 3.7350027040730085
12.6166267 4.690433395872418
12.6332932 4.602009374467355
12.6499596 5.104488866050012
12.666626 5.231558319039453
12.6832924 5.7403899327702
12.6999588 5.869155532539269
12.7166252 5.851889694458825
12.7332916 6.962134357005757
12.749958 6.7781822617180705
12.7666245 6.909789740010468
12.7832909 7.343147563967749
12.7999573 7.45875658125657
12.8166237 7.105356667833387
12.8332901 6.603938491026316
12.8499565 6.329336637106583
12.8666229 5.7612475778546655
12.8832893 6.316336349399686
12.8999557 4.895224493301267
12.9166222 4.699830017152668
12.9332886 4.954409599174272
12.949955 4.723464788732394
12.9666214 5.268610468129213
12.9832878 5.582526872399449
12.9999542 4.763568138195778
13.0166206 4.858441104508902
13.033287 3.7370226643598494
13.0499535 3.8115006930006987
13.0666199 4.631245893044377
13.0832863 4.179003656625442
13.0999527 4.547042322490384
13.1166191 4.992089119353134
13.1332855 4.3896442812172145
13.1499519 6.3492083110397735
13.1666183 7.139007013127133
13.1832848 8.25604437170396
13.1999512 7.657496741491666
13.2166176 8.529677077625575
13.233284 10.17075092798813
13.2499504 11.69711659446223
13.2666168 12.537997150455926
13.2832832 10.596150812932173
13.2999496 9.562636953298737
13.3166161 8.428202717590908
13.3332825 8.817564471499722
13.3499489 7.537868589158611
13.3666153 7.097358507734294
13.3832817 7.695124221326499
13.3999481 8.802815233506294
13.4166145 10.101388283890355
13.4332809 9.96995812992865
13.4499474 9.143500093300982
13.4666138 9.175851616520285
13.4832802 11.166158917682916
13.4999466 10.929166603198789
13.516613 10.440395406226278
13.5332794 9.436802599359567
13.5499458 10.811840114613176
13.5666122 11.446710850327047
13.5832787 11.984511519845112
13.5999451 15.80108281531982
13.6166115 12.835058109958917
13.6332779 12.48291033404962
13.6499443 10.241656118143455
13.6666107 9.627506017191974
13.6832771 9.288573717337393
13.6999435 8.993903963414622
13.71661 8.060549858088926
13.7332764 5.887812592867749
13.7499428 5.467012231282433
13.7666092 5.203706296296291
13.7832756 5.664242779951548
13.799942 6.350993047726418
13.8166084 6.503298774740816
13.8332748 6.036102670176774
13.8499413 6.690676459438978
13.8666077 7.05030544969512
13.8832741 7.106016618911165
13.8999405 6.895891308500469
13.9166069 8.047975430450766
13.9332733 9.467687094873293
13.9499397 10.422868572563036
13.9666061 10.645933014354075
13.9832726 10.208957412935325
13.999939 2.7850114205570136
14.0166054 2.5445808455219527
14.0332718 2.324182929272691
14.0499382 2.083752354237631
14.0666046 2.4178960306266277
14.083271 2.5272929640113304
14.0999374 3.477908756137485
14.1166039 4.191614908114801
14.1332703 4.462436280614375
14.1499367 4.669583281217425
14.1666031 5.121750209907635
14.1832695 5.6695595515125765
14.1999359 5.573214028395829
14.2166023 5.119523164797968
14.2332687 3.7471245551601298
14.2499352 2.488590211530492
14.2666016 2.923367926498229
14.283268 3.430137836700349
14.2999344 3.4177225738396535
14.3166008 3.9557658443215766
14.3332672 4.749627552116928
14.3499336 4.741376077586206
14.3666 4.891772943722931
14.3832664 5.733040919037186
14.3999329 6.547220084052204
14.4165993 7.521824042981883
14.4332657 8.301291789187967
14.4499321 6.872625251846891
14.4665985 7.938308459968253
14.4832649 7.403211682137199
14.4999313 6.5570096890491385
14.5165977 6.72401947022866
14.5332642 4.7014298128342205
14.5499306 3.78989760638298
14.566597 2.503294466403155
14.5832634 2.062309126810012
14.5999298 2.8615769742679693
14.6165962 3.540217566659186
14.6332626 3.483144269662926
14.649929 3.6827821961138625
14.6665955 4.311130246350352
14.6832619 3.263085656016302
14.6999283 3.2522208323857242
14.7165947 1.6629251685393271
14.7332611 0.17778177777777335
14.7499275 -0.5535876882196529
14.7665939 -0.4893200622775965
14.7832603 1.1113672034474977
14.7999268 1.5782246111619453
14.8165932 5.584729594272064
14.8332596 5.078683118741056
14.849926 2.738126608939867
14.8665924 2.2211858779518248
14.8832588 1.4442096436058756
14.8999252 -0.20703680699333968
14.9165916 -0.046273021749192234
14.9332581 -0.2781629578117726
14.9499245 -0.09326532991373855
14.9665909 -0.3270306003270105
14.9832573 -0.8401360560093369
14.9999237 -3.2107992089344015
15.0165901 -1.8250812988859986
15.0332565 -2.735845047169823
15.0499229 -2.7705389533506977
15.0665894 -3.947365836466168
15.0832558 -4.863225157820903
15.0999222 -5.106586319981257
15.1165886 -5.23965742481204
15.133255 -4.3830409718913845
15.1499214 -4.630073747016725
15.1665878 -5.5568736642127705
15.1832542 -4.96998367346939
15.1999207 -4.48593743937923
15.2165871 -3.8980122579063528
15.2332535 -3.9635689315608196
15.2499199 -4.148148888888897
15.2665863 -4.617281234567899
15.2832527 -3.996007492507467
15.2999191 -3.9909638554216946
15.3165855 -3.377350939563231
15.333252 -3.467617032126465
15.3499184 -4.075395313295985
15.3665848 -3.750318006678657
15.3832512 -2.1784763779527547
15.3999176 -1.0939175560299017
15.416584 -0.5125408686269196
15.4332504 -0.5962051490514779
15.4499168 -0.02740613866813881
15.4665833 0.4429645625692048
15.4832497 0.2222272222222167
15.4999161 -0.19471182197496978
15.5165825 -0.11201848221786297
15.5332489 0.5100629073391882
15.5499153 0.17040755467197105
15.5665817 0.660159873708362
15.5832481 0.1724155172413856
15.5999146 1.1675417396380507
15.616581 1.8929334516415346
15.6332474 2.056019070321805
15.6499138 2.1915367757430206
15.6665802 2.701887674559807
15.6832466 2.3128390139987807
15.699913 1.8281480804387622
15.7165794 1.4665417048579084
15.7332458 1.9777503090234876
15.7499123 2.372778332812992
15.7665787 3.297405833861759
15.7832451 3.8831800385109068
15.7999115 3.2092419768934572
15.8165779 3.4985448655652758
15.8332443 3.3539557147508914
15.8499107 4.0264042904290465
15.8665771 4.331887704098641
15.8832436 19.431645161290323
15.89991 40.683367653758545
15.9165764 54.50881662468512
15.9332428 59.14315099268548
15.9499092 18.171159828057817
15.9665756 8.764942774357113
15.983242 9.114200219619326
