10.0 10.789763440860222
10.0166664 11.255087745279514
10.0333328 11.517161683277967
10.0499992 11.942502027276067
10.0666656 11.667888441843449
10.0833321 12.253110826627653
10.0999985 11.97822286751362
10.1166649 11.90905882352941
10.1333313 11.640401504298
10.1499977 11.34020511908993
10.1666641 10.80605244632171
10.1833305 10.20905644599302
10.1999969 10.42028794720389
10.2166634 10.63387772774506
10.2333298 10.693343221800609
10.2499962 10.259923734610132
10.2666626 10.132605916354995
10.283329 9.895308679500179
10.2999954 10.067335353535352
10.3166618 10.275353257219603
10.3333282 9.856815517815514
10.3499947 9.738327591917853
10.3666611 8.90051963350785
10.3833275 8.19034703787634
10.3999939 8.081132324533154
10.4166603 8.253047848426451
10.4333267 8.285343889955216
10.4499931 8.145089723194403
10.4666595 8.314824182799121
10.483326 8.039093631778057
10.4999924 7.766989664891956
10.5166588 7.50078089013383
10.5333252 6.97100647748304
10.5499916 6.943168663594471
10.566658 7.670982131854581
10.5833244 7.50843334354889
10.5999908 7.642919902170579
10.6166573 7.645446847395676
10.6333237 7.6152949029126145
10.6499901 7.06766466165413
10.6666565 7.042257117171093
10.6833229 7.689992490237306
10.6999893 7.563526158445426
10.7166557 7.376557108863752
10.7333221 7.605469994058213
10.7499886 7.961973262032069
10.766655 7.803728052024832
10.7833214 6.98830467836256
10.7999878 6.531206966618294
10.8166542 6.508532542667042
10.8333206 6.608942568542581
10.849987 6.526737205290399
10.8666534 6.504292836676207
10.8833199 6.059740540540549
10.8999863 6.0107723277572935
10.9166527 5.932203389830513
10.9333191 6.123026523702037
10.9499855 6.193697072072059
10.9666519 7.1367935429056795
10.9833183 7.025960214446969
10.9999847 6.734009259259264
11.0166512 6.89461715246637
11.0333176 6.813739179000272
11.049984 6.616620795107031
11.0666504 6.627844703272312
11.0833168 6.432907785753736
11.0999832 6.473833333333347
11.1166496 6.107920295809374
11.133316 5.773421023965141
11.1499825 5.788044293478258
11.1666489 6.406757906215926
11.1833153 6.652123500545254
11.1999817 7.014189683406105
11.2166481 6.561819956616049
11.2333145 6.086720711015346
11.2499809 5.817697587131372
11.2666473 6.201346040268449
11.2833138 5.733337333333338
11.2999802 5.946665333333328
11.3166466 5.7932537868721825
11.333313 5.557024080444566
11.3499794 5.295050579557423
11.3666458 5.062956977964336
11.3833122 5.1624766771488595
11.3999786 5.372115041928724
11.4166451 5.197176286236621
11.4333115 6.07255126182965
11.4499779 6.506850105374085
11.4666443 6.355042016806728
11.4833107 5.733645295803993
11.4999771 5.230448990160528
11.5166435 5.385812532366631
11.5333099 4.458110427875995
11.5499763 3.971487270875757
11.5666428 4.124240071283097
11.5833092 4.276983452138483
11.5999756 4.217480945121958
11.616642 4.36992327235772
11.6333084 3.7578799495586437
11.6499748 3.5956771435755646
11.6666412 3.930461073318222
11.6833076 4.291849028023221
11.6999741 4.73537756394025
11.7166405 4.649986858731365
11.7333069 4.484759889140844
11.7499733 4.139483943803312
11.7666397 4.160404511278174
11.7833061 4.181273410115159
11.7999725 3.994008487269094
11.8166389 3.964100723011714
11.8333054 3.960153673723542
11.8499718 3.6467348052592565
11.8666382 3.5404795741520085
11.8833046 3.2051296844181385
11.899971 3.5079088438735124
11.9166374 3.3004891625615977
11.9333038 2.6412355099046176
11.9499702 2.5384386136197055
11.9666367 4.085171824709091
11.9833031 3.722878944773162
11.9999695 4.752422244339389
12.0166359 4.7228463832960585
12.0333023 4.69331959274894
12.0499687 6.166625471935581
12.0666351 7.240851371951215
12.0833015 6.614490027770762
12.099968 8.472400513478812
12.1166344 7.502544506612415
12.1333008 6.873896638867835
12.1499672 6.146516307074757
12.1666336 5.011167948399908
12.1833 5.691463305042427
12.1999664 5.847077961019499
12.2166328 6.403814414866897
12.2332993 5.554174595267752
12.2499657 6.240599999999986
12.2666321 4.63968780848965
12.2832985 4.022565121412817
12.2999649 4.355314468503939
12.3166313 6.422474159558461
12.3332977 5.5486394625528845
12.3499641 5.2344286777474744
12.3666306 4.7924856719367535
12.383297 4.585794378698224
12.3999634 4.17484823182712
12.4166298 3.539170612643387
12.4332962 4.871413946587547
12.4499626 3.9206072041166355
12.466629 3.1630206812652077
12.4832954 2.639223728813568
12.4999619 3.2148102776424716
12.5166283 4.052060166994106
12.5332947 3.6964518971848173
12.5499611 3.5460997798972804
12.5666275 3.5216478356566334
12.5832939 2.346399129172699
12.5999603 4.060041584645674
12.6166267 4.035430118110238
12.6332932 3.350448275862066
12.6499596 4.014777093596069
12.666626 5.026123662602637
12.6832924 3.0784231614952433
12.6999588 3.9447726824457567
12.7166252 5.167251872191709
12.7332916 4.987527431421457
12.749958 6.9938954730417
12.7666245 7.49169240603427
12.7832909 4.972509495252383
12.7999573 2.0418072435585746
12.8166237 1.9445760816723434
12.8332901 2.922396365422403
12.8499565 3.973178296498623
12.8666229 4.5227431284357875
12.8832893 4.084684682440857
12.8999557 3.572314562143401
12.9166222 3.5510325304196546
12.9332886 4.7523253708825886
12.949955 5.93177342158859
12.9666214 5.614836636178855
12.9832878 4.400302992205194
12.9999542 4.801620419509725
13.0166206 5.771190500510739
13.033287 5.88686690555413
13.0499535 5.16802800407331
13.0666199 5.255097704081624
13.0832863 6.130862442040179
13.0999527 6.330753229974158
13.1166191 5.385996922287757
13.1332855 5.556981733985089
13.1499519 7.702421661409042
13.1666183 9.916693093254505
13.1832848 11.099021218715976
13.1999512 10.455034669555795
13.2166176 10.866010620915029
13.233284 9.07138862050457
13.2499504 7.5841943781490215
13.2666168 7.171209314633503
13.2832832 6.619199103375531
13.2999496 6.913908874172184
13.3166161 7.669697755211119
13.3332825 6.742763737722314
13.3499489 6.670208344406074
13.3666153 7.055054516301432
13.3832817 7.4442340768610515
13.3999481 4.669468782791198
13.4166145 3.8872937646751855
13.4332809 4.6891509483667
13.4499474 5.144527976664018
13.4666138 5.519999199999991
13.4832802 6.558703103913634
13.4999466 6.948972584147661
13.516613 7.433728887674232
13.5332794 8.163268615554333
13.5499458 7.7961462809917474
13.5666122 6.929610791563968
13.5832787 8.106603553581362
13.5999451 8.732153652392952
13.6166115 9.093468468468458
13.6332779 9.209038983050856
13.6499443 9.452175418677243
13.6666107 10.453759620907515
13.6832771 11.349784034833103
13.6999435 11.871340058479522
13.71661 11.159678030303034
13.7332764 11.257307602339178
13.7499428 10.547781468531475
13.7666092 9.840348911465902
13.7832756 9.935895979020973
13.799942 9.360461918604653
13.8166084 9.935516705744437
13.8332748 10.683638650488318
13.8499413 9.837999705449189
13.8666077 10.326410385756676
13.8832741 10.62686985074626
13.8999405 9.904820939916695
13.9166069 8.483068630338717
13.9332733 7.4941487119438
13.9499397 8.18799438368312
13.9666061 8.765651460942156
13.9832726 10.583943430656948
13.999939 11.92094410129709
14.0166054 12.66770858034322
14.0332718 10.738466769230772
14.0499382 9.63008437786609
14.0666046 6.973964980544737
14.083271 6.17173703041145
14.0999374 6.450643564356436
14.1166039 7.251209041262127
14.1332703 9.61718394024275
14.1499367 10.903919721871043
14.1666031 10.493043931731975
14.1832695 8.809752577319587
14.1999359 8.507971848608083
14.2166023 9.090913510101002
14.2332687 10.073547169811341
14.2499352 9.62583562519989
14.2666016 9.03864388374322
14.283268 9.356907717041807
14.2999344 9.155385557704706
14.3166008 9.303083306320898
14.3332672 9.882204842931923
14.3499336 9.281041176470591
14.3666 7.317862346872996
14.3832664 5.606885950939806
14.3999329 4.861773117254532
14.4165993 4.549795100222716
14.4332657 5.720746929541046
14.4499321 6.544507198952863
14.4665985 5.91503202614379
14.4832649 5.252849265905386
14.4999313 5.209700524246395
14.5165977 5.131575986842114
14.5332642 4.881263852242737
14.5499306 4.69731921931856
14.566597 5.317725083612031
14.5832634 5.842621411685238
14.5999298 5.587539112766685
14.6165962 5.6179792305073235
14.6332626 5.574558139534888
14.649929 4.8838767076502725
14.6665955 4.480161422708619
14.6832619 3.4729295199182957
14.6999283 3.069574693042296
14.7165947 2.8043758549931654
14.7332611 2.537721536351169
14.7499275 3.2997561653351872
14.7665939 5.11908887308922
14.7832603 5.1502131616595275
14.7999268 5.179855395683463
14.8165932 3.8214275000000013
14.8332596 2.7372897262708795
14.849926 3.5675668468468458
14.8665924 3.103571634788883
14.8832588 2.7868244661599784
14.8999252 2.171550850524802
14.9165916 1.8511778584392118
14.9332581 2.1245391941391927
14.9499245 1.3533251645940056
14.9665909 0.2913361252731178
14.9832573 0.21978241758241254
14.9999237 1.115658237262921
15.0165901 1.9238042248208236
15.0332565 2.677889058913535
15.0499229 3.6144570540225454
15.0665894 3.436156969933621
15.0832558 2.934270344287941
15.0999222 1.8713419103313909
15.1165886 2.165357480314972
15.133255 2.5049729622266264
15.1499214 1.1058467614533913
15.1665878 1.396091344236135
15.1832542 1.122242484969935
15.1999207 1.2530282942602928
15.2165871 1.3860611496127277
15.2332535 1.688634678747936
15.2499199 1.955075707154747
15.2665863 1.7147624424926815
15.2832527 1.3008787242971145
15.2999191 0.3770385421030582
15.3165855 -0.08406683480454323
15.333252 -0.2958571428571492
15.3499184 -0.7633604749787991
15.3665848 -1.6934830651989825
15.3832512 -2.3324821882951787
15.3999176 -2.2668930710008706
15.416584 -1.8622789086184581
15.4332504 -2.134149390243885
15.4499168 -1.6762201146890126
15.4665833 -1.2511152815013407
15.4832497 -1.7488798206277998
15.4999161 -2.073943642921544
15.5165825 -2.885478358881879
15.5332489 -3.1746013605442256
15.5499153 -4.036282086167797
15.5665817 -4.027463157894736
15.5832481 -3.974118761552689
15.5999146 -3.9197377508166173
15.616581 -3.7281755545068442
15.6332474 -3.1160158197507117
15.6499138 -2.673794360719504
15.6665802 -2.9843449119373804
15.6832466 -3.346459645669289
15.699913 -3.089183856502236
15.7165794 -3.844232651023469
15.7332458 -4.218986941235559
15.7499123 -3.9674506612410974
15.7665787 -3.9074524421593795
15.7832451 -3.242677824267769
15.7999115 -3.1729270227392923
15.8165779 -3.5657221926556653
15.8332443 -4.168892036344207
15.8499107 -4.108109189189191
15.8665771 -3.1991218974076148
15.8832436 -3.3407538975501194
15.89991 -3.7556048206278057
15.9165764 -4.606744382022467
15.9332428 -4.548033541785109
15.9499092 -3.6004622531939603
15.9665756 -4.035088888888889
15.983242 -4.419568061284605
