10.0 10.761942437631783
10.0166664 11.024223660850886
10.0333328 11.379384234973712
10.0499992 11.172901585953628
10.0666656 10.412511141102817
10.0833321 10.224904424759309
10.0999985 10.059097533737729
10.1166649 10.308645580414218
10.1333313 10.145299544919267
10.1499977 9.985986580415936
10.1666641 9.83055946042082
10.1833305 9.273784605051278
10.1999969 9.530795105537736
10.2166634 8.129774626937305
10.2333298 8.789434701040156
10.2499962 9.137637057232567
10.2666626 8.166621400618801
10.283329 7.598259127324458
10.2999954 7.499162501081451
10.3166618 7.044509190368505
10.3333282 7.75261618324983
10.3499947 8.023621828011777
10.3666611 7.485490148043635
10.3833275 8.525625670108134
10.3999939 8.858885453165653
10.4166603 9.1143150887353
10.4333267 9.80250688725892
10.4499931 10.034866012206088
10.4666595 9.574236020787774
10.483326 8.29011855572054
10.4999924 7.8672274906449084
10.5166588 8.100442142122109
10.5333252 6.685666631731582
10.5499916 7.232863873885805
10.566658 6.829087739329888
10.5833244 7.071226859395222
10.5999908 6.299894952367119
10.6166573 5.2711993898562985
10.6333237 5.878588169334214
10.6499901 6.080727510039222
10.6666565 6.69236407318848
10.6833229 7.168118322106913
10.6999893 8.1297665452445
10.7166557 7.9723432520222515
10.7333221 6.660888557743388
10.7499886 5.3320953223314715
10.766655 4.982141719539151
10.7833214 4.318769510021879
10.7999878 4.249967570506525
10.8166542 3.922799728794504
10.8333206 4.115678806005655
10.849987 4.86626001558213
10.8666534 6.241059942482605
10.8833199 5.820586654759492
10.8999863 6.055230286978107
10.9166527 6.851039656604406
10.9333191 8.996329243983055
10.9499855 9.206462168645773
10.9666519 9.61664907020832
10.9833183 14.377553318959436
10.9999847 20.325610295421058
11.0166512 9.174495163607157
11.0333176 2.4225830536636432
11.049984 3.901230964592551
11.0666504 5.986060437189203
11.0833168 8.149578813617639
11.0999832 8.190242157662517
11.1166496 21.975187190202945
11.133316 34.04492968236354
11.1499825 39.076123507826786
11.1666489 39.99722741851928
11.1833153 38.42849452593481
11.1999817 34.27314680111097
11.2166481 14.935957441421913
11.2333145 -0.04773046666188306
11.2499809 -0.8867597035684383
11.2666473 7.228316678831775
11.2833138 -2.4963124022558123
11.2999802 -3.51773821450368
11.3166466 -5.749090462380353
11.333313 -6.114378227612385
11.3499794 -6.800970185466136
11.3666458 -7.11095404876409
11.3833122 -5.683375865074713
11.3999786 -3.3235190719747765
11.4166451 -2.2054757165973937
11.4333115 0.962827977662698
11.4499779 3.4989397086872973
11.4666443 2.1596667684802675
11.4833107 0.7799605518483671
11.4999771 0.14996869081205774
11.5166435 20.06225687233534
11.5333099 10.579916780695054
11.5499763 1.869106643175088
11.5666428 3.7592145002638
11.5833092 1.9559041210864703
11.5999756 -1.0824039995745312
11.616642 -1.5576207161044664
11.6333084 -2.592596298665552
11.6499748 -1.576807077346312
11.6666412 -1.7726670113248861
11.6833076 -1.2930090336240314
11.6999741 -0.4217972958031375
11.7166405 0.14676247422048405
11.7333069 2.584102274951785
11.7499733 1.7168219033981074
11.7666397 4.003196256110653
11.7833061 3.0286759277432025
11.7999725 5.232642899109771
11.8166389 10.531323832405661
11.8333054 18.078231024064717
11.8499718 27.646568151987104
11.8666382 21.7836299288371
11.8833046 12.685676491422756
11.899971 4.066939039519375
11.9166374 3.228890818408238
11.9333038 1.4905356876492688
11.9499702 1.4961079849347025
11.9666367 2.672399741300177
11.9833031 2.9957709005429822
11.9999695 -16.776584390831257
12.0166359 -17.03492233701721
12.0333023 -17.369261778231536
12.0499687 -16.716744502883795
12.0666351 -17.23496118138679
12.0833015 -17.713598949829866
12.099968 -17.742910743482184
12.1166344 -17.805065027093413
12.1333008 -18.12718975639705
12.1499672 -18.300673834066096
12.1666336 -18.796159668987986
12.1833 -19.389582382346873
12.1999664 -19.694230631361386
12.2166328 -19.087104270296376
12.2332993 -18.93586823905224
12.2499657 -20.08170658778217
12.2666321 -20.303872113221068
12.2832985 -19.8815976348334
12.2999649 -19.94470878604906
12.3166313 -18.650621193612533
12.3332977 -17.712537379256098
12.3499641 -18.491144150762807
12.3666306 -19.80876937694451
12.383297 -19.80876937694451
12.3999634 -20.737245197433023
12.4166298 -20.96364612396271
12.4332962 -20.019534458792048
12.4499626 -19.36531333342977
12.466629 -18.385738868235936
12.4832954 -19.291402884209415
12.4999619 -20.10408885895593
12.5166283 -19.418726689133813
12.5332947 -18.517602772539185
12.5499611 -18.16152610932996
12.5666275 -17.588833613892398
12.5832939 -16.830448647149094
12.5999603 -17.588833613892398
12.6166267 -15.685066109637589
12.6332932 -18.995767739135385
12.6499596 -19.811697606699425
12.666626 -20.081578304699573
12.6832924 -19.811697606699425
12.6999588 -20.383030859292088
12.7166252 -20.549523893881602
12.7332916 -20.154431557759438
12.749958 -19.57927280203144
12.7666245 -19.13382352483776
12.7832909 -18.609216636791306
12.7999573 -18.683412087743875
12.8166237 -18.22795511107033
12.8332901 -18.302566133269078
12.8499565 -18.592080218007126
12.8666229 -18.377176409372524
12.8832893 -18.13433672442325
12.8999557 -18.350499549957966
12.9166222 -18.46047869668794
12.9332886 -17.8973907449975
12.949955 -16.888170846970045
12.9666214 -16.633819395707206
12.9832878 -16.934087662392965
12.9999542 -17.48438588062406
13.0166206 -17.560432577605077
13.033287 -17.016936797225675
13.0499535 -16.355951651067663
13.0666199 -16.91593874905163
13.0832863 -17.54599049874637
13.0999527 -17.622479213779975
13.1166191 -17.56063636261979
13.1332855 -17.783171600262616
13.1499519 -17.936415189443608
13.1666183 -17.61577256853671
13.1832848 -17.769902747241222
13.1999512 -17.924038320609895
13.2166176 -17.74873032683513
13.233284 -17.756485668310695
13.2499504 -17.911518181005146
13.2666168 -18.436143760230966
13.2832832 -18.771768946144572
13.2999496 -18.53163815482076
13.3166161 -18.210720463493296
13.3332825 -18.260615959070993
13.3499489 -18.746901337910277
13.3666153 -18.65134038480734
13.3832817 -18.40711359742088
13.3999481 -18.30919505432569
13.4166145 -18.318135425821886
13.4332809 -18.406321718491455
13.4499474 -18.45746078436251
13.4666138 -18.625813098577453
13.4832802 -19.198494936635775
13.4999466 -18.767256746106156
13.516613 -18.706904438862633
13.5332794 -18.45665039768327
13.5499458 -18.092580216261922
13.5666122 -18.071592653457586
13.5832787 -18.427344440884287
13.5999451 -18.627039080046735
13.6166115 -18.5565862833215
13.6332779 -18.13767121735617
13.6499443 -17.767783374750014
13.6666107 -17.360085500133323
13.6832771 -16.462523641077382
13.6999435 -16.416091615785284
13.71661 -16.776142559279187
13.7332764 -16.381033617966644
13.7499428 -16.368368132963937
13.7666092 -16.530940026769017
13.7832756 -16.341203307236466
13.799942 -16.18422531614766
13.8166084 -16.30620875134536
13.8332748 -16.29290556397088
13.8499413 -16.67476727733726
13.8666077 -16.70602425162996
13.8832741 -16.53968069385763
13.8999405 -16.71880926207762
13.9166069 -16.768747909378597
13.9332733 -16.784572929668034
13.9499397 -17.019148705315697
13.9666061 -16.64935119571886
13.9832726 -16.31723833359698
13.999939 -17.098707482526386
14.0166054 -16.598956367207606
14.0332718 -16.822854133599343
14.0499382 -16.495454881582475
14.0666046 -16.355706075328598
14.083271 -15.370926958413344
14.0999374 -15.037877559430976
14.1166039 -14.892346178247104
14.1332703 -14.959312500394265
14.1499367 -14.604739258423166
14.1666031 -15.299860945468685
14.1832695 -15.808300754422792
14.1999359 -15.68571830544412
14.2166023 -15.748118767357086
14.2332687 -15.434922309613375
14.2499352 -14.186204467755145
14.2666016 -14.263683554263368
14.283268 -14.352543831509557
14.2999344 -14.011307845029505
14.3166008 -13.404855658864056
14.3332672 -13.274325293293954
14.3499336 -12.64404161795902
14.3666 -13.228248503018
14.3832664 -13.60350671540805
14.3999329 -13.980685635219162
14.4165993 -13.884875703822619
14.4332657 -13.24564563515799
14.4499321 -12.83076170044411
14.4665985 -11.707352306213025
14.4832649 -10.22789791387628
14.4999313 -10.887019883097505
14.5165977 -10.505244694785286
14.5332642 -11.408235498932465
14.5499306 -11.280013338653134
14.566597 -11.96341410896848
14.5832634 -12.880193862368927
14.5999298 -12.777004382943256
14.6165962 -13.243208474018905
14.6332626 -13.353663378148681
14.649929 -12.710368941466065
14.6665955 -12.576496598290591
14.6832619 -12.698905848038752
14.6999283 -13.184577128922923
14.7165947 -14.474035522823673
14.7332611 -14.900306854778329
14.7499275 -15.940482686534722
14.7665939 -16.111368402729344
14.7832603 -16.83023103658961
14.7999268 -17.303886514079476
14.8165932 -17.75778351069624
14.8332596 -17.97887460712379
14.849926 -18.166985102409612
14.8665924 -17.541876846622344
14.8832588 -17.48940738507474
14.8999252 -16.306372834479564
14.9165916 -14.718297088777051
14.9332581 -13.328476560919439
14.9499245 -13.210012338917497
14.9665909 -13.08890639912757
14.9832573 -13.639178291894833
14.9999237 -13.806132583052305
15.0165901 -13.990848935365662
15.0332565 -14.554910593218146
15.0499229 -15.122938723651158
15.0665894 -15.003921712506884
15.0832558 -14.820977971247048
15.0999222 -14.068207962491247
15.1165886 -14.975432515615358
15.133255 -15.478316198740272
15.1499214 -15.357721622722634
15.1665878 -14.912163180807886
15.1832542 -14.781007008071462
15.1999207 -14.212014051614744
15.2165871 -13.725795250742747
15.2332535 -11.975533798843921
15.2499199 -9.322561053676285
15.2665863 -9.955989077026844
15.2832527 -12.20492637269633
15.2999191 -13.213857776853821
15.3165855 -14.204440450997675
15.333252 -15.19502330858297
15.3499184 -15.397354725578257
15.3665848 -15.584927962439307
15.3832512 -15.86792321435656
15.3999176 -15.205047252452186
15.416584 -15.870155303582703
15.4332504 -15.670949228128814
15.4499168 -15.465797431352549
15.4665833 -15.23421790127672
15.4832497 -15.016011766576462
15.4999161 -14.770150309395866
15.5165825 -14.516466140359494
15.5332489 -14.147948108123773
15.5499153 -12.97332085196015
15.5665817 -12.673486747999505
15.5832481 -12.801241450871096
15.5999146 -12.443302234685365
15.616581 -12.096258530201268
15.6332474 -13.2742793838499
15.6499138 -13.391791562756774
15.6665802 -13.48809619808788
15.6832466 -13.708729581800588
15.699913 -13.316120910022306
15.7165794 -13.415639669349527
15.7332458 -12.97886369671984
15.7499123 -13.570947399604224
15.7665787 -13.125264729039623
15.7832451 -13.308748025114978
15.7999115 -13.900400266028628
15.8165779 -14.097405672834066
15.8332443 -14.6800474960566
15.8499107 -13.641634361342927
15.8665771 -13.645002394057526
15.8832436 -13.67757775844835
15.89991 -14.41187508564398
15.9165764 -14.397525808186662
15.9332428 -14.562054755580919
15.9499092 -15.150371004013675
15.9665756 -15.11640184840291
15.983242 -13.86211785799562
