10.0 9.554464117211513
10.0166664 8.753591865345124
10.0333328 8.425461687051229
10.0499992 9.699638678826354
10.0666656 10.389794778428096
10.0833321 7.640696688698013
10.0999985 7.803458018542567
10.1166649 8.00017306739703
10.1333313 7.617693836390109
10.1499977 7.692835861254258
10.1666641 8.166969505832405
10.1833305 8.125407597588415
10.1999969 8.001278974047926
10.2166634 7.687064516318285
10.2333298 9.186034456434795
10.2499962 9.680893309635442
10.2666626 9.629626381344409
10.283329 8.879828376811671
10.2999954 9.754822537787414
10.3166618 9.147143108038685
10.3333282 8.833756556489586
10.3499947 6.732268825540848
10.3666611 6.988936792168278
10.3833275 8.789475015340704
10.3999939 7.623311860593668
10.4166603 7.231007875450713
10.4333267 5.877750048906943
10.4499931 5.345120225744998
10.4666595 5.564434855006494
10.483326 5.692796986831968
10.4999924 5.554140687857848
10.5166588 5.203105591727216
10.5333252 5.282770577930995
10.5499916 5.006560432683428
10.566658 4.876829907086559
10.5833244 5.116453842836657
10.5999908 5.610040707238636
10.6166573 5.913307155206612
10.6333237 5.779074652376188
10.6499901 5.646700522345537
10.6666565 5.804986790128135
10.6833229 6.035626938264697
10.6999893 5.747402344607759
10.7166557 5.950723006352847
10.7333221 6.378289541784726
10.7499886 6.69673776306184
10.766655 6.246408549203053
10.7833214 6.44926913847995
10.7999878 7.229344284124475
10.8166542 7.8741361219226755
10.8333206 8.520249816333045
10.849987 8.691476411306255
10.8666534 8.50082000078595
10.8833199 9.348741611373427
10.8999863 9.516081760150971
10.9166527 10.113919329107397
10.9333191 9.553937562072239
10.9499855 9.924115592221485
10.9666519 10.154673586947439
10.9833183 10.789568403925012
10.9999847 9.020850635174
11.0166512 9.860197248525198
11.0333176 9.869565236569136
11.049984 8.896818434148246
11.0666504 7.485489219503235
11.0833168 8.746720474475415
11.0999832 9.065236268545107
11.1166496 8.5994738642557
11.133316 8.23045365493357
11.1499825 8.282607469002611
11.1666489 7.961168381279364
11.1833153 8.059932226992705
11.1999817 9.53442577967313
11.2166481 10.32388385295328
11.2333145 10.502110565831241
11.2499809 10.78625660856428
11.2666473 11.161803228405294
11.2833138 11.017297964307069
11.2999802 11.390953795604172
11.3166466 11.523968122919921
11.333313 10.690236920127159
11.3499794 10.124424549921825
11.3666458 10.051154686996275
11.3833122 10.040592617409821
11.3999786 9.510809283475172
11.4166451 9.892451067960529
11.4333115 10.063852999776763
11.4499779 10.781475693533901
11.4666443 10.791167098318507
11.4833107 11.062978959541624
11.4999771 11.049519069924095
11.5166435 10.934353397823061
11.5333099 11.022850912445357
11.5499763 10.782266314525042
11.5666428 10.344168226089355
11.5833092 9.89404127118408
11.5999756 10.060584959929331
11.616642 9.692825903078186
11.6333084 9.865114728065585
11.6499748 10.493716267001433
11.6666412 10.3208833667288
11.6833076 9.600944072765172
11.6999741 8.67934013599523
11.7166405 8.768067790807448
11.7333069 9.304000183735162
11.7499733 8.244471536920425
11.7666397 7.37422956560672
11.7833061 8.104898240624692
11.7999725 8.193315470905718
11.8166389 7.815064602999888
11.8333054 8.545776053949227
11.8499718 7.419579702385019
11.8666382 8.350350544785199
11.8833046 8.836226646262745
11.899971 9.151466017301994
11.9166374 9.453604402513424
11.9333038 9.33470037192678
11.9499702 9.193212268163085
11.9666367 9.493979048512937
11.9833031 9.431729304792363
11.9999695 9.826002583310597
12.0166359 9.367784560268213
12.0333023 8.708439198987335
12.0499687 7.6006778048225545
12.0666351 7.165594996943374
12.0833015 8.180836756327974
12.099968 8.492552073944228
12.1166344 7.470468752769867
12.1333008 7.867363900015266
12.1499672 8.302364107120544
12.1666336 8.208015774539792
12.1833 7.824059604568786
12.1999664 8.132018549797401
12.2166328 7.949328918675465
12.2332993 8.109869448701042
12.2499657 8.913627032831412
12.2666321 9.371612924249918
12.2832985 8.980276128327334
12.2999649 7.8884165499744325
12.3166313 7.189597852986196
12.3332977 6.414572244959713
12.3499641 7.047192290360125
12.3666306 7.366020718623926
12.383297 7.065740924274679
12.3999634 7.187953368742325
12.4166298 6.573432586305099
12.4332962 6.329222984010395
12.4499626 7.293519426913836
12.466629 8.787766328730594
12.4832954 10.093301048802319
12.4999619 7.64827867424662
12.5166283 8.456997720302397
12.5332947 11.665106674632078
12.5499611 13.854146895957248
12.5666275 12.162765257010543
12.5832939 10.636581513718564
12.5999603 12.03090579584445
12.6166267 11.112040322440059
12.6332932 10.865786214522892
12.6499596 12.519089374943976
12.666626 13.327196630144469
12.6832924 14.568756868380198
12.6999588 11.364513451835458
12.7166252 11.445577546499267
12.7332916 12.178245561656013
12.749958 10.218035910271128
12.7666245 9.641075797136558
12.7832909 8.866310030740635
12.7999573 8.324078281203063
12.8166237 8.72301560237516
12.8332901 9.855827872167929
12.8499565 13.707619242520696
12.8666229 11.707473707477769
12.8832893 11.514904706927863
12.8999557 11.096996684482034
12.9166222 10.377692609980715
12.9332886 11.18323446382505
12.949955 10.978211759502226
12.9666214 10.04875245119215
12.9832878 10.321685183465739
12.9999542 5.884278948976508
13.0166206 6.412419093937255
13.033287 5.845714786687631
13.0499535 5.229366969096987
13.0666199 4.774346716095727
13.0832863 4.7388549570610765
13.0999527 4.931905902192523
13.1166191 5.565540105634261
13.1332855 6.803543698853757
13.1499519 8.249391217073013
13.1666183 9.264864383339058
13.1832848 7.181772359790914
13.1999512 7.072350328113325
13.2166176 9.39607955984564
13.233284 10.667043115070935
13.2499504 10.696455403381425
13.2666168 10.826407957138546
13.2832832 9.498598398916418
13.2999496 7.4418370563461895
13.3166161 8.028333699511245
13.3332825 9.884214269195382
13.3499489 8.565710327644318
13.3666153 9.229504080479922
13.3832817 11.23129252285334
13.3999481 11.26260767885509
13.4166145 18.720968426204955
13.4332809 14.423922335536307
13.4499474 7.936611143721295
13.4666138 9.495546575303118
13.4832802 8.329285712204427
13.4999466 8.41385247041577
13.516613 7.815323721307066
13.5332794 8.830624320781897
13.5499458 7.921936058923398
13.5666122 6.604777474863767
13.5832787 5.664257909372513
13.5999451 4.679515532684447
13.6166115 5.290982107061794
13.6332779 6.034611817981396
13.6499443 7.86631489788051
13.6666107 6.893277697658292
13.6832771 8.307076115409927
13.6999435 7.939240334426341
13.71661 11.507273412192554
13.7332764 12.697103367665688
13.7499428 14.194441268793367
13.7666092 13.945186347621382
13.7832756 13.365052591308357
13.799942 11.803937996158488
13.8166084 10.697539930765162
13.8332748 10.915982234237145
13.8499413 10.748435900121747
13.8666077 9.360695257691685
13.8832741 13.380033298739644
13.8999405 12.183218581265757
13.9166069 15.26315036403189
13.9332733 12.463484771438287
13.9499397 10.785509675697984
13.9666061 11.080965590488299
13.9832726 13.12231817375208
13.999939 13.880758348243353
14.0166054 10.598165435777085
14.0332718 12.066464028577155
14.0499382 10.589062174418878
14.0666046 9.13843870705271
14.083271 6.846909453669118
14.0999374 7.07073842275618
14.1166039 5.224199325147585
14.1332703 5.651032685614089
14.1499367 5.559327295280582
14.1666031 4.164941517253598
14.1832695 4.281723072875064
14.1999359 5.03749564321696
14.2166023 4.455945786477539
14.2332687 5.719277148406068
14.2499352 4.8162209383218055
14.2666016 4.921744227786759
14.283268 5.86895563601648
14.2999344 3.7646989906742876
14.3166008 4.084719687981169
14.3332672 5.121519502209234
14.3499336 3.5232756645800034
14.3666 2.3707100776936265
14.3832664 0.6942324211921183
14.3999329 0.4923997987670359
14.4165993 1.3569359098728675
14.4332657 2.420678765680204
14.4499321 2.487609763419667
14.4665985 1.0034046430784611
14.4832649 0.1991332564304816
14.4999313 0.08319109957290984
14.5165977 0.8294156144564093
14.5332642 1.1186769538084629
14.5499306 0.5449515843377589
14.566597 1.0110615158654268
14.5832634 6.6522229173452825
14.5999298 11.073134151882309
14.6165962 8.886794979410299
14.6332626 6.392941697637487
14.649929 6.002466895295331
14.6665955 5.375230245760142
14.6832619 3.425950514988596
14.6999283 1.474014381042078
14.7165947 1.3995617376542215
14.7332611 2.7094893820315438
14.7499275 1.1143681878325733
14.7665939 -0.04542530823883935
14.7832603 5.43321329171031
14.7999268 5.757797971007548
14.8165932 7.124547142984533
14.8332596 6.843971854559848
14.849926 7.017583521492092
14.8665924 4.315801660776704
14.8832588 6.965654053041262
14.8999252 6.213999471823845
14.9165916 5.321690204292796
14.9332581 4.571038163363767
14.9499245 7.401643310275839
14.9665909 7.777600587776662
14.9832573 3.550214400425196
14.9999237 3.618312231802471
15.0165901 4.092118535966295
15.0332565 3.13900090755296
15.0499229 2.4815235829150595
15.0665894 2.6251850853167333
15.0832558 2.365450480985083
15.0999222 2.9817503386885202
15.1165886 2.8401372324035514
15.133255 2.2679126681269457
15.1499214 0.5298081637695514
15.1665878 0.5156977738907059
15.1832542 1.2660584654990454
15.1999207 0.45040430943157816
15.2165871 -0.039281570849562485
15.2332535 0.2723275470024495
15.2499199 2.820988683866513
15.2665863 4.386749913994889
15.2832527 1.739112256291566
15.2999191 -0.4574389151809785
15.3165855 -1.2427786901629034
15.333252 2.367429787488904
15.3499184 4.991505568129372
15.3665848 10.150591583253243
15.3832512 6.593498807837811
15.3999176 4.204528774057757
15.416584 3.093788719713648
15.4332504 1.062633869030493
15.4499168 1.2193562892924565
15.4665833 7.372320943722771
15.4832497 4.431721166471846
15.4999161 6.98709884779429
15.5165825 10.77885110247138
15.5332489 13.6923512271443
15.5499153 10.958417857969716
15.5665817 6.527951258622186
15.5832481 1.8962000984490488
15.5999146 0.10831190405408903
15.616581 -0.06183450822140923
15.6332474 -3.35302500800524
15.6499138 -3.019310512482997
15.6665802 -3.116370155041985
15.6832466 -0.501086106571486
15.699913 0.9873322752724629
15.7165794 -1.5154228513597663
15.7332458 -4.171903885136482
15.7499123 -3.384024216538596
15.7665787 -3.2586290139260323
15.7832451 1.2425167689991552
15.7999115 -1.5162432801606922
15.8165779 -0.04371275143015727
15.8332443 0.6984235533177009
15.8499107 4.872806113662008
15.8665771 1.7705020767539077
15.8832436 2.4914999996089935
15.89991 0.7234767305240656
15.9165764 -0.8985517787081475
15.9332428 -1.8144718370005746
15.9499092 -2.6812624025917957
15.9665756 -2.7002279699216323
15.983242 -2.172811725847935
