0 0.00000
1 0.00000
2 0.00000
3 0.00000
4 0.00000
5 0.00000
6 1.35000
7 9.39000
8 18.12000
9 23.39000
10 33.42000
11 48.76000
12 37.95000
13 36.62000
14 38.57000
15 26.76000
16 16.89000
17 2.07000
18 0.51000
19 0.02000
20 0.00000
21 0.00000
22 0.00000
23 0.00000
0 0.00000
1 0.00000
2 0.00000
3 0.00000
4 0.00000
5 0.00000
6 1.35000
7 9.39000
8 18.12000
9 23.39000
10 33.42000
11 48.76000
12 37.95000
13 36.62000
14 38.57000
15 26.76000
16 16.89000
17 2.07000
18 0.51000
19 0.02000
20 0.00000
21 0.00000
22 0.00000
23 0.00000
