0 0.00000
1 0.00000
2 0.00000
3 0.00000
4 0.00000
5 0.00000
6 0.00000
7 1.68000
8 6.37000
9 13.30000
10 27.93000
11 38.14000
12 41.71000
13 37.95000
14 30.85000
15 20.63000
16 10.14000
17 3.06000
18 0.07000
19 0.00000
20 0.00000
21 0.00000
22 0.00000
23 0.00000
0 0.00000
1 0.00000
2 0.00000
3 0.00000
4 0.00000
5 0.00000
6 0.00000
7 1.68000
8 6.37000
9 13.30000
10 27.93000
11 38.14000
12 41.71000
13 37.95000
14 30.85000
15 20.63000
16 10.14000
17 3.06000
18 0.07000
19 0.00000
20 0.00000
21 0.00000
22 0.00000
23 0.00000
