0 0.00000
1 0.00000
2 0.00000
3 0.00000
4 0.00000
5 0.00000
6 0.01000
7 2.33000
8 10.13000
9 20.70000
10 30.54000
11 36.84000
12 38.92000
13 31.39000
14 29.47000
15 22.68000
16 12.44000
17 3.36000
18 0.07000
19 0.00000
20 0.00000
21 0.00000
22 0.00000
23 0.00000
0 0.00000
1 0.00000
2 0.00000
3 0.00000
4 0.00000
5 0.00000
6 0.01000
7 2.33000
8 10.13000
9 20.70000
10 30.54000
11 36.84000
12 38.92000
13 31.39000
14 29.47000
15 22.68000
16 12.44000
17 3.36000
18 0.07000
19 0.00000
20 0.00000
21 0.00000
22 0.00000
23 0.00000
