0 0.00000
1 0.00000
2 0.00000
3 0.00000
4 0.00000
5 0.00000
6 0.39000
7 5.99000
8 17.10000
9 30.05000
10 40.80000
11 48.61000
12 47.51000
13 43.58000
14 25.66000
15 23.03000
16 23.11000
17 10.91000
18 2.53000
19 0.00000
20 0.00000
21 0.00000
22 0.00000
23 0.00000
0 0.00000
1 0.00000
2 0.00000
3 0.00000
4 0.00000
5 0.00000
6 0.39000
7 5.99000
8 17.10000
9 30.05000
10 40.80000
11 48.61000
12 47.51000
13 43.58000
14 25.66000
15 23.03000
16 23.11000
17 10.91000
18 2.53000
19 0.00000
20 0.00000
21 0.00000
22 0.00000
23 0.00000
