0.0 0.0
0.0167 0.0
0.0333 0.0
0.05 0.0
0.0667 0.0
0.0833 0.0
0.1 0.0
0.1167 0.0
0.1333 0.0
0.15 0.0
0.1667 0.0
0.1833 0.0
0.2 0.0
0.2167 0.0
0.2333 0.0
0.25 0.0
0.2667 0.0
0.2833 0.0
0.3 0.0
0.3167 0.0
0.3333 0.0
0.35 0.0
0.3667 0.0
0.3833 0.0
0.4 0.0
0.4167 0.0
0.4333 0.0
0.45 0.0
0.4667 0.0
0.4833 0.0
0.5 0.0
0.5167 0.0
0.5333 0.0
0.55 0.0
0.5667 0.0
0.5833 0.0
0.6 0.0
0.6167 0.0
0.6333 0.0
0.65 0.0
0.6667 0.0
0.6833 0.0
0.7 0.0
0.7167 0.0
0.7333 0.0
0.75 0.0
0.7667 0.0
0.7833 0.0
0.8 0.0
0.8167 0.0
0.8333 0.0
0.85 0.0
0.8667 0.0
0.8833 0.0
0.9 0.0
0.9167 0.0
0.9333 0.0
0.95 0.0
0.9667 0.0
0.9833 0.0
1.0 0.0
1.0167 0.0
1.0333 0.0
1.05 0.0
1.0667 0.0
1.0833 0.0
1.1 0.0
1.1167 0.0
1.1333 0.0
1.15 0.0
1.1667 0.0
1.1833 0.0
1.2 0.0
1.2167 0.0
1.2333 0.0
1.25 0.0
1.2667 0.0
1.2833 0.0
1.3 0.0
1.3167 0.0
1.3333 0.0
1.35 0.0
1.3667 0.0
1.3833 0.0
1.4 0.0
1.4167 0.0
1.4333 0.0
1.45 0.0
1.4667 0.0
1.4833 0.0
1.5 0.0
1.5167 0.0
1.5333 0.0
1.55 0.0
1.5667 0.0
1.5833 0.0
1.6 0.0
1.6167 0.0
1.6333 0.0
1.65 0.0
1.6667 0.0
1.6833 0.0
1.7 0.0
1.7167 0.0
1.7333 0.0
1.75 0.0
1.7667 0.0
1.7833 0.0
1.8 0.0
1.8167 0.0
1.8333 0.0
1.85 0.0
1.8667 0.0
1.8833 0.0
1.9 0.0
1.9167 0.0
1.9333 0.0
1.95 0.0
1.9667 0.0
1.9833 0.0
2.0 0.0
2.0167 0.0
2.0333 0.0
2.05 0.0
2.0667 0.0
2.0833 0.0
2.1 0.0
2.1167 0.0
2.1333 0.0
2.15 0.0
2.1667 0.0
2.1833 0.0
2.2 0.0
2.2167 0.0
2.2333 0.0
2.25 0.0
2.2667 0.0
2.2833 0.0
2.3 0.0
2.3167 0.0
2.3333 0.0
2.35 0.0
2.3667 0.0
2.3833 0.0
2.4 0.0
2.4167 0.0
2.4333 0.0
2.45 0.0
2.4667 0.0
2.4833 0.0
2.5 0.0
2.5167 0.0
2.5333 0.0
2.55 0.0
2.5667 0.0
2.5833 0.0
2.6 0.0
2.6167 0.0
2.6333 0.0
2.65 0.0
2.6667 0.0
2.6833 0.0
2.7 0.0
2.7167 0.0
2.7333 0.0
2.75 0.0
2.7667 0.0
2.7833 0.0
2.8 0.0
2.8167 0.0
2.8333 0.0
2.85 0.0
2.8667 0.0
2.8833 0.0
2.9 0.0
2.9167 0.0
2.9333 0.0
2.95 0.0
2.9667 0.0
2.9833 0.0
3.0 0.0
3.0167 0.0
3.0333 0.0
3.05 0.0
3.0667 0.0
3.0833 0.0
3.1 0.0
3.1167 0.0
3.1333 0.0
3.15 0.0
3.1667 0.0
3.1833 0.0
3.2 0.0
3.2167 0.0
3.2333 0.0
3.25 0.0
3.2667 0.0
3.2833 0.0
3.3 0.0
3.3167 0.0
3.3333 0.0
3.35 0.0
3.3667 0.0
3.3833 0.0
3.4 0.0
3.4167 0.0
3.4333 0.0
3.45 0.0
3.4667 0.0
3.4833 0.0
3.5 0.0
3.5167 0.0
3.5333 0.0
3.55 0.0
3.5667 0.0
3.5833 0.0
3.6 0.0
3.6167 0.0
3.6333 0.0
3.65 0.0
3.6667 0.0
3.6833 0.0
3.7 0.0
3.7167 0.0
3.7333 0.0
3.75 0.0
3.7667 0.0
3.7833 0.0
3.8 0.0
3.8167 0.0
3.8333 0.0
3.85 0.0
3.8667 0.0
3.8833 0.0
3.9 0.0
3.9167 0.0
3.9333 0.0
3.95 0.0
3.9667 0.0
3.9833 0.0
4.0 0.0
4.0167 0.0
4.0333 0.0
4.05 0.0
4.0667 0.0
4.0833 0.0
4.1 0.0
4.1167 0.0
4.1333 0.0
4.15 0.0
4.1667 0.0
4.1833 0.0
4.2 0.0
4.2167 0.0
4.2333 0.0
4.25 0.0
4.2667 0.0
4.2833 0.0
4.3 0.0
4.3167 0.0
4.3333 0.0
4.35 0.0
4.3667 0.0
4.3833 0.0
4.4 0.0
4.4167 0.0
4.4333 0.0
4.45 0.0
4.4667 0.0
4.4833 0.0
4.5 0.0
4.5167 0.0
4.5333 0.0
4.55 0.0
4.5667 0.0
4.5833 0.0
4.6 0.0
4.6167 0.0
4.6333 0.0
4.65 0.0
4.6667 0.0
4.6833 0.0
4.7 0.0
4.7167 0.0
4.7333 0.0
4.75 0.0
4.7667 0.0
4.7833 0.0
4.8 0.0
4.8167 0.0
4.8333 0.0
4.85 0.0
4.8667 0.0
4.8833 0.0
4.9 0.0
4.9167 0.0
4.9333 0.0
4.95 0.0
4.9667 0.0
4.9833 0.0
5.0 0.0
5.0167 0.0
5.0333 0.0
5.05 0.0
5.0667 0.0
5.0833 0.0
5.1 0.0
5.1167 0.0
5.1333 0.0
5.15 0.0
5.1667 0.0
5.1833 0.0
5.2 0.0
5.2167 0.0
5.2333 0.0
5.25 0.0
5.2667 0.0
5.2833 0.0
5.3 0.0
5.3167 0.0
5.3333 0.0
5.35 0.0
5.3667 0.0
5.3833 0.0
5.4 0.0
5.4167 0.0
5.4333 0.0
5.45 0.0
5.4667 0.0
5.4833 0.0
5.5 0.0
5.5167 0.0
5.5333 0.0
5.55 0.0
5.5667 0.0
5.5833 0.0
5.6 0.0
5.6167 0.0
5.6333 0.0
5.65 0.0
5.6667 0.0
5.6833 0.0
5.7 0.0
5.7167 0.0
5.7333 2.459e-15
5.75 2.226e-11
5.7667 5.364e-09
5.7833 2.84e-07
5.8 4.447e-06
5.8167 2.841e-05
5.8333 8.997e-05
5.85 0.0001908
5.8667 0.0003446
5.8833 0.0005719
5.9 0.0009011
5.9167 0.001355
5.9333 0.001979
5.95 0.002838
5.9667 0.004014
5.9833 0.005461
6.0 0.007484
6.0167 0.009913
6.0333 0.01307
6.05 0.01714
6.0667 0.02227
6.0833 0.0287
6.1 0.03681
6.1167 0.04716
6.1333 0.05886
6.15 0.07411
6.1667 0.09103
6.1833 0.1125
6.2 0.1382
6.2167 0.1661
6.2333 0.1988
6.25 0.2344
6.2667 0.2709
6.2833 0.3176
6.3 0.3655
6.3167 0.4204
6.3333 0.4722
6.35 0.5341
6.3667 0.6087
6.3833 0.6864
6.4 0.7589
6.4167 0.836
6.4333 0.9173
6.45 1.002
6.4667 1.091
6.4833 1.183
6.5 1.278
6.5167 1.376
6.5333 1.477
6.55 1.581
6.5667 1.687
6.5833 1.797
6.6 1.909
6.6167 2.023
6.6333 2.14
6.65 2.259
6.6667 2.381
6.6833 2.506
6.7 2.633
6.7167 2.762
6.7333 2.894
6.75 3.028
6.7667 3.165
6.7833 3.305
6.8 3.446
6.8167 3.591
6.8333 3.738
6.85 3.887
6.8667 4.039
6.8833 4.193
6.9 4.349
6.9167 4.509
6.9333 4.67
6.95 4.834
6.9667 5.001
6.9833 5.169
7.0 5.341
7.0167 5.514
7.0333 5.69
7.05 5.868
7.0667 6.048
7.0833 6.231
7.1 6.416
7.1167 6.602
7.1333 6.791
7.15 6.983
7.1667 7.176
7.1833 7.371
7.2 7.568
7.2167 7.767
7.2333 7.969
7.25 8.172
7.2667 8.376
7.2833 8.583
7.3 8.791
7.3167 9.001
7.3333 9.213
7.35 9.427
7.3667 9.642
7.3833 9.859
7.4 10.08
7.4167 10.3
7.4333 10.52
7.45 10.74
7.4667 10.96
7.4833 11.19
7.5 11.42
7.5167 11.65
7.5333 11.87
7.55 12.11
7.5667 12.34
7.5833 12.57
7.6 12.8
7.6167 13.04
7.6333 13.28
7.65 13.51
7.6667 13.75
7.6833 13.99
7.7 14.23
7.7167 14.47
7.7333 14.72
7.75 14.96
7.7667 15.2
7.7833 15.45
7.8 15.69
7.8167 15.94
7.8333 16.19
7.85 16.43
7.8667 16.68
7.8833 16.93
7.9 17.18
7.9167 17.43
7.9333 17.68
7.95 17.94
7.9667 18.19
7.9833 18.44
8.0 18.69
8.0167 18.95
8.0333 19.2
8.05 19.45
8.0667 19.71
8.0833 19.96
8.1 20.22
8.1167 20.48
8.1333 20.73
8.15 20.99
8.1667 21.25
8.1833 21.5
8.2 21.76
8.2167 22.02
8.2333 22.27
8.25 22.53
8.2667 22.79
8.2833 23.05
8.3 23.31
8.3167 23.57
8.3333 23.82
8.35 24.08
8.3667 24.34
8.3833 24.6
8.4 24.86
8.4167 25.12
8.4333 25.38
8.45 25.63
8.4667 25.89
8.4833 26.15
8.5 26.41
8.5167 26.67
8.5333 26.93
8.55 27.18
8.5667 27.44
8.5833 27.7
8.6 27.96
8.6167 28.22
8.6333 28.47
8.65 28.73
8.6667 28.99
8.6833 29.24
8.7 29.5
8.7167 29.76
8.7333 30.01
8.75 30.27
8.7667 30.52
8.7833 30.78
8.8 31.03
8.8167 31.29
8.8333 31.54
8.85 31.8
8.8667 32.05
8.8833 32.3
8.9 32.55
8.9167 32.81
8.9333 33.06
8.95 33.31
8.9667 33.56
8.9833 33.81
9.0 34.06
9.0167 34.31
9.0333 34.56
9.05 34.81
9.0667 35.06
9.0833 35.3
9.1 35.55
9.1167 35.8
9.1333 36.04
9.15 36.29
9.1667 36.53
9.1833 36.78
9.2 37.02
9.2167 37.26
9.2333 37.51
9.25 37.75
9.2667 37.99
9.2833 38.23
9.3 38.47
9.3167 38.71
9.3333 38.95
9.35 39.19
9.3667 39.42
9.3833 39.66
9.4 39.9
9.4167 40.13
9.4333 40.37
9.45 40.6
9.4667 40.83
9.4833 41.07
9.5 41.3
9.5167 41.53
9.5333 41.76
9.55 41.99
9.5667 42.22
9.5833 42.44
9.6 42.67
9.6167 42.9
9.6333 43.12
9.65 43.35
9.6667 43.57
9.6833 43.79
9.7 44.02
9.7167 44.24
9.7333 44.46
9.75 44.68
9.7667 44.9
9.7833 45.11
9.8 45.33
9.8167 45.55
9.8333 45.76
9.85 45.98
9.8667 46.19
9.8833 46.4
9.9 46.61
9.9167 46.82
9.9333 47.03
9.95 47.24
9.9667 47.45
9.9833 47.66
10.0 47.86
10.0167 48.07
10.0333 48.27
10.05 48.47
10.0667 48.68
10.0833 48.88
10.1 49.08
10.1167 49.27
10.1333 49.47
10.15 49.67
10.1667 49.87
10.1833 50.06
10.2 50.25
10.2167 50.45
10.2333 50.64
10.25 50.83
10.2667 51.02
10.2833 51.21
10.3 51.39
10.3167 51.58
10.3333 51.77
10.35 51.95
10.3667 52.13
10.3833 52.32
10.4 52.5
10.4167 52.68
10.4333 52.86
10.45 53.03
10.4667 53.21
10.4833 53.39
10.5 53.56
10.5167 53.73
10.5333 53.9
10.55 54.08
10.5667 54.24
10.5833 54.41
10.6 54.58
10.6167 54.75
10.6333 54.91
10.65 55.08
10.6667 55.24
10.6833 55.4
10.7 55.56
10.7167 55.72
10.7333 55.88
10.75 56.03
10.7667 56.19
10.7833 56.34
10.8 56.5
10.8167 56.65
10.8333 56.8
10.85 56.95
10.8667 57.1
10.8833 57.24
10.9 57.39
10.9167 57.53
10.9333 57.68
10.95 57.82
10.9667 57.96
10.9833 58.1
11.0 58.24
11.0167 58.38
11.0333 58.51
11.05 58.65
11.0667 58.78
11.0833 58.91
11.1 59.04
11.1167 59.17
11.1333 59.3
11.15 59.43
11.1667 59.55
11.1833 59.68
11.2 59.8
11.2167 59.92
11.2333 60.04
11.25 60.16
11.2667 60.28
11.2833 60.39
11.3 60.51
11.3167 60.62
11.3333 60.73
11.35 60.84
11.3667 60.95
11.3833 61.06
11.4 61.17
11.4167 61.28
11.4333 61.38
11.45 61.48
11.4667 61.58
11.4833 61.69
11.5 61.78
11.5167 61.88
11.5333 61.98
11.55 62.07
11.5667 62.17
11.5833 62.26
11.6 62.35
11.6167 62.44
11.6333 62.52
11.65 62.61
11.6667 62.7
11.6833 62.78
11.7 62.86
11.7167 62.95
11.7333 63.03
11.75 63.1
11.7667 63.18
11.7833 63.26
11.8 63.33
11.8167 63.4
11.8333 63.47
11.85 63.55
11.8667 63.61
11.8833 63.68
11.9 63.75
11.9167 63.81
11.9333 63.87
11.95 63.94
11.9667 64.0
11.9833 64.05
12.0 64.11
12.0167 64.17
12.0333 64.22
12.05 64.28
12.0667 64.32
12.0833 64.38
12.1 64.43
12.1167 64.47
12.1333 64.52
12.15 64.56
12.1667 64.61
12.1833 64.65
12.2 64.69
12.2167 64.73
12.2333 64.77
12.25 64.8
12.2667 64.84
12.2833 64.87
12.3 64.9
12.3167 64.93
12.3333 64.96
12.35 64.99
12.3667 65.01
12.3833 65.04
12.4 65.06
12.4167 65.08
12.4333 65.1
12.45 65.12
12.4667 65.14
12.4833 65.16
12.5 65.17
12.5167 65.18
12.5333 65.19
12.55 65.2
12.5667 65.21
12.5833 65.22
12.6 65.23
12.6167 65.23
12.6333 65.23
12.65 65.24
12.6667 65.24
12.6833 65.23
12.7 65.23
12.7167 65.23
12.7333 65.22
12.75 65.21
12.7667 65.21
12.7833 65.2
12.8 65.18
12.8167 65.17
12.8333 65.16
12.85 65.14
12.8667 65.12
12.8833 65.1
12.9 65.08
12.9167 65.06
12.9333 65.04
12.95 65.02
12.9667 64.99
12.9833 64.96
13.0 64.93
13.0167 64.9
13.0333 64.87
13.05 64.84
13.0667 64.8
13.0833 64.77
13.1 64.73
13.1167 64.69
13.1333 64.65
13.15 64.61
13.1667 64.57
13.1833 64.52
13.2 64.48
13.2167 64.43
13.2333 64.38
13.25 64.33
13.2667 64.28
13.2833 64.23
13.3 64.17
13.3167 64.12
13.3333 64.06
13.35 64.0
13.3667 63.94
13.3833 63.88
13.4 63.81
13.4167 63.75
13.4333 63.68
13.45 63.62
13.4667 63.55
13.4833 63.48
13.5 63.41
13.5167 63.33
13.5333 63.26
13.55 63.19
13.5667 63.11
13.5833 63.03
13.6 62.95
13.6167 62.87
13.6333 62.79
13.65 62.7
13.6667 62.62
13.6833 62.53
13.7 62.44
13.7167 62.35
13.7333 62.26
13.75 62.17
13.7667 62.08
13.7833 61.98
13.8 61.89
13.8167 61.79
13.8333 61.69
13.85 61.59
13.8667 61.49
13.8833 61.38
13.9 61.28
13.9167 61.18
13.9333 61.07
13.95 60.96
13.9667 60.85
13.9833 60.74
14.0 60.63
14.0167 60.51
14.0333 60.4
14.05 60.28
14.0667 60.16
14.0833 60.05
14.1 59.92
14.1167 59.8
14.1333 59.68
14.15 59.56
14.1667 59.43
14.1833 59.31
14.2 59.18
14.2167 59.05
14.2333 58.92
14.25 58.79
14.2667 58.65
14.2833 58.52
14.3 58.38
14.3167 58.24
14.3333 58.11
14.35 57.97
14.3667 57.83
14.3833 57.68
14.4 57.54
14.4167 57.4
14.4333 57.25
14.45 57.1
14.4667 56.96
14.4833 56.81
14.5 56.66
14.5167 56.5
14.5333 56.35
14.55 56.2
14.5667 56.04
14.5833 55.88
14.6 55.73
14.6167 55.57
14.6333 55.41
14.65 55.25
14.6667 55.08
14.6833 54.92
14.7 54.75
14.7167 54.59
14.7333 54.42
14.75 54.25
14.7667 54.08
14.7833 53.91
14.8 53.74
14.8167 53.57
14.8333 53.39
14.85 53.22
14.8667 53.04
14.8833 52.86
14.9 52.68
14.9167 52.5
14.9333 52.32
14.95 52.14
14.9667 51.96
14.9833 51.77
15.0 51.59
15.0167 51.4
15.0333 51.21
15.05 51.02
15.0667 50.84
15.0833 50.64
15.1 50.45
15.1167 50.26
15.1333 50.07
15.15 49.87
15.1667 49.68
15.1833 49.48
15.2 49.28
15.2167 49.08
15.2333 48.88
15.25 48.68
15.2667 48.48
15.2833 48.28
15.3 48.07
15.3167 47.87
15.3333 47.66
15.35 47.45
15.3667 47.25
15.3833 47.04
15.4 46.83
15.4167 46.62
15.4333 46.41
15.45 46.19
15.4667 45.98
15.4833 45.77
15.5 45.55
15.5167 45.33
15.5333 45.12
15.55 44.9
15.5667 44.68
15.5833 44.46
15.6 44.24
15.6167 44.02
15.6333 43.8
15.65 43.57
15.6667 43.35
15.6833 43.13
15.7 42.9
15.7167 42.67
15.7333 42.45
15.75 42.22
15.7667 41.99
15.7833 41.76
15.8 41.53
15.8167 41.3
15.8333 41.07
15.85 40.84
15.8667 40.6
15.8833 40.37
15.9 40.13
15.9167 39.9
15.9333 39.66
15.95 39.43
15.9667 39.19
15.9833 38.95
16.0 38.71
16.0167 38.47
16.0333 38.23
16.05 37.99
16.0667 37.75
16.0833 37.51
16.1 37.26
16.1167 37.02
16.1333 36.78
16.15 36.53
16.1667 36.29
16.1833 36.04
16.2 35.8
16.2167 35.55
16.2333 35.3
16.25 35.06
16.2667 34.81
16.2833 34.56
16.3 34.31
16.3167 34.06
16.3333 33.81
16.35 33.56
16.3667 33.31
16.3833 33.06
16.4 32.8
16.4167 32.55
16.4333 32.3
16.45 32.05
16.4667 31.79
16.4833 31.54
16.5 31.28
16.5167 31.03
16.5333 30.78
16.55 30.52
16.5667 30.26
16.5833 30.01
16.6 29.75
16.6167 29.5
16.6333 29.24
16.65 28.98
16.6667 28.73
16.6833 28.47
16.7 28.21
16.7167 27.95
16.7333 27.7
16.75 27.44
16.7667 27.18
16.7833 26.92
16.8 26.66
16.8167 26.4
16.8333 26.14
16.85 25.89
16.8667 25.63
16.8833 25.37
16.9 25.11
16.9167 24.85
16.9333 24.59
16.95 24.33
16.9667 24.07
16.9833 23.82
17.0 23.56
17.0167 23.3
17.0333 23.04
17.05 22.78
17.0667 22.52
17.0833 22.26
17.1 22.01
17.1167 21.75
17.1333 21.49
17.15 21.23
17.1667 20.98
17.1833 20.72
17.2 20.46
17.2167 20.21
17.2333 19.95
17.25 19.7
17.2667 19.44
17.2833 19.19
17.3 18.93
17.3167 18.68
17.3333 18.43
17.35 18.17
17.3667 17.92
17.3833 17.67
17.4 17.42
17.4167 17.17
17.4333 16.92
17.45 16.67
17.4667 16.42
17.4833 16.17
17.5 15.92
17.5167 15.68
17.5333 15.43
17.55 15.19
17.5667 14.94
17.5833 14.7
17.6 14.46
17.6167 14.22
17.6333 13.98
17.65 13.74
17.6667 13.5
17.6833 13.26
17.7 13.02
17.7167 12.79
17.7333 12.55
17.75 12.32
17.7667 12.09
17.7833 11.86
17.8 11.63
17.8167 11.4
17.8333 11.17
17.85 10.95
17.8667 10.72
17.8833 10.5
17.9 10.28
17.9167 10.06
17.9333 9.84
17.95 9.623
17.9667 9.407
17.9833 9.194
18.0 8.982
18.0167 8.772
18.0333 8.564
18.05 8.356
18.0667 8.152
18.0833 7.949
18.1 7.748
18.1167 7.549
18.1333 7.351
18.15 7.156
18.1667 6.963
18.1833 6.772
18.2 6.583
18.2167 6.396
18.2333 6.211
18.25 6.028
18.2667 5.848
18.2833 5.67
18.3 5.495
18.3167 5.321
18.3333 5.15
18.35 4.981
18.3667 4.815
18.3833 4.651
18.4 4.49
18.4167 4.331
18.4333 4.174
18.45 4.02
18.4667 3.868
18.4833 3.719
18.5 3.572
18.5167 3.428
18.5333 3.286
18.55 3.147
18.5667 3.01
18.5833 2.876
18.6 2.745
18.6167 2.615
18.6333 2.488
18.65 2.364
18.6667 2.242
18.6833 2.123
18.7 2.006
18.7167 1.892
18.7333 1.78
18.75 1.671
18.7667 1.565
18.7833 1.462
18.8 1.361
18.8167 1.263
18.8333 1.168
18.85 1.077
18.8667 0.9887
18.8833 0.9041
18.9 0.8232
18.9167 0.7467
18.9333 0.675
18.95 0.5955
18.9667 0.5233
18.9833 0.4629
19.0 0.4124
19.0167 0.3552
19.0333 0.311
19.05 0.2639
19.0667 0.2249
19.0833 0.1914
19.1 0.1608
19.1167 0.1318
19.1333 0.1077
19.15 0.08797
19.1667 0.07195
19.1833 0.05645
19.2 0.04479
19.2167 0.03547
19.2333 0.0275
19.25 0.02125
19.2667 0.01632
19.2833 0.01248
19.3 0.009477
19.3167 0.006969
19.3333 0.005179
19.35 0.003714
19.3667 0.002658
19.3833 0.00185
19.4 0.001248
19.4167 0.0008203
19.4333 0.0005206
19.45 0.0003127
19.4667 0.0001634
19.4833 7.213e-05
19.5 2.033e-05
19.5167 2.489e-06
19.5333 1.323e-07
19.55 1.773e-09
19.5667 4.85e-12
19.5833 4.22e-29
19.6 0.0
19.6167 0.0
19.6333 0.0
19.65 0.0
19.6667 0.0
19.6833 0.0
19.7 0.0
19.7167 0.0
19.7333 0.0
19.75 0.0
19.7667 0.0
19.7833 0.0
19.8 0.0
19.8167 0.0
19.8333 0.0
19.85 0.0
19.8667 0.0
19.8833 0.0
19.9 0.0
19.9167 0.0
19.9333 0.0
19.95 0.0
19.9667 0.0
19.9833 0.0
20.0 0.0
20.0167 0.0
20.0333 0.0
20.05 0.0
20.0667 0.0
20.0833 0.0
20.1 0.0
20.1167 0.0
20.1333 0.0
20.15 0.0
20.1667 0.0
20.1833 0.0
20.2 0.0
20.2167 0.0
20.2333 0.0
20.25 0.0
20.2667 0.0
20.2833 0.0
20.3 0.0
20.3167 0.0
20.3333 0.0
20.35 0.0
20.3667 0.0
20.3833 0.0
20.4 0.0
20.4167 0.0
20.4333 0.0
20.45 0.0
20.4667 0.0
20.4833 0.0
20.5 0.0
20.5167 0.0
20.5333 0.0
20.55 0.0
20.5667 0.0
20.5833 0.0
20.6 0.0
20.6167 0.0
20.6333 0.0
20.65 0.0
20.6667 0.0
20.6833 0.0
20.7 0.0
20.7167 0.0
20.7333 0.0
20.75 0.0
20.7667 0.0
20.7833 0.0
20.8 0.0
20.8167 0.0
20.8333 0.0
20.85 0.0
20.8667 0.0
20.8833 0.0
20.9 0.0
20.9167 0.0
20.9333 0.0
20.95 0.0
20.9667 0.0
20.9833 0.0
21.0 0.0
21.0167 0.0
21.0333 0.0
21.05 0.0
21.0667 0.0
21.0833 0.0
21.1 0.0
21.1167 0.0
21.1333 0.0
21.15 0.0
21.1667 0.0
21.1833 0.0
21.2 0.0
21.2167 0.0
21.2333 0.0
21.25 0.0
21.2667 0.0
21.2833 0.0
21.3 0.0
21.3167 0.0
21.3333 0.0
21.35 0.0
21.3667 0.0
21.3833 0.0
21.4 0.0
21.4167 0.0
21.4333 0.0
21.45 0.0
21.4667 0.0
21.4833 0.0
21.5 0.0
21.5167 0.0
21.5333 0.0
21.55 0.0
21.5667 0.0
21.5833 0.0
21.6 0.0
21.6167 0.0
21.6333 0.0
21.65 0.0
21.6667 0.0
21.6833 0.0
21.7 0.0
21.7167 0.0
21.7333 0.0
21.75 0.0
21.7667 0.0
21.7833 0.0
21.8 0.0
21.8167 0.0
21.8333 0.0
21.85 0.0
21.8667 0.0
21.8833 0.0
21.9 0.0
21.9167 0.0
21.9333 0.0
21.95 0.0
21.9667 0.0
21.9833 0.0
22.0 0.0
22.0167 0.0
22.0333 0.0
22.05 0.0
22.0667 0.0
22.0833 0.0
22.1 0.0
22.1167 0.0
22.1333 0.0
22.15 0.0
22.1667 0.0
22.1833 0.0
22.2 0.0
22.2167 0.0
22.2333 0.0
22.25 0.0
22.2667 0.0
22.2833 0.0
22.3 0.0
22.3167 0.0
22.3333 0.0
22.35 0.0
22.3667 0.0
22.3833 0.0
22.4 0.0
22.4167 0.0
22.4333 0.0
22.45 0.0
22.4667 0.0
22.4833 0.0
22.5 0.0
22.5167 0.0
22.5333 0.0
22.55 0.0
22.5667 0.0
22.5833 0.0
22.6 0.0
22.6167 0.0
22.6333 0.0
22.65 0.0
22.6667 0.0
22.6833 0.0
22.7 0.0
22.7167 0.0
22.7333 0.0
22.75 0.0
22.7667 0.0
22.7833 0.0
22.8 0.0
22.8167 0.0
22.8333 0.0
22.85 0.0
22.8667 0.0
22.8833 0.0
22.9 0.0
22.9167 0.0
22.9333 0.0
22.95 0.0
22.9667 0.0
22.9833 0.0
23.0 0.0
23.0167 0.0
23.0333 0.0
23.05 0.0
23.0667 0.0
23.0833 0.0
23.1 0.0
23.1167 0.0
23.1333 0.0
23.15 0.0
23.1667 0.0
23.1833 0.0
23.2 0.0
23.2167 0.0
23.2333 0.0
23.25 0.0
23.2667 0.0
23.2833 0.0
23.3 0.0
23.3167 0.0
23.3333 0.0
23.35 0.0
23.3667 0.0
23.3833 0.0
23.4 0.0
23.4167 0.0
23.4333 0.0
23.45 0.0
23.4667 0.0
23.4833 0.0
23.5 0.0
23.5167 0.0
23.5333 0.0
23.55 0.0
23.5667 0.0
23.5833 0.0
23.6 0.0
23.6167 0.0
23.6333 0.0
23.65 0.0
23.6667 0.0
23.6833 0.0
23.7 0.0
23.7167 0.0
23.7333 0.0
23.75 0.0
23.7667 0.0
23.7833 0.0
23.8 0.0
23.8167 0.0
23.8333 0.0
23.85 0.0
23.8667 0.0
23.8833 0.0
23.9 0.0
23.9167 0.0
23.9333 0.0
23.95 0.0
23.9667 0.0
23.9833 0.0
