0.0 0.0
0.0167 0.0
0.0333 0.0
0.05 0.0
0.0667 0.0
0.0833 0.0
0.1 0.0
0.1167 0.0
0.1333 0.0
0.15 0.0
0.1667 0.0
0.1833 0.0
0.2 0.0
0.2167 0.0
0.2333 0.0
0.25 0.0
0.2667 0.0
0.2833 0.0
0.3 0.0
0.3167 0.0
0.3333 0.0
0.35 0.0
0.3667 0.0
0.3833 0.0
0.4 0.0
0.4167 0.0
0.4333 0.0
0.45 0.0
0.4667 0.0
0.4833 0.0
0.5 0.0
0.5167 0.0
0.5333 0.0
0.55 0.0
0.5667 0.0
0.5833 0.0
0.6 0.0
0.6167 0.0
0.6333 0.0
0.65 0.0
0.6667 0.0
0.6833 0.0
0.7 0.0
0.7167 0.0
0.7333 0.0
0.75 0.0
0.7667 0.0
0.7833 0.0
0.8 0.0
0.8167 0.0
0.8333 0.0
0.85 0.0
0.8667 0.0
0.8833 0.0
0.9 0.0
0.9167 0.0
0.9333 0.0
0.95 0.0
0.9667 0.0
0.9833 0.0
1.0 0.0
1.0167 0.0
1.0333 0.0
1.05 0.0
1.0667 0.0
1.0833 0.0
1.1 0.0
1.1167 0.0
1.1333 0.0
1.15 0.0
1.1667 0.0
1.1833 0.0
1.2 0.0
1.2167 0.0
1.2333 0.0
1.25 0.0
1.2667 0.0
1.2833 0.0
1.3 0.0
1.3167 0.0
1.3333 0.0
1.35 0.0
1.3667 0.0
1.3833 0.0
1.4 0.0
1.4167 0.0
1.4333 0.0
1.45 0.0
1.4667 0.0
1.4833 0.0
1.5 0.0
1.5167 0.0
1.5333 0.0
1.55 0.0
1.5667 0.0
1.5833 0.0
1.6 0.0
1.6167 0.0
1.6333 0.0
1.65 0.0
1.6667 0.0
1.6833 0.0
1.7 0.0
1.7167 0.0
1.7333 0.0
1.75 0.0
1.7667 0.0
1.7833 0.0
1.8 0.0
1.8167 0.0
1.8333 0.0
1.85 0.0
1.8667 0.0
1.8833 0.0
1.9 0.0
1.9167 0.0
1.9333 0.0
1.95 0.0
1.9667 0.0
1.9833 0.0
2.0 0.0
2.0167 0.0
2.0333 0.0
2.05 0.0
2.0667 0.0
2.0833 0.0
2.1 0.0
2.1167 0.0
2.1333 0.0
2.15 0.0
2.1667 0.0
2.1833 0.0
2.2 0.0
2.2167 0.0
2.2333 0.0
2.25 0.0
2.2667 0.0
2.2833 0.0
2.3 0.0
2.3167 0.0
2.3333 0.0
2.35 0.0
2.3667 0.0
2.3833 0.0
2.4 0.0
2.4167 0.0
2.4333 0.0
2.45 0.0
2.4667 0.0
2.4833 0.0
2.5 0.0
2.5167 0.0
2.5333 0.0
2.55 0.0
2.5667 0.0
2.5833 0.0
2.6 0.0
2.6167 0.0
2.6333 0.0
2.65 0.0
2.6667 0.0
2.6833 0.0
2.7 0.0
2.7167 0.0
2.7333 0.0
2.75 0.0
2.7667 0.0
2.7833 0.0
2.8 0.0
2.8167 0.0
2.8333 0.0
2.85 0.0
2.8667 0.0
2.8833 0.0
2.9 0.0
2.9167 0.0
2.9333 0.0
2.95 0.0
2.9667 0.0
2.9833 0.0
3.0 0.0
3.0167 0.0
3.0333 0.0
3.05 0.0
3.0667 0.0
3.0833 0.0
3.1 0.0
3.1167 0.0
3.1333 0.0
3.15 0.0
3.1667 0.0
3.1833 0.0
3.2 0.0
3.2167 0.0
3.2333 0.0
3.25 0.0
3.2667 0.0
3.2833 0.0
3.3 0.0
3.3167 0.0
3.3333 0.0
3.35 0.0
3.3667 0.0
3.3833 0.0
3.4 0.0
3.4167 0.0
3.4333 0.0
3.45 0.0
3.4667 0.0
3.4833 0.0
3.5 0.0
3.5167 0.0
3.5333 0.0
3.55 0.0
3.5667 0.0
3.5833 0.0
3.6 0.0
3.6167 0.0
3.6333 0.0
3.65 0.0
3.6667 0.0
3.6833 0.0
3.7 0.0
3.7167 0.0
3.7333 0.0
3.75 0.0
3.7667 0.0
3.7833 0.0
3.8 0.0
3.8167 0.0
3.8333 0.0
3.85 0.0
3.8667 0.0
3.8833 0.0
3.9 0.0
3.9167 0.0
3.9333 0.0
3.95 0.0
3.9667 0.0
3.9833 0.0
4.0 0.0
4.0167 0.0
4.0333 0.0
4.05 0.0
4.0667 0.0
4.0833 0.0
4.1 0.0
4.1167 0.0
4.1333 0.0
4.15 0.0
4.1667 0.0
4.1833 0.0
4.2 0.0
4.2167 0.0
4.2333 0.0
4.25 0.0
4.2667 0.0
4.2833 0.0
4.3 0.0
4.3167 0.0
4.3333 0.0
4.35 0.0
4.3667 0.0
4.3833 0.0
4.4 0.0
4.4167 0.0
4.4333 0.0
4.45 0.0
4.4667 0.0
4.4833 0.0
4.5 0.0
4.5167 0.0
4.5333 0.0
4.55 0.0
4.5667 0.0
4.5833 0.0
4.6 0.0
4.6167 0.0
4.6333 0.0
4.65 0.0
4.6667 0.0
4.6833 0.0
4.7 0.0
4.7167 0.0
4.7333 0.0
4.75 0.0
4.7667 0.0
4.7833 0.0
4.8 0.0
4.8167 0.0
4.8333 0.0
4.85 0.0
4.8667 0.0
4.8833 0.0
4.9 0.0
4.9167 0.0
4.9333 0.0
4.95 0.0
4.9667 0.0
4.9833 0.0
5.0 0.0
5.0167 0.0
5.0333 0.0
5.05 0.0
5.0667 0.0
5.0833 0.0
5.1 0.0
5.1167 0.0
5.1333 0.0
5.15 0.0
5.1667 0.0
5.1833 0.0
5.2 0.0
5.2167 0.0
5.2333 0.0
5.25 0.0
5.2667 0.0
5.2833 0.0
5.3 0.0
5.3167 0.0
5.3333 0.0
5.35 0.0
5.3667 0.0
5.3833 0.0
5.4 0.0
5.4167 0.0
5.4333 0.0
5.45 0.0
5.4667 0.0
5.4833 0.0
5.5 0.0
5.5167 0.0
5.5333 0.0
5.55 0.0
5.5667 0.0
5.5833 0.0
5.6 1.789e-14
5.6167 5.227e-11
5.6333 1.031e-08
5.65 3.858e-07
5.6667 5.319e-06
5.6833 3.279e-05
5.7 9.578e-05
5.7167 0.000201
5.7333 0.0003622
5.75 0.0006004
5.7667 0.0009341
5.7833 0.001404
5.8 0.002024
5.8167 0.002885
5.8333 0.004069
5.85 0.005524
5.8667 0.007561
5.8833 0.009992
5.9 0.01314
5.9167 0.01718
5.9333 0.02228
5.95 0.02869
5.9667 0.03681
5.9833 0.04719
6.0 0.05852
6.0167 0.074
6.0333 0.09053
6.05 0.1111
6.0667 0.1372
6.0833 0.1656
6.1 0.1982
6.1167 0.2298
6.1333 0.2686
6.15 0.3159
6.1667 0.3608
6.1833 0.4179
6.2 0.4685
6.2167 0.5291
6.2333 0.6015
6.25 0.6815
6.2667 0.7533
6.2833 0.8299
6.3 0.9107
6.3167 0.9954
6.3333 1.084
6.35 1.175
6.3667 1.27
6.3833 1.368
6.4 1.469
6.4167 1.572
6.4333 1.679
6.45 1.788
6.4667 1.899
6.4833 2.014
6.5 2.13
6.5167 2.25
6.5333 2.372
6.55 2.496
6.5667 2.623
6.5833 2.752
6.6 2.884
6.6167 3.018
6.6333 3.155
6.65 3.294
6.6667 3.436
6.6833 3.58
6.7 3.726
6.7167 3.876
6.7333 4.027
6.75 4.181
6.7667 4.338
6.7833 4.497
6.8 4.659
6.8167 4.822
6.8333 4.989
6.85 5.157
6.8667 5.328
6.8833 5.502
6.9 5.678
6.9167 5.856
6.9333 6.036
6.95 6.219
6.9667 6.403
6.9833 6.59
7.0 6.78
7.0167 6.971
7.0333 7.164
7.05 7.359
7.0667 7.557
7.0833 7.756
7.1 7.958
7.1167 8.161
7.1333 8.366
7.15 8.573
7.1667 8.781
7.1833 8.992
7.2 9.204
7.2167 9.418
7.2333 9.634
7.25 9.851
7.2667 10.07
7.2833 10.29
7.3 10.51
7.3167 10.74
7.3333 10.96
7.35 11.19
7.3667 11.41
7.3833 11.64
7.4 11.87
7.4167 12.1
7.4333 12.34
7.45 12.57
7.4667 12.81
7.4833 13.04
7.5 13.28
7.5167 13.52
7.5333 13.76
7.55 14.0
7.5667 14.24
7.5833 14.48
7.6 14.72
7.6167 14.97
7.6333 15.21
7.65 15.46
7.6667 15.71
7.6833 15.95
7.7 16.2
7.7167 16.45
7.7333 16.7
7.75 16.95
7.7667 17.2
7.7833 17.45
7.8 17.71
7.8167 17.96
7.8333 18.21
7.85 18.47
7.8667 18.72
7.8833 18.98
7.9 19.23
7.9167 19.49
7.9333 19.74
7.95 20.0
7.9667 20.26
7.9833 20.52
8.0 20.77
8.0167 21.03
8.0333 21.29
8.05 21.55
8.0667 21.81
8.0833 22.07
8.1 22.33
8.1167 22.59
8.1333 22.85
8.15 23.11
8.1667 23.37
8.1833 23.63
8.2 23.89
8.2167 24.15
8.2333 24.41
8.25 24.67
8.2667 24.93
8.2833 25.19
8.3 25.45
8.3167 25.71
8.3333 25.97
8.35 26.23
8.3667 26.49
8.3833 26.76
8.4 27.02
8.4167 27.28
8.4333 27.54
8.45 27.8
8.4667 28.06
8.4833 28.32
8.5 28.58
8.5167 28.84
8.5333 29.1
8.55 29.35
8.5667 29.61
8.5833 29.87
8.6 30.13
8.6167 30.39
8.6333 30.65
8.65 30.9
8.6667 31.16
8.6833 31.42
8.7 31.67
8.7167 31.93
8.7333 32.19
8.75 32.44
8.7667 32.7
8.7833 32.95
8.8 33.21
8.8167 33.46
8.8333 33.71
8.85 33.97
8.8667 34.22
8.8833 34.47
8.9 34.72
8.9167 34.98
8.9333 35.23
8.95 35.48
8.9667 35.73
8.9833 35.98
9.0 36.22
9.0167 36.47
9.0333 36.72
9.05 36.97
9.0667 37.21
9.0833 37.46
9.1 37.71
9.1167 37.95
9.1333 38.19
9.15 38.44
9.1667 38.68
9.1833 38.92
9.2 39.17
9.2167 39.41
9.2333 39.65
9.25 39.89
9.2667 40.13
9.2833 40.36
9.3 40.6
9.3167 40.84
9.3333 41.08
9.35 41.31
9.3667 41.54
9.3833 41.78
9.4 42.01
9.4167 42.24
9.4333 42.48
9.45 42.71
9.4667 42.94
9.4833 43.17
9.5 43.4
9.5167 43.62
9.5333 43.85
9.55 44.08
9.5667 44.3
9.5833 44.53
9.6 44.75
9.6167 44.97
9.6333 45.2
9.65 45.42
9.6667 45.64
9.6833 45.86
9.7 46.08
9.7167 46.29
9.7333 46.51
9.75 46.73
9.7667 46.94
9.7833 47.16
9.8 47.37
9.8167 47.58
9.8333 47.79
9.85 48.0
9.8667 48.21
9.8833 48.42
9.9 48.63
9.9167 48.83
9.9333 49.04
9.95 49.24
9.9667 49.45
9.9833 49.65
10.0 49.85
10.0167 50.05
10.0333 50.25
10.05 50.45
10.0667 50.65
10.0833 50.84
10.1 51.04
10.1167 51.23
10.1333 51.43
10.15 51.62
10.1667 51.81
10.1833 52.0
10.2 52.19
10.2167 52.38
10.2333 52.56
10.25 52.75
10.2667 52.93
10.2833 53.12
10.3 53.3
10.3167 53.48
10.3333 53.66
10.35 53.84
10.3667 54.02
10.3833 54.2
10.4 54.37
10.4167 54.55
10.4333 54.72
10.45 54.89
10.4667 55.06
10.4833 55.23
10.5 55.4
10.5167 55.57
10.5333 55.74
10.55 55.9
10.5667 56.07
10.5833 56.23
10.6 56.39
10.6167 56.55
10.6333 56.71
10.65 56.87
10.6667 57.03
10.6833 57.18
10.7 57.34
10.7167 57.49
10.7333 57.64
10.75 57.79
10.7667 57.94
10.7833 58.09
10.8 58.24
10.8167 58.39
10.8333 58.53
10.85 58.67
10.8667 58.82
10.8833 58.96
10.9 59.1
10.9167 59.23
10.9333 59.37
10.95 59.51
10.9667 59.64
10.9833 59.77
11.0 59.91
11.0167 60.04
11.0333 60.17
11.05 60.3
11.0667 60.42
11.0833 60.55
11.1 60.67
11.1167 60.8
11.1333 60.92
11.15 61.04
11.1667 61.16
11.1833 61.28
11.2 61.39
11.2167 61.51
11.2333 61.62
11.25 61.73
11.2667 61.84
11.2833 61.95
11.3 62.06
11.3167 62.17
11.3333 62.28
11.35 62.38
11.3667 62.48
11.3833 62.58
11.4 62.68
11.4167 62.78
11.4333 62.88
11.45 62.98
11.4667 63.07
11.4833 63.17
11.5 63.26
11.5167 63.35
11.5333 63.44
11.55 63.53
11.5667 63.61
11.5833 63.7
11.6 63.78
11.6167 63.87
11.6333 63.95
11.65 64.03
11.6667 64.1
11.6833 64.18
11.7 64.26
11.7167 64.33
11.7333 64.4
11.75 64.47
11.7667 64.54
11.7833 64.61
11.8 64.68
11.8167 64.75
11.8333 64.81
11.85 64.87
11.8667 64.93
11.8833 64.99
11.9 65.05
11.9167 65.11
11.9333 65.17
11.95 65.22
11.9667 65.27
11.9833 65.33
12.0 65.37
12.0167 65.42
12.0333 65.47
12.05 65.52
12.0667 65.56
12.0833 65.6
12.1 65.65
12.1167 65.69
12.1333 65.72
12.15 65.76
12.1667 65.8
12.1833 65.83
12.2 65.87
12.2167 65.9
12.2333 65.93
12.25 65.96
12.2667 65.98
12.2833 66.01
12.3 66.03
12.3167 66.06
12.3333 66.08
12.35 66.1
12.3667 66.12
12.3833 66.13
12.4 66.15
12.4167 66.16
12.4333 66.18
12.45 66.19
12.4667 66.2
12.4833 66.2
12.5 66.21
12.5167 66.22
12.5333 66.22
12.55 66.22
12.5667 66.23
12.5833 66.22
12.6 66.22
12.6167 66.22
12.6333 66.22
12.65 66.21
12.6667 66.2
12.6833 66.19
12.7 66.18
12.7167 66.17
12.7333 66.16
12.75 66.14
12.7667 66.13
12.7833 66.11
12.8 66.09
12.8167 66.07
12.8333 66.05
12.85 66.02
12.8667 66.0
12.8833 65.97
12.9 65.95
12.9167 65.92
12.9333 65.89
12.95 65.85
12.9667 65.82
12.9833 65.79
13.0 65.75
13.0167 65.71
13.0333 65.67
13.05 65.63
13.0667 65.59
13.0833 65.55
13.1 65.5
13.1167 65.45
13.1333 65.41
13.15 65.36
13.1667 65.31
13.1833 65.25
13.2 65.2
13.2167 65.15
13.2333 65.09
13.25 65.03
13.2667 64.97
13.2833 64.91
13.3 64.85
13.3167 64.79
13.3333 64.72
13.35 64.65
13.3667 64.59
13.3833 64.52
13.4 64.45
13.4167 64.38
13.4333 64.3
13.45 64.23
13.4667 64.15
13.4833 64.08
13.5 64.0
13.5167 63.92
13.5333 63.84
13.55 63.75
13.5667 63.67
13.5833 63.58
13.6 63.5
13.6167 63.41
13.6333 63.32
13.65 63.23
13.6667 63.13
13.6833 63.04
13.7 62.94
13.7167 62.85
13.7333 62.75
13.75 62.65
13.7667 62.55
13.7833 62.45
13.8 62.34
13.8167 62.24
13.8333 62.13
13.85 62.02
13.8667 61.91
13.8833 61.8
13.9 61.69
13.9167 61.58
13.9333 61.47
13.95 61.35
13.9667 61.23
13.9833 61.12
14.0 61.0
14.0167 60.87
14.0333 60.75
14.05 60.63
14.0667 60.5
14.0833 60.38
14.1 60.25
14.1167 60.12
14.1333 59.99
14.15 59.86
14.1667 59.73
14.1833 59.6
14.2 59.46
14.2167 59.32
14.2333 59.19
14.25 59.05
14.2667 58.91
14.2833 58.77
14.3 58.62
14.3167 58.48
14.3333 58.33
14.35 58.19
14.3667 58.04
14.3833 57.89
14.4 57.74
14.4167 57.59
14.4333 57.44
14.45 57.28
14.4667 57.13
14.4833 56.97
14.5 56.81
14.5167 56.66
14.5333 56.5
14.55 56.33
14.5667 56.17
14.5833 56.01
14.6 55.85
14.6167 55.68
14.6333 55.51
14.65 55.35
14.6667 55.18
14.6833 55.01
14.7 54.83
14.7167 54.66
14.7333 54.49
14.75 54.31
14.7667 54.14
14.7833 53.96
14.8 53.78
14.8167 53.6
14.8333 53.42
14.85 53.24
14.8667 53.06
14.8833 52.87
14.9 52.69
14.9167 52.5
14.9333 52.31
14.95 52.13
14.9667 51.94
14.9833 51.75
15.0 51.55
15.0167 51.36
15.0333 51.17
15.05 50.97
15.0667 50.78
15.0833 50.58
15.1 50.38
15.1167 50.18
15.1333 49.98
15.15 49.78
15.1667 49.58
15.1833 49.38
15.2 49.18
15.2167 48.97
15.2333 48.77
15.25 48.56
15.2667 48.35
15.2833 48.14
15.3 47.93
15.3167 47.72
15.3333 47.51
15.35 47.3
15.3667 47.09
15.3833 46.87
15.4 46.66
15.4167 46.44
15.4333 46.22
15.45 46.01
15.4667 45.79
15.4833 45.57
15.5 45.35
15.5167 45.13
15.5333 44.9
15.55 44.68
15.5667 44.46
15.5833 44.23
15.6 44.01
15.6167 43.78
15.6333 43.55
15.65 43.32
15.6667 43.1
15.6833 42.87
15.7 42.64
15.7167 42.4
15.7333 42.17
15.75 41.94
15.7667 41.71
15.7833 41.47
15.8 41.24
15.8167 41.0
15.8333 40.76
15.85 40.53
15.8667 40.29
15.8833 40.05
15.9 39.81
15.9167 39.57
15.9333 39.33
15.95 39.09
15.9667 38.85
15.9833 38.61
16.0 38.36
16.0167 38.12
16.0333 37.88
16.05 37.63
16.0667 37.39
16.0833 37.14
16.1 36.89
16.1167 36.65
16.1333 36.4
16.15 36.15
16.1667 35.9
16.1833 35.65
16.2 35.4
16.2167 35.15
16.2333 34.9
16.25 34.65
16.2667 34.4
16.2833 34.15
16.3 33.89
16.3167 33.64
16.3333 33.39
16.35 33.13
16.3667 32.88
16.3833 32.62
16.4 32.37
16.4167 32.11
16.4333 31.86
16.45 31.6
16.4667 31.34
16.4833 31.09
16.5 30.83
16.5167 30.57
16.5333 30.31
16.55 30.06
16.5667 29.8
16.5833 29.54
16.6 29.28
16.6167 29.02
16.6333 28.76
16.65 28.5
16.6667 28.24
16.6833 27.98
16.7 27.72
16.7167 27.46
16.7333 27.2
16.75 26.94
16.7667 26.68
16.7833 26.42
16.8 26.16
16.8167 25.9
16.8333 25.64
16.85 25.38
16.8667 25.12
16.8833 24.86
16.9 24.6
16.9167 24.34
16.9333 24.08
16.95 23.82
16.9667 23.56
16.9833 23.3
17.0 23.04
17.0167 22.78
17.0333 22.52
17.05 22.26
17.0667 22.0
17.0833 21.74
17.1 21.48
17.1167 21.22
17.1333 20.97
17.15 20.71
17.1667 20.45
17.1833 20.19
17.2 19.94
17.2167 19.68
17.2333 19.42
17.25 19.17
17.2667 18.91
17.2833 18.66
17.3 18.4
17.3167 18.15
17.3333 17.9
17.35 17.65
17.3667 17.39
17.3833 17.14
17.4 16.89
17.4167 16.64
17.4333 16.39
17.45 16.14
17.4667 15.9
17.4833 15.65
17.5 15.4
17.5167 15.16
17.5333 14.91
17.55 14.67
17.5667 14.43
17.5833 14.18
17.6 13.94
17.6167 13.7
17.6333 13.46
17.65 13.23
17.6667 12.99
17.6833 12.75
17.7 12.52
17.7167 12.29
17.7333 12.05
17.75 11.82
17.7667 11.59
17.7833 11.36
17.8 11.14
17.8167 10.91
17.8333 10.69
17.85 10.46
17.8667 10.24
17.8833 10.02
17.9 9.806
17.9167 9.589
17.9333 9.374
17.95 9.161
17.9667 8.949
17.9833 8.739
18.0 8.531
18.0167 8.325
18.0333 8.12
18.05 7.918
18.0667 7.717
18.0833 7.518
18.1 7.321
18.1167 7.127
18.1333 6.934
18.15 6.744
18.1667 6.555
18.1833 6.369
18.2 6.184
18.2167 6.002
18.2333 5.823
18.25 5.645
18.2667 5.47
18.2833 5.298
18.3 5.127
18.3167 4.959
18.3333 4.793
18.35 4.63
18.3667 4.469
18.3833 4.311
18.4 4.155
18.4167 4.001
18.4333 3.85
18.45 3.702
18.4667 3.556
18.4833 3.412
18.5 3.271
18.5167 3.133
18.5333 2.996
18.55 2.863
18.5667 2.732
18.5833 2.603
18.6 2.477
18.6167 2.353
18.6333 2.232
18.65 2.113
18.6667 1.997
18.6833 1.883
18.7 1.772
18.7167 1.663
18.7333 1.557
18.75 1.454
18.7667 1.354
18.7833 1.257
18.8 1.163
18.8167 1.072
18.8333 0.9841
18.85 0.9
18.8667 0.8198
18.8833 0.7438
18.9 0.6729
18.9167 0.5919
18.9333 0.5211
18.95 0.4619
18.9667 0.4124
18.9833 0.3543
19.0 0.3116
19.0167 0.2642
19.0333 0.225
19.05 0.1911
19.0667 0.1604
19.0833 0.1324
19.1 0.1086
19.1167 0.08888
19.1333 0.07282
19.15 0.05729
19.1667 0.04575
19.1833 0.03613
19.2 0.0281
19.2167 0.02178
19.2333 0.01678
19.25 0.01286
19.2667 0.009796
19.2833 0.007308
19.3 0.005394
19.3167 0.003962
19.3333 0.002817
19.35 0.001961
19.3667 0.001341
19.3833 0.0008921
19.4 0.0005709
19.4167 0.0003464
19.4333 0.0001927
19.45 9.145e-05
19.4667 2.951e-05
19.4833 4.74e-06
19.5 3.21e-07
19.5167 6.937e-09
19.5333 3.692e-11
19.55 1.115e-14
19.5667 0.0
19.5833 0.0
19.6 0.0
19.6167 0.0
19.6333 0.0
19.65 0.0
19.6667 0.0
19.6833 0.0
19.7 0.0
19.7167 0.0
19.7333 0.0
19.75 0.0
19.7667 0.0
19.7833 0.0
19.8 0.0
19.8167 0.0
19.8333 0.0
19.85 0.0
19.8667 0.0
19.8833 0.0
19.9 0.0
19.9167 0.0
19.9333 0.0
19.95 0.0
19.9667 0.0
19.9833 0.0
20.0 0.0
20.0167 0.0
20.0333 0.0
20.05 0.0
20.0667 0.0
20.0833 0.0
20.1 0.0
20.1167 0.0
20.1333 0.0
20.15 0.0
20.1667 0.0
20.1833 0.0
20.2 0.0
20.2167 0.0
20.2333 0.0
20.25 0.0
20.2667 0.0
20.2833 0.0
20.3 0.0
20.3167 0.0
20.3333 0.0
20.35 0.0
20.3667 0.0
20.3833 0.0
20.4 0.0
20.4167 0.0
20.4333 0.0
20.45 0.0
20.4667 0.0
20.4833 0.0
20.5 0.0
20.5167 0.0
20.5333 0.0
20.55 0.0
20.5667 0.0
20.5833 0.0
20.6 0.0
20.6167 0.0
20.6333 0.0
20.65 0.0
20.6667 0.0
20.6833 0.0
20.7 0.0
20.7167 0.0
20.7333 0.0
20.75 0.0
20.7667 0.0
20.7833 0.0
20.8 0.0
20.8167 0.0
20.8333 0.0
20.85 0.0
20.8667 0.0
20.8833 0.0
20.9 0.0
20.9167 0.0
20.9333 0.0
20.95 0.0
20.9667 0.0
20.9833 0.0
21.0 0.0
21.0167 0.0
21.0333 0.0
21.05 0.0
21.0667 0.0
21.0833 0.0
21.1 0.0
21.1167 0.0
21.1333 0.0
21.15 0.0
21.1667 0.0
21.1833 0.0
21.2 0.0
21.2167 0.0
21.2333 0.0
21.25 0.0
21.2667 0.0
21.2833 0.0
21.3 0.0
21.3167 0.0
21.3333 0.0
21.35 0.0
21.3667 0.0
21.3833 0.0
21.4 0.0
21.4167 0.0
21.4333 0.0
21.45 0.0
21.4667 0.0
21.4833 0.0
21.5 0.0
21.5167 0.0
21.5333 0.0
21.55 0.0
21.5667 0.0
21.5833 0.0
21.6 0.0
21.6167 0.0
21.6333 0.0
21.65 0.0
21.6667 0.0
21.6833 0.0
21.7 0.0
21.7167 0.0
21.7333 0.0
21.75 0.0
21.7667 0.0
21.7833 0.0
21.8 0.0
21.8167 0.0
21.8333 0.0
21.85 0.0
21.8667 0.0
21.8833 0.0
21.9 0.0
21.9167 0.0
21.9333 0.0
21.95 0.0
21.9667 0.0
21.9833 0.0
22.0 0.0
22.0167 0.0
22.0333 0.0
22.05 0.0
22.0667 0.0
22.0833 0.0
22.1 0.0
22.1167 0.0
22.1333 0.0
22.15 0.0
22.1667 0.0
22.1833 0.0
22.2 0.0
22.2167 0.0
22.2333 0.0
22.25 0.0
22.2667 0.0
22.2833 0.0
22.3 0.0
22.3167 0.0
22.3333 0.0
22.35 0.0
22.3667 0.0
22.3833 0.0
22.4 0.0
22.4167 0.0
22.4333 0.0
22.45 0.0
22.4667 0.0
22.4833 0.0
22.5 0.0
22.5167 0.0
22.5333 0.0
22.55 0.0
22.5667 0.0
22.5833 0.0
22.6 0.0
22.6167 0.0
22.6333 0.0
22.65 0.0
22.6667 0.0
22.6833 0.0
22.7 0.0
22.7167 0.0
22.7333 0.0
22.75 0.0
22.7667 0.0
22.7833 0.0
22.8 0.0
22.8167 0.0
22.8333 0.0
22.85 0.0
22.8667 0.0
22.8833 0.0
22.9 0.0
22.9167 0.0
22.9333 0.0
22.95 0.0
22.9667 0.0
22.9833 0.0
23.0 0.0
23.0167 0.0
23.0333 0.0
23.05 0.0
23.0667 0.0
23.0833 0.0
23.1 0.0
23.1167 0.0
23.1333 0.0
23.15 0.0
23.1667 0.0
23.1833 0.0
23.2 0.0
23.2167 0.0
23.2333 0.0
23.25 0.0
23.2667 0.0
23.2833 0.0
23.3 0.0
23.3167 0.0
23.3333 0.0
23.35 0.0
23.3667 0.0
23.3833 0.0
23.4 0.0
23.4167 0.0
23.4333 0.0
23.45 0.0
23.4667 0.0
23.4833 0.0
23.5 0.0
23.5167 0.0
23.5333 0.0
23.55 0.0
23.5667 0.0
23.5833 0.0
23.6 0.0
23.6167 0.0
23.6333 0.0
23.65 0.0
23.6667 0.0
23.6833 0.0
23.7 0.0
23.7167 0.0
23.7333 0.0
23.75 0.0
23.7667 0.0
23.7833 0.0
23.8 0.0
23.8167 0.0
23.8333 0.0
23.85 0.0
23.8667 0.0
23.8833 0.0
23.9 0.0
23.9167 0.0
23.9333 0.0
23.95 0.0
23.9667 0.0
23.9833 0.0
