0.0 0.0
0.0167 0.0
0.0333 0.0
0.05 0.0
0.0667 0.0
0.0833 0.0
0.1 0.0
0.1167 0.0
0.1333 0.0
0.15 0.0
0.1667 0.0
0.1833 0.0
0.2 0.0
0.2167 0.0
0.2333 0.0
0.25 0.0
0.2667 0.0
0.2833 0.0
0.3 0.0
0.3167 0.0
0.3333 0.0
0.35 0.0
0.3667 0.0
0.3833 0.0
0.4 0.0
0.4167 0.0
0.4333 0.0
0.45 0.0
0.4667 0.0
0.4833 0.0
0.5 0.0
0.5167 0.0
0.5333 0.0
0.55 0.0
0.5667 0.0
0.5833 0.0
0.6 0.0
0.6167 0.0
0.6333 0.0
0.65 0.0
0.6667 0.0
0.6833 0.0
0.7 0.0
0.7167 0.0
0.7333 0.0
0.75 0.0
0.7667 0.0
0.7833 0.0
0.8 0.0
0.8167 0.0
0.8333 0.0
0.85 0.0
0.8667 0.0
0.8833 0.0
0.9 0.0
0.9167 0.0
0.9333 0.0
0.95 0.0
0.9667 0.0
0.9833 0.0
1.0 0.0
1.0167 0.0
1.0333 0.0
1.05 0.0
1.0667 0.0
1.0833 0.0
1.1 0.0
1.1167 0.0
1.1333 0.0
1.15 0.0
1.1667 0.0
1.1833 0.0
1.2 0.0
1.2167 0.0
1.2333 0.0
1.25 0.0
1.2667 0.0
1.2833 0.0
1.3 0.0
1.3167 0.0
1.3333 0.0
1.35 0.0
1.3667 0.0
1.3833 0.0
1.4 0.0
1.4167 0.0
1.4333 0.0
1.45 0.0
1.4667 0.0
1.4833 0.0
1.5 0.0
1.5167 0.0
1.5333 0.0
1.55 0.0
1.5667 0.0
1.5833 0.0
1.6 0.0
1.6167 0.0
1.6333 0.0
1.65 0.0
1.6667 0.0
1.6833 0.0
1.7 0.0
1.7167 0.0
1.7333 0.0
1.75 0.0
1.7667 0.0
1.7833 0.0
1.8 0.0
1.8167 0.0
1.8333 0.0
1.85 0.0
1.8667 0.0
1.8833 0.0
1.9 0.0
1.9167 0.0
1.9333 0.0
1.95 0.0
1.9667 0.0
1.9833 0.0
2.0 0.0
2.0167 0.0
2.0333 0.0
2.05 0.0
2.0667 0.0
2.0833 0.0
2.1 0.0
2.1167 0.0
2.1333 0.0
2.15 0.0
2.1667 0.0
2.1833 0.0
2.2 0.0
2.2167 0.0
2.2333 0.0
2.25 0.0
2.2667 0.0
2.2833 0.0
2.3 0.0
2.3167 0.0
2.3333 0.0
2.35 0.0
2.3667 0.0
2.3833 0.0
2.4 0.0
2.4167 0.0
2.4333 0.0
2.45 0.0
2.4667 0.0
2.4833 0.0
2.5 0.0
2.5167 0.0
2.5333 0.0
2.55 0.0
2.5667 0.0
2.5833 0.0
2.6 0.0
2.6167 0.0
2.6333 0.0
2.65 0.0
2.6667 0.0
2.6833 0.0
2.7 0.0
2.7167 0.0
2.7333 0.0
2.75 0.0
2.7667 0.0
2.7833 0.0
2.8 0.0
2.8167 0.0
2.8333 0.0
2.85 0.0
2.8667 0.0
2.8833 0.0
2.9 0.0
2.9167 0.0
2.9333 0.0
2.95 0.0
2.9667 0.0
2.9833 0.0
3.0 0.0
3.0167 0.0
3.0333 0.0
3.05 0.0
3.0667 0.0
3.0833 0.0
3.1 0.0
3.1167 0.0
3.1333 0.0
3.15 0.0
3.1667 0.0
3.1833 0.0
3.2 0.0
3.2167 0.0
3.2333 0.0
3.25 0.0
3.2667 0.0
3.2833 0.0
3.3 0.0
3.3167 0.0
3.3333 0.0
3.35 0.0
3.3667 0.0
3.3833 0.0
3.4 0.0
3.4167 0.0
3.4333 0.0
3.45 0.0
3.4667 0.0
3.4833 0.0
3.5 0.0
3.5167 0.0
3.5333 0.0
3.55 0.0
3.5667 0.0
3.5833 0.0
3.6 0.0
3.6167 0.0
3.6333 0.0
3.65 0.0
3.6667 0.0
3.6833 0.0
3.7 0.0
3.7167 0.0
3.7333 0.0
3.75 0.0
3.7667 0.0
3.7833 0.0
3.8 0.0
3.8167 0.0
3.8333 0.0
3.85 0.0
3.8667 0.0
3.8833 0.0
3.9 0.0
3.9167 0.0
3.9333 0.0
3.95 0.0
3.9667 0.0
3.9833 0.0
4.0 0.0
4.0167 0.0
4.0333 0.0
4.05 0.0
4.0667 0.0
4.0833 0.0
4.1 0.0
4.1167 0.0
4.1333 0.0
4.15 0.0
4.1667 0.0
4.1833 0.0
4.2 0.0
4.2167 0.0
4.2333 0.0
4.25 0.0
4.2667 0.0
4.2833 0.0
4.3 0.0
4.3167 0.0
4.3333 0.0
4.35 0.0
4.3667 0.0
4.3833 0.0
4.4 0.0
4.4167 0.0
4.4333 0.0
4.45 0.0
4.4667 0.0
4.4833 0.0
4.5 0.0
4.5167 0.0
4.5333 0.0
4.55 0.0
4.5667 0.0
4.5833 0.0
4.6 0.0
4.6167 0.0
4.6333 0.0
4.65 0.0
4.6667 0.0
4.6833 0.0
4.7 0.0
4.7167 0.0
4.7333 0.0
4.75 0.0
4.7667 0.0
4.7833 0.0
4.8 0.0
4.8167 0.0
4.8333 0.0
4.85 0.0
4.8667 0.0
4.8833 0.0
4.9 0.0
4.9167 0.0
4.9333 0.0
4.95 0.0
4.9667 0.0
4.9833 0.0
5.0 0.0
5.0167 0.0
5.0333 0.0
5.05 0.0
5.0667 0.0
5.0833 0.0
5.1 0.0
5.1167 0.0
5.1333 0.0
5.15 0.0
5.1667 0.0
5.1833 0.0
5.2 0.0
5.2167 0.0
5.2333 0.0
5.25 0.0
5.2667 0.0
5.2833 0.0
5.3 0.0
5.3167 0.0
5.3333 0.0
5.35 0.0
5.3667 0.0
5.3833 0.0
5.4 0.0
5.4167 0.0
5.4333 0.0
5.45 0.0
5.4667 0.0
5.4833 0.0
5.5 0.0
5.5167 0.0
5.5333 0.0
5.55 0.0
5.5667 0.0
5.5833 0.0
5.6 0.0
5.6167 0.0
5.6333 0.0
5.65 0.0
5.6667 0.0
5.6833 1.166e-29
5.7 2.77e-12
5.7167 1.134e-09
5.7333 9.468e-08
5.75 1.725e-06
5.7667 1.613e-05
5.7833 6.008e-05
5.8 0.0001461
5.8167 0.0002745
5.8333 0.0004626
5.85 0.0007335
5.8667 0.001118
5.8833 0.001656
5.9 0.002402
5.9167 0.003356
5.9333 0.004647
5.95 0.006303
5.9667 0.008507
5.9833 0.01119
6.0 0.01465
6.0167 0.01905
6.0333 0.0246
6.05 0.03162
6.0667 0.04056
6.0833 0.05062
6.1 0.06382
6.1167 0.07875
6.1333 0.09867
6.15 0.1194
6.1667 0.1438
6.1833 0.1723
6.2 0.2053
6.2167 0.2439
6.2333 0.2816
6.25 0.3257
6.2667 0.3845
6.2833 0.4288
6.3 0.4817
6.3167 0.545
6.3333 0.6203
6.35 0.695
6.3667 0.7671
6.3833 0.8436
6.4 0.9242
6.4167 1.008
6.4333 1.096
6.45 1.187
6.4667 1.281
6.4833 1.378
6.5 1.477
6.5167 1.58
6.5333 1.685
6.55 1.792
6.5667 1.903
6.5833 2.015
6.6 2.131
6.6167 2.248
6.6333 2.369
6.65 2.491
6.6667 2.616
6.6833 2.744
6.7 2.874
6.7167 3.006
6.7333 3.141
6.75 3.278
6.7667 3.417
6.7833 3.56
6.8 3.704
6.8167 3.851
6.8333 4.0
6.85 4.152
6.8667 4.306
6.8833 4.463
6.9 4.622
6.9167 4.783
6.9333 4.947
6.95 5.113
6.9667 5.281
6.9833 5.452
7.0 5.625
7.0167 5.8
7.0333 5.978
7.05 6.157
7.0667 6.339
7.0833 6.523
7.1 6.709
7.1167 6.897
7.1333 7.088
7.15 7.28
7.1667 7.474
7.1833 7.67
7.2 7.868
7.2167 8.068
7.2333 8.27
7.25 8.473
7.2667 8.678
7.2833 8.885
7.3 9.094
7.3167 9.305
7.3333 9.517
7.35 9.73
7.3667 9.945
7.3833 10.16
7.4 10.38
7.4167 10.6
7.4333 10.82
7.45 11.04
7.4667 11.27
7.4833 11.49
7.5 11.72
7.5167 11.95
7.5333 12.17
7.55 12.4
7.5667 12.64
7.5833 12.87
7.6 13.1
7.6167 13.34
7.6333 13.57
7.65 13.81
7.6667 14.04
7.6833 14.28
7.7 14.52
7.7167 14.76
7.7333 15.0
7.75 15.25
7.7667 15.49
7.7833 15.73
7.8 15.98
7.8167 16.22
7.8333 16.47
7.85 16.71
7.8667 16.96
7.8833 17.21
7.9 17.46
7.9167 17.7
7.9333 17.95
7.95 18.2
7.9667 18.45
7.9833 18.7
8.0 18.96
8.0167 19.21
8.0333 19.46
8.05 19.71
8.0667 19.97
8.0833 20.22
8.1 20.47
8.1167 20.73
8.1333 20.98
8.15 21.24
8.1667 21.49
8.1833 21.75
8.2 22.0
8.2167 22.26
8.2333 22.51
8.25 22.77
8.2667 23.02
8.2833 23.28
8.3 23.54
8.3167 23.79
8.3333 24.05
8.35 24.31
8.3667 24.56
8.3833 24.82
8.4 25.08
8.4167 25.33
8.4333 25.59
8.45 25.85
8.4667 26.1
8.4833 26.36
8.5 26.62
8.5167 26.87
8.5333 27.13
8.55 27.38
8.5667 27.64
8.5833 27.9
8.6 28.15
8.6167 28.41
8.6333 28.66
8.65 28.92
8.6667 29.17
8.6833 29.43
8.7 29.68
8.7167 29.94
8.7333 30.19
8.75 30.44
8.7667 30.7
8.7833 30.95
8.8 31.2
8.8167 31.46
8.8333 31.71
8.85 31.96
8.8667 32.21
8.8833 32.46
8.9 32.71
8.9167 32.96
8.9333 33.21
8.95 33.46
8.9667 33.71
8.9833 33.96
9.0 34.21
9.0167 34.46
9.0333 34.7
9.05 34.95
9.0667 35.2
9.0833 35.44
9.1 35.69
9.1167 35.93
9.1333 36.18
9.15 36.42
9.1667 36.66
9.1833 36.91
9.2 37.15
9.2167 37.39
9.2333 37.63
9.25 37.87
9.2667 38.11
9.2833 38.35
9.3 38.59
9.3167 38.83
9.3333 39.06
9.35 39.3
9.3667 39.53
9.3833 39.77
9.4 40.0
9.4167 40.24
9.4333 40.47
9.45 40.7
9.4667 40.94
9.4833 41.17
9.5 41.4
9.5167 41.63
9.5333 41.85
9.55 42.08
9.5667 42.31
9.5833 42.54
9.6 42.76
9.6167 42.99
9.6333 43.21
9.65 43.43
9.6667 43.66
9.6833 43.88
9.7 44.1
9.7167 44.32
9.7333 44.54
9.75 44.76
9.7667 44.97
9.7833 45.19
9.8 45.41
9.8167 45.62
9.8333 45.84
9.85 46.05
9.8667 46.26
9.8833 46.47
9.9 46.68
9.9167 46.89
9.9333 47.1
9.95 47.31
9.9667 47.52
9.9833 47.72
10.0 47.93
10.0167 48.13
10.0333 48.33
10.05 48.54
10.0667 48.74
10.0833 48.94
10.1 49.14
10.1167 49.34
10.1333 49.53
10.15 49.73
10.1667 49.92
10.1833 50.12
10.2 50.31
10.2167 50.5
10.2333 50.69
10.25 50.88
10.2667 51.07
10.2833 51.26
10.3 51.45
10.3167 51.63
10.3333 51.82
10.35 52.0
10.3667 52.19
10.3833 52.37
10.4 52.55
10.4167 52.73
10.4333 52.91
10.45 53.08
10.4667 53.26
10.4833 53.43
10.5 53.61
10.5167 53.78
10.5333 53.95
10.55 54.12
10.5667 54.29
10.5833 54.46
10.6 54.63
10.6167 54.8
10.6333 54.96
10.65 55.12
10.6667 55.29
10.6833 55.45
10.7 55.61
10.7167 55.77
10.7333 55.93
10.75 56.08
10.7667 56.24
10.7833 56.39
10.8 56.55
10.8167 56.7
10.8333 56.85
10.85 57.0
10.8667 57.15
10.8833 57.3
10.9 57.44
10.9167 57.59
10.9333 57.73
10.95 57.87
10.9667 58.01
10.9833 58.15
11.0 58.29
11.0167 58.43
11.0333 58.57
11.05 58.7
11.0667 58.83
11.0833 58.97
11.1 59.1
11.1167 59.23
11.1333 59.36
11.15 59.48
11.1667 59.61
11.1833 59.73
11.2 59.86
11.2167 59.98
11.2333 60.1
11.25 60.22
11.2667 60.34
11.2833 60.46
11.3 60.57
11.3167 60.69
11.3333 60.8
11.35 60.91
11.3667 61.02
11.3833 61.13
11.4 61.24
11.4167 61.35
11.4333 61.45
11.45 61.56
11.4667 61.66
11.4833 61.76
11.5 61.86
11.5167 61.96
11.5333 62.06
11.55 62.15
11.5667 62.25
11.5833 62.34
11.6 62.43
11.6167 62.52
11.6333 62.61
11.65 62.7
11.6667 62.79
11.6833 62.87
11.7 62.96
11.7167 63.04
11.7333 63.12
11.75 63.2
11.7667 63.28
11.7833 63.36
11.8 63.43
11.8167 63.5
11.8333 63.58
11.85 63.65
11.8667 63.72
11.8833 63.79
11.9 63.86
11.9167 63.92
11.9333 63.99
11.95 64.05
11.9667 64.11
11.9833 64.17
12.0 64.23
12.0167 64.29
12.0333 64.35
12.05 64.4
12.0667 64.45
12.0833 64.51
12.1 64.56
12.1167 64.61
12.1333 64.66
12.15 64.7
12.1667 64.75
12.1833 64.79
12.2 64.83
12.2167 64.87
12.2333 64.91
12.25 64.95
12.2667 64.99
12.2833 65.02
12.3 65.06
12.3167 65.09
12.3333 65.12
12.35 65.15
12.3667 65.18
12.3833 65.2
12.4 65.23
12.4167 65.25
12.4333 65.28
12.45 65.3
12.4667 65.32
12.4833 65.33
12.5 65.35
12.5167 65.37
12.5333 65.38
12.55 65.39
12.5667 65.41
12.5833 65.42
12.6 65.42
12.6167 65.43
12.6333 65.44
12.65 65.44
12.6667 65.44
12.6833 65.44
12.7 65.44
12.7167 65.44
12.7333 65.44
12.75 65.43
12.7667 65.43
12.7833 65.42
12.8 65.41
12.8167 65.4
12.8333 65.39
12.85 65.38
12.8667 65.36
12.8833 65.35
12.9 65.33
12.9167 65.31
12.9333 65.29
12.95 65.27
12.9667 65.25
12.9833 65.22
13.0 65.2
13.0167 65.17
13.0333 65.14
13.05 65.11
13.0667 65.08
13.0833 65.05
13.1 65.01
13.1167 64.98
13.1333 64.94
13.15 64.9
13.1667 64.86
13.1833 64.82
13.2 64.78
13.2167 64.73
13.2333 64.69
13.25 64.64
13.2667 64.59
13.2833 64.54
13.3 64.49
13.3167 64.44
13.3333 64.38
13.35 64.33
13.3667 64.27
13.3833 64.21
13.4 64.15
13.4167 64.09
13.4333 64.03
13.45 63.97
13.4667 63.9
13.4833 63.84
13.5 63.77
13.5167 63.7
13.5333 63.63
13.55 63.56
13.5667 63.48
13.5833 63.41
13.6 63.33
13.6167 63.25
13.6333 63.18
13.65 63.09
13.6667 63.01
13.6833 62.93
13.7 62.85
13.7167 62.76
13.7333 62.67
13.75 62.58
13.7667 62.5
13.7833 62.4
13.8 62.31
13.8167 62.22
13.8333 62.12
13.85 62.03
13.8667 61.93
13.8833 61.83
13.9 61.73
13.9167 61.63
13.9333 61.52
13.95 61.42
13.9667 61.31
13.9833 61.21
14.0 61.1
14.0167 60.99
14.0333 60.88
14.05 60.76
14.0667 60.65
14.0833 60.54
14.1 60.42
14.1167 60.3
14.1333 60.18
14.15 60.06
14.1667 59.94
14.1833 59.82
14.2 59.7
14.2167 59.57
14.2333 59.44
14.25 59.32
14.2667 59.19
14.2833 59.06
14.3 58.92
14.3167 58.79
14.3333 58.66
14.35 58.52
14.3667 58.39
14.3833 58.25
14.4 58.11
14.4167 57.97
14.4333 57.83
14.45 57.68
14.4667 57.54
14.4833 57.39
14.5 57.25
14.5167 57.1
14.5333 56.95
14.55 56.8
14.5667 56.65
14.5833 56.5
14.6 56.34
14.6167 56.19
14.6333 56.03
14.65 55.88
14.6667 55.72
14.6833 55.56
14.7 55.4
14.7167 55.23
14.7333 55.07
14.75 54.91
14.7667 54.74
14.7833 54.57
14.8 54.41
14.8167 54.24
14.8333 54.07
14.85 53.9
14.8667 53.72
14.8833 53.55
14.9 53.38
14.9167 53.2
14.9333 53.03
14.95 52.85
14.9667 52.67
14.9833 52.49
15.0 52.31
15.0167 52.13
15.0333 51.94
15.05 51.76
15.0667 51.57
15.0833 51.39
15.1 51.2
15.1167 51.01
15.1333 50.82
15.15 50.63
15.1667 50.44
15.1833 50.25
15.2 50.05
15.2167 49.86
15.2333 49.66
15.25 49.46
15.2667 49.27
15.2833 49.07
15.3 48.87
15.3167 48.67
15.3333 48.47
15.35 48.27
15.3667 48.06
15.3833 47.86
15.4 47.65
15.4167 47.44
15.4333 47.24
15.45 47.03
15.4667 46.82
15.4833 46.61
15.5 46.4
15.5167 46.19
15.5333 45.98
15.55 45.76
15.5667 45.55
15.5833 45.33
15.6 45.12
15.6167 44.9
15.6333 44.68
15.65 44.46
15.6667 44.24
15.6833 44.02
15.7 43.8
15.7167 43.58
15.7333 43.36
15.75 43.13
15.7667 42.91
15.7833 42.68
15.8 42.46
15.8167 42.23
15.8333 42.0
15.85 41.77
15.8667 41.54
15.8833 41.31
15.9 41.08
15.9167 40.85
15.9333 40.62
15.95 40.39
15.9667 40.15
15.9833 39.92
16.0 39.69
16.0167 39.45
16.0333 39.21
16.05 38.98
16.0667 38.74
16.0833 38.5
16.1 38.26
16.1167 38.02
16.1333 37.78
16.15 37.54
16.1667 37.3
16.1833 37.06
16.2 36.82
16.2167 36.57
16.2333 36.33
16.25 36.09
16.2667 35.84
16.2833 35.6
16.3 35.35
16.3167 35.11
16.3333 34.86
16.35 34.61
16.3667 34.36
16.3833 34.12
16.4 33.87
16.4167 33.62
16.4333 33.37
16.45 33.12
16.4667 32.87
16.4833 32.62
16.5 32.37
16.5167 32.12
16.5333 31.87
16.55 31.61
16.5667 31.36
16.5833 31.11
16.6 30.85
16.6167 30.6
16.6333 30.35
16.65 30.09
16.6667 29.84
16.6833 29.58
16.7 29.33
16.7167 29.07
16.7333 28.82
16.75 28.56
16.7667 28.31
16.7833 28.05
16.8 27.8
16.8167 27.54
16.8333 27.28
16.85 27.03
16.8667 26.77
16.8833 26.51
16.9 26.26
16.9167 26.0
16.9333 25.74
16.95 25.49
16.9667 25.23
16.9833 24.97
17.0 24.72
17.0167 24.46
17.0333 24.2
17.05 23.95
17.0667 23.69
17.0833 23.43
17.1 23.18
17.1167 22.92
17.1333 22.66
17.15 22.41
17.1667 22.15
17.1833 21.9
17.2 21.64
17.2167 21.39
17.2333 21.13
17.25 20.88
17.2667 20.62
17.2833 20.37
17.3 20.11
17.3167 19.86
17.3333 19.61
17.35 19.35
17.3667 19.1
17.3833 18.85
17.4 18.6
17.4167 18.35
17.4333 18.1
17.45 17.85
17.4667 17.6
17.4833 17.35
17.5 17.1
17.5167 16.85
17.5333 16.61
17.55 16.36
17.5667 16.12
17.5833 15.87
17.6 15.63
17.6167 15.38
17.6333 15.14
17.65 14.9
17.6667 14.66
17.6833 14.42
17.7 14.18
17.7167 13.94
17.7333 13.7
17.75 13.47
17.7667 13.23
17.7833 13.0
17.8 12.76
17.8167 12.53
17.8333 12.3
17.85 12.07
17.8667 11.84
17.8833 11.62
17.9 11.39
17.9167 11.17
17.9333 10.94
17.95 10.72
17.9667 10.5
17.9833 10.28
18.0 10.06
18.0167 9.847
18.0333 9.632
18.05 9.419
18.0667 9.207
18.0833 8.998
18.1 8.789
18.1167 8.583
18.1333 8.378
18.15 8.175
18.1667 7.974
18.1833 7.775
18.2 7.578
18.2167 7.382
18.2333 7.189
18.25 6.997
18.2667 6.808
18.2833 6.621
18.3 6.435
18.3167 6.252
18.3333 6.071
18.35 5.892
18.3667 5.716
18.3833 5.541
18.4 5.369
18.4167 5.2
18.4333 5.032
18.45 4.867
18.4667 4.704
18.4833 4.544
18.5 4.386
18.5167 4.23
18.5333 4.077
18.55 3.926
18.5667 3.778
18.5833 3.632
18.6 3.488
18.6167 3.347
18.6333 3.208
18.65 3.072
18.6667 2.939
18.6833 2.808
18.7 2.679
18.7167 2.552
18.7333 2.428
18.75 2.307
18.7667 2.188
18.7833 2.071
18.8 1.957
18.8167 1.845
18.8333 1.736
18.85 1.63
18.8667 1.526
18.8833 1.425
18.9 1.326
18.9167 1.231
18.9333 1.138
18.95 1.049
18.9667 0.963
18.9833 0.8809
19.0 0.8021
19.0167 0.7278
19.0333 0.6583
19.05 0.5781
19.0667 0.5094
19.0833 0.4518
19.1 0.4037
19.1167 0.3462
19.1333 0.3051
19.15 0.2584
19.1667 0.2197
19.1833 0.1861
19.2 0.156
19.2167 0.1291
19.2333 0.1061
19.25 0.08698
19.2667 0.07046
19.2833 0.05604
19.3 0.04454
19.3167 0.03539
19.3333 0.02752
19.35 0.02133
19.3667 0.01644
19.3833 0.01261
19.4 0.009612
19.4167 0.00715
19.4333 0.005295
19.45 0.003874
19.4667 0.002768
19.4833 0.001928
19.5 0.001318
19.5167 0.0008781
19.5333 0.000563
19.55 0.0003417
19.5667 0.0001905
19.5833 9.066e-05
19.6 2.954e-05
19.6167 4.796e-06
19.6333 3.332e-07
19.65 7.567e-09
19.6667 4.304e-11
19.6833 1.34e-14
19.7 0.0
19.7167 0.0
19.7333 0.0
19.75 0.0
19.7667 0.0
19.7833 0.0
19.8 0.0
19.8167 0.0
19.8333 0.0
19.85 0.0
19.8667 0.0
19.8833 0.0
19.9 0.0
19.9167 0.0
19.9333 0.0
19.95 0.0
19.9667 0.0
19.9833 0.0
20.0 0.0
20.0167 0.0
20.0333 0.0
20.05 0.0
20.0667 0.0
20.0833 0.0
20.1 0.0
20.1167 0.0
20.1333 0.0
20.15 0.0
20.1667 0.0
20.1833 0.0
20.2 0.0
20.2167 0.0
20.2333 0.0
20.25 0.0
20.2667 0.0
20.2833 0.0
20.3 0.0
20.3167 0.0
20.3333 0.0
20.35 0.0
20.3667 0.0
20.3833 0.0
20.4 0.0
20.4167 0.0
20.4333 0.0
20.45 0.0
20.4667 0.0
20.4833 0.0
20.5 0.0
20.5167 0.0
20.5333 0.0
20.55 0.0
20.5667 0.0
20.5833 0.0
20.6 0.0
20.6167 0.0
20.6333 0.0
20.65 0.0
20.6667 0.0
20.6833 0.0
20.7 0.0
20.7167 0.0
20.7333 0.0
20.75 0.0
20.7667 0.0
20.7833 0.0
20.8 0.0
20.8167 0.0
20.8333 0.0
20.85 0.0
20.8667 0.0
20.8833 0.0
20.9 0.0
20.9167 0.0
20.9333 0.0
20.95 0.0
20.9667 0.0
20.9833 0.0
21.0 0.0
21.0167 0.0
21.0333 0.0
21.05 0.0
21.0667 0.0
21.0833 0.0
21.1 0.0
21.1167 0.0
21.1333 0.0
21.15 0.0
21.1667 0.0
21.1833 0.0
21.2 0.0
21.2167 0.0
21.2333 0.0
21.25 0.0
21.2667 0.0
21.2833 0.0
21.3 0.0
21.3167 0.0
21.3333 0.0
21.35 0.0
21.3667 0.0
21.3833 0.0
21.4 0.0
21.4167 0.0
21.4333 0.0
21.45 0.0
21.4667 0.0
21.4833 0.0
21.5 0.0
21.5167 0.0
21.5333 0.0
21.55 0.0
21.5667 0.0
21.5833 0.0
21.6 0.0
21.6167 0.0
21.6333 0.0
21.65 0.0
21.6667 0.0
21.6833 0.0
21.7 0.0
21.7167 0.0
21.7333 0.0
21.75 0.0
21.7667 0.0
21.7833 0.0
21.8 0.0
21.8167 0.0
21.8333 0.0
21.85 0.0
21.8667 0.0
21.8833 0.0
21.9 0.0
21.9167 0.0
21.9333 0.0
21.95 0.0
21.9667 0.0
21.9833 0.0
22.0 0.0
22.0167 0.0
22.0333 0.0
22.05 0.0
22.0667 0.0
22.0833 0.0
22.1 0.0
22.1167 0.0
22.1333 0.0
22.15 0.0
22.1667 0.0
22.1833 0.0
22.2 0.0
22.2167 0.0
22.2333 0.0
22.25 0.0
22.2667 0.0
22.2833 0.0
22.3 0.0
22.3167 0.0
22.3333 0.0
22.35 0.0
22.3667 0.0
22.3833 0.0
22.4 0.0
22.4167 0.0
22.4333 0.0
22.45 0.0
22.4667 0.0
22.4833 0.0
22.5 0.0
22.5167 0.0
22.5333 0.0
22.55 0.0
22.5667 0.0
22.5833 0.0
22.6 0.0
22.6167 0.0
22.6333 0.0
22.65 0.0
22.6667 0.0
22.6833 0.0
22.7 0.0
22.7167 0.0
22.7333 0.0
22.75 0.0
22.7667 0.0
22.7833 0.0
22.8 0.0
22.8167 0.0
22.8333 0.0
22.85 0.0
22.8667 0.0
22.8833 0.0
22.9 0.0
22.9167 0.0
22.9333 0.0
22.95 0.0
22.9667 0.0
22.9833 0.0
23.0 0.0
23.0167 0.0
23.0333 0.0
23.05 0.0
23.0667 0.0
23.0833 0.0
23.1 0.0
23.1167 0.0
23.1333 0.0
23.15 0.0
23.1667 0.0
23.1833 0.0
23.2 0.0
23.2167 0.0
23.2333 0.0
23.25 0.0
23.2667 0.0
23.2833 0.0
23.3 0.0
23.3167 0.0
23.3333 0.0
23.35 0.0
23.3667 0.0
23.3833 0.0
23.4 0.0
23.4167 0.0
23.4333 0.0
23.45 0.0
23.4667 0.0
23.4833 0.0
23.5 0.0
23.5167 0.0
23.5333 0.0
23.55 0.0
23.5667 0.0
23.5833 0.0
23.6 0.0
23.6167 0.0
23.6333 0.0
23.65 0.0
23.6667 0.0
23.6833 0.0
23.7 0.0
23.7167 0.0
23.7333 0.0
23.75 0.0
23.7667 0.0
23.7833 0.0
23.8 0.0
23.8167 0.0
23.8333 0.0
23.85 0.0
23.8667 0.0
23.8833 0.0
23.9 0.0
23.9167 0.0
23.9333 0.0
23.95 0.0
23.9667 0.0
23.9833 0.0
