0.0 0.0
0.0167 0.0
0.0333 0.0
0.05 0.0
0.0667 0.0
0.0833 0.0
0.1 0.0
0.1167 0.0
0.1333 0.0
0.15 0.0
0.1667 0.0
0.1833 0.0
0.2 0.0
0.2167 0.0
0.2333 0.0
0.25 0.0
0.2667 0.0
0.2833 0.0
0.3 0.0
0.3167 0.0
0.3333 0.0
0.35 0.0
0.3667 0.0
0.3833 0.0
0.4 0.0
0.4167 0.0
0.4333 0.0
0.45 0.0
0.4667 0.0
0.4833 0.0
0.5 0.0
0.5167 0.0
0.5333 0.0
0.55 0.0
0.5667 0.0
0.5833 0.0
0.6 0.0
0.6167 0.0
0.6333 0.0
0.65 0.0
0.6667 0.0
0.6833 0.0
0.7 0.0
0.7167 0.0
0.7333 0.0
0.75 0.0
0.7667 0.0
0.7833 0.0
0.8 0.0
0.8167 0.0
0.8333 0.0
0.85 0.0
0.8667 0.0
0.8833 0.0
0.9 0.0
0.9167 0.0
0.9333 0.0
0.95 0.0
0.9667 0.0
0.9833 0.0
1.0 0.0
1.0167 0.0
1.0333 0.0
1.05 0.0
1.0667 0.0
1.0833 0.0
1.1 0.0
1.1167 0.0
1.1333 0.0
1.15 0.0
1.1667 0.0
1.1833 0.0
1.2 0.0
1.2167 0.0
1.2333 0.0
1.25 0.0
1.2667 0.0
1.2833 0.0
1.3 0.0
1.3167 0.0
1.3333 0.0
1.35 0.0
1.3667 0.0
1.3833 0.0
1.4 0.0
1.4167 0.0
1.4333 0.0
1.45 0.0
1.4667 0.0
1.4833 0.0
1.5 0.0
1.5167 0.0
1.5333 0.0
1.55 0.0
1.5667 0.0
1.5833 0.0
1.6 0.0
1.6167 0.0
1.6333 0.0
1.65 0.0
1.6667 0.0
1.6833 0.0
1.7 0.0
1.7167 0.0
1.7333 0.0
1.75 0.0
1.7667 0.0
1.7833 0.0
1.8 0.0
1.8167 0.0
1.8333 0.0
1.85 0.0
1.8667 0.0
1.8833 0.0
1.9 0.0
1.9167 0.0
1.9333 0.0
1.95 0.0
1.9667 0.0
1.9833 0.0
2.0 0.0
2.0167 0.0
2.0333 0.0
2.05 0.0
2.0667 0.0
2.0833 0.0
2.1 0.0
2.1167 0.0
2.1333 0.0
2.15 0.0
2.1667 0.0
2.1833 0.0
2.2 0.0
2.2167 0.0
2.2333 0.0
2.25 0.0
2.2667 0.0
2.2833 0.0
2.3 0.0
2.3167 0.0
2.3333 0.0
2.35 0.0
2.3667 0.0
2.3833 0.0
2.4 0.0
2.4167 0.0
2.4333 0.0
2.45 0.0
2.4667 0.0
2.4833 0.0
2.5 0.0
2.5167 0.0
2.5333 0.0
2.55 0.0
2.5667 0.0
2.5833 0.0
2.6 0.0
2.6167 0.0
2.6333 0.0
2.65 0.0
2.6667 0.0
2.6833 0.0
2.7 0.0
2.7167 0.0
2.7333 0.0
2.75 0.0
2.7667 0.0
2.7833 0.0
2.8 0.0
2.8167 0.0
2.8333 0.0
2.85 0.0
2.8667 0.0
2.8833 0.0
2.9 0.0
2.9167 0.0
2.9333 0.0
2.95 0.0
2.9667 0.0
2.9833 0.0
3.0 0.0
3.0167 0.0
3.0333 0.0
3.05 0.0
3.0667 0.0
3.0833 0.0
3.1 0.0
3.1167 0.0
3.1333 0.0
3.15 0.0
3.1667 0.0
3.1833 0.0
3.2 0.0
3.2167 0.0
3.2333 0.0
3.25 0.0
3.2667 0.0
3.2833 0.0
3.3 0.0
3.3167 0.0
3.3333 0.0
3.35 0.0
3.3667 0.0
3.3833 0.0
3.4 0.0
3.4167 0.0
3.4333 0.0
3.45 0.0
3.4667 0.0
3.4833 0.0
3.5 0.0
3.5167 0.0
3.5333 0.0
3.55 0.0
3.5667 0.0
3.5833 0.0
3.6 0.0
3.6167 0.0
3.6333 0.0
3.65 0.0
3.6667 0.0
3.6833 0.0
3.7 0.0
3.7167 0.0
3.7333 0.0
3.75 0.0
3.7667 0.0
3.7833 0.0
3.8 0.0
3.8167 0.0
3.8333 0.0
3.85 0.0
3.8667 0.0
3.8833 0.0
3.9 0.0
3.9167 0.0
3.9333 0.0
3.95 0.0
3.9667 0.0
3.9833 0.0
4.0 0.0
4.0167 0.0
4.0333 0.0
4.05 0.0
4.0667 0.0
4.0833 0.0
4.1 0.0
4.1167 0.0
4.1333 0.0
4.15 0.0
4.1667 0.0
4.1833 0.0
4.2 0.0
4.2167 0.0
4.2333 0.0
4.25 0.0
4.2667 0.0
4.2833 0.0
4.3 0.0
4.3167 0.0
4.3333 0.0
4.35 0.0
4.3667 0.0
4.3833 0.0
4.4 0.0
4.4167 0.0
4.4333 0.0
4.45 0.0
4.4667 0.0
4.4833 0.0
4.5 0.0
4.5167 0.0
4.5333 0.0
4.55 0.0
4.5667 0.0
4.5833 0.0
4.6 0.0
4.6167 0.0
4.6333 0.0
4.65 0.0
4.6667 0.0
4.6833 0.0
4.7 0.0
4.7167 0.0
4.7333 0.0
4.75 0.0
4.7667 0.0
4.7833 0.0
4.8 0.0
4.8167 0.0
4.8333 0.0
4.85 0.0
4.8667 0.0
4.8833 0.0
4.9 0.0
4.9167 0.0
4.9333 0.0
4.95 0.0
4.9667 0.0
4.9833 0.0
5.0 0.0
5.0167 0.0
5.0333 0.0
5.05 0.0
5.0667 0.0
5.0833 0.0
5.1 0.0
5.1167 0.0
5.1333 0.0
5.15 0.0
5.1667 0.0
5.1833 0.0
5.2 0.0
5.2167 0.0
5.2333 0.0
5.25 0.0
5.2667 0.0
5.2833 0.0
5.3 0.0
5.3167 0.0
5.3333 0.0
5.35 0.0
5.3667 0.0
5.3833 0.0
5.4 0.0
5.4167 0.0
5.4333 0.0
5.45 0.0
5.4667 0.0
5.4833 0.0
5.5 0.0
5.5167 0.0
5.5333 0.0
5.55 0.0
5.5667 0.0
5.5833 0.0
5.6 0.0
5.6167 0.0
5.6333 0.0
5.65 0.0
5.6667 0.0
5.6833 0.0
5.7 0.0
5.7167 0.0
5.7333 0.0
5.75 0.0
5.7667 0.0
5.7833 0.0
5.8 0.0
5.8167 0.0
5.8333 0.0
5.85 0.0
5.8667 0.0
5.8833 0.0
5.9 0.0
5.9167 0.0
5.9333 0.0
5.95 0.0
5.9667 0.0
5.9833 0.0
6.0 0.0
6.0167 0.0
6.0333 0.0
6.05 0.0
6.0667 0.0
6.0833 0.0
6.1 0.0
6.1167 0.0
6.1333 0.0
6.15 0.0
6.1667 0.0
6.1833 0.0
6.2 0.0
6.2167 0.0
6.2333 0.0
6.25 0.0
6.2667 0.0
6.2833 0.0
6.3 0.0
6.3167 0.0
6.3333 0.0
6.35 0.0
6.3667 0.0
6.3833 0.0
6.4 0.0
6.4167 3.588e-14
6.4333 1.013e-10
6.45 1.926e-08
6.4667 7.319e-07
6.4833 9.683e-06
6.5 4.864e-05
6.5167 0.0001305
6.5333 0.0002648
6.55 0.0004696
6.5667 0.0007582
6.5833 0.001175
6.6 0.001766
6.6167 0.00259
6.6333 0.003722
6.65 0.005133
6.6667 0.007089
6.6833 0.009516
6.7 0.0129
6.7167 0.01696
6.7333 0.02216
6.75 0.02882
6.7667 0.03733
6.7833 0.04726
6.8 0.05985
6.8167 0.07642
6.8333 0.09378
6.85 0.1154
6.8667 0.1434
6.8833 0.1736
6.9 0.2084
6.9167 0.2442
6.9333 0.2847
6.95 0.3347
6.9667 0.3856
6.9833 0.4444
7.0 0.5001
7.0167 0.5669
7.0333 0.6467
7.05 0.729
7.0667 0.8066
7.0833 0.8893
7.1 0.9762
7.1167 1.067
7.1333 1.162
7.15 1.26
7.1667 1.361
7.1833 1.466
7.2 1.573
7.2167 1.683
7.2333 1.797
7.25 1.913
7.2667 2.032
7.2833 2.153
7.3 2.277
7.3167 2.403
7.3333 2.532
7.35 2.664
7.3667 2.798
7.3833 2.935
7.4 3.074
7.4167 3.215
7.4333 3.359
7.45 3.506
7.4667 3.655
7.4833 3.807
7.5 3.961
7.5167 4.117
7.5333 4.276
7.55 4.438
7.5667 4.602
7.5833 4.768
7.6 4.937
7.6167 5.108
7.6333 5.282
7.65 5.458
7.6667 5.636
7.6833 5.816
7.7 5.999
7.7167 6.184
7.7333 6.371
7.75 6.56
7.7667 6.752
7.7833 6.945
7.8 7.14
7.8167 7.338
7.8333 7.538
7.85 7.739
7.8667 7.942
7.8833 8.147
7.9 8.354
7.9167 8.562
7.9333 8.773
7.95 8.985
7.9667 9.199
7.9833 9.414
8.0 9.631
8.0167 9.85
8.0333 10.07
8.05 10.29
8.0667 10.51
8.0833 10.74
8.1 10.96
8.1167 11.19
8.1333 11.42
8.15 11.65
8.1667 11.88
8.1833 12.11
8.2 12.34
8.2167 12.58
8.2333 12.81
8.25 13.05
8.2667 13.28
8.2833 13.52
8.3 13.76
8.3167 14.0
8.3333 14.24
8.35 14.48
8.3667 14.72
8.3833 14.97
8.4 15.21
8.4167 15.45
8.4333 15.7
8.45 15.94
8.4667 16.19
8.4833 16.44
8.5 16.69
8.5167 16.93
8.5333 17.18
8.55 17.43
8.5667 17.68
8.5833 17.93
8.6 18.18
8.6167 18.43
8.6333 18.68
8.65 18.93
8.6667 19.18
8.6833 19.43
8.7 19.69
8.7167 19.94
8.7333 20.19
8.75 20.44
8.7667 20.7
8.7833 20.95
8.8 21.2
8.8167 21.45
8.8333 21.71
8.85 21.96
8.8667 22.21
8.8833 22.47
8.9 22.72
8.9167 22.97
8.9333 23.22
8.95 23.48
8.9667 23.73
8.9833 23.98
9.0 24.24
9.0167 24.49
9.0333 24.74
9.05 24.99
9.0667 25.25
9.0833 25.5
9.1 25.75
9.1167 26.0
9.1333 26.25
9.15 26.5
9.1667 26.75
9.1833 27.0
9.2 27.25
9.2167 27.5
9.2333 27.75
9.25 28.0
9.2667 28.25
9.2833 28.5
9.3 28.75
9.3167 28.99
9.3333 29.24
9.35 29.49
9.3667 29.73
9.3833 29.98
9.4 30.23
9.4167 30.47
9.4333 30.71
9.45 30.96
9.4667 31.2
9.4833 31.44
9.5 31.69
9.5167 31.93
9.5333 32.17
9.55 32.41
9.5667 32.65
9.5833 32.89
9.6 33.13
9.6167 33.37
9.6333 33.6
9.65 33.84
9.6667 34.08
9.6833 34.31
9.7 34.54
9.7167 34.78
9.7333 35.01
9.75 35.25
9.7667 35.48
9.7833 35.71
9.8 35.94
9.8167 36.17
9.8333 36.4
9.85 36.62
9.8667 36.85
9.8833 37.08
9.9 37.3
9.9167 37.53
9.9333 37.75
9.95 37.98
9.9667 38.2
9.9833 38.42
10.0 38.64
10.0167 38.86
10.0333 39.08
10.05 39.3
10.0667 39.51
10.0833 39.73
10.1 39.95
10.1167 40.16
10.1333 40.37
10.15 40.59
10.1667 40.8
10.1833 41.01
10.2 41.22
10.2167 41.43
10.2333 41.64
10.25 41.84
10.2667 42.05
10.2833 42.25
10.3 42.46
10.3167 42.66
10.3333 42.86
10.35 43.06
10.3667 43.26
10.3833 43.46
10.4 43.66
10.4167 43.86
10.4333 44.05
10.45 44.25
10.4667 44.44
10.4833 44.63
10.5 44.82
10.5167 45.01
10.5333 45.2
10.55 45.39
10.5667 45.58
10.5833 45.77
10.6 45.95
10.6167 46.13
10.6333 46.32
10.65 46.5
10.6667 46.68
10.6833 46.86
10.7 47.03
10.7167 47.21
10.7333 47.39
10.75 47.56
10.7667 47.74
10.7833 47.91
10.8 48.08
10.8167 48.25
10.8333 48.42
10.85 48.58
10.8667 48.75
10.8833 48.91
10.9 49.08
10.9167 49.24
10.9333 49.4
10.95 49.56
10.9667 49.72
10.9833 49.88
11.0 50.03
11.0167 50.19
11.0333 50.34
11.05 50.5
11.0667 50.65
11.0833 50.8
11.1 50.94
11.1167 51.09
11.1333 51.24
11.15 51.38
11.1667 51.53
11.1833 51.67
11.2 51.81
11.2167 51.95
11.2333 52.09
11.25 52.23
11.2667 52.36
11.2833 52.5
11.3 52.63
11.3167 52.76
11.3333 52.89
11.35 53.02
11.3667 53.15
11.3833 53.27
11.4 53.4
11.4167 53.52
11.4333 53.65
11.45 53.77
11.4667 53.89
11.4833 54.0
11.5 54.12
11.5167 54.24
11.5333 54.35
11.55 54.46
11.5667 54.57
11.5833 54.69
11.6 54.79
11.6167 54.9
11.6333 55.01
11.65 55.11
11.6667 55.21
11.6833 55.32
11.7 55.42
11.7167 55.52
11.7333 55.61
11.75 55.71
11.7667 55.8
11.7833 55.9
11.8 55.99
11.8167 56.08
11.8333 56.17
11.85 56.25
11.8667 56.34
11.8833 56.42
11.9 56.51
11.9167 56.59
11.9333 56.67
11.95 56.75
11.9667 56.83
11.9833 56.9
12.0 56.98
12.0167 57.05
12.0333 57.12
12.05 57.19
12.0667 57.26
12.0833 57.33
12.1 57.39
12.1167 57.46
12.1333 57.52
12.15 57.58
12.1667 57.64
12.1833 57.7
12.2 57.76
12.2167 57.81
12.2333 57.87
12.25 57.92
12.2667 57.97
12.2833 58.02
12.3 58.07
12.3167 58.11
12.3333 58.16
12.35 58.2
12.3667 58.25
12.3833 58.29
12.4 58.33
12.4167 58.36
12.4333 58.4
12.45 58.44
12.4667 58.47
12.4833 58.5
12.5 58.53
12.5167 58.56
12.5333 58.59
12.55 58.61
12.5667 58.64
12.5833 58.66
12.6 58.68
12.6167 58.7
12.6333 58.72
12.65 58.74
12.6667 58.75
12.6833 58.76
12.7 58.78
12.7167 58.79
12.7333 58.8
12.75 58.8
12.7667 58.81
12.7833 58.81
12.8 58.82
12.8167 58.82
12.8333 58.82
12.85 58.82
12.8667 58.82
12.8833 58.81
12.9 58.81
12.9167 58.8
12.9333 58.79
12.95 58.78
12.9667 58.77
12.9833 58.76
13.0 58.74
13.0167 58.73
13.0333 58.71
13.05 58.69
13.0667 58.67
13.0833 58.65
13.1 58.62
13.1167 58.6
13.1333 58.57
13.15 58.54
13.1667 58.51
13.1833 58.48
13.2 58.45
13.2167 58.42
13.2333 58.38
13.25 58.34
13.2667 58.31
13.2833 58.27
13.3 58.22
13.3167 58.18
13.3333 58.13
13.35 58.09
13.3667 58.04
13.3833 57.99
13.4 57.94
13.4167 57.89
13.4333 57.84
13.45 57.78
13.4667 57.73
13.4833 57.67
13.5 57.61
13.5167 57.55
13.5333 57.49
13.55 57.42
13.5667 57.36
13.5833 57.29
13.6 57.22
13.6167 57.15
13.6333 57.08
13.65 57.01
13.6667 56.94
13.6833 56.86
13.7 56.78
13.7167 56.7
13.7333 56.63
13.75 56.55
13.7667 56.46
13.7833 56.38
13.8 56.29
13.8167 56.21
13.8333 56.12
13.85 56.03
13.8667 55.94
13.8833 55.85
13.9 55.75
13.9167 55.66
13.9333 55.56
13.95 55.46
13.9667 55.36
13.9833 55.26
14.0 55.16
14.0167 55.05
14.0333 54.95
14.05 54.84
14.0667 54.73
14.0833 54.63
14.1 54.51
14.1167 54.4
14.1333 54.29
14.15 54.17
14.1667 54.06
14.1833 53.94
14.2 53.82
14.2167 53.7
14.2333 53.58
14.25 53.46
14.2667 53.33
14.2833 53.21
14.3 53.08
14.3167 52.95
14.3333 52.82
14.35 52.69
14.3667 52.56
14.3833 52.42
14.4 52.29
14.4167 52.15
14.4333 52.01
14.45 51.87
14.4667 51.73
14.4833 51.59
14.5 51.45
14.5167 51.31
14.5333 51.16
14.55 51.01
14.5667 50.86
14.5833 50.72
14.6 50.57
14.6167 50.41
14.6333 50.26
14.65 50.11
14.6667 49.95
14.6833 49.79
14.7 49.63
14.7167 49.47
14.7333 49.31
14.75 49.15
14.7667 48.99
14.7833 48.83
14.8 48.66
14.8167 48.49
14.8333 48.32
14.85 48.16
14.8667 47.99
14.8833 47.81
14.9 47.64
14.9167 47.47
14.9333 47.29
14.95 47.12
14.9667 46.94
14.9833 46.76
15.0 46.58
15.0167 46.4
15.0333 46.22
15.05 46.03
15.0667 45.85
15.0833 45.66
15.1 45.48
15.1167 45.29
15.1333 45.1
15.15 44.91
15.1667 44.72
15.1833 44.53
15.2 44.34
15.2167 44.14
15.2333 43.95
15.25 43.75
15.2667 43.55
15.2833 43.35
15.3 43.16
15.3167 42.95
15.3333 42.75
15.35 42.55
15.3667 42.35
15.3833 42.14
15.4 41.94
15.4167 41.73
15.4333 41.52
15.45 41.32
15.4667 41.11
15.4833 40.9
15.5 40.68
15.5167 40.47
15.5333 40.26
15.55 40.05
15.5667 39.83
15.5833 39.61
15.6 39.4
15.6167 39.18
15.6333 38.96
15.65 38.74
15.6667 38.52
15.6833 38.3
15.7 38.08
15.7167 37.86
15.7333 37.63
15.75 37.41
15.7667 37.18
15.7833 36.96
15.8 36.73
15.8167 36.5
15.8333 36.27
15.85 36.04
15.8667 35.81
15.8833 35.58
15.9 35.35
15.9167 35.12
15.9333 34.89
15.95 34.65
15.9667 34.42
15.9833 34.18
16.0 33.95
16.0167 33.71
16.0333 33.48
16.05 33.24
16.0667 33.0
16.0833 32.76
16.1 32.52
16.1167 32.28
16.1333 32.04
16.15 31.8
16.1667 31.56
16.1833 31.31
16.2 31.07
16.2167 30.83
16.2333 30.58
16.25 30.34
16.2667 30.09
16.2833 29.85
16.3 29.6
16.3167 29.36
16.3333 29.11
16.35 28.86
16.3667 28.61
16.3833 28.37
16.4 28.12
16.4167 27.87
16.4333 27.62
16.45 27.37
16.4667 27.12
16.4833 26.87
16.5 26.62
16.5167 26.37
16.5333 26.12
16.55 25.87
16.5667 25.62
16.5833 25.36
16.6 25.11
16.6167 24.86
16.6333 24.61
16.65 24.35
16.6667 24.1
16.6833 23.85
16.7 23.6
16.7167 23.34
16.7333 23.09
16.75 22.84
16.7667 22.58
16.7833 22.33
16.8 22.08
16.8167 21.82
16.8333 21.57
16.85 21.32
16.8667 21.07
16.8833 20.81
16.9 20.56
16.9167 20.31
16.9333 20.06
16.95 19.8
16.9667 19.55
16.9833 19.3
17.0 19.05
17.0167 18.8
17.0333 18.55
17.05 18.3
17.0667 18.05
17.0833 17.8
17.1 17.55
17.1167 17.3
17.1333 17.05
17.15 16.8
17.1667 16.55
17.1833 16.31
17.2 16.06
17.2167 15.82
17.2333 15.57
17.25 15.33
17.2667 15.08
17.2833 14.84
17.3 14.6
17.3167 14.36
17.3333 14.11
17.35 13.87
17.3667 13.64
17.3833 13.4
17.4 13.16
17.4167 12.92
17.4333 12.69
17.45 12.45
17.4667 12.22
17.4833 11.99
17.5 11.76
17.5167 11.53
17.5333 11.3
17.55 11.07
17.5667 10.85
17.5833 10.62
17.6 10.4
17.6167 10.18
17.6333 9.955
17.65 9.736
17.6667 9.518
17.6833 9.302
17.7 9.088
17.7167 8.875
17.7333 8.663
17.75 8.454
17.7667 8.246
17.7833 8.04
17.8 7.836
17.8167 7.634
17.8333 7.434
17.85 7.235
17.8667 7.039
17.8833 6.845
17.9 6.652
17.9167 6.462
17.9333 6.274
17.95 6.088
17.9667 5.904
17.9833 5.723
18.0 5.544
18.0167 5.367
18.0333 5.192
18.05 5.02
18.0667 4.85
18.0833 4.682
18.1 4.517
18.1167 4.355
18.1333 4.194
18.15 4.037
18.1667 3.881
18.1833 3.729
18.2 3.578
18.2167 3.43
18.2333 3.285
18.25 3.142
18.2667 3.002
18.2833 2.864
18.3 2.729
18.3167 2.596
18.3333 2.466
18.35 2.338
18.3667 2.213
18.3833 2.09
18.4 1.97
18.4167 1.853
18.4333 1.739
18.45 1.627
18.4667 1.518
18.4833 1.412
18.5 1.309
18.5167 1.209
18.5333 1.113
18.55 1.02
18.5667 0.9315
18.5833 0.8468
18.6 0.7666
18.6167 0.6917
18.6333 0.6046
18.65 0.5316
18.6667 0.4707
18.6833 0.42
18.7 0.357
18.7167 0.3153
18.7333 0.2651
18.75 0.223
18.7667 0.1868
18.7833 0.1553
18.8 0.1282
18.8167 0.1054
18.8333 0.08388
18.85 0.06752
18.8667 0.05308
18.8833 0.04243
18.9 0.0328
18.9167 0.02528
18.9333 0.01939
18.95 0.01481
18.9667 0.01104
18.9833 0.008212
19.0 0.006115
19.0167 0.004366
19.0333 0.003085
19.05 0.002151
19.0667 0.001465
19.0833 0.0009574
19.1 0.000597
19.1167 0.0003551
19.1333 0.0001933
19.15 8.315e-05
19.1667 2.531e-05
19.1833 2.876e-06
19.2 1.456e-07
19.2167 1.738e-09
19.2333 3.624e-12
19.25 8.951e-30
19.2667 0.0
19.2833 0.0
19.3 0.0
19.3167 0.0
19.3333 0.0
19.35 0.0
19.3667 0.0
19.3833 0.0
19.4 0.0
19.4167 0.0
19.4333 0.0
19.45 0.0
19.4667 0.0
19.4833 0.0
19.5 0.0
19.5167 0.0
19.5333 0.0
19.55 0.0
19.5667 0.0
19.5833 0.0
19.6 0.0
19.6167 0.0
19.6333 0.0
19.65 0.0
19.6667 0.0
19.6833 0.0
19.7 0.0
19.7167 0.0
19.7333 0.0
19.75 0.0
19.7667 0.0
19.7833 0.0
19.8 0.0
19.8167 0.0
19.8333 0.0
19.85 0.0
19.8667 0.0
19.8833 0.0
19.9 0.0
19.9167 0.0
19.9333 0.0
19.95 0.0
19.9667 0.0
19.9833 0.0
20.0 0.0
20.0167 0.0
20.0333 0.0
20.05 0.0
20.0667 0.0
20.0833 0.0
20.1 0.0
20.1167 0.0
20.1333 0.0
20.15 0.0
20.1667 0.0
20.1833 0.0
20.2 0.0
20.2167 0.0
20.2333 0.0
20.25 0.0
20.2667 0.0
20.2833 0.0
20.3 0.0
20.3167 0.0
20.3333 0.0
20.35 0.0
20.3667 0.0
20.3833 0.0
20.4 0.0
20.4167 0.0
20.4333 0.0
20.45 0.0
20.4667 0.0
20.4833 0.0
20.5 0.0
20.5167 0.0
20.5333 0.0
20.55 0.0
20.5667 0.0
20.5833 0.0
20.6 0.0
20.6167 0.0
20.6333 0.0
20.65 0.0
20.6667 0.0
20.6833 0.0
20.7 0.0
20.7167 0.0
20.7333 0.0
20.75 0.0
20.7667 0.0
20.7833 0.0
20.8 0.0
20.8167 0.0
20.8333 0.0
20.85 0.0
20.8667 0.0
20.8833 0.0
20.9 0.0
20.9167 0.0
20.9333 0.0
20.95 0.0
20.9667 0.0
20.9833 0.0
21.0 0.0
21.0167 0.0
21.0333 0.0
21.05 0.0
21.0667 0.0
21.0833 0.0
21.1 0.0
21.1167 0.0
21.1333 0.0
21.15 0.0
21.1667 0.0
21.1833 0.0
21.2 0.0
21.2167 0.0
21.2333 0.0
21.25 0.0
21.2667 0.0
21.2833 0.0
21.3 0.0
21.3167 0.0
21.3333 0.0
21.35 0.0
21.3667 0.0
21.3833 0.0
21.4 0.0
21.4167 0.0
21.4333 0.0
21.45 0.0
21.4667 0.0
21.4833 0.0
21.5 0.0
21.5167 0.0
21.5333 0.0
21.55 0.0
21.5667 0.0
21.5833 0.0
21.6 0.0
21.6167 0.0
21.6333 0.0
21.65 0.0
21.6667 0.0
21.6833 0.0
21.7 0.0
21.7167 0.0
21.7333 0.0
21.75 0.0
21.7667 0.0
21.7833 0.0
21.8 0.0
21.8167 0.0
21.8333 0.0
21.85 0.0
21.8667 0.0
21.8833 0.0
21.9 0.0
21.9167 0.0
21.9333 0.0
21.95 0.0
21.9667 0.0
21.9833 0.0
22.0 0.0
22.0167 0.0
22.0333 0.0
22.05 0.0
22.0667 0.0
22.0833 0.0
22.1 0.0
22.1167 0.0
22.1333 0.0
22.15 0.0
22.1667 0.0
22.1833 0.0
22.2 0.0
22.2167 0.0
22.2333 0.0
22.25 0.0
22.2667 0.0
22.2833 0.0
22.3 0.0
22.3167 0.0
22.3333 0.0
22.35 0.0
22.3667 0.0
22.3833 0.0
22.4 0.0
22.4167 0.0
22.4333 0.0
22.45 0.0
22.4667 0.0
22.4833 0.0
22.5 0.0
22.5167 0.0
22.5333 0.0
22.55 0.0
22.5667 0.0
22.5833 0.0
22.6 0.0
22.6167 0.0
22.6333 0.0
22.65 0.0
22.6667 0.0
22.6833 0.0
22.7 0.0
22.7167 0.0
22.7333 0.0
22.75 0.0
22.7667 0.0
22.7833 0.0
22.8 0.0
22.8167 0.0
22.8333 0.0
22.85 0.0
22.8667 0.0
22.8833 0.0
22.9 0.0
22.9167 0.0
22.9333 0.0
22.95 0.0
22.9667 0.0
22.9833 0.0
23.0 0.0
23.0167 0.0
23.0333 0.0
23.05 0.0
23.0667 0.0
23.0833 0.0
23.1 0.0
23.1167 0.0
23.1333 0.0
23.15 0.0
23.1667 0.0
23.1833 0.0
23.2 0.0
23.2167 0.0
23.2333 0.0
23.25 0.0
23.2667 0.0
23.2833 0.0
23.3 0.0
23.3167 0.0
23.3333 0.0
23.35 0.0
23.3667 0.0
23.3833 0.0
23.4 0.0
23.4167 0.0
23.4333 0.0
23.45 0.0
23.4667 0.0
23.4833 0.0
23.5 0.0
23.5167 0.0
23.5333 0.0
23.55 0.0
23.5667 0.0
23.5833 0.0
23.6 0.0
23.6167 0.0
23.6333 0.0
23.65 0.0
23.6667 0.0
23.6833 0.0
23.7 0.0
23.7167 0.0
23.7333 0.0
23.75 0.0
23.7667 0.0
23.7833 0.0
23.8 0.0
23.8167 0.0
23.8333 0.0
23.85 0.0
23.8667 0.0
23.8833 0.0
23.9 0.0
23.9167 0.0
23.9333 0.0
23.95 0.0
23.9667 0.0
23.9833 0.0
