0.0 0.0
0.0167 0.0
0.0333 0.0
0.05 0.0
0.0667 0.0
0.0833 0.0
0.1 0.0
0.1167 0.0
0.1333 0.0
0.15 0.0
0.1667 0.0
0.1833 0.0
0.2 0.0
0.2167 0.0
0.2333 0.0
0.25 0.0
0.2667 0.0
0.2833 0.0
0.3 0.0
0.3167 0.0
0.3333 0.0
0.35 0.0
0.3667 0.0
0.3833 0.0
0.4 0.0
0.4167 0.0
0.4333 0.0
0.45 0.0
0.4667 0.0
0.4833 0.0
0.5 0.0
0.5167 0.0
0.5333 0.0
0.55 0.0
0.5667 0.0
0.5833 0.0
0.6 0.0
0.6167 0.0
0.6333 0.0
0.65 0.0
0.6667 0.0
0.6833 0.0
0.7 0.0
0.7167 0.0
0.7333 0.0
0.75 0.0
0.7667 0.0
0.7833 0.0
0.8 0.0
0.8167 0.0
0.8333 0.0
0.85 0.0
0.8667 0.0
0.8833 0.0
0.9 0.0
0.9167 0.0
0.9333 0.0
0.95 0.0
0.9667 0.0
0.9833 0.0
1.0 0.0
1.0167 0.0
1.0333 0.0
1.05 0.0
1.0667 0.0
1.0833 0.0
1.1 0.0
1.1167 0.0
1.1333 0.0
1.15 0.0
1.1667 0.0
1.1833 0.0
1.2 0.0
1.2167 0.0
1.2333 0.0
1.25 0.0
1.2667 0.0
1.2833 0.0
1.3 0.0
1.3167 0.0
1.3333 0.0
1.35 0.0
1.3667 0.0
1.3833 0.0
1.4 0.0
1.4167 0.0
1.4333 0.0
1.45 0.0
1.4667 0.0
1.4833 0.0
1.5 0.0
1.5167 0.0
1.5333 0.0
1.55 0.0
1.5667 0.0
1.5833 0.0
1.6 0.0
1.6167 0.0
1.6333 0.0
1.65 0.0
1.6667 0.0
1.6833 0.0
1.7 0.0
1.7167 0.0
1.7333 0.0
1.75 0.0
1.7667 0.0
1.7833 0.0
1.8 0.0
1.8167 0.0
1.8333 0.0
1.85 0.0
1.8667 0.0
1.8833 0.0
1.9 0.0
1.9167 0.0
1.9333 0.0
1.95 0.0
1.9667 0.0
1.9833 0.0
2.0 0.0
2.0167 0.0
2.0333 0.0
2.05 0.0
2.0667 0.0
2.0833 0.0
2.1 0.0
2.1167 0.0
2.1333 0.0
2.15 0.0
2.1667 0.0
2.1833 0.0
2.2 0.0
2.2167 0.0
2.2333 0.0
2.25 0.0
2.2667 0.0
2.2833 0.0
2.3 0.0
2.3167 0.0
2.3333 0.0
2.35 0.0
2.3667 0.0
2.3833 0.0
2.4 0.0
2.4167 0.0
2.4333 0.0
2.45 0.0
2.4667 0.0
2.4833 0.0
2.5 0.0
2.5167 0.0
2.5333 0.0
2.55 0.0
2.5667 0.0
2.5833 0.0
2.6 0.0
2.6167 0.0
2.6333 0.0
2.65 0.0
2.6667 0.0
2.6833 0.0
2.7 0.0
2.7167 0.0
2.7333 0.0
2.75 0.0
2.7667 0.0
2.7833 0.0
2.8 0.0
2.8167 0.0
2.8333 0.0
2.85 0.0
2.8667 0.0
2.8833 0.0
2.9 0.0
2.9167 0.0
2.9333 0.0
2.95 0.0
2.9667 0.0
2.9833 0.0
3.0 0.0
3.0167 0.0
3.0333 0.0
3.05 0.0
3.0667 0.0
3.0833 0.0
3.1 0.0
3.1167 0.0
3.1333 0.0
3.15 0.0
3.1667 0.0
3.1833 0.0
3.2 0.0
3.2167 0.0
3.2333 0.0
3.25 0.0
3.2667 0.0
3.2833 0.0
3.3 0.0
3.3167 0.0
3.3333 0.0
3.35 0.0
3.3667 0.0
3.3833 0.0
3.4 0.0
3.4167 0.0
3.4333 0.0
3.45 0.0
3.4667 0.0
3.4833 0.0
3.5 0.0
3.5167 0.0
3.5333 0.0
3.55 0.0
3.5667 0.0
3.5833 0.0
3.6 0.0
3.6167 0.0
3.6333 0.0
3.65 0.0
3.6667 0.0
3.6833 0.0
3.7 0.0
3.7167 0.0
3.7333 0.0
3.75 0.0
3.7667 0.0
3.7833 0.0
3.8 0.0
3.8167 0.0
3.8333 0.0
3.85 0.0
3.8667 0.0
3.8833 0.0
3.9 0.0
3.9167 0.0
3.9333 0.0
3.95 0.0
3.9667 0.0
3.9833 0.0
4.0 0.0
4.0167 0.0
4.0333 0.0
4.05 0.0
4.0667 0.0
4.0833 0.0
4.1 0.0
4.1167 0.0
4.1333 0.0
4.15 0.0
4.1667 0.0
4.1833 0.0
4.2 0.0
4.2167 0.0
4.2333 0.0
4.25 0.0
4.2667 0.0
4.2833 0.0
4.3 0.0
4.3167 0.0
4.3333 0.0
4.35 0.0
4.3667 0.0
4.3833 0.0
4.4 0.0
4.4167 0.0
4.4333 0.0
4.45 0.0
4.4667 0.0
4.4833 0.0
4.5 0.0
4.5167 0.0
4.5333 0.0
4.55 0.0
4.5667 0.0
4.5833 0.0
4.6 0.0
4.6167 0.0
4.6333 0.0
4.65 0.0
4.6667 0.0
4.6833 0.0
4.7 0.0
4.7167 0.0
4.7333 0.0
4.75 0.0
4.7667 0.0
4.7833 0.0
4.8 0.0
4.8167 0.0
4.8333 0.0
4.85 0.0
4.8667 0.0
4.8833 0.0
4.9 0.0
4.9167 0.0
4.9333 0.0
4.95 0.0
4.9667 0.0
4.9833 0.0
5.0 0.0
5.0167 0.0
5.0333 0.0
5.05 0.0
5.0667 0.0
5.0833 0.0
5.1 0.0
5.1167 0.0
5.1333 0.0
5.15 0.0
5.1667 0.0
5.1833 0.0
5.2 0.0
5.2167 0.0
5.2333 0.0
5.25 0.0
5.2667 0.0
5.2833 0.0
5.3 0.0
5.3167 0.0
5.3333 0.0
5.35 0.0
5.3667 0.0
5.3833 0.0
5.4 0.0
5.4167 0.0
5.4333 0.0
5.45 0.0
5.4667 0.0
5.4833 0.0
5.5 0.0
5.5167 0.0
5.5333 0.0
5.55 0.0
5.5667 0.0
5.5833 0.0
5.6 0.0
5.6167 0.0
5.6333 0.0
5.65 0.0
5.6667 0.0
5.6833 0.0
5.7 0.0
5.7167 0.0
5.7333 0.0
5.75 0.0
5.7667 0.0
5.7833 0.0
5.8 0.0
5.8167 0.0
5.8333 0.0
5.85 0.0
5.8667 0.0
5.8833 0.0
5.9 0.0
5.9167 0.0
5.9333 0.0
5.95 0.0
5.9667 0.0
5.9833 0.0
6.0 0.0
6.0167 0.0
6.0333 0.0
6.05 0.0
6.0667 0.0
6.0833 0.0
6.1 0.0
6.1167 0.0
6.1333 0.0
6.15 0.0
6.1667 0.0
6.1833 0.0
6.2 0.0
6.2167 0.0
6.2333 2.693e-14
6.25 6.437e-11
6.2667 1.175e-08
6.2833 4.281e-07
6.3 5.661e-06
6.3167 3.415e-05
6.3333 9.924e-05
6.35 0.0002071
6.3667 0.0003698
6.3833 0.0006057
6.4 0.0009388
6.4167 0.001401
6.4333 0.002039
6.45 0.00292
6.4667 0.004037
6.4833 0.005545
6.5 0.007416
6.5167 0.009944
6.5333 0.01309
6.55 0.017
6.5667 0.02198
6.5833 0.02831
6.6 0.03557
6.6167 0.0449
6.6333 0.05707
6.65 0.07002
6.6667 0.0872
6.6833 0.1068
6.7 0.1288
6.7167 0.1545
6.7333 0.1842
6.75 0.2185
6.7667 0.2585
6.7833 0.2965
6.8 0.3425
6.8167 0.3948
6.8333 0.448
6.85 0.5007
6.8667 0.5633
6.8833 0.6374
6.9 0.7167
6.9167 0.7888
6.9333 0.8653
6.95 0.9459
6.9667 1.03
6.9833 1.117
7.0 1.208
7.0167 1.301
7.0333 1.398
7.05 1.497
7.0667 1.598
7.0833 1.702
7.1 1.809
7.1167 1.918
7.1333 2.029
7.15 2.143
7.1667 2.259
7.1833 2.376
7.2 2.497
7.2167 2.619
7.2333 2.744
7.25 2.87
7.2667 2.999
7.2833 3.13
7.3 3.263
7.3167 3.398
7.3333 3.535
7.35 3.675
7.3667 3.816
7.3833 3.96
7.4 4.106
7.4167 4.253
7.4333 4.403
7.45 4.555
7.4667 4.709
7.4833 4.865
7.5 5.023
7.5167 5.183
7.5333 5.345
7.55 5.508
7.5667 5.674
7.5833 5.842
7.6 6.011
7.6167 6.182
7.6333 6.356
7.65 6.53
7.6667 6.707
7.6833 6.885
7.7 7.065
7.7167 7.246
7.7333 7.43
7.75 7.614
7.7667 7.8
7.7833 7.988
7.8 8.177
7.8167 8.368
7.8333 8.559
7.85 8.753
7.8667 8.947
7.8833 9.143
7.9 9.341
7.9167 9.539
7.9333 9.738
7.95 9.939
7.9667 10.14
7.9833 10.34
8.0 10.55
8.0167 10.75
8.0333 10.96
8.05 11.17
8.0667 11.37
8.0833 11.58
8.1 11.79
8.1167 12.0
8.1333 12.21
8.15 12.43
8.1667 12.64
8.1833 12.85
8.2 13.07
8.2167 13.28
8.2333 13.5
8.25 13.71
8.2667 13.93
8.2833 14.15
8.3 14.36
8.3167 14.58
8.3333 14.8
8.35 15.02
8.3667 15.24
8.3833 15.46
8.4 15.68
8.4167 15.9
8.4333 16.12
8.45 16.34
8.4667 16.56
8.4833 16.79
8.5 17.01
8.5167 17.23
8.5333 17.45
8.55 17.68
8.5667 17.9
8.5833 18.12
8.6 18.34
8.6167 18.57
8.6333 18.79
8.65 19.01
8.6667 19.24
8.6833 19.46
8.7 19.68
8.7167 19.91
8.7333 20.13
8.75 20.35
8.7667 20.57
8.7833 20.8
8.8 21.02
8.8167 21.24
8.8333 21.46
8.85 21.69
8.8667 21.91
8.8833 22.13
8.9 22.35
8.9167 22.57
8.9333 22.79
8.95 23.02
8.9667 23.24
8.9833 23.46
9.0 23.68
9.0167 23.9
9.0333 24.11
9.05 24.33
9.0667 24.55
9.0833 24.77
9.1 24.99
9.1167 25.21
9.1333 25.42
9.15 25.64
9.1667 25.85
9.1833 26.07
9.2 26.28
9.2167 26.5
9.2333 26.71
9.25 26.93
9.2667 27.14
9.2833 27.35
9.3 27.56
9.3167 27.78
9.3333 27.99
9.35 28.2
9.3667 28.41
9.3833 28.62
9.4 28.82
9.4167 29.03
9.4333 29.24
9.45 29.45
9.4667 29.65
9.4833 29.86
9.5 30.06
9.5167 30.26
9.5333 30.47
9.55 30.67
9.5667 30.87
9.5833 31.07
9.6 31.27
9.6167 31.47
9.6333 31.67
9.65 31.87
9.6667 32.07
9.6833 32.26
9.7 32.46
9.7167 32.65
9.7333 32.85
9.75 33.04
9.7667 33.23
9.7833 33.42
9.8 33.61
9.8167 33.8
9.8333 33.99
9.85 34.18
9.8667 34.37
9.8833 34.56
9.9 34.74
9.9167 34.93
9.9333 35.11
9.95 35.29
9.9667 35.47
9.9833 35.66
10.0 35.83
10.0167 36.01
10.0333 36.19
10.05 36.37
10.0667 36.55
10.0833 36.72
10.1 36.89
10.1167 37.07
10.1333 37.24
10.15 37.41
10.1667 37.58
10.1833 37.75
10.2 37.92
10.2167 38.09
10.2333 38.25
10.25 38.42
10.2667 38.58
10.2833 38.75
10.3 38.91
10.3167 39.07
10.3333 39.23
10.35 39.39
10.3667 39.54
10.3833 39.7
10.4 39.86
10.4167 40.01
10.4333 40.16
10.45 40.32
10.4667 40.47
10.4833 40.62
10.5 40.77
10.5167 40.92
10.5333 41.06
10.55 41.21
10.5667 41.35
10.5833 41.5
10.6 41.64
10.6167 41.78
10.6333 41.92
10.65 42.06
10.6667 42.19
10.6833 42.33
10.7 42.47
10.7167 42.6
10.7333 42.73
10.75 42.86
10.7667 42.99
10.7833 43.12
10.8 43.25
10.8167 43.38
10.8333 43.5
10.85 43.63
10.8667 43.75
10.8833 43.87
10.9 43.99
10.9167 44.11
10.9333 44.23
10.95 44.35
10.9667 44.46
10.9833 44.58
11.0 44.69
11.0167 44.8
11.0333 44.91
11.05 45.02
11.0667 45.13
11.0833 45.24
11.1 45.34
11.1167 45.45
11.1333 45.55
11.15 45.65
11.1667 45.75
11.1833 45.85
11.2 45.95
11.2167 46.05
11.2333 46.14
11.25 46.24
11.2667 46.33
11.2833 46.42
11.3 46.51
11.3167 46.6
11.3333 46.69
11.35 46.77
11.3667 46.86
11.3833 46.94
11.4 47.02
11.4167 47.1
11.4333 47.18
11.45 47.26
11.4667 47.34
11.4833 47.42
11.5 47.49
11.5167 47.56
11.5333 47.63
11.55 47.7
11.5667 47.77
11.5833 47.84
11.6 47.91
11.6167 47.97
11.6333 48.03
11.65 48.1
11.6667 48.16
11.6833 48.22
11.7 48.27
11.7167 48.33
11.7333 48.39
11.75 48.44
11.7667 48.49
11.7833 48.54
11.8 48.59
11.8167 48.64
11.8333 48.69
11.85 48.73
11.8667 48.78
11.8833 48.82
11.9 48.86
11.9167 48.9
11.9333 48.94
11.95 48.98
11.9667 49.01
11.9833 49.05
12.0 49.08
12.0167 49.11
12.0333 49.14
12.05 49.17
12.0667 49.2
12.0833 49.23
12.1 49.25
12.1167 49.27
12.1333 49.3
12.15 49.32
12.1667 49.34
12.1833 49.35
12.2 49.37
12.2167 49.39
12.2333 49.4
12.25 49.41
12.2667 49.42
12.2833 49.43
12.3 49.44
12.3167 49.45
12.3333 49.45
12.35 49.46
12.3667 49.46
12.3833 49.46
12.4 49.46
12.4167 49.46
12.4333 49.45
12.45 49.45
12.4667 49.44
12.4833 49.44
12.5 49.43
12.5167 49.42
12.5333 49.41
12.55 49.39
12.5667 49.38
12.5833 49.36
12.6 49.34
12.6167 49.33
12.6333 49.31
12.65 49.29
12.6667 49.26
12.6833 49.24
12.7 49.21
12.7167 49.19
12.7333 49.16
12.75 49.13
12.7667 49.1
12.7833 49.06
12.8 49.03
12.8167 49.0
12.8333 48.96
12.85 48.92
12.8667 48.88
12.8833 48.84
12.9 48.8
12.9167 48.75
12.9333 48.71
12.95 48.66
12.9667 48.62
12.9833 48.57
13.0 48.52
13.0167 48.46
13.0333 48.41
13.05 48.36
13.0667 48.3
13.0833 48.24
13.1 48.18
13.1167 48.12
13.1333 48.06
13.15 48.0
13.1667 47.94
13.1833 47.87
13.2 47.8
13.2167 47.74
13.2333 47.67
13.25 47.6
13.2667 47.52
13.2833 47.45
13.3 47.37
13.3167 47.3
13.3333 47.22
13.35 47.14
13.3667 47.06
13.3833 46.98
13.4 46.9
13.4167 46.81
13.4333 46.73
13.45 46.64
13.4667 46.55
13.4833 46.46
13.5 46.37
13.5167 46.28
13.5333 46.19
13.55 46.09
13.5667 46.0
13.5833 45.9
13.6 45.8
13.6167 45.7
13.6333 45.6
13.65 45.5
13.6667 45.39
13.6833 45.29
13.7 45.18
13.7167 45.07
13.7333 44.96
13.75 44.85
13.7667 44.74
13.7833 44.63
13.8 44.52
13.8167 44.4
13.8333 44.29
13.85 44.17
13.8667 44.05
13.8833 43.93
13.9 43.81
13.9167 43.69
13.9333 43.56
13.95 43.44
13.9667 43.31
13.9833 43.18
14.0 43.05
14.0167 42.92
14.0333 42.79
14.05 42.66
14.0667 42.53
14.0833 42.39
14.1 42.26
14.1167 42.12
14.1333 41.98
14.15 41.84
14.1667 41.7
14.1833 41.56
14.2 41.42
14.2167 41.27
14.2333 41.13
14.25 40.98
14.2667 40.84
14.2833 40.69
14.3 40.54
14.3167 40.39
14.3333 40.24
14.35 40.08
14.3667 39.93
14.3833 39.77
14.4 39.62
14.4167 39.46
14.4333 39.3
14.45 39.14
14.4667 38.98
14.4833 38.82
14.5 38.66
14.5167 38.49
14.5333 38.33
14.55 38.16
14.5667 38.0
14.5833 37.83
14.6 37.66
14.6167 37.49
14.6333 37.32
14.65 37.15
14.6667 36.98
14.6833 36.8
14.7 36.63
14.7167 36.45
14.7333 36.28
14.75 36.1
14.7667 35.92
14.7833 35.74
14.8 35.56
14.8167 35.38
14.8333 35.2
14.85 35.01
14.8667 34.83
14.8833 34.64
14.9 34.46
14.9167 34.27
14.9333 34.08
14.95 33.89
14.9667 33.7
14.9833 33.51
15.0 33.32
15.0167 33.13
15.0333 32.94
15.05 32.74
15.0667 32.55
15.0833 32.35
15.1 32.16
15.1167 31.96
15.1333 31.76
15.15 31.57
15.1667 31.37
15.1833 31.17
15.2 30.97
15.2167 30.76
15.2333 30.56
15.25 30.36
15.2667 30.16
15.2833 29.95
15.3 29.75
15.3167 29.54
15.3333 29.34
15.35 29.13
15.3667 28.92
15.3833 28.71
15.4 28.5
15.4167 28.3
15.4333 28.09
15.45 27.87
15.4667 27.66
15.4833 27.45
15.5 27.24
15.5167 27.03
15.5333 26.81
15.55 26.6
15.5667 26.39
15.5833 26.17
15.6 25.96
15.6167 25.74
15.6333 25.52
15.65 25.31
15.6667 25.09
15.6833 24.87
15.7 24.65
15.7167 24.44
15.7333 24.22
15.75 24.0
15.7667 23.78
15.7833 23.56
15.8 23.34
15.8167 23.12
15.8333 22.9
15.85 22.68
15.8667 22.46
15.8833 22.23
15.9 22.01
15.9167 21.79
15.9333 21.57
15.95 21.35
15.9667 21.12
15.9833 20.9
16.0 20.68
16.0167 20.46
16.0333 20.23
16.05 20.01
16.0667 19.79
16.0833 19.56
16.1 19.34
16.1167 19.12
16.1333 18.9
16.15 18.67
16.1667 18.45
16.1833 18.23
16.2 18.0
16.2167 17.78
16.2333 17.56
16.25 17.34
16.2667 17.11
16.2833 16.89
16.3 16.67
16.3167 16.45
16.3333 16.23
16.35 16.01
16.3667 15.78
16.3833 15.56
16.4 15.34
16.4167 15.12
16.4333 14.9
16.45 14.69
16.4667 14.47
16.4833 14.25
16.5 14.03
16.5167 13.82
16.5333 13.6
16.55 13.38
16.5667 13.17
16.5833 12.95
16.6 12.74
16.6167 12.53
16.6333 12.31
16.65 12.1
16.6667 11.89
16.6833 11.68
16.7 11.47
16.7167 11.26
16.7333 11.06
16.75 10.85
16.7667 10.65
16.7833 10.44
16.8 10.24
16.8167 10.04
16.8333 9.834
16.85 9.634
16.8667 9.435
16.8833 9.237
16.9 9.041
16.9167 8.845
16.9333 8.651
16.95 8.459
16.9667 8.268
16.9833 8.078
17.0 7.889
17.0167 7.703
17.0333 7.517
17.05 7.333
17.0667 7.151
17.0833 6.971
17.1 6.792
17.1167 6.614
17.1333 6.439
17.15 6.265
17.1667 6.093
17.1833 5.923
17.2 5.754
17.2167 5.588
17.2333 5.423
17.25 5.26
17.2667 5.099
17.2833 4.94
17.3 4.784
17.3167 4.629
17.3333 4.476
17.35 4.325
17.3667 4.176
17.3833 4.03
17.4 3.885
17.4167 3.742
17.4333 3.602
17.45 3.464
17.4667 3.328
17.4833 3.194
17.5 3.062
17.5167 2.932
17.5333 2.804
17.55 2.679
17.5667 2.555
17.5833 2.434
17.6 2.315
17.6167 2.198
17.6333 2.084
17.65 1.971
17.6667 1.861
17.6833 1.753
17.7 1.648
17.7167 1.545
17.7333 1.445
17.75 1.348
17.7667 1.253
17.7833 1.161
17.8 1.072
17.8167 0.9861
17.8333 0.9038
17.85 0.8253
17.8667 0.7511
17.8833 0.6778
17.9 0.5976
17.9167 0.5297
17.9333 0.4724
17.95 0.4242
17.9667 0.3644
17.9833 0.3229
18.0 0.2746
18.0167 0.2347
18.0333 0.2009
18.05 0.1716
18.0667 0.1418
18.0833 0.1164
18.1 0.09542
18.1167 0.0783
18.1333 0.0627
18.15 0.05048
18.1667 0.03981
18.1833 0.03165
18.2 0.0249
18.2167 0.0193
18.2333 0.01489
18.25 0.01144
18.2667 0.00854
18.2833 0.006396
18.3 0.004777
18.3167 0.003419
18.3333 0.002435
18.35 0.001709
18.3667 0.001152
18.3833 0.0007562
18.4 0.0004776
18.4167 0.0002836
18.4333 0.0001467
18.45 6.051e-05
18.4667 1.609e-05
18.4833 1.632e-06
18.5 8.363e-08
18.5167 1.014e-09
18.5333 2.302e-12
18.55 6.377e-30
18.5667 0.0
18.5833 0.0
18.6 0.0
18.6167 0.0
18.6333 0.0
18.65 0.0
18.6667 0.0
18.6833 0.0
18.7 0.0
18.7167 0.0
18.7333 0.0
18.75 0.0
18.7667 0.0
18.7833 0.0
18.8 0.0
18.8167 0.0
18.8333 0.0
18.85 0.0
18.8667 0.0
18.8833 0.0
18.9 0.0
18.9167 0.0
18.9333 0.0
18.95 0.0
18.9667 0.0
18.9833 0.0
19.0 0.0
19.0167 0.0
19.0333 0.0
19.05 0.0
19.0667 0.0
19.0833 0.0
19.1 0.0
19.1167 0.0
19.1333 0.0
19.15 0.0
19.1667 0.0
19.1833 0.0
19.2 0.0
19.2167 0.0
19.2333 0.0
19.25 0.0
19.2667 0.0
19.2833 0.0
19.3 0.0
19.3167 0.0
19.3333 0.0
19.35 0.0
19.3667 0.0
19.3833 0.0
19.4 0.0
19.4167 0.0
19.4333 0.0
19.45 0.0
19.4667 0.0
19.4833 0.0
19.5 0.0
19.5167 0.0
19.5333 0.0
19.55 0.0
19.5667 0.0
19.5833 0.0
19.6 0.0
19.6167 0.0
19.6333 0.0
19.65 0.0
19.6667 0.0
19.6833 0.0
19.7 0.0
19.7167 0.0
19.7333 0.0
19.75 0.0
19.7667 0.0
19.7833 0.0
19.8 0.0
19.8167 0.0
19.8333 0.0
19.85 0.0
19.8667 0.0
19.8833 0.0
19.9 0.0
19.9167 0.0
19.9333 0.0
19.95 0.0
19.9667 0.0
19.9833 0.0
20.0 0.0
20.0167 0.0
20.0333 0.0
20.05 0.0
20.0667 0.0
20.0833 0.0
20.1 0.0
20.1167 0.0
20.1333 0.0
20.15 0.0
20.1667 0.0
20.1833 0.0
20.2 0.0
20.2167 0.0
20.2333 0.0
20.25 0.0
20.2667 0.0
20.2833 0.0
20.3 0.0
20.3167 0.0
20.3333 0.0
20.35 0.0
20.3667 0.0
20.3833 0.0
20.4 0.0
20.4167 0.0
20.4333 0.0
20.45 0.0
20.4667 0.0
20.4833 0.0
20.5 0.0
20.5167 0.0
20.5333 0.0
20.55 0.0
20.5667 0.0
20.5833 0.0
20.6 0.0
20.6167 0.0
20.6333 0.0
20.65 0.0
20.6667 0.0
20.6833 0.0
20.7 0.0
20.7167 0.0
20.7333 0.0
20.75 0.0
20.7667 0.0
20.7833 0.0
20.8 0.0
20.8167 0.0
20.8333 0.0
20.85 0.0
20.8667 0.0
20.8833 0.0
20.9 0.0
20.9167 0.0
20.9333 0.0
20.95 0.0
20.9667 0.0
20.9833 0.0
21.0 0.0
21.0167 0.0
21.0333 0.0
21.05 0.0
21.0667 0.0
21.0833 0.0
21.1 0.0
21.1167 0.0
21.1333 0.0
21.15 0.0
21.1667 0.0
21.1833 0.0
21.2 0.0
21.2167 0.0
21.2333 0.0
21.25 0.0
21.2667 0.0
21.2833 0.0
21.3 0.0
21.3167 0.0
21.3333 0.0
21.35 0.0
21.3667 0.0
21.3833 0.0
21.4 0.0
21.4167 0.0
21.4333 0.0
21.45 0.0
21.4667 0.0
21.4833 0.0
21.5 0.0
21.5167 0.0
21.5333 0.0
21.55 0.0
21.5667 0.0
21.5833 0.0
21.6 0.0
21.6167 0.0
21.6333 0.0
21.65 0.0
21.6667 0.0
21.6833 0.0
21.7 0.0
21.7167 0.0
21.7333 0.0
21.75 0.0
21.7667 0.0
21.7833 0.0
21.8 0.0
21.8167 0.0
21.8333 0.0
21.85 0.0
21.8667 0.0
21.8833 0.0
21.9 0.0
21.9167 0.0
21.9333 0.0
21.95 0.0
21.9667 0.0
21.9833 0.0
22.0 0.0
22.0167 0.0
22.0333 0.0
22.05 0.0
22.0667 0.0
22.0833 0.0
22.1 0.0
22.1167 0.0
22.1333 0.0
22.15 0.0
22.1667 0.0
22.1833 0.0
22.2 0.0
22.2167 0.0
22.2333 0.0
22.25 0.0
22.2667 0.0
22.2833 0.0
22.3 0.0
22.3167 0.0
22.3333 0.0
22.35 0.0
22.3667 0.0
22.3833 0.0
22.4 0.0
22.4167 0.0
22.4333 0.0
22.45 0.0
22.4667 0.0
22.4833 0.0
22.5 0.0
22.5167 0.0
22.5333 0.0
22.55 0.0
22.5667 0.0
22.5833 0.0
22.6 0.0
22.6167 0.0
22.6333 0.0
22.65 0.0
22.6667 0.0
22.6833 0.0
22.7 0.0
22.7167 0.0
22.7333 0.0
22.75 0.0
22.7667 0.0
22.7833 0.0
22.8 0.0
22.8167 0.0
22.8333 0.0
22.85 0.0
22.8667 0.0
22.8833 0.0
22.9 0.0
22.9167 0.0
22.9333 0.0
22.95 0.0
22.9667 0.0
22.9833 0.0
23.0 0.0
23.0167 0.0
23.0333 0.0
23.05 0.0
23.0667 0.0
23.0833 0.0
23.1 0.0
23.1167 0.0
23.1333 0.0
23.15 0.0
23.1667 0.0
23.1833 0.0
23.2 0.0
23.2167 0.0
23.2333 0.0
23.25 0.0
23.2667 0.0
23.2833 0.0
23.3 0.0
23.3167 0.0
23.3333 0.0
23.35 0.0
23.3667 0.0
23.3833 0.0
23.4 0.0
23.4167 0.0
23.4333 0.0
23.45 0.0
23.4667 0.0
23.4833 0.0
23.5 0.0
23.5167 0.0
23.5333 0.0
23.55 0.0
23.5667 0.0
23.5833 0.0
23.6 0.0
23.6167 0.0
23.6333 0.0
23.65 0.0
23.6667 0.0
23.6833 0.0
23.7 0.0
23.7167 0.0
23.7333 0.0
23.75 0.0
23.7667 0.0
23.7833 0.0
23.8 0.0
23.8167 0.0
23.8333 0.0
23.85 0.0
23.8667 0.0
23.8833 0.0
23.9 0.0
23.9167 0.0
23.9333 0.0
23.95 0.0
23.9667 0.0
23.9833 0.0
