0.0 0.0
0.0167 0.0
0.0333 0.0
0.05 0.0
0.0667 0.0
0.0833 0.0
0.1 0.0
0.1167 0.0
0.1333 0.0
0.15 0.0
0.1667 0.0
0.1833 0.0
0.2 0.0
0.2167 0.0
0.2333 0.0
0.25 0.0
0.2667 0.0
0.2833 0.0
0.3 0.0
0.3167 0.0
0.3333 0.0
0.35 0.0
0.3667 0.0
0.3833 0.0
0.4 0.0
0.4167 0.0
0.4333 0.0
0.45 0.0
0.4667 0.0
0.4833 0.0
0.5 0.0
0.5167 0.0
0.5333 0.0
0.55 0.0
0.5667 0.0
0.5833 0.0
0.6 0.0
0.6167 0.0
0.6333 0.0
0.65 0.0
0.6667 0.0
0.6833 0.0
0.7 0.0
0.7167 0.0
0.7333 0.0
0.75 0.0
0.7667 0.0
0.7833 0.0
0.8 0.0
0.8167 0.0
0.8333 0.0
0.85 0.0
0.8667 0.0
0.8833 0.0
0.9 0.0
0.9167 0.0
0.9333 0.0
0.95 0.0
0.9667 0.0
0.9833 0.0
1.0 0.0
1.0167 0.0
1.0333 0.0
1.05 0.0
1.0667 0.0
1.0833 0.0
1.1 0.0
1.1167 0.0
1.1333 0.0
1.15 0.0
1.1667 0.0
1.1833 0.0
1.2 0.0
1.2167 0.0
1.2333 0.0
1.25 0.0
1.2667 0.0
1.2833 0.0
1.3 0.0
1.3167 0.0
1.3333 0.0
1.35 0.0
1.3667 0.0
1.3833 0.0
1.4 0.0
1.4167 0.0
1.4333 0.0
1.45 0.0
1.4667 0.0
1.4833 0.0
1.5 0.0
1.5167 0.0
1.5333 0.0
1.55 0.0
1.5667 0.0
1.5833 0.0
1.6 0.0
1.6167 0.0
1.6333 0.0
1.65 0.0
1.6667 0.0
1.6833 0.0
1.7 0.0
1.7167 0.0
1.7333 0.0
1.75 0.0
1.7667 0.0
1.7833 0.0
1.8 0.0
1.8167 0.0
1.8333 0.0
1.85 0.0
1.8667 0.0
1.8833 0.0
1.9 0.0
1.9167 0.0
1.9333 0.0
1.95 0.0
1.9667 0.0
1.9833 0.0
2.0 0.0
2.0167 0.0
2.0333 0.0
2.05 0.0
2.0667 0.0
2.0833 0.0
2.1 0.0
2.1167 0.0
2.1333 0.0
2.15 0.0
2.1667 0.0
2.1833 0.0
2.2 0.0
2.2167 0.0
2.2333 0.0
2.25 0.0
2.2667 0.0
2.2833 0.0
2.3 0.0
2.3167 0.0
2.3333 0.0
2.35 0.0
2.3667 0.0
2.3833 0.0
2.4 0.0
2.4167 0.0
2.4333 0.0
2.45 0.0
2.4667 0.0
2.4833 0.0
2.5 0.0
2.5167 0.0
2.5333 0.0
2.55 0.0
2.5667 0.0
2.5833 0.0
2.6 0.0
2.6167 0.0
2.6333 0.0
2.65 0.0
2.6667 0.0
2.6833 0.0
2.7 0.0
2.7167 0.0
2.7333 0.0
2.75 0.0
2.7667 0.0
2.7833 0.0
2.8 0.0
2.8167 0.0
2.8333 0.0
2.85 0.0
2.8667 0.0
2.8833 0.0
2.9 0.0
2.9167 0.0
2.9333 0.0
2.95 0.0
2.9667 0.0
2.9833 0.0
3.0 0.0
3.0167 0.0
3.0333 0.0
3.05 0.0
3.0667 0.0
3.0833 0.0
3.1 0.0
3.1167 0.0
3.1333 0.0
3.15 0.0
3.1667 0.0
3.1833 0.0
3.2 0.0
3.2167 0.0
3.2333 0.0
3.25 0.0
3.2667 0.0
3.2833 0.0
3.3 0.0
3.3167 0.0
3.3333 0.0
3.35 0.0
3.3667 0.0
3.3833 0.0
3.4 0.0
3.4167 0.0
3.4333 0.0
3.45 0.0
3.4667 0.0
3.4833 0.0
3.5 0.0
3.5167 0.0
3.5333 0.0
3.55 0.0
3.5667 0.0
3.5833 0.0
3.6 0.0
3.6167 0.0
3.6333 0.0
3.65 0.0
3.6667 0.0
3.6833 0.0
3.7 0.0
3.7167 0.0
3.7333 0.0
3.75 0.0
3.7667 0.0
3.7833 0.0
3.8 0.0
3.8167 0.0
3.8333 0.0
3.85 0.0
3.8667 0.0
3.8833 0.0
3.9 0.0
3.9167 0.0
3.9333 0.0
3.95 0.0
3.9667 0.0
3.9833 0.0
4.0 0.0
4.0167 0.0
4.0333 0.0
4.05 0.0
4.0667 0.0
4.0833 0.0
4.1 0.0
4.1167 0.0
4.1333 0.0
4.15 0.0
4.1667 0.0
4.1833 0.0
4.2 0.0
4.2167 0.0
4.2333 0.0
4.25 0.0
4.2667 0.0
4.2833 0.0
4.3 0.0
4.3167 0.0
4.3333 0.0
4.35 0.0
4.3667 0.0
4.3833 0.0
4.4 0.0
4.4167 0.0
4.4333 0.0
4.45 0.0
4.4667 0.0
4.4833 0.0
4.5 0.0
4.5167 0.0
4.5333 0.0
4.55 0.0
4.5667 0.0
4.5833 0.0
4.6 0.0
4.6167 0.0
4.6333 0.0
4.65 0.0
4.6667 0.0
4.6833 0.0
4.7 0.0
4.7167 0.0
4.7333 0.0
4.75 0.0
4.7667 0.0
4.7833 0.0
4.8 0.0
4.8167 0.0
4.8333 0.0
4.85 0.0
4.8667 0.0
4.8833 0.0
4.9 0.0
4.9167 0.0
4.9333 0.0
4.95 0.0
4.9667 0.0
4.9833 0.0
5.0 0.0
5.0167 0.0
5.0333 0.0
5.05 0.0
5.0667 0.0
5.0833 0.0
5.1 0.0
5.1167 0.0
5.1333 0.0
5.15 0.0
5.1667 0.0
5.1833 0.0
5.2 0.0
5.2167 0.0
5.2333 0.0
5.25 0.0
5.2667 0.0
5.2833 0.0
5.3 0.0
5.3167 0.0
5.3333 0.0
5.35 0.0
5.3667 0.0
5.3833 0.0
5.4 0.0
5.4167 0.0
5.4333 0.0
5.45 0.0
5.4667 0.0
5.4833 0.0
5.5 0.0
5.5167 0.0
5.5333 0.0
5.55 0.0
5.5667 0.0
5.5833 0.0
5.6 0.0
5.6167 0.0
5.6333 0.0
5.65 0.0
5.6667 0.0
5.6833 0.0
5.7 0.0
5.7167 0.0
5.7333 0.0
5.75 0.0
5.7667 0.0
5.7833 0.0
5.8 0.0
5.8167 0.0
5.8333 0.0
5.85 0.0
5.8667 0.0
5.8833 0.0
5.9 0.0
5.9167 0.0
5.9333 0.0
5.95 0.0
5.9667 0.0
5.9833 0.0
6.0 0.0
6.0167 0.0
6.0333 0.0
6.05 0.0
6.0667 0.0
6.0833 0.0
6.1 0.0
6.1167 0.0
6.1333 0.0
6.15 0.0
6.1667 0.0
6.1833 0.0
6.2 0.0
6.2167 0.0
6.2333 0.0
6.25 0.0
6.2667 0.0
6.2833 0.0
6.3 0.0
6.3167 0.0
6.3333 0.0
6.35 0.0
6.3667 0.0
6.3833 0.0
6.4 0.0
6.4167 0.0
6.4333 0.0
6.45 0.0
6.4667 0.0
6.4833 0.0
6.5 0.0
6.5167 0.0
6.5333 4.657e-14
6.55 1.079e-10
6.5667 1.909e-08
6.5833 7.062e-07
6.6 9.293e-06
6.6167 4.613e-05
6.6333 0.0001264
6.65 0.000254
6.6667 0.000449
6.6833 0.0007366
6.7 0.001138
6.7167 0.00171
6.7333 0.002485
6.75 0.003503
6.7667 0.004914
6.7833 0.0067
6.8 0.009105
6.8167 0.01205
6.8333 0.01588
6.85 0.02077
6.8667 0.02692
6.8833 0.03462
6.9 0.0444
6.9167 0.05695
6.9333 0.07035
6.95 0.08923
6.9667 0.1086
6.9833 0.1322
7.0 0.1596
7.0167 0.1913
7.0333 0.2274
7.05 0.2692
7.0667 0.3192
7.0833 0.3612
7.1 0.4236
7.1167 0.4739
7.1333 0.5341
7.15 0.6061
7.1667 0.6917
7.1833 0.7666
7.2 0.8454
7.2167 0.9287
7.2333 1.016
7.25 1.107
7.2667 1.202
7.2833 1.3
7.3 1.401
7.3167 1.505
7.3333 1.612
7.35 1.722
7.3667 1.834
7.3833 1.949
7.4 2.067
7.4167 2.187
7.4333 2.309
7.45 2.434
7.4667 2.562
7.4833 2.692
7.5 2.824
7.5167 2.959
7.5333 3.096
7.55 3.236
7.5667 3.378
7.5833 3.523
7.6 3.669
7.6167 3.818
7.6333 3.97
7.65 4.124
7.6667 4.28
7.6833 4.439
7.7 4.6
7.7167 4.763
7.7333 4.928
7.75 5.096
7.7667 5.266
7.7833 5.438
7.8 5.613
7.8167 5.789
7.8333 5.968
7.85 6.149
7.8667 6.332
7.8833 6.517
7.9 6.704
7.9167 6.893
7.9333 7.084
7.95 7.277
7.9667 7.472
7.9833 7.668
8.0 7.866
8.0167 8.067
8.0333 8.268
8.05 8.472
8.0667 8.677
8.0833 8.883
8.1 9.092
8.1167 9.302
8.1333 9.513
8.15 9.726
8.1667 9.94
8.1833 10.16
8.2 10.37
8.2167 10.59
8.2333 10.81
8.25 11.03
8.2667 11.25
8.2833 11.47
8.3 11.7
8.3167 11.92
8.3333 12.15
8.35 12.38
8.3667 12.61
8.3833 12.83
8.4 13.07
8.4167 13.3
8.4333 13.53
8.45 13.76
8.4667 13.99
8.4833 14.23
8.5 14.46
8.5167 14.7
8.5333 14.93
8.55 15.17
8.5667 15.41
8.5833 15.65
8.6 15.89
8.6167 16.12
8.6333 16.36
8.65 16.6
8.6667 16.84
8.6833 17.09
8.7 17.33
8.7167 17.57
8.7333 17.81
8.75 18.05
8.7667 18.3
8.7833 18.54
8.8 18.78
8.8167 19.03
8.8333 19.27
8.85 19.51
8.8667 19.76
8.8833 20.0
8.9 20.24
8.9167 20.49
8.9333 20.73
8.95 20.98
8.9667 21.22
8.9833 21.47
9.0 21.71
9.0167 21.96
9.0333 22.2
9.05 22.44
9.0667 22.69
9.0833 22.93
9.1 23.18
9.1167 23.42
9.1333 23.66
9.15 23.91
9.1667 24.15
9.1833 24.4
9.2 24.64
9.2167 24.88
9.2333 25.12
9.25 25.37
9.2667 25.61
9.2833 25.85
9.3 26.09
9.3167 26.33
9.3333 26.57
9.35 26.81
9.3667 27.05
9.3833 27.29
9.4 27.53
9.4167 27.77
9.4333 28.01
9.45 28.25
9.4667 28.48
9.4833 28.72
9.5 28.96
9.5167 29.19
9.5333 29.43
9.55 29.66
9.5667 29.9
9.5833 30.13
9.6 30.37
9.6167 30.6
9.6333 30.83
9.65 31.06
9.6667 31.29
9.6833 31.53
9.7 31.75
9.7167 31.98
9.7333 32.21
9.75 32.44
9.7667 32.67
9.7833 32.89
9.8 33.12
9.8167 33.35
9.8333 33.57
9.85 33.79
9.8667 34.02
9.8833 34.24
9.9 34.46
9.9167 34.68
9.9333 34.9
9.95 35.12
9.9667 35.34
9.9833 35.56
10.0 35.78
10.0167 35.99
10.0333 36.21
10.05 36.42
10.0667 36.63
10.0833 36.85
10.1 37.06
10.1167 37.27
10.1333 37.48
10.15 37.69
10.1667 37.9
10.1833 38.11
10.2 38.31
10.2167 38.52
10.2333 38.72
10.25 38.93
10.2667 39.13
10.2833 39.33
10.3 39.53
10.3167 39.73
10.3333 39.93
10.35 40.13
10.3667 40.33
10.3833 40.52
10.4 40.72
10.4167 40.91
10.4333 41.1
10.45 41.3
10.4667 41.49
10.4833 41.68
10.5 41.87
10.5167 42.05
10.5333 42.24
10.55 42.43
10.5667 42.61
10.5833 42.8
10.6 42.98
10.6167 43.16
10.6333 43.34
10.65 43.52
10.6667 43.7
10.6833 43.88
10.7 44.05
10.7167 44.23
10.7333 44.4
10.75 44.57
10.7667 44.74
10.7833 44.91
10.8 45.08
10.8167 45.25
10.8333 45.42
10.85 45.58
10.8667 45.75
10.8833 45.91
10.9 46.07
10.9167 46.24
10.9333 46.4
10.95 46.55
10.9667 46.71
10.9833 46.87
11.0 47.02
11.0167 47.18
11.0333 47.33
11.05 47.48
11.0667 47.63
11.0833 47.78
11.1 47.93
11.1167 48.07
11.1333 48.22
11.15 48.36
11.1667 48.5
11.1833 48.65
11.2 48.79
11.2167 48.93
11.2333 49.06
11.25 49.2
11.2667 49.33
11.2833 49.47
11.3 49.6
11.3167 49.73
11.3333 49.86
11.35 49.99
11.3667 50.12
11.3833 50.24
11.4 50.37
11.4167 50.49
11.4333 50.61
11.45 50.73
11.4667 50.85
11.4833 50.97
11.5 51.09
11.5167 51.2
11.5333 51.31
11.55 51.43
11.5667 51.54
11.5833 51.65
11.6 51.76
11.6167 51.86
11.6333 51.97
11.65 52.07
11.6667 52.18
11.6833 52.28
11.7 52.38
11.7167 52.48
11.7333 52.57
11.75 52.67
11.7667 52.76
11.7833 52.86
11.8 52.95
11.8167 53.04
11.8333 53.13
11.85 53.22
11.8667 53.3
11.8833 53.39
11.9 53.47
11.9167 53.55
11.9333 53.64
11.95 53.71
11.9667 53.79
11.9833 53.87
12.0 53.94
12.0167 54.02
12.0333 54.09
12.05 54.16
12.0667 54.23
12.0833 54.3
12.1 54.36
12.1167 54.43
12.1333 54.49
12.15 54.56
12.1667 54.62
12.1833 54.67
12.2 54.73
12.2167 54.79
12.2333 54.84
12.25 54.9
12.2667 54.95
12.2833 55.0
12.3 55.05
12.3167 55.1
12.3333 55.14
12.35 55.19
12.3667 55.23
12.3833 55.27
12.4 55.31
12.4167 55.35
12.4333 55.39
12.45 55.43
12.4667 55.46
12.4833 55.49
12.5 55.52
12.5167 55.55
12.5333 55.58
12.55 55.61
12.5667 55.64
12.5833 55.66
12.6 55.68
12.6167 55.7
12.6333 55.72
12.65 55.74
12.6667 55.76
12.6833 55.77
12.7 55.79
12.7167 55.8
12.7333 55.81
12.75 55.82
12.7667 55.83
12.7833 55.83
12.8 55.84
12.8167 55.84
12.8333 55.85
12.85 55.85
12.8667 55.85
12.8833 55.84
12.9 55.84
12.9167 55.83
12.9333 55.83
12.95 55.82
12.9667 55.81
12.9833 55.8
13.0 55.79
13.0167 55.77
13.0333 55.76
13.05 55.74
13.0667 55.72
13.0833 55.7
13.1 55.68
13.1167 55.66
13.1333 55.63
13.15 55.6
13.1667 55.58
13.1833 55.55
13.2 55.52
13.2167 55.49
13.2333 55.45
13.25 55.42
13.2667 55.38
13.2833 55.34
13.3 55.31
13.3167 55.27
13.3333 55.22
13.35 55.18
13.3667 55.13
13.3833 55.09
13.4 55.04
13.4167 54.99
13.4333 54.94
13.45 54.89
13.4667 54.83
13.4833 54.78
13.5 54.72
13.5167 54.66
13.5333 54.6
13.55 54.54
13.5667 54.48
13.5833 54.42
13.6 54.35
13.6167 54.29
13.6333 54.22
13.65 54.15
13.6667 54.08
13.6833 54.0
13.7 53.93
13.7167 53.86
13.7333 53.78
13.75 53.7
13.7667 53.62
13.7833 53.54
13.8 53.46
13.8167 53.37
13.8333 53.29
13.85 53.2
13.8667 53.11
13.8833 53.02
13.9 52.93
13.9167 52.84
13.9333 52.75
13.95 52.65
13.9667 52.56
13.9833 52.46
14.0 52.36
14.0167 52.26
14.0333 52.16
14.05 52.06
14.0667 51.95
14.0833 51.84
14.1 51.74
14.1167 51.63
14.1333 51.52
14.15 51.41
14.1667 51.29
14.1833 51.18
14.2 51.06
14.2167 50.95
14.2333 50.83
14.25 50.71
14.2667 50.59
14.2833 50.47
14.3 50.34
14.3167 50.22
14.3333 50.09
14.35 49.97
14.3667 49.84
14.3833 49.71
14.4 49.58
14.4167 49.44
14.4333 49.31
14.45 49.17
14.4667 49.04
14.4833 48.9
14.5 48.76
14.5167 48.62
14.5333 48.48
14.55 48.34
14.5667 48.19
14.5833 48.05
14.6 47.9
14.6167 47.75
14.6333 47.6
14.65 47.45
14.6667 47.3
14.6833 47.15
14.7 46.99
14.7167 46.84
14.7333 46.68
14.75 46.53
14.7667 46.37
14.7833 46.21
14.8 46.05
14.8167 45.88
14.8333 45.72
14.85 45.55
14.8667 45.39
14.8833 45.22
14.9 45.05
14.9167 44.88
14.9333 44.71
14.95 44.54
14.9667 44.37
14.9833 44.2
15.0 44.02
15.0167 43.84
15.0333 43.67
15.05 43.49
15.0667 43.31
15.0833 43.13
15.1 42.95
15.1167 42.76
15.1333 42.58
15.15 42.39
15.1667 42.21
15.1833 42.02
15.2 41.83
15.2167 41.64
15.2333 41.45
15.25 41.26
15.2667 41.07
15.2833 40.88
15.3 40.68
15.3167 40.49
15.3333 40.29
15.35 40.09
15.3667 39.9
15.3833 39.7
15.4 39.5
15.4167 39.29
15.4333 39.09
15.45 38.89
15.4667 38.69
15.4833 38.48
15.5 38.27
15.5167 38.07
15.5333 37.86
15.55 37.65
15.5667 37.44
15.5833 37.23
15.6 37.02
15.6167 36.81
15.6333 36.6
15.65 36.38
15.6667 36.17
15.6833 35.95
15.7 35.74
15.7167 35.52
15.7333 35.3
15.75 35.08
15.7667 34.86
15.7833 34.64
15.8 34.42
15.8167 34.2
15.8333 33.98
15.85 33.75
15.8667 33.53
15.8833 33.31
15.9 33.08
15.9167 32.85
15.9333 32.63
15.95 32.4
15.9667 32.17
15.9833 31.94
16.0 31.71
16.0167 31.48
16.0333 31.25
16.05 31.02
16.0667 30.79
16.0833 30.56
16.1 30.33
16.1167 30.09
16.1333 29.86
16.15 29.62
16.1667 29.39
16.1833 29.15
16.2 28.92
16.2167 28.68
16.2333 28.44
16.25 28.2
16.2667 27.97
16.2833 27.73
16.3 27.49
16.3167 27.25
16.3333 27.01
16.35 26.77
16.3667 26.53
16.3833 26.29
16.4 26.05
16.4167 25.81
16.4333 25.56
16.45 25.32
16.4667 25.08
16.4833 24.84
16.5 24.59
16.5167 24.35
16.5333 24.11
16.55 23.87
16.5667 23.62
16.5833 23.38
16.6 23.13
16.6167 22.89
16.6333 22.64
16.65 22.4
16.6667 22.16
16.6833 21.91
16.7 21.67
16.7167 21.42
16.7333 21.18
16.75 20.93
16.7667 20.69
16.7833 20.45
16.8 20.2
16.8167 19.96
16.8333 19.71
16.85 19.47
16.8667 19.23
16.8833 18.98
16.9 18.74
16.9167 18.49
16.9333 18.25
16.95 18.01
16.9667 17.77
16.9833 17.53
17.0 17.28
17.0167 17.04
17.0333 16.8
17.05 16.56
17.0667 16.32
17.0833 16.08
17.1 15.84
17.1167 15.6
17.1333 15.37
17.15 15.13
17.1667 14.89
17.1833 14.66
17.2 14.42
17.2167 14.19
17.2333 13.95
17.25 13.72
17.2667 13.49
17.2833 13.25
17.3 13.02
17.3167 12.79
17.3333 12.57
17.35 12.34
17.3667 12.11
17.3833 11.88
17.4 11.66
17.4167 11.44
17.4333 11.21
17.45 10.99
17.4667 10.77
17.4833 10.55
17.5 10.33
17.5167 10.12
17.5333 9.902
17.55 9.688
17.5667 9.475
17.5833 9.264
17.6 9.055
17.6167 8.847
17.6333 8.64
17.65 8.435
17.6667 8.232
17.6833 8.031
17.7 7.831
17.7167 7.633
17.7333 7.437
17.75 7.242
17.7667 7.05
17.7833 6.86
17.8 6.671
17.8167 6.484
17.8333 6.299
17.85 6.117
17.8667 5.937
17.8833 5.758
17.9 5.582
17.9167 5.408
17.9333 5.236
17.95 5.066
17.9667 4.899
17.9833 4.734
18.0 4.571
18.0167 4.41
18.0333 4.252
18.05 4.097
18.0667 3.943
18.0833 3.792
18.1 3.643
18.1167 3.497
18.1333 3.353
18.15 3.211
18.1667 3.072
18.1833 2.935
18.2 2.801
18.2167 2.669
18.2333 2.539
18.25 2.412
18.2667 2.288
18.2833 2.165
18.3 2.046
18.3167 1.928
18.3333 1.814
18.35 1.702
18.3667 1.593
18.3833 1.486
18.4 1.383
18.4167 1.282
18.4333 1.185
18.45 1.091
18.4667 1.0
18.4833 0.9137
18.5 0.8311
18.5167 0.7532
18.5333 0.6758
18.55 0.5926
18.5667 0.5227
18.5833 0.4643
18.6 0.4156
18.6167 0.3528
18.6333 0.3079
18.65 0.2632
18.6667 0.2216
18.6833 0.1858
18.7 0.1548
18.7167 0.1282
18.7333 0.1057
18.75 0.0843
18.7667 0.06804
18.7833 0.05374
18.8 0.04299
18.8167 0.03335
18.8333 0.0258
18.85 0.01986
18.8667 0.01521
18.8833 0.01158
18.9 0.008587
18.9167 0.006363
18.9333 0.004625
18.95 0.003327
18.9667 0.002311
18.9833 0.001574
19.0 0.001045
19.0167 0.0006696
19.0333 0.0004097
19.05 0.0002324
19.0667 0.0001071
19.0833 3.826e-05
19.1 5.955e-06
19.1167 4.115e-07
19.1333 9.068e-09
19.15 4.235e-11
19.1667 6.818e-15
19.1833 0.0
19.2 0.0
19.2167 0.0
19.2333 0.0
19.25 0.0
19.2667 0.0
19.2833 0.0
19.3 0.0
19.3167 0.0
19.3333 0.0
19.35 0.0
19.3667 0.0
19.3833 0.0
19.4 0.0
19.4167 0.0
19.4333 0.0
19.45 0.0
19.4667 0.0
19.4833 0.0
19.5 0.0
19.5167 0.0
19.5333 0.0
19.55 0.0
19.5667 0.0
19.5833 0.0
19.6 0.0
19.6167 0.0
19.6333 0.0
19.65 0.0
19.6667 0.0
19.6833 0.0
19.7 0.0
19.7167 0.0
19.7333 0.0
19.75 0.0
19.7667 0.0
19.7833 0.0
19.8 0.0
19.8167 0.0
19.8333 0.0
19.85 0.0
19.8667 0.0
19.8833 0.0
19.9 0.0
19.9167 0.0
19.9333 0.0
19.95 0.0
19.9667 0.0
19.9833 0.0
20.0 0.0
20.0167 0.0
20.0333 0.0
20.05 0.0
20.0667 0.0
20.0833 0.0
20.1 0.0
20.1167 0.0
20.1333 0.0
20.15 0.0
20.1667 0.0
20.1833 0.0
20.2 0.0
20.2167 0.0
20.2333 0.0
20.25 0.0
20.2667 0.0
20.2833 0.0
20.3 0.0
20.3167 0.0
20.3333 0.0
20.35 0.0
20.3667 0.0
20.3833 0.0
20.4 0.0
20.4167 0.0
20.4333 0.0
20.45 0.0
20.4667 0.0
20.4833 0.0
20.5 0.0
20.5167 0.0
20.5333 0.0
20.55 0.0
20.5667 0.0
20.5833 0.0
20.6 0.0
20.6167 0.0
20.6333 0.0
20.65 0.0
20.6667 0.0
20.6833 0.0
20.7 0.0
20.7167 0.0
20.7333 0.0
20.75 0.0
20.7667 0.0
20.7833 0.0
20.8 0.0
20.8167 0.0
20.8333 0.0
20.85 0.0
20.8667 0.0
20.8833 0.0
20.9 0.0
20.9167 0.0
20.9333 0.0
20.95 0.0
20.9667 0.0
20.9833 0.0
21.0 0.0
21.0167 0.0
21.0333 0.0
21.05 0.0
21.0667 0.0
21.0833 0.0
21.1 0.0
21.1167 0.0
21.1333 0.0
21.15 0.0
21.1667 0.0
21.1833 0.0
21.2 0.0
21.2167 0.0
21.2333 0.0
21.25 0.0
21.2667 0.0
21.2833 0.0
21.3 0.0
21.3167 0.0
21.3333 0.0
21.35 0.0
21.3667 0.0
21.3833 0.0
21.4 0.0
21.4167 0.0
21.4333 0.0
21.45 0.0
21.4667 0.0
21.4833 0.0
21.5 0.0
21.5167 0.0
21.5333 0.0
21.55 0.0
21.5667 0.0
21.5833 0.0
21.6 0.0
21.6167 0.0
21.6333 0.0
21.65 0.0
21.6667 0.0
21.6833 0.0
21.7 0.0
21.7167 0.0
21.7333 0.0
21.75 0.0
21.7667 0.0
21.7833 0.0
21.8 0.0
21.8167 0.0
21.8333 0.0
21.85 0.0
21.8667 0.0
21.8833 0.0
21.9 0.0
21.9167 0.0
21.9333 0.0
21.95 0.0
21.9667 0.0
21.9833 0.0
22.0 0.0
22.0167 0.0
22.0333 0.0
22.05 0.0
22.0667 0.0
22.0833 0.0
22.1 0.0
22.1167 0.0
22.1333 0.0
22.15 0.0
22.1667 0.0
22.1833 0.0
22.2 0.0
22.2167 0.0
22.2333 0.0
22.25 0.0
22.2667 0.0
22.2833 0.0
22.3 0.0
22.3167 0.0
22.3333 0.0
22.35 0.0
22.3667 0.0
22.3833 0.0
22.4 0.0
22.4167 0.0
22.4333 0.0
22.45 0.0
22.4667 0.0
22.4833 0.0
22.5 0.0
22.5167 0.0
22.5333 0.0
22.55 0.0
22.5667 0.0
22.5833 0.0
22.6 0.0
22.6167 0.0
22.6333 0.0
22.65 0.0
22.6667 0.0
22.6833 0.0
22.7 0.0
22.7167 0.0
22.7333 0.0
22.75 0.0
22.7667 0.0
22.7833 0.0
22.8 0.0
22.8167 0.0
22.8333 0.0
22.85 0.0
22.8667 0.0
22.8833 0.0
22.9 0.0
22.9167 0.0
22.9333 0.0
22.95 0.0
22.9667 0.0
22.9833 0.0
23.0 0.0
23.0167 0.0
23.0333 0.0
23.05 0.0
23.0667 0.0
23.0833 0.0
23.1 0.0
23.1167 0.0
23.1333 0.0
23.15 0.0
23.1667 0.0
23.1833 0.0
23.2 0.0
23.2167 0.0
23.2333 0.0
23.25 0.0
23.2667 0.0
23.2833 0.0
23.3 0.0
23.3167 0.0
23.3333 0.0
23.35 0.0
23.3667 0.0
23.3833 0.0
23.4 0.0
23.4167 0.0
23.4333 0.0
23.45 0.0
23.4667 0.0
23.4833 0.0
23.5 0.0
23.5167 0.0
23.5333 0.0
23.55 0.0
23.5667 0.0
23.5833 0.0
23.6 0.0
23.6167 0.0
23.6333 0.0
23.65 0.0
23.6667 0.0
23.6833 0.0
23.7 0.0
23.7167 0.0
23.7333 0.0
23.75 0.0
23.7667 0.0
23.7833 0.0
23.8 0.0
23.8167 0.0
23.8333 0.0
23.85 0.0
23.8667 0.0
23.8833 0.0
23.9 0.0
23.9167 0.0
23.9333 0.0
23.95 0.0
23.9667 0.0
23.9833 0.0
