0.0 0.0
0.0167 0.0
0.0333 0.0
0.05 0.0
0.0667 0.0
0.0833 0.0
0.1 0.0
0.1167 0.0
0.1333 0.0
0.15 0.0
0.1667 0.0
0.1833 0.0
0.2 0.0
0.2167 0.0
0.2333 0.0
0.25 0.0
0.2667 0.0
0.2833 0.0
0.3 0.0
0.3167 0.0
0.3333 0.0
0.35 0.0
0.3667 0.0
0.3833 0.0
0.4 0.0
0.4167 0.0
0.4333 0.0
0.45 0.0
0.4667 0.0
0.4833 0.0
0.5 0.0
0.5167 0.0
0.5333 0.0
0.55 0.0
0.5667 0.0
0.5833 0.0
0.6 0.0
0.6167 0.0
0.6333 0.0
0.65 0.0
0.6667 0.0
0.6833 0.0
0.7 0.0
0.7167 0.0
0.7333 0.0
0.75 0.0
0.7667 0.0
0.7833 0.0
0.8 0.0
0.8167 0.0
0.8333 0.0
0.85 0.0
0.8667 0.0
0.8833 0.0
0.9 0.0
0.9167 0.0
0.9333 0.0
0.95 0.0
0.9667 0.0
0.9833 0.0
1.0 0.0
1.0167 0.0
1.0333 0.0
1.05 0.0
1.0667 0.0
1.0833 0.0
1.1 0.0
1.1167 0.0
1.1333 0.0
1.15 0.0
1.1667 0.0
1.1833 0.0
1.2 0.0
1.2167 0.0
1.2333 0.0
1.25 0.0
1.2667 0.0
1.2833 0.0
1.3 0.0
1.3167 0.0
1.3333 0.0
1.35 0.0
1.3667 0.0
1.3833 0.0
1.4 0.0
1.4167 0.0
1.4333 0.0
1.45 0.0
1.4667 0.0
1.4833 0.0
1.5 0.0
1.5167 0.0
1.5333 0.0
1.55 0.0
1.5667 0.0
1.5833 0.0
1.6 0.0
1.6167 0.0
1.6333 0.0
1.65 0.0
1.6667 0.0
1.6833 0.0
1.7 0.0
1.7167 0.0
1.7333 0.0
1.75 0.0
1.7667 0.0
1.7833 0.0
1.8 0.0
1.8167 0.0
1.8333 0.0
1.85 0.0
1.8667 0.0
1.8833 0.0
1.9 0.0
1.9167 0.0
1.9333 0.0
1.95 0.0
1.9667 0.0
1.9833 0.0
2.0 0.0
2.0167 0.0
2.0333 0.0
2.05 0.0
2.0667 0.0
2.0833 0.0
2.1 0.0
2.1167 0.0
2.1333 0.0
2.15 0.0
2.1667 0.0
2.1833 0.0
2.2 0.0
2.2167 0.0
2.2333 0.0
2.25 0.0
2.2667 0.0
2.2833 0.0
2.3 0.0
2.3167 0.0
2.3333 0.0
2.35 0.0
2.3667 0.0
2.3833 0.0
2.4 0.0
2.4167 0.0
2.4333 0.0
2.45 0.0
2.4667 0.0
2.4833 0.0
2.5 0.0
2.5167 0.0
2.5333 0.0
2.55 0.0
2.5667 0.0
2.5833 0.0
2.6 0.0
2.6167 0.0
2.6333 0.0
2.65 0.0
2.6667 0.0
2.6833 0.0
2.7 0.0
2.7167 0.0
2.7333 0.0
2.75 0.0
2.7667 0.0
2.7833 0.0
2.8 0.0
2.8167 0.0
2.8333 0.0
2.85 0.0
2.8667 0.0
2.8833 0.0
2.9 0.0
2.9167 0.0
2.9333 0.0
2.95 0.0
2.9667 0.0
2.9833 0.0
3.0 0.0
3.0167 0.0
3.0333 0.0
3.05 0.0
3.0667 0.0
3.0833 0.0
3.1 0.0
3.1167 0.0
3.1333 0.0
3.15 0.0
3.1667 0.0
3.1833 0.0
3.2 0.0
3.2167 0.0
3.2333 0.0
3.25 0.0
3.2667 0.0
3.2833 0.0
3.3 0.0
3.3167 0.0
3.3333 0.0
3.35 0.0
3.3667 0.0
3.3833 0.0
3.4 0.0
3.4167 0.0
3.4333 0.0
3.45 0.0
3.4667 0.0
3.4833 0.0
3.5 0.0
3.5167 0.0
3.5333 0.0
3.55 0.0
3.5667 0.0
3.5833 0.0
3.6 0.0
3.6167 0.0
3.6333 0.0
3.65 0.0
3.6667 0.0
3.6833 0.0
3.7 0.0
3.7167 0.0
3.7333 0.0
3.75 0.0
3.7667 0.0
3.7833 0.0
3.8 0.0
3.8167 0.0
3.8333 0.0
3.85 0.0
3.8667 0.0
3.8833 0.0
3.9 0.0
3.9167 0.0
3.9333 0.0
3.95 0.0
3.9667 0.0
3.9833 0.0
4.0 0.0
4.0167 0.0
4.0333 0.0
4.05 0.0
4.0667 0.0
4.0833 0.0
4.1 0.0
4.1167 0.0
4.1333 0.0
4.15 0.0
4.1667 0.0
4.1833 0.0
4.2 0.0
4.2167 0.0
4.2333 0.0
4.25 0.0
4.2667 0.0
4.2833 0.0
4.3 0.0
4.3167 0.0
4.3333 0.0
4.35 0.0
4.3667 0.0
4.3833 0.0
4.4 0.0
4.4167 0.0
4.4333 0.0
4.45 0.0
4.4667 0.0
4.4833 0.0
4.5 0.0
4.5167 0.0
4.5333 0.0
4.55 0.0
4.5667 0.0
4.5833 0.0
4.6 0.0
4.6167 0.0
4.6333 0.0
4.65 0.0
4.6667 0.0
4.6833 0.0
4.7 0.0
4.7167 0.0
4.7333 0.0
4.75 0.0
4.7667 0.0
4.7833 0.0
4.8 0.0
4.8167 0.0
4.8333 0.0
4.85 0.0
4.8667 0.0
4.8833 0.0
4.9 0.0
4.9167 0.0
4.9333 0.0
4.95 0.0
4.9667 0.0
4.9833 0.0
5.0 0.0
5.0167 0.0
5.0333 0.0
5.05 0.0
5.0667 0.0
5.0833 0.0
5.1 0.0
5.1167 0.0
5.1333 0.0
5.15 0.0
5.1667 0.0
5.1833 0.0
5.2 0.0
5.2167 0.0
5.2333 0.0
5.25 0.0
5.2667 0.0
5.2833 0.0
5.3 0.0
5.3167 0.0
5.3333 0.0
5.35 0.0
5.3667 0.0
5.3833 0.0
5.4 0.0
5.4167 0.0
5.4333 0.0
5.45 0.0
5.4667 0.0
5.4833 0.0
5.5 0.0
5.5167 0.0
5.5333 0.0
5.55 0.0
5.5667 0.0
5.5833 0.0
5.6 0.0
5.6167 0.0
5.6333 0.0
5.65 0.0
5.6667 0.0
5.6833 0.0
5.7 0.0
5.7167 0.0
5.7333 0.0
5.75 0.0
5.7667 0.0
5.7833 0.0
5.8 0.0
5.8167 0.0
5.8333 0.0
5.85 0.0
5.8667 0.0
5.8833 0.0
5.9 0.0
5.9167 0.0
5.9333 0.0
5.95 0.0
5.9667 0.0
5.9833 0.0
6.0 0.0
6.0167 0.0
6.0333 0.0
6.05 0.0
6.0667 0.0
6.0833 0.0
6.1 0.0
6.1167 0.0
6.1333 0.0
6.15 0.0
6.1667 0.0
6.1833 0.0
6.2 0.0
6.2167 0.0
6.2333 0.0
6.25 0.0
6.2667 0.0
6.2833 0.0
6.3 0.0
6.3167 0.0
6.3333 0.0
6.35 0.0
6.3667 0.0
6.3833 0.0
6.4 0.0
6.4167 0.0
6.4333 0.0
6.45 0.0
6.4667 0.0
6.4833 0.0
6.5 0.0
6.5167 0.0
6.5333 0.0
6.55 0.0
6.5667 0.0
6.5833 1.513e-15
6.6 1.962e-11
6.6167 5.242e-09
6.6333 2.921e-07
6.65 4.683e-06
6.6667 3.03e-05
6.6833 9.631e-05
6.7 0.0002049
6.7167 0.0003716
6.7333 0.0006208
6.75 0.0009773
6.7667 0.001472
6.7833 0.002133
6.8 0.00305
6.8167 0.004306
6.8333 0.005869
6.85 0.008016
6.8667 0.01062
6.8833 0.01399
6.9 0.01834
6.9167 0.02379
6.9333 0.03059
6.95 0.03917
6.9667 0.05013
6.9833 0.06236
7.0 0.07857
7.0167 0.09622
7.0333 0.1182
7.05 0.146
7.0667 0.1752
7.0833 0.2095
7.1 0.2434
7.1167 0.2836
7.1333 0.333
7.15 0.3799
7.1667 0.4395
7.1833 0.4922
7.2 0.555
7.2167 0.6299
7.2333 0.7134
7.25 0.7875
7.2667 0.8667
7.2833 0.9501
7.3 1.037
7.3167 1.128
7.3333 1.222
7.35 1.319
7.3667 1.42
7.3833 1.523
7.4 1.629
7.4167 1.738
7.4333 1.849
7.45 1.963
7.4667 2.079
7.4833 2.198
7.5 2.319
7.5167 2.443
7.5333 2.569
7.55 2.697
7.5667 2.828
7.5833 2.961
7.6 3.096
7.6167 3.234
7.6333 3.374
7.65 3.516
7.6667 3.661
7.6833 3.807
7.7 3.957
7.7167 4.108
7.7333 4.262
7.75 4.418
7.7667 4.576
7.7833 4.736
7.8 4.899
7.8167 5.064
7.8333 5.231
7.85 5.4
7.8667 5.571
7.8833 5.744
7.9 5.92
7.9167 6.097
7.9333 6.277
7.95 6.458
7.9667 6.641
7.9833 6.827
8.0 7.014
8.0167 7.203
8.0333 7.394
8.05 7.586
8.0667 7.78
8.0833 7.976
8.1 8.174
8.1167 8.373
8.1333 8.574
8.15 8.776
8.1667 8.98
8.1833 9.185
8.2 9.392
8.2167 9.6
8.2333 9.809
8.25 10.02
8.2667 10.23
8.2833 10.45
8.3 10.66
8.3167 10.88
8.3333 11.09
8.35 11.31
8.3667 11.53
8.3833 11.75
8.4 11.97
8.4167 12.19
8.4333 12.42
8.45 12.64
8.4667 12.86
8.4833 13.09
8.5 13.32
8.5167 13.54
8.5333 13.77
8.55 14.0
8.5667 14.23
8.5833 14.46
8.6 14.69
8.6167 14.92
8.6333 15.15
8.65 15.38
8.6667 15.62
8.6833 15.85
8.7 16.08
8.7167 16.32
8.7333 16.55
8.75 16.79
8.7667 17.02
8.7833 17.26
8.8 17.5
8.8167 17.73
8.8333 17.97
8.85 18.21
8.8667 18.44
8.8833 18.68
8.9 18.92
8.9167 19.16
8.9333 19.39
8.95 19.63
8.9667 19.87
8.9833 20.11
9.0 20.34
9.0167 20.58
9.0333 20.82
9.05 21.06
9.0667 21.3
9.0833 21.54
9.1 21.77
9.1167 22.01
9.1333 22.25
9.15 22.49
9.1667 22.72
9.1833 22.96
9.2 23.2
9.2167 23.44
9.2333 23.67
9.25 23.91
9.2667 24.15
9.2833 24.38
9.3 24.62
9.3167 24.85
9.3333 25.09
9.35 25.32
9.3667 25.56
9.3833 25.79
9.4 26.03
9.4167 26.26
9.4333 26.49
9.45 26.73
9.4667 26.96
9.4833 27.19
9.5 27.42
9.5167 27.65
9.5333 27.88
9.55 28.11
9.5667 28.34
9.5833 28.57
9.6 28.8
9.6167 29.03
9.6333 29.26
9.65 29.48
9.6667 29.71
9.6833 29.94
9.7 30.16
9.7167 30.39
9.7333 30.61
9.75 30.83
9.7667 31.06
9.7833 31.28
9.8 31.5
9.8167 31.72
9.8333 31.94
9.85 32.16
9.8667 32.38
9.8833 32.6
9.9 32.82
9.9167 33.03
9.9333 33.25
9.95 33.46
9.9667 33.68
9.9833 33.89
10.0 34.1
10.0167 34.32
10.0333 34.53
10.05 34.74
10.0667 34.95
10.0833 35.16
10.1 35.37
10.1167 35.57
10.1333 35.78
10.15 35.98
10.1667 36.19
10.1833 36.39
10.2 36.6
10.2167 36.8
10.2333 37.0
10.25 37.2
10.2667 37.4
10.2833 37.6
10.3 37.79
10.3167 37.99
10.3333 38.19
10.35 38.38
10.3667 38.57
10.3833 38.77
10.4 38.96
10.4167 39.15
10.4333 39.34
10.45 39.53
10.4667 39.72
10.4833 39.9
10.5 40.09
10.5167 40.27
10.5333 40.46
10.55 40.64
10.5667 40.82
10.5833 41.0
10.6 41.18
10.6167 41.36
10.6333 41.54
10.65 41.71
10.6667 41.89
10.6833 42.06
10.7 42.24
10.7167 42.41
10.7333 42.58
10.75 42.75
10.7667 42.92
10.7833 43.08
10.8 43.25
10.8167 43.42
10.8333 43.58
10.85 43.74
10.8667 43.9
10.8833 44.07
10.9 44.22
10.9167 44.38
10.9333 44.54
10.95 44.7
10.9667 44.85
10.9833 45.0
11.0 45.16
11.0167 45.31
11.0333 45.46
11.05 45.61
11.0667 45.75
11.0833 45.9
11.1 46.05
11.1167 46.19
11.1333 46.33
11.15 46.47
11.1667 46.61
11.1833 46.75
11.2 46.89
11.2167 47.03
11.2333 47.16
11.25 47.3
11.2667 47.43
11.2833 47.56
11.3 47.69
11.3167 47.82
11.3333 47.95
11.35 48.07
11.3667 48.2
11.3833 48.32
11.4 48.45
11.4167 48.57
11.4333 48.69
11.45 48.8
11.4667 48.92
11.4833 49.04
11.5 49.15
11.5167 49.27
11.5333 49.38
11.55 49.49
11.5667 49.6
11.5833 49.71
11.6 49.81
11.6167 49.92
11.6333 50.02
11.65 50.12
11.6667 50.22
11.6833 50.33
11.7 50.42
11.7167 50.52
11.7333 50.62
11.75 50.71
11.7667 50.8
11.7833 50.9
11.8 50.99
11.8167 51.07
11.8333 51.16
11.85 51.25
11.8667 51.33
11.8833 51.42
11.9 51.5
11.9167 51.58
11.9333 51.66
11.95 51.74
11.9667 51.81
11.9833 51.89
12.0 51.96
12.0167 52.03
12.0333 52.1
12.05 52.17
12.0667 52.24
12.0833 52.31
12.1 52.37
12.1167 52.44
12.1333 52.5
12.15 52.56
12.1667 52.62
12.1833 52.68
12.2 52.73
12.2167 52.79
12.2333 52.84
12.25 52.9
12.2667 52.95
12.2833 53.0
12.3 53.05
12.3167 53.09
12.3333 53.14
12.35 53.18
12.3667 53.22
12.3833 53.26
12.4 53.3
12.4167 53.34
12.4333 53.38
12.45 53.41
12.4667 53.45
12.4833 53.48
12.5 53.51
12.5167 53.54
12.5333 53.57
12.55 53.59
12.5667 53.62
12.5833 53.64
12.6 53.66
12.6167 53.69
12.6333 53.7
12.65 53.72
12.6667 53.74
12.6833 53.75
12.7 53.77
12.7167 53.78
12.7333 53.79
12.75 53.8
12.7667 53.81
12.7833 53.81
12.8 53.82
12.8167 53.82
12.8333 53.82
12.85 53.82
12.8667 53.82
12.8833 53.82
12.9 53.81
12.9167 53.81
12.9333 53.8
12.95 53.79
12.9667 53.78
12.9833 53.77
13.0 53.76
13.0167 53.74
13.0333 53.73
13.05 53.71
13.0667 53.69
13.0833 53.67
13.1 53.65
13.1167 53.63
13.1333 53.6
13.15 53.58
13.1667 53.55
13.1833 53.52
13.2 53.49
13.2167 53.46
13.2333 53.43
13.25 53.39
13.2667 53.36
13.2833 53.32
13.3 53.28
13.3167 53.24
13.3333 53.2
13.35 53.15
13.3667 53.11
13.3833 53.06
13.4 53.01
13.4167 52.97
13.4333 52.92
13.45 52.86
13.4667 52.81
13.4833 52.76
13.5 52.7
13.5167 52.64
13.5333 52.58
13.55 52.52
13.5667 52.46
13.5833 52.4
13.6 52.33
13.6167 52.27
13.6333 52.2
13.65 52.13
13.6667 52.06
13.6833 51.99
13.7 51.91
13.7167 51.84
13.7333 51.76
13.75 51.69
13.7667 51.61
13.7833 51.53
13.8 51.45
13.8167 51.36
13.8333 51.28
13.85 51.19
13.8667 51.11
13.8833 51.02
13.9 50.93
13.9167 50.84
13.9333 50.74
13.95 50.65
13.9667 50.56
13.9833 50.46
14.0 50.36
14.0167 50.26
14.0333 50.16
14.05 50.06
14.0667 49.95
14.0833 49.85
14.1 49.74
14.1167 49.64
14.1333 49.53
14.15 49.42
14.1667 49.31
14.1833 49.19
14.2 49.08
14.2167 48.96
14.2333 48.85
14.25 48.73
14.2667 48.61
14.2833 48.49
14.3 48.37
14.3167 48.24
14.3333 48.12
14.35 47.99
14.3667 47.87
14.3833 47.74
14.4 47.61
14.4167 47.48
14.4333 47.34
14.45 47.21
14.4667 47.08
14.4833 46.94
14.5 46.8
14.5167 46.66
14.5333 46.52
14.55 46.38
14.5667 46.24
14.5833 46.1
14.6 45.95
14.6167 45.81
14.6333 45.66
14.65 45.51
14.6667 45.36
14.6833 45.21
14.7 45.06
14.7167 44.91
14.7333 44.75
14.75 44.6
14.7667 44.44
14.7833 44.28
14.8 44.12
14.8167 43.96
14.8333 43.8
14.85 43.64
14.8667 43.48
14.8833 43.31
14.9 43.14
14.9167 42.98
14.9333 42.81
14.95 42.64
14.9667 42.47
14.9833 42.3
15.0 42.12
15.0167 41.95
15.0333 41.78
15.05 41.6
15.0667 41.42
15.0833 41.25
15.1 41.07
15.1167 40.89
15.1333 40.7
15.15 40.52
15.1667 40.34
15.1833 40.15
15.2 39.97
15.2167 39.78
15.2333 39.6
15.25 39.41
15.2667 39.22
15.2833 39.03
15.3 38.84
15.3167 38.64
15.3333 38.45
15.35 38.26
15.3667 38.06
15.3833 37.86
15.4 37.67
15.4167 37.47
15.4333 37.27
15.45 37.07
15.4667 36.87
15.4833 36.67
15.5 36.47
15.5167 36.26
15.5333 36.06
15.55 35.85
15.5667 35.65
15.5833 35.44
15.6 35.23
15.6167 35.02
15.6333 34.81
15.65 34.6
15.6667 34.39
15.6833 34.18
15.7 33.97
15.7167 33.75
15.7333 33.54
15.75 33.33
15.7667 33.11
15.7833 32.89
15.8 32.68
15.8167 32.46
15.8333 32.24
15.85 32.02
15.8667 31.8
15.8833 31.58
15.9 31.36
15.9167 31.14
15.9333 30.91
15.95 30.69
15.9667 30.47
15.9833 30.24
16.0 30.02
16.0167 29.79
16.0333 29.57
16.05 29.34
16.0667 29.11
16.0833 28.88
16.1 28.66
16.1167 28.43
16.1333 28.2
16.15 27.97
16.1667 27.74
16.1833 27.51
16.2 27.27
16.2167 27.04
16.2333 26.81
16.25 26.58
16.2667 26.34
16.2833 26.11
16.3 25.88
16.3167 25.64
16.3333 25.41
16.35 25.17
16.3667 24.94
16.3833 24.7
16.4 24.47
16.4167 24.23
16.4333 23.99
16.45 23.76
16.4667 23.52
16.4833 23.28
16.5 23.05
16.5167 22.81
16.5333 22.57
16.55 22.33
16.5667 22.1
16.5833 21.86
16.6 21.62
16.6167 21.38
16.6333 21.14
16.65 20.91
16.6667 20.67
16.6833 20.43
16.7 20.19
16.7167 19.95
16.7333 19.71
16.75 19.48
16.7667 19.24
16.7833 19.0
16.8 18.76
16.8167 18.53
16.8333 18.29
16.85 18.05
16.8667 17.82
16.8833 17.58
16.9 17.34
16.9167 17.11
16.9333 16.87
16.95 16.64
16.9667 16.4
16.9833 16.17
17.0 15.93
17.0167 15.7
17.0333 15.47
17.05 15.23
17.0667 15.0
17.0833 14.77
17.1 14.54
17.1167 14.31
17.1333 14.08
17.15 13.85
17.1667 13.62
17.1833 13.4
17.2 13.17
17.2167 12.94
17.2333 12.72
17.25 12.49
17.2667 12.27
17.2833 12.05
17.3 11.83
17.3167 11.61
17.3333 11.39
17.35 11.17
17.3667 10.95
17.3833 10.74
17.4 10.52
17.4167 10.31
17.4333 10.09
17.45 9.883
17.4667 9.673
17.4833 9.465
17.5 9.258
17.5167 9.052
17.5333 8.847
17.55 8.645
17.5667 8.443
17.5833 8.244
17.6 8.045
17.6167 7.849
17.6333 7.654
17.65 7.461
17.6667 7.269
17.6833 7.08
17.7 6.892
17.7167 6.706
17.7333 6.522
17.75 6.34
17.7667 6.16
17.7833 5.982
17.8 5.806
17.8167 5.631
17.8333 5.459
17.85 5.289
17.8667 5.122
17.8833 4.956
17.9 4.793
17.9167 4.632
17.9333 4.473
17.95 4.316
17.9667 4.162
17.9833 4.009
18.0 3.859
18.0167 3.712
18.0333 3.566
18.05 3.423
18.0667 3.283
18.0833 3.144
18.1 3.008
18.1167 2.874
18.1333 2.742
18.15 2.614
18.1667 2.487
18.1833 2.362
18.2 2.24
18.2167 2.12
18.2333 2.003
18.25 1.889
18.2667 1.776
18.2833 1.667
18.3 1.56
18.3167 1.455
18.3333 1.354
18.35 1.256
18.3667 1.16
18.3833 1.068
18.4 0.9799
18.4167 0.8951
18.4333 0.8146
18.45 0.7386
18.4667 0.659
18.4833 0.5795
18.5 0.5127
18.5167 0.4568
18.5333 0.4073
18.55 0.3473
18.5667 0.3
18.5833 0.2601
18.6 0.219
18.6167 0.1838
18.6333 0.1534
18.65 0.1273
18.6667 0.1052
18.6833 0.08377
18.7 0.0679
18.7167 0.05372
18.7333 0.04309
18.75 0.03351
18.7667 0.026
18.7833 0.02008
18.8 0.01541
18.8167 0.01176
18.8333 0.008909
18.85 0.006523
18.8667 0.004831
18.8833 0.003435
18.9 0.002418
18.9167 0.001684
18.9333 0.001129
18.95 0.0007316
18.9667 0.0004462
18.9833 0.0002545
19.0 0.0001276
19.0167 4.764e-05
19.0333 9.834e-06
19.05 7.941e-07
19.0667 2.458e-08
19.0833 1.778e-10
19.1 1.478e-13
19.1167 0.0
19.1333 0.0
19.15 0.0
19.1667 0.0
19.1833 0.0
19.2 0.0
19.2167 0.0
19.2333 0.0
19.25 0.0
19.2667 0.0
19.2833 0.0
19.3 0.0
19.3167 0.0
19.3333 0.0
19.35 0.0
19.3667 0.0
19.3833 0.0
19.4 0.0
19.4167 0.0
19.4333 0.0
19.45 0.0
19.4667 0.0
19.4833 0.0
19.5 0.0
19.5167 0.0
19.5333 0.0
19.55 0.0
19.5667 0.0
19.5833 0.0
19.6 0.0
19.6167 0.0
19.6333 0.0
19.65 0.0
19.6667 0.0
19.6833 0.0
19.7 0.0
19.7167 0.0
19.7333 0.0
19.75 0.0
19.7667 0.0
19.7833 0.0
19.8 0.0
19.8167 0.0
19.8333 0.0
19.85 0.0
19.8667 0.0
19.8833 0.0
19.9 0.0
19.9167 0.0
19.9333 0.0
19.95 0.0
19.9667 0.0
19.9833 0.0
20.0 0.0
20.0167 0.0
20.0333 0.0
20.05 0.0
20.0667 0.0
20.0833 0.0
20.1 0.0
20.1167 0.0
20.1333 0.0
20.15 0.0
20.1667 0.0
20.1833 0.0
20.2 0.0
20.2167 0.0
20.2333 0.0
20.25 0.0
20.2667 0.0
20.2833 0.0
20.3 0.0
20.3167 0.0
20.3333 0.0
20.35 0.0
20.3667 0.0
20.3833 0.0
20.4 0.0
20.4167 0.0
20.4333 0.0
20.45 0.0
20.4667 0.0
20.4833 0.0
20.5 0.0
20.5167 0.0
20.5333 0.0
20.55 0.0
20.5667 0.0
20.5833 0.0
20.6 0.0
20.6167 0.0
20.6333 0.0
20.65 0.0
20.6667 0.0
20.6833 0.0
20.7 0.0
20.7167 0.0
20.7333 0.0
20.75 0.0
20.7667 0.0
20.7833 0.0
20.8 0.0
20.8167 0.0
20.8333 0.0
20.85 0.0
20.8667 0.0
20.8833 0.0
20.9 0.0
20.9167 0.0
20.9333 0.0
20.95 0.0
20.9667 0.0
20.9833 0.0
21.0 0.0
21.0167 0.0
21.0333 0.0
21.05 0.0
21.0667 0.0
21.0833 0.0
21.1 0.0
21.1167 0.0
21.1333 0.0
21.15 0.0
21.1667 0.0
21.1833 0.0
21.2 0.0
21.2167 0.0
21.2333 0.0
21.25 0.0
21.2667 0.0
21.2833 0.0
21.3 0.0
21.3167 0.0
21.3333 0.0
21.35 0.0
21.3667 0.0
21.3833 0.0
21.4 0.0
21.4167 0.0
21.4333 0.0
21.45 0.0
21.4667 0.0
21.4833 0.0
21.5 0.0
21.5167 0.0
21.5333 0.0
21.55 0.0
21.5667 0.0
21.5833 0.0
21.6 0.0
21.6167 0.0
21.6333 0.0
21.65 0.0
21.6667 0.0
21.6833 0.0
21.7 0.0
21.7167 0.0
21.7333 0.0
21.75 0.0
21.7667 0.0
21.7833 0.0
21.8 0.0
21.8167 0.0
21.8333 0.0
21.85 0.0
21.8667 0.0
21.8833 0.0
21.9 0.0
21.9167 0.0
21.9333 0.0
21.95 0.0
21.9667 0.0
21.9833 0.0
22.0 0.0
22.0167 0.0
22.0333 0.0
22.05 0.0
22.0667 0.0
22.0833 0.0
22.1 0.0
22.1167 0.0
22.1333 0.0
22.15 0.0
22.1667 0.0
22.1833 0.0
22.2 0.0
22.2167 0.0
22.2333 0.0
22.25 0.0
22.2667 0.0
22.2833 0.0
22.3 0.0
22.3167 0.0
22.3333 0.0
22.35 0.0
22.3667 0.0
22.3833 0.0
22.4 0.0
22.4167 0.0
22.4333 0.0
22.45 0.0
22.4667 0.0
22.4833 0.0
22.5 0.0
22.5167 0.0
22.5333 0.0
22.55 0.0
22.5667 0.0
22.5833 0.0
22.6 0.0
22.6167 0.0
22.6333 0.0
22.65 0.0
22.6667 0.0
22.6833 0.0
22.7 0.0
22.7167 0.0
22.7333 0.0
22.75 0.0
22.7667 0.0
22.7833 0.0
22.8 0.0
22.8167 0.0
22.8333 0.0
22.85 0.0
22.8667 0.0
22.8833 0.0
22.9 0.0
22.9167 0.0
22.9333 0.0
22.95 0.0
22.9667 0.0
22.9833 0.0
23.0 0.0
23.0167 0.0
23.0333 0.0
23.05 0.0
23.0667 0.0
23.0833 0.0
23.1 0.0
23.1167 0.0
23.1333 0.0
23.15 0.0
23.1667 0.0
23.1833 0.0
23.2 0.0
23.2167 0.0
23.2333 0.0
23.25 0.0
23.2667 0.0
23.2833 0.0
23.3 0.0
23.3167 0.0
23.3333 0.0
23.35 0.0
23.3667 0.0
23.3833 0.0
23.4 0.0
23.4167 0.0
23.4333 0.0
23.45 0.0
23.4667 0.0
23.4833 0.0
23.5 0.0
23.5167 0.0
23.5333 0.0
23.55 0.0
23.5667 0.0
23.5833 0.0
23.6 0.0
23.6167 0.0
23.6333 0.0
23.65 0.0
23.6667 0.0
23.6833 0.0
23.7 0.0
23.7167 0.0
23.7333 0.0
23.75 0.0
23.7667 0.0
23.7833 0.0
23.8 0.0
23.8167 0.0
23.8333 0.0
23.85 0.0
23.8667 0.0
23.8833 0.0
23.9 0.0
23.9167 0.0
23.9333 0.0
23.95 0.0
23.9667 0.0
23.9833 0.0
