0.0 0.0
0.0167 0.0
0.0333 0.0
0.05 0.0
0.0667 0.0
0.0833 0.0
0.1 0.0
0.1167 0.0
0.1333 0.0
0.15 0.0
0.1667 0.0
0.1833 0.0
0.2 0.0
0.2167 0.0
0.2333 0.0
0.25 0.0
0.2667 0.0
0.2833 0.0
0.3 0.0
0.3167 0.0
0.3333 0.0
0.35 0.0
0.3667 0.0
0.3833 0.0
0.4 0.0
0.4167 0.0
0.4333 0.0
0.45 0.0
0.4667 0.0
0.4833 0.0
0.5 0.0
0.5167 0.0
0.5333 0.0
0.55 0.0
0.5667 0.0
0.5833 0.0
0.6 0.0
0.6167 0.0
0.6333 0.0
0.65 0.0
0.6667 0.0
0.6833 0.0
0.7 0.0
0.7167 0.0
0.7333 0.0
0.75 0.0
0.7667 0.0
0.7833 0.0
0.8 0.0
0.8167 0.0
0.8333 0.0
0.85 0.0
0.8667 0.0
0.8833 0.0
0.9 0.0
0.9167 0.0
0.9333 0.0
0.95 0.0
0.9667 0.0
0.9833 0.0
1.0 0.0
1.0167 0.0
1.0333 0.0
1.05 0.0
1.0667 0.0
1.0833 0.0
1.1 0.0
1.1167 0.0
1.1333 0.0
1.15 0.0
1.1667 0.0
1.1833 0.0
1.2 0.0
1.2167 0.0
1.2333 0.0
1.25 0.0
1.2667 0.0
1.2833 0.0
1.3 0.0
1.3167 0.0
1.3333 0.0
1.35 0.0
1.3667 0.0
1.3833 0.0
1.4 0.0
1.4167 0.0
1.4333 0.0
1.45 0.0
1.4667 0.0
1.4833 0.0
1.5 0.0
1.5167 0.0
1.5333 0.0
1.55 0.0
1.5667 0.0
1.5833 0.0
1.6 0.0
1.6167 0.0
1.6333 0.0
1.65 0.0
1.6667 0.0
1.6833 0.0
1.7 0.0
1.7167 0.0
1.7333 0.0
1.75 0.0
1.7667 0.0
1.7833 0.0
1.8 0.0
1.8167 0.0
1.8333 0.0
1.85 0.0
1.8667 0.0
1.8833 0.0
1.9 0.0
1.9167 0.0
1.9333 0.0
1.95 0.0
1.9667 0.0
1.9833 0.0
2.0 0.0
2.0167 0.0
2.0333 0.0
2.05 0.0
2.0667 0.0
2.0833 0.0
2.1 0.0
2.1167 0.0
2.1333 0.0
2.15 0.0
2.1667 0.0
2.1833 0.0
2.2 0.0
2.2167 0.0
2.2333 0.0
2.25 0.0
2.2667 0.0
2.2833 0.0
2.3 0.0
2.3167 0.0
2.3333 0.0
2.35 0.0
2.3667 0.0
2.3833 0.0
2.4 0.0
2.4167 0.0
2.4333 0.0
2.45 0.0
2.4667 0.0
2.4833 0.0
2.5 0.0
2.5167 0.0
2.5333 0.0
2.55 0.0
2.5667 0.0
2.5833 0.0
2.6 0.0
2.6167 0.0
2.6333 0.0
2.65 0.0
2.6667 0.0
2.6833 0.0
2.7 0.0
2.7167 0.0
2.7333 0.0
2.75 0.0
2.7667 0.0
2.7833 0.0
2.8 0.0
2.8167 0.0
2.8333 0.0
2.85 0.0
2.8667 0.0
2.8833 0.0
2.9 0.0
2.9167 0.0
2.9333 0.0
2.95 0.0
2.9667 0.0
2.9833 0.0
3.0 0.0
3.0167 0.0
3.0333 0.0
3.05 0.0
3.0667 0.0
3.0833 0.0
3.1 0.0
3.1167 0.0
3.1333 0.0
3.15 0.0
3.1667 0.0
3.1833 0.0
3.2 0.0
3.2167 0.0
3.2333 0.0
3.25 0.0
3.2667 0.0
3.2833 0.0
3.3 0.0
3.3167 0.0
3.3333 0.0
3.35 0.0
3.3667 0.0
3.3833 0.0
3.4 0.0
3.4167 0.0
3.4333 0.0
3.45 0.0
3.4667 0.0
3.4833 0.0
3.5 0.0
3.5167 0.0
3.5333 0.0
3.55 0.0
3.5667 0.0
3.5833 0.0
3.6 0.0
3.6167 0.0
3.6333 0.0
3.65 0.0
3.6667 0.0
3.6833 0.0
3.7 0.0
3.7167 0.0
3.7333 0.0
3.75 0.0
3.7667 0.0
3.7833 0.0
3.8 0.0
3.8167 0.0
3.8333 0.0
3.85 0.0
3.8667 0.0
3.8833 0.0
3.9 0.0
3.9167 0.0
3.9333 0.0
3.95 0.0
3.9667 0.0
3.9833 0.0
4.0 0.0
4.0167 0.0
4.0333 0.0
4.05 0.0
4.0667 0.0
4.0833 0.0
4.1 0.0
4.1167 0.0
4.1333 0.0
4.15 0.0
4.1667 0.0
4.1833 0.0
4.2 0.0
4.2167 0.0
4.2333 0.0
4.25 0.0
4.2667 0.0
4.2833 0.0
4.3 0.0
4.3167 0.0
4.3333 0.0
4.35 0.0
4.3667 0.0
4.3833 0.0
4.4 0.0
4.4167 0.0
4.4333 0.0
4.45 0.0
4.4667 0.0
4.4833 0.0
4.5 0.0
4.5167 0.0
4.5333 0.0
4.55 0.0
4.5667 0.0
4.5833 0.0
4.6 0.0
4.6167 0.0
4.6333 0.0
4.65 0.0
4.6667 0.0
4.6833 0.0
4.7 0.0
4.7167 0.0
4.7333 0.0
4.75 0.0
4.7667 0.0
4.7833 0.0
4.8 0.0
4.8167 0.0
4.8333 0.0
4.85 0.0
4.8667 0.0
4.8833 0.0
4.9 0.0
4.9167 0.0
4.9333 0.0
4.95 0.0
4.9667 0.0
4.9833 0.0
5.0 0.0
5.0167 0.0
5.0333 0.0
5.05 0.0
5.0667 0.0
5.0833 0.0
5.1 0.0
5.1167 0.0
5.1333 0.0
5.15 0.0
5.1667 0.0
5.1833 0.0
5.2 0.0
5.2167 0.0
5.2333 0.0
5.25 0.0
5.2667 0.0
5.2833 0.0
5.3 0.0
5.3167 0.0
5.3333 0.0
5.35 0.0
5.3667 0.0
5.3833 0.0
5.4 0.0
5.4167 0.0
5.4333 7.427e-16
5.45 1.031e-11
5.4667 2.432e-09
5.4833 1.358e-07
5.5 2.34e-06
5.5167 1.802e-05
5.5333 6.433e-05
5.55 0.0001494
5.5667 0.0002772
5.5833 0.0004626
5.6 0.0007271
5.6167 0.001101
5.6333 0.001626
5.65 0.002302
5.6667 0.003229
5.6833 0.004468
5.7 0.006019
5.7167 0.007991
5.7333 0.01058
5.75 0.01398
5.7667 0.01812
5.7833 0.02318
5.8 0.02931
5.8167 0.0372
5.8333 0.04734
5.85 0.05845
5.8667 0.07355
5.8833 0.08949
5.9 0.1089
5.9167 0.1321
5.9333 0.1589
5.95 0.1884
5.9667 0.2214
5.9833 0.2598
6.0 0.3061
6.0167 0.3456
6.0333 0.4033
6.05 0.4497
6.0667 0.5051
6.0833 0.5709
6.1 0.649
6.1167 0.7194
6.1333 0.7918
6.15 0.8685
6.1667 0.9488
6.1833 1.033
6.2 1.12
6.2167 1.21
6.2333 1.303
6.25 1.399
6.2667 1.498
6.2833 1.6
6.3 1.704
6.3167 1.811
6.3333 1.92
6.35 2.031
6.3667 2.145
6.3833 2.262
6.4 2.38
6.4167 2.501
6.4333 2.625
6.45 2.751
6.4667 2.879
6.4833 3.01
6.5 3.143
6.5167 3.278
6.5333 3.416
6.55 3.556
6.5667 3.698
6.5833 3.843
6.6 3.99
6.6167 4.14
6.6333 4.292
6.65 4.446
6.6667 4.603
6.6833 4.761
6.7 4.923
6.7167 5.086
6.7333 5.252
6.75 5.42
6.7667 5.59
6.7833 5.763
6.8 5.938
6.8167 6.115
6.8333 6.294
6.85 6.475
6.8667 6.658
6.8833 6.843
6.9 7.03
6.9167 7.22
6.9333 7.411
6.95 7.604
6.9667 7.799
6.9833 7.996
7.0 8.195
7.0167 8.395
7.0333 8.597
7.05 8.801
7.0667 9.007
7.0833 9.214
7.1 9.423
7.1167 9.634
7.1333 9.846
7.15 10.06
7.1667 10.27
7.1833 10.49
7.2 10.71
7.2167 10.93
7.2333 11.15
7.25 11.37
7.2667 11.59
7.2833 11.82
7.3 12.05
7.3167 12.27
7.3333 12.5
7.35 12.73
7.3667 12.96
7.3833 13.19
7.4 13.42
7.4167 13.66
7.4333 13.89
7.45 14.13
7.4667 14.37
7.4833 14.6
7.5 14.84
7.5167 15.08
7.5333 15.32
7.55 15.56
7.5667 15.8
7.5833 16.05
7.6 16.29
7.6167 16.53
7.6333 16.78
7.65 17.02
7.6667 17.27
7.6833 17.51
7.7 17.76
7.7167 18.01
7.7333 18.26
7.75 18.51
7.7667 18.75
7.7833 19.0
7.8 19.25
7.8167 19.51
7.8333 19.76
7.85 20.01
7.8667 20.26
7.8833 20.51
7.9 20.76
7.9167 21.02
7.9333 21.27
7.95 21.52
7.9667 21.78
7.9833 22.03
8.0 22.28
8.0167 22.54
8.0333 22.79
8.05 23.05
8.0667 23.3
8.0833 23.56
8.1 23.81
8.1167 24.07
8.1333 24.32
8.15 24.58
8.1667 24.83
8.1833 25.09
8.2 25.34
8.2167 25.6
8.2333 25.86
8.25 26.11
8.2667 26.37
8.2833 26.62
8.3 26.88
8.3167 27.13
8.3333 27.39
8.35 27.64
8.3667 27.9
8.3833 28.15
8.4 28.41
8.4167 28.66
8.4333 28.92
8.45 29.17
8.4667 29.42
8.4833 29.68
8.5 29.93
8.5167 30.18
8.5333 30.44
8.55 30.69
8.5667 30.94
8.5833 31.2
8.6 31.45
8.6167 31.7
8.6333 31.95
8.65 32.2
8.6667 32.45
8.6833 32.7
8.7 32.95
8.7167 33.2
8.7333 33.45
8.75 33.7
8.7667 33.95
8.7833 34.2
8.8 34.44
8.8167 34.69
8.8333 34.94
8.85 35.18
8.8667 35.43
8.8833 35.67
8.9 35.92
8.9167 36.16
8.9333 36.41
8.95 36.65
8.9667 36.89
8.9833 37.13
9.0 37.38
9.0167 37.62
9.0333 37.86
9.05 38.1
9.0667 38.34
9.0833 38.58
9.1 38.81
9.1167 39.05
9.1333 39.29
9.15 39.52
9.1667 39.76
9.1833 39.99
9.2 40.23
9.2167 40.46
9.2333 40.7
9.25 40.93
9.2667 41.16
9.2833 41.39
9.3 41.62
9.3167 41.85
9.3333 42.08
9.35 42.31
9.3667 42.54
9.3833 42.76
9.4 42.99
9.4167 43.21
9.4333 43.44
9.45 43.66
9.4667 43.88
9.4833 44.11
9.5 44.33
9.5167 44.55
9.5333 44.77
9.55 44.99
9.5667 45.2
9.5833 45.42
9.6 45.64
9.6167 45.85
9.6333 46.07
9.65 46.28
9.6667 46.49
9.6833 46.71
9.7 46.92
9.7167 47.13
9.7333 47.34
9.75 47.55
9.7667 47.75
9.7833 47.96
9.8 48.17
9.8167 48.37
9.8333 48.57
9.85 48.78
9.8667 48.98
9.8833 49.18
9.9 49.38
9.9167 49.58
9.9333 49.78
9.95 49.98
9.9667 50.17
9.9833 50.37
10.0 50.56
10.0167 50.75
10.0333 50.95
10.05 51.14
10.0667 51.33
10.0833 51.52
10.1 51.71
10.1167 51.89
10.1333 52.08
10.15 52.27
10.1667 52.45
10.1833 52.63
10.2 52.81
10.2167 53.0
10.2333 53.17
10.25 53.35
10.2667 53.53
10.2833 53.71
10.3 53.88
10.3167 54.06
10.3333 54.23
10.35 54.41
10.3667 54.58
10.3833 54.75
10.4 54.92
10.4167 55.08
10.4333 55.25
10.45 55.42
10.4667 55.58
10.4833 55.74
10.5 55.91
10.5167 56.07
10.5333 56.23
10.55 56.39
10.5667 56.55
10.5833 56.7
10.6 56.86
10.6167 57.01
10.6333 57.16
10.65 57.32
10.6667 57.47
10.6833 57.62
10.7 57.77
10.7167 57.91
10.7333 58.06
10.75 58.2
10.7667 58.35
10.7833 58.49
10.8 58.63
10.8167 58.77
10.8333 58.91
10.85 59.05
10.8667 59.18
10.8833 59.32
10.9 59.45
10.9167 59.58
10.9333 59.72
10.95 59.85
10.9667 59.98
10.9833 60.1
11.0 60.23
11.0167 60.35
11.0333 60.48
11.05 60.6
11.0667 60.72
11.0833 60.84
11.1 60.96
11.1167 61.08
11.1333 61.2
11.15 61.31
11.1667 61.42
11.1833 61.54
11.2 61.65
11.2167 61.76
11.2333 61.87
11.25 61.97
11.2667 62.08
11.2833 62.18
11.3 62.29
11.3167 62.39
11.3333 62.49
11.35 62.59
11.3667 62.69
11.3833 62.78
11.4 62.88
11.4167 62.97
11.4333 63.07
11.45 63.16
11.4667 63.25
11.4833 63.34
11.5 63.42
11.5167 63.51
11.5333 63.6
11.55 63.68
11.5667 63.76
11.5833 63.84
11.6 63.92
11.6167 64.0
11.6333 64.08
11.65 64.15
11.6667 64.23
11.6833 64.3
11.7 64.37
11.7167 64.44
11.7333 64.51
11.75 64.58
11.7667 64.64
11.7833 64.71
11.8 64.77
11.8167 64.83
11.8333 64.89
11.85 64.95
11.8667 65.01
11.8833 65.06
11.9 65.12
11.9167 65.17
11.9333 65.23
11.95 65.28
11.9667 65.33
11.9833 65.37
12.0 65.42
12.0167 65.47
12.0333 65.51
12.05 65.55
12.0667 65.59
12.0833 65.63
12.1 65.67
12.1167 65.71
12.1333 65.74
12.15 65.78
12.1667 65.81
12.1833 65.84
12.2 65.87
12.2167 65.9
12.2333 65.93
12.25 65.95
12.2667 65.98
12.2833 66.0
12.3 66.02
12.3167 66.04
12.3333 66.06
12.35 66.08
12.3667 66.09
12.3833 66.11
12.4 66.12
12.4167 66.13
12.4333 66.14
12.45 66.15
12.4667 66.16
12.4833 66.17
12.5 66.17
12.5167 66.18
12.5333 66.18
12.55 66.18
12.5667 66.18
12.5833 66.18
12.6 66.17
12.6167 66.17
12.6333 66.16
12.65 66.15
12.6667 66.14
12.6833 66.13
12.7 66.12
12.7167 66.11
12.7333 66.09
12.75 66.08
12.7667 66.06
12.7833 66.04
12.8 66.02
12.8167 66.0
12.8333 65.97
12.85 65.95
12.8667 65.92
12.8833 65.89
12.9 65.87
12.9167 65.84
12.9333 65.8
12.95 65.77
12.9667 65.74
12.9833 65.7
13.0 65.66
13.0167 65.63
13.0333 65.59
13.05 65.54
13.0667 65.5
13.0833 65.46
13.1 65.41
13.1167 65.36
13.1333 65.32
13.15 65.27
13.1667 65.22
13.1833 65.16
13.2 65.11
13.2167 65.05
13.2333 65.0
13.25 64.94
13.2667 64.88
13.2833 64.82
13.3 64.76
13.3167 64.69
13.3333 64.63
13.35 64.56
13.3667 64.49
13.3833 64.43
13.4 64.36
13.4167 64.28
13.4333 64.21
13.45 64.14
13.4667 64.06
13.4833 63.98
13.5 63.9
13.5167 63.83
13.5333 63.74
13.55 63.66
13.5667 63.58
13.5833 63.49
13.6 63.41
13.6167 63.32
13.6333 63.23
13.65 63.14
13.6667 63.05
13.6833 62.96
13.7 62.86
13.7167 62.76
13.7333 62.67
13.75 62.57
13.7667 62.47
13.7833 62.37
13.8 62.27
13.8167 62.16
13.8333 62.06
13.85 61.95
13.8667 61.84
13.8833 61.74
13.9 61.63
13.9167 61.51
13.9333 61.4
13.95 61.29
13.9667 61.17
13.9833 61.06
14.0 60.94
14.0167 60.82
14.0333 60.7
14.05 60.58
14.0667 60.45
14.0833 60.33
14.1 60.21
14.1167 60.08
14.1333 59.95
14.15 59.82
14.1667 59.69
14.1833 59.56
14.2 59.43
14.2167 59.29
14.2333 59.16
14.25 59.02
14.2667 58.88
14.2833 58.74
14.3 58.6
14.3167 58.46
14.3333 58.32
14.35 58.18
14.3667 58.03
14.3833 57.89
14.4 57.74
14.4167 57.59
14.4333 57.44
14.45 57.29
14.4667 57.14
14.4833 56.98
14.5 56.83
14.5167 56.67
14.5333 56.52
14.55 56.36
14.5667 56.2
14.5833 56.04
14.6 55.88
14.6167 55.71
14.6333 55.55
14.65 55.39
14.6667 55.22
14.6833 55.05
14.7 54.89
14.7167 54.72
14.7333 54.55
14.75 54.37
14.7667 54.2
14.7833 54.03
14.8 53.85
14.8167 53.68
14.8333 53.5
14.85 53.32
14.8667 53.14
14.8833 52.96
14.9 52.78
14.9167 52.6
14.9333 52.42
14.95 52.23
14.9667 52.05
14.9833 51.86
15.0 51.67
15.0167 51.49
15.0333 51.3
15.05 51.11
15.0667 50.91
15.0833 50.72
15.1 50.53
15.1167 50.33
15.1333 50.14
15.15 49.94
15.1667 49.74
15.1833 49.55
15.2 49.35
15.2167 49.15
15.2333 48.95
15.25 48.74
15.2667 48.54
15.2833 48.34
15.3 48.13
15.3167 47.92
15.3333 47.72
15.35 47.51
15.3667 47.3
15.3833 47.09
15.4 46.88
15.4167 46.67
15.4333 46.46
15.45 46.25
15.4667 46.03
15.4833 45.82
15.5 45.6
15.5167 45.39
15.5333 45.17
15.55 44.95
15.5667 44.73
15.5833 44.51
15.6 44.29
15.6167 44.07
15.6333 43.85
15.65 43.63
15.6667 43.4
15.6833 43.18
15.7 42.95
15.7167 42.73
15.7333 42.5
15.75 42.27
15.7667 42.04
15.7833 41.82
15.8 41.59
15.8167 41.36
15.8333 41.12
15.85 40.89
15.8667 40.66
15.8833 40.43
15.9 40.19
15.9167 39.96
15.9333 39.72
15.95 39.49
15.9667 39.25
15.9833 39.02
16.0 38.78
16.0167 38.54
16.0333 38.3
16.05 38.06
16.0667 37.82
16.0833 37.58
16.1 37.34
16.1167 37.1
16.1333 36.86
16.15 36.62
16.1667 36.37
16.1833 36.13
16.2 35.88
16.2167 35.64
16.2333 35.39
16.25 35.15
16.2667 34.9
16.2833 34.66
16.3 34.41
16.3167 34.16
16.3333 33.91
16.35 33.67
16.3667 33.42
16.3833 33.17
16.4 32.92
16.4167 32.67
16.4333 32.42
16.45 32.17
16.4667 31.92
16.4833 31.67
16.5 31.41
16.5167 31.16
16.5333 30.91
16.55 30.66
16.5667 30.41
16.5833 30.15
16.6 29.9
16.6167 29.65
16.6333 29.39
16.65 29.14
16.6667 28.89
16.6833 28.63
16.7 28.38
16.7167 28.12
16.7333 27.87
16.75 27.61
16.7667 27.36
16.7833 27.1
16.8 26.85
16.8167 26.59
16.8333 26.34
16.85 26.08
16.8667 25.83
16.8833 25.57
16.9 25.32
16.9167 25.06
16.9333 24.81
16.95 24.55
16.9667 24.3
16.9833 24.04
17.0 23.79
17.0167 23.53
17.0333 23.28
17.05 23.02
17.0667 22.77
17.0833 22.51
17.1 22.26
17.1167 22.0
17.1333 21.75
17.15 21.5
17.1667 21.24
17.1833 20.99
17.2 20.74
17.2167 20.49
17.2333 20.24
17.25 19.98
17.2667 19.73
17.2833 19.48
17.3 19.23
17.3167 18.98
17.3333 18.73
17.35 18.48
17.3667 18.24
17.3833 17.99
17.4 17.74
17.4167 17.49
17.4333 17.25
17.45 17.0
17.4667 16.76
17.4833 16.51
17.5 16.27
17.5167 16.03
17.5333 15.78
17.55 15.54
17.5667 15.3
17.5833 15.06
17.6 14.82
17.6167 14.59
17.6333 14.35
17.65 14.11
17.6667 13.88
17.6833 13.64
17.7 13.41
17.7167 13.18
17.7333 12.94
17.75 12.71
17.7667 12.49
17.7833 12.26
17.8 12.03
17.8167 11.81
17.8333 11.58
17.85 11.36
17.8667 11.14
17.8833 10.92
17.9 10.7
17.9167 10.48
17.9333 10.26
17.95 10.05
17.9667 9.835
17.9833 9.623
18.0 9.413
18.0167 9.204
18.0333 8.997
18.05 8.792
18.0667 8.588
18.0833 8.386
18.1 8.186
18.1167 7.987
18.1333 7.791
18.15 7.596
18.1667 7.403
18.1833 7.212
18.2 7.023
18.2167 6.836
18.2333 6.651
18.25 6.469
18.2667 6.288
18.2833 6.109
18.3 5.932
18.3167 5.758
18.3333 5.586
18.35 5.416
18.3667 5.248
18.3833 5.082
18.4 4.919
18.4167 4.758
18.4333 4.599
18.45 4.443
18.4667 4.289
18.4833 4.137
18.5 3.988
18.5167 3.841
18.5333 3.697
18.55 3.554
18.5667 3.414
18.5833 3.277
18.6 3.142
18.6167 3.009
18.6333 2.879
18.65 2.751
18.6667 2.625
18.6833 2.501
18.7 2.38
18.7167 2.262
18.7333 2.146
18.75 2.032
18.7667 1.92
18.7833 1.811
18.8 1.705
18.8167 1.601
18.8333 1.5
18.85 1.401
18.8667 1.305
18.8833 1.212
18.9 1.122
18.9167 1.034
18.9333 0.9506
18.95 0.8702
18.9667 0.7936
18.9833 0.7212
19.0 0.6514
19.0167 0.5731
19.0333 0.5069
19.05 0.4513
19.0667 0.4047
19.0833 0.3473
19.1 0.3074
19.1167 0.2611
19.1333 0.2228
19.15 0.1901
19.1667 0.1609
19.1833 0.1337
19.2 0.1099
19.2167 0.09024
19.2333 0.07411
19.25 0.05914
19.2667 0.04777
19.2833 0.03763
19.3 0.0298
19.3167 0.0236
19.3333 0.01831
19.35 0.01415
19.3667 0.01088
19.3833 0.008148
19.4 0.006116
19.4167 0.004577
19.4333 0.003295
19.45 0.002391
19.4667 0.001659
19.4833 0.001129
19.5 0.0007485
19.5167 0.0004782
19.5333 0.0002879
19.55 0.0001564
19.5667 7.07e-05
19.5833 2.069e-05
19.6 2.768e-06
19.6167 1.847e-07
19.6333 3.761e-09
19.65 1.712e-11
19.6667 2.504e-15
19.6833 0.0
19.7 0.0
19.7167 0.0
19.7333 0.0
19.75 0.0
19.7667 0.0
19.7833 0.0
19.8 0.0
19.8167 0.0
19.8333 0.0
19.85 0.0
19.8667 0.0
19.8833 0.0
19.9 0.0
19.9167 0.0
19.9333 0.0
19.95 0.0
19.9667 0.0
19.9833 0.0
20.0 0.0
20.0167 0.0
20.0333 0.0
20.05 0.0
20.0667 0.0
20.0833 0.0
20.1 0.0
20.1167 0.0
20.1333 0.0
20.15 0.0
20.1667 0.0
20.1833 0.0
20.2 0.0
20.2167 0.0
20.2333 0.0
20.25 0.0
20.2667 0.0
20.2833 0.0
20.3 0.0
20.3167 0.0
20.3333 0.0
20.35 0.0
20.3667 0.0
20.3833 0.0
20.4 0.0
20.4167 0.0
20.4333 0.0
20.45 0.0
20.4667 0.0
20.4833 0.0
20.5 0.0
20.5167 0.0
20.5333 0.0
20.55 0.0
20.5667 0.0
20.5833 0.0
20.6 0.0
20.6167 0.0
20.6333 0.0
20.65 0.0
20.6667 0.0
20.6833 0.0
20.7 0.0
20.7167 0.0
20.7333 0.0
20.75 0.0
20.7667 0.0
20.7833 0.0
20.8 0.0
20.8167 0.0
20.8333 0.0
20.85 0.0
20.8667 0.0
20.8833 0.0
20.9 0.0
20.9167 0.0
20.9333 0.0
20.95 0.0
20.9667 0.0
20.9833 0.0
21.0 0.0
21.0167 0.0
21.0333 0.0
21.05 0.0
21.0667 0.0
21.0833 0.0
21.1 0.0
21.1167 0.0
21.1333 0.0
21.15 0.0
21.1667 0.0
21.1833 0.0
21.2 0.0
21.2167 0.0
21.2333 0.0
21.25 0.0
21.2667 0.0
21.2833 0.0
21.3 0.0
21.3167 0.0
21.3333 0.0
21.35 0.0
21.3667 0.0
21.3833 0.0
21.4 0.0
21.4167 0.0
21.4333 0.0
21.45 0.0
21.4667 0.0
21.4833 0.0
21.5 0.0
21.5167 0.0
21.5333 0.0
21.55 0.0
21.5667 0.0
21.5833 0.0
21.6 0.0
21.6167 0.0
21.6333 0.0
21.65 0.0
21.6667 0.0
21.6833 0.0
21.7 0.0
21.7167 0.0
21.7333 0.0
21.75 0.0
21.7667 0.0
21.7833 0.0
21.8 0.0
21.8167 0.0
21.8333 0.0
21.85 0.0
21.8667 0.0
21.8833 0.0
21.9 0.0
21.9167 0.0
21.9333 0.0
21.95 0.0
21.9667 0.0
21.9833 0.0
22.0 0.0
22.0167 0.0
22.0333 0.0
22.05 0.0
22.0667 0.0
22.0833 0.0
22.1 0.0
22.1167 0.0
22.1333 0.0
22.15 0.0
22.1667 0.0
22.1833 0.0
22.2 0.0
22.2167 0.0
22.2333 0.0
22.25 0.0
22.2667 0.0
22.2833 0.0
22.3 0.0
22.3167 0.0
22.3333 0.0
22.35 0.0
22.3667 0.0
22.3833 0.0
22.4 0.0
22.4167 0.0
22.4333 0.0
22.45 0.0
22.4667 0.0
22.4833 0.0
22.5 0.0
22.5167 0.0
22.5333 0.0
22.55 0.0
22.5667 0.0
22.5833 0.0
22.6 0.0
22.6167 0.0
22.6333 0.0
22.65 0.0
22.6667 0.0
22.6833 0.0
22.7 0.0
22.7167 0.0
22.7333 0.0
22.75 0.0
22.7667 0.0
22.7833 0.0
22.8 0.0
22.8167 0.0
22.8333 0.0
22.85 0.0
22.8667 0.0
22.8833 0.0
22.9 0.0
22.9167 0.0
22.9333 0.0
22.95 0.0
22.9667 0.0
22.9833 0.0
23.0 0.0
23.0167 0.0
23.0333 0.0
23.05 0.0
23.0667 0.0
23.0833 0.0
23.1 0.0
23.1167 0.0
23.1333 0.0
23.15 0.0
23.1667 0.0
23.1833 0.0
23.2 0.0
23.2167 0.0
23.2333 0.0
23.25 0.0
23.2667 0.0
23.2833 0.0
23.3 0.0
23.3167 0.0
23.3333 0.0
23.35 0.0
23.3667 0.0
23.3833 0.0
23.4 0.0
23.4167 0.0
23.4333 0.0
23.45 0.0
23.4667 0.0
23.4833 0.0
23.5 0.0
23.5167 0.0
23.5333 0.0
23.55 0.0
23.5667 0.0
23.5833 0.0
23.6 0.0
23.6167 0.0
23.6333 0.0
23.65 0.0
23.6667 0.0
23.6833 0.0
23.7 0.0
23.7167 0.0
23.7333 0.0
23.75 0.0
23.7667 0.0
23.7833 0.0
23.8 0.0
23.8167 0.0
23.8333 0.0
23.85 0.0
23.8667 0.0
23.8833 0.0
23.9 0.0
23.9167 0.0
23.9333 0.0
23.95 0.0
23.9667 0.0
23.9833 0.0
