0.0 0.0
0.0167 0.0
0.0333 0.0
0.05 0.0
0.0667 0.0
0.0833 0.0
0.1 0.0
0.1167 0.0
0.1333 0.0
0.15 0.0
0.1667 0.0
0.1833 0.0
0.2 0.0
0.2167 0.0
0.2333 0.0
0.25 0.0
0.2667 0.0
0.2833 0.0
0.3 0.0
0.3167 0.0
0.3333 0.0
0.35 0.0
0.3667 0.0
0.3833 0.0
0.4 0.0
0.4167 0.0
0.4333 0.0
0.45 0.0
0.4667 0.0
0.4833 0.0
0.5 0.0
0.5167 0.0
0.5333 0.0
0.55 0.0
0.5667 0.0
0.5833 0.0
0.6 0.0
0.6167 0.0
0.6333 0.0
0.65 0.0
0.6667 0.0
0.6833 0.0
0.7 0.0
0.7167 0.0
0.7333 0.0
0.75 0.0
0.7667 0.0
0.7833 0.0
0.8 0.0
0.8167 0.0
0.8333 0.0
0.85 0.0
0.8667 0.0
0.8833 0.0
0.9 0.0
0.9167 0.0
0.9333 0.0
0.95 0.0
0.9667 0.0
0.9833 0.0
1.0 0.0
1.0167 0.0
1.0333 0.0
1.05 0.0
1.0667 0.0
1.0833 0.0
1.1 0.0
1.1167 0.0
1.1333 0.0
1.15 0.0
1.1667 0.0
1.1833 0.0
1.2 0.0
1.2167 0.0
1.2333 0.0
1.25 0.0
1.2667 0.0
1.2833 0.0
1.3 0.0
1.3167 0.0
1.3333 0.0
1.35 0.0
1.3667 0.0
1.3833 0.0
1.4 0.0
1.4167 0.0
1.4333 0.0
1.45 0.0
1.4667 0.0
1.4833 0.0
1.5 0.0
1.5167 0.0
1.5333 0.0
1.55 0.0
1.5667 0.0
1.5833 0.0
1.6 0.0
1.6167 0.0
1.6333 0.0
1.65 0.0
1.6667 0.0
1.6833 0.0
1.7 0.0
1.7167 0.0
1.7333 0.0
1.75 0.0
1.7667 0.0
1.7833 0.0
1.8 0.0
1.8167 0.0
1.8333 0.0
1.85 0.0
1.8667 0.0
1.8833 0.0
1.9 0.0
1.9167 0.0
1.9333 0.0
1.95 0.0
1.9667 0.0
1.9833 0.0
2.0 0.0
2.0167 0.0
2.0333 0.0
2.05 0.0
2.0667 0.0
2.0833 0.0
2.1 0.0
2.1167 0.0
2.1333 0.0
2.15 0.0
2.1667 0.0
2.1833 0.0
2.2 0.0
2.2167 0.0
2.2333 0.0
2.25 0.0
2.2667 0.0
2.2833 0.0
2.3 0.0
2.3167 0.0
2.3333 0.0
2.35 0.0
2.3667 0.0
2.3833 0.0
2.4 0.0
2.4167 0.0
2.4333 0.0
2.45 0.0
2.4667 0.0
2.4833 0.0
2.5 0.0
2.5167 0.0
2.5333 0.0
2.55 0.0
2.5667 0.0
2.5833 0.0
2.6 0.0
2.6167 0.0
2.6333 0.0
2.65 0.0
2.6667 0.0
2.6833 0.0
2.7 0.0
2.7167 0.0
2.7333 0.0
2.75 0.0
2.7667 0.0
2.7833 0.0
2.8 0.0
2.8167 0.0
2.8333 0.0
2.85 0.0
2.8667 0.0
2.8833 0.0
2.9 0.0
2.9167 0.0
2.9333 0.0
2.95 0.0
2.9667 0.0
2.9833 0.0
3.0 0.0
3.0167 0.0
3.0333 0.0
3.05 0.0
3.0667 0.0
3.0833 0.0
3.1 0.0
3.1167 0.0
3.1333 0.0
3.15 0.0
3.1667 0.0
3.1833 0.0
3.2 0.0
3.2167 0.0
3.2333 0.0
3.25 0.0
3.2667 0.0
3.2833 0.0
3.3 0.0
3.3167 0.0
3.3333 0.0
3.35 0.0
3.3667 0.0
3.3833 0.0
3.4 0.0
3.4167 0.0
3.4333 0.0
3.45 0.0
3.4667 0.0
3.4833 0.0
3.5 0.0
3.5167 0.0
3.5333 0.0
3.55 0.0
3.5667 0.0
3.5833 0.0
3.6 0.0
3.6167 0.0
3.6333 0.0
3.65 0.0
3.6667 0.0
3.6833 0.0
3.7 0.0
3.7167 0.0
3.7333 0.0
3.75 0.0
3.7667 0.0
3.7833 0.0
3.8 0.0
3.8167 0.0
3.8333 0.0
3.85 0.0
3.8667 0.0
3.8833 0.0
3.9 0.0
3.9167 0.0
3.9333 0.0
3.95 0.0
3.9667 0.0
3.9833 0.0
4.0 0.0
4.0167 0.0
4.0333 0.0
4.05 0.0
4.0667 0.0
4.0833 0.0
4.1 0.0
4.1167 0.0
4.1333 0.0
4.15 0.0
4.1667 0.0
4.1833 0.0
4.2 0.0
4.2167 0.0
4.2333 0.0
4.25 0.0
4.2667 0.0
4.2833 0.0
4.3 0.0
4.3167 0.0
4.3333 0.0
4.35 0.0
4.3667 0.0
4.3833 0.0
4.4 0.0
4.4167 0.0
4.4333 0.0
4.45 0.0
4.4667 0.0
4.4833 0.0
4.5 0.0
4.5167 0.0
4.5333 0.0
4.55 0.0
4.5667 0.0
4.5833 0.0
4.6 0.0
4.6167 0.0
4.6333 0.0
4.65 0.0
4.6667 0.0
4.6833 0.0
4.7 0.0
4.7167 0.0
4.7333 0.0
4.75 0.0
4.7667 0.0
4.7833 0.0
4.8 0.0
4.8167 0.0
4.8333 0.0
4.85 0.0
4.8667 0.0
4.8833 0.0
4.9 0.0
4.9167 0.0
4.9333 0.0
4.95 0.0
4.9667 0.0
4.9833 0.0
5.0 0.0
5.0167 0.0
5.0333 0.0
5.05 0.0
5.0667 0.0
5.0833 0.0
5.1 0.0
5.1167 0.0
5.1333 0.0
5.15 0.0
5.1667 0.0
5.1833 0.0
5.2 0.0
5.2167 0.0
5.2333 0.0
5.25 0.0
5.2667 0.0
5.2833 0.0
5.3 0.0
5.3167 0.0
5.3333 0.0
5.35 0.0
5.3667 0.0
5.3833 0.0
5.4 0.0
5.4167 0.0
5.4333 0.0
5.45 0.0
5.4667 0.0
5.4833 0.0
5.5 0.0
5.5167 0.0
5.5333 0.0
5.55 0.0
5.5667 0.0
5.5833 0.0
5.6 0.0
5.6167 0.0
5.6333 0.0
5.65 0.0
5.6667 0.0
5.6833 0.0
5.7 0.0
5.7167 0.0
5.7333 0.0
5.75 0.0
5.7667 0.0
5.7833 0.0
5.8 0.0
5.8167 0.0
5.8333 0.0
5.85 0.0
5.8667 0.0
5.8833 0.0
5.9 0.0
5.9167 0.0
5.9333 0.0
5.95 0.0
5.9667 0.0
5.9833 0.0
6.0 0.0
6.0167 0.0
6.0333 0.0
6.05 0.0
6.0667 0.0
6.0833 0.0
6.1 0.0
6.1167 0.0
6.1333 0.0
6.15 0.0
6.1667 0.0
6.1833 0.0
6.2 0.0
6.2167 0.0
6.2333 0.0
6.25 0.0
6.2667 0.0
6.2833 0.0
6.3 0.0
6.3167 0.0
6.3333 0.0
6.35 0.0
6.3667 0.0
6.3833 0.0
6.4 0.0
6.4167 0.0
6.4333 0.0
6.45 0.0
6.4667 0.0
6.4833 0.0
6.5 0.0
6.5167 0.0
6.5333 0.0
6.55 0.0
6.5667 0.0
6.5833 3.793e-30
6.6 1.769e-12
6.6167 8.063e-10
6.6333 6.101e-08
6.65 1.362e-06
6.6667 1.29e-05
6.6833 5.548e-05
6.7 0.0001339
6.7167 0.00026
6.7333 0.0004449
6.75 0.0007081
6.7667 0.001075
6.7833 0.001585
6.8 0.002291
6.8167 0.003233
6.8333 0.004426
6.85 0.006009
6.8667 0.008065
6.8833 0.01058
6.9 0.01379
6.9167 0.01785
6.9333 0.02297
6.95 0.02941
6.9667 0.0376
6.9833 0.04664
7.0 0.0587
7.0167 0.07215
7.0333 0.09023
7.05 0.1089
7.0667 0.1311
7.0833 0.157
7.1 0.1867
7.1167 0.2209
7.1333 0.2608
7.15 0.2984
7.1667 0.3444
7.1833 0.395
7.2 0.449
7.2167 0.5008
7.2333 0.5621
7.25 0.6345
7.2667 0.7146
7.2833 0.7855
7.3 0.8609
7.3167 0.9403
7.3333 1.023
7.35 1.109
7.3667 1.199
7.3833 1.291
7.4 1.386
7.4167 1.483
7.4333 1.583
7.45 1.686
7.4667 1.791
7.4833 1.898
7.5 2.008
7.5167 2.12
7.5333 2.234
7.55 2.35
7.5667 2.468
7.5833 2.589
7.6 2.711
7.6167 2.836
7.6333 2.963
7.65 3.091
7.6667 3.222
7.6833 3.355
7.7 3.49
7.7167 3.627
7.7333 3.766
7.75 3.907
7.7667 4.05
7.7833 4.195
7.8 4.342
7.8167 4.491
7.8333 4.642
7.85 4.795
7.8667 4.95
7.8833 5.107
7.9 5.266
7.9167 5.426
7.9333 5.589
7.95 5.753
7.9667 5.919
7.9833 6.087
8.0 6.257
8.0167 6.428
8.0333 6.601
8.05 6.776
8.0667 6.952
8.0833 7.13
8.1 7.309
8.1167 7.49
8.1333 7.673
8.15 7.856
8.1667 8.042
8.1833 8.228
8.2 8.417
8.2167 8.606
8.2333 8.797
8.25 8.989
8.2667 9.182
8.2833 9.376
8.3 9.572
8.3167 9.768
8.3333 9.966
8.35 10.16
8.3667 10.36
8.3833 10.57
8.4 10.77
8.4167 10.97
8.4333 11.17
8.45 11.38
8.4667 11.58
8.4833 11.79
8.5 12.0
8.5167 12.2
8.5333 12.41
8.55 12.62
8.5667 12.83
8.5833 13.04
8.6 13.25
8.6167 13.46
8.6333 13.68
8.65 13.89
8.6667 14.1
8.6833 14.32
8.7 14.53
8.7167 14.75
8.7333 14.96
8.75 15.18
8.7667 15.39
8.7833 15.61
8.8 15.82
8.8167 16.04
8.8333 16.26
8.85 16.47
8.8667 16.69
8.8833 16.91
8.9 17.13
8.9167 17.34
8.9333 17.56
8.95 17.78
8.9667 18.0
8.9833 18.22
9.0 18.44
9.0167 18.65
9.0333 18.87
9.05 19.09
9.0667 19.31
9.0833 19.53
9.1 19.75
9.1167 19.96
9.1333 20.18
9.15 20.4
9.1667 20.62
9.1833 20.84
9.2 21.05
9.2167 21.27
9.2333 21.49
9.25 21.7
9.2667 21.92
9.2833 22.14
9.3 22.35
9.3167 22.57
9.3333 22.79
9.35 23.0
9.3667 23.22
9.3833 23.43
9.4 23.65
9.4167 23.86
9.4333 24.07
9.45 24.29
9.4667 24.5
9.4833 24.71
9.5 24.92
9.5167 25.13
9.5333 25.35
9.55 25.56
9.5667 25.77
9.5833 25.98
9.6 26.19
9.6167 26.39
9.6333 26.6
9.65 26.81
9.6667 27.02
9.6833 27.22
9.7 27.43
9.7167 27.63
9.7333 27.84
9.75 28.04
9.7667 28.25
9.7833 28.45
9.8 28.65
9.8167 28.85
9.8333 29.05
9.85 29.25
9.8667 29.45
9.8833 29.65
9.9 29.85
9.9167 30.05
9.9333 30.24
9.95 30.44
9.9667 30.64
9.9833 30.83
10.0 31.02
10.0167 31.22
10.0333 31.41
10.05 31.6
10.0667 31.79
10.0833 31.98
10.1 32.17
10.1167 32.36
10.1333 32.54
10.15 32.73
10.1667 32.92
10.1833 33.1
10.2 33.29
10.2167 33.47
10.2333 33.65
10.25 33.83
10.2667 34.01
10.2833 34.19
10.3 34.37
10.3167 34.55
10.3333 34.73
10.35 34.9
10.3667 35.08
10.3833 35.25
10.4 35.42
10.4167 35.6
10.4333 35.77
10.45 35.94
10.4667 36.11
10.4833 36.27
10.5 36.44
10.5167 36.61
10.5333 36.77
10.55 36.94
10.5667 37.1
10.5833 37.26
10.6 37.42
10.6167 37.58
10.6333 37.74
10.65 37.9
10.6667 38.06
10.6833 38.21
10.7 38.37
10.7167 38.52
10.7333 38.67
10.75 38.83
10.7667 38.98
10.7833 39.13
10.8 39.27
10.8167 39.42
10.8333 39.57
10.85 39.71
10.8667 39.86
10.8833 40.0
10.9 40.14
10.9167 40.28
10.9333 40.42
10.95 40.56
10.9667 40.7
10.9833 40.83
11.0 40.97
11.0167 41.1
11.0333 41.23
11.05 41.37
11.0667 41.5
11.0833 41.62
11.1 41.75
11.1167 41.88
11.1333 42.0
11.15 42.13
11.1667 42.25
11.1833 42.37
11.2 42.49
11.2167 42.61
11.2333 42.73
11.25 42.85
11.2667 42.96
11.2833 43.08
11.3 43.19
11.3167 43.3
11.3333 43.41
11.35 43.52
11.3667 43.63
11.3833 43.74
11.4 43.84
11.4167 43.95
11.4333 44.05
11.45 44.15
11.4667 44.26
11.4833 44.35
11.5 44.45
11.5167 44.55
11.5333 44.65
11.55 44.74
11.5667 44.83
11.5833 44.92
11.6 45.02
11.6167 45.1
11.6333 45.19
11.65 45.28
11.6667 45.36
11.6833 45.45
11.7 45.53
11.7167 45.61
11.7333 45.69
11.75 45.77
11.7667 45.85
11.7833 45.92
11.8 46.0
11.8167 46.07
11.8333 46.14
11.85 46.22
11.8667 46.29
11.8833 46.35
11.9 46.42
11.9167 46.49
11.9333 46.55
11.95 46.61
11.9667 46.67
11.9833 46.73
12.0 46.79
12.0167 46.85
12.0333 46.91
12.05 46.96
12.0667 47.01
12.0833 47.07
12.1 47.12
12.1167 47.17
12.1333 47.21
12.15 47.26
12.1667 47.31
12.1833 47.35
12.2 47.39
12.2167 47.43
12.2333 47.47
12.25 47.51
12.2667 47.55
12.2833 47.58
12.3 47.62
12.3167 47.65
12.3333 47.68
12.35 47.71
12.3667 47.74
12.3833 47.77
12.4 47.79
12.4167 47.82
12.4333 47.84
12.45 47.86
12.4667 47.88
12.4833 47.9
12.5 47.92
12.5167 47.94
12.5333 47.95
12.55 47.97
12.5667 47.98
12.5833 47.99
12.6 48.0
12.6167 48.01
12.6333 48.01
12.65 48.02
12.6667 48.02
12.6833 48.02
12.7 48.02
12.7167 48.02
12.7333 48.02
12.75 48.02
12.7667 48.01
12.7833 48.01
12.8 48.0
12.8167 47.99
12.8333 47.98
12.85 47.97
12.8667 47.96
12.8833 47.94
12.9 47.93
12.9167 47.91
12.9333 47.89
12.95 47.87
12.9667 47.85
12.9833 47.83
13.0 47.81
13.0167 47.78
13.0333 47.75
13.05 47.73
13.0667 47.7
13.0833 47.67
13.1 47.63
13.1167 47.6
13.1333 47.57
13.15 47.53
13.1667 47.49
13.1833 47.45
13.2 47.41
13.2167 47.37
13.2333 47.33
13.25 47.28
13.2667 47.24
13.2833 47.19
13.3 47.14
13.3167 47.09
13.3333 47.04
13.35 46.99
13.3667 46.93
13.3833 46.88
13.4 46.82
13.4167 46.76
13.4333 46.7
13.45 46.64
13.4667 46.58
13.4833 46.52
13.5 46.45
13.5167 46.39
13.5333 46.32
13.55 46.25
13.5667 46.18
13.5833 46.11
13.6 46.04
13.6167 45.96
13.6333 45.89
13.65 45.81
13.6667 45.73
13.6833 45.65
13.7 45.57
13.7167 45.49
13.7333 45.41
13.75 45.32
13.7667 45.24
13.7833 45.15
13.8 45.06
13.8167 44.97
13.8333 44.88
13.85 44.79
13.8667 44.69
13.8833 44.6
13.9 44.5
13.9167 44.4
13.9333 44.31
13.95 44.21
13.9667 44.1
13.9833 44.0
14.0 43.9
14.0167 43.79
14.0333 43.69
14.05 43.58
14.0667 43.47
14.0833 43.36
14.1 43.25
14.1167 43.14
14.1333 43.02
14.15 42.91
14.1667 42.79
14.1833 42.67
14.2 42.55
14.2167 42.43
14.2333 42.31
14.25 42.19
14.2667 42.07
14.2833 41.94
14.3 41.82
14.3167 41.69
14.3333 41.56
14.35 41.43
14.3667 41.3
14.3833 41.17
14.4 41.04
14.4167 40.9
14.4333 40.77
14.45 40.63
14.4667 40.49
14.4833 40.35
14.5 40.21
14.5167 40.07
14.5333 39.93
14.55 39.79
14.5667 39.64
14.5833 39.5
14.6 39.35
14.6167 39.2
14.6333 39.05
14.65 38.9
14.6667 38.75
14.6833 38.6
14.7 38.45
14.7167 38.29
14.7333 38.14
14.75 37.98
14.7667 37.82
14.7833 37.66
14.8 37.5
14.8167 37.34
14.8333 37.18
14.85 37.02
14.8667 36.86
14.8833 36.69
14.9 36.52
14.9167 36.36
14.9333 36.19
14.95 36.02
14.9667 35.85
14.9833 35.68
15.0 35.51
15.0167 35.34
15.0333 35.16
15.05 34.99
15.0667 34.81
15.0833 34.64
15.1 34.46
15.1167 34.28
15.1333 34.1
15.15 33.92
15.1667 33.74
15.1833 33.56
15.2 33.38
15.2167 33.19
15.2333 33.01
15.25 32.82
15.2667 32.64
15.2833 32.45
15.3 32.26
15.3167 32.07
15.3333 31.89
15.35 31.7
15.3667 31.5
15.3833 31.31
15.4 31.12
15.4167 30.93
15.4333 30.73
15.45 30.54
15.4667 30.34
15.4833 30.15
15.5 29.95
15.5167 29.75
15.5333 29.55
15.55 29.35
15.5667 29.15
15.5833 28.95
15.6 28.75
15.6167 28.55
15.6333 28.35
15.65 28.14
15.6667 27.94
15.6833 27.74
15.7 27.53
15.7167 27.33
15.7333 27.12
15.75 26.91
15.7667 26.7
15.7833 26.5
15.8 26.29
15.8167 26.08
15.8333 25.87
15.85 25.66
15.8667 25.45
15.8833 25.24
15.9 25.03
15.9167 24.82
15.9333 24.6
15.95 24.39
15.9667 24.18
15.9833 23.96
16.0 23.75
16.0167 23.54
16.0333 23.32
16.05 23.11
16.0667 22.89
16.0833 22.68
16.1 22.46
16.1167 22.24
16.1333 22.03
16.15 21.81
16.1667 21.59
16.1833 21.38
16.2 21.16
16.2167 20.94
16.2333 20.73
16.25 20.51
16.2667 20.29
16.2833 20.07
16.3 19.85
16.3167 19.64
16.3333 19.42
16.35 19.2
16.3667 18.98
16.3833 18.76
16.4 18.54
16.4167 18.33
16.4333 18.11
16.45 17.89
16.4667 17.67
16.4833 17.45
16.5 17.23
16.5167 17.02
16.5333 16.8
16.55 16.58
16.5667 16.36
16.5833 16.15
16.6 15.93
16.6167 15.71
16.6333 15.5
16.65 15.28
16.6667 15.07
16.6833 14.85
16.7 14.64
16.7167 14.42
16.7333 14.21
16.75 13.99
16.7667 13.78
16.7833 13.57
16.8 13.36
16.8167 13.15
16.8333 12.93
16.85 12.72
16.8667 12.51
16.8833 12.31
16.9 12.1
16.9167 11.89
16.9333 11.68
16.95 11.48
16.9667 11.27
16.9833 11.07
17.0 10.87
17.0167 10.66
17.0333 10.46
17.05 10.26
17.0667 10.06
17.0833 9.864
17.1 9.667
17.1167 9.471
17.1333 9.276
17.15 9.083
17.1667 8.89
17.1833 8.698
17.2 8.508
17.2167 8.32
17.2333 8.133
17.25 7.946
17.2667 7.762
17.2833 7.578
17.3 7.397
17.3167 7.217
17.3333 7.038
17.35 6.861
17.3667 6.685
17.3833 6.512
17.4 6.34
17.4167 6.169
17.4333 6.0
17.45 5.833
17.4667 5.668
17.4833 5.505
17.5 5.344
17.5167 5.184
17.5333 5.026
17.55 4.87
17.5667 4.716
17.5833 4.564
17.6 4.414
17.6167 4.266
17.6333 4.12
17.65 3.976
17.6667 3.834
17.6833 3.694
17.7 3.556
17.7167 3.42
17.7333 3.286
17.75 3.154
17.7667 3.024
17.7833 2.897
17.8 2.771
17.8167 2.647
17.8333 2.526
17.85 2.407
17.8667 2.29
17.8833 2.174
17.9 2.061
17.9167 1.951
17.9333 1.842
17.95 1.736
17.9667 1.632
17.9833 1.531
18.0 1.432
18.0167 1.336
18.0333 1.242
18.05 1.152
18.0667 1.064
18.0833 0.9796
18.1 0.8985
18.1167 0.8211
18.1333 0.7479
18.15 0.6736
18.1667 0.5953
18.1833 0.5288
18.2 0.4727
18.2167 0.4253
18.2333 0.3654
18.25 0.3247
18.2667 0.2765
18.2833 0.2368
18.3 0.2034
18.3167 0.1741
18.3333 0.1459
18.35 0.119
18.3667 0.09759
18.3833 0.08011
18.4 0.0655
18.4167 0.05199
18.4333 0.04155
18.45 0.03311
18.4667 0.02587
18.4833 0.02015
18.5 0.01561
18.5167 0.01202
18.5333 0.009195
18.55 0.006983
18.5667 0.005112
18.5833 0.003779
18.6 0.002685
18.6167 0.001899
18.6333 0.001313
18.65 0.0008723
18.6667 0.000561
18.6833 0.0003428
18.7 0.0001917
18.7167 8.636e-05
18.7333 2.837e-05
18.75 4.344e-06
18.7667 3.096e-07
18.7833 6.862e-09
18.8 4.291e-11
18.8167 1.428e-14
18.8333 0.0
18.85 0.0
18.8667 0.0
18.8833 0.0
18.9 0.0
18.9167 0.0
18.9333 0.0
18.95 0.0
18.9667 0.0
18.9833 0.0
19.0 0.0
19.0167 0.0
19.0333 0.0
19.05 0.0
19.0667 0.0
19.0833 0.0
19.1 0.0
19.1167 0.0
19.1333 0.0
19.15 0.0
19.1667 0.0
19.1833 0.0
19.2 0.0
19.2167 0.0
19.2333 0.0
19.25 0.0
19.2667 0.0
19.2833 0.0
19.3 0.0
19.3167 0.0
19.3333 0.0
19.35 0.0
19.3667 0.0
19.3833 0.0
19.4 0.0
19.4167 0.0
19.4333 0.0
19.45 0.0
19.4667 0.0
19.4833 0.0
19.5 0.0
19.5167 0.0
19.5333 0.0
19.55 0.0
19.5667 0.0
19.5833 0.0
19.6 0.0
19.6167 0.0
19.6333 0.0
19.65 0.0
19.6667 0.0
19.6833 0.0
19.7 0.0
19.7167 0.0
19.7333 0.0
19.75 0.0
19.7667 0.0
19.7833 0.0
19.8 0.0
19.8167 0.0
19.8333 0.0
19.85 0.0
19.8667 0.0
19.8833 0.0
19.9 0.0
19.9167 0.0
19.9333 0.0
19.95 0.0
19.9667 0.0
19.9833 0.0
20.0 0.0
20.0167 0.0
20.0333 0.0
20.05 0.0
20.0667 0.0
20.0833 0.0
20.1 0.0
20.1167 0.0
20.1333 0.0
20.15 0.0
20.1667 0.0
20.1833 0.0
20.2 0.0
20.2167 0.0
20.2333 0.0
20.25 0.0
20.2667 0.0
20.2833 0.0
20.3 0.0
20.3167 0.0
20.3333 0.0
20.35 0.0
20.3667 0.0
20.3833 0.0
20.4 0.0
20.4167 0.0
20.4333 0.0
20.45 0.0
20.4667 0.0
20.4833 0.0
20.5 0.0
20.5167 0.0
20.5333 0.0
20.55 0.0
20.5667 0.0
20.5833 0.0
20.6 0.0
20.6167 0.0
20.6333 0.0
20.65 0.0
20.6667 0.0
20.6833 0.0
20.7 0.0
20.7167 0.0
20.7333 0.0
20.75 0.0
20.7667 0.0
20.7833 0.0
20.8 0.0
20.8167 0.0
20.8333 0.0
20.85 0.0
20.8667 0.0
20.8833 0.0
20.9 0.0
20.9167 0.0
20.9333 0.0
20.95 0.0
20.9667 0.0
20.9833 0.0
21.0 0.0
21.0167 0.0
21.0333 0.0
21.05 0.0
21.0667 0.0
21.0833 0.0
21.1 0.0
21.1167 0.0
21.1333 0.0
21.15 0.0
21.1667 0.0
21.1833 0.0
21.2 0.0
21.2167 0.0
21.2333 0.0
21.25 0.0
21.2667 0.0
21.2833 0.0
21.3 0.0
21.3167 0.0
21.3333 0.0
21.35 0.0
21.3667 0.0
21.3833 0.0
21.4 0.0
21.4167 0.0
21.4333 0.0
21.45 0.0
21.4667 0.0
21.4833 0.0
21.5 0.0
21.5167 0.0
21.5333 0.0
21.55 0.0
21.5667 0.0
21.5833 0.0
21.6 0.0
21.6167 0.0
21.6333 0.0
21.65 0.0
21.6667 0.0
21.6833 0.0
21.7 0.0
21.7167 0.0
21.7333 0.0
21.75 0.0
21.7667 0.0
21.7833 0.0
21.8 0.0
21.8167 0.0
21.8333 0.0
21.85 0.0
21.8667 0.0
21.8833 0.0
21.9 0.0
21.9167 0.0
21.9333 0.0
21.95 0.0
21.9667 0.0
21.9833 0.0
22.0 0.0
22.0167 0.0
22.0333 0.0
22.05 0.0
22.0667 0.0
22.0833 0.0
22.1 0.0
22.1167 0.0
22.1333 0.0
22.15 0.0
22.1667 0.0
22.1833 0.0
22.2 0.0
22.2167 0.0
22.2333 0.0
22.25 0.0
22.2667 0.0
22.2833 0.0
22.3 0.0
22.3167 0.0
22.3333 0.0
22.35 0.0
22.3667 0.0
22.3833 0.0
22.4 0.0
22.4167 0.0
22.4333 0.0
22.45 0.0
22.4667 0.0
22.4833 0.0
22.5 0.0
22.5167 0.0
22.5333 0.0
22.55 0.0
22.5667 0.0
22.5833 0.0
22.6 0.0
22.6167 0.0
22.6333 0.0
22.65 0.0
22.6667 0.0
22.6833 0.0
22.7 0.0
22.7167 0.0
22.7333 0.0
22.75 0.0
22.7667 0.0
22.7833 0.0
22.8 0.0
22.8167 0.0
22.8333 0.0
22.85 0.0
22.8667 0.0
22.8833 0.0
22.9 0.0
22.9167 0.0
22.9333 0.0
22.95 0.0
22.9667 0.0
22.9833 0.0
23.0 0.0
23.0167 0.0
23.0333 0.0
23.05 0.0
23.0667 0.0
23.0833 0.0
23.1 0.0
23.1167 0.0
23.1333 0.0
23.15 0.0
23.1667 0.0
23.1833 0.0
23.2 0.0
23.2167 0.0
23.2333 0.0
23.25 0.0
23.2667 0.0
23.2833 0.0
23.3 0.0
23.3167 0.0
23.3333 0.0
23.35 0.0
23.3667 0.0
23.3833 0.0
23.4 0.0
23.4167 0.0
23.4333 0.0
23.45 0.0
23.4667 0.0
23.4833 0.0
23.5 0.0
23.5167 0.0
23.5333 0.0
23.55 0.0
23.5667 0.0
23.5833 0.0
23.6 0.0
23.6167 0.0
23.6333 0.0
23.65 0.0
23.6667 0.0
23.6833 0.0
23.7 0.0
23.7167 0.0
23.7333 0.0
23.75 0.0
23.7667 0.0
23.7833 0.0
23.8 0.0
23.8167 0.0
23.8333 0.0
23.85 0.0
23.8667 0.0
23.8833 0.0
23.9 0.0
23.9167 0.0
23.9333 0.0
23.95 0.0
23.9667 0.0
23.9833 0.0
