0.0 0.0
0.0167 0.0
0.0333 0.0
0.05 0.0
0.0667 0.0
0.0833 0.0
0.1 0.0
0.1167 0.0
0.1333 0.0
0.15 0.0
0.1667 0.0
0.1833 0.0
0.2 0.0
0.2167 0.0
0.2333 0.0
0.25 0.0
0.2667 0.0
0.2833 0.0
0.3 0.0
0.3167 0.0
0.3333 0.0
0.35 0.0
0.3667 0.0
0.3833 0.0
0.4 0.0
0.4167 0.0
0.4333 0.0
0.45 0.0
0.4667 0.0
0.4833 0.0
0.5 0.0
0.5167 0.0
0.5333 0.0
0.55 0.0
0.5667 0.0
0.5833 0.0
0.6 0.0
0.6167 0.0
0.6333 0.0
0.65 0.0
0.6667 0.0
0.6833 0.0
0.7 0.0
0.7167 0.0
0.7333 0.0
0.75 0.0
0.7667 0.0
0.7833 0.0
0.8 0.0
0.8167 0.0
0.8333 0.0
0.85 0.0
0.8667 0.0
0.8833 0.0
0.9 0.0
0.9167 0.0
0.9333 0.0
0.95 0.0
0.9667 0.0
0.9833 0.0
1.0 0.0
1.0167 0.0
1.0333 0.0
1.05 0.0
1.0667 0.0
1.0833 0.0
1.1 0.0
1.1167 0.0
1.1333 0.0
1.15 0.0
1.1667 0.0
1.1833 0.0
1.2 0.0
1.2167 0.0
1.2333 0.0
1.25 0.0
1.2667 0.0
1.2833 0.0
1.3 0.0
1.3167 0.0
1.3333 0.0
1.35 0.0
1.3667 0.0
1.3833 0.0
1.4 0.0
1.4167 0.0
1.4333 0.0
1.45 0.0
1.4667 0.0
1.4833 0.0
1.5 0.0
1.5167 0.0
1.5333 0.0
1.55 0.0
1.5667 0.0
1.5833 0.0
1.6 0.0
1.6167 0.0
1.6333 0.0
1.65 0.0
1.6667 0.0
1.6833 0.0
1.7 0.0
1.7167 0.0
1.7333 0.0
1.75 0.0
1.7667 0.0
1.7833 0.0
1.8 0.0
1.8167 0.0
1.8333 0.0
1.85 0.0
1.8667 0.0
1.8833 0.0
1.9 0.0
1.9167 0.0
1.9333 0.0
1.95 0.0
1.9667 0.0
1.9833 0.0
2.0 0.0
2.0167 0.0
2.0333 0.0
2.05 0.0
2.0667 0.0
2.0833 0.0
2.1 0.0
2.1167 0.0
2.1333 0.0
2.15 0.0
2.1667 0.0
2.1833 0.0
2.2 0.0
2.2167 0.0
2.2333 0.0
2.25 0.0
2.2667 0.0
2.2833 0.0
2.3 0.0
2.3167 0.0
2.3333 0.0
2.35 0.0
2.3667 0.0
2.3833 0.0
2.4 0.0
2.4167 0.0
2.4333 0.0
2.45 0.0
2.4667 0.0
2.4833 0.0
2.5 0.0
2.5167 0.0
2.5333 0.0
2.55 0.0
2.5667 0.0
2.5833 0.0
2.6 0.0
2.6167 0.0
2.6333 0.0
2.65 0.0
2.6667 0.0
2.6833 0.0
2.7 0.0
2.7167 0.0
2.7333 0.0
2.75 0.0
2.7667 0.0
2.7833 0.0
2.8 0.0
2.8167 0.0
2.8333 0.0
2.85 0.0
2.8667 0.0
2.8833 0.0
2.9 0.0
2.9167 0.0
2.9333 0.0
2.95 0.0
2.9667 0.0
2.9833 0.0
3.0 0.0
3.0167 0.0
3.0333 0.0
3.05 0.0
3.0667 0.0
3.0833 0.0
3.1 0.0
3.1167 0.0
3.1333 0.0
3.15 0.0
3.1667 0.0
3.1833 0.0
3.2 0.0
3.2167 0.0
3.2333 0.0
3.25 0.0
3.2667 0.0
3.2833 0.0
3.3 0.0
3.3167 0.0
3.3333 0.0
3.35 0.0
3.3667 0.0
3.3833 0.0
3.4 0.0
3.4167 0.0
3.4333 0.0
3.45 0.0
3.4667 0.0
3.4833 0.0
3.5 0.0
3.5167 0.0
3.5333 0.0
3.55 0.0
3.5667 0.0
3.5833 0.0
3.6 0.0
3.6167 0.0
3.6333 0.0
3.65 0.0
3.6667 0.0
3.6833 0.0
3.7 0.0
3.7167 0.0
3.7333 0.0
3.75 0.0
3.7667 0.0
3.7833 0.0
3.8 0.0
3.8167 0.0
3.8333 0.0
3.85 0.0
3.8667 0.0
3.8833 0.0
3.9 0.0
3.9167 0.0
3.9333 0.0
3.95 0.0
3.9667 0.0
3.9833 0.0
4.0 0.0
4.0167 0.0
4.0333 0.0
4.05 0.0
4.0667 0.0
4.0833 0.0
4.1 0.0
4.1167 0.0
4.1333 0.0
4.15 0.0
4.1667 0.0
4.1833 0.0
4.2 0.0
4.2167 0.0
4.2333 0.0
4.25 0.0
4.2667 0.0
4.2833 0.0
4.3 0.0
4.3167 0.0
4.3333 0.0
4.35 0.0
4.3667 0.0
4.3833 0.0
4.4 0.0
4.4167 0.0
4.4333 0.0
4.45 0.0
4.4667 0.0
4.4833 0.0
4.5 0.0
4.5167 0.0
4.5333 0.0
4.55 0.0
4.5667 0.0
4.5833 0.0
4.6 0.0
4.6167 0.0
4.6333 0.0
4.65 0.0
4.6667 0.0
4.6833 0.0
4.7 0.0
4.7167 0.0
4.7333 0.0
4.75 0.0
4.7667 0.0
4.7833 0.0
4.8 0.0
4.8167 0.0
4.8333 0.0
4.85 0.0
4.8667 0.0
4.8833 0.0
4.9 0.0
4.9167 0.0
4.9333 0.0
4.95 0.0
4.9667 0.0
4.9833 0.0
5.0 0.0
5.0167 0.0
5.0333 0.0
5.05 0.0
5.0667 0.0
5.0833 0.0
5.1 0.0
5.1167 0.0
5.1333 0.0
5.15 0.0
5.1667 0.0
5.1833 0.0
5.2 0.0
5.2167 0.0
5.2333 0.0
5.25 0.0
5.2667 0.0
5.2833 0.0
5.3 0.0
5.3167 0.0
5.3333 0.0
5.35 0.0
5.3667 0.0
5.3833 0.0
5.4 0.0
5.4167 0.0
5.4333 0.0
5.45 0.0
5.4667 0.0
5.4833 0.0
5.5 0.0
5.5167 0.0
5.5333 0.0
5.55 0.0
5.5667 0.0
5.5833 0.0
5.6 0.0
5.6167 0.0
5.6333 0.0
5.65 0.0
5.6667 0.0
5.6833 0.0
5.7 0.0
5.7167 0.0
5.7333 0.0
5.75 0.0
5.7667 0.0
5.7833 0.0
5.8 0.0
5.8167 0.0
5.8333 0.0
5.85 0.0
5.8667 0.0
5.8833 0.0
5.9 0.0
5.9167 0.0
5.9333 0.0
5.95 0.0
5.9667 0.0
5.9833 0.0
6.0 0.0
6.0167 0.0
6.0333 0.0
6.05 0.0
6.0667 0.0
6.0833 0.0
6.1 0.0
6.1167 0.0
6.1333 0.0
6.15 0.0
6.1667 0.0
6.1833 0.0
6.2 0.0
6.2167 0.0
6.2333 0.0
6.25 0.0
6.2667 0.0
6.2833 0.0
6.3 0.0
6.3167 0.0
6.3333 0.0
6.35 0.0
6.3667 0.0
6.3833 0.0
6.4 0.0
6.4167 0.0
6.4333 0.0
6.45 0.0
6.4667 0.0
6.4833 0.0
6.5 0.0
6.5167 0.0
6.5333 0.0
6.55 0.0
6.5667 0.0
6.5833 0.0
6.6 0.0
6.6167 4.027e-30
6.6333 2.058e-12
6.65 9.785e-10
6.6667 8.372e-08
6.6833 1.679e-06
6.7 1.663e-05
6.7167 6.294e-05
6.7333 0.0001557
6.75 0.0002935
6.7667 0.0004954
6.7833 0.0007859
6.8 0.001198
6.8167 0.001775
6.8333 0.002576
6.85 0.003585
6.8667 0.004973
6.8833 0.006716
6.9 0.009095
6.9167 0.01194
6.9333 0.01559
6.95 0.02023
6.9667 0.0261
6.9833 0.03353
7.0 0.04299
7.0167 0.05322
7.0333 0.06739
7.05 0.08252
7.0667 0.1017
7.0833 0.1255
7.1 0.1508
7.1167 0.1804
7.1333 0.2148
7.15 0.2545
7.1667 0.2902
7.1833 0.3389
7.2 0.3868
7.2167 0.4451
7.2333 0.4974
7.25 0.5596
7.2667 0.6335
7.2833 0.7163
7.3 0.7893
7.3167 0.8671
7.3333 0.949
7.35 1.035
7.3667 1.124
7.3833 1.216
7.4 1.312
7.4167 1.41
7.4333 1.511
7.45 1.615
7.4667 1.722
7.4833 1.831
7.5 1.942
7.5167 2.056
7.5333 2.172
7.55 2.291
7.5667 2.412
7.5833 2.535
7.6 2.66
7.6167 2.788
7.6333 2.917
7.65 3.049
7.6667 3.184
7.6833 3.32
7.7 3.459
7.7167 3.599
7.7333 3.742
7.75 3.888
7.7667 4.035
7.7833 4.184
7.8 4.336
7.8167 4.49
7.8333 4.646
7.85 4.804
7.8667 4.964
7.8833 5.126
7.9 5.29
7.9167 5.456
7.9333 5.625
7.95 5.795
7.9667 5.967
7.9833 6.141
8.0 6.317
8.0167 6.494
8.0333 6.674
8.05 6.855
8.0667 7.038
8.0833 7.223
8.1 7.41
8.1167 7.598
8.1333 7.788
8.15 7.979
8.1667 8.172
8.1833 8.366
8.2 8.562
8.2167 8.76
8.2333 8.958
8.25 9.158
8.2667 9.36
8.2833 9.562
8.3 9.767
8.3167 9.972
8.3333 10.18
8.35 10.39
8.3667 10.59
8.3833 10.8
8.4 11.01
8.4167 11.23
8.4333 11.44
8.45 11.65
8.4667 11.87
8.4833 12.08
8.5 12.3
8.5167 12.52
8.5333 12.74
8.55 12.95
8.5667 13.17
8.5833 13.39
8.6 13.62
8.6167 13.84
8.6333 14.06
8.65 14.28
8.6667 14.51
8.6833 14.73
8.7 14.95
8.7167 15.18
8.7333 15.4
8.75 15.63
8.7667 15.86
8.7833 16.08
8.8 16.31
8.8167 16.54
8.8333 16.77
8.85 16.99
8.8667 17.22
8.8833 17.45
8.9 17.68
8.9167 17.91
8.9333 18.14
8.95 18.37
8.9667 18.6
8.9833 18.82
9.0 19.05
9.0167 19.28
9.0333 19.51
9.05 19.74
9.0667 19.97
9.0833 20.2
9.1 20.43
9.1167 20.66
9.1333 20.89
9.15 21.12
9.1667 21.35
9.1833 21.58
9.2 21.81
9.2167 22.04
9.2333 22.27
9.25 22.5
9.2667 22.72
9.2833 22.95
9.3 23.18
9.3167 23.41
9.3333 23.64
9.35 23.86
9.3667 24.09
9.3833 24.32
9.4 24.54
9.4167 24.77
9.4333 24.99
9.45 25.22
9.4667 25.44
9.4833 25.67
9.5 25.89
9.5167 26.12
9.5333 26.34
9.55 26.56
9.5667 26.78
9.5833 27.0
9.6 27.23
9.6167 27.45
9.6333 27.67
9.65 27.89
9.6667 28.11
9.6833 28.32
9.7 28.54
9.7167 28.76
9.7333 28.98
9.75 29.19
9.7667 29.41
9.7833 29.62
9.8 29.84
9.8167 30.05
9.8333 30.27
9.85 30.48
9.8667 30.69
9.8833 30.9
9.9 31.11
9.9167 31.32
9.9333 31.53
9.95 31.74
9.9667 31.95
9.9833 32.15
10.0 32.36
10.0167 32.57
10.0333 32.77
10.05 32.97
10.0667 33.18
10.0833 33.38
10.1 33.58
10.1167 33.78
10.1333 33.98
10.15 34.18
10.1667 34.38
10.1833 34.57
10.2 34.77
10.2167 34.97
10.2333 35.16
10.25 35.35
10.2667 35.55
10.2833 35.74
10.3 35.93
10.3167 36.12
10.3333 36.31
10.35 36.5
10.3667 36.69
10.3833 36.87
10.4 37.06
10.4167 37.24
10.4333 37.43
10.45 37.61
10.4667 37.79
10.4833 37.97
10.5 38.15
10.5167 38.33
10.5333 38.51
10.55 38.68
10.5667 38.86
10.5833 39.03
10.6 39.21
10.6167 39.38
10.6333 39.55
10.65 39.72
10.6667 39.89
10.6833 40.06
10.7 40.23
10.7167 40.39
10.7333 40.56
10.75 40.72
10.7667 40.88
10.7833 41.05
10.8 41.21
10.8167 41.37
10.8333 41.52
10.85 41.68
10.8667 41.84
10.8833 41.99
10.9 42.15
10.9167 42.3
10.9333 42.45
10.95 42.6
10.9667 42.75
10.9833 42.9
11.0 43.05
11.0167 43.19
11.0333 43.34
11.05 43.48
11.0667 43.62
11.0833 43.76
11.1 43.9
11.1167 44.04
11.1333 44.18
11.15 44.32
11.1667 44.45
11.1833 44.58
11.2 44.72
11.2167 44.85
11.2333 44.98
11.25 45.11
11.2667 45.23
11.2833 45.36
11.3 45.49
11.3167 45.61
11.3333 45.73
11.35 45.85
11.3667 45.97
11.3833 46.09
11.4 46.21
11.4167 46.33
11.4333 46.44
11.45 46.56
11.4667 46.67
11.4833 46.78
11.5 46.89
11.5167 47.0
11.5333 47.1
11.55 47.21
11.5667 47.31
11.5833 47.42
11.6 47.52
11.6167 47.62
11.6333 47.72
11.65 47.82
11.6667 47.91
11.6833 48.01
11.7 48.1
11.7167 48.2
11.7333 48.29
11.75 48.38
11.7667 48.47
11.7833 48.55
11.8 48.64
11.8167 48.73
11.8333 48.81
11.85 48.89
11.8667 48.97
11.8833 49.05
11.9 49.13
11.9167 49.2
11.9333 49.28
11.95 49.35
11.9667 49.43
11.9833 49.5
12.0 49.57
12.0167 49.63
12.0333 49.7
12.05 49.77
12.0667 49.83
12.0833 49.89
12.1 49.96
12.1167 50.01
12.1333 50.07
12.15 50.13
12.1667 50.19
12.1833 50.24
12.2 50.29
12.2167 50.34
12.2333 50.4
12.25 50.44
12.2667 50.49
12.2833 50.54
12.3 50.58
12.3167 50.62
12.3333 50.67
12.35 50.71
12.3667 50.75
12.3833 50.78
12.4 50.82
12.4167 50.85
12.4333 50.89
12.45 50.92
12.4667 50.95
12.4833 50.98
12.5 51.01
12.5167 51.03
12.5333 51.06
12.55 51.08
12.5667 51.1
12.5833 51.12
12.6 51.14
12.6167 51.16
12.6333 51.18
12.65 51.19
12.6667 51.2
12.6833 51.22
12.7 51.23
12.7167 51.24
12.7333 51.24
12.75 51.25
12.7667 51.25
12.7833 51.26
12.8 51.26
12.8167 51.26
12.8333 51.26
12.85 51.26
12.8667 51.25
12.8833 51.25
12.9 51.24
12.9167 51.23
12.9333 51.22
12.95 51.21
12.9667 51.2
12.9833 51.18
13.0 51.17
13.0167 51.15
13.0333 51.14
13.05 51.12
13.0667 51.09
13.0833 51.07
13.1 51.05
13.1167 51.02
13.1333 51.0
13.15 50.97
13.1667 50.94
13.1833 50.91
13.2 50.88
13.2167 50.84
13.2333 50.81
13.25 50.77
13.2667 50.73
13.2833 50.69
13.3 50.65
13.3167 50.61
13.3333 50.57
13.35 50.52
13.3667 50.48
13.3833 50.43
13.4 50.38
13.4167 50.33
13.4333 50.28
13.45 50.22
13.4667 50.17
13.4833 50.11
13.5 50.05
13.5167 49.99
13.5333 49.93
13.55 49.87
13.5667 49.81
13.5833 49.75
13.6 49.68
13.6167 49.61
13.6333 49.54
13.65 49.47
13.6667 49.4
13.6833 49.33
13.7 49.25
13.7167 49.18
13.7333 49.1
13.75 49.02
13.7667 48.94
13.7833 48.86
13.8 48.78
13.8167 48.7
13.8333 48.61
13.85 48.53
13.8667 48.44
13.8833 48.35
13.9 48.26
13.9167 48.17
13.9333 48.07
13.95 47.98
13.9667 47.88
13.9833 47.79
14.0 47.69
14.0167 47.59
14.0333 47.49
14.05 47.38
14.0667 47.28
14.0833 47.17
14.1 47.07
14.1167 46.96
14.1333 46.85
14.15 46.74
14.1667 46.63
14.1833 46.52
14.2 46.4
14.2167 46.29
14.2333 46.17
14.25 46.05
14.2667 45.93
14.2833 45.81
14.3 45.69
14.3167 45.57
14.3333 45.44
14.35 45.32
14.3667 45.19
14.3833 45.06
14.4 44.93
14.4167 44.8
14.4333 44.67
14.45 44.54
14.4667 44.4
14.4833 44.27
14.5 44.13
14.5167 43.99
14.5333 43.86
14.55 43.71
14.5667 43.57
14.5833 43.43
14.6 43.29
14.6167 43.14
14.6333 43.0
14.65 42.85
14.6667 42.7
14.6833 42.55
14.7 42.4
14.7167 42.25
14.7333 42.09
14.75 41.94
14.7667 41.78
14.7833 41.63
14.8 41.47
14.8167 41.31
14.8333 41.15
14.85 40.99
14.8667 40.83
14.8833 40.67
14.9 40.5
14.9167 40.34
14.9333 40.17
14.95 40.0
14.9667 39.83
14.9833 39.66
15.0 39.49
15.0167 39.32
15.0333 39.15
15.05 38.97
15.0667 38.8
15.0833 38.62
15.1 38.45
15.1167 38.27
15.1333 38.09
15.15 37.91
15.1667 37.73
15.1833 37.55
15.2 37.36
15.2167 37.18
15.2333 36.99
15.25 36.81
15.2667 36.62
15.2833 36.43
15.3 36.25
15.3167 36.06
15.3333 35.87
15.35 35.67
15.3667 35.48
15.3833 35.29
15.4 35.09
15.4167 34.9
15.4333 34.7
15.45 34.51
15.4667 34.31
15.4833 34.11
15.5 33.91
15.5167 33.71
15.5333 33.51
15.55 33.31
15.5667 33.11
15.5833 32.9
15.6 32.7
15.6167 32.49
15.6333 32.29
15.65 32.08
15.6667 31.87
15.6833 31.67
15.7 31.46
15.7167 31.25
15.7333 31.04
15.75 30.83
15.7667 30.62
15.7833 30.4
15.8 30.19
15.8167 29.98
15.8333 29.76
15.85 29.55
15.8667 29.33
15.8833 29.12
15.9 28.9
15.9167 28.68
15.9333 28.47
15.95 28.25
15.9667 28.03
15.9833 27.81
16.0 27.59
16.0167 27.37
16.0333 27.15
16.05 26.93
16.0667 26.71
16.0833 26.48
16.1 26.26
16.1167 26.04
16.1333 25.81
16.15 25.59
16.1667 25.36
16.1833 25.14
16.2 24.91
16.2167 24.69
16.2333 24.46
16.25 24.24
16.2667 24.01
16.2833 23.78
16.3 23.56
16.3167 23.33
16.3333 23.1
16.35 22.87
16.3667 22.64
16.3833 22.42
16.4 22.19
16.4167 21.96
16.4333 21.73
16.45 21.5
16.4667 21.27
16.4833 21.04
16.5 20.81
16.5167 20.58
16.5333 20.35
16.55 20.12
16.5667 19.89
16.5833 19.66
16.6 19.43
16.6167 19.2
16.6333 18.97
16.65 18.74
16.6667 18.51
16.6833 18.28
16.7 18.06
16.7167 17.83
16.7333 17.6
16.75 17.37
16.7667 17.14
16.7833 16.91
16.8 16.68
16.8167 16.46
16.8333 16.23
16.85 16.0
16.8667 15.78
16.8833 15.55
16.9 15.32
16.9167 15.1
16.9333 14.87
16.95 14.65
16.9667 14.43
16.9833 14.2
17.0 13.98
17.0167 13.76
17.0333 13.54
17.05 13.32
17.0667 13.1
17.0833 12.88
17.1 12.66
17.1167 12.44
17.1333 12.22
17.15 12.01
17.1667 11.79
17.1833 11.58
17.2 11.36
17.2167 11.15
17.2333 10.94
17.25 10.73
17.2667 10.52
17.2833 10.31
17.3 10.1
17.3167 9.898
17.3333 9.693
17.35 9.49
17.3667 9.287
17.3833 9.086
17.4 8.887
17.4167 8.689
17.4333 8.492
17.45 8.296
17.4667 8.102
17.4833 7.91
17.5 7.719
17.5167 7.53
17.5333 7.342
17.55 7.156
17.5667 6.972
17.5833 6.79
17.6 6.609
17.6167 6.43
17.6333 6.253
17.65 6.078
17.6667 5.904
17.6833 5.733
17.7 5.564
17.7167 5.396
17.7333 5.23
17.75 5.067
17.7667 4.906
17.7833 4.746
17.8 4.589
17.8167 4.434
17.8333 4.281
17.85 4.13
17.8667 3.981
17.8833 3.835
17.9 3.69
17.9167 3.548
17.9333 3.408
17.95 3.27
17.9667 3.135
17.9833 3.001
18.0 2.87
18.0167 2.741
18.0333 2.614
18.05 2.49
18.0667 2.367
18.0833 2.247
18.1 2.13
18.1167 2.014
18.1333 1.901
18.15 1.791
18.1667 1.682
18.1833 1.577
18.2 1.474
18.2167 1.374
18.2333 1.276
18.25 1.182
18.2667 1.091
18.2833 1.003
18.3 0.9184
18.3167 0.8379
18.3333 0.7619
18.35 0.6869
18.3667 0.6048
18.3833 0.5354
18.4 0.477
18.4167 0.4279
18.4333 0.3667
18.45 0.3249
18.4667 0.2756
18.4833 0.2346
18.5 0.1993
18.5167 0.1678
18.5333 0.1394
18.55 0.1149
18.5667 0.09438
18.5833 0.07754
18.6 0.06129
18.6167 0.04973
18.6333 0.03888
18.65 0.0304
18.6667 0.0237
18.6833 0.01835
18.7 0.01408
18.7167 0.01073
18.7333 0.008133
18.75 0.006018
18.7667 0.004411
18.7833 0.003162
18.8 0.002256
18.8167 0.001542
18.8333 0.00103
18.85 0.0006665
18.8667 0.0004123
18.8833 0.0002367
18.9 0.0001128
18.9167 4.146e-05
18.9333 7.587e-06
18.95 6.334e-07
18.9667 1.76e-08
18.9833 1.119e-10
19.0 6.849e-14
19.0167 0.0
19.0333 0.0
19.05 0.0
19.0667 0.0
19.0833 0.0
19.1 0.0
19.1167 0.0
19.1333 0.0
19.15 0.0
19.1667 0.0
19.1833 0.0
19.2 0.0
19.2167 0.0
19.2333 0.0
19.25 0.0
19.2667 0.0
19.2833 0.0
19.3 0.0
19.3167 0.0
19.3333 0.0
19.35 0.0
19.3667 0.0
19.3833 0.0
19.4 0.0
19.4167 0.0
19.4333 0.0
19.45 0.0
19.4667 0.0
19.4833 0.0
19.5 0.0
19.5167 0.0
19.5333 0.0
19.55 0.0
19.5667 0.0
19.5833 0.0
19.6 0.0
19.6167 0.0
19.6333 0.0
19.65 0.0
19.6667 0.0
19.6833 0.0
19.7 0.0
19.7167 0.0
19.7333 0.0
19.75 0.0
19.7667 0.0
19.7833 0.0
19.8 0.0
19.8167 0.0
19.8333 0.0
19.85 0.0
19.8667 0.0
19.8833 0.0
19.9 0.0
19.9167 0.0
19.9333 0.0
19.95 0.0
19.9667 0.0
19.9833 0.0
20.0 0.0
20.0167 0.0
20.0333 0.0
20.05 0.0
20.0667 0.0
20.0833 0.0
20.1 0.0
20.1167 0.0
20.1333 0.0
20.15 0.0
20.1667 0.0
20.1833 0.0
20.2 0.0
20.2167 0.0
20.2333 0.0
20.25 0.0
20.2667 0.0
20.2833 0.0
20.3 0.0
20.3167 0.0
20.3333 0.0
20.35 0.0
20.3667 0.0
20.3833 0.0
20.4 0.0
20.4167 0.0
20.4333 0.0
20.45 0.0
20.4667 0.0
20.4833 0.0
20.5 0.0
20.5167 0.0
20.5333 0.0
20.55 0.0
20.5667 0.0
20.5833 0.0
20.6 0.0
20.6167 0.0
20.6333 0.0
20.65 0.0
20.6667 0.0
20.6833 0.0
20.7 0.0
20.7167 0.0
20.7333 0.0
20.75 0.0
20.7667 0.0
20.7833 0.0
20.8 0.0
20.8167 0.0
20.8333 0.0
20.85 0.0
20.8667 0.0
20.8833 0.0
20.9 0.0
20.9167 0.0
20.9333 0.0
20.95 0.0
20.9667 0.0
20.9833 0.0
21.0 0.0
21.0167 0.0
21.0333 0.0
21.05 0.0
21.0667 0.0
21.0833 0.0
21.1 0.0
21.1167 0.0
21.1333 0.0
21.15 0.0
21.1667 0.0
21.1833 0.0
21.2 0.0
21.2167 0.0
21.2333 0.0
21.25 0.0
21.2667 0.0
21.2833 0.0
21.3 0.0
21.3167 0.0
21.3333 0.0
21.35 0.0
21.3667 0.0
21.3833 0.0
21.4 0.0
21.4167 0.0
21.4333 0.0
21.45 0.0
21.4667 0.0
21.4833 0.0
21.5 0.0
21.5167 0.0
21.5333 0.0
21.55 0.0
21.5667 0.0
21.5833 0.0
21.6 0.0
21.6167 0.0
21.6333 0.0
21.65 0.0
21.6667 0.0
21.6833 0.0
21.7 0.0
21.7167 0.0
21.7333 0.0
21.75 0.0
21.7667 0.0
21.7833 0.0
21.8 0.0
21.8167 0.0
21.8333 0.0
21.85 0.0
21.8667 0.0
21.8833 0.0
21.9 0.0
21.9167 0.0
21.9333 0.0
21.95 0.0
21.9667 0.0
21.9833 0.0
22.0 0.0
22.0167 0.0
22.0333 0.0
22.05 0.0
22.0667 0.0
22.0833 0.0
22.1 0.0
22.1167 0.0
22.1333 0.0
22.15 0.0
22.1667 0.0
22.1833 0.0
22.2 0.0
22.2167 0.0
22.2333 0.0
22.25 0.0
22.2667 0.0
22.2833 0.0
22.3 0.0
22.3167 0.0
22.3333 0.0
22.35 0.0
22.3667 0.0
22.3833 0.0
22.4 0.0
22.4167 0.0
22.4333 0.0
22.45 0.0
22.4667 0.0
22.4833 0.0
22.5 0.0
22.5167 0.0
22.5333 0.0
22.55 0.0
22.5667 0.0
22.5833 0.0
22.6 0.0
22.6167 0.0
22.6333 0.0
22.65 0.0
22.6667 0.0
22.6833 0.0
22.7 0.0
22.7167 0.0
22.7333 0.0
22.75 0.0
22.7667 0.0
22.7833 0.0
22.8 0.0
22.8167 0.0
22.8333 0.0
22.85 0.0
22.8667 0.0
22.8833 0.0
22.9 0.0
22.9167 0.0
22.9333 0.0
22.95 0.0
22.9667 0.0
22.9833 0.0
23.0 0.0
23.0167 0.0
23.0333 0.0
23.05 0.0
23.0667 0.0
23.0833 0.0
23.1 0.0
23.1167 0.0
23.1333 0.0
23.15 0.0
23.1667 0.0
23.1833 0.0
23.2 0.0
23.2167 0.0
23.2333 0.0
23.25 0.0
23.2667 0.0
23.2833 0.0
23.3 0.0
23.3167 0.0
23.3333 0.0
23.35 0.0
23.3667 0.0
23.3833 0.0
23.4 0.0
23.4167 0.0
23.4333 0.0
23.45 0.0
23.4667 0.0
23.4833 0.0
23.5 0.0
23.5167 0.0
23.5333 0.0
23.55 0.0
23.5667 0.0
23.5833 0.0
23.6 0.0
23.6167 0.0
23.6333 0.0
23.65 0.0
23.6667 0.0
23.6833 0.0
23.7 0.0
23.7167 0.0
23.7333 0.0
23.75 0.0
23.7667 0.0
23.7833 0.0
23.8 0.0
23.8167 0.0
23.8333 0.0
23.85 0.0
23.8667 0.0
23.8833 0.0
23.9 0.0
23.9167 0.0
23.9333 0.0
23.95 0.0
23.9667 0.0
23.9833 0.0
