0.0 0.0
0.0167 0.0
0.0333 0.0
0.05 0.0
0.0667 0.0
0.0833 0.0
0.1 0.0
0.1167 0.0
0.1333 0.0
0.15 0.0
0.1667 0.0
0.1833 0.0
0.2 0.0
0.2167 0.0
0.2333 0.0
0.25 0.0
0.2667 0.0
0.2833 0.0
0.3 0.0
0.3167 0.0
0.3333 0.0
0.35 0.0
0.3667 0.0
0.3833 0.0
0.4 0.0
0.4167 0.0
0.4333 0.0
0.45 0.0
0.4667 0.0
0.4833 0.0
0.5 0.0
0.5167 0.0
0.5333 0.0
0.55 0.0
0.5667 0.0
0.5833 0.0
0.6 0.0
0.6167 0.0
0.6333 0.0
0.65 0.0
0.6667 0.0
0.6833 0.0
0.7 0.0
0.7167 0.0
0.7333 0.0
0.75 0.0
0.7667 0.0
0.7833 0.0
0.8 0.0
0.8167 0.0
0.8333 0.0
0.85 0.0
0.8667 0.0
0.8833 0.0
0.9 0.0
0.9167 0.0
0.9333 0.0
0.95 0.0
0.9667 0.0
0.9833 0.0
1.0 0.0
1.0167 0.0
1.0333 0.0
1.05 0.0
1.0667 0.0
1.0833 0.0
1.1 0.0
1.1167 0.0
1.1333 0.0
1.15 0.0
1.1667 0.0
1.1833 0.0
1.2 0.0
1.2167 0.0
1.2333 0.0
1.25 0.0
1.2667 0.0
1.2833 0.0
1.3 0.0
1.3167 0.0
1.3333 0.0
1.35 0.0
1.3667 0.0
1.3833 0.0
1.4 0.0
1.4167 0.0
1.4333 0.0
1.45 0.0
1.4667 0.0
1.4833 0.0
1.5 0.0
1.5167 0.0
1.5333 0.0
1.55 0.0
1.5667 0.0
1.5833 0.0
1.6 0.0
1.6167 0.0
1.6333 0.0
1.65 0.0
1.6667 0.0
1.6833 0.0
1.7 0.0
1.7167 0.0
1.7333 0.0
1.75 0.0
1.7667 0.0
1.7833 0.0
1.8 0.0
1.8167 0.0
1.8333 0.0
1.85 0.0
1.8667 0.0
1.8833 0.0
1.9 0.0
1.9167 0.0
1.9333 0.0
1.95 0.0
1.9667 0.0
1.9833 0.0
2.0 0.0
2.0167 0.0
2.0333 0.0
2.05 0.0
2.0667 0.0
2.0833 0.0
2.1 0.0
2.1167 0.0
2.1333 0.0
2.15 0.0
2.1667 0.0
2.1833 0.0
2.2 0.0
2.2167 0.0
2.2333 0.0
2.25 0.0
2.2667 0.0
2.2833 0.0
2.3 0.0
2.3167 0.0
2.3333 0.0
2.35 0.0
2.3667 0.0
2.3833 0.0
2.4 0.0
2.4167 0.0
2.4333 0.0
2.45 0.0
2.4667 0.0
2.4833 0.0
2.5 0.0
2.5167 0.0
2.5333 0.0
2.55 0.0
2.5667 0.0
2.5833 0.0
2.6 0.0
2.6167 0.0
2.6333 0.0
2.65 0.0
2.6667 0.0
2.6833 0.0
2.7 0.0
2.7167 0.0
2.7333 0.0
2.75 0.0
2.7667 0.0
2.7833 0.0
2.8 0.0
2.8167 0.0
2.8333 0.0
2.85 0.0
2.8667 0.0
2.8833 0.0
2.9 0.0
2.9167 0.0
2.9333 0.0
2.95 0.0
2.9667 0.0
2.9833 0.0
3.0 0.0
3.0167 0.0
3.0333 0.0
3.05 0.0
3.0667 0.0
3.0833 0.0
3.1 0.0
3.1167 0.0
3.1333 0.0
3.15 0.0
3.1667 0.0
3.1833 0.0
3.2 0.0
3.2167 0.0
3.2333 0.0
3.25 0.0
3.2667 0.0
3.2833 0.0
3.3 0.0
3.3167 0.0
3.3333 0.0
3.35 0.0
3.3667 0.0
3.3833 0.0
3.4 0.0
3.4167 0.0
3.4333 0.0
3.45 0.0
3.4667 0.0
3.4833 0.0
3.5 0.0
3.5167 0.0
3.5333 0.0
3.55 0.0
3.5667 0.0
3.5833 0.0
3.6 0.0
3.6167 0.0
3.6333 0.0
3.65 0.0
3.6667 0.0
3.6833 0.0
3.7 0.0
3.7167 0.0
3.7333 0.0
3.75 0.0
3.7667 0.0
3.7833 0.0
3.8 0.0
3.8167 0.0
3.8333 0.0
3.85 0.0
3.8667 0.0
3.8833 0.0
3.9 0.0
3.9167 0.0
3.9333 0.0
3.95 0.0
3.9667 0.0
3.9833 0.0
4.0 0.0
4.0167 0.0
4.0333 0.0
4.05 0.0
4.0667 0.0
4.0833 0.0
4.1 0.0
4.1167 0.0
4.1333 0.0
4.15 0.0
4.1667 0.0
4.1833 0.0
4.2 0.0
4.2167 0.0
4.2333 0.0
4.25 0.0
4.2667 0.0
4.2833 0.0
4.3 0.0
4.3167 0.0
4.3333 0.0
4.35 0.0
4.3667 0.0
4.3833 0.0
4.4 0.0
4.4167 0.0
4.4333 0.0
4.45 0.0
4.4667 0.0
4.4833 0.0
4.5 0.0
4.5167 0.0
4.5333 0.0
4.55 0.0
4.5667 0.0
4.5833 0.0
4.6 0.0
4.6167 0.0
4.6333 0.0
4.65 0.0
4.6667 0.0
4.6833 0.0
4.7 0.0
4.7167 0.0
4.7333 0.0
4.75 0.0
4.7667 0.0
4.7833 0.0
4.8 0.0
4.8167 0.0
4.8333 0.0
4.85 0.0
4.8667 0.0
4.8833 0.0
4.9 0.0
4.9167 0.0
4.9333 0.0
4.95 0.0
4.9667 0.0
4.9833 0.0
5.0 0.0
5.0167 0.0
5.0333 0.0
5.05 0.0
5.0667 0.0
5.0833 0.0
5.1 0.0
5.1167 0.0
5.1333 0.0
5.15 0.0
5.1667 0.0
5.1833 0.0
5.2 0.0
5.2167 0.0
5.2333 0.0
5.25 0.0
5.2667 0.0
5.2833 0.0
5.3 0.0
5.3167 0.0
5.3333 0.0
5.35 0.0
5.3667 0.0
5.3833 0.0
5.4 0.0
5.4167 0.0
5.4333 0.0
5.45 6.672e-30
5.4667 1.989e-12
5.4833 8.321e-10
5.5 6.157e-08
5.5167 1.318e-06
5.5333 1.233e-05
5.55 5.244e-05
5.5667 0.0001262
5.5833 0.0002452
5.6 0.0004194
5.6167 0.0006678
5.6333 0.001015
5.65 0.001498
5.6667 0.002167
5.6833 0.003084
5.7 0.004202
5.7167 0.00577
5.7333 0.007674
5.75 0.0101
5.7667 0.01322
5.7833 0.01717
5.8 0.02212
5.8167 0.02833
5.8333 0.03621
5.85 0.04581
5.8667 0.05695
5.8833 0.07155
5.9 0.08769
5.9167 0.1065
5.9333 0.129
5.95 0.1551
5.9667 0.1846
5.9833 0.2179
6.0 0.2565
6.0167 0.3029
6.0333 0.3415
6.05 0.3997
6.0667 0.4456
6.0833 0.5005
6.1 0.5658
6.1167 0.6433
6.1333 0.7148
6.15 0.7872
6.1667 0.8638
6.1833 0.9443
6.2 1.028
6.2167 1.116
6.2333 1.206
6.25 1.3
6.2667 1.396
6.2833 1.495
6.3 1.597
6.3167 1.701
6.3333 1.808
6.35 1.918
6.3667 2.029
6.3833 2.144
6.4 2.26
6.4167 2.38
6.4333 2.501
6.45 2.625
6.4667 2.751
6.4833 2.88
6.5 3.011
6.5167 3.145
6.5333 3.281
6.55 3.419
6.5667 3.559
6.5833 3.702
6.6 3.848
6.6167 3.996
6.6333 4.146
6.65 4.298
6.6667 4.453
6.6833 4.61
6.7 4.77
6.7167 4.932
6.7333 5.096
6.75 5.263
6.7667 5.432
6.7833 5.603
6.8 5.776
6.8167 5.952
6.8333 6.129
6.85 6.309
6.8667 6.491
6.8833 6.675
6.9 6.861
6.9167 7.049
6.9333 7.239
6.95 7.431
6.9667 7.625
6.9833 7.821
7.0 8.019
7.0167 8.219
7.0333 8.42
7.05 8.623
7.0667 8.828
7.0833 9.035
7.1 9.243
7.1167 9.453
7.1333 9.664
7.15 9.877
7.1667 10.09
7.1833 10.31
7.2 10.53
7.2167 10.74
7.2333 10.96
7.25 11.19
7.2667 11.41
7.2833 11.63
7.3 11.86
7.3167 12.09
7.3333 12.31
7.35 12.54
7.3667 12.77
7.3833 13.01
7.4 13.24
7.4167 13.47
7.4333 13.71
7.45 13.94
7.4667 14.18
7.4833 14.42
7.5 14.65
7.5167 14.89
7.5333 15.13
7.55 15.37
7.5667 15.62
7.5833 15.86
7.6 16.1
7.6167 16.35
7.6333 16.59
7.65 16.84
7.6667 17.08
7.6833 17.33
7.7 17.58
7.7167 17.82
7.7333 18.07
7.75 18.32
7.7667 18.57
7.7833 18.82
7.8 19.07
7.8167 19.32
7.8333 19.58
7.85 19.83
7.8667 20.08
7.8833 20.33
7.9 20.58
7.9167 20.84
7.9333 21.09
7.95 21.35
7.9667 21.6
7.9833 21.85
8.0 22.11
8.0167 22.36
8.0333 22.62
8.05 22.87
8.0667 23.13
8.0833 23.39
8.1 23.64
8.1167 23.9
8.1333 24.15
8.15 24.41
8.1667 24.67
8.1833 24.92
8.2 25.18
8.2167 25.43
8.2333 25.69
8.25 25.95
8.2667 26.2
8.2833 26.46
8.3 26.71
8.3167 26.97
8.3333 27.23
8.35 27.48
8.3667 27.74
8.3833 27.99
8.4 28.25
8.4167 28.5
8.4333 28.76
8.45 29.01
8.4667 29.27
8.4833 29.52
8.5 29.78
8.5167 30.03
8.5333 30.29
8.55 30.54
8.5667 30.79
8.5833 31.05
8.6 31.3
8.6167 31.55
8.6333 31.8
8.65 32.06
8.6667 32.31
8.6833 32.56
8.7 32.81
8.7167 33.06
8.7333 33.31
8.75 33.56
8.7667 33.81
8.7833 34.06
8.8 34.31
8.8167 34.55
8.8333 34.8
8.85 35.05
8.8667 35.3
8.8833 35.54
8.9 35.79
8.9167 36.03
8.9333 36.28
8.95 36.52
8.9667 36.77
8.9833 37.01
9.0 37.25
9.0167 37.49
9.0333 37.73
9.05 37.98
9.0667 38.22
9.0833 38.46
9.1 38.69
9.1167 38.93
9.1333 39.17
9.15 39.41
9.1667 39.64
9.1833 39.88
9.2 40.12
9.2167 40.35
9.2333 40.58
9.25 40.82
9.2667 41.05
9.2833 41.28
9.3 41.51
9.3167 41.74
9.3333 41.97
9.35 42.2
9.3667 42.43
9.3833 42.66
9.4 42.89
9.4167 43.11
9.4333 43.34
9.45 43.56
9.4667 43.79
9.4833 44.01
9.5 44.23
9.5167 44.45
9.5333 44.67
9.55 44.89
9.5667 45.11
9.5833 45.33
9.6 45.55
9.6167 45.76
9.6333 45.98
9.65 46.19
9.6667 46.41
9.6833 46.62
9.7 46.83
9.7167 47.04
9.7333 47.25
9.75 47.46
9.7667 47.67
9.7833 47.88
9.8 48.09
9.8167 48.29
9.8333 48.5
9.85 48.7
9.8667 48.9
9.8833 49.11
9.9 49.31
9.9167 49.51
9.9333 49.71
9.95 49.9
9.9667 50.1
9.9833 50.3
10.0 50.49
10.0167 50.69
10.0333 50.88
10.05 51.07
10.0667 51.26
10.0833 51.45
10.1 51.64
10.1167 51.83
10.1333 52.02
10.15 52.2
10.1667 52.39
10.1833 52.57
10.2 52.76
10.2167 52.94
10.2333 53.12
10.25 53.3
10.2667 53.48
10.2833 53.66
10.3 53.83
10.3167 54.01
10.3333 54.18
10.35 54.35
10.3667 54.53
10.3833 54.7
10.4 54.87
10.4167 55.04
10.4333 55.2
10.45 55.37
10.4667 55.54
10.4833 55.7
10.5 55.86
10.5167 56.03
10.5333 56.19
10.55 56.35
10.5667 56.5
10.5833 56.66
10.6 56.82
10.6167 56.97
10.6333 57.13
10.65 57.28
10.6667 57.43
10.6833 57.58
10.7 57.73
10.7167 57.88
10.7333 58.03
10.75 58.17
10.7667 58.32
10.7833 58.46
10.8 58.6
10.8167 58.74
10.8333 58.88
10.85 59.02
10.8667 59.16
10.8833 59.29
10.9 59.43
10.9167 59.56
10.9333 59.69
10.95 59.82
10.9667 59.95
10.9833 60.08
11.0 60.21
11.0167 60.33
11.0333 60.46
11.05 60.58
11.0667 60.7
11.0833 60.82
11.1 60.94
11.1167 61.06
11.1333 61.18
11.15 61.29
11.1667 61.41
11.1833 61.52
11.2 61.63
11.2167 61.74
11.2333 61.85
11.25 61.96
11.2667 62.07
11.2833 62.17
11.3 62.27
11.3167 62.38
11.3333 62.48
11.35 62.58
11.3667 62.68
11.3833 62.77
11.4 62.87
11.4167 62.97
11.4333 63.06
11.45 63.15
11.4667 63.24
11.4833 63.33
11.5 63.42
11.5167 63.5
11.5333 63.59
11.55 63.67
11.5667 63.76
11.5833 63.84
11.6 63.92
11.6167 64.0
11.6333 64.07
11.65 64.15
11.6667 64.22
11.6833 64.3
11.7 64.37
11.7167 64.44
11.7333 64.51
11.75 64.58
11.7667 64.64
11.7833 64.71
11.8 64.77
11.8167 64.83
11.8333 64.89
11.85 64.95
11.8667 65.01
11.8833 65.07
11.9 65.12
11.9167 65.18
11.9333 65.23
11.95 65.28
11.9667 65.33
11.9833 65.38
12.0 65.43
12.0167 65.47
12.0333 65.52
12.05 65.56
12.0667 65.6
12.0833 65.64
12.1 65.68
12.1167 65.72
12.1333 65.75
12.15 65.79
12.1667 65.82
12.1833 65.85
12.2 65.88
12.2167 65.91
12.2333 65.94
12.25 65.96
12.2667 65.99
12.2833 66.01
12.3 66.03
12.3167 66.05
12.3333 66.07
12.35 66.09
12.3667 66.11
12.3833 66.12
12.4 66.13
12.4167 66.15
12.4333 66.16
12.45 66.16
12.4667 66.17
12.4833 66.18
12.5 66.18
12.5167 66.19
12.5333 66.19
12.55 66.19
12.5667 66.19
12.5833 66.19
12.6 66.18
12.6167 66.18
12.6333 66.17
12.65 66.16
12.6667 66.15
12.6833 66.14
12.7 66.13
12.7167 66.12
12.7333 66.1
12.75 66.09
12.7667 66.07
12.7833 66.05
12.8 66.03
12.8167 66.01
12.8333 65.99
12.85 65.96
12.8667 65.93
12.8833 65.9
12.9 65.88
12.9167 65.85
12.9333 65.82
12.95 65.78
12.9667 65.75
12.9833 65.71
13.0 65.68
13.0167 65.64
13.0333 65.6
13.05 65.56
13.0667 65.51
13.0833 65.47
13.1 65.42
13.1167 65.37
13.1333 65.33
13.15 65.28
13.1667 65.23
13.1833 65.17
13.2 65.12
13.2167 65.06
13.2333 65.01
13.25 64.95
13.2667 64.89
13.2833 64.83
13.3 64.77
13.3167 64.7
13.3333 64.64
13.35 64.57
13.3667 64.5
13.3833 64.43
13.4 64.36
13.4167 64.29
13.4333 64.22
13.45 64.14
13.4667 64.07
13.4833 63.99
13.5 63.91
13.5167 63.83
13.5333 63.75
13.55 63.67
13.5667 63.58
13.5833 63.5
13.6 63.41
13.6167 63.32
13.6333 63.23
13.65 63.14
13.6667 63.05
13.6833 62.96
13.7 62.86
13.7167 62.77
13.7333 62.67
13.75 62.57
13.7667 62.47
13.7833 62.37
13.8 62.27
13.8167 62.16
13.8333 62.06
13.85 61.95
13.8667 61.84
13.8833 61.73
13.9 61.62
13.9167 61.51
13.9333 61.4
13.95 61.28
13.9667 61.17
13.9833 61.05
14.0 60.93
14.0167 60.81
14.0333 60.69
14.05 60.57
14.0667 60.45
14.0833 60.32
14.1 60.2
14.1167 60.07
14.1333 59.94
14.15 59.81
14.1667 59.68
14.1833 59.55
14.2 59.42
14.2167 59.28
14.2333 59.15
14.25 59.01
14.2667 58.87
14.2833 58.73
14.3 58.59
14.3167 58.45
14.3333 58.31
14.35 58.16
14.3667 58.02
14.3833 57.87
14.4 57.72
14.4167 57.57
14.4333 57.42
14.45 57.27
14.4667 57.12
14.4833 56.96
14.5 56.81
14.5167 56.65
14.5333 56.49
14.55 56.34
14.5667 56.18
14.5833 56.02
14.6 55.85
14.6167 55.69
14.6333 55.53
14.65 55.36
14.6667 55.19
14.6833 55.03
14.7 54.86
14.7167 54.69
14.7333 54.52
14.75 54.34
14.7667 54.17
14.7833 54.0
14.8 53.82
14.8167 53.64
14.8333 53.47
14.85 53.29
14.8667 53.11
14.8833 52.93
14.9 52.75
14.9167 52.56
14.9333 52.38
14.95 52.19
14.9667 52.01
14.9833 51.82
15.0 51.63
15.0167 51.44
15.0333 51.25
15.05 51.06
15.0667 50.87
15.0833 50.68
15.1 50.48
15.1167 50.29
15.1333 50.09
15.15 49.89
15.1667 49.7
15.1833 49.5
15.2 49.3
15.2167 49.1
15.2333 48.89
15.25 48.69
15.2667 48.49
15.2833 48.28
15.3 48.08
15.3167 47.87
15.3333 47.66
15.35 47.45
15.3667 47.24
15.3833 47.03
15.4 46.82
15.4167 46.61
15.4333 46.4
15.45 46.18
15.4667 45.97
15.4833 45.75
15.5 45.54
15.5167 45.32
15.5333 45.1
15.55 44.88
15.5667 44.66
15.5833 44.44
15.6 44.22
15.6167 44.0
15.6333 43.78
15.65 43.55
15.6667 43.33
15.6833 43.1
15.7 42.88
15.7167 42.65
15.7333 42.42
15.75 42.19
15.7667 41.97
15.7833 41.74
15.8 41.51
15.8167 41.27
15.8333 41.04
15.85 40.81
15.8667 40.58
15.8833 40.34
15.9 40.11
15.9167 39.87
15.9333 39.64
15.95 39.4
15.9667 39.16
15.9833 38.93
16.0 38.69
16.0167 38.45
16.0333 38.21
16.05 37.97
16.0667 37.73
16.0833 37.49
16.1 37.25
16.1167 37.0
16.1333 36.76
16.15 36.52
16.1667 36.27
16.1833 36.03
16.2 35.78
16.2167 35.54
16.2333 35.29
16.25 35.04
16.2667 34.8
16.2833 34.55
16.3 34.3
16.3167 34.05
16.3333 33.81
16.35 33.56
16.3667 33.31
16.3833 33.06
16.4 32.81
16.4167 32.56
16.4333 32.31
16.45 32.05
16.4667 31.8
16.4833 31.55
16.5 31.3
16.5167 31.04
16.5333 30.79
16.55 30.54
16.5667 30.29
16.5833 30.03
16.6 29.78
16.6167 29.52
16.6333 29.27
16.65 29.01
16.6667 28.76
16.6833 28.5
16.7 28.25
16.7167 27.99
16.7333 27.74
16.75 27.48
16.7667 27.23
16.7833 26.97
16.8 26.72
16.8167 26.46
16.8333 26.2
16.85 25.95
16.8667 25.69
16.8833 25.44
16.9 25.18
16.9167 24.92
16.9333 24.67
16.95 24.41
16.9667 24.16
16.9833 23.9
17.0 23.64
17.0167 23.39
17.0333 23.13
17.05 22.88
17.0667 22.62
17.0833 22.37
17.1 22.11
17.1167 21.86
17.1333 21.61
17.15 21.35
17.1667 21.1
17.1833 20.84
17.2 20.59
17.2167 20.34
17.2333 20.09
17.25 19.83
17.2667 19.58
17.2833 19.33
17.3 19.08
17.3167 18.83
17.3333 18.58
17.35 18.33
17.3667 18.08
17.3833 17.83
17.4 17.59
17.4167 17.34
17.4333 17.09
17.45 16.85
17.4667 16.6
17.4833 16.36
17.5 16.11
17.5167 15.87
17.5333 15.63
17.55 15.39
17.5667 15.14
17.5833 14.9
17.6 14.67
17.6167 14.43
17.6333 14.19
17.65 13.95
17.6667 13.72
17.6833 13.48
17.7 13.25
17.7167 13.02
17.7333 12.79
17.75 12.56
17.7667 12.33
17.7833 12.1
17.8 11.87
17.8167 11.65
17.8333 11.42
17.85 11.2
17.8667 10.98
17.8833 10.76
17.9 10.54
17.9167 10.32
17.9333 10.11
17.95 9.892
17.9667 9.679
17.9833 9.468
18.0 9.258
18.0167 9.05
18.0333 8.843
18.05 8.639
18.0667 8.436
18.0833 8.234
18.1 8.035
18.1167 7.837
18.1333 7.641
18.15 7.447
18.1667 7.255
18.1833 7.065
18.2 6.877
18.2167 6.691
18.2333 6.507
18.25 6.325
18.2667 6.145
18.2833 5.968
18.3 5.792
18.3167 5.619
18.3333 5.448
18.35 5.279
18.3667 5.113
18.3833 4.948
18.4 4.786
18.4167 4.627
18.4333 4.469
18.45 4.314
18.4667 4.162
18.4833 4.012
18.5 3.864
18.5167 3.718
18.5333 3.575
18.55 3.434
18.5667 3.296
18.5833 3.16
18.6 3.027
18.6167 2.896
18.6333 2.767
18.65 2.64
18.6667 2.516
18.6833 2.395
18.7 2.275
18.7167 2.158
18.7333 2.044
18.75 1.932
18.7667 1.822
18.7833 1.715
18.8 1.611
18.8167 1.509
18.8333 1.409
18.85 1.313
18.8667 1.219
18.8833 1.128
18.9 1.041
18.9167 0.9562
18.9333 0.8753
18.95 0.7982
18.9667 0.7253
18.9833 0.6561
19.0 0.5768
19.0167 0.5098
19.0333 0.4535
19.05 0.4063
19.0667 0.349
19.0833 0.3084
19.1 0.2621
19.1167 0.2238
19.1333 0.1912
19.15 0.1624
19.1667 0.1342
19.1833 0.1102
19.2 0.0903
19.2167 0.07408
19.2333 0.05909
19.25 0.04768
19.2667 0.03752
19.2833 0.02966
19.3 0.02351
19.3167 0.01822
19.3333 0.01406
19.35 0.01074
19.3667 0.008051
19.3833 0.006049
19.4 0.004523
19.4167 0.003244
19.4333 0.002318
19.45 0.00163
19.4667 0.001104
19.4833 0.0007283
19.5 0.0004629
19.5167 0.0002772
19.5333 0.0001492
19.55 6.414e-05
19.5667 1.788e-05
19.5833 2.302e-06
19.6 1.315e-07
19.6167 2.216e-09
19.6333 9.399e-12
19.65 5.908e-16
19.6667 0.0
19.6833 0.0
19.7 0.0
19.7167 0.0
19.7333 0.0
19.75 0.0
19.7667 0.0
19.7833 0.0
19.8 0.0
19.8167 0.0
19.8333 0.0
19.85 0.0
19.8667 0.0
19.8833 0.0
19.9 0.0
19.9167 0.0
19.9333 0.0
19.95 0.0
19.9667 0.0
19.9833 0.0
20.0 0.0
20.0167 0.0
20.0333 0.0
20.05 0.0
20.0667 0.0
20.0833 0.0
20.1 0.0
20.1167 0.0
20.1333 0.0
20.15 0.0
20.1667 0.0
20.1833 0.0
20.2 0.0
20.2167 0.0
20.2333 0.0
20.25 0.0
20.2667 0.0
20.2833 0.0
20.3 0.0
20.3167 0.0
20.3333 0.0
20.35 0.0
20.3667 0.0
20.3833 0.0
20.4 0.0
20.4167 0.0
20.4333 0.0
20.45 0.0
20.4667 0.0
20.4833 0.0
20.5 0.0
20.5167 0.0
20.5333 0.0
20.55 0.0
20.5667 0.0
20.5833 0.0
20.6 0.0
20.6167 0.0
20.6333 0.0
20.65 0.0
20.6667 0.0
20.6833 0.0
20.7 0.0
20.7167 0.0
20.7333 0.0
20.75 0.0
20.7667 0.0
20.7833 0.0
20.8 0.0
20.8167 0.0
20.8333 0.0
20.85 0.0
20.8667 0.0
20.8833 0.0
20.9 0.0
20.9167 0.0
20.9333 0.0
20.95 0.0
20.9667 0.0
20.9833 0.0
21.0 0.0
21.0167 0.0
21.0333 0.0
21.05 0.0
21.0667 0.0
21.0833 0.0
21.1 0.0
21.1167 0.0
21.1333 0.0
21.15 0.0
21.1667 0.0
21.1833 0.0
21.2 0.0
21.2167 0.0
21.2333 0.0
21.25 0.0
21.2667 0.0
21.2833 0.0
21.3 0.0
21.3167 0.0
21.3333 0.0
21.35 0.0
21.3667 0.0
21.3833 0.0
21.4 0.0
21.4167 0.0
21.4333 0.0
21.45 0.0
21.4667 0.0
21.4833 0.0
21.5 0.0
21.5167 0.0
21.5333 0.0
21.55 0.0
21.5667 0.0
21.5833 0.0
21.6 0.0
21.6167 0.0
21.6333 0.0
21.65 0.0
21.6667 0.0
21.6833 0.0
21.7 0.0
21.7167 0.0
21.7333 0.0
21.75 0.0
21.7667 0.0
21.7833 0.0
21.8 0.0
21.8167 0.0
21.8333 0.0
21.85 0.0
21.8667 0.0
21.8833 0.0
21.9 0.0
21.9167 0.0
21.9333 0.0
21.95 0.0
21.9667 0.0
21.9833 0.0
22.0 0.0
22.0167 0.0
22.0333 0.0
22.05 0.0
22.0667 0.0
22.0833 0.0
22.1 0.0
22.1167 0.0
22.1333 0.0
22.15 0.0
22.1667 0.0
22.1833 0.0
22.2 0.0
22.2167 0.0
22.2333 0.0
22.25 0.0
22.2667 0.0
22.2833 0.0
22.3 0.0
22.3167 0.0
22.3333 0.0
22.35 0.0
22.3667 0.0
22.3833 0.0
22.4 0.0
22.4167 0.0
22.4333 0.0
22.45 0.0
22.4667 0.0
22.4833 0.0
22.5 0.0
22.5167 0.0
22.5333 0.0
22.55 0.0
22.5667 0.0
22.5833 0.0
22.6 0.0
22.6167 0.0
22.6333 0.0
22.65 0.0
22.6667 0.0
22.6833 0.0
22.7 0.0
22.7167 0.0
22.7333 0.0
22.75 0.0
22.7667 0.0
22.7833 0.0
22.8 0.0
22.8167 0.0
22.8333 0.0
22.85 0.0
22.8667 0.0
22.8833 0.0
22.9 0.0
22.9167 0.0
22.9333 0.0
22.95 0.0
22.9667 0.0
22.9833 0.0
23.0 0.0
23.0167 0.0
23.0333 0.0
23.05 0.0
23.0667 0.0
23.0833 0.0
23.1 0.0
23.1167 0.0
23.1333 0.0
23.15 0.0
23.1667 0.0
23.1833 0.0
23.2 0.0
23.2167 0.0
23.2333 0.0
23.25 0.0
23.2667 0.0
23.2833 0.0
23.3 0.0
23.3167 0.0
23.3333 0.0
23.35 0.0
23.3667 0.0
23.3833 0.0
23.4 0.0
23.4167 0.0
23.4333 0.0
23.45 0.0
23.4667 0.0
23.4833 0.0
23.5 0.0
23.5167 0.0
23.5333 0.0
23.55 0.0
23.5667 0.0
23.5833 0.0
23.6 0.0
23.6167 0.0
23.6333 0.0
23.65 0.0
23.6667 0.0
23.6833 0.0
23.7 0.0
23.7167 0.0
23.7333 0.0
23.75 0.0
23.7667 0.0
23.7833 0.0
23.8 0.0
23.8167 0.0
23.8333 0.0
23.85 0.0
23.8667 0.0
23.8833 0.0
23.9 0.0
23.9167 0.0
23.9333 0.0
23.95 0.0
23.9667 0.0
23.9833 0.0
