0.0 0.0
0.0167 0.0
0.0333 0.0
0.05 0.0
0.0667 0.0
0.0833 0.0
0.1 0.0
0.1167 0.0
0.1333 0.0
0.15 0.0
0.1667 0.0
0.1833 0.0
0.2 0.0
0.2167 0.0
0.2333 0.0
0.25 0.0
0.2667 0.0
0.2833 0.0
0.3 0.0
0.3167 0.0
0.3333 0.0
0.35 0.0
0.3667 0.0
0.3833 0.0
0.4 0.0
0.4167 0.0
0.4333 0.0
0.45 0.0
0.4667 0.0
0.4833 0.0
0.5 0.0
0.5167 0.0
0.5333 0.0
0.55 0.0
0.5667 0.0
0.5833 0.0
0.6 0.0
0.6167 0.0
0.6333 0.0
0.65 0.0
0.6667 0.0
0.6833 0.0
0.7 0.0
0.7167 0.0
0.7333 0.0
0.75 0.0
0.7667 0.0
0.7833 0.0
0.8 0.0
0.8167 0.0
0.8333 0.0
0.85 0.0
0.8667 0.0
0.8833 0.0
0.9 0.0
0.9167 0.0
0.9333 0.0
0.95 0.0
0.9667 0.0
0.9833 0.0
1.0 0.0
1.0167 0.0
1.0333 0.0
1.05 0.0
1.0667 0.0
1.0833 0.0
1.1 0.0
1.1167 0.0
1.1333 0.0
1.15 0.0
1.1667 0.0
1.1833 0.0
1.2 0.0
1.2167 0.0
1.2333 0.0
1.25 0.0
1.2667 0.0
1.2833 0.0
1.3 0.0
1.3167 0.0
1.3333 0.0
1.35 0.0
1.3667 0.0
1.3833 0.0
1.4 0.0
1.4167 0.0
1.4333 0.0
1.45 0.0
1.4667 0.0
1.4833 0.0
1.5 0.0
1.5167 0.0
1.5333 0.0
1.55 0.0
1.5667 0.0
1.5833 0.0
1.6 0.0
1.6167 0.0
1.6333 0.0
1.65 0.0
1.6667 0.0
1.6833 0.0
1.7 0.0
1.7167 0.0
1.7333 0.0
1.75 0.0
1.7667 0.0
1.7833 0.0
1.8 0.0
1.8167 0.0
1.8333 0.0
1.85 0.0
1.8667 0.0
1.8833 0.0
1.9 0.0
1.9167 0.0
1.9333 0.0
1.95 0.0
1.9667 0.0
1.9833 0.0
2.0 0.0
2.0167 0.0
2.0333 0.0
2.05 0.0
2.0667 0.0
2.0833 0.0
2.1 0.0
2.1167 0.0
2.1333 0.0
2.15 0.0
2.1667 0.0
2.1833 0.0
2.2 0.0
2.2167 0.0
2.2333 0.0
2.25 0.0
2.2667 0.0
2.2833 0.0
2.3 0.0
2.3167 0.0
2.3333 0.0
2.35 0.0
2.3667 0.0
2.3833 0.0
2.4 0.0
2.4167 0.0
2.4333 0.0
2.45 0.0
2.4667 0.0
2.4833 0.0
2.5 0.0
2.5167 0.0
2.5333 0.0
2.55 0.0
2.5667 0.0
2.5833 0.0
2.6 0.0
2.6167 0.0
2.6333 0.0
2.65 0.0
2.6667 0.0
2.6833 0.0
2.7 0.0
2.7167 0.0
2.7333 0.0
2.75 0.0
2.7667 0.0
2.7833 0.0
2.8 0.0
2.8167 0.0
2.8333 0.0
2.85 0.0
2.8667 0.0
2.8833 0.0
2.9 0.0
2.9167 0.0
2.9333 0.0
2.95 0.0
2.9667 0.0
2.9833 0.0
3.0 0.0
3.0167 0.0
3.0333 0.0
3.05 0.0
3.0667 0.0
3.0833 0.0
3.1 0.0
3.1167 0.0
3.1333 0.0
3.15 0.0
3.1667 0.0
3.1833 0.0
3.2 0.0
3.2167 0.0
3.2333 0.0
3.25 0.0
3.2667 0.0
3.2833 0.0
3.3 0.0
3.3167 0.0
3.3333 0.0
3.35 0.0
3.3667 0.0
3.3833 0.0
3.4 0.0
3.4167 0.0
3.4333 0.0
3.45 0.0
3.4667 0.0
3.4833 0.0
3.5 0.0
3.5167 0.0
3.5333 0.0
3.55 0.0
3.5667 0.0
3.5833 0.0
3.6 0.0
3.6167 0.0
3.6333 0.0
3.65 0.0
3.6667 0.0
3.6833 0.0
3.7 0.0
3.7167 0.0
3.7333 0.0
3.75 0.0
3.7667 0.0
3.7833 0.0
3.8 0.0
3.8167 0.0
3.8333 0.0
3.85 0.0
3.8667 0.0
3.8833 0.0
3.9 0.0
3.9167 0.0
3.9333 0.0
3.95 0.0
3.9667 0.0
3.9833 0.0
4.0 0.0
4.0167 0.0
4.0333 0.0
4.05 0.0
4.0667 0.0
4.0833 0.0
4.1 0.0
4.1167 0.0
4.1333 0.0
4.15 0.0
4.1667 0.0
4.1833 0.0
4.2 0.0
4.2167 0.0
4.2333 0.0
4.25 0.0
4.2667 0.0
4.2833 0.0
4.3 0.0
4.3167 0.0
4.3333 0.0
4.35 0.0
4.3667 0.0
4.3833 0.0
4.4 0.0
4.4167 0.0
4.4333 0.0
4.45 0.0
4.4667 0.0
4.4833 0.0
4.5 0.0
4.5167 0.0
4.5333 0.0
4.55 0.0
4.5667 0.0
4.5833 0.0
4.6 0.0
4.6167 0.0
4.6333 0.0
4.65 0.0
4.6667 0.0
4.6833 0.0
4.7 0.0
4.7167 0.0
4.7333 0.0
4.75 0.0
4.7667 0.0
4.7833 0.0
4.8 0.0
4.8167 0.0
4.8333 0.0
4.85 0.0
4.8667 0.0
4.8833 0.0
4.9 0.0
4.9167 0.0
4.9333 0.0
4.95 0.0
4.9667 0.0
4.9833 0.0
5.0 0.0
5.0167 0.0
5.0333 0.0
5.05 0.0
5.0667 0.0
5.0833 0.0
5.1 0.0
5.1167 0.0
5.1333 0.0
5.15 0.0
5.1667 0.0
5.1833 0.0
5.2 0.0
5.2167 0.0
5.2333 0.0
5.25 0.0
5.2667 0.0
5.2833 0.0
5.3 0.0
5.3167 0.0
5.3333 0.0
5.35 0.0
5.3667 0.0
5.3833 0.0
5.4 0.0
5.4167 0.0
5.4333 0.0
5.45 0.0
5.4667 0.0
5.4833 0.0
5.5 0.0
5.5167 0.0
5.5333 0.0
5.55 0.0
5.5667 0.0
5.5833 0.0
5.6 0.0
5.6167 0.0
5.6333 0.0
5.65 0.0
5.6667 0.0
5.6833 0.0
5.7 0.0
5.7167 0.0
5.7333 0.0
5.75 0.0
5.7667 0.0
5.7833 0.0
5.8 0.0
5.8167 0.0
5.8333 0.0
5.85 0.0
5.8667 0.0
5.8833 0.0
5.9 0.0
5.9167 0.0
5.9333 0.0
5.95 0.0
5.9667 0.0
5.9833 0.0
6.0 0.0
6.0167 0.0
6.0333 0.0
6.05 1.558e-30
6.0667 1.59e-12
6.0833 8.878e-10
6.1 8.289e-08
6.1167 1.743e-06
6.1333 1.727e-05
6.15 6.621e-05
6.1667 0.0001594
6.1833 0.0003025
6.2 0.0005163
6.2167 0.0008328
6.2333 0.001274
6.25 0.001867
6.2667 0.002683
6.2833 0.003805
6.3 0.005302
6.3167 0.00716
6.3333 0.009581
6.35 0.01289
6.3667 0.01685
6.3833 0.02191
6.4 0.02838
6.4167 0.03659
6.4333 0.04575
6.45 0.05812
6.4667 0.0724
6.4833 0.09057
6.5 0.1104
6.5167 0.1342
6.5333 0.1622
6.55 0.1939
6.5667 0.2294
6.5833 0.2704
6.6 0.3196
6.6167 0.3621
6.6333 0.423
6.65 0.473
6.6667 0.5329
6.6833 0.6043
6.7 0.6891
6.7167 0.7614
6.7333 0.8389
6.75 0.9208
6.7667 1.007
6.7833 1.096
6.8 1.189
6.8167 1.285
6.8333 1.384
6.85 1.486
6.8667 1.59
6.8833 1.698
6.9 1.808
6.9167 1.92
6.9333 2.035
6.95 2.153
6.9667 2.273
6.9833 2.395
7.0 2.52
7.0167 2.647
7.0333 2.776
7.05 2.908
7.0667 3.042
7.0833 3.178
7.1 3.317
7.1167 3.458
7.1333 3.601
7.15 3.747
7.1667 3.894
7.1833 4.044
7.2 4.197
7.2167 4.352
7.2333 4.508
7.25 4.668
7.2667 4.829
7.2833 4.992
7.3 5.158
7.3167 5.326
7.3333 5.496
7.35 5.668
7.3667 5.842
7.3833 6.018
7.4 6.197
7.4167 6.377
7.4333 6.559
7.45 6.743
7.4667 6.929
7.4833 7.116
7.5 7.306
7.5167 7.497
7.5333 7.691
7.55 7.885
7.5667 8.081
7.5833 8.279
7.6 8.479
7.6167 8.68
7.6333 8.883
7.65 9.087
7.6667 9.292
7.6833 9.5
7.7 9.708
7.7167 9.918
7.7333 10.13
7.75 10.34
7.7667 10.55
7.7833 10.77
7.8 10.98
7.8167 11.2
7.8333 11.42
7.85 11.64
7.8667 11.86
7.8833 12.08
7.9 12.3
7.9167 12.52
7.9333 12.75
7.95 12.97
7.9667 13.2
7.9833 13.42
8.0 13.65
8.0167 13.88
8.0333 14.11
8.05 14.33
8.0667 14.56
8.0833 14.79
8.1 15.03
8.1167 15.26
8.1333 15.49
8.15 15.72
8.1667 15.95
8.1833 16.19
8.2 16.42
8.2167 16.65
8.2333 16.89
8.25 17.12
8.2667 17.36
8.2833 17.6
8.3 17.83
8.3167 18.07
8.3333 18.3
8.35 18.54
8.3667 18.78
8.3833 19.01
8.4 19.25
8.4167 19.49
8.4333 19.72
8.45 19.96
8.4667 20.2
8.4833 20.44
8.5 20.67
8.5167 20.91
8.5333 21.15
8.55 21.39
8.5667 21.62
8.5833 21.86
8.6 22.1
8.6167 22.33
8.6333 22.57
8.65 22.81
8.6667 23.04
8.6833 23.28
8.7 23.52
8.7167 23.75
8.7333 23.99
8.75 24.22
8.7667 24.46
8.7833 24.69
8.8 24.93
8.8167 25.16
8.8333 25.4
8.85 25.63
8.8667 25.86
8.8833 26.1
8.9 26.33
8.9167 26.56
8.9333 26.79
8.95 27.03
8.9667 27.26
8.9833 27.49
9.0 27.72
9.0167 27.95
9.0333 28.18
9.05 28.4
9.0667 28.63
9.0833 28.86
9.1 29.09
9.1167 29.31
9.1333 29.54
9.15 29.77
9.1667 29.99
9.1833 30.21
9.2 30.44
9.2167 30.66
9.2333 30.88
9.25 31.11
9.2667 31.33
9.2833 31.55
9.3 31.77
9.3167 31.99
9.3333 32.21
9.35 32.42
9.3667 32.64
9.3833 32.86
9.4 33.07
9.4167 33.29
9.4333 33.5
9.45 33.72
9.4667 33.93
9.4833 34.14
9.5 34.35
9.5167 34.56
9.5333 34.77
9.55 34.98
9.5667 35.19
9.5833 35.4
9.6 35.6
9.6167 35.81
9.6333 36.01
9.65 36.22
9.6667 36.42
9.6833 36.62
9.7 36.82
9.7167 37.02
9.7333 37.22
9.75 37.42
9.7667 37.62
9.7833 37.81
9.8 38.01
9.8167 38.2
9.8333 38.4
9.85 38.59
9.8667 38.78
9.8833 38.97
9.9 39.16
9.9167 39.35
9.9333 39.54
9.95 39.73
9.9667 39.91
9.9833 40.1
10.0 40.28
10.0167 40.46
10.0333 40.65
10.05 40.83
10.0667 41.01
10.0833 41.19
10.1 41.36
10.1167 41.54
10.1333 41.72
10.15 41.89
10.1667 42.06
10.1833 42.24
10.2 42.41
10.2167 42.58
10.2333 42.75
10.25 42.91
10.2667 43.08
10.2833 43.25
10.3 43.41
10.3167 43.58
10.3333 43.74
10.35 43.9
10.3667 44.06
10.3833 44.22
10.4 44.38
10.4167 44.53
10.4333 44.69
10.45 44.84
10.4667 44.99
10.4833 45.15
10.5 45.3
10.5167 45.45
10.5333 45.59
10.55 45.74
10.5667 45.89
10.5833 46.03
10.6 46.18
10.6167 46.32
10.6333 46.46
10.65 46.6
10.6667 46.74
10.6833 46.87
10.7 47.01
10.7167 47.14
10.7333 47.28
10.75 47.41
10.7667 47.54
10.7833 47.67
10.8 47.8
10.8167 47.93
10.8333 48.05
10.85 48.18
10.8667 48.3
10.8833 48.42
10.9 48.54
10.9167 48.66
10.9333 48.78
10.95 48.9
10.9667 49.01
10.9833 49.13
11.0 49.24
11.0167 49.35
11.0333 49.46
11.05 49.57
11.0667 49.68
11.0833 49.79
11.1 49.89
11.1167 49.99
11.1333 50.1
11.15 50.2
11.1667 50.3
11.1833 50.4
11.2 50.49
11.2167 50.59
11.2333 50.68
11.25 50.78
11.2667 50.87
11.2833 50.96
11.3 51.05
11.3167 51.13
11.3333 51.22
11.35 51.3
11.3667 51.39
11.3833 51.47
11.4 51.55
11.4167 51.63
11.4333 51.71
11.45 51.78
11.4667 51.86
11.4833 51.93
11.5 52.01
11.5167 52.07
11.5333 52.15
11.55 52.21
11.5667 52.28
11.5833 52.34
11.6 52.41
11.6167 52.47
11.6333 52.53
11.65 52.59
11.6667 52.65
11.6833 52.71
11.7 52.76
11.7167 52.82
11.7333 52.87
11.75 52.92
11.7667 52.97
11.7833 53.02
11.8 53.07
11.8167 53.11
11.8333 53.15
11.85 53.2
11.8667 53.24
11.8833 53.28
11.9 53.32
11.9167 53.35
11.9333 53.39
11.95 53.42
11.9667 53.45
11.9833 53.49
12.0 53.52
12.0167 53.54
12.0333 53.57
12.05 53.59
12.0667 53.62
12.0833 53.64
12.1 53.66
12.1167 53.68
12.1333 53.7
12.15 53.72
12.1667 53.73
12.1833 53.75
12.2 53.76
12.2167 53.77
12.2333 53.78
12.25 53.79
12.2667 53.79
12.2833 53.8
12.3 53.8
12.3167 53.81
12.3333 53.81
12.35 53.81
12.3667 53.8
12.3833 53.8
12.4 53.79
12.4167 53.79
12.4333 53.78
12.45 53.77
12.4667 53.76
12.4833 53.75
12.5 53.73
12.5167 53.72
12.5333 53.7
12.55 53.68
12.5667 53.67
12.5833 53.64
12.6 53.62
12.6167 53.6
12.6333 53.57
12.65 53.55
12.6667 53.52
12.6833 53.49
12.7 53.46
12.7167 53.42
12.7333 53.39
12.75 53.36
12.7667 53.32
12.7833 53.28
12.8 53.24
12.8167 53.2
12.8333 53.16
12.85 53.11
12.8667 53.07
12.8833 53.02
12.9 52.97
12.9167 52.92
12.9333 52.87
12.95 52.82
12.9667 52.77
12.9833 52.71
13.0 52.65
13.0167 52.6
13.0333 52.54
13.05 52.48
13.0667 52.41
13.0833 52.35
13.1 52.29
13.1167 52.22
13.1333 52.15
13.15 52.08
13.1667 52.01
13.1833 51.94
13.2 51.87
13.2167 51.79
13.2333 51.71
13.25 51.64
13.2667 51.56
13.2833 51.48
13.3 51.39
13.3167 51.31
13.3333 51.23
13.35 51.14
13.3667 51.05
13.3833 50.96
13.4 50.88
13.4167 50.78
13.4333 50.69
13.45 50.6
13.4667 50.5
13.4833 50.4
13.5 50.31
13.5167 50.21
13.5333 50.11
13.55 50.0
13.5667 49.9
13.5833 49.79
13.6 49.69
13.6167 49.58
13.6333 49.47
13.65 49.36
13.6667 49.25
13.6833 49.14
13.7 49.02
13.7167 48.91
13.7333 48.79
13.75 48.67
13.7667 48.55
13.7833 48.43
13.8 48.31
13.8167 48.19
13.8333 48.06
13.85 47.94
13.8667 47.81
13.8833 47.68
13.9 47.55
13.9167 47.42
13.9333 47.29
13.95 47.15
13.9667 47.02
13.9833 46.89
14.0 46.75
14.0167 46.61
14.0333 46.47
14.05 46.33
14.0667 46.19
14.0833 46.04
14.1 45.9
14.1167 45.75
14.1333 45.61
14.15 45.46
14.1667 45.31
14.1833 45.16
14.2 45.01
14.2167 44.85
14.2333 44.7
14.25 44.54
14.2667 44.39
14.2833 44.23
14.3 44.07
14.3167 43.91
14.3333 43.75
14.35 43.59
14.3667 43.42
14.3833 43.26
14.4 43.09
14.4167 42.93
14.4333 42.76
14.45 42.59
14.4667 42.42
14.4833 42.25
14.5 42.08
14.5167 41.9
14.5333 41.73
14.55 41.55
14.5667 41.38
14.5833 41.2
14.6 41.02
14.6167 40.84
14.6333 40.66
14.65 40.48
14.6667 40.3
14.6833 40.11
14.7 39.93
14.7167 39.74
14.7333 39.56
14.75 39.37
14.7667 39.18
14.7833 38.99
14.8 38.8
14.8167 38.61
14.8333 38.41
14.85 38.22
14.8667 38.02
14.8833 37.83
14.9 37.63
14.9167 37.44
14.9333 37.24
14.95 37.04
14.9667 36.84
14.9833 36.64
15.0 36.43
15.0167 36.23
15.0333 36.03
15.05 35.82
15.0667 35.62
15.0833 35.41
15.1 35.2
15.1167 35.0
15.1333 34.79
15.15 34.58
15.1667 34.37
15.1833 34.16
15.2 33.95
15.2167 33.73
15.2333 33.52
15.25 33.3
15.2667 33.09
15.2833 32.87
15.3 32.66
15.3167 32.44
15.3333 32.22
15.35 32.0
15.3667 31.79
15.3833 31.57
15.4 31.35
15.4167 31.12
15.4333 30.9
15.45 30.68
15.4667 30.46
15.4833 30.23
15.5 30.01
15.5167 29.78
15.5333 29.56
15.55 29.33
15.5667 29.11
15.5833 28.88
15.6 28.65
15.6167 28.42
15.6333 28.19
15.65 27.96
15.6667 27.74
15.6833 27.51
15.7 27.27
15.7167 27.04
15.7333 26.81
15.75 26.58
15.7667 26.35
15.7833 26.12
15.8 25.88
15.8167 25.65
15.8333 25.42
15.85 25.18
15.8667 24.95
15.8833 24.71
15.9 24.48
15.9167 24.24
15.9333 24.01
15.95 23.77
15.9667 23.53
15.9833 23.3
16.0 23.06
16.0167 22.83
16.0333 22.59
16.05 22.35
16.0667 22.12
16.0833 21.88
16.1 21.64
16.1167 21.4
16.1333 21.17
16.15 20.93
16.1667 20.69
16.1833 20.45
16.2 20.22
16.2167 19.98
16.2333 19.74
16.25 19.51
16.2667 19.27
16.2833 19.03
16.3 18.79
16.3167 18.56
16.3333 18.32
16.35 18.09
16.3667 17.85
16.3833 17.61
16.4 17.38
16.4167 17.14
16.4333 16.91
16.45 16.67
16.4667 16.44
16.4833 16.21
16.5 15.97
16.5167 15.74
16.5333 15.51
16.55 15.28
16.5667 15.04
16.5833 14.81
16.6 14.58
16.6167 14.35
16.6333 14.12
16.65 13.9
16.6667 13.67
16.6833 13.44
16.7 13.22
16.7167 12.99
16.7333 12.77
16.75 12.54
16.7667 12.32
16.7833 12.1
16.8 11.88
16.8167 11.66
16.8333 11.44
16.85 11.22
16.8667 11.0
16.8833 10.79
16.9 10.57
16.9167 10.36
16.9333 10.15
16.95 9.934
16.9667 9.725
16.9833 9.516
17.0 9.309
17.0167 9.103
17.0333 8.899
17.05 8.696
17.0667 8.495
17.0833 8.296
17.1 8.098
17.1167 7.901
17.1333 7.706
17.15 7.513
17.1667 7.321
17.1833 7.132
17.2 6.944
17.2167 6.758
17.2333 6.574
17.25 6.391
17.2667 6.211
17.2833 6.033
17.3 5.856
17.3167 5.682
17.3333 5.51
17.35 5.34
17.3667 5.172
17.3833 5.006
17.4 4.842
17.4167 4.68
17.4333 4.521
17.45 4.364
17.4667 4.209
17.4833 4.057
17.5 3.906
17.5167 3.758
17.5333 3.613
17.55 3.469
17.5667 3.328
17.5833 3.189
17.6 3.053
17.6167 2.918
17.6333 2.787
17.65 2.657
17.6667 2.53
17.6833 2.405
17.7 2.282
17.7167 2.162
17.7333 2.045
17.75 1.929
17.7667 1.817
17.7833 1.706
17.8 1.599
17.8167 1.494
17.8333 1.392
17.85 1.293
17.8667 1.196
17.8833 1.103
17.9 1.014
17.9167 0.9276
17.9333 0.8454
17.95 0.7676
17.9667 0.6946
17.9833 0.6105
18.0 0.5382
18.0167 0.4775
18.0333 0.4268
18.05 0.3663
18.0667 0.3226
18.0833 0.2734
18.1 0.2325
18.1167 0.1972
18.1333 0.1653
18.15 0.1366
18.1667 0.1121
18.1833 0.09179
18.2 0.07428
18.2167 0.05902
18.2333 0.04675
18.25 0.03716
18.2667 0.02882
18.2833 0.02228
18.3 0.01714
18.3167 0.01311
18.3333 0.009931
18.35 0.007316
18.3667 0.005439
18.3833 0.003897
18.4 0.002782
18.4167 0.001941
18.4333 0.001307
18.45 0.0008578
18.4667 0.0005433
18.4833 0.0003198
18.5 0.0001679
18.5167 7.339e-05
18.5333 1.95e-05
18.55 2.312e-06
18.5667 1.119e-07
18.5833 1.277e-09
18.6 2.696e-12
18.6167 5.884e-30
18.6333 0.0
18.65 0.0
18.6667 0.0
18.6833 0.0
18.7 0.0
18.7167 0.0
18.7333 0.0
18.75 0.0
18.7667 0.0
18.7833 0.0
18.8 0.0
18.8167 0.0
18.8333 0.0
18.85 0.0
18.8667 0.0
18.8833 0.0
18.9 0.0
18.9167 0.0
18.9333 0.0
18.95 0.0
18.9667 0.0
18.9833 0.0
19.0 0.0
19.0167 0.0
19.0333 0.0
19.05 0.0
19.0667 0.0
19.0833 0.0
19.1 0.0
19.1167 0.0
19.1333 0.0
19.15 0.0
19.1667 0.0
19.1833 0.0
19.2 0.0
19.2167 0.0
19.2333 0.0
19.25 0.0
19.2667 0.0
19.2833 0.0
19.3 0.0
19.3167 0.0
19.3333 0.0
19.35 0.0
19.3667 0.0
19.3833 0.0
19.4 0.0
19.4167 0.0
19.4333 0.0
19.45 0.0
19.4667 0.0
19.4833 0.0
19.5 0.0
19.5167 0.0
19.5333 0.0
19.55 0.0
19.5667 0.0
19.5833 0.0
19.6 0.0
19.6167 0.0
19.6333 0.0
19.65 0.0
19.6667 0.0
19.6833 0.0
19.7 0.0
19.7167 0.0
19.7333 0.0
19.75 0.0
19.7667 0.0
19.7833 0.0
19.8 0.0
19.8167 0.0
19.8333 0.0
19.85 0.0
19.8667 0.0
19.8833 0.0
19.9 0.0
19.9167 0.0
19.9333 0.0
19.95 0.0
19.9667 0.0
19.9833 0.0
20.0 0.0
20.0167 0.0
20.0333 0.0
20.05 0.0
20.0667 0.0
20.0833 0.0
20.1 0.0
20.1167 0.0
20.1333 0.0
20.15 0.0
20.1667 0.0
20.1833 0.0
20.2 0.0
20.2167 0.0
20.2333 0.0
20.25 0.0
20.2667 0.0
20.2833 0.0
20.3 0.0
20.3167 0.0
20.3333 0.0
20.35 0.0
20.3667 0.0
20.3833 0.0
20.4 0.0
20.4167 0.0
20.4333 0.0
20.45 0.0
20.4667 0.0
20.4833 0.0
20.5 0.0
20.5167 0.0
20.5333 0.0
20.55 0.0
20.5667 0.0
20.5833 0.0
20.6 0.0
20.6167 0.0
20.6333 0.0
20.65 0.0
20.6667 0.0
20.6833 0.0
20.7 0.0
20.7167 0.0
20.7333 0.0
20.75 0.0
20.7667 0.0
20.7833 0.0
20.8 0.0
20.8167 0.0
20.8333 0.0
20.85 0.0
20.8667 0.0
20.8833 0.0
20.9 0.0
20.9167 0.0
20.9333 0.0
20.95 0.0
20.9667 0.0
20.9833 0.0
21.0 0.0
21.0167 0.0
21.0333 0.0
21.05 0.0
21.0667 0.0
21.0833 0.0
21.1 0.0
21.1167 0.0
21.1333 0.0
21.15 0.0
21.1667 0.0
21.1833 0.0
21.2 0.0
21.2167 0.0
21.2333 0.0
21.25 0.0
21.2667 0.0
21.2833 0.0
21.3 0.0
21.3167 0.0
21.3333 0.0
21.35 0.0
21.3667 0.0
21.3833 0.0
21.4 0.0
21.4167 0.0
21.4333 0.0
21.45 0.0
21.4667 0.0
21.4833 0.0
21.5 0.0
21.5167 0.0
21.5333 0.0
21.55 0.0
21.5667 0.0
21.5833 0.0
21.6 0.0
21.6167 0.0
21.6333 0.0
21.65 0.0
21.6667 0.0
21.6833 0.0
21.7 0.0
21.7167 0.0
21.7333 0.0
21.75 0.0
21.7667 0.0
21.7833 0.0
21.8 0.0
21.8167 0.0
21.8333 0.0
21.85 0.0
21.8667 0.0
21.8833 0.0
21.9 0.0
21.9167 0.0
21.9333 0.0
21.95 0.0
21.9667 0.0
21.9833 0.0
22.0 0.0
22.0167 0.0
22.0333 0.0
22.05 0.0
22.0667 0.0
22.0833 0.0
22.1 0.0
22.1167 0.0
22.1333 0.0
22.15 0.0
22.1667 0.0
22.1833 0.0
22.2 0.0
22.2167 0.0
22.2333 0.0
22.25 0.0
22.2667 0.0
22.2833 0.0
22.3 0.0
22.3167 0.0
22.3333 0.0
22.35 0.0
22.3667 0.0
22.3833 0.0
22.4 0.0
22.4167 0.0
22.4333 0.0
22.45 0.0
22.4667 0.0
22.4833 0.0
22.5 0.0
22.5167 0.0
22.5333 0.0
22.55 0.0
22.5667 0.0
22.5833 0.0
22.6 0.0
22.6167 0.0
22.6333 0.0
22.65 0.0
22.6667 0.0
22.6833 0.0
22.7 0.0
22.7167 0.0
22.7333 0.0
22.75 0.0
22.7667 0.0
22.7833 0.0
22.8 0.0
22.8167 0.0
22.8333 0.0
22.85 0.0
22.8667 0.0
22.8833 0.0
22.9 0.0
22.9167 0.0
22.9333 0.0
22.95 0.0
22.9667 0.0
22.9833 0.0
23.0 0.0
23.0167 0.0
23.0333 0.0
23.05 0.0
23.0667 0.0
23.0833 0.0
23.1 0.0
23.1167 0.0
23.1333 0.0
23.15 0.0
23.1667 0.0
23.1833 0.0
23.2 0.0
23.2167 0.0
23.2333 0.0
23.25 0.0
23.2667 0.0
23.2833 0.0
23.3 0.0
23.3167 0.0
23.3333 0.0
23.35 0.0
23.3667 0.0
23.3833 0.0
23.4 0.0
23.4167 0.0
23.4333 0.0
23.45 0.0
23.4667 0.0
23.4833 0.0
23.5 0.0
23.5167 0.0
23.5333 0.0
23.55 0.0
23.5667 0.0
23.5833 0.0
23.6 0.0
23.6167 0.0
23.6333 0.0
23.65 0.0
23.6667 0.0
23.6833 0.0
23.7 0.0
23.7167 0.0
23.7333 0.0
23.75 0.0
23.7667 0.0
23.7833 0.0
23.8 0.0
23.8167 0.0
23.8333 0.0
23.85 0.0
23.8667 0.0
23.8833 0.0
23.9 0.0
23.9167 0.0
23.9333 0.0
23.95 0.0
23.9667 0.0
23.9833 0.0
