0.0 0.0
0.0167 0.0
0.0333 0.0
0.05 0.0
0.0667 0.0
0.0833 0.0
0.1 0.0
0.1167 0.0
0.1333 0.0
0.15 0.0
0.1667 0.0
0.1833 0.0
0.2 0.0
0.2167 0.0
0.2333 0.0
0.25 0.0
0.2667 0.0
0.2833 0.0
0.3 0.0
0.3167 0.0
0.3333 0.0
0.35 0.0
0.3667 0.0
0.3833 0.0
0.4 0.0
0.4167 0.0
0.4333 0.0
0.45 0.0
0.4667 0.0
0.4833 0.0
0.5 0.0
0.5167 0.0
0.5333 0.0
0.55 0.0
0.5667 0.0
0.5833 0.0
0.6 0.0
0.6167 0.0
0.6333 0.0
0.65 0.0
0.6667 0.0
0.6833 0.0
0.7 0.0
0.7167 0.0
0.7333 0.0
0.75 0.0
0.7667 0.0
0.7833 0.0
0.8 0.0
0.8167 0.0
0.8333 0.0
0.85 0.0
0.8667 0.0
0.8833 0.0
0.9 0.0
0.9167 0.0
0.9333 0.0
0.95 0.0
0.9667 0.0
0.9833 0.0
1.0 0.0
1.0167 0.0
1.0333 0.0
1.05 0.0
1.0667 0.0
1.0833 0.0
1.1 0.0
1.1167 0.0
1.1333 0.0
1.15 0.0
1.1667 0.0
1.1833 0.0
1.2 0.0
1.2167 0.0
1.2333 0.0
1.25 0.0
1.2667 0.0
1.2833 0.0
1.3 0.0
1.3167 0.0
1.3333 0.0
1.35 0.0
1.3667 0.0
1.3833 0.0
1.4 0.0
1.4167 0.0
1.4333 0.0
1.45 0.0
1.4667 0.0
1.4833 0.0
1.5 0.0
1.5167 0.0
1.5333 0.0
1.55 0.0
1.5667 0.0
1.5833 0.0
1.6 0.0
1.6167 0.0
1.6333 0.0
1.65 0.0
1.6667 0.0
1.6833 0.0
1.7 0.0
1.7167 0.0
1.7333 0.0
1.75 0.0
1.7667 0.0
1.7833 0.0
1.8 0.0
1.8167 0.0
1.8333 0.0
1.85 0.0
1.8667 0.0
1.8833 0.0
1.9 0.0
1.9167 0.0
1.9333 0.0
1.95 0.0
1.9667 0.0
1.9833 0.0
2.0 0.0
2.0167 0.0
2.0333 0.0
2.05 0.0
2.0667 0.0
2.0833 0.0
2.1 0.0
2.1167 0.0
2.1333 0.0
2.15 0.0
2.1667 0.0
2.1833 0.0
2.2 0.0
2.2167 0.0
2.2333 0.0
2.25 0.0
2.2667 0.0
2.2833 0.0
2.3 0.0
2.3167 0.0
2.3333 0.0
2.35 0.0
2.3667 0.0
2.3833 0.0
2.4 0.0
2.4167 0.0
2.4333 0.0
2.45 0.0
2.4667 0.0
2.4833 0.0
2.5 0.0
2.5167 0.0
2.5333 0.0
2.55 0.0
2.5667 0.0
2.5833 0.0
2.6 0.0
2.6167 0.0
2.6333 0.0
2.65 0.0
2.6667 0.0
2.6833 0.0
2.7 0.0
2.7167 0.0
2.7333 0.0
2.75 0.0
2.7667 0.0
2.7833 0.0
2.8 0.0
2.8167 0.0
2.8333 0.0
2.85 0.0
2.8667 0.0
2.8833 0.0
2.9 0.0
2.9167 0.0
2.9333 0.0
2.95 0.0
2.9667 0.0
2.9833 0.0
3.0 0.0
3.0167 0.0
3.0333 0.0
3.05 0.0
3.0667 0.0
3.0833 0.0
3.1 0.0
3.1167 0.0
3.1333 0.0
3.15 0.0
3.1667 0.0
3.1833 0.0
3.2 0.0
3.2167 0.0
3.2333 0.0
3.25 0.0
3.2667 0.0
3.2833 0.0
3.3 0.0
3.3167 0.0
3.3333 0.0
3.35 0.0
3.3667 0.0
3.3833 0.0
3.4 0.0
3.4167 0.0
3.4333 0.0
3.45 0.0
3.4667 0.0
3.4833 0.0
3.5 0.0
3.5167 0.0
3.5333 0.0
3.55 0.0
3.5667 0.0
3.5833 0.0
3.6 0.0
3.6167 0.0
3.6333 0.0
3.65 0.0
3.6667 0.0
3.6833 0.0
3.7 0.0
3.7167 0.0
3.7333 0.0
3.75 0.0
3.7667 0.0
3.7833 0.0
3.8 0.0
3.8167 0.0
3.8333 0.0
3.85 0.0
3.8667 0.0
3.8833 0.0
3.9 0.0
3.9167 0.0
3.9333 0.0
3.95 0.0
3.9667 0.0
3.9833 0.0
4.0 0.0
4.0167 0.0
4.0333 0.0
4.05 0.0
4.0667 0.0
4.0833 0.0
4.1 0.0
4.1167 0.0
4.1333 0.0
4.15 0.0
4.1667 0.0
4.1833 0.0
4.2 0.0
4.2167 0.0
4.2333 0.0
4.25 0.0
4.2667 0.0
4.2833 0.0
4.3 0.0
4.3167 0.0
4.3333 0.0
4.35 0.0
4.3667 0.0
4.3833 0.0
4.4 0.0
4.4167 0.0
4.4333 0.0
4.45 0.0
4.4667 0.0
4.4833 0.0
4.5 0.0
4.5167 0.0
4.5333 0.0
4.55 0.0
4.5667 0.0
4.5833 0.0
4.6 0.0
4.6167 0.0
4.6333 0.0
4.65 0.0
4.6667 0.0
4.6833 0.0
4.7 0.0
4.7167 0.0
4.7333 0.0
4.75 0.0
4.7667 0.0
4.7833 0.0
4.8 0.0
4.8167 0.0
4.8333 0.0
4.85 0.0
4.8667 0.0
4.8833 0.0
4.9 0.0
4.9167 0.0
4.9333 0.0
4.95 0.0
4.9667 0.0
4.9833 0.0
5.0 0.0
5.0167 0.0
5.0333 0.0
5.05 0.0
5.0667 0.0
5.0833 0.0
5.1 0.0
5.1167 0.0
5.1333 0.0
5.15 0.0
5.1667 0.0
5.1833 0.0
5.2 0.0
5.2167 0.0
5.2333 0.0
5.25 0.0
5.2667 0.0
5.2833 0.0
5.3 0.0
5.3167 0.0
5.3333 0.0
5.35 0.0
5.3667 0.0
5.3833 0.0
5.4 0.0
5.4167 0.0
5.4333 0.0
5.45 0.0
5.4667 0.0
5.4833 0.0
5.5 0.0
5.5167 0.0
5.5333 0.0
5.55 0.0
5.5667 0.0
5.5833 0.0
5.6 0.0
5.6167 0.0
5.6333 0.0
5.65 0.0
5.6667 0.0
5.6833 0.0
5.7 0.0
5.7167 0.0
5.7333 0.0
5.75 0.0
5.7667 0.0
5.7833 0.0
5.8 0.0
5.8167 0.0
5.8333 0.0
5.85 0.0
5.8667 0.0
5.8833 0.0
5.9 0.0
5.9167 0.0
5.9333 0.0
5.95 0.0
5.9667 0.0
5.9833 0.0
6.0 0.0
6.0167 0.0
6.0333 0.0
6.05 0.0
6.0667 0.0
6.0833 0.0
6.1 0.0
6.1167 0.0
6.1333 0.0
6.15 0.0
6.1667 0.0
6.1833 0.0
6.2 0.0
6.2167 0.0
6.2333 0.0
6.25 0.0
6.2667 0.0
6.2833 0.0
6.3 0.0
6.3167 0.0
6.3333 0.0
6.35 5.481e-14
6.3667 1.316e-10
6.3833 2.361e-08
6.4 8.316e-07
6.4167 1.051e-05
6.4333 5.315e-05
6.45 0.0001349
6.4667 0.0002771
6.4833 0.0004773
6.5 0.000772
6.5167 0.0012
6.5333 0.001801
6.55 0.002632
6.5667 0.00377
6.5833 0.005314
6.6 0.007194
6.6167 0.009809
6.6333 0.01308
6.65 0.0172
6.6667 0.02251
6.6833 0.02927
6.7 0.03786
6.7167 0.04887
6.7333 0.0611
6.75 0.07745
6.7667 0.09557
6.7833 0.1197
6.8 0.1459
6.8167 0.1759
6.8333 0.2109
6.85 0.2521
6.8667 0.2905
6.8833 0.3393
6.9 0.399
6.9167 0.4503
6.9333 0.5078
6.95 0.5768
6.9667 0.6595
6.9833 0.7385
7.0 0.8172
7.0167 0.9005
7.0333 0.9881
7.05 1.08
7.0667 1.175
7.0833 1.274
7.1 1.376
7.1167 1.481
7.1333 1.589
7.15 1.7
7.1667 1.813
7.1833 1.93
7.2 2.049
7.2167 2.171
7.2333 2.296
7.25 2.423
7.2667 2.553
7.2833 2.685
7.3 2.82
7.3167 2.957
7.3333 3.097
7.35 3.24
7.3667 3.385
7.3833 3.533
7.4 3.683
7.4167 3.835
7.4333 3.99
7.45 4.148
7.4667 4.309
7.4833 4.471
7.5 4.636
7.5167 4.804
7.5333 4.974
7.55 5.147
7.5667 5.322
7.5833 5.499
7.6 5.678
7.6167 5.86
7.6333 6.044
7.65 6.231
7.6667 6.42
7.6833 6.611
7.7 6.804
7.7167 6.999
7.7333 7.196
7.75 7.395
7.7667 7.597
7.7833 7.8
7.8 8.005
7.8167 8.211
7.8333 8.421
7.85 8.631
7.8667 8.843
7.8833 9.057
7.9 9.273
7.9167 9.49
7.9333 9.71
7.95 9.93
7.9667 10.15
7.9833 10.38
8.0 10.6
8.0167 10.83
8.0333 11.05
8.05 11.28
8.0667 11.51
8.0833 11.74
8.1 11.98
8.1167 12.21
8.1333 12.45
8.15 12.68
8.1667 12.92
8.1833 13.16
8.2 13.4
8.2167 13.64
8.2333 13.88
8.25 14.12
8.2667 14.36
8.2833 14.61
8.3 14.85
8.3167 15.1
8.3333 15.34
8.35 15.59
8.3667 15.84
8.3833 16.08
8.4 16.33
8.4167 16.58
8.4333 16.83
8.45 17.08
8.4667 17.33
8.4833 17.58
8.5 17.84
8.5167 18.09
8.5333 18.34
8.55 18.6
8.5667 18.85
8.5833 19.1
8.6 19.36
8.6167 19.61
8.6333 19.87
8.65 20.12
8.6667 20.37
8.6833 20.63
8.7 20.89
8.7167 21.14
8.7333 21.4
8.75 21.65
8.7667 21.91
8.7833 22.17
8.8 22.42
8.8167 22.68
8.8333 22.93
8.85 23.19
8.8667 23.45
8.8833 23.7
8.9 23.96
8.9167 24.21
8.9333 24.47
8.95 24.72
8.9667 24.98
8.9833 25.24
9.0 25.49
9.0167 25.75
9.0333 26.0
9.05 26.26
9.0667 26.51
9.0833 26.76
9.1 27.02
9.1167 27.27
9.1333 27.52
9.15 27.78
9.1667 28.03
9.1833 28.28
9.2 28.54
9.2167 28.79
9.2333 29.04
9.25 29.29
9.2667 29.54
9.2833 29.79
9.3 30.04
9.3167 30.29
9.3333 30.54
9.35 30.79
9.3667 31.03
9.3833 31.28
9.4 31.53
9.4167 31.77
9.4333 32.02
9.45 32.26
9.4667 32.51
9.4833 32.75
9.5 33.0
9.5167 33.24
9.5333 33.48
9.55 33.72
9.5667 33.96
9.5833 34.2
9.6 34.44
9.6167 34.68
9.6333 34.92
9.65 35.16
9.6667 35.4
9.6833 35.63
9.7 35.87
9.7167 36.1
9.7333 36.34
9.75 36.57
9.7667 36.8
9.7833 37.03
9.8 37.27
9.8167 37.5
9.8333 37.73
9.85 37.95
9.8667 38.18
9.8833 38.41
9.9 38.64
9.9167 38.86
9.9333 39.09
9.95 39.31
9.9667 39.53
9.9833 39.75
10.0 39.98
10.0167 40.2
10.0333 40.41
10.05 40.63
10.0667 40.85
10.0833 41.07
10.1 41.28
10.1167 41.5
10.1333 41.71
10.15 41.92
10.1667 42.14
10.1833 42.35
10.2 42.56
10.2167 42.77
10.2333 42.97
10.25 43.18
10.2667 43.39
10.2833 43.59
10.3 43.8
10.3167 44.0
10.3333 44.2
10.35 44.4
10.3667 44.6
10.3833 44.8
10.4 45.0
10.4167 45.19
10.4333 45.39
10.45 45.58
10.4667 45.78
10.4833 45.97
10.5 46.16
10.5167 46.35
10.5333 46.54
10.55 46.73
10.5667 46.92
10.5833 47.1
10.6 47.29
10.6167 47.47
10.6333 47.65
10.65 47.83
10.6667 48.01
10.6833 48.19
10.7 48.37
10.7167 48.54
10.7333 48.72
10.75 48.89
10.7667 49.07
10.7833 49.24
10.8 49.41
10.8167 49.58
10.8333 49.75
10.85 49.91
10.8667 50.08
10.8833 50.24
10.9 50.41
10.9167 50.57
10.9333 50.73
10.95 50.89
10.9667 51.05
10.9833 51.2
11.0 51.36
11.0167 51.51
11.0333 51.67
11.05 51.82
11.0667 51.97
11.0833 52.12
11.1 52.27
11.1167 52.41
11.1333 52.56
11.15 52.7
11.1667 52.84
11.1833 52.99
11.2 53.13
11.2167 53.27
11.2333 53.4
11.25 53.54
11.2667 53.67
11.2833 53.81
11.3 53.94
11.3167 54.07
11.3333 54.2
11.35 54.33
11.3667 54.46
11.3833 54.58
11.4 54.71
11.4167 54.83
11.4333 54.95
11.45 55.07
11.4667 55.19
11.4833 55.3
11.5 55.42
11.5167 55.54
11.5333 55.65
11.55 55.76
11.5667 55.87
11.5833 55.98
11.6 56.09
11.6167 56.19
11.6333 56.3
11.65 56.4
11.6667 56.5
11.6833 56.6
11.7 56.7
11.7167 56.8
11.7333 56.9
11.75 56.99
11.7667 57.09
11.7833 57.18
11.8 57.27
11.8167 57.36
11.8333 57.44
11.85 57.53
11.8667 57.62
11.8833 57.7
11.9 57.78
11.9167 57.86
11.9333 57.94
11.95 58.02
11.9667 58.1
11.9833 58.17
12.0 58.24
12.0167 58.31
12.0333 58.38
12.05 58.45
12.0667 58.52
12.0833 58.59
12.1 58.65
12.1167 58.71
12.1333 58.78
12.15 58.83
12.1667 58.89
12.1833 58.95
12.2 59.0
12.2167 59.06
12.2333 59.11
12.25 59.16
12.2667 59.22
12.2833 59.26
12.3 59.31
12.3167 59.35
12.3333 59.4
12.35 59.44
12.3667 59.48
12.3833 59.52
12.4 59.56
12.4167 59.59
12.4333 59.63
12.45 59.66
12.4667 59.69
12.4833 59.72
12.5 59.75
12.5167 59.78
12.5333 59.81
12.55 59.83
12.5667 59.85
12.5833 59.87
12.6 59.89
12.6167 59.91
12.6333 59.93
12.65 59.95
12.6667 59.96
12.6833 59.97
12.7 59.98
12.7167 59.99
12.7333 60.0
12.75 60.01
12.7667 60.01
12.7833 60.01
12.8 60.02
12.8167 60.02
12.8333 60.01
12.85 60.01
12.8667 60.01
12.8833 60.0
12.9 59.99
12.9167 59.98
12.9333 59.97
12.95 59.96
12.9667 59.95
12.9833 59.93
13.0 59.92
13.0167 59.9
13.0333 59.88
13.05 59.86
13.0667 59.84
13.0833 59.81
13.1 59.79
13.1167 59.76
13.1333 59.73
13.15 59.7
13.1667 59.67
13.1833 59.64
13.2 59.6
13.2167 59.57
13.2333 59.53
13.25 59.49
13.2667 59.45
13.2833 59.41
13.3 59.37
13.3167 59.32
13.3333 59.28
13.35 59.23
13.3667 59.18
13.3833 59.13
13.4 59.08
13.4167 59.02
13.4333 58.97
13.45 58.91
13.4667 58.85
13.4833 58.79
13.5 58.73
13.5167 58.67
13.5333 58.6
13.55 58.54
13.5667 58.47
13.5833 58.4
13.6 58.33
13.6167 58.26
13.6333 58.19
13.65 58.12
13.6667 58.04
13.6833 57.96
13.7 57.88
13.7167 57.8
13.7333 57.72
13.75 57.64
13.7667 57.55
13.7833 57.47
13.8 57.38
13.8167 57.29
13.8333 57.2
13.85 57.11
13.8667 57.02
13.8833 56.92
13.9 56.83
13.9167 56.73
13.9333 56.63
13.95 56.53
13.9667 56.43
13.9833 56.33
14.0 56.22
14.0167 56.12
14.0333 56.01
14.05 55.9
14.0667 55.79
14.0833 55.68
14.1 55.57
14.1167 55.45
14.1333 55.34
14.15 55.22
14.1667 55.1
14.1833 54.98
14.2 54.86
14.2167 54.74
14.2333 54.61
14.25 54.49
14.2667 54.36
14.2833 54.23
14.3 54.11
14.3167 53.97
14.3333 53.84
14.35 53.71
14.3667 53.58
14.3833 53.44
14.4 53.3
14.4167 53.16
14.4333 53.02
14.45 52.88
14.4667 52.74
14.4833 52.6
14.5 52.45
14.5167 52.31
14.5333 52.16
14.55 52.01
14.5667 51.86
14.5833 51.71
14.6 51.55
14.6167 51.4
14.6333 51.24
14.65 51.09
14.6667 50.93
14.6833 50.77
14.7 50.61
14.7167 50.45
14.7333 50.29
14.75 50.12
14.7667 49.96
14.7833 49.79
14.8 49.62
14.8167 49.45
14.8333 49.28
14.85 49.11
14.8667 48.94
14.8833 48.77
14.9 48.59
14.9167 48.42
14.9333 48.24
14.95 48.06
14.9667 47.88
14.9833 47.7
15.0 47.52
15.0167 47.33
15.0333 47.15
15.05 46.96
15.0667 46.78
15.0833 46.59
15.1 46.4
15.1167 46.21
15.1333 46.02
15.15 45.83
15.1667 45.64
15.1833 45.44
15.2 45.25
15.2167 45.05
15.2333 44.85
15.25 44.66
15.2667 44.46
15.2833 44.26
15.3 44.05
15.3167 43.85
15.3333 43.65
15.35 43.44
15.3667 43.24
15.3833 43.03
15.4 42.82
15.4167 42.61
15.4333 42.4
15.45 42.19
15.4667 41.98
15.4833 41.77
15.5 41.56
15.5167 41.34
15.5333 41.13
15.55 40.91
15.5667 40.69
15.5833 40.47
15.6 40.26
15.6167 40.04
15.6333 39.81
15.65 39.59
15.6667 39.37
15.6833 39.15
15.7 38.92
15.7167 38.7
15.7333 38.47
15.75 38.24
15.7667 38.02
15.7833 37.79
15.8 37.56
15.8167 37.33
15.8333 37.1
15.85 36.87
15.8667 36.63
15.8833 36.4
15.9 36.17
15.9167 35.93
15.9333 35.7
15.95 35.46
15.9667 35.22
15.9833 34.99
16.0 34.75
16.0167 34.51
16.0333 34.27
16.05 34.03
16.0667 33.79
16.0833 33.55
16.1 33.31
16.1167 33.06
16.1333 32.82
16.15 32.58
16.1667 32.33
16.1833 32.09
16.2 31.84
16.2167 31.6
16.2333 31.35
16.25 31.1
16.2667 30.86
16.2833 30.61
16.3 30.36
16.3167 30.11
16.3333 29.86
16.35 29.61
16.3667 29.36
16.3833 29.11
16.4 28.86
16.4167 28.61
16.4333 28.35
16.45 28.1
16.4667 27.85
16.4833 27.6
16.5 27.34
16.5167 27.09
16.5333 26.84
16.55 26.58
16.5667 26.33
16.5833 26.07
16.6 25.82
16.6167 25.56
16.6333 25.31
16.65 25.05
16.6667 24.8
16.6833 24.54
16.7 24.29
16.7167 24.03
16.7333 23.78
16.75 23.52
16.7667 23.26
16.7833 23.01
16.8 22.75
16.8167 22.5
16.8333 22.24
16.85 21.98
16.8667 21.73
16.8833 21.47
16.9 21.22
16.9167 20.96
16.9333 20.71
16.95 20.45
16.9667 20.19
16.9833 19.94
17.0 19.69
17.0167 19.43
17.0333 19.18
17.05 18.92
17.0667 18.67
17.0833 18.42
17.1 18.16
17.1167 17.91
17.1333 17.66
17.15 17.41
17.1667 17.16
17.1833 16.91
17.2 16.66
17.2167 16.41
17.2333 16.16
17.25 15.91
17.2667 15.66
17.2833 15.42
17.3 15.17
17.3167 14.92
17.3333 14.68
17.35 14.44
17.3667 14.19
17.3833 13.95
17.4 13.71
17.4167 13.47
17.4333 13.23
17.45 12.99
17.4667 12.75
17.4833 12.52
17.5 12.28
17.5167 12.05
17.5333 11.81
17.55 11.58
17.5667 11.35
17.5833 11.12
17.6 10.9
17.6167 10.67
17.6333 10.44
17.65 10.22
17.6667 9.997
17.6833 9.776
17.7 9.557
17.7167 9.339
17.7333 9.123
17.75 8.908
17.7667 8.696
17.7833 8.485
17.8 8.275
17.8167 8.068
17.8333 7.862
17.85 7.659
17.8667 7.457
17.8833 7.257
17.9 7.059
17.9167 6.864
17.9333 6.67
17.95 6.478
17.9667 6.289
17.9833 6.102
18.0 5.917
18.0167 5.735
18.0333 5.554
18.05 5.377
18.0667 5.201
18.0833 5.028
18.1 4.857
18.1167 4.689
18.1333 4.523
18.15 4.359
18.1667 4.198
18.1833 4.04
18.2 3.884
18.2167 3.73
18.2333 3.58
18.25 3.431
18.2667 3.286
18.2833 3.142
18.3 3.002
18.3167 2.863
18.3333 2.728
18.35 2.595
18.3667 2.464
18.3833 2.336
18.4 2.211
18.4167 2.088
18.4333 1.968
18.45 1.851
18.4667 1.736
18.4833 1.624
18.5 1.515
18.5167 1.409
18.5333 1.306
18.55 1.206
18.5667 1.11
18.5833 1.017
18.6 0.9285
18.6167 0.8438
18.6333 0.7636
18.65 0.6888
18.6667 0.6023
18.6833 0.5289
18.7 0.4679
18.7167 0.4171
18.7333 0.3546
18.75 0.3127
18.7667 0.2628
18.7833 0.221
18.8 0.185
18.8167 0.1536
18.8333 0.1267
18.85 0.1041
18.8667 0.08265
18.8833 0.06654
18.9 0.05219
18.9167 0.04135
18.9333 0.03223
18.95 0.0248
18.9667 0.019
18.9833 0.01448
19.0 0.01072
19.0167 0.008002
19.0333 0.00585
19.05 0.004238
19.0667 0.002975
19.0833 0.002052
19.1 0.001381
19.1167 0.0008998
19.1333 0.0005647
19.15 0.000336
19.1667 0.0001752
19.1833 7.541e-05
19.2 2e-05
19.2167 2.221e-06
19.2333 1.019e-07
19.25 9.911e-10
19.2667 1.623e-12
19.2833 1.153e-30
19.3 0.0
19.3167 0.0
19.3333 0.0
19.35 0.0
19.3667 0.0
19.3833 0.0
19.4 0.0
19.4167 0.0
19.4333 0.0
19.45 0.0
19.4667 0.0
19.4833 0.0
19.5 0.0
19.5167 0.0
19.5333 0.0
19.55 0.0
19.5667 0.0
19.5833 0.0
19.6 0.0
19.6167 0.0
19.6333 0.0
19.65 0.0
19.6667 0.0
19.6833 0.0
19.7 0.0
19.7167 0.0
19.7333 0.0
19.75 0.0
19.7667 0.0
19.7833 0.0
19.8 0.0
19.8167 0.0
19.8333 0.0
19.85 0.0
19.8667 0.0
19.8833 0.0
19.9 0.0
19.9167 0.0
19.9333 0.0
19.95 0.0
19.9667 0.0
19.9833 0.0
20.0 0.0
20.0167 0.0
20.0333 0.0
20.05 0.0
20.0667 0.0
20.0833 0.0
20.1 0.0
20.1167 0.0
20.1333 0.0
20.15 0.0
20.1667 0.0
20.1833 0.0
20.2 0.0
20.2167 0.0
20.2333 0.0
20.25 0.0
20.2667 0.0
20.2833 0.0
20.3 0.0
20.3167 0.0
20.3333 0.0
20.35 0.0
20.3667 0.0
20.3833 0.0
20.4 0.0
20.4167 0.0
20.4333 0.0
20.45 0.0
20.4667 0.0
20.4833 0.0
20.5 0.0
20.5167 0.0
20.5333 0.0
20.55 0.0
20.5667 0.0
20.5833 0.0
20.6 0.0
20.6167 0.0
20.6333 0.0
20.65 0.0
20.6667 0.0
20.6833 0.0
20.7 0.0
20.7167 0.0
20.7333 0.0
20.75 0.0
20.7667 0.0
20.7833 0.0
20.8 0.0
20.8167 0.0
20.8333 0.0
20.85 0.0
20.8667 0.0
20.8833 0.0
20.9 0.0
20.9167 0.0
20.9333 0.0
20.95 0.0
20.9667 0.0
20.9833 0.0
21.0 0.0
21.0167 0.0
21.0333 0.0
21.05 0.0
21.0667 0.0
21.0833 0.0
21.1 0.0
21.1167 0.0
21.1333 0.0
21.15 0.0
21.1667 0.0
21.1833 0.0
21.2 0.0
21.2167 0.0
21.2333 0.0
21.25 0.0
21.2667 0.0
21.2833 0.0
21.3 0.0
21.3167 0.0
21.3333 0.0
21.35 0.0
21.3667 0.0
21.3833 0.0
21.4 0.0
21.4167 0.0
21.4333 0.0
21.45 0.0
21.4667 0.0
21.4833 0.0
21.5 0.0
21.5167 0.0
21.5333 0.0
21.55 0.0
21.5667 0.0
21.5833 0.0
21.6 0.0
21.6167 0.0
21.6333 0.0
21.65 0.0
21.6667 0.0
21.6833 0.0
21.7 0.0
21.7167 0.0
21.7333 0.0
21.75 0.0
21.7667 0.0
21.7833 0.0
21.8 0.0
21.8167 0.0
21.8333 0.0
21.85 0.0
21.8667 0.0
21.8833 0.0
21.9 0.0
21.9167 0.0
21.9333 0.0
21.95 0.0
21.9667 0.0
21.9833 0.0
22.0 0.0
22.0167 0.0
22.0333 0.0
22.05 0.0
22.0667 0.0
22.0833 0.0
22.1 0.0
22.1167 0.0
22.1333 0.0
22.15 0.0
22.1667 0.0
22.1833 0.0
22.2 0.0
22.2167 0.0
22.2333 0.0
22.25 0.0
22.2667 0.0
22.2833 0.0
22.3 0.0
22.3167 0.0
22.3333 0.0
22.35 0.0
22.3667 0.0
22.3833 0.0
22.4 0.0
22.4167 0.0
22.4333 0.0
22.45 0.0
22.4667 0.0
22.4833 0.0
22.5 0.0
22.5167 0.0
22.5333 0.0
22.55 0.0
22.5667 0.0
22.5833 0.0
22.6 0.0
22.6167 0.0
22.6333 0.0
22.65 0.0
22.6667 0.0
22.6833 0.0
22.7 0.0
22.7167 0.0
22.7333 0.0
22.75 0.0
22.7667 0.0
22.7833 0.0
22.8 0.0
22.8167 0.0
22.8333 0.0
22.85 0.0
22.8667 0.0
22.8833 0.0
22.9 0.0
22.9167 0.0
22.9333 0.0
22.95 0.0
22.9667 0.0
22.9833 0.0
23.0 0.0
23.0167 0.0
23.0333 0.0
23.05 0.0
23.0667 0.0
23.0833 0.0
23.1 0.0
23.1167 0.0
23.1333 0.0
23.15 0.0
23.1667 0.0
23.1833 0.0
23.2 0.0
23.2167 0.0
23.2333 0.0
23.25 0.0
23.2667 0.0
23.2833 0.0
23.3 0.0
23.3167 0.0
23.3333 0.0
23.35 0.0
23.3667 0.0
23.3833 0.0
23.4 0.0
23.4167 0.0
23.4333 0.0
23.45 0.0
23.4667 0.0
23.4833 0.0
23.5 0.0
23.5167 0.0
23.5333 0.0
23.55 0.0
23.5667 0.0
23.5833 0.0
23.6 0.0
23.6167 0.0
23.6333 0.0
23.65 0.0
23.6667 0.0
23.6833 0.0
23.7 0.0
23.7167 0.0
23.7333 0.0
23.75 0.0
23.7667 0.0
23.7833 0.0
23.8 0.0
23.8167 0.0
23.8333 0.0
23.85 0.0
23.8667 0.0
23.8833 0.0
23.9 0.0
23.9167 0.0
23.9333 0.0
23.95 0.0
23.9667 0.0
23.9833 0.0
