0.0 0.0
0.0167 0.0
0.0333 0.0
0.05 0.0
0.0667 0.0
0.0833 0.0
0.1 0.0
0.1167 0.0
0.1333 0.0
0.15 0.0
0.1667 0.0
0.1833 0.0
0.2 0.0
0.2167 0.0
0.2333 0.0
0.25 0.0
0.2667 0.0
0.2833 0.0
0.3 0.0
0.3167 0.0
0.3333 0.0
0.35 0.0
0.3667 0.0
0.3833 0.0
0.4 0.0
0.4167 0.0
0.4333 0.0
0.45 0.0
0.4667 0.0
0.4833 0.0
0.5 0.0
0.5167 0.0
0.5333 0.0
0.55 0.0
0.5667 0.0
0.5833 0.0
0.6 0.0
0.6167 0.0
0.6333 0.0
0.65 0.0
0.6667 0.0
0.6833 0.0
0.7 0.0
0.7167 0.0
0.7333 0.0
0.75 0.0
0.7667 0.0
0.7833 0.0
0.8 0.0
0.8167 0.0
0.8333 0.0
0.85 0.0
0.8667 0.0
0.8833 0.0
0.9 0.0
0.9167 0.0
0.9333 0.0
0.95 0.0
0.9667 0.0
0.9833 0.0
1.0 0.0
1.0167 0.0
1.0333 0.0
1.05 0.0
1.0667 0.0
1.0833 0.0
1.1 0.0
1.1167 0.0
1.1333 0.0
1.15 0.0
1.1667 0.0
1.1833 0.0
1.2 0.0
1.2167 0.0
1.2333 0.0
1.25 0.0
1.2667 0.0
1.2833 0.0
1.3 0.0
1.3167 0.0
1.3333 0.0
1.35 0.0
1.3667 0.0
1.3833 0.0
1.4 0.0
1.4167 0.0
1.4333 0.0
1.45 0.0
1.4667 0.0
1.4833 0.0
1.5 0.0
1.5167 0.0
1.5333 0.0
1.55 0.0
1.5667 0.0
1.5833 0.0
1.6 0.0
1.6167 0.0
1.6333 0.0
1.65 0.0
1.6667 0.0
1.6833 0.0
1.7 0.0
1.7167 0.0
1.7333 0.0
1.75 0.0
1.7667 0.0
1.7833 0.0
1.8 0.0
1.8167 0.0
1.8333 0.0
1.85 0.0
1.8667 0.0
1.8833 0.0
1.9 0.0
1.9167 0.0
1.9333 0.0
1.95 0.0
1.9667 0.0
1.9833 0.0
2.0 0.0
2.0167 0.0
2.0333 0.0
2.05 0.0
2.0667 0.0
2.0833 0.0
2.1 0.0
2.1167 0.0
2.1333 0.0
2.15 0.0
2.1667 0.0
2.1833 0.0
2.2 0.0
2.2167 0.0
2.2333 0.0
2.25 0.0
2.2667 0.0
2.2833 0.0
2.3 0.0
2.3167 0.0
2.3333 0.0
2.35 0.0
2.3667 0.0
2.3833 0.0
2.4 0.0
2.4167 0.0
2.4333 0.0
2.45 0.0
2.4667 0.0
2.4833 0.0
2.5 0.0
2.5167 0.0
2.5333 0.0
2.55 0.0
2.5667 0.0
2.5833 0.0
2.6 0.0
2.6167 0.0
2.6333 0.0
2.65 0.0
2.6667 0.0
2.6833 0.0
2.7 0.0
2.7167 0.0
2.7333 0.0
2.75 0.0
2.7667 0.0
2.7833 0.0
2.8 0.0
2.8167 0.0
2.8333 0.0
2.85 0.0
2.8667 0.0
2.8833 0.0
2.9 0.0
2.9167 0.0
2.9333 0.0
2.95 0.0
2.9667 0.0
2.9833 0.0
3.0 0.0
3.0167 0.0
3.0333 0.0
3.05 0.0
3.0667 0.0
3.0833 0.0
3.1 0.0
3.1167 0.0
3.1333 0.0
3.15 0.0
3.1667 0.0
3.1833 0.0
3.2 0.0
3.2167 0.0
3.2333 0.0
3.25 0.0
3.2667 0.0
3.2833 0.0
3.3 0.0
3.3167 0.0
3.3333 0.0
3.35 0.0
3.3667 0.0
3.3833 0.0
3.4 0.0
3.4167 0.0
3.4333 0.0
3.45 0.0
3.4667 0.0
3.4833 0.0
3.5 0.0
3.5167 0.0
3.5333 0.0
3.55 0.0
3.5667 0.0
3.5833 0.0
3.6 0.0
3.6167 0.0
3.6333 0.0
3.65 0.0
3.6667 0.0
3.6833 0.0
3.7 0.0
3.7167 0.0
3.7333 0.0
3.75 0.0
3.7667 0.0
3.7833 0.0
3.8 0.0
3.8167 0.0
3.8333 0.0
3.85 0.0
3.8667 0.0
3.8833 0.0
3.9 0.0
3.9167 0.0
3.9333 0.0
3.95 0.0
3.9667 0.0
3.9833 0.0
4.0 0.0
4.0167 0.0
4.0333 0.0
4.05 0.0
4.0667 0.0
4.0833 0.0
4.1 0.0
4.1167 0.0
4.1333 0.0
4.15 0.0
4.1667 0.0
4.1833 0.0
4.2 0.0
4.2167 0.0
4.2333 0.0
4.25 0.0
4.2667 0.0
4.2833 0.0
4.3 0.0
4.3167 0.0
4.3333 0.0
4.35 0.0
4.3667 0.0
4.3833 0.0
4.4 0.0
4.4167 0.0
4.4333 0.0
4.45 0.0
4.4667 0.0
4.4833 0.0
4.5 0.0
4.5167 0.0
4.5333 0.0
4.55 0.0
4.5667 0.0
4.5833 0.0
4.6 0.0
4.6167 0.0
4.6333 0.0
4.65 0.0
4.6667 0.0
4.6833 0.0
4.7 0.0
4.7167 0.0
4.7333 0.0
4.75 0.0
4.7667 0.0
4.7833 0.0
4.8 0.0
4.8167 0.0
4.8333 0.0
4.85 0.0
4.8667 0.0
4.8833 0.0
4.9 0.0
4.9167 0.0
4.9333 0.0
4.95 0.0
4.9667 0.0
4.9833 0.0
5.0 0.0
5.0167 0.0
5.0333 0.0
5.05 0.0
5.0667 0.0
5.0833 0.0
5.1 0.0
5.1167 0.0
5.1333 0.0
5.15 0.0
5.1667 0.0
5.1833 0.0
5.2 0.0
5.2167 0.0
5.2333 0.0
5.25 0.0
5.2667 0.0
5.2833 0.0
5.3 0.0
5.3167 0.0
5.3333 2.204e-15
5.35 1.273e-11
5.3667 2.366e-09
5.3833 1.17e-07
5.4 1.752e-06
5.4167 1.487e-05
5.4333 5.304e-05
5.45 0.0001231
5.4667 0.0002329
5.4833 0.0003907
5.5 0.0006137
5.5167 0.0009282
5.5333 0.001347
5.55 0.001911
5.5667 0.002701
5.5833 0.003653
5.6 0.004939
5.6167 0.0066
5.6333 0.00862
5.65 0.01119
5.6667 0.01442
5.6833 0.01849
5.7 0.02362
5.7167 0.03001
5.7333 0.03715
5.75 0.04683
5.7667 0.0574
5.7833 0.07185
5.8 0.08677
5.8167 0.1046
5.8333 0.1257
5.85 0.1499
5.8667 0.1774
5.8833 0.2088
5.9 0.2456
5.9167 0.2821
5.9333 0.3234
5.95 0.3722
5.9667 0.4203
5.9833 0.4684
6.0 0.5254
6.0167 0.5927
6.0333 0.6668
6.05 0.7326
6.0667 0.8027
6.0833 0.8765
6.1 0.9537
6.1167 1.034
6.1333 1.118
6.15 1.204
6.1667 1.293
6.1833 1.384
6.2 1.478
6.2167 1.575
6.2333 1.674
6.25 1.775
6.2667 1.879
6.2833 1.985
6.3 2.093
6.3167 2.204
6.3333 2.316
6.35 2.431
6.3667 2.548
6.3833 2.667
6.4 2.789
6.4167 2.912
6.4333 3.038
6.45 3.166
6.4667 3.296
6.4833 3.429
6.5 3.564
6.5167 3.701
6.5333 3.84
6.55 3.981
6.5667 4.125
6.5833 4.27
6.6 4.418
6.6167 4.568
6.6333 4.721
6.65 4.875
6.6667 5.032
6.6833 5.191
6.7 5.351
6.7167 5.514
6.7333 5.679
6.75 5.847
6.7667 6.016
6.7833 6.187
6.8 6.36
6.8167 6.535
6.8333 6.712
6.85 6.891
6.8667 7.072
6.8833 7.255
6.9 7.439
6.9167 7.625
6.9333 7.813
6.95 8.003
6.9667 8.195
6.9833 8.388
7.0 8.583
7.0167 8.779
7.0333 8.977
7.05 9.177
7.0667 9.378
7.0833 9.58
7.1 9.784
7.1167 9.99
7.1333 10.2
7.15 10.4
7.1667 10.61
7.1833 10.83
7.2 11.04
7.2167 11.25
7.2333 11.47
7.25 11.68
7.2667 11.9
7.2833 12.12
7.3 12.34
7.3167 12.56
7.3333 12.78
7.35 13.0
7.3667 13.22
7.3833 13.45
7.4 13.67
7.4167 13.9
7.4333 14.13
7.45 14.36
7.4667 14.59
7.4833 14.82
7.5 15.05
7.5167 15.28
7.5333 15.51
7.55 15.74
7.5667 15.98
7.5833 16.21
7.6 16.45
7.6167 16.68
7.6333 16.92
7.65 17.15
7.6667 17.39
7.6833 17.63
7.7 17.87
7.7167 18.11
7.7333 18.35
7.75 18.59
7.7667 18.83
7.7833 19.07
7.8 19.31
7.8167 19.55
7.8333 19.8
7.85 20.04
7.8667 20.28
7.8833 20.52
7.9 20.77
7.9167 21.01
7.9333 21.26
7.95 21.5
7.9667 21.75
7.9833 21.99
8.0 22.24
8.0167 22.48
8.0333 22.73
8.05 22.97
8.0667 23.22
8.0833 23.46
8.1 23.71
8.1167 23.96
8.1333 24.2
8.15 24.45
8.1667 24.7
8.1833 24.94
8.2 25.19
8.2167 25.44
8.2333 25.68
8.25 25.93
8.2667 26.18
8.2833 26.42
8.3 26.67
8.3167 26.91
8.3333 27.16
8.35 27.41
8.3667 27.65
8.3833 27.9
8.4 28.15
8.4167 28.39
8.4333 28.64
8.45 28.88
8.4667 29.13
8.4833 29.37
8.5 29.62
8.5167 29.86
8.5333 30.11
8.55 30.35
8.5667 30.59
8.5833 30.84
8.6 31.08
8.6167 31.32
8.6333 31.57
8.65 31.81
8.6667 32.05
8.6833 32.29
8.7 32.54
8.7167 32.78
8.7333 33.02
8.75 33.26
8.7667 33.5
8.7833 33.74
8.8 33.98
8.8167 34.22
8.8333 34.45
8.85 34.69
8.8667 34.93
8.8833 35.17
8.9 35.4
8.9167 35.64
8.9333 35.88
8.95 36.11
8.9667 36.35
8.9833 36.58
9.0 36.82
9.0167 37.05
9.0333 37.28
9.05 37.51
9.0667 37.75
9.0833 37.98
9.1 38.21
9.1167 38.44
9.1333 38.67
9.15 38.9
9.1667 39.12
9.1833 39.35
9.2 39.58
9.2167 39.81
9.2333 40.03
9.25 40.26
9.2667 40.48
9.2833 40.71
9.3 40.93
9.3167 41.15
9.3333 41.37
9.35 41.59
9.3667 41.82
9.3833 42.03
9.4 42.25
9.4167 42.47
9.4333 42.69
9.45 42.91
9.4667 43.12
9.4833 43.34
9.5 43.56
9.5167 43.77
9.5333 43.98
9.55 44.2
9.5667 44.41
9.5833 44.62
9.6 44.83
9.6167 45.04
9.6333 45.25
9.65 45.45
9.6667 45.66
9.6833 45.87
9.7 46.07
9.7167 46.28
9.7333 46.48
9.75 46.68
9.7667 46.89
9.7833 47.09
9.8 47.29
9.8167 47.49
9.8333 47.69
9.85 47.89
9.8667 48.08
9.8833 48.28
9.9 48.47
9.9167 48.67
9.9333 48.86
9.95 49.05
9.9667 49.24
9.9833 49.44
10.0 49.63
10.0167 49.81
10.0333 50.0
10.05 50.19
10.0667 50.37
10.0833 50.56
10.1 50.74
10.1167 50.93
10.1333 51.11
10.15 51.29
10.1667 51.47
10.1833 51.65
10.2 51.83
10.2167 52.0
10.2333 52.18
10.25 52.36
10.2667 52.53
10.2833 52.7
10.3 52.87
10.3167 53.05
10.3333 53.22
10.35 53.38
10.3667 53.55
10.3833 53.72
10.4 53.89
10.4167 54.05
10.4333 54.21
10.45 54.38
10.4667 54.54
10.4833 54.7
10.5 54.86
10.5167 55.02
10.5333 55.17
10.55 55.33
10.5667 55.49
10.5833 55.64
10.6 55.79
10.6167 55.94
10.6333 56.1
10.65 56.24
10.6667 56.39
10.6833 56.54
10.7 56.69
10.7167 56.83
10.7333 56.98
10.75 57.12
10.7667 57.26
10.7833 57.4
10.8 57.54
10.8167 57.68
10.8333 57.82
10.85 57.95
10.8667 58.09
10.8833 58.22
10.9 58.35
10.9167 58.48
10.9333 58.61
10.95 58.74
10.9667 58.87
10.9833 59.0
11.0 59.12
11.0167 59.25
11.0333 59.37
11.05 59.49
11.0667 59.61
11.0833 59.73
11.1 59.85
11.1167 59.97
11.1333 60.08
11.15 60.2
11.1667 60.31
11.1833 60.42
11.2 60.53
11.2167 60.64
11.2333 60.75
11.25 60.86
11.2667 60.97
11.2833 61.07
11.3 61.17
11.3167 61.28
11.3333 61.38
11.35 61.48
11.3667 61.58
11.3833 61.67
11.4 61.77
11.4167 61.86
11.4333 61.96
11.45 62.05
11.4667 62.14
11.4833 62.23
11.5 62.32
11.5167 62.41
11.5333 62.49
11.55 62.58
11.5667 62.66
11.5833 62.74
11.6 62.82
11.6167 62.9
11.6333 62.98
11.65 63.06
11.6667 63.13
11.6833 63.21
11.7 63.28
11.7167 63.35
11.7333 63.42
11.75 63.49
11.7667 63.56
11.7833 63.63
11.8 63.69
11.8167 63.76
11.8333 63.82
11.85 63.88
11.8667 63.94
11.8833 64.0
11.9 64.06
11.9167 64.11
11.9333 64.17
11.95 64.22
11.9667 64.27
11.9833 64.32
12.0 64.37
12.0167 64.42
12.0333 64.47
12.05 64.51
12.0667 64.56
12.0833 64.6
12.1 64.64
12.1167 64.68
12.1333 64.72
12.15 64.76
12.1667 64.8
12.1833 64.83
12.2 64.86
12.2167 64.9
12.2333 64.93
12.25 64.96
12.2667 64.99
12.2833 65.01
12.3 65.04
12.3167 65.06
12.3333 65.08
12.35 65.11
12.3667 65.13
12.3833 65.14
12.4 65.16
12.4167 65.18
12.4333 65.19
12.45 65.21
12.4667 65.22
12.4833 65.23
12.5 65.24
12.5167 65.25
12.5333 65.25
12.55 65.26
12.5667 65.26
12.5833 65.27
12.6 65.27
12.6167 65.27
12.6333 65.27
12.65 65.26
12.6667 65.26
12.6833 65.26
12.7 65.25
12.7167 65.24
12.7333 65.23
12.75 65.22
12.7667 65.21
12.7833 65.2
12.8 65.18
12.8167 65.16
12.8333 65.15
12.85 65.13
12.8667 65.11
12.8833 65.09
12.9 65.06
12.9167 65.04
12.9333 65.01
12.95 64.99
12.9667 64.96
12.9833 64.93
13.0 64.9
13.0167 64.87
13.0333 64.83
13.05 64.8
13.0667 64.76
13.0833 64.73
13.1 64.69
13.1167 64.65
13.1333 64.61
13.15 64.56
13.1667 64.52
13.1833 64.47
13.2 64.43
13.2167 64.38
13.2333 64.33
13.25 64.28
13.2667 64.23
13.2833 64.17
13.3 64.12
13.3167 64.06
13.3333 64.01
13.35 63.95
13.3667 63.89
13.3833 63.82
13.4 63.76
13.4167 63.7
13.4333 63.63
13.45 63.57
13.4667 63.5
13.4833 63.43
13.5 63.36
13.5167 63.29
13.5333 63.22
13.55 63.14
13.5667 63.07
13.5833 62.99
13.6 62.91
13.6167 62.83
13.6333 62.75
13.65 62.67
13.6667 62.59
13.6833 62.5
13.7 62.42
13.7167 62.33
13.7333 62.24
13.75 62.15
13.7667 62.06
13.7833 61.97
13.8 61.87
13.8167 61.78
13.8333 61.68
13.85 61.59
13.8667 61.49
13.8833 61.39
13.9 61.29
13.9167 61.19
13.9333 61.08
13.95 60.98
13.9667 60.87
13.9833 60.76
14.0 60.66
14.0167 60.55
14.0333 60.43
14.05 60.32
14.0667 60.21
14.0833 60.1
14.1 59.98
14.1167 59.86
14.1333 59.75
14.15 59.63
14.1667 59.51
14.1833 59.38
14.2 59.26
14.2167 59.14
14.2333 59.01
14.25 58.88
14.2667 58.76
14.2833 58.63
14.3 58.5
14.3167 58.37
14.3333 58.23
14.35 58.1
14.3667 57.97
14.3833 57.83
14.4 57.69
14.4167 57.56
14.4333 57.42
14.45 57.28
14.4667 57.13
14.4833 56.99
14.5 56.85
14.5167 56.7
14.5333 56.56
14.55 56.41
14.5667 56.26
14.5833 56.11
14.6 55.96
14.6167 55.81
14.6333 55.65
14.65 55.5
14.6667 55.34
14.6833 55.19
14.7 55.03
14.7167 54.88
14.7333 54.72
14.75 54.56
14.7667 54.39
14.7833 54.23
14.8 54.07
14.8167 53.9
14.8333 53.74
14.85 53.57
14.8667 53.4
14.8833 53.23
14.9 53.06
14.9167 52.89
14.9333 52.72
14.95 52.55
14.9667 52.37
14.9833 52.2
15.0 52.02
15.0167 51.85
15.0333 51.67
15.05 51.49
15.0667 51.31
15.0833 51.13
15.1 50.95
15.1167 50.76
15.1333 50.58
15.15 50.4
15.1667 50.21
15.1833 50.02
15.2 49.83
15.2167 49.65
15.2333 49.46
15.25 49.27
15.2667 49.07
15.2833 48.88
15.3 48.69
15.3167 48.49
15.3333 48.3
15.35 48.1
15.3667 47.91
15.3833 47.71
15.4 47.51
15.4167 47.31
15.4333 47.11
15.45 46.91
15.4667 46.71
15.4833 46.51
15.5 46.3
15.5167 46.1
15.5333 45.89
15.55 45.69
15.5667 45.48
15.5833 45.27
15.6 45.06
15.6167 44.85
15.6333 44.64
15.65 44.43
15.6667 44.22
15.6833 44.01
15.7 43.79
15.7167 43.58
15.7333 43.37
15.75 43.15
15.7667 42.93
15.7833 42.72
15.8 42.5
15.8167 42.28
15.8333 42.06
15.85 41.84
15.8667 41.62
15.8833 41.4
15.9 41.18
15.9167 40.95
15.9333 40.73
15.95 40.51
15.9667 40.28
15.9833 40.06
16.0 39.83
16.0167 39.61
16.0333 39.38
16.05 39.15
16.0667 38.92
16.0833 38.69
16.1 38.46
16.1167 38.23
16.1333 38.0
16.15 37.77
16.1667 37.54
16.1833 37.31
16.2 37.08
16.2167 36.84
16.2333 36.61
16.25 36.38
16.2667 36.14
16.2833 35.91
16.3 35.67
16.3167 35.43
16.3333 35.2
16.35 34.96
16.3667 34.72
16.3833 34.48
16.4 34.25
16.4167 34.01
16.4333 33.77
16.45 33.53
16.4667 33.29
16.4833 33.05
16.5 32.81
16.5167 32.57
16.5333 32.32
16.55 32.08
16.5667 31.84
16.5833 31.6
16.6 31.35
16.6167 31.11
16.6333 30.87
16.65 30.62
16.6667 30.38
16.6833 30.14
16.7 29.89
16.7167 29.65
16.7333 29.4
16.75 29.16
16.7667 28.91
16.7833 28.67
16.8 28.42
16.8167 28.18
16.8333 27.93
16.85 27.68
16.8667 27.44
16.8833 27.19
16.9 26.95
16.9167 26.7
16.9333 26.45
16.95 26.21
16.9667 25.96
16.9833 25.71
17.0 25.47
17.0167 25.22
17.0333 24.97
17.05 24.73
17.0667 24.48
17.0833 24.24
17.1 23.99
17.1167 23.74
17.1333 23.5
17.15 23.25
17.1667 23.01
17.1833 22.76
17.2 22.51
17.2167 22.27
17.2333 22.02
17.25 21.78
17.2667 21.53
17.2833 21.29
17.3 21.05
17.3167 20.8
17.3333 20.56
17.35 20.31
17.3667 20.07
17.3833 19.83
17.4 19.59
17.4167 19.34
17.4333 19.1
17.45 18.86
17.4667 18.62
17.4833 18.38
17.5 18.14
17.5167 17.9
17.5333 17.66
17.55 17.43
17.5667 17.19
17.5833 16.95
17.6 16.71
17.6167 16.48
17.6333 16.24
17.65 16.01
17.6667 15.78
17.6833 15.54
17.7 15.31
17.7167 15.08
17.7333 14.85
17.75 14.62
17.7667 14.39
17.7833 14.16
17.8 13.93
17.8167 13.71
17.8333 13.48
17.85 13.26
17.8667 13.03
17.8833 12.81
17.9 12.59
17.9167 12.37
17.9333 12.15
17.95 11.93
17.9667 11.71
17.9833 11.5
18.0 11.28
18.0167 11.07
18.0333 10.86
18.05 10.65
18.0667 10.44
18.0833 10.23
18.1 10.02
18.1167 9.815
18.1333 9.61
18.15 9.408
18.1667 9.207
18.1833 9.007
18.2 8.809
18.2167 8.612
18.2333 8.417
18.25 8.224
18.2667 8.032
18.2833 7.842
18.3 7.654
18.3167 7.467
18.3333 7.283
18.35 7.1
18.3667 6.919
18.3833 6.74
18.4 6.562
18.4167 6.387
18.4333 6.214
18.45 6.042
18.4667 5.873
18.4833 5.705
18.5 5.54
18.5167 5.377
18.5333 5.216
18.55 5.057
18.5667 4.9
18.5833 4.745
18.6 4.592
18.6167 4.442
18.6333 4.294
18.65 4.148
18.6667 4.004
18.6833 3.862
18.7 3.723
18.7167 3.586
18.7333 3.451
18.75 3.318
18.7667 3.187
18.7833 3.059
18.8 2.933
18.8167 2.809
18.8333 2.687
18.85 2.567
18.8667 2.45
18.8833 2.335
18.9 2.222
18.9167 2.111
18.9333 2.003
18.95 1.897
18.9667 1.792
18.9833 1.691
19.0 1.592
19.0167 1.495
19.0333 1.4
19.05 1.308
19.0667 1.219
19.0833 1.132
19.1 1.048
19.1167 0.9673
19.1333 0.8895
19.15 0.8151
19.1667 0.7444
19.1833 0.6778
19.2 0.6056
19.2167 0.5363
19.2333 0.4777
19.25 0.4281
19.2667 0.3863
19.2833 0.3303
19.3 0.2953
19.3167 0.2508
19.3333 0.2141
19.35 0.1827
19.3667 0.1551
19.3833 0.1302
19.4 0.1081
19.4167 0.08939
19.4333 0.07381
19.45 0.06001
19.4667 0.04831
19.4833 0.03891
19.5 0.03107
19.5167 0.02447
19.5333 0.01925
19.55 0.01509
19.5667 0.01172
19.5833 0.009016
19.6 0.00688
19.6167 0.005216
19.6333 0.003913
19.65 0.002831
19.6667 0.002066
19.6833 0.00144
19.7 0.0009875
19.7167 0.0006656
19.7333 0.0004338
19.75 0.0002632
19.7667 0.000144
19.7833 6.351e-05
19.8 1.904e-05
19.8167 2.75e-06
19.8333 2.28e-07
19.85 5.337e-09
19.8667 4.288e-11
19.8833 2.472e-14
19.9 0.0
19.9167 0.0
19.9333 0.0
19.95 0.0
19.9667 0.0
19.9833 0.0
20.0 0.0
20.0167 0.0
20.0333 0.0
20.05 0.0
20.0667 0.0
20.0833 0.0
20.1 0.0
20.1167 0.0
20.1333 0.0
20.15 0.0
20.1667 0.0
20.1833 0.0
20.2 0.0
20.2167 0.0
20.2333 0.0
20.25 0.0
20.2667 0.0
20.2833 0.0
20.3 0.0
20.3167 0.0
20.3333 0.0
20.35 0.0
20.3667 0.0
20.3833 0.0
20.4 0.0
20.4167 0.0
20.4333 0.0
20.45 0.0
20.4667 0.0
20.4833 0.0
20.5 0.0
20.5167 0.0
20.5333 0.0
20.55 0.0
20.5667 0.0
20.5833 0.0
20.6 0.0
20.6167 0.0
20.6333 0.0
20.65 0.0
20.6667 0.0
20.6833 0.0
20.7 0.0
20.7167 0.0
20.7333 0.0
20.75 0.0
20.7667 0.0
20.7833 0.0
20.8 0.0
20.8167 0.0
20.8333 0.0
20.85 0.0
20.8667 0.0
20.8833 0.0
20.9 0.0
20.9167 0.0
20.9333 0.0
20.95 0.0
20.9667 0.0
20.9833 0.0
21.0 0.0
21.0167 0.0
21.0333 0.0
21.05 0.0
21.0667 0.0
21.0833 0.0
21.1 0.0
21.1167 0.0
21.1333 0.0
21.15 0.0
21.1667 0.0
21.1833 0.0
21.2 0.0
21.2167 0.0
21.2333 0.0
21.25 0.0
21.2667 0.0
21.2833 0.0
21.3 0.0
21.3167 0.0
21.3333 0.0
21.35 0.0
21.3667 0.0
21.3833 0.0
21.4 0.0
21.4167 0.0
21.4333 0.0
21.45 0.0
21.4667 0.0
21.4833 0.0
21.5 0.0
21.5167 0.0
21.5333 0.0
21.55 0.0
21.5667 0.0
21.5833 0.0
21.6 0.0
21.6167 0.0
21.6333 0.0
21.65 0.0
21.6667 0.0
21.6833 0.0
21.7 0.0
21.7167 0.0
21.7333 0.0
21.75 0.0
21.7667 0.0
21.7833 0.0
21.8 0.0
21.8167 0.0
21.8333 0.0
21.85 0.0
21.8667 0.0
21.8833 0.0
21.9 0.0
21.9167 0.0
21.9333 0.0
21.95 0.0
21.9667 0.0
21.9833 0.0
22.0 0.0
22.0167 0.0
22.0333 0.0
22.05 0.0
22.0667 0.0
22.0833 0.0
22.1 0.0
22.1167 0.0
22.1333 0.0
22.15 0.0
22.1667 0.0
22.1833 0.0
22.2 0.0
22.2167 0.0
22.2333 0.0
22.25 0.0
22.2667 0.0
22.2833 0.0
22.3 0.0
22.3167 0.0
22.3333 0.0
22.35 0.0
22.3667 0.0
22.3833 0.0
22.4 0.0
22.4167 0.0
22.4333 0.0
22.45 0.0
22.4667 0.0
22.4833 0.0
22.5 0.0
22.5167 0.0
22.5333 0.0
22.55 0.0
22.5667 0.0
22.5833 0.0
22.6 0.0
22.6167 0.0
22.6333 0.0
22.65 0.0
22.6667 0.0
22.6833 0.0
22.7 0.0
22.7167 0.0
22.7333 0.0
22.75 0.0
22.7667 0.0
22.7833 0.0
22.8 0.0
22.8167 0.0
22.8333 0.0
22.85 0.0
22.8667 0.0
22.8833 0.0
22.9 0.0
22.9167 0.0
22.9333 0.0
22.95 0.0
22.9667 0.0
22.9833 0.0
23.0 0.0
23.0167 0.0
23.0333 0.0
23.05 0.0
23.0667 0.0
23.0833 0.0
23.1 0.0
23.1167 0.0
23.1333 0.0
23.15 0.0
23.1667 0.0
23.1833 0.0
23.2 0.0
23.2167 0.0
23.2333 0.0
23.25 0.0
23.2667 0.0
23.2833 0.0
23.3 0.0
23.3167 0.0
23.3333 0.0
23.35 0.0
23.3667 0.0
23.3833 0.0
23.4 0.0
23.4167 0.0
23.4333 0.0
23.45 0.0
23.4667 0.0
23.4833 0.0
23.5 0.0
23.5167 0.0
23.5333 0.0
23.55 0.0
23.5667 0.0
23.5833 0.0
23.6 0.0
23.6167 0.0
23.6333 0.0
23.65 0.0
23.6667 0.0
23.6833 0.0
23.7 0.0
23.7167 0.0
23.7333 0.0
23.75 0.0
23.7667 0.0
23.7833 0.0
23.8 0.0
23.8167 0.0
23.8333 0.0
23.85 0.0
23.8667 0.0
23.8833 0.0
23.9 0.0
23.9167 0.0
23.9333 0.0
23.95 0.0
23.9667 0.0
23.9833 0.0
