0.0 0.0
0.0167 0.0
0.0333 0.0
0.05 0.0
0.0667 0.0
0.0833 0.0
0.1 0.0
0.1167 0.0
0.1333 0.0
0.15 0.0
0.1667 0.0
0.1833 0.0
0.2 0.0
0.2167 0.0
0.2333 0.0
0.25 0.0
0.2667 0.0
0.2833 0.0
0.3 0.0
0.3167 0.0
0.3333 0.0
0.35 0.0
0.3667 0.0
0.3833 0.0
0.4 0.0
0.4167 0.0
0.4333 0.0
0.45 0.0
0.4667 0.0
0.4833 0.0
0.5 0.0
0.5167 0.0
0.5333 0.0
0.55 0.0
0.5667 0.0
0.5833 0.0
0.6 0.0
0.6167 0.0
0.6333 0.0
0.65 0.0
0.6667 0.0
0.6833 0.0
0.7 0.0
0.7167 0.0
0.7333 0.0
0.75 0.0
0.7667 0.0
0.7833 0.0
0.8 0.0
0.8167 0.0
0.8333 0.0
0.85 0.0
0.8667 0.0
0.8833 0.0
0.9 0.0
0.9167 0.0
0.9333 0.0
0.95 0.0
0.9667 0.0
0.9833 0.0
1.0 0.0
1.0167 0.0
1.0333 0.0
1.05 0.0
1.0667 0.0
1.0833 0.0
1.1 0.0
1.1167 0.0
1.1333 0.0
1.15 0.0
1.1667 0.0
1.1833 0.0
1.2 0.0
1.2167 0.0
1.2333 0.0
1.25 0.0
1.2667 0.0
1.2833 0.0
1.3 0.0
1.3167 0.0
1.3333 0.0
1.35 0.0
1.3667 0.0
1.3833 0.0
1.4 0.0
1.4167 0.0
1.4333 0.0
1.45 0.0
1.4667 0.0
1.4833 0.0
1.5 0.0
1.5167 0.0
1.5333 0.0
1.55 0.0
1.5667 0.0
1.5833 0.0
1.6 0.0
1.6167 0.0
1.6333 0.0
1.65 0.0
1.6667 0.0
1.6833 0.0
1.7 0.0
1.7167 0.0
1.7333 0.0
1.75 0.0
1.7667 0.0
1.7833 0.0
1.8 0.0
1.8167 0.0
1.8333 0.0
1.85 0.0
1.8667 0.0
1.8833 0.0
1.9 0.0
1.9167 0.0
1.9333 0.0
1.95 0.0
1.9667 0.0
1.9833 0.0
2.0 0.0
2.0167 0.0
2.0333 0.0
2.05 0.0
2.0667 0.0
2.0833 0.0
2.1 0.0
2.1167 0.0
2.1333 0.0
2.15 0.0
2.1667 0.0
2.1833 0.0
2.2 0.0
2.2167 0.0
2.2333 0.0
2.25 0.0
2.2667 0.0
2.2833 0.0
2.3 0.0
2.3167 0.0
2.3333 0.0
2.35 0.0
2.3667 0.0
2.3833 0.0
2.4 0.0
2.4167 0.0
2.4333 0.0
2.45 0.0
2.4667 0.0
2.4833 0.0
2.5 0.0
2.5167 0.0
2.5333 0.0
2.55 0.0
2.5667 0.0
2.5833 0.0
2.6 0.0
2.6167 0.0
2.6333 0.0
2.65 0.0
2.6667 0.0
2.6833 0.0
2.7 0.0
2.7167 0.0
2.7333 0.0
2.75 0.0
2.7667 0.0
2.7833 0.0
2.8 0.0
2.8167 0.0
2.8333 0.0
2.85 0.0
2.8667 0.0
2.8833 0.0
2.9 0.0
2.9167 0.0
2.9333 0.0
2.95 0.0
2.9667 0.0
2.9833 0.0
3.0 0.0
3.0167 0.0
3.0333 0.0
3.05 0.0
3.0667 0.0
3.0833 0.0
3.1 0.0
3.1167 0.0
3.1333 0.0
3.15 0.0
3.1667 0.0
3.1833 0.0
3.2 0.0
3.2167 0.0
3.2333 0.0
3.25 0.0
3.2667 0.0
3.2833 0.0
3.3 0.0
3.3167 0.0
3.3333 0.0
3.35 0.0
3.3667 0.0
3.3833 0.0
3.4 0.0
3.4167 0.0
3.4333 0.0
3.45 0.0
3.4667 0.0
3.4833 0.0
3.5 0.0
3.5167 0.0
3.5333 0.0
3.55 0.0
3.5667 0.0
3.5833 0.0
3.6 0.0
3.6167 0.0
3.6333 0.0
3.65 0.0
3.6667 0.0
3.6833 0.0
3.7 0.0
3.7167 0.0
3.7333 0.0
3.75 0.0
3.7667 0.0
3.7833 0.0
3.8 0.0
3.8167 0.0
3.8333 0.0
3.85 0.0
3.8667 0.0
3.8833 0.0
3.9 0.0
3.9167 0.0
3.9333 0.0
3.95 0.0
3.9667 0.0
3.9833 0.0
4.0 0.0
4.0167 0.0
4.0333 0.0
4.05 0.0
4.0667 0.0
4.0833 0.0
4.1 0.0
4.1167 0.0
4.1333 0.0
4.15 0.0
4.1667 0.0
4.1833 0.0
4.2 0.0
4.2167 0.0
4.2333 0.0
4.25 0.0
4.2667 0.0
4.2833 0.0
4.3 0.0
4.3167 0.0
4.3333 0.0
4.35 0.0
4.3667 0.0
4.3833 0.0
4.4 0.0
4.4167 0.0
4.4333 0.0
4.45 0.0
4.4667 0.0
4.4833 0.0
4.5 0.0
4.5167 0.0
4.5333 0.0
4.55 0.0
4.5667 0.0
4.5833 0.0
4.6 0.0
4.6167 0.0
4.6333 0.0
4.65 0.0
4.6667 0.0
4.6833 0.0
4.7 0.0
4.7167 0.0
4.7333 0.0
4.75 0.0
4.7667 0.0
4.7833 0.0
4.8 0.0
4.8167 0.0
4.8333 0.0
4.85 0.0
4.8667 0.0
4.8833 0.0
4.9 0.0
4.9167 0.0
4.9333 0.0
4.95 0.0
4.9667 0.0
4.9833 0.0
5.0 0.0
5.0167 0.0
5.0333 0.0
5.05 0.0
5.0667 0.0
5.0833 0.0
5.1 0.0
5.1167 0.0
5.1333 0.0
5.15 0.0
5.1667 0.0
5.1833 0.0
5.2 0.0
5.2167 0.0
5.2333 0.0
5.25 0.0
5.2667 0.0
5.2833 0.0
5.3 0.0
5.3167 0.0
5.3333 0.0
5.35 0.0
5.3667 0.0
5.3833 0.0
5.4 0.0
5.4167 0.0
5.4333 0.0
5.45 0.0
5.4667 1.563e-13
5.4833 1.023e-10
5.5 1.255e-08
5.5167 3.759e-07
5.5333 4.624e-06
5.55 2.663e-05
5.5667 7.781e-05
5.5833 0.0001655
5.6 0.000297
5.6167 0.0004827
5.6333 0.0007425
5.65 0.001106
5.6667 0.001614
5.6833 0.002261
5.7 0.003149
5.7167 0.004268
5.7333 0.005794
5.75 0.007612
5.7667 0.009932
5.7833 0.01287
5.8 0.01657
5.8167 0.02122
5.8333 0.02709
5.85 0.03432
5.8667 0.04251
5.8833 0.05365
5.9 0.06546
5.9167 0.08051
5.9333 0.09909
5.95 0.119
5.9667 0.1422
5.9833 0.1692
6.0 0.2004
6.0167 0.2372
6.0333 0.2686
6.05 0.3126
6.0667 0.3547
6.0833 0.4084
6.1 0.4547
6.1167 0.5097
6.1333 0.5748
6.15 0.6514
6.1667 0.7168
6.1833 0.7866
6.2 0.8602
6.2167 0.9374
6.2333 1.018
6.25 1.101
6.2667 1.188
6.2833 1.277
6.3 1.369
6.3167 1.463
6.3333 1.56
6.35 1.66
6.3667 1.762
6.3833 1.866
6.4 1.972
6.4167 2.081
6.4333 2.192
6.45 2.305
6.4667 2.421
6.4833 2.539
6.5 2.659
6.5167 2.781
6.5333 2.905
6.55 3.032
6.5667 3.161
6.5833 3.292
6.6 3.425
6.6167 3.561
6.6333 3.699
6.65 3.839
6.6667 3.981
6.6833 4.126
6.7 4.273
6.7167 4.422
6.7333 4.573
6.75 4.726
6.7667 4.882
6.7833 5.04
6.8 5.2
6.8167 5.362
6.8333 5.526
6.85 5.692
6.8667 5.861
6.8833 6.031
6.9 6.204
6.9167 6.378
6.9333 6.555
6.95 6.733
6.9667 6.913
6.9833 7.096
7.0 7.279
7.0167 7.465
7.0333 7.653
7.05 7.843
7.0667 8.034
7.0833 8.227
7.1 8.421
7.1167 8.618
7.1333 8.816
7.15 9.015
7.1667 9.216
7.1833 9.419
7.2 9.623
7.2167 9.829
7.2333 10.04
7.25 10.24
7.2667 10.45
7.2833 10.66
7.3 10.88
7.3167 11.09
7.3333 11.31
7.35 11.52
7.3667 11.74
7.3833 11.96
7.4 12.18
7.4167 12.4
7.4333 12.62
7.45 12.84
7.4667 13.07
7.4833 13.29
7.5 13.52
7.5167 13.75
7.5333 13.97
7.55 14.2
7.5667 14.43
7.5833 14.66
7.6 14.89
7.6167 15.13
7.6333 15.36
7.65 15.59
7.6667 15.83
7.6833 16.06
7.7 16.3
7.7167 16.54
7.7333 16.77
7.75 17.01
7.7667 17.25
7.7833 17.49
7.8 17.73
7.8167 17.97
7.8333 18.21
7.85 18.45
7.8667 18.69
7.8833 18.93
7.9 19.18
7.9167 19.42
7.9333 19.66
7.95 19.91
7.9667 20.15
7.9833 20.39
8.0 20.64
8.0167 20.88
8.0333 21.13
8.05 21.37
8.0667 21.62
8.0833 21.87
8.1 22.11
8.1167 22.36
8.1333 22.61
8.15 22.85
8.1667 23.1
8.1833 23.35
8.2 23.59
8.2167 23.84
8.2333 24.09
8.25 24.34
8.2667 24.58
8.2833 24.83
8.3 25.08
8.3167 25.33
8.3333 25.57
8.35 25.82
8.3667 26.07
8.3833 26.32
8.4 26.57
8.4167 26.81
8.4333 27.06
8.45 27.31
8.4667 27.55
8.4833 27.8
8.5 28.05
8.5167 28.3
8.5333 28.54
8.55 28.79
8.5667 29.04
8.5833 29.28
8.6 29.53
8.6167 29.77
8.6333 30.02
8.65 30.26
8.6667 30.51
8.6833 30.75
8.7 31.0
8.7167 31.24
8.7333 31.49
8.75 31.73
8.7667 31.97
8.7833 32.22
8.8 32.46
8.8167 32.7
8.8333 32.94
8.85 33.19
8.8667 33.43
8.8833 33.67
8.9 33.91
8.9167 34.15
8.9333 34.39
8.95 34.63
8.9667 34.87
8.9833 35.1
9.0 35.34
9.0167 35.58
9.0333 35.82
9.05 36.05
9.0667 36.29
9.0833 36.52
9.1 36.76
9.1167 36.99
9.1333 37.23
9.15 37.46
9.1667 37.69
9.1833 37.93
9.2 38.16
9.2167 38.39
9.2333 38.62
9.25 38.85
9.2667 39.08
9.2833 39.31
9.3 39.53
9.3167 39.76
9.3333 39.99
9.35 40.22
9.3667 40.44
9.3833 40.67
9.4 40.89
9.4167 41.11
9.4333 41.34
9.45 41.56
9.4667 41.78
9.4833 42.0
9.5 42.22
9.5167 42.44
9.5333 42.66
9.55 42.88
9.5667 43.1
9.5833 43.31
9.6 43.53
9.6167 43.74
9.6333 43.96
9.65 44.17
9.6667 44.38
9.6833 44.6
9.7 44.81
9.7167 45.02
9.7333 45.23
9.75 45.43
9.7667 45.64
9.7833 45.85
9.8 46.06
9.8167 46.26
9.8333 46.47
9.85 46.67
9.8667 46.87
9.8833 47.08
9.9 47.28
9.9167 47.48
9.9333 47.68
9.95 47.87
9.9667 48.07
9.9833 48.27
10.0 48.46
10.0167 48.66
10.0333 48.85
10.05 49.05
10.0667 49.24
10.0833 49.43
10.1 49.62
10.1167 49.81
10.1333 50.0
10.15 50.19
10.1667 50.37
10.1833 50.56
10.2 50.74
10.2167 50.93
10.2333 51.11
10.25 51.29
10.2667 51.47
10.2833 51.65
10.3 51.83
10.3167 52.01
10.3333 52.18
10.35 52.36
10.3667 52.53
10.3833 52.71
10.4 52.88
10.4167 53.05
10.4333 53.22
10.45 53.39
10.4667 53.56
10.4833 53.73
10.5 53.9
10.5167 54.06
10.5333 54.22
10.55 54.39
10.5667 54.55
10.5833 54.71
10.6 54.87
10.6167 55.03
10.6333 55.19
10.65 55.34
10.6667 55.5
10.6833 55.65
10.7 55.81
10.7167 55.96
10.7333 56.11
10.75 56.26
10.7667 56.41
10.7833 56.56
10.8 56.7
10.8167 56.85
10.8333 56.99
10.85 57.14
10.8667 57.28
10.8833 57.42
10.9 57.56
10.9167 57.7
10.9333 57.84
10.95 57.97
10.9667 58.11
10.9833 58.24
11.0 58.37
11.0167 58.51
11.0333 58.64
11.05 58.76
11.0667 58.89
11.0833 59.02
11.1 59.15
11.1167 59.27
11.1333 59.39
11.15 59.51
11.1667 59.64
11.1833 59.76
11.2 59.87
11.2167 59.99
11.2333 60.11
11.25 60.22
11.2667 60.33
11.2833 60.45
11.3 60.56
11.3167 60.67
11.3333 60.78
11.35 60.88
11.3667 60.99
11.3833 61.09
11.4 61.2
11.4167 61.3
11.4333 61.4
11.45 61.5
11.4667 61.6
11.4833 61.7
11.5 61.79
11.5167 61.89
11.5333 61.98
11.55 62.07
11.5667 62.16
11.5833 62.25
11.6 62.34
11.6167 62.43
11.6333 62.52
11.65 62.6
11.6667 62.68
11.6833 62.77
11.7 62.84
11.7167 62.92
11.7333 63.0
11.75 63.08
11.7667 63.16
11.7833 63.23
11.8 63.3
11.8167 63.37
11.8333 63.44
11.85 63.51
11.8667 63.58
11.8833 63.65
11.9 63.71
11.9167 63.78
11.9333 63.84
11.95 63.9
11.9667 63.96
11.9833 64.02
12.0 64.07
12.0167 64.13
12.0333 64.18
12.05 64.24
12.0667 64.29
12.0833 64.34
12.1 64.39
12.1167 64.44
12.1333 64.48
12.15 64.53
12.1667 64.57
12.1833 64.61
12.2 64.66
12.2167 64.7
12.2333 64.73
12.25 64.77
12.2667 64.81
12.2833 64.84
12.3 64.88
12.3167 64.91
12.3333 64.94
12.35 64.97
12.3667 64.99
12.3833 65.02
12.4 65.05
12.4167 65.07
12.4333 65.09
12.45 65.11
12.4667 65.13
12.4833 65.15
12.5 65.17
12.5167 65.18
12.5333 65.2
12.55 65.21
12.5667 65.22
12.5833 65.23
12.6 65.24
12.6167 65.25
12.6333 65.25
12.65 65.26
12.6667 65.26
12.6833 65.27
12.7 65.27
12.7167 65.27
12.7333 65.26
12.75 65.26
12.7667 65.26
12.7833 65.25
12.8 65.24
12.8167 65.23
12.8333 65.22
12.85 65.21
12.8667 65.2
12.8833 65.18
12.9 65.17
12.9167 65.15
12.9333 65.13
12.95 65.11
12.9667 65.09
12.9833 65.07
13.0 65.05
13.0167 65.02
13.0333 65.0
13.05 64.97
13.0667 64.94
13.0833 64.91
13.1 64.88
13.1167 64.85
13.1333 64.81
13.15 64.78
13.1667 64.74
13.1833 64.7
13.2 64.66
13.2167 64.62
13.2333 64.58
13.25 64.53
13.2667 64.49
13.2833 64.44
13.3 64.39
13.3167 64.34
13.3333 64.29
13.35 64.24
13.3667 64.19
13.3833 64.14
13.4 64.08
13.4167 64.02
13.4333 63.96
13.45 63.91
13.4667 63.84
13.4833 63.78
13.5 63.72
13.5167 63.65
13.5333 63.59
13.55 63.52
13.5667 63.45
13.5833 63.38
13.6 63.31
13.6167 63.24
13.6333 63.16
13.65 63.09
13.6667 63.01
13.6833 62.93
13.7 62.85
13.7167 62.77
13.7333 62.69
13.75 62.61
13.7667 62.52
13.7833 62.44
13.8 62.35
13.8167 62.26
13.8333 62.17
13.85 62.08
13.8667 61.99
13.8833 61.9
13.9 61.8
13.9167 61.71
13.9333 61.61
13.95 61.51
13.9667 61.41
13.9833 61.31
14.0 61.21
14.0167 61.1
14.0333 61.0
14.05 60.89
14.0667 60.79
14.0833 60.68
14.1 60.57
14.1167 60.46
14.1333 60.35
14.15 60.23
14.1667 60.12
14.1833 60.0
14.2 59.88
14.2167 59.77
14.2333 59.65
14.25 59.53
14.2667 59.4
14.2833 59.28
14.3 59.16
14.3167 59.03
14.3333 58.9
14.35 58.78
14.3667 58.65
14.3833 58.52
14.4 58.39
14.4167 58.25
14.4333 58.12
14.45 57.98
14.4667 57.85
14.4833 57.71
14.5 57.57
14.5167 57.43
14.5333 57.29
14.55 57.15
14.5667 57.01
14.5833 56.86
14.6 56.72
14.6167 56.57
14.6333 56.42
14.65 56.27
14.6667 56.12
14.6833 55.97
14.7 55.82
14.7167 55.67
14.7333 55.51
14.75 55.36
14.7667 55.2
14.7833 55.04
14.8 54.88
14.8167 54.72
14.8333 54.56
14.85 54.4
14.8667 54.24
14.8833 54.07
14.9 53.91
14.9167 53.74
14.9333 53.58
14.95 53.41
14.9667 53.24
14.9833 53.07
15.0 52.9
15.0167 52.72
15.0333 52.55
15.05 52.38
15.0667 52.2
15.0833 52.02
15.1 51.84
15.1167 51.67
15.1333 51.49
15.15 51.31
15.1667 51.12
15.1833 50.94
15.2 50.76
15.2167 50.57
15.2333 50.39
15.25 50.2
15.2667 50.01
15.2833 49.83
15.3 49.64
15.3167 49.45
15.3333 49.25
15.35 49.06
15.3667 48.87
15.3833 48.68
15.4 48.48
15.4167 48.28
15.4333 48.09
15.45 47.89
15.4667 47.69
15.4833 47.49
15.5 47.29
15.5167 47.09
15.5333 46.89
15.55 46.69
15.5667 46.48
15.5833 46.28
15.6 46.07
15.6167 45.87
15.6333 45.66
15.65 45.45
15.6667 45.24
15.6833 45.03
15.7 44.82
15.7167 44.61
15.7333 44.4
15.75 44.19
15.7667 43.97
15.7833 43.76
15.8 43.54
15.8167 43.33
15.8333 43.11
15.85 42.89
15.8667 42.68
15.8833 42.46
15.9 42.24
15.9167 42.02
15.9333 41.8
15.95 41.57
15.9667 41.35
15.9833 41.13
16.0 40.91
16.0167 40.68
16.0333 40.46
16.05 40.23
16.0667 40.0
16.0833 39.78
16.1 39.55
16.1167 39.32
16.1333 39.09
16.15 38.86
16.1667 38.63
16.1833 38.4
16.2 38.17
16.2167 37.94
16.2333 37.71
16.25 37.48
16.2667 37.24
16.2833 37.01
16.3 36.77
16.3167 36.54
16.3333 36.3
16.35 36.07
16.3667 35.83
16.3833 35.59
16.4 35.36
16.4167 35.12
16.4333 34.88
16.45 34.64
16.4667 34.4
16.4833 34.16
16.5 33.92
16.5167 33.68
16.5333 33.44
16.55 33.2
16.5667 32.96
16.5833 32.72
16.6 32.47
16.6167 32.23
16.6333 31.99
16.65 31.74
16.6667 31.5
16.6833 31.26
16.7 31.01
16.7167 30.77
16.7333 30.52
16.75 30.28
16.7667 30.03
16.7833 29.79
16.8 29.54
16.8167 29.29
16.8333 29.05
16.85 28.8
16.8667 28.55
16.8833 28.31
16.9 28.06
16.9167 27.81
16.9333 27.57
16.95 27.32
16.9667 27.07
16.9833 26.82
17.0 26.58
17.0167 26.33
17.0333 26.08
17.05 25.83
17.0667 25.59
17.0833 25.34
17.1 25.09
17.1167 24.84
17.1333 24.59
17.15 24.35
17.1667 24.1
17.1833 23.85
17.2 23.6
17.2167 23.36
17.2333 23.11
17.25 22.86
17.2667 22.62
17.2833 22.37
17.3 22.12
17.3167 21.88
17.3333 21.63
17.35 21.38
17.3667 21.14
17.3833 20.89
17.4 20.65
17.4167 20.4
17.4333 20.16
17.45 19.91
17.4667 19.67
17.4833 19.43
17.5 19.18
17.5167 18.94
17.5333 18.7
17.55 18.46
17.5667 18.22
17.5833 17.98
17.6 17.74
17.6167 17.5
17.6333 17.26
17.65 17.02
17.6667 16.78
17.6833 16.54
17.7 16.31
17.7167 16.07
17.7333 15.83
17.75 15.6
17.7667 15.37
17.7833 15.13
17.8 14.9
17.8167 14.67
17.8333 14.44
17.85 14.21
17.8667 13.98
17.8833 13.75
17.9 13.52
17.9167 13.3
17.9333 13.07
17.95 12.85
17.9667 12.63
17.9833 12.4
18.0 12.18
18.0167 11.96
18.0333 11.74
18.05 11.53
18.0667 11.31
18.0833 11.09
18.1 10.88
18.1167 10.67
18.1333 10.46
18.15 10.25
18.1667 10.04
18.1833 9.831
18.2 9.625
18.2167 9.421
18.2333 9.218
18.25 9.017
18.2667 8.817
18.2833 8.619
18.3 8.423
18.3167 8.228
18.3333 8.035
18.35 7.844
18.3667 7.654
18.3833 7.466
18.4 7.28
18.4167 7.096
18.4333 6.914
18.45 6.733
18.4667 6.555
18.4833 6.378
18.5 6.203
18.5167 6.031
18.5333 5.86
18.55 5.692
18.5667 5.525
18.5833 5.361
18.6 5.199
18.6167 5.039
18.6333 4.881
18.65 4.725
18.6667 4.572
18.6833 4.42
18.7 4.271
18.7167 4.124
18.7333 3.98
18.75 3.837
18.7667 3.697
18.7833 3.559
18.8 3.423
18.8167 3.29
18.8333 3.159
18.85 3.03
18.8667 2.903
18.8833 2.779
18.9 2.656
18.9167 2.536
18.9333 2.419
18.95 2.303
18.9667 2.19
18.9833 2.079
19.0 1.97
19.0167 1.863
19.0333 1.759
19.05 1.657
19.0667 1.558
19.0833 1.461
19.1 1.366
19.1167 1.274
19.1333 1.185
19.15 1.099
19.1667 1.015
19.1833 0.9347
19.2 0.8576
19.2167 0.784
19.2333 0.7144
19.25 0.6483
19.2667 0.572
19.2833 0.5073
19.3 0.4527
19.3167 0.4066
19.3333 0.3526
19.35 0.3111
19.3667 0.2669
19.3833 0.2334
19.4 0.1993
19.4167 0.1681
19.4333 0.1413
19.45 0.1181
19.4667 0.09841
19.4833 0.07949
19.5 0.06485
19.5167 0.05323
19.5333 0.04206
19.55 0.03358
19.5667 0.02682
19.5833 0.02098
19.6 0.01637
19.6167 0.01271
19.6333 0.009802
19.65 0.007513
19.6667 0.005688
19.6833 0.004188
19.7 0.003101
19.7167 0.002211
19.7333 0.001585
19.75 0.001083
19.7667 0.0007231
19.7833 0.000467
19.8 0.0002854
19.8167 0.0001579
19.8333 7.344e-05
19.85 2.461e-05
19.8667 3.751e-06
19.8833 3.059e-07
19.9 9.832e-09
19.9167 6.816e-11
19.9333 5.58e-14
19.95 0.0
19.9667 0.0
19.9833 0.0
20.0 0.0
20.0167 0.0
20.0333 0.0
20.05 0.0
20.0667 0.0
20.0833 0.0
20.1 0.0
20.1167 0.0
20.1333 0.0
20.15 0.0
20.1667 0.0
20.1833 0.0
20.2 0.0
20.2167 0.0
20.2333 0.0
20.25 0.0
20.2667 0.0
20.2833 0.0
20.3 0.0
20.3167 0.0
20.3333 0.0
20.35 0.0
20.3667 0.0
20.3833 0.0
20.4 0.0
20.4167 0.0
20.4333 0.0
20.45 0.0
20.4667 0.0
20.4833 0.0
20.5 0.0
20.5167 0.0
20.5333 0.0
20.55 0.0
20.5667 0.0
20.5833 0.0
20.6 0.0
20.6167 0.0
20.6333 0.0
20.65 0.0
20.6667 0.0
20.6833 0.0
20.7 0.0
20.7167 0.0
20.7333 0.0
20.75 0.0
20.7667 0.0
20.7833 0.0
20.8 0.0
20.8167 0.0
20.8333 0.0
20.85 0.0
20.8667 0.0
20.8833 0.0
20.9 0.0
20.9167 0.0
20.9333 0.0
20.95 0.0
20.9667 0.0
20.9833 0.0
21.0 0.0
21.0167 0.0
21.0333 0.0
21.05 0.0
21.0667 0.0
21.0833 0.0
21.1 0.0
21.1167 0.0
21.1333 0.0
21.15 0.0
21.1667 0.0
21.1833 0.0
21.2 0.0
21.2167 0.0
21.2333 0.0
21.25 0.0
21.2667 0.0
21.2833 0.0
21.3 0.0
21.3167 0.0
21.3333 0.0
21.35 0.0
21.3667 0.0
21.3833 0.0
21.4 0.0
21.4167 0.0
21.4333 0.0
21.45 0.0
21.4667 0.0
21.4833 0.0
21.5 0.0
21.5167 0.0
21.5333 0.0
21.55 0.0
21.5667 0.0
21.5833 0.0
21.6 0.0
21.6167 0.0
21.6333 0.0
21.65 0.0
21.6667 0.0
21.6833 0.0
21.7 0.0
21.7167 0.0
21.7333 0.0
21.75 0.0
21.7667 0.0
21.7833 0.0
21.8 0.0
21.8167 0.0
21.8333 0.0
21.85 0.0
21.8667 0.0
21.8833 0.0
21.9 0.0
21.9167 0.0
21.9333 0.0
21.95 0.0
21.9667 0.0
21.9833 0.0
22.0 0.0
22.0167 0.0
22.0333 0.0
22.05 0.0
22.0667 0.0
22.0833 0.0
22.1 0.0
22.1167 0.0
22.1333 0.0
22.15 0.0
22.1667 0.0
22.1833 0.0
22.2 0.0
22.2167 0.0
22.2333 0.0
22.25 0.0
22.2667 0.0
22.2833 0.0
22.3 0.0
22.3167 0.0
22.3333 0.0
22.35 0.0
22.3667 0.0
22.3833 0.0
22.4 0.0
22.4167 0.0
22.4333 0.0
22.45 0.0
22.4667 0.0
22.4833 0.0
22.5 0.0
22.5167 0.0
22.5333 0.0
22.55 0.0
22.5667 0.0
22.5833 0.0
22.6 0.0
22.6167 0.0
22.6333 0.0
22.65 0.0
22.6667 0.0
22.6833 0.0
22.7 0.0
22.7167 0.0
22.7333 0.0
22.75 0.0
22.7667 0.0
22.7833 0.0
22.8 0.0
22.8167 0.0
22.8333 0.0
22.85 0.0
22.8667 0.0
22.8833 0.0
22.9 0.0
22.9167 0.0
22.9333 0.0
22.95 0.0
22.9667 0.0
22.9833 0.0
23.0 0.0
23.0167 0.0
23.0333 0.0
23.05 0.0
23.0667 0.0
23.0833 0.0
23.1 0.0
23.1167 0.0
23.1333 0.0
23.15 0.0
23.1667 0.0
23.1833 0.0
23.2 0.0
23.2167 0.0
23.2333 0.0
23.25 0.0
23.2667 0.0
23.2833 0.0
23.3 0.0
23.3167 0.0
23.3333 0.0
23.35 0.0
23.3667 0.0
23.3833 0.0
23.4 0.0
23.4167 0.0
23.4333 0.0
23.45 0.0
23.4667 0.0
23.4833 0.0
23.5 0.0
23.5167 0.0
23.5333 0.0
23.55 0.0
23.5667 0.0
23.5833 0.0
23.6 0.0
23.6167 0.0
23.6333 0.0
23.65 0.0
23.6667 0.0
23.6833 0.0
23.7 0.0
23.7167 0.0
23.7333 0.0
23.75 0.0
23.7667 0.0
23.7833 0.0
23.8 0.0
23.8167 0.0
23.8333 0.0
23.85 0.0
23.8667 0.0
23.8833 0.0
23.9 0.0
23.9167 0.0
23.9333 0.0
23.95 0.0
23.9667 0.0
23.9833 0.0
