0.0 0.0
0.0167 0.0
0.0333 0.0
0.05 0.0
0.0667 0.0
0.0833 0.0
0.1 0.0
0.1167 0.0
0.1333 0.0
0.15 0.0
0.1667 0.0
0.1833 0.0
0.2 0.0
0.2167 0.0
0.2333 0.0
0.25 0.0
0.2667 0.0
0.2833 0.0
0.3 0.0
0.3167 0.0
0.3333 0.0
0.35 0.0
0.3667 0.0
0.3833 0.0
0.4 0.0
0.4167 0.0
0.4333 0.0
0.45 0.0
0.4667 0.0
0.4833 0.0
0.5 0.0
0.5167 0.0
0.5333 0.0
0.55 0.0
0.5667 0.0
0.5833 0.0
0.6 0.0
0.6167 0.0
0.6333 0.0
0.65 0.0
0.6667 0.0
0.6833 0.0
0.7 0.0
0.7167 0.0
0.7333 0.0
0.75 0.0
0.7667 0.0
0.7833 0.0
0.8 0.0
0.8167 0.0
0.8333 0.0
0.85 0.0
0.8667 0.0
0.8833 0.0
0.9 0.0
0.9167 0.0
0.9333 0.0
0.95 0.0
0.9667 0.0
0.9833 0.0
1.0 0.0
1.0167 0.0
1.0333 0.0
1.05 0.0
1.0667 0.0
1.0833 0.0
1.1 0.0
1.1167 0.0
1.1333 0.0
1.15 0.0
1.1667 0.0
1.1833 0.0
1.2 0.0
1.2167 0.0
1.2333 0.0
1.25 0.0
1.2667 0.0
1.2833 0.0
1.3 0.0
1.3167 0.0
1.3333 0.0
1.35 0.0
1.3667 0.0
1.3833 0.0
1.4 0.0
1.4167 0.0
1.4333 0.0
1.45 0.0
1.4667 0.0
1.4833 0.0
1.5 0.0
1.5167 0.0
1.5333 0.0
1.55 0.0
1.5667 0.0
1.5833 0.0
1.6 0.0
1.6167 0.0
1.6333 0.0
1.65 0.0
1.6667 0.0
1.6833 0.0
1.7 0.0
1.7167 0.0
1.7333 0.0
1.75 0.0
1.7667 0.0
1.7833 0.0
1.8 0.0
1.8167 0.0
1.8333 0.0
1.85 0.0
1.8667 0.0
1.8833 0.0
1.9 0.0
1.9167 0.0
1.9333 0.0
1.95 0.0
1.9667 0.0
1.9833 0.0
2.0 0.0
2.0167 0.0
2.0333 0.0
2.05 0.0
2.0667 0.0
2.0833 0.0
2.1 0.0
2.1167 0.0
2.1333 0.0
2.15 0.0
2.1667 0.0
2.1833 0.0
2.2 0.0
2.2167 0.0
2.2333 0.0
2.25 0.0
2.2667 0.0
2.2833 0.0
2.3 0.0
2.3167 0.0
2.3333 0.0
2.35 0.0
2.3667 0.0
2.3833 0.0
2.4 0.0
2.4167 0.0
2.4333 0.0
2.45 0.0
2.4667 0.0
2.4833 0.0
2.5 0.0
2.5167 0.0
2.5333 0.0
2.55 0.0
2.5667 0.0
2.5833 0.0
2.6 0.0
2.6167 0.0
2.6333 0.0
2.65 0.0
2.6667 0.0
2.6833 0.0
2.7 0.0
2.7167 0.0
2.7333 0.0
2.75 0.0
2.7667 0.0
2.7833 0.0
2.8 0.0
2.8167 0.0
2.8333 0.0
2.85 0.0
2.8667 0.0
2.8833 0.0
2.9 0.0
2.9167 0.0
2.9333 0.0
2.95 0.0
2.9667 0.0
2.9833 0.0
3.0 0.0
3.0167 0.0
3.0333 0.0
3.05 0.0
3.0667 0.0
3.0833 0.0
3.1 0.0
3.1167 0.0
3.1333 0.0
3.15 0.0
3.1667 0.0
3.1833 0.0
3.2 0.0
3.2167 0.0
3.2333 0.0
3.25 0.0
3.2667 0.0
3.2833 0.0
3.3 0.0
3.3167 0.0
3.3333 0.0
3.35 0.0
3.3667 0.0
3.3833 0.0
3.4 0.0
3.4167 0.0
3.4333 0.0
3.45 0.0
3.4667 0.0
3.4833 0.0
3.5 0.0
3.5167 0.0
3.5333 0.0
3.55 0.0
3.5667 0.0
3.5833 0.0
3.6 0.0
3.6167 0.0
3.6333 0.0
3.65 0.0
3.6667 0.0
3.6833 0.0
3.7 0.0
3.7167 0.0
3.7333 0.0
3.75 0.0
3.7667 0.0
3.7833 0.0
3.8 0.0
3.8167 0.0
3.8333 0.0
3.85 0.0
3.8667 0.0
3.8833 0.0
3.9 0.0
3.9167 0.0
3.9333 0.0
3.95 0.0
3.9667 0.0
3.9833 0.0
4.0 0.0
4.0167 0.0
4.0333 0.0
4.05 0.0
4.0667 0.0
4.0833 0.0
4.1 0.0
4.1167 0.0
4.1333 0.0
4.15 0.0
4.1667 0.0
4.1833 0.0
4.2 0.0
4.2167 0.0
4.2333 0.0
4.25 0.0
4.2667 0.0
4.2833 0.0
4.3 0.0
4.3167 0.0
4.3333 0.0
4.35 0.0
4.3667 0.0
4.3833 0.0
4.4 0.0
4.4167 0.0
4.4333 0.0
4.45 0.0
4.4667 0.0
4.4833 0.0
4.5 0.0
4.5167 0.0
4.5333 0.0
4.55 0.0
4.5667 0.0
4.5833 0.0
4.6 0.0
4.6167 0.0
4.6333 0.0
4.65 0.0
4.6667 0.0
4.6833 0.0
4.7 0.0
4.7167 0.0
4.7333 0.0
4.75 0.0
4.7667 0.0
4.7833 0.0
4.8 0.0
4.8167 0.0
4.8333 0.0
4.85 0.0
4.8667 0.0
4.8833 0.0
4.9 0.0
4.9167 0.0
4.9333 0.0
4.95 0.0
4.9667 0.0
4.9833 0.0
5.0 0.0
5.0167 0.0
5.0333 0.0
5.05 0.0
5.0667 0.0
5.0833 0.0
5.1 0.0
5.1167 0.0
5.1333 0.0
5.15 0.0
5.1667 0.0
5.1833 0.0
5.2 0.0
5.2167 0.0
5.2333 0.0
5.25 0.0
5.2667 0.0
5.2833 0.0
5.3 0.0
5.3167 0.0
5.3333 0.0
5.35 0.0
5.3667 0.0
5.3833 0.0
5.4 0.0
5.4167 0.0
5.4333 0.0
5.45 0.0
5.4667 0.0
5.4833 0.0
5.5 0.0
5.5167 0.0
5.5333 0.0
5.55 0.0
5.5667 0.0
5.5833 0.0
5.6 0.0
5.6167 0.0
5.6333 0.0
5.65 0.0
5.6667 0.0
5.6833 0.0
5.7 0.0
5.7167 0.0
5.7333 0.0
5.75 0.0
5.7667 0.0
5.7833 0.0
5.8 0.0
5.8167 2.338e-29
5.8333 4.642e-12
5.85 1.91e-09
5.8667 1.482e-07
5.8833 2.798e-06
5.9 2.426e-05
5.9167 7.881e-05
5.9333 0.0001836
5.95 0.0003358
5.9667 0.0005618
5.9833 0.0008901
6.0 0.001357
6.0167 0.002005
6.0333 0.002897
6.05 0.00412
6.0667 0.005647
6.0833 0.007739
6.1 0.01031
6.1167 0.01372
6.1333 0.01829
6.15 0.02386
6.1667 0.03076
6.1833 0.03904
6.2 0.04981
6.2167 0.06376
6.2333 0.07865
6.25 0.09853
6.2667 0.1212
6.2833 0.1467
6.3 0.1765
6.3167 0.2112
6.3333 0.2517
6.35 0.2938
6.3667 0.3388
6.3833 0.4001
6.4 0.448
6.4167 0.5057
6.4333 0.5751
6.45 0.6578
6.4667 0.7327
6.4833 0.81
6.5 0.892
6.5167 0.9784
6.5333 1.068
6.55 1.162
6.5667 1.259
6.5833 1.359
6.6 1.462
6.6167 1.568
6.6333 1.678
6.65 1.789
6.6667 1.904
6.6833 2.021
6.7 2.141
6.7167 2.264
6.7333 2.39
6.75 2.517
6.7667 2.648
6.7833 2.781
6.8 2.917
6.8167 3.055
6.8333 3.196
6.85 3.339
6.8667 3.485
6.8833 3.633
6.9 3.785
6.9167 3.938
6.9333 4.095
6.95 4.253
6.9667 4.415
6.9833 4.578
7.0 4.745
7.0167 4.914
7.0333 5.085
7.05 5.259
7.0667 5.435
7.0833 5.615
7.1 5.796
7.1167 5.979
7.1333 6.165
7.15 6.353
7.1667 6.543
7.1833 6.736
7.2 6.931
7.2167 7.128
7.2333 7.327
7.25 7.528
7.2667 7.732
7.2833 7.937
7.3 8.144
7.3167 8.353
7.3333 8.564
7.35 8.777
7.3667 8.992
7.3833 9.209
7.4 9.427
7.4167 9.646
7.4333 9.868
7.45 10.09
7.4667 10.32
7.4833 10.54
7.5 10.77
7.5167 11.0
7.5333 11.23
7.55 11.46
7.5667 11.7
7.5833 11.93
7.6 12.17
7.6167 12.4
7.6333 12.64
7.65 12.88
7.6667 13.12
7.6833 13.37
7.7 13.61
7.7167 13.85
7.7333 14.1
7.75 14.35
7.7667 14.59
7.7833 14.84
7.8 15.09
7.8167 15.34
7.8333 15.59
7.85 15.84
7.8667 16.09
7.8833 16.35
7.9 16.6
7.9167 16.85
7.9333 17.11
7.95 17.37
7.9667 17.62
7.9833 17.88
8.0 18.14
8.0167 18.4
8.0333 18.65
8.05 18.91
8.0667 19.17
8.0833 19.43
8.1 19.69
8.1167 19.95
8.1333 20.21
8.15 20.48
8.1667 20.74
8.1833 21.0
8.2 21.26
8.2167 21.53
8.2333 21.79
8.25 22.05
8.2667 22.31
8.2833 22.58
8.3 22.84
8.3167 23.11
8.3333 23.37
8.35 23.63
8.3667 23.9
8.3833 24.16
8.4 24.43
8.4167 24.69
8.4333 24.96
8.45 25.22
8.4667 25.48
8.4833 25.75
8.5 26.01
8.5167 26.28
8.5333 26.54
8.55 26.81
8.5667 27.07
8.5833 27.33
8.6 27.6
8.6167 27.86
8.6333 28.12
8.65 28.39
8.6667 28.65
8.6833 28.91
8.7 29.18
8.7167 29.44
8.7333 29.7
8.75 29.96
8.7667 30.22
8.7833 30.48
8.8 30.74
8.8167 31.0
8.8333 31.26
8.85 31.52
8.8667 31.78
8.8833 32.04
8.9 32.3
8.9167 32.56
8.9333 32.82
8.95 33.07
8.9667 33.33
8.9833 33.59
9.0 33.84
9.0167 34.1
9.0333 34.35
9.05 34.61
9.0667 34.86
9.0833 35.12
9.1 35.37
9.1167 35.62
9.1333 35.87
9.15 36.13
9.1667 36.38
9.1833 36.63
9.2 36.88
9.2167 37.12
9.2333 37.37
9.25 37.62
9.2667 37.87
9.2833 38.11
9.3 38.36
9.3167 38.61
9.3333 38.85
9.35 39.09
9.3667 39.34
9.3833 39.58
9.4 39.82
9.4167 40.06
9.4333 40.3
9.45 40.54
9.4667 40.78
9.4833 41.02
9.5 41.25
9.5167 41.49
9.5333 41.73
9.55 41.96
9.5667 42.2
9.5833 42.43
9.6 42.66
9.6167 42.89
9.6333 43.12
9.65 43.35
9.6667 43.58
9.6833 43.81
9.7 44.04
9.7167 44.26
9.7333 44.49
9.75 44.71
9.7667 44.94
9.7833 45.16
9.8 45.38
9.8167 45.6
9.8333 45.82
9.85 46.04
9.8667 46.26
9.8833 46.48
9.9 46.7
9.9167 46.91
9.9333 47.13
9.95 47.34
9.9667 47.55
9.9833 47.76
10.0 47.97
10.0167 48.18
10.0333 48.39
10.05 48.6
10.0667 48.81
10.0833 49.01
10.1 49.22
10.1167 49.42
10.1333 49.62
10.15 49.82
10.1667 50.02
10.1833 50.22
10.2 50.42
10.2167 50.62
10.2333 50.81
10.25 51.01
10.2667 51.2
10.2833 51.39
10.3 51.59
10.3167 51.78
10.3333 51.97
10.35 52.15
10.3667 52.34
10.3833 52.53
10.4 52.71
10.4167 52.9
10.4333 53.08
10.45 53.26
10.4667 53.44
10.4833 53.62
10.5 53.8
10.5167 53.97
10.5333 54.15
10.55 54.32
10.5667 54.5
10.5833 54.67
10.6 54.84
10.6167 55.01
10.6333 55.18
10.65 55.34
10.6667 55.51
10.6833 55.67
10.7 55.84
10.7167 56.0
10.7333 56.16
10.75 56.32
10.7667 56.48
10.7833 56.64
10.8 56.79
10.8167 56.95
10.8333 57.1
10.85 57.25
10.8667 57.4
10.8833 57.55
10.9 57.7
10.9167 57.85
10.9333 57.99
10.95 58.14
10.9667 58.28
10.9833 58.42
11.0 58.56
11.0167 58.7
11.0333 58.84
11.05 58.98
11.0667 59.11
11.0833 59.25
11.1 59.38
11.1167 59.51
11.1333 59.64
11.15 59.77
11.1667 59.9
11.1833 60.02
11.2 60.15
11.2167 60.27
11.2333 60.39
11.25 60.51
11.2667 60.63
11.2833 60.75
11.3 60.87
11.3167 60.98
11.3333 61.1
11.35 61.21
11.3667 61.32
11.3833 61.43
11.4 61.54
11.4167 61.65
11.4333 61.75
11.45 61.85
11.4667 61.96
11.4833 62.06
11.5 62.16
11.5167 62.26
11.5333 62.35
11.55 62.45
11.5667 62.55
11.5833 62.64
11.6 62.73
11.6167 62.82
11.6333 62.91
11.65 63.0
11.6667 63.08
11.6833 63.17
11.7 63.25
11.7167 63.33
11.7333 63.41
11.75 63.49
11.7667 63.57
11.7833 63.64
11.8 63.72
11.8167 63.79
11.8333 63.86
11.85 63.93
11.8667 64.0
11.8833 64.07
11.9 64.13
11.9167 64.2
11.9333 64.26
11.95 64.32
11.9667 64.38
11.9833 64.44
12.0 64.5
12.0167 64.55
12.0333 64.61
12.05 64.66
12.0667 64.71
12.0833 64.76
12.1 64.81
12.1167 64.86
12.1333 64.9
12.15 64.95
12.1667 64.99
12.1833 65.03
12.2 65.07
12.2167 65.11
12.2333 65.14
12.25 65.18
12.2667 65.21
12.2833 65.24
12.3 65.27
12.3167 65.3
12.3333 65.33
12.35 65.35
12.3667 65.38
12.3833 65.4
12.4 65.43
12.4167 65.45
12.4333 65.46
12.45 65.48
12.4667 65.5
12.4833 65.51
12.5 65.52
12.5167 65.53
12.5333 65.54
12.55 65.55
12.5667 65.56
12.5833 65.57
12.6 65.57
12.6167 65.57
12.6333 65.57
12.65 65.57
12.6667 65.57
12.6833 65.57
12.7 65.56
12.7167 65.55
12.7333 65.55
12.75 65.54
12.7667 65.53
12.7833 65.51
12.8 65.5
12.8167 65.48
12.8333 65.47
12.85 65.45
12.8667 65.43
12.8833 65.41
12.9 65.38
12.9167 65.36
12.9333 65.33
12.95 65.31
12.9667 65.28
12.9833 65.25
13.0 65.22
13.0167 65.18
13.0333 65.15
13.05 65.11
13.0667 65.07
13.0833 65.04
13.1 64.99
13.1167 64.95
13.1333 64.91
13.15 64.86
13.1667 64.82
13.1833 64.77
13.2 64.72
13.2167 64.67
13.2333 64.62
13.25 64.56
13.2667 64.51
13.2833 64.45
13.3 64.39
13.3167 64.33
13.3333 64.27
13.35 64.21
13.3667 64.15
13.3833 64.08
13.4 64.01
13.4167 63.94
13.4333 63.87
13.45 63.8
13.4667 63.73
13.4833 63.66
13.5 63.58
13.5167 63.5
13.5333 63.43
13.55 63.34
13.5667 63.26
13.5833 63.18
13.6 63.1
13.6167 63.01
13.6333 62.92
13.65 62.84
13.6667 62.75
13.6833 62.65
13.7 62.56
13.7167 62.47
13.7333 62.37
13.75 62.28
13.7667 62.18
13.7833 62.08
13.8 61.98
13.8167 61.87
13.8333 61.77
13.85 61.66
13.8667 61.56
13.8833 61.45
13.9 61.34
13.9167 61.23
13.9333 61.12
13.95 61.0
13.9667 60.89
13.9833 60.77
14.0 60.65
14.0167 60.54
14.0333 60.42
14.05 60.29
14.0667 60.17
14.0833 60.05
14.1 59.92
14.1167 59.79
14.1333 59.66
14.15 59.53
14.1667 59.4
14.1833 59.27
14.2 59.14
14.2167 59.0
14.2333 58.87
14.25 58.73
14.2667 58.59
14.2833 58.45
14.3 58.31
14.3167 58.16
14.3333 58.02
14.35 57.87
14.3667 57.73
14.3833 57.58
14.4 57.43
14.4167 57.28
14.4333 57.13
14.45 56.97
14.4667 56.82
14.4833 56.66
14.5 56.51
14.5167 56.35
14.5333 56.19
14.55 56.03
14.5667 55.87
14.5833 55.7
14.6 55.54
14.6167 55.37
14.6333 55.21
14.65 55.04
14.6667 54.87
14.6833 54.7
14.7 54.53
14.7167 54.35
14.7333 54.18
14.75 54.01
14.7667 53.83
14.7833 53.65
14.8 53.47
14.8167 53.29
14.8333 53.11
14.85 52.93
14.8667 52.75
14.8833 52.56
14.9 52.38
14.9167 52.19
14.9333 52.0
14.95 51.81
14.9667 51.62
14.9833 51.43
15.0 51.24
15.0167 51.04
15.0333 50.85
15.05 50.65
15.0667 50.46
15.0833 50.26
15.1 50.06
15.1167 49.86
15.1333 49.66
15.15 49.46
15.1667 49.25
15.1833 49.05
15.2 48.85
15.2167 48.64
15.2333 48.43
15.25 48.22
15.2667 48.02
15.2833 47.8
15.3 47.59
15.3167 47.38
15.3333 47.17
15.35 46.95
15.3667 46.74
15.3833 46.52
15.4 46.31
15.4167 46.09
15.4333 45.87
15.45 45.65
15.4667 45.43
15.4833 45.21
15.5 44.98
15.5167 44.76
15.5333 44.54
15.55 44.31
15.5667 44.08
15.5833 43.86
15.6 43.63
15.6167 43.4
15.6333 43.17
15.65 42.94
15.6667 42.71
15.6833 42.48
15.7 42.24
15.7167 42.01
15.7333 41.78
15.75 41.54
15.7667 41.3
15.7833 41.07
15.8 40.83
15.8167 40.59
15.8333 40.35
15.85 40.11
15.8667 39.87
15.8833 39.63
15.9 39.39
15.9167 39.15
15.9333 38.9
15.95 38.66
15.9667 38.41
15.9833 38.17
16.0 37.92
16.0167 37.68
16.0333 37.43
16.05 37.18
16.0667 36.93
16.0833 36.68
16.1 36.43
16.1167 36.18
16.1333 35.93
16.15 35.68
16.1667 35.43
16.1833 35.17
16.2 34.92
16.2167 34.67
16.2333 34.41
16.25 34.16
16.2667 33.9
16.2833 33.65
16.3 33.39
16.3167 33.13
16.3333 32.88
16.35 32.62
16.3667 32.36
16.3833 32.1
16.4 31.84
16.4167 31.58
16.4333 31.33
16.45 31.07
16.4667 30.81
16.4833 30.54
16.5 30.28
16.5167 30.02
16.5333 29.76
16.55 29.5
16.5667 29.24
16.5833 28.98
16.6 28.71
16.6167 28.45
16.6333 28.19
16.65 27.92
16.6667 27.66
16.6833 27.4
16.7 27.13
16.7167 26.87
16.7333 26.61
16.75 26.34
16.7667 26.08
16.7833 25.81
16.8 25.55
16.8167 25.29
16.8333 25.02
16.85 24.76
16.8667 24.49
16.8833 24.23
16.9 23.96
16.9167 23.7
16.9333 23.44
16.95 23.17
16.9667 22.91
16.9833 22.65
17.0 22.38
17.0167 22.12
17.0333 21.86
17.05 21.59
17.0667 21.33
17.0833 21.07
17.1 20.81
17.1167 20.54
17.1333 20.28
17.15 20.02
17.1667 19.76
17.1833 19.5
17.2 19.24
17.2167 18.98
17.2333 18.72
17.25 18.46
17.2667 18.21
17.2833 17.95
17.3 17.69
17.3167 17.44
17.3333 17.18
17.35 16.92
17.3667 16.67
17.3833 16.42
17.4 16.16
17.4167 15.91
17.4333 15.66
17.45 15.41
17.4667 15.16
17.4833 14.91
17.5 14.66
17.5167 14.41
17.5333 14.17
17.55 13.92
17.5667 13.68
17.5833 13.44
17.6 13.19
17.6167 12.95
17.6333 12.71
17.65 12.47
17.6667 12.24
17.6833 12.0
17.7 11.76
17.7167 11.53
17.7333 11.3
17.75 11.07
17.7667 10.84
17.7833 10.61
17.8 10.38
17.8167 10.16
17.8333 9.935
17.85 9.713
17.8667 9.493
17.8833 9.274
17.9 9.058
17.9167 8.843
17.9333 8.629
17.95 8.418
17.9667 8.208
17.9833 8.001
18.0 7.795
18.0167 7.591
18.0333 7.39
18.05 7.19
18.0667 6.993
18.0833 6.797
18.1 6.604
18.1167 6.413
18.1333 6.225
18.15 6.038
18.1667 5.854
18.1833 5.673
18.2 5.493
18.2167 5.316
18.2333 5.142
18.25 4.97
18.2667 4.8
18.2833 4.633
18.3 4.469
18.3167 4.307
18.3333 4.147
18.35 3.99
18.3667 3.836
18.3833 3.684
18.4 3.535
18.4167 3.388
18.4333 3.244
18.45 3.103
18.4667 2.964
18.4833 2.827
18.5 2.694
18.5167 2.562
18.5333 2.434
18.55 2.308
18.5667 2.184
18.5833 2.063
18.6 1.945
18.6167 1.83
18.6333 1.717
18.65 1.607
18.6667 1.5
18.6833 1.396
18.7 1.294
18.7167 1.196
18.7333 1.102
18.75 1.011
18.7667 0.9232
18.7833 0.8397
18.8 0.7607
18.8167 0.6867
18.8333 0.6041
18.85 0.5302
18.8667 0.4684
18.8833 0.4171
18.9 0.3573
18.9167 0.3135
18.9333 0.2647
18.95 0.224
18.9667 0.1886
18.9833 0.157
19.0 0.1295
19.0167 0.1061
19.0333 0.08685
19.05 0.06861
19.0667 0.05526
19.0833 0.04307
19.1 0.03357
19.1167 0.02607
19.1333 0.02006
19.15 0.01529
19.1667 0.01158
19.1833 0.008735
19.2 0.006406
19.2167 0.004698
19.2333 0.003336
19.25 0.002342
19.2667 0.001622
19.2833 0.00108
19.3 0.0006898
19.3167 0.0004183
19.3333 0.0002374
19.35 0.0001178
19.3667 4.178e-05
19.3833 7.848e-06
19.4 6.044e-07
19.4167 1.509e-08
19.4333 7.825e-11
19.45 2.767e-14
19.4667 0.0
19.4833 0.0
19.5 0.0
19.5167 0.0
19.5333 0.0
19.55 0.0
19.5667 0.0
19.5833 0.0
19.6 0.0
19.6167 0.0
19.6333 0.0
19.65 0.0
19.6667 0.0
19.6833 0.0
19.7 0.0
19.7167 0.0
19.7333 0.0
19.75 0.0
19.7667 0.0
19.7833 0.0
19.8 0.0
19.8167 0.0
19.8333 0.0
19.85 0.0
19.8667 0.0
19.8833 0.0
19.9 0.0
19.9167 0.0
19.9333 0.0
19.95 0.0
19.9667 0.0
19.9833 0.0
20.0 0.0
20.0167 0.0
20.0333 0.0
20.05 0.0
20.0667 0.0
20.0833 0.0
20.1 0.0
20.1167 0.0
20.1333 0.0
20.15 0.0
20.1667 0.0
20.1833 0.0
20.2 0.0
20.2167 0.0
20.2333 0.0
20.25 0.0
20.2667 0.0
20.2833 0.0
20.3 0.0
20.3167 0.0
20.3333 0.0
20.35 0.0
20.3667 0.0
20.3833 0.0
20.4 0.0
20.4167 0.0
20.4333 0.0
20.45 0.0
20.4667 0.0
20.4833 0.0
20.5 0.0
20.5167 0.0
20.5333 0.0
20.55 0.0
20.5667 0.0
20.5833 0.0
20.6 0.0
20.6167 0.0
20.6333 0.0
20.65 0.0
20.6667 0.0
20.6833 0.0
20.7 0.0
20.7167 0.0
20.7333 0.0
20.75 0.0
20.7667 0.0
20.7833 0.0
20.8 0.0
20.8167 0.0
20.8333 0.0
20.85 0.0
20.8667 0.0
20.8833 0.0
20.9 0.0
20.9167 0.0
20.9333 0.0
20.95 0.0
20.9667 0.0
20.9833 0.0
21.0 0.0
21.0167 0.0
21.0333 0.0
21.05 0.0
21.0667 0.0
21.0833 0.0
21.1 0.0
21.1167 0.0
21.1333 0.0
21.15 0.0
21.1667 0.0
21.1833 0.0
21.2 0.0
21.2167 0.0
21.2333 0.0
21.25 0.0
21.2667 0.0
21.2833 0.0
21.3 0.0
21.3167 0.0
21.3333 0.0
21.35 0.0
21.3667 0.0
21.3833 0.0
21.4 0.0
21.4167 0.0
21.4333 0.0
21.45 0.0
21.4667 0.0
21.4833 0.0
21.5 0.0
21.5167 0.0
21.5333 0.0
21.55 0.0
21.5667 0.0
21.5833 0.0
21.6 0.0
21.6167 0.0
21.6333 0.0
21.65 0.0
21.6667 0.0
21.6833 0.0
21.7 0.0
21.7167 0.0
21.7333 0.0
21.75 0.0
21.7667 0.0
21.7833 0.0
21.8 0.0
21.8167 0.0
21.8333 0.0
21.85 0.0
21.8667 0.0
21.8833 0.0
21.9 0.0
21.9167 0.0
21.9333 0.0
21.95 0.0
21.9667 0.0
21.9833 0.0
22.0 0.0
22.0167 0.0
22.0333 0.0
22.05 0.0
22.0667 0.0
22.0833 0.0
22.1 0.0
22.1167 0.0
22.1333 0.0
22.15 0.0
22.1667 0.0
22.1833 0.0
22.2 0.0
22.2167 0.0
22.2333 0.0
22.25 0.0
22.2667 0.0
22.2833 0.0
22.3 0.0
22.3167 0.0
22.3333 0.0
22.35 0.0
22.3667 0.0
22.3833 0.0
22.4 0.0
22.4167 0.0
22.4333 0.0
22.45 0.0
22.4667 0.0
22.4833 0.0
22.5 0.0
22.5167 0.0
22.5333 0.0
22.55 0.0
22.5667 0.0
22.5833 0.0
22.6 0.0
22.6167 0.0
22.6333 0.0
22.65 0.0
22.6667 0.0
22.6833 0.0
22.7 0.0
22.7167 0.0
22.7333 0.0
22.75 0.0
22.7667 0.0
22.7833 0.0
22.8 0.0
22.8167 0.0
22.8333 0.0
22.85 0.0
22.8667 0.0
22.8833 0.0
22.9 0.0
22.9167 0.0
22.9333 0.0
22.95 0.0
22.9667 0.0
22.9833 0.0
23.0 0.0
23.0167 0.0
23.0333 0.0
23.05 0.0
23.0667 0.0
23.0833 0.0
23.1 0.0
23.1167 0.0
23.1333 0.0
23.15 0.0
23.1667 0.0
23.1833 0.0
23.2 0.0
23.2167 0.0
23.2333 0.0
23.25 0.0
23.2667 0.0
23.2833 0.0
23.3 0.0
23.3167 0.0
23.3333 0.0
23.35 0.0
23.3667 0.0
23.3833 0.0
23.4 0.0
23.4167 0.0
23.4333 0.0
23.45 0.0
23.4667 0.0
23.4833 0.0
23.5 0.0
23.5167 0.0
23.5333 0.0
23.55 0.0
23.5667 0.0
23.5833 0.0
23.6 0.0
23.6167 0.0
23.6333 0.0
23.65 0.0
23.6667 0.0
23.6833 0.0
23.7 0.0
23.7167 0.0
23.7333 0.0
23.75 0.0
23.7667 0.0
23.7833 0.0
23.8 0.0
23.8167 0.0
23.8333 0.0
23.85 0.0
23.8667 0.0
23.8833 0.0
23.9 0.0
23.9167 0.0
23.9333 0.0
23.95 0.0
23.9667 0.0
23.9833 0.0
