0.0 0.0
0.0167 0.0
0.0333 0.0
0.05 0.0
0.0667 0.0
0.0833 0.0
0.1 0.0
0.1167 0.0
0.1333 0.0
0.15 0.0
0.1667 0.0
0.1833 0.0
0.2 0.0
0.2167 0.0
0.2333 0.0
0.25 0.0
0.2667 0.0
0.2833 0.0
0.3 0.0
0.3167 0.0
0.3333 0.0
0.35 0.0
0.3667 0.0
0.3833 0.0
0.4 0.0
0.4167 0.0
0.4333 0.0
0.45 0.0
0.4667 0.0
0.4833 0.0
0.5 0.0
0.5167 0.0
0.5333 0.0
0.55 0.0
0.5667 0.0
0.5833 0.0
0.6 0.0
0.6167 0.0
0.6333 0.0
0.65 0.0
0.6667 0.0
0.6833 0.0
0.7 0.0
0.7167 0.0
0.7333 0.0
0.75 0.0
0.7667 0.0
0.7833 0.0
0.8 0.0
0.8167 0.0
0.8333 0.0
0.85 0.0
0.8667 0.0
0.8833 0.0
0.9 0.0
0.9167 0.0
0.9333 0.0
0.95 0.0
0.9667 0.0
0.9833 0.0
1.0 0.0
1.0167 0.0
1.0333 0.0
1.05 0.0
1.0667 0.0
1.0833 0.0
1.1 0.0
1.1167 0.0
1.1333 0.0
1.15 0.0
1.1667 0.0
1.1833 0.0
1.2 0.0
1.2167 0.0
1.2333 0.0
1.25 0.0
1.2667 0.0
1.2833 0.0
1.3 0.0
1.3167 0.0
1.3333 0.0
1.35 0.0
1.3667 0.0
1.3833 0.0
1.4 0.0
1.4167 0.0
1.4333 0.0
1.45 0.0
1.4667 0.0
1.4833 0.0
1.5 0.0
1.5167 0.0
1.5333 0.0
1.55 0.0
1.5667 0.0
1.5833 0.0
1.6 0.0
1.6167 0.0
1.6333 0.0
1.65 0.0
1.6667 0.0
1.6833 0.0
1.7 0.0
1.7167 0.0
1.7333 0.0
1.75 0.0
1.7667 0.0
1.7833 0.0
1.8 0.0
1.8167 0.0
1.8333 0.0
1.85 0.0
1.8667 0.0
1.8833 0.0
1.9 0.0
1.9167 0.0
1.9333 0.0
1.95 0.0
1.9667 0.0
1.9833 0.0
2.0 0.0
2.0167 0.0
2.0333 0.0
2.05 0.0
2.0667 0.0
2.0833 0.0
2.1 0.0
2.1167 0.0
2.1333 0.0
2.15 0.0
2.1667 0.0
2.1833 0.0
2.2 0.0
2.2167 0.0
2.2333 0.0
2.25 0.0
2.2667 0.0
2.2833 0.0
2.3 0.0
2.3167 0.0
2.3333 0.0
2.35 0.0
2.3667 0.0
2.3833 0.0
2.4 0.0
2.4167 0.0
2.4333 0.0
2.45 0.0
2.4667 0.0
2.4833 0.0
2.5 0.0
2.5167 0.0
2.5333 0.0
2.55 0.0
2.5667 0.0
2.5833 0.0
2.6 0.0
2.6167 0.0
2.6333 0.0
2.65 0.0
2.6667 0.0
2.6833 0.0
2.7 0.0
2.7167 0.0
2.7333 0.0
2.75 0.0
2.7667 0.0
2.7833 0.0
2.8 0.0
2.8167 0.0
2.8333 0.0
2.85 0.0
2.8667 0.0
2.8833 0.0
2.9 0.0
2.9167 0.0
2.9333 0.0
2.95 0.0
2.9667 0.0
2.9833 0.0
3.0 0.0
3.0167 0.0
3.0333 0.0
3.05 0.0
3.0667 0.0
3.0833 0.0
3.1 0.0
3.1167 0.0
3.1333 0.0
3.15 0.0
3.1667 0.0
3.1833 0.0
3.2 0.0
3.2167 0.0
3.2333 0.0
3.25 0.0
3.2667 0.0
3.2833 0.0
3.3 0.0
3.3167 0.0
3.3333 0.0
3.35 0.0
3.3667 0.0
3.3833 0.0
3.4 0.0
3.4167 0.0
3.4333 0.0
3.45 0.0
3.4667 0.0
3.4833 0.0
3.5 0.0
3.5167 0.0
3.5333 0.0
3.55 0.0
3.5667 0.0
3.5833 0.0
3.6 0.0
3.6167 0.0
3.6333 0.0
3.65 0.0
3.6667 0.0
3.6833 0.0
3.7 0.0
3.7167 0.0
3.7333 0.0
3.75 0.0
3.7667 0.0
3.7833 0.0
3.8 0.0
3.8167 0.0
3.8333 0.0
3.85 0.0
3.8667 0.0
3.8833 0.0
3.9 0.0
3.9167 0.0
3.9333 0.0
3.95 0.0
3.9667 0.0
3.9833 0.0
4.0 0.0
4.0167 0.0
4.0333 0.0
4.05 0.0
4.0667 0.0
4.0833 0.0
4.1 0.0
4.1167 0.0
4.1333 0.0
4.15 0.0
4.1667 0.0
4.1833 0.0
4.2 0.0
4.2167 0.0
4.2333 0.0
4.25 0.0
4.2667 0.0
4.2833 0.0
4.3 0.0
4.3167 0.0
4.3333 0.0
4.35 0.0
4.3667 0.0
4.3833 0.0
4.4 0.0
4.4167 0.0
4.4333 0.0
4.45 0.0
4.4667 0.0
4.4833 0.0
4.5 0.0
4.5167 0.0
4.5333 0.0
4.55 0.0
4.5667 0.0
4.5833 0.0
4.6 0.0
4.6167 0.0
4.6333 0.0
4.65 0.0
4.6667 0.0
4.6833 0.0
4.7 0.0
4.7167 0.0
4.7333 0.0
4.75 0.0
4.7667 0.0
4.7833 0.0
4.8 0.0
4.8167 0.0
4.8333 0.0
4.85 0.0
4.8667 0.0
4.8833 0.0
4.9 0.0
4.9167 0.0
4.9333 0.0
4.95 0.0
4.9667 0.0
4.9833 0.0
5.0 0.0
5.0167 0.0
5.0333 0.0
5.05 0.0
5.0667 0.0
5.0833 0.0
5.1 0.0
5.1167 0.0
5.1333 0.0
5.15 0.0
5.1667 0.0
5.1833 0.0
5.2 0.0
5.2167 0.0
5.2333 0.0
5.25 0.0
5.2667 0.0
5.2833 0.0
5.3 0.0
5.3167 0.0
5.3333 0.0
5.35 0.0
5.3667 0.0
5.3833 0.0
5.4 0.0
5.4167 0.0
5.4333 0.0
5.45 0.0
5.4667 0.0
5.4833 0.0
5.5 0.0
5.5167 0.0
5.5333 0.0
5.55 0.0
5.5667 0.0
5.5833 0.0
5.6 0.0
5.6167 0.0
5.6333 0.0
5.65 0.0
5.6667 0.0
5.6833 0.0
5.7 1.455e-13
5.7167 1.432e-10
5.7333 1.955e-08
5.75 6.472e-07
5.7667 7.868e-06
5.7833 3.979e-05
5.8 0.0001076
5.8167 0.0002229
5.8333 0.0003876
5.85 0.0006262
5.8667 0.000967
5.8833 0.001448
5.9 0.002118
5.9167 0.002993
5.9333 0.004156
5.95 0.005753
5.9667 0.007671
5.9833 0.01016
6.0 0.01341
6.0167 0.01758
6.0333 0.02273
6.05 0.02907
6.0667 0.0371
6.0833 0.04738
6.1 0.05906
6.1167 0.07415
6.1333 0.09088
6.15 0.1118
6.1667 0.1376
6.1833 0.1652
6.2 0.1975
6.2167 0.2302
6.2333 0.2678
6.25 0.3142
6.2667 0.3594
6.2833 0.4152
6.3 0.4655
6.3167 0.5256
6.3333 0.5973
6.35 0.6758
6.3667 0.7467
6.3833 0.8223
6.4 0.902
6.4167 0.9855
6.4333 1.072
6.45 1.163
6.4667 1.256
6.4833 1.353
6.5 1.452
6.5167 1.554
6.5333 1.659
6.55 1.766
6.5667 1.876
6.5833 1.989
6.6 2.104
6.6167 2.221
6.6333 2.341
6.65 2.464
6.6667 2.588
6.6833 2.716
6.7 2.845
6.7167 2.978
6.7333 3.112
6.75 3.249
6.7667 3.389
6.7833 3.531
6.8 3.675
6.8167 3.822
6.8333 3.971
6.85 4.123
6.8667 4.277
6.8833 4.433
6.9 4.592
6.9167 4.754
6.9333 4.917
6.95 5.083
6.9667 5.252
6.9833 5.422
7.0 5.595
7.0167 5.771
7.0333 5.948
7.05 6.128
7.0667 6.31
7.0833 6.493
7.1 6.68
7.1167 6.868
7.1333 7.058
7.15 7.25
7.1667 7.445
7.1833 7.641
7.2 7.839
7.2167 8.039
7.2333 8.241
7.25 8.445
7.2667 8.65
7.2833 8.857
7.3 9.066
7.3167 9.277
7.3333 9.489
7.35 9.703
7.3667 9.918
7.3833 10.14
7.4 10.35
7.4167 10.57
7.4333 10.79
7.45 11.02
7.4667 11.24
7.4833 11.47
7.5 11.69
7.5167 11.92
7.5333 12.15
7.55 12.38
7.5667 12.61
7.5833 12.84
7.6 13.08
7.6167 13.31
7.6333 13.55
7.65 13.79
7.6667 14.02
7.6833 14.26
7.7 14.5
7.7167 14.74
7.7333 14.98
7.75 15.23
7.7667 15.47
7.7833 15.71
7.8 15.96
7.8167 16.2
7.8333 16.45
7.85 16.7
7.8667 16.94
7.8833 17.19
7.9 17.44
7.9167 17.69
7.9333 17.94
7.95 18.19
7.9667 18.44
7.9833 18.69
8.0 18.94
8.0167 19.2
8.0333 19.45
8.05 19.7
8.0667 19.95
8.0833 20.21
8.1 20.46
8.1167 20.72
8.1333 20.97
8.15 21.23
8.1667 21.48
8.1833 21.74
8.2 21.99
8.2167 22.25
8.2333 22.51
8.25 22.76
8.2667 23.02
8.2833 23.28
8.3 23.53
8.3167 23.79
8.3333 24.05
8.35 24.3
8.3667 24.56
8.3833 24.82
8.4 25.07
8.4167 25.33
8.4333 25.59
8.45 25.85
8.4667 26.1
8.4833 26.36
8.5 26.62
8.5167 26.87
8.5333 27.13
8.55 27.39
8.5667 27.64
8.5833 27.9
8.6 28.16
8.6167 28.41
8.6333 28.67
8.65 28.92
8.6667 29.18
8.6833 29.43
8.7 29.69
8.7167 29.94
8.7333 30.2
8.75 30.45
8.7667 30.71
8.7833 30.96
8.8 31.21
8.8167 31.47
8.8333 31.72
8.85 31.97
8.8667 32.22
8.8833 32.47
8.9 32.73
8.9167 32.98
8.9333 33.23
8.95 33.48
8.9667 33.73
8.9833 33.97
9.0 34.22
9.0167 34.47
9.0333 34.72
9.05 34.97
9.0667 35.21
9.0833 35.46
9.1 35.7
9.1167 35.95
9.1333 36.19
9.15 36.44
9.1667 36.68
9.1833 36.92
9.2 37.17
9.2167 37.41
9.2333 37.65
9.25 37.89
9.2667 38.13
9.2833 38.37
9.3 38.61
9.3167 38.85
9.3333 39.08
9.35 39.32
9.3667 39.56
9.3833 39.79
9.4 40.03
9.4167 40.26
9.4333 40.5
9.45 40.73
9.4667 40.96
9.4833 41.19
9.5 41.42
9.5167 41.65
9.5333 41.88
9.55 42.11
9.5667 42.34
9.5833 42.56
9.6 42.79
9.6167 43.01
9.6333 43.24
9.65 43.46
9.6667 43.69
9.6833 43.91
9.7 44.13
9.7167 44.35
9.7333 44.57
9.75 44.79
9.7667 45.0
9.7833 45.22
9.8 45.44
9.8167 45.65
9.8333 45.87
9.85 46.08
9.8667 46.29
9.8833 46.51
9.9 46.72
9.9167 46.93
9.9333 47.14
9.95 47.34
9.9667 47.55
9.9833 47.76
10.0 47.96
10.0167 48.17
10.0333 48.37
10.05 48.57
10.0667 48.77
10.0833 48.97
10.1 49.17
10.1167 49.37
10.1333 49.57
10.15 49.76
10.1667 49.96
10.1833 50.15
10.2 50.35
10.2167 50.54
10.2333 50.73
10.25 50.92
10.2667 51.11
10.2833 51.3
10.3 51.49
10.3167 51.67
10.3333 51.86
10.35 52.04
10.3667 52.22
10.3833 52.41
10.4 52.59
10.4167 52.77
10.4333 52.95
10.45 53.12
10.4667 53.3
10.4833 53.48
10.5 53.65
10.5167 53.82
10.5333 53.99
10.55 54.16
10.5667 54.33
10.5833 54.5
10.6 54.67
10.6167 54.84
10.6333 55.0
10.65 55.17
10.6667 55.33
10.6833 55.49
10.7 55.65
10.7167 55.81
10.7333 55.97
10.75 56.12
10.7667 56.28
10.7833 56.44
10.8 56.59
10.8167 56.74
10.8333 56.89
10.85 57.04
10.8667 57.19
10.8833 57.34
10.9 57.48
10.9167 57.63
10.9333 57.77
10.95 57.92
10.9667 58.06
10.9833 58.2
11.0 58.34
11.0167 58.47
11.0333 58.61
11.05 58.74
11.0667 58.88
11.0833 59.01
11.1 59.14
11.1167 59.27
11.1333 59.4
11.15 59.53
11.1667 59.65
11.1833 59.78
11.2 59.9
11.2167 60.02
11.2333 60.15
11.25 60.27
11.2667 60.38
11.2833 60.5
11.3 60.62
11.3167 60.73
11.3333 60.84
11.35 60.96
11.3667 61.07
11.3833 61.18
11.4 61.28
11.4167 61.39
11.4333 61.5
11.45 61.6
11.4667 61.7
11.4833 61.8
11.5 61.9
11.5167 62.0
11.5333 62.1
11.55 62.2
11.5667 62.29
11.5833 62.38
11.6 62.47
11.6167 62.57
11.6333 62.66
11.65 62.74
11.6667 62.83
11.6833 62.91
11.7 63.0
11.7167 63.08
11.7333 63.16
11.75 63.24
11.7667 63.32
11.7833 63.4
11.8 63.47
11.8167 63.55
11.8333 63.62
11.85 63.69
11.8667 63.76
11.8833 63.83
11.9 63.9
11.9167 63.96
11.9333 64.03
11.95 64.09
11.9667 64.15
11.9833 64.21
12.0 64.27
12.0167 64.33
12.0333 64.39
12.05 64.44
12.0667 64.49
12.0833 64.55
12.1 64.6
12.1167 64.65
12.1333 64.69
12.15 64.74
12.1667 64.79
12.1833 64.83
12.2 64.87
12.2167 64.91
12.2333 64.95
12.25 64.99
12.2667 65.03
12.2833 65.06
12.3 65.09
12.3167 65.13
12.3333 65.16
12.35 65.19
12.3667 65.21
12.3833 65.24
12.4 65.27
12.4167 65.29
12.4333 65.31
12.45 65.33
12.4667 65.35
12.4833 65.37
12.5 65.39
12.5167 65.4
12.5333 65.42
12.55 65.43
12.5667 65.44
12.5833 65.45
12.6 65.46
12.6167 65.46
12.6333 65.47
12.65 65.47
12.6667 65.48
12.6833 65.48
12.7 65.48
12.7167 65.47
12.7333 65.47
12.75 65.47
12.7667 65.46
12.7833 65.45
12.8 65.44
12.8167 65.43
12.8333 65.42
12.85 65.41
12.8667 65.39
12.8833 65.38
12.9 65.36
12.9167 65.34
12.9333 65.32
12.95 65.3
12.9667 65.27
12.9833 65.25
13.0 65.22
13.0167 65.2
13.0333 65.17
13.05 65.14
13.0667 65.11
13.0833 65.07
13.1 65.04
13.1167 65.0
13.1333 64.96
13.15 64.92
13.1667 64.88
13.1833 64.84
13.2 64.8
13.2167 64.75
13.2333 64.71
13.25 64.66
13.2667 64.61
13.2833 64.56
13.3 64.51
13.3167 64.46
13.3333 64.4
13.35 64.35
13.3667 64.29
13.3833 64.23
13.4 64.17
13.4167 64.11
13.4333 64.05
13.45 63.98
13.4667 63.92
13.4833 63.85
13.5 63.78
13.5167 63.71
13.5333 63.64
13.55 63.57
13.5667 63.5
13.5833 63.42
13.6 63.35
13.6167 63.27
13.6333 63.19
13.65 63.11
13.6667 63.02
13.6833 62.94
13.7 62.86
13.7167 62.77
13.7333 62.68
13.75 62.59
13.7667 62.5
13.7833 62.41
13.8 62.32
13.8167 62.23
13.8333 62.13
13.85 62.03
13.8667 61.93
13.8833 61.83
13.9 61.73
13.9167 61.63
13.9333 61.53
13.95 61.42
13.9667 61.32
13.9833 61.21
14.0 61.1
14.0167 60.99
14.0333 60.88
14.05 60.77
14.0667 60.65
14.0833 60.54
14.1 60.42
14.1167 60.3
14.1333 60.18
14.15 60.06
14.1667 59.94
14.1833 59.82
14.2 59.69
14.2167 59.56
14.2333 59.44
14.25 59.31
14.2667 59.18
14.2833 59.05
14.3 58.92
14.3167 58.78
14.3333 58.65
14.35 58.51
14.3667 58.38
14.3833 58.24
14.4 58.1
14.4167 57.96
14.4333 57.82
14.45 57.67
14.4667 57.53
14.4833 57.38
14.5 57.23
14.5167 57.09
14.5333 56.94
14.55 56.79
14.5667 56.63
14.5833 56.48
14.6 56.33
14.6167 56.17
14.6333 56.02
14.65 55.86
14.6667 55.7
14.6833 55.54
14.7 55.38
14.7167 55.21
14.7333 55.05
14.75 54.89
14.7667 54.72
14.7833 54.55
14.8 54.38
14.8167 54.22
14.8333 54.04
14.85 53.87
14.8667 53.7
14.8833 53.53
14.9 53.35
14.9167 53.18
14.9333 53.0
14.95 52.82
14.9667 52.64
14.9833 52.46
15.0 52.28
15.0167 52.09
15.0333 51.91
15.05 51.73
15.0667 51.54
15.0833 51.35
15.1 51.17
15.1167 50.98
15.1333 50.79
15.15 50.6
15.1667 50.4
15.1833 50.21
15.2 50.02
15.2167 49.82
15.2333 49.62
15.25 49.43
15.2667 49.23
15.2833 49.03
15.3 48.83
15.3167 48.63
15.3333 48.43
15.35 48.22
15.3667 48.02
15.3833 47.81
15.4 47.61
15.4167 47.4
15.4333 47.19
15.45 46.98
15.4667 46.77
15.4833 46.56
15.5 46.35
15.5167 46.14
15.5333 45.93
15.55 45.71
15.5667 45.5
15.5833 45.28
15.6 45.07
15.6167 44.85
15.6333 44.63
15.65 44.41
15.6667 44.19
15.6833 43.97
15.7 43.75
15.7167 43.52
15.7333 43.3
15.75 43.08
15.7667 42.85
15.7833 42.62
15.8 42.4
15.8167 42.17
15.8333 41.94
15.85 41.71
15.8667 41.48
15.8833 41.25
15.9 41.02
15.9167 40.79
15.9333 40.56
15.95 40.32
15.9667 40.09
15.9833 39.86
16.0 39.62
16.0167 39.38
16.0333 39.15
16.05 38.91
16.0667 38.67
16.0833 38.43
16.1 38.19
16.1167 37.95
16.1333 37.71
16.15 37.47
16.1667 37.23
16.1833 36.99
16.2 36.74
16.2167 36.5
16.2333 36.26
16.25 36.01
16.2667 35.77
16.2833 35.52
16.3 35.28
16.3167 35.03
16.3333 34.78
16.35 34.53
16.3667 34.29
16.3833 34.04
16.4 33.79
16.4167 33.54
16.4333 33.29
16.45 33.04
16.4667 32.79
16.4833 32.54
16.5 32.28
16.5167 32.03
16.5333 31.78
16.55 31.53
16.5667 31.27
16.5833 31.02
16.6 30.77
16.6167 30.51
16.6333 30.26
16.65 30.0
16.6667 29.75
16.6833 29.49
16.7 29.24
16.7167 28.98
16.7333 28.73
16.75 28.47
16.7667 28.22
16.7833 27.96
16.8 27.7
16.8167 27.45
16.8333 27.19
16.85 26.93
16.8667 26.68
16.8833 26.42
16.9 26.16
16.9167 25.9
16.9333 25.65
16.95 25.39
16.9667 25.13
16.9833 24.88
17.0 24.62
17.0167 24.36
17.0333 24.1
17.05 23.85
17.0667 23.59
17.0833 23.33
17.1 23.08
17.1167 22.82
17.1333 22.56
17.15 22.3
17.1667 22.05
17.1833 21.79
17.2 21.54
17.2167 21.28
17.2333 21.03
17.25 20.77
17.2667 20.52
17.2833 20.26
17.3 20.01
17.3167 19.75
17.3333 19.5
17.35 19.25
17.3667 18.99
17.3833 18.74
17.4 18.49
17.4167 18.24
17.4333 17.99
17.45 17.74
17.4667 17.49
17.4833 17.24
17.5 16.99
17.5167 16.74
17.5333 16.5
17.55 16.25
17.5667 16.01
17.5833 15.76
17.6 15.52
17.6167 15.27
17.6333 15.03
17.65 14.79
17.6667 14.55
17.6833 14.31
17.7 14.07
17.7167 13.83
17.7333 13.59
17.75 13.36
17.7667 13.12
17.7833 12.89
17.8 12.65
17.8167 12.42
17.8333 12.19
17.85 11.96
17.8667 11.73
17.8833 11.51
17.9 11.28
17.9167 11.06
17.9333 10.83
17.95 10.61
17.9667 10.39
17.9833 10.17
18.0 9.954
18.0167 9.739
18.0333 9.524
18.05 9.311
18.0667 9.1
18.0833 8.891
18.1 8.683
18.1167 8.477
18.1333 8.273
18.15 8.071
18.1667 7.87
18.1833 7.671
18.2 7.475
18.2167 7.28
18.2333 7.087
18.25 6.896
18.2667 6.707
18.2833 6.521
18.3 6.336
18.3167 6.154
18.3333 5.974
18.35 5.796
18.3667 5.62
18.3833 5.446
18.4 5.275
18.4167 5.107
18.4333 4.94
18.45 4.775
18.4667 4.614
18.4833 4.454
18.5 4.297
18.5167 4.142
18.5333 3.99
18.55 3.841
18.5667 3.693
18.5833 3.549
18.6 3.406
18.6167 3.266
18.6333 3.129
18.65 2.994
18.6667 2.861
18.6833 2.731
18.7 2.603
18.7167 2.478
18.7333 2.355
18.75 2.234
18.7667 2.117
18.7833 2.001
18.8 1.888
18.8167 1.777
18.8333 1.67
18.85 1.565
18.8667 1.462
18.8833 1.362
18.9 1.265
18.9167 1.172
18.9333 1.081
18.95 0.9935
18.9667 0.9096
18.9833 0.8294
19.0 0.7532
19.0167 0.6818
19.0333 0.6041
19.05 0.5312
19.0667 0.4701
19.0833 0.4189
19.1 0.3641
19.1167 0.3172
19.1333 0.2709
19.15 0.2351
19.1667 0.1993
19.1833 0.1667
19.2 0.1389
19.2167 0.1147
19.2333 0.09212
19.25 0.07498
19.2667 0.0601
19.2833 0.0479
19.3 0.0376
19.3167 0.0296
19.3333 0.02332
19.35 0.01799
19.3667 0.01371
19.3833 0.01031
19.4 0.007765
19.4167 0.005828
19.4333 0.004212
19.45 0.003073
19.4667 0.002142
19.4833 0.001467
19.5 0.0009813
19.5167 0.0006357
19.5333 0.0003936
19.55 0.0002262
19.5667 0.0001121
19.5833 4.106e-05
19.6 8.547e-06
19.6167 6.887e-07
19.6333 2.18e-08
19.65 1.761e-10
19.6667 1.656e-13
19.6833 0.0
19.7 0.0
19.7167 0.0
19.7333 0.0
19.75 0.0
19.7667 0.0
19.7833 0.0
19.8 0.0
19.8167 0.0
19.8333 0.0
19.85 0.0
19.8667 0.0
19.8833 0.0
19.9 0.0
19.9167 0.0
19.9333 0.0
19.95 0.0
19.9667 0.0
19.9833 0.0
20.0 0.0
20.0167 0.0
20.0333 0.0
20.05 0.0
20.0667 0.0
20.0833 0.0
20.1 0.0
20.1167 0.0
20.1333 0.0
20.15 0.0
20.1667 0.0
20.1833 0.0
20.2 0.0
20.2167 0.0
20.2333 0.0
20.25 0.0
20.2667 0.0
20.2833 0.0
20.3 0.0
20.3167 0.0
20.3333 0.0
20.35 0.0
20.3667 0.0
20.3833 0.0
20.4 0.0
20.4167 0.0
20.4333 0.0
20.45 0.0
20.4667 0.0
20.4833 0.0
20.5 0.0
20.5167 0.0
20.5333 0.0
20.55 0.0
20.5667 0.0
20.5833 0.0
20.6 0.0
20.6167 0.0
20.6333 0.0
20.65 0.0
20.6667 0.0
20.6833 0.0
20.7 0.0
20.7167 0.0
20.7333 0.0
20.75 0.0
20.7667 0.0
20.7833 0.0
20.8 0.0
20.8167 0.0
20.8333 0.0
20.85 0.0
20.8667 0.0
20.8833 0.0
20.9 0.0
20.9167 0.0
20.9333 0.0
20.95 0.0
20.9667 0.0
20.9833 0.0
21.0 0.0
21.0167 0.0
21.0333 0.0
21.05 0.0
21.0667 0.0
21.0833 0.0
21.1 0.0
21.1167 0.0
21.1333 0.0
21.15 0.0
21.1667 0.0
21.1833 0.0
21.2 0.0
21.2167 0.0
21.2333 0.0
21.25 0.0
21.2667 0.0
21.2833 0.0
21.3 0.0
21.3167 0.0
21.3333 0.0
21.35 0.0
21.3667 0.0
21.3833 0.0
21.4 0.0
21.4167 0.0
21.4333 0.0
21.45 0.0
21.4667 0.0
21.4833 0.0
21.5 0.0
21.5167 0.0
21.5333 0.0
21.55 0.0
21.5667 0.0
21.5833 0.0
21.6 0.0
21.6167 0.0
21.6333 0.0
21.65 0.0
21.6667 0.0
21.6833 0.0
21.7 0.0
21.7167 0.0
21.7333 0.0
21.75 0.0
21.7667 0.0
21.7833 0.0
21.8 0.0
21.8167 0.0
21.8333 0.0
21.85 0.0
21.8667 0.0
21.8833 0.0
21.9 0.0
21.9167 0.0
21.9333 0.0
21.95 0.0
21.9667 0.0
21.9833 0.0
22.0 0.0
22.0167 0.0
22.0333 0.0
22.05 0.0
22.0667 0.0
22.0833 0.0
22.1 0.0
22.1167 0.0
22.1333 0.0
22.15 0.0
22.1667 0.0
22.1833 0.0
22.2 0.0
22.2167 0.0
22.2333 0.0
22.25 0.0
22.2667 0.0
22.2833 0.0
22.3 0.0
22.3167 0.0
22.3333 0.0
22.35 0.0
22.3667 0.0
22.3833 0.0
22.4 0.0
22.4167 0.0
22.4333 0.0
22.45 0.0
22.4667 0.0
22.4833 0.0
22.5 0.0
22.5167 0.0
22.5333 0.0
22.55 0.0
22.5667 0.0
22.5833 0.0
22.6 0.0
22.6167 0.0
22.6333 0.0
22.65 0.0
22.6667 0.0
22.6833 0.0
22.7 0.0
22.7167 0.0
22.7333 0.0
22.75 0.0
22.7667 0.0
22.7833 0.0
22.8 0.0
22.8167 0.0
22.8333 0.0
22.85 0.0
22.8667 0.0
22.8833 0.0
22.9 0.0
22.9167 0.0
22.9333 0.0
22.95 0.0
22.9667 0.0
22.9833 0.0
23.0 0.0
23.0167 0.0
23.0333 0.0
23.05 0.0
23.0667 0.0
23.0833 0.0
23.1 0.0
23.1167 0.0
23.1333 0.0
23.15 0.0
23.1667 0.0
23.1833 0.0
23.2 0.0
23.2167 0.0
23.2333 0.0
23.25 0.0
23.2667 0.0
23.2833 0.0
23.3 0.0
23.3167 0.0
23.3333 0.0
23.35 0.0
23.3667 0.0
23.3833 0.0
23.4 0.0
23.4167 0.0
23.4333 0.0
23.45 0.0
23.4667 0.0
23.4833 0.0
23.5 0.0
23.5167 0.0
23.5333 0.0
23.55 0.0
23.5667 0.0
23.5833 0.0
23.6 0.0
23.6167 0.0
23.6333 0.0
23.65 0.0
23.6667 0.0
23.6833 0.0
23.7 0.0
23.7167 0.0
23.7333 0.0
23.75 0.0
23.7667 0.0
23.7833 0.0
23.8 0.0
23.8167 0.0
23.8333 0.0
23.85 0.0
23.8667 0.0
23.8833 0.0
23.9 0.0
23.9167 0.0
23.9333 0.0
23.95 0.0
23.9667 0.0
23.9833 0.0
