0.0 0.0
0.0167 0.0
0.0333 0.0
0.05 0.0
0.0667 0.0
0.0833 0.0
0.1 0.0
0.1167 0.0
0.1333 0.0
0.15 0.0
0.1667 0.0
0.1833 0.0
0.2 0.0
0.2167 0.0
0.2333 0.0
0.25 0.0
0.2667 0.0
0.2833 0.0
0.3 0.0
0.3167 0.0
0.3333 0.0
0.35 0.0
0.3667 0.0
0.3833 0.0
0.4 0.0
0.4167 0.0
0.4333 0.0
0.45 0.0
0.4667 0.0
0.4833 0.0
0.5 0.0
0.5167 0.0
0.5333 0.0
0.55 0.0
0.5667 0.0
0.5833 0.0
0.6 0.0
0.6167 0.0
0.6333 0.0
0.65 0.0
0.6667 0.0
0.6833 0.0
0.7 0.0
0.7167 0.0
0.7333 0.0
0.75 0.0
0.7667 0.0
0.7833 0.0
0.8 0.0
0.8167 0.0
0.8333 0.0
0.85 0.0
0.8667 0.0
0.8833 0.0
0.9 0.0
0.9167 0.0
0.9333 0.0
0.95 0.0
0.9667 0.0
0.9833 0.0
1.0 0.0
1.0167 0.0
1.0333 0.0
1.05 0.0
1.0667 0.0
1.0833 0.0
1.1 0.0
1.1167 0.0
1.1333 0.0
1.15 0.0
1.1667 0.0
1.1833 0.0
1.2 0.0
1.2167 0.0
1.2333 0.0
1.25 0.0
1.2667 0.0
1.2833 0.0
1.3 0.0
1.3167 0.0
1.3333 0.0
1.35 0.0
1.3667 0.0
1.3833 0.0
1.4 0.0
1.4167 0.0
1.4333 0.0
1.45 0.0
1.4667 0.0
1.4833 0.0
1.5 0.0
1.5167 0.0
1.5333 0.0
1.55 0.0
1.5667 0.0
1.5833 0.0
1.6 0.0
1.6167 0.0
1.6333 0.0
1.65 0.0
1.6667 0.0
1.6833 0.0
1.7 0.0
1.7167 0.0
1.7333 0.0
1.75 0.0
1.7667 0.0
1.7833 0.0
1.8 0.0
1.8167 0.0
1.8333 0.0
1.85 0.0
1.8667 0.0
1.8833 0.0
1.9 0.0
1.9167 0.0
1.9333 0.0
1.95 0.0
1.9667 0.0
1.9833 0.0
2.0 0.0
2.0167 0.0
2.0333 0.0
2.05 0.0
2.0667 0.0
2.0833 0.0
2.1 0.0
2.1167 0.0
2.1333 0.0
2.15 0.0
2.1667 0.0
2.1833 0.0
2.2 0.0
2.2167 0.0
2.2333 0.0
2.25 0.0
2.2667 0.0
2.2833 0.0
2.3 0.0
2.3167 0.0
2.3333 0.0
2.35 0.0
2.3667 0.0
2.3833 0.0
2.4 0.0
2.4167 0.0
2.4333 0.0
2.45 0.0
2.4667 0.0
2.4833 0.0
2.5 0.0
2.5167 0.0
2.5333 0.0
2.55 0.0
2.5667 0.0
2.5833 0.0
2.6 0.0
2.6167 0.0
2.6333 0.0
2.65 0.0
2.6667 0.0
2.6833 0.0
2.7 0.0
2.7167 0.0
2.7333 0.0
2.75 0.0
2.7667 0.0
2.7833 0.0
2.8 0.0
2.8167 0.0
2.8333 0.0
2.85 0.0
2.8667 0.0
2.8833 0.0
2.9 0.0
2.9167 0.0
2.9333 0.0
2.95 0.0
2.9667 0.0
2.9833 0.0
3.0 0.0
3.0167 0.0
3.0333 0.0
3.05 0.0
3.0667 0.0
3.0833 0.0
3.1 0.0
3.1167 0.0
3.1333 0.0
3.15 0.0
3.1667 0.0
3.1833 0.0
3.2 0.0
3.2167 0.0
3.2333 0.0
3.25 0.0
3.2667 0.0
3.2833 0.0
3.3 0.0
3.3167 0.0
3.3333 0.0
3.35 0.0
3.3667 0.0
3.3833 0.0
3.4 0.0
3.4167 0.0
3.4333 0.0
3.45 0.0
3.4667 0.0
3.4833 0.0
3.5 0.0
3.5167 0.0
3.5333 0.0
3.55 0.0
3.5667 0.0
3.5833 0.0
3.6 0.0
3.6167 0.0
3.6333 0.0
3.65 0.0
3.6667 0.0
3.6833 0.0
3.7 0.0
3.7167 0.0
3.7333 0.0
3.75 0.0
3.7667 0.0
3.7833 0.0
3.8 0.0
3.8167 0.0
3.8333 0.0
3.85 0.0
3.8667 0.0
3.8833 0.0
3.9 0.0
3.9167 0.0
3.9333 0.0
3.95 0.0
3.9667 0.0
3.9833 0.0
4.0 0.0
4.0167 0.0
4.0333 0.0
4.05 0.0
4.0667 0.0
4.0833 0.0
4.1 0.0
4.1167 0.0
4.1333 0.0
4.15 0.0
4.1667 0.0
4.1833 0.0
4.2 0.0
4.2167 0.0
4.2333 0.0
4.25 0.0
4.2667 0.0
4.2833 0.0
4.3 0.0
4.3167 0.0
4.3333 0.0
4.35 0.0
4.3667 0.0
4.3833 0.0
4.4 0.0
4.4167 0.0
4.4333 0.0
4.45 0.0
4.4667 0.0
4.4833 0.0
4.5 0.0
4.5167 0.0
4.5333 0.0
4.55 0.0
4.5667 0.0
4.5833 0.0
4.6 0.0
4.6167 0.0
4.6333 0.0
4.65 0.0
4.6667 0.0
4.6833 0.0
4.7 0.0
4.7167 0.0
4.7333 0.0
4.75 0.0
4.7667 0.0
4.7833 0.0
4.8 0.0
4.8167 0.0
4.8333 0.0
4.85 0.0
4.8667 0.0
4.8833 0.0
4.9 0.0
4.9167 0.0
4.9333 0.0
4.95 0.0
4.9667 0.0
4.9833 0.0
5.0 0.0
5.0167 0.0
5.0333 0.0
5.05 0.0
5.0667 0.0
5.0833 0.0
5.1 0.0
5.1167 0.0
5.1333 0.0
5.15 0.0
5.1667 0.0
5.1833 0.0
5.2 0.0
5.2167 0.0
5.2333 0.0
5.25 0.0
5.2667 0.0
5.2833 0.0
5.3 0.0
5.3167 0.0
5.3333 0.0
5.35 0.0
5.3667 0.0
5.3833 0.0
5.4 0.0
5.4167 0.0
5.4333 0.0
5.45 0.0
5.4667 0.0
5.4833 0.0
5.5 0.0
5.5167 0.0
5.5333 0.0
5.55 0.0
5.5667 0.0
5.5833 0.0
5.6 0.0
5.6167 0.0
5.6333 0.0
5.65 0.0
5.6667 0.0
5.6833 0.0
5.7 0.0
5.7167 0.0
5.7333 0.0
5.75 0.0
5.7667 0.0
5.7833 0.0
5.8 0.0
5.8167 0.0
5.8333 0.0
5.85 0.0
5.8667 0.0
5.8833 0.0
5.9 5.291e-14
5.9167 1.194e-10
5.9333 2.092e-08
5.95 7.501e-07
5.9667 9.708e-06
5.9833 4.836e-05
6.0 0.0001275
6.0167 0.0002579
6.0333 0.0004566
6.05 0.0007373
6.0667 0.001142
6.0833 0.001715
6.1 0.002513
6.1167 0.003612
6.1333 0.004973
6.15 0.006884
6.1667 0.009231
6.1833 0.01248
6.2 0.01647
6.2167 0.02152
6.2333 0.028
6.25 0.03631
6.2667 0.04593
6.2833 0.05822
6.3 0.0744
6.3167 0.09134
6.3333 0.1126
6.35 0.1405
6.3667 0.1695
6.3833 0.2035
6.4 0.2392
6.4167 0.2786
6.4333 0.3276
6.45 0.3787
6.4667 0.4355
6.4833 0.4906
6.5 0.5568
6.5167 0.6365
6.5333 0.7165
6.55 0.7932
6.5667 0.8748
6.5833 0.9608
6.6 1.051
6.6167 1.145
6.6333 1.242
6.65 1.342
6.6667 1.446
6.6833 1.552
6.7 1.662
6.7167 1.774
6.7333 1.89
6.75 2.008
6.7667 2.128
6.7833 2.251
6.8 2.378
6.8167 2.506
6.8333 2.637
6.85 2.771
6.8667 2.908
6.8833 3.046
6.9 3.188
6.9167 3.333
6.9333 3.479
6.95 3.629
6.9667 3.781
6.9833 3.935
7.0 4.093
7.0167 4.252
7.0333 4.415
7.05 4.579
7.0667 4.747
7.0833 4.917
7.1 5.089
7.1167 5.264
7.1333 5.442
7.15 5.621
7.1667 5.803
7.1833 5.989
7.2 6.175
7.2167 6.365
7.2333 6.556
7.25 6.75
7.2667 6.946
7.2833 7.144
7.3 7.344
7.3167 7.547
7.3333 7.751
7.35 7.957
7.3667 8.166
7.3833 8.377
7.4 8.589
7.4167 8.803
7.4333 9.019
7.45 9.236
7.4667 9.456
7.4833 9.678
7.5 9.9
7.5167 10.12
7.5333 10.35
7.55 10.58
7.5667 10.81
7.5833 11.04
7.6 11.27
7.6167 11.5
7.6333 11.74
7.65 11.97
7.6667 12.21
7.6833 12.45
7.7 12.69
7.7167 12.93
7.7333 13.17
7.75 13.42
7.7667 13.66
7.7833 13.91
7.8 14.15
7.8167 14.4
7.8333 14.65
7.85 14.9
7.8667 15.15
7.8833 15.4
7.9 15.65
7.9167 15.9
7.9333 16.16
7.95 16.41
7.9667 16.67
7.9833 16.92
8.0 17.18
8.0167 17.44
8.0333 17.69
8.05 17.95
8.0667 18.21
8.0833 18.47
8.1 18.73
8.1167 18.99
8.1333 19.25
8.15 19.51
8.1667 19.77
8.1833 20.03
8.2 20.29
8.2167 20.56
8.2333 20.82
8.25 21.08
8.2667 21.35
8.2833 21.61
8.3 21.87
8.3167 22.14
8.3333 22.4
8.35 22.67
8.3667 22.93
8.3833 23.19
8.4 23.46
8.4167 23.72
8.4333 23.99
8.45 24.25
8.4667 24.52
8.4833 24.78
8.5 25.05
8.5167 25.31
8.5333 25.58
8.55 25.84
8.5667 26.11
8.5833 26.37
8.6 26.64
8.6167 26.9
8.6333 27.17
8.65 27.43
8.6667 27.7
8.6833 27.96
8.7 28.22
8.7167 28.49
8.7333 28.75
8.75 29.01
8.7667 29.28
8.7833 29.54
8.8 29.8
8.8167 30.06
8.8333 30.32
8.85 30.59
8.8667 30.85
8.8833 31.11
8.9 31.37
8.9167 31.63
8.9333 31.89
8.95 32.15
8.9667 32.41
8.9833 32.66
9.0 32.92
9.0167 33.18
9.0333 33.44
9.05 33.69
9.0667 33.95
9.0833 34.2
9.1 34.46
9.1167 34.71
9.1333 34.97
9.15 35.22
9.1667 35.47
9.1833 35.73
9.2 35.98
9.2167 36.23
9.2333 36.48
9.25 36.73
9.2667 36.98
9.2833 37.23
9.3 37.47
9.3167 37.72
9.3333 37.97
9.35 38.21
9.3667 38.46
9.3833 38.7
9.4 38.95
9.4167 39.19
9.4333 39.43
9.45 39.68
9.4667 39.92
9.4833 40.16
9.5 40.4
9.5167 40.64
9.5333 40.87
9.55 41.11
9.5667 41.35
9.5833 41.58
9.6 41.82
9.6167 42.05
9.6333 42.29
9.65 42.52
9.6667 42.75
9.6833 42.98
9.7 43.21
9.7167 43.44
9.7333 43.67
9.75 43.9
9.7667 44.12
9.7833 44.35
9.8 44.57
9.8167 44.8
9.8333 45.02
9.85 45.24
9.8667 45.46
9.8833 45.68
9.9 45.9
9.9167 46.12
9.9333 46.34
9.95 46.55
9.9667 46.77
9.9833 46.98
10.0 47.2
10.0167 47.41
10.0333 47.62
10.05 47.83
10.0667 48.04
10.0833 48.25
10.1 48.45
10.1167 48.66
10.1333 48.86
10.15 49.07
10.1667 49.27
10.1833 49.47
10.2 49.67
10.2167 49.87
10.2333 50.07
10.25 50.27
10.2667 50.47
10.2833 50.66
10.3 50.86
10.3167 51.05
10.3333 51.24
10.35 51.43
10.3667 51.62
10.3833 51.81
10.4 52.0
10.4167 52.19
10.4333 52.37
10.45 52.56
10.4667 52.74
10.4833 52.92
10.5 53.1
10.5167 53.28
10.5333 53.46
10.55 53.64
10.5667 53.81
10.5833 53.99
10.6 54.16
10.6167 54.33
10.6333 54.51
10.65 54.68
10.6667 54.84
10.6833 55.01
10.7 55.18
10.7167 55.34
10.7333 55.51
10.75 55.67
10.7667 55.83
10.7833 55.99
10.8 56.15
10.8167 56.31
10.8333 56.46
10.85 56.62
10.8667 56.77
10.8833 56.93
10.9 57.08
10.9167 57.23
10.9333 57.38
10.95 57.52
10.9667 57.67
10.9833 57.81
11.0 57.96
11.0167 58.1
11.0333 58.24
11.05 58.38
11.0667 58.52
11.0833 58.65
11.1 58.79
11.1167 58.92
11.1333 59.06
11.15 59.19
11.1667 59.32
11.1833 59.45
11.2 59.58
11.2167 59.7
11.2333 59.83
11.25 59.95
11.2667 60.07
11.2833 60.19
11.3 60.31
11.3167 60.43
11.3333 60.55
11.35 60.66
11.3667 60.78
11.3833 60.89
11.4 61.0
11.4167 61.11
11.4333 61.22
11.45 61.33
11.4667 61.43
11.4833 61.53
11.5 61.64
11.5167 61.74
11.5333 61.84
11.55 61.94
11.5667 62.03
11.5833 62.13
11.6 62.22
11.6167 62.32
11.6333 62.41
11.65 62.5
11.6667 62.59
11.6833 62.67
11.7 62.76
11.7167 62.84
11.7333 62.93
11.75 63.01
11.7667 63.09
11.7833 63.17
11.8 63.24
11.8167 63.32
11.8333 63.39
11.85 63.47
11.8667 63.54
11.8833 63.61
11.9 63.68
11.9167 63.74
11.9333 63.81
11.95 63.87
11.9667 63.93
11.9833 64.0
12.0 64.06
12.0167 64.11
12.0333 64.17
12.05 64.23
12.0667 64.28
12.0833 64.33
12.1 64.38
12.1167 64.43
12.1333 64.48
12.15 64.53
12.1667 64.57
12.1833 64.61
12.2 64.65
12.2167 64.7
12.2333 64.73
12.25 64.77
12.2667 64.81
12.2833 64.84
12.3 64.88
12.3167 64.91
12.3333 64.94
12.35 64.97
12.3667 64.99
12.3833 65.02
12.4 65.04
12.4167 65.06
12.4333 65.08
12.45 65.1
12.4667 65.12
12.4833 65.14
12.5 65.15
12.5167 65.17
12.5333 65.18
12.55 65.19
12.5667 65.2
12.5833 65.21
12.6 65.21
12.6167 65.22
12.6333 65.22
12.65 65.22
12.6667 65.22
12.6833 65.22
12.7 65.22
12.7167 65.21
12.7333 65.21
12.75 65.2
12.7667 65.19
12.7833 65.18
12.8 65.17
12.8167 65.16
12.8333 65.14
12.85 65.13
12.8667 65.11
12.8833 65.09
12.9 65.07
12.9167 65.04
12.9333 65.02
12.95 65.0
12.9667 64.97
12.9833 64.94
13.0 64.91
13.0167 64.88
13.0333 64.85
13.05 64.81
13.0667 64.78
13.0833 64.74
13.1 64.7
13.1167 64.66
13.1333 64.62
13.15 64.58
13.1667 64.53
13.1833 64.48
13.2 64.44
13.2167 64.39
13.2333 64.33
13.25 64.29
13.2667 64.23
13.2833 64.18
13.3 64.12
13.3167 64.06
13.3333 64.0
13.35 63.94
13.3667 63.88
13.3833 63.82
13.4 63.75
13.4167 63.68
13.4333 63.62
13.45 63.55
13.4667 63.48
13.4833 63.4
13.5 63.33
13.5167 63.25
13.5333 63.18
13.55 63.1
13.5667 63.02
13.5833 62.94
13.6 62.86
13.6167 62.77
13.6333 62.69
13.65 62.6
13.6667 62.51
13.6833 62.42
13.7 62.33
13.7167 62.24
13.7333 62.14
13.75 62.05
13.7667 61.95
13.7833 61.85
13.8 61.75
13.8167 61.65
13.8333 61.55
13.85 61.44
13.8667 61.34
13.8833 61.23
13.9 61.12
13.9167 61.01
13.9333 60.9
13.95 60.79
13.9667 60.68
13.9833 60.56
14.0 60.45
14.0167 60.33
14.0333 60.21
14.05 60.09
14.0667 59.97
14.0833 59.84
14.1 59.72
14.1167 59.59
14.1333 59.47
14.15 59.34
14.1667 59.21
14.1833 59.08
14.2 58.94
14.2167 58.81
14.2333 58.67
14.25 58.54
14.2667 58.4
14.2833 58.26
14.3 58.12
14.3167 57.98
14.3333 57.83
14.35 57.69
14.3667 57.54
14.3833 57.4
14.4 57.25
14.4167 57.1
14.4333 56.95
14.45 56.79
14.4667 56.64
14.4833 56.49
14.5 56.33
14.5167 56.17
14.5333 56.01
14.55 55.85
14.5667 55.69
14.5833 55.53
14.6 55.37
14.6167 55.2
14.6333 55.03
14.65 54.87
14.6667 54.7
14.6833 54.53
14.7 54.36
14.7167 54.19
14.7333 54.01
14.75 53.84
14.7667 53.66
14.7833 53.49
14.8 53.31
14.8167 53.13
14.8333 52.95
14.85 52.77
14.8667 52.58
14.8833 52.4
14.9 52.21
14.9167 52.03
14.9333 51.84
14.95 51.65
14.9667 51.46
14.9833 51.27
15.0 51.08
15.0167 50.89
15.0333 50.69
15.05 50.5
15.0667 50.3
15.0833 50.1
15.1 49.9
15.1167 49.7
15.1333 49.5
15.15 49.3
15.1667 49.1
15.1833 48.9
15.2 48.69
15.2167 48.49
15.2333 48.28
15.25 48.07
15.2667 47.86
15.2833 47.65
15.3 47.44
15.3167 47.23
15.3333 47.02
15.35 46.8
15.3667 46.59
15.3833 46.37
15.4 46.15
15.4167 45.94
15.4333 45.72
15.45 45.5
15.4667 45.28
15.4833 45.05
15.5 44.83
15.5167 44.61
15.5333 44.38
15.55 44.16
15.5667 43.93
15.5833 43.71
15.6 43.48
15.6167 43.25
15.6333 43.02
15.65 42.79
15.6667 42.56
15.6833 42.32
15.7 42.09
15.7167 41.86
15.7333 41.62
15.75 41.39
15.7667 41.15
15.7833 40.91
15.8 40.68
15.8167 40.44
15.8333 40.2
15.85 39.96
15.8667 39.72
15.8833 39.48
15.9 39.23
15.9167 38.99
15.9333 38.75
15.95 38.5
15.9667 38.26
15.9833 38.01
16.0 37.76
16.0167 37.52
16.0333 37.27
16.05 37.02
16.0667 36.77
16.0833 36.52
16.1 36.27
16.1167 36.02
16.1333 35.77
16.15 35.52
16.1667 35.27
16.1833 35.01
16.2 34.76
16.2167 34.5
16.2333 34.25
16.25 33.99
16.2667 33.74
16.2833 33.48
16.3 33.23
16.3167 32.97
16.3333 32.71
16.35 32.45
16.3667 32.19
16.3833 31.94
16.4 31.68
16.4167 31.42
16.4333 31.16
16.45 30.9
16.4667 30.64
16.4833 30.37
16.5 30.11
16.5167 29.85
16.5333 29.59
16.55 29.33
16.5667 29.06
16.5833 28.8
16.6 28.54
16.6167 28.28
16.6333 28.01
16.65 27.75
16.6667 27.48
16.6833 27.22
16.7 26.96
16.7167 26.69
16.7333 26.43
16.75 26.16
16.7667 25.9
16.7833 25.63
16.8 25.37
16.8167 25.1
16.8333 24.84
16.85 24.57
16.8667 24.31
16.8833 24.04
16.9 23.78
16.9167 23.51
16.9333 23.25
16.95 22.99
16.9667 22.72
16.9833 22.46
17.0 22.19
17.0167 21.93
17.0333 21.67
17.05 21.4
17.0667 21.14
17.0833 20.88
17.1 20.61
17.1167 20.35
17.1333 20.09
17.15 19.83
17.1667 19.57
17.1833 19.31
17.2 19.04
17.2167 18.78
17.2333 18.53
17.25 18.27
17.2667 18.01
17.2833 17.75
17.3 17.49
17.3167 17.24
17.3333 16.98
17.35 16.72
17.3667 16.47
17.3833 16.21
17.4 15.96
17.4167 15.71
17.4333 15.46
17.45 15.21
17.4667 14.96
17.4833 14.71
17.5 14.46
17.5167 14.21
17.5333 13.96
17.55 13.72
17.5667 13.47
17.5833 13.23
17.6 12.99
17.6167 12.75
17.6333 12.51
17.65 12.27
17.6667 12.03
17.6833 11.8
17.7 11.56
17.7167 11.33
17.7333 11.09
17.75 10.86
17.7667 10.63
17.7833 10.41
17.8 10.18
17.8167 9.956
17.8333 9.733
17.85 9.512
17.8667 9.292
17.8833 9.074
17.9 8.858
17.9167 8.643
17.9333 8.431
17.95 8.22
17.9667 8.011
17.9833 7.805
18.0 7.6
18.0167 7.397
18.0333 7.196
18.05 6.998
18.0667 6.801
18.0833 6.607
18.1 6.415
18.1167 6.226
18.1333 6.038
18.15 5.853
18.1667 5.671
18.1833 5.49
18.2 5.312
18.2167 5.137
18.2333 4.964
18.25 4.793
18.2667 4.626
18.2833 4.46
18.3 4.297
18.3167 4.137
18.3333 3.979
18.35 3.824
18.3667 3.671
18.3833 3.521
18.4 3.374
18.4167 3.229
18.4333 3.087
18.45 2.948
18.4667 2.811
18.4833 2.676
18.5 2.544
18.5167 2.415
18.5333 2.289
18.55 2.165
18.5667 2.043
18.5833 1.924
18.6 1.808
18.6167 1.695
18.6333 1.585
18.65 1.478
18.6667 1.373
18.6833 1.272
18.7 1.174
18.7167 1.079
18.7333 0.9883
18.75 0.9011
18.7667 0.8181
18.7833 0.7399
18.8 0.6645
18.8167 0.5805
18.8333 0.5103
18.85 0.4519
18.8667 0.4034
18.8833 0.3414
18.9 0.2959
18.9167 0.2534
18.9333 0.2125
18.95 0.1775
18.9667 0.1474
18.9833 0.1217
19.0 0.09839
19.0167 0.07883
19.0333 0.06392
19.05 0.04982
19.0667 0.03891
19.0833 0.03038
19.1 0.02354
19.1167 0.01795
19.1333 0.01357
19.15 0.01023
19.1667 0.007683
19.1833 0.005562
19.2 0.004065
19.2167 0.002853
19.2333 0.001962
19.25 0.001319
19.2667 0.000862
19.2833 0.0005429
19.3 0.000324
19.3167 0.0001669
19.3333 7.231e-05
19.35 1.889e-05
19.3667 2.053e-06
19.3833 9.925e-08
19.4 1.007e-09
19.4167 1.778e-12
19.4333 1.759e-30
19.45 0.0
19.4667 0.0
19.4833 0.0
19.5 0.0
19.5167 0.0
19.5333 0.0
19.55 0.0
19.5667 0.0
19.5833 0.0
19.6 0.0
19.6167 0.0
19.6333 0.0
19.65 0.0
19.6667 0.0
19.6833 0.0
19.7 0.0
19.7167 0.0
19.7333 0.0
19.75 0.0
19.7667 0.0
19.7833 0.0
19.8 0.0
19.8167 0.0
19.8333 0.0
19.85 0.0
19.8667 0.0
19.8833 0.0
19.9 0.0
19.9167 0.0
19.9333 0.0
19.95 0.0
19.9667 0.0
19.9833 0.0
20.0 0.0
20.0167 0.0
20.0333 0.0
20.05 0.0
20.0667 0.0
20.0833 0.0
20.1 0.0
20.1167 0.0
20.1333 0.0
20.15 0.0
20.1667 0.0
20.1833 0.0
20.2 0.0
20.2167 0.0
20.2333 0.0
20.25 0.0
20.2667 0.0
20.2833 0.0
20.3 0.0
20.3167 0.0
20.3333 0.0
20.35 0.0
20.3667 0.0
20.3833 0.0
20.4 0.0
20.4167 0.0
20.4333 0.0
20.45 0.0
20.4667 0.0
20.4833 0.0
20.5 0.0
20.5167 0.0
20.5333 0.0
20.55 0.0
20.5667 0.0
20.5833 0.0
20.6 0.0
20.6167 0.0
20.6333 0.0
20.65 0.0
20.6667 0.0
20.6833 0.0
20.7 0.0
20.7167 0.0
20.7333 0.0
20.75 0.0
20.7667 0.0
20.7833 0.0
20.8 0.0
20.8167 0.0
20.8333 0.0
20.85 0.0
20.8667 0.0
20.8833 0.0
20.9 0.0
20.9167 0.0
20.9333 0.0
20.95 0.0
20.9667 0.0
20.9833 0.0
21.0 0.0
21.0167 0.0
21.0333 0.0
21.05 0.0
21.0667 0.0
21.0833 0.0
21.1 0.0
21.1167 0.0
21.1333 0.0
21.15 0.0
21.1667 0.0
21.1833 0.0
21.2 0.0
21.2167 0.0
21.2333 0.0
21.25 0.0
21.2667 0.0
21.2833 0.0
21.3 0.0
21.3167 0.0
21.3333 0.0
21.35 0.0
21.3667 0.0
21.3833 0.0
21.4 0.0
21.4167 0.0
21.4333 0.0
21.45 0.0
21.4667 0.0
21.4833 0.0
21.5 0.0
21.5167 0.0
21.5333 0.0
21.55 0.0
21.5667 0.0
21.5833 0.0
21.6 0.0
21.6167 0.0
21.6333 0.0
21.65 0.0
21.6667 0.0
21.6833 0.0
21.7 0.0
21.7167 0.0
21.7333 0.0
21.75 0.0
21.7667 0.0
21.7833 0.0
21.8 0.0
21.8167 0.0
21.8333 0.0
21.85 0.0
21.8667 0.0
21.8833 0.0
21.9 0.0
21.9167 0.0
21.9333 0.0
21.95 0.0
21.9667 0.0
21.9833 0.0
22.0 0.0
22.0167 0.0
22.0333 0.0
22.05 0.0
22.0667 0.0
22.0833 0.0
22.1 0.0
22.1167 0.0
22.1333 0.0
22.15 0.0
22.1667 0.0
22.1833 0.0
22.2 0.0
22.2167 0.0
22.2333 0.0
22.25 0.0
22.2667 0.0
22.2833 0.0
22.3 0.0
22.3167 0.0
22.3333 0.0
22.35 0.0
22.3667 0.0
22.3833 0.0
22.4 0.0
22.4167 0.0
22.4333 0.0
22.45 0.0
22.4667 0.0
22.4833 0.0
22.5 0.0
22.5167 0.0
22.5333 0.0
22.55 0.0
22.5667 0.0
22.5833 0.0
22.6 0.0
22.6167 0.0
22.6333 0.0
22.65 0.0
22.6667 0.0
22.6833 0.0
22.7 0.0
22.7167 0.0
22.7333 0.0
22.75 0.0
22.7667 0.0
22.7833 0.0
22.8 0.0
22.8167 0.0
22.8333 0.0
22.85 0.0
22.8667 0.0
22.8833 0.0
22.9 0.0
22.9167 0.0
22.9333 0.0
22.95 0.0
22.9667 0.0
22.9833 0.0
23.0 0.0
23.0167 0.0
23.0333 0.0
23.05 0.0
23.0667 0.0
23.0833 0.0
23.1 0.0
23.1167 0.0
23.1333 0.0
23.15 0.0
23.1667 0.0
23.1833 0.0
23.2 0.0
23.2167 0.0
23.2333 0.0
23.25 0.0
23.2667 0.0
23.2833 0.0
23.3 0.0
23.3167 0.0
23.3333 0.0
23.35 0.0
23.3667 0.0
23.3833 0.0
23.4 0.0
23.4167 0.0
23.4333 0.0
23.45 0.0
23.4667 0.0
23.4833 0.0
23.5 0.0
23.5167 0.0
23.5333 0.0
23.55 0.0
23.5667 0.0
23.5833 0.0
23.6 0.0
23.6167 0.0
23.6333 0.0
23.65 0.0
23.6667 0.0
23.6833 0.0
23.7 0.0
23.7167 0.0
23.7333 0.0
23.75 0.0
23.7667 0.0
23.7833 0.0
23.8 0.0
23.8167 0.0
23.8333 0.0
23.85 0.0
23.8667 0.0
23.8833 0.0
23.9 0.0
23.9167 0.0
23.9333 0.0
23.95 0.0
23.9667 0.0
23.9833 0.0
