0.0 0.0
0.0167 0.0
0.0333 0.0
0.05 0.0
0.0667 0.0
0.0833 0.0
0.1 0.0
0.1167 0.0
0.1333 0.0
0.15 0.0
0.1667 0.0
0.1833 0.0
0.2 0.0
0.2167 0.0
0.2333 0.0
0.25 0.0
0.2667 0.0
0.2833 0.0
0.3 0.0
0.3167 0.0
0.3333 0.0
0.35 0.0
0.3667 0.0
0.3833 0.0
0.4 0.0
0.4167 0.0
0.4333 0.0
0.45 0.0
0.4667 0.0
0.4833 0.0
0.5 0.0
0.5167 0.0
0.5333 0.0
0.55 0.0
0.5667 0.0
0.5833 0.0
0.6 0.0
0.6167 0.0
0.6333 0.0
0.65 0.0
0.6667 0.0
0.6833 0.0
0.7 0.0
0.7167 0.0
0.7333 0.0
0.75 0.0
0.7667 0.0
0.7833 0.0
0.8 0.0
0.8167 0.0
0.8333 0.0
0.85 0.0
0.8667 0.0
0.8833 0.0
0.9 0.0
0.9167 0.0
0.9333 0.0
0.95 0.0
0.9667 0.0
0.9833 0.0
1.0 0.0
1.0167 0.0
1.0333 0.0
1.05 0.0
1.0667 0.0
1.0833 0.0
1.1 0.0
1.1167 0.0
1.1333 0.0
1.15 0.0
1.1667 0.0
1.1833 0.0
1.2 0.0
1.2167 0.0
1.2333 0.0
1.25 0.0
1.2667 0.0
1.2833 0.0
1.3 0.0
1.3167 0.0
1.3333 0.0
1.35 0.0
1.3667 0.0
1.3833 0.0
1.4 0.0
1.4167 0.0
1.4333 0.0
1.45 0.0
1.4667 0.0
1.4833 0.0
1.5 0.0
1.5167 0.0
1.5333 0.0
1.55 0.0
1.5667 0.0
1.5833 0.0
1.6 0.0
1.6167 0.0
1.6333 0.0
1.65 0.0
1.6667 0.0
1.6833 0.0
1.7 0.0
1.7167 0.0
1.7333 0.0
1.75 0.0
1.7667 0.0
1.7833 0.0
1.8 0.0
1.8167 0.0
1.8333 0.0
1.85 0.0
1.8667 0.0
1.8833 0.0
1.9 0.0
1.9167 0.0
1.9333 0.0
1.95 0.0
1.9667 0.0
1.9833 0.0
2.0 0.0
2.0167 0.0
2.0333 0.0
2.05 0.0
2.0667 0.0
2.0833 0.0
2.1 0.0
2.1167 0.0
2.1333 0.0
2.15 0.0
2.1667 0.0
2.1833 0.0
2.2 0.0
2.2167 0.0
2.2333 0.0
2.25 0.0
2.2667 0.0
2.2833 0.0
2.3 0.0
2.3167 0.0
2.3333 0.0
2.35 0.0
2.3667 0.0
2.3833 0.0
2.4 0.0
2.4167 0.0
2.4333 0.0
2.45 0.0
2.4667 0.0
2.4833 0.0
2.5 0.0
2.5167 0.0
2.5333 0.0
2.55 0.0
2.5667 0.0
2.5833 0.0
2.6 0.0
2.6167 0.0
2.6333 0.0
2.65 0.0
2.6667 0.0
2.6833 0.0
2.7 0.0
2.7167 0.0
2.7333 0.0
2.75 0.0
2.7667 0.0
2.7833 0.0
2.8 0.0
2.8167 0.0
2.8333 0.0
2.85 0.0
2.8667 0.0
2.8833 0.0
2.9 0.0
2.9167 0.0
2.9333 0.0
2.95 0.0
2.9667 0.0
2.9833 0.0
3.0 0.0
3.0167 0.0
3.0333 0.0
3.05 0.0
3.0667 0.0
3.0833 0.0
3.1 0.0
3.1167 0.0
3.1333 0.0
3.15 0.0
3.1667 0.0
3.1833 0.0
3.2 0.0
3.2167 0.0
3.2333 0.0
3.25 0.0
3.2667 0.0
3.2833 0.0
3.3 0.0
3.3167 0.0
3.3333 0.0
3.35 0.0
3.3667 0.0
3.3833 0.0
3.4 0.0
3.4167 0.0
3.4333 0.0
3.45 0.0
3.4667 0.0
3.4833 0.0
3.5 0.0
3.5167 0.0
3.5333 0.0
3.55 0.0
3.5667 0.0
3.5833 0.0
3.6 0.0
3.6167 0.0
3.6333 0.0
3.65 0.0
3.6667 0.0
3.6833 0.0
3.7 0.0
3.7167 0.0
3.7333 0.0
3.75 0.0
3.7667 0.0
3.7833 0.0
3.8 0.0
3.8167 0.0
3.8333 0.0
3.85 0.0
3.8667 0.0
3.8833 0.0
3.9 0.0
3.9167 0.0
3.9333 0.0
3.95 0.0
3.9667 0.0
3.9833 0.0
4.0 0.0
4.0167 0.0
4.0333 0.0
4.05 0.0
4.0667 0.0
4.0833 0.0
4.1 0.0
4.1167 0.0
4.1333 0.0
4.15 0.0
4.1667 0.0
4.1833 0.0
4.2 0.0
4.2167 0.0
4.2333 0.0
4.25 0.0
4.2667 0.0
4.2833 0.0
4.3 0.0
4.3167 0.0
4.3333 0.0
4.35 0.0
4.3667 0.0
4.3833 0.0
4.4 0.0
4.4167 0.0
4.4333 0.0
4.45 0.0
4.4667 0.0
4.4833 0.0
4.5 0.0
4.5167 0.0
4.5333 0.0
4.55 0.0
4.5667 0.0
4.5833 0.0
4.6 0.0
4.6167 0.0
4.6333 0.0
4.65 0.0
4.6667 0.0
4.6833 0.0
4.7 0.0
4.7167 0.0
4.7333 0.0
4.75 0.0
4.7667 0.0
4.7833 0.0
4.8 0.0
4.8167 0.0
4.8333 0.0
4.85 0.0
4.8667 0.0
4.8833 0.0
4.9 0.0
4.9167 0.0
4.9333 0.0
4.95 0.0
4.9667 0.0
4.9833 0.0
5.0 0.0
5.0167 0.0
5.0333 0.0
5.05 0.0
5.0667 0.0
5.0833 0.0
5.1 0.0
5.1167 0.0
5.1333 0.0
5.15 0.0
5.1667 0.0
5.1833 0.0
5.2 0.0
5.2167 0.0
5.2333 0.0
5.25 0.0
5.2667 0.0
5.2833 0.0
5.3 0.0
5.3167 0.0
5.3333 0.0
5.35 0.0
5.3667 0.0
5.3833 0.0
5.4 0.0
5.4167 0.0
5.4333 0.0
5.45 0.0
5.4667 0.0
5.4833 0.0
5.5 0.0
5.5167 0.0
5.5333 0.0
5.55 0.0
5.5667 0.0
5.5833 0.0
5.6 0.0
5.6167 0.0
5.6333 0.0
5.65 0.0
5.6667 0.0
5.6833 0.0
5.7 0.0
5.7167 0.0
5.7333 0.0
5.75 0.0
5.7667 0.0
5.7833 0.0
5.8 0.0
5.8167 0.0
5.8333 0.0
5.85 0.0
5.8667 0.0
5.8833 0.0
5.9 0.0
5.9167 0.0
5.9333 0.0
5.95 0.0
5.9667 0.0
5.9833 0.0
6.0 0.0
6.0167 0.0
6.0333 0.0
6.05 0.0
6.0667 0.0
6.0833 0.0
6.1 0.0
6.1167 0.0
6.1333 0.0
6.15 0.0
6.1667 0.0
6.1833 0.0
6.2 0.0
6.2167 0.0
6.2333 0.0
6.25 0.0
6.2667 0.0
6.2833 0.0
6.3 0.0
6.3167 0.0
6.3333 0.0
6.35 0.0
6.3667 0.0
6.3833 0.0
6.4 0.0
6.4167 0.0
6.4333 0.0
6.45 0.0
6.4667 0.0
6.4833 0.0
6.5 0.0
6.5167 0.0
6.5333 0.0
6.55 0.0
6.5667 0.0
6.5833 4.708e-13
6.6 3.256e-10
6.6167 3.693e-08
6.6333 8.836e-07
6.65 9.81e-06
6.6667 4.51e-05
6.6833 0.0001202
6.7 0.0002387
6.7167 0.0004106
6.7333 0.0006573
6.75 0.001008
6.7667 0.001501
6.7833 0.002144
6.8 0.00302
6.8167 0.004229
6.8333 0.005673
6.85 0.007581
6.8667 0.01016
6.8833 0.01322
6.9 0.01712
6.9167 0.02206
6.9333 0.02834
6.95 0.03535
6.9667 0.04466
6.9833 0.05645
7.0 0.06922
7.0167 0.08499
7.0333 0.1055
7.05 0.1268
7.0667 0.1518
7.0833 0.1808
7.1 0.2144
7.1167 0.2539
7.1333 0.2876
7.15 0.3349
7.1667 0.3801
7.1833 0.4375
7.2 0.4871
7.2167 0.5458
7.2333 0.6152
7.25 0.6968
7.2667 0.7665
7.2833 0.8406
7.3 0.9187
7.3167 1.0
7.3333 1.085
7.35 1.174
7.3667 1.265
7.3833 1.358
7.4 1.455
7.4167 1.554
7.4333 1.656
7.45 1.76
7.4667 1.866
7.4833 1.974
7.5 2.085
7.5167 2.198
7.5333 2.313
7.55 2.43
7.5667 2.55
7.5833 2.671
7.6 2.795
7.6167 2.92
7.6333 3.048
7.65 3.177
7.6667 3.309
7.6833 3.443
7.7 3.579
7.7167 3.717
7.7333 3.856
7.75 3.998
7.7667 4.142
7.7833 4.288
7.8 4.436
7.8167 4.586
7.8333 4.737
7.85 4.891
7.8667 5.047
7.8833 5.204
7.9 5.363
7.9167 5.525
7.9333 5.688
7.95 5.852
7.9667 6.019
7.9833 6.187
8.0 6.357
8.0167 6.529
8.0333 6.702
8.05 6.877
8.0667 7.054
8.0833 7.232
8.1 7.412
8.1167 7.593
8.1333 7.775
8.15 7.959
8.1667 8.145
8.1833 8.332
8.2 8.52
8.2167 8.709
8.2333 8.9
8.25 9.092
8.2667 9.285
8.2833 9.479
8.3 9.674
8.3167 9.871
8.3333 10.07
8.35 10.27
8.3667 10.47
8.3833 10.67
8.4 10.87
8.4167 11.07
8.4333 11.27
8.45 11.48
8.4667 11.68
8.4833 11.89
8.5 12.09
8.5167 12.3
8.5333 12.51
8.55 12.72
8.5667 12.93
8.5833 13.14
8.6 13.35
8.6167 13.56
8.6333 13.77
8.65 13.98
8.6667 14.19
8.6833 14.41
8.7 14.62
8.7167 14.83
8.7333 15.05
8.75 15.26
8.7667 15.48
8.7833 15.69
8.8 15.91
8.8167 16.12
8.8333 16.34
8.85 16.56
8.8667 16.77
8.8833 16.99
8.9 17.21
8.9167 17.42
8.9333 17.64
8.95 17.86
8.9667 18.07
8.9833 18.29
9.0 18.51
9.0167 18.73
9.0333 18.94
9.05 19.16
9.0667 19.38
9.0833 19.6
9.1 19.81
9.1167 20.03
9.1333 20.25
9.15 20.46
9.1667 20.68
9.1833 20.9
9.2 21.11
9.2167 21.33
9.2333 21.54
9.25 21.76
9.2667 21.98
9.2833 22.19
9.3 22.41
9.3167 22.62
9.3333 22.83
9.35 23.05
9.3667 23.26
9.3833 23.47
9.4 23.69
9.4167 23.9
9.4333 24.11
9.45 24.32
9.4667 24.54
9.4833 24.75
9.5 24.96
9.5167 25.17
9.5333 25.38
9.55 25.59
9.5667 25.79
9.5833 26.0
9.6 26.21
9.6167 26.42
9.6333 26.62
9.65 26.83
9.6667 27.04
9.6833 27.24
9.7 27.44
9.7167 27.65
9.7333 27.85
9.75 28.05
9.7667 28.26
9.7833 28.46
9.8 28.66
9.8167 28.86
9.8333 29.06
9.85 29.25
9.8667 29.45
9.8833 29.65
9.9 29.85
9.9167 30.04
9.9333 30.24
9.95 30.43
9.9667 30.62
9.9833 30.82
10.0 31.01
10.0167 31.2
10.0333 31.39
10.05 31.58
10.0667 31.77
10.0833 31.96
10.1 32.15
10.1167 32.33
10.1333 32.52
10.15 32.7
10.1667 32.89
10.1833 33.07
10.2 33.25
10.2167 33.43
10.2333 33.61
10.25 33.79
10.2667 33.97
10.2833 34.15
10.3 34.33
10.3167 34.5
10.3333 34.68
10.35 34.85
10.3667 35.02
10.3833 35.2
10.4 35.37
10.4167 35.54
10.4333 35.71
10.45 35.88
10.4667 36.04
10.4833 36.21
10.5 36.37
10.5167 36.54
10.5333 36.7
10.55 36.86
10.5667 37.03
10.5833 37.19
10.6 37.35
10.6167 37.5
10.6333 37.66
10.65 37.82
10.6667 37.97
10.6833 38.13
10.7 38.28
10.7167 38.43
10.7333 38.58
10.75 38.73
10.7667 38.88
10.7833 39.03
10.8 39.17
10.8167 39.32
10.8333 39.46
10.85 39.61
10.8667 39.75
10.8833 39.89
10.9 40.03
10.9167 40.17
10.9333 40.31
10.95 40.44
10.9667 40.58
10.9833 40.71
11.0 40.84
11.0167 40.98
11.0333 41.11
11.05 41.24
11.0667 41.36
11.0833 41.49
11.1 41.62
11.1167 41.74
11.1333 41.87
11.15 41.99
11.1667 42.11
11.1833 42.23
11.2 42.35
11.2167 42.47
11.2333 42.58
11.25 42.7
11.2667 42.81
11.2833 42.92
11.3 43.03
11.3167 43.14
11.3333 43.25
11.35 43.36
11.3667 43.47
11.3833 43.57
11.4 43.68
11.4167 43.78
11.4333 43.88
11.45 43.98
11.4667 44.08
11.4833 44.18
11.5 44.27
11.5167 44.37
11.5333 44.46
11.55 44.55
11.5667 44.65
11.5833 44.74
11.6 44.82
11.6167 44.91
11.6333 45.0
11.65 45.08
11.6667 45.16
11.6833 45.25
11.7 45.33
11.7167 45.41
11.7333 45.49
11.75 45.56
11.7667 45.64
11.7833 45.71
11.8 45.79
11.8167 45.86
11.8333 45.93
11.85 46.0
11.8667 46.06
11.8833 46.13
11.9 46.19
11.9167 46.26
11.9333 46.32
11.95 46.38
11.9667 46.44
11.9833 46.5
12.0 46.56
12.0167 46.61
12.0333 46.67
12.05 46.72
12.0667 46.77
12.0833 46.82
12.1 46.87
12.1167 46.92
12.1333 46.96
12.15 47.01
12.1667 47.05
12.1833 47.09
12.2 47.13
12.2167 47.17
12.2333 47.21
12.25 47.25
12.2667 47.28
12.2833 47.32
12.3 47.35
12.3167 47.38
12.3333 47.41
12.35 47.44
12.3667 47.46
12.3833 47.49
12.4 47.51
12.4167 47.54
12.4333 47.56
12.45 47.58
12.4667 47.6
12.4833 47.61
12.5 47.63
12.5167 47.64
12.5333 47.66
12.55 47.67
12.5667 47.68
12.5833 47.69
12.6 47.7
12.6167 47.7
12.6333 47.71
12.65 47.71
12.6667 47.71
12.6833 47.71
12.7 47.71
12.7167 47.71
12.7333 47.71
12.75 47.7
12.7667 47.7
12.7833 47.69
12.8 47.68
12.8167 47.67
12.8333 47.66
12.85 47.64
12.8667 47.63
12.8833 47.61
12.9 47.6
12.9167 47.58
12.9333 47.56
12.95 47.54
12.9667 47.51
12.9833 47.49
13.0 47.46
13.0167 47.44
13.0333 47.41
13.05 47.38
13.0667 47.35
13.0833 47.32
13.1 47.28
13.1167 47.25
13.1333 47.21
13.15 47.17
13.1667 47.13
13.1833 47.09
13.2 47.05
13.2167 47.01
13.2333 46.96
13.25 46.92
13.2667 46.87
13.2833 46.82
13.3 46.77
13.3167 46.72
13.3333 46.67
13.35 46.61
13.3667 46.56
13.3833 46.5
13.4 46.44
13.4167 46.38
13.4333 46.32
13.45 46.26
13.4667 46.2
13.4833 46.13
13.5 46.06
13.5167 46.0
13.5333 45.93
13.55 45.86
13.5667 45.79
13.5833 45.71
13.6 45.64
13.6167 45.56
13.6333 45.49
13.65 45.41
13.6667 45.33
13.6833 45.25
13.7 45.17
13.7167 45.08
13.7333 45.0
13.75 44.91
13.7667 44.83
13.7833 44.74
13.8 44.65
13.8167 44.56
13.8333 44.46
13.85 44.37
13.8667 44.27
13.8833 44.18
13.9 44.08
13.9167 43.98
13.9333 43.88
13.95 43.78
13.9667 43.68
13.9833 43.57
14.0 43.47
14.0167 43.36
14.0333 43.25
14.05 43.15
14.0667 43.04
14.0833 42.92
14.1 42.81
14.1167 42.7
14.1333 42.58
14.15 42.47
14.1667 42.35
14.1833 42.23
14.2 42.11
14.2167 41.99
14.2333 41.87
14.25 41.74
14.2667 41.62
14.2833 41.49
14.3 41.37
14.3167 41.24
14.3333 41.11
14.35 40.98
14.3667 40.85
14.3833 40.71
14.4 40.58
14.4167 40.44
14.4333 40.31
14.45 40.17
14.4667 40.03
14.4833 39.89
14.5 39.75
14.5167 39.61
14.5333 39.47
14.55 39.32
14.5667 39.18
14.5833 39.03
14.6 38.88
14.6167 38.73
14.6333 38.58
14.65 38.43
14.6667 38.28
14.6833 38.13
14.7 37.97
14.7167 37.82
14.7333 37.66
14.75 37.51
14.7667 37.35
14.7833 37.19
14.8 37.03
14.8167 36.87
14.8333 36.7
14.85 36.54
14.8667 36.38
14.8833 36.21
14.9 36.04
14.9167 35.88
14.9333 35.71
14.95 35.54
14.9667 35.37
14.9833 35.2
15.0 35.03
15.0167 34.85
15.0333 34.68
15.05 34.5
15.0667 34.33
15.0833 34.15
15.1 33.97
15.1167 33.79
15.1333 33.61
15.15 33.43
15.1667 33.25
15.1833 33.07
15.2 32.89
15.2167 32.7
15.2333 32.52
15.25 32.33
15.2667 32.15
15.2833 31.96
15.3 31.77
15.3167 31.58
15.3333 31.39
15.35 31.2
15.3667 31.01
15.3833 30.82
15.4 30.63
15.4167 30.43
15.4333 30.24
15.45 30.04
15.4667 29.85
15.4833 29.65
15.5 29.45
15.5167 29.26
15.5333 29.06
15.55 28.86
15.5667 28.66
15.5833 28.46
15.6 28.26
15.6167 28.06
15.6333 27.85
15.65 27.65
15.6667 27.45
15.6833 27.24
15.7 27.04
15.7167 26.83
15.7333 26.63
15.75 26.42
15.7667 26.21
15.7833 26.0
15.8 25.8
15.8167 25.59
15.8333 25.38
15.85 25.17
15.8667 24.96
15.8833 24.75
15.9 24.54
15.9167 24.33
15.9333 24.11
15.95 23.9
15.9667 23.69
15.9833 23.48
16.0 23.26
16.0167 23.05
16.0333 22.84
16.05 22.62
16.0667 22.41
16.0833 22.19
16.1 21.98
16.1167 21.76
16.1333 21.55
16.15 21.33
16.1667 21.11
16.1833 20.9
16.2 20.68
16.2167 20.46
16.2333 20.25
16.25 20.03
16.2667 19.81
16.2833 19.6
16.3 19.38
16.3167 19.16
16.3333 18.94
16.35 18.73
16.3667 18.51
16.3833 18.29
16.4 18.08
16.4167 17.86
16.4333 17.64
16.45 17.42
16.4667 17.21
16.4833 16.99
16.5 16.77
16.5167 16.56
16.5333 16.34
16.55 16.13
16.5667 15.91
16.5833 15.69
16.6 15.48
16.6167 15.26
16.6333 15.05
16.65 14.84
16.6667 14.62
16.6833 14.41
16.7 14.2
16.7167 13.98
16.7333 13.77
16.75 13.56
16.7667 13.35
16.7833 13.14
16.8 12.93
16.8167 12.72
16.8333 12.51
16.85 12.3
16.8667 12.1
16.8833 11.89
16.9 11.68
16.9167 11.48
16.9333 11.27
16.95 11.07
16.9667 10.87
16.9833 10.67
17.0 10.47
17.0167 10.27
17.0333 10.07
17.05 9.871
17.0667 9.674
17.0833 9.479
17.1 9.285
17.1167 9.092
17.1333 8.9
17.15 8.709
17.1667 8.52
17.1833 8.332
17.2 8.145
17.2167 7.96
17.2333 7.776
17.25 7.593
17.2667 7.412
17.2833 7.232
17.3 7.054
17.3167 6.877
17.3333 6.702
17.35 6.529
17.3667 6.357
17.3833 6.187
17.4 6.019
17.4167 5.852
17.4333 5.688
17.45 5.524
17.4667 5.363
17.4833 5.204
17.5 5.047
17.5167 4.891
17.5333 4.737
17.55 4.585
17.5667 4.435
17.5833 4.288
17.6 4.142
17.6167 3.998
17.6333 3.856
17.65 3.716
17.6667 3.578
17.6833 3.443
17.7 3.309
17.7167 3.177
17.7333 3.047
17.75 2.92
17.7667 2.794
17.7833 2.671
17.8 2.549
17.8167 2.43
17.8333 2.313
17.85 2.197
17.8667 2.085
17.8833 1.974
17.9 1.865
17.9167 1.759
17.9333 1.655
17.95 1.553
17.9667 1.454
17.9833 1.358
18.0 1.264
18.0167 1.173
18.0333 1.085
18.05 1.0
18.0667 0.9183
18.0833 0.8402
18.1 0.7661
18.1167 0.6961
18.1333 0.6146
18.15 0.5454
18.1667 0.4867
18.1833 0.4372
18.2 0.3796
18.2167 0.3346
18.2333 0.2872
18.25 0.2536
18.2667 0.2142
18.2833 0.1806
18.3 0.1516
18.3167 0.1266
18.3333 0.1054
18.35 0.08484
18.3667 0.06912
18.3833 0.05611
18.4 0.04457
18.4167 0.03525
18.4333 0.02828
18.45 0.02203
18.4667 0.01709
18.4833 0.0132
18.5 0.01013
18.5167 0.007559
18.5333 0.00566
18.55 0.004216
18.5667 0.003011
18.5833 0.002133
18.6 0.001496
18.6167 0.001005
18.6333 0.0006548
18.65 0.0004088
18.6667 0.0002374
18.6833 0.0001179
18.7 4.444e-05
18.7167 9.646e-06
18.7333 8.562e-07
18.75 3.565e-08
18.7667 3.055e-10
18.7833 4.222e-13
18.8 0.0
18.8167 0.0
18.8333 0.0
18.85 0.0
18.8667 0.0
18.8833 0.0
18.9 0.0
18.9167 0.0
18.9333 0.0
18.95 0.0
18.9667 0.0
18.9833 0.0
19.0 0.0
19.0167 0.0
19.0333 0.0
19.05 0.0
19.0667 0.0
19.0833 0.0
19.1 0.0
19.1167 0.0
19.1333 0.0
19.15 0.0
19.1667 0.0
19.1833 0.0
19.2 0.0
19.2167 0.0
19.2333 0.0
19.25 0.0
19.2667 0.0
19.2833 0.0
19.3 0.0
19.3167 0.0
19.3333 0.0
19.35 0.0
19.3667 0.0
19.3833 0.0
19.4 0.0
19.4167 0.0
19.4333 0.0
19.45 0.0
19.4667 0.0
19.4833 0.0
19.5 0.0
19.5167 0.0
19.5333 0.0
19.55 0.0
19.5667 0.0
19.5833 0.0
19.6 0.0
19.6167 0.0
19.6333 0.0
19.65 0.0
19.6667 0.0
19.6833 0.0
19.7 0.0
19.7167 0.0
19.7333 0.0
19.75 0.0
19.7667 0.0
19.7833 0.0
19.8 0.0
19.8167 0.0
19.8333 0.0
19.85 0.0
19.8667 0.0
19.8833 0.0
19.9 0.0
19.9167 0.0
19.9333 0.0
19.95 0.0
19.9667 0.0
19.9833 0.0
20.0 0.0
20.0167 0.0
20.0333 0.0
20.05 0.0
20.0667 0.0
20.0833 0.0
20.1 0.0
20.1167 0.0
20.1333 0.0
20.15 0.0
20.1667 0.0
20.1833 0.0
20.2 0.0
20.2167 0.0
20.2333 0.0
20.25 0.0
20.2667 0.0
20.2833 0.0
20.3 0.0
20.3167 0.0
20.3333 0.0
20.35 0.0
20.3667 0.0
20.3833 0.0
20.4 0.0
20.4167 0.0
20.4333 0.0
20.45 0.0
20.4667 0.0
20.4833 0.0
20.5 0.0
20.5167 0.0
20.5333 0.0
20.55 0.0
20.5667 0.0
20.5833 0.0
20.6 0.0
20.6167 0.0
20.6333 0.0
20.65 0.0
20.6667 0.0
20.6833 0.0
20.7 0.0
20.7167 0.0
20.7333 0.0
20.75 0.0
20.7667 0.0
20.7833 0.0
20.8 0.0
20.8167 0.0
20.8333 0.0
20.85 0.0
20.8667 0.0
20.8833 0.0
20.9 0.0
20.9167 0.0
20.9333 0.0
20.95 0.0
20.9667 0.0
20.9833 0.0
21.0 0.0
21.0167 0.0
21.0333 0.0
21.05 0.0
21.0667 0.0
21.0833 0.0
21.1 0.0
21.1167 0.0
21.1333 0.0
21.15 0.0
21.1667 0.0
21.1833 0.0
21.2 0.0
21.2167 0.0
21.2333 0.0
21.25 0.0
21.2667 0.0
21.2833 0.0
21.3 0.0
21.3167 0.0
21.3333 0.0
21.35 0.0
21.3667 0.0
21.3833 0.0
21.4 0.0
21.4167 0.0
21.4333 0.0
21.45 0.0
21.4667 0.0
21.4833 0.0
21.5 0.0
21.5167 0.0
21.5333 0.0
21.55 0.0
21.5667 0.0
21.5833 0.0
21.6 0.0
21.6167 0.0
21.6333 0.0
21.65 0.0
21.6667 0.0
21.6833 0.0
21.7 0.0
21.7167 0.0
21.7333 0.0
21.75 0.0
21.7667 0.0
21.7833 0.0
21.8 0.0
21.8167 0.0
21.8333 0.0
21.85 0.0
21.8667 0.0
21.8833 0.0
21.9 0.0
21.9167 0.0
21.9333 0.0
21.95 0.0
21.9667 0.0
21.9833 0.0
22.0 0.0
22.0167 0.0
22.0333 0.0
22.05 0.0
22.0667 0.0
22.0833 0.0
22.1 0.0
22.1167 0.0
22.1333 0.0
22.15 0.0
22.1667 0.0
22.1833 0.0
22.2 0.0
22.2167 0.0
22.2333 0.0
22.25 0.0
22.2667 0.0
22.2833 0.0
22.3 0.0
22.3167 0.0
22.3333 0.0
22.35 0.0
22.3667 0.0
22.3833 0.0
22.4 0.0
22.4167 0.0
22.4333 0.0
22.45 0.0
22.4667 0.0
22.4833 0.0
22.5 0.0
22.5167 0.0
22.5333 0.0
22.55 0.0
22.5667 0.0
22.5833 0.0
22.6 0.0
22.6167 0.0
22.6333 0.0
22.65 0.0
22.6667 0.0
22.6833 0.0
22.7 0.0
22.7167 0.0
22.7333 0.0
22.75 0.0
22.7667 0.0
22.7833 0.0
22.8 0.0
22.8167 0.0
22.8333 0.0
22.85 0.0
22.8667 0.0
22.8833 0.0
22.9 0.0
22.9167 0.0
22.9333 0.0
22.95 0.0
22.9667 0.0
22.9833 0.0
23.0 0.0
23.0167 0.0
23.0333 0.0
23.05 0.0
23.0667 0.0
23.0833 0.0
23.1 0.0
23.1167 0.0
23.1333 0.0
23.15 0.0
23.1667 0.0
23.1833 0.0
23.2 0.0
23.2167 0.0
23.2333 0.0
23.25 0.0
23.2667 0.0
23.2833 0.0
23.3 0.0
23.3167 0.0
23.3333 0.0
23.35 0.0
23.3667 0.0
23.3833 0.0
23.4 0.0
23.4167 0.0
23.4333 0.0
23.45 0.0
23.4667 0.0
23.4833 0.0
23.5 0.0
23.5167 0.0
23.5333 0.0
23.55 0.0
23.5667 0.0
23.5833 0.0
23.6 0.0
23.6167 0.0
23.6333 0.0
23.65 0.0
23.6667 0.0
23.6833 0.0
23.7 0.0
23.7167 0.0
23.7333 0.0
23.75 0.0
23.7667 0.0
23.7833 0.0
23.8 0.0
23.8167 0.0
23.8333 0.0
23.85 0.0
23.8667 0.0
23.8833 0.0
23.9 0.0
23.9167 0.0
23.9333 0.0
23.95 0.0
23.9667 0.0
23.9833 0.0
