0.0 0.0
0.0167 0.0
0.0333 0.0
0.05 0.0
0.0667 0.0
0.0833 0.0
0.1 0.0
0.1167 0.0
0.1333 0.0
0.15 0.0
0.1667 0.0
0.1833 0.0
0.2 0.0
0.2167 0.0
0.2333 0.0
0.25 0.0
0.2667 0.0
0.2833 0.0
0.3 0.0
0.3167 0.0
0.3333 0.0
0.35 0.0
0.3667 0.0
0.3833 0.0
0.4 0.0
0.4167 0.0
0.4333 0.0
0.45 0.0
0.4667 0.0
0.4833 0.0
0.5 0.0
0.5167 0.0
0.5333 0.0
0.55 0.0
0.5667 0.0
0.5833 0.0
0.6 0.0
0.6167 0.0
0.6333 0.0
0.65 0.0
0.6667 0.0
0.6833 0.0
0.7 0.0
0.7167 0.0
0.7333 0.0
0.75 0.0
0.7667 0.0
0.7833 0.0
0.8 0.0
0.8167 0.0
0.8333 0.0
0.85 0.0
0.8667 0.0
0.8833 0.0
0.9 0.0
0.9167 0.0
0.9333 0.0
0.95 0.0
0.9667 0.0
0.9833 0.0
1.0 0.0
1.0167 0.0
1.0333 0.0
1.05 0.0
1.0667 0.0
1.0833 0.0
1.1 0.0
1.1167 0.0
1.1333 0.0
1.15 0.0
1.1667 0.0
1.1833 0.0
1.2 0.0
1.2167 0.0
1.2333 0.0
1.25 0.0
1.2667 0.0
1.2833 0.0
1.3 0.0
1.3167 0.0
1.3333 0.0
1.35 0.0
1.3667 0.0
1.3833 0.0
1.4 0.0
1.4167 0.0
1.4333 0.0
1.45 0.0
1.4667 0.0
1.4833 0.0
1.5 0.0
1.5167 0.0
1.5333 0.0
1.55 0.0
1.5667 0.0
1.5833 0.0
1.6 0.0
1.6167 0.0
1.6333 0.0
1.65 0.0
1.6667 0.0
1.6833 0.0
1.7 0.0
1.7167 0.0
1.7333 0.0
1.75 0.0
1.7667 0.0
1.7833 0.0
1.8 0.0
1.8167 0.0
1.8333 0.0
1.85 0.0
1.8667 0.0
1.8833 0.0
1.9 0.0
1.9167 0.0
1.9333 0.0
1.95 0.0
1.9667 0.0
1.9833 0.0
2.0 0.0
2.0167 0.0
2.0333 0.0
2.05 0.0
2.0667 0.0
2.0833 0.0
2.1 0.0
2.1167 0.0
2.1333 0.0
2.15 0.0
2.1667 0.0
2.1833 0.0
2.2 0.0
2.2167 0.0
2.2333 0.0
2.25 0.0
2.2667 0.0
2.2833 0.0
2.3 0.0
2.3167 0.0
2.3333 0.0
2.35 0.0
2.3667 0.0
2.3833 0.0
2.4 0.0
2.4167 0.0
2.4333 0.0
2.45 0.0
2.4667 0.0
2.4833 0.0
2.5 0.0
2.5167 0.0
2.5333 0.0
2.55 0.0
2.5667 0.0
2.5833 0.0
2.6 0.0
2.6167 0.0
2.6333 0.0
2.65 0.0
2.6667 0.0
2.6833 0.0
2.7 0.0
2.7167 0.0
2.7333 0.0
2.75 0.0
2.7667 0.0
2.7833 0.0
2.8 0.0
2.8167 0.0
2.8333 0.0
2.85 0.0
2.8667 0.0
2.8833 0.0
2.9 0.0
2.9167 0.0
2.9333 0.0
2.95 0.0
2.9667 0.0
2.9833 0.0
3.0 0.0
3.0167 0.0
3.0333 0.0
3.05 0.0
3.0667 0.0
3.0833 0.0
3.1 0.0
3.1167 0.0
3.1333 0.0
3.15 0.0
3.1667 0.0
3.1833 0.0
3.2 0.0
3.2167 0.0
3.2333 0.0
3.25 0.0
3.2667 0.0
3.2833 0.0
3.3 0.0
3.3167 0.0
3.3333 0.0
3.35 0.0
3.3667 0.0
3.3833 0.0
3.4 0.0
3.4167 0.0
3.4333 0.0
3.45 0.0
3.4667 0.0
3.4833 0.0
3.5 0.0
3.5167 0.0
3.5333 0.0
3.55 0.0
3.5667 0.0
3.5833 0.0
3.6 0.0
3.6167 0.0
3.6333 0.0
3.65 0.0
3.6667 0.0
3.6833 0.0
3.7 0.0
3.7167 0.0
3.7333 0.0
3.75 0.0
3.7667 0.0
3.7833 0.0
3.8 0.0
3.8167 0.0
3.8333 0.0
3.85 0.0
3.8667 0.0
3.8833 0.0
3.9 0.0
3.9167 0.0
3.9333 0.0
3.95 0.0
3.9667 0.0
3.9833 0.0
4.0 0.0
4.0167 0.0
4.0333 0.0
4.05 0.0
4.0667 0.0
4.0833 0.0
4.1 0.0
4.1167 0.0
4.1333 0.0
4.15 0.0
4.1667 0.0
4.1833 0.0
4.2 0.0
4.2167 0.0
4.2333 0.0
4.25 0.0
4.2667 0.0
4.2833 0.0
4.3 0.0
4.3167 0.0
4.3333 0.0
4.35 0.0
4.3667 0.0
4.3833 0.0
4.4 0.0
4.4167 0.0
4.4333 0.0
4.45 0.0
4.4667 0.0
4.4833 0.0
4.5 0.0
4.5167 0.0
4.5333 0.0
4.55 0.0
4.5667 0.0
4.5833 0.0
4.6 0.0
4.6167 0.0
4.6333 0.0
4.65 0.0
4.6667 0.0
4.6833 0.0
4.7 0.0
4.7167 0.0
4.7333 0.0
4.75 0.0
4.7667 0.0
4.7833 0.0
4.8 0.0
4.8167 0.0
4.8333 0.0
4.85 0.0
4.8667 0.0
4.8833 0.0
4.9 0.0
4.9167 0.0
4.9333 0.0
4.95 0.0
4.9667 0.0
4.9833 0.0
5.0 0.0
5.0167 0.0
5.0333 0.0
5.05 0.0
5.0667 0.0
5.0833 0.0
5.1 0.0
5.1167 0.0
5.1333 0.0
5.15 0.0
5.1667 0.0
5.1833 0.0
5.2 0.0
5.2167 0.0
5.2333 0.0
5.25 0.0
5.2667 0.0
5.2833 0.0
5.3 0.0
5.3167 0.0
5.3333 0.0
5.35 0.0
5.3667 0.0
5.3833 0.0
5.4 0.0
5.4167 0.0
5.4333 0.0
5.45 0.0
5.4667 0.0
5.4833 0.0
5.5 0.0
5.5167 0.0
5.5333 0.0
5.55 0.0
5.5667 0.0
5.5833 0.0
5.6 0.0
5.6167 0.0
5.6333 0.0
5.65 0.0
5.6667 0.0
5.6833 0.0
5.7 0.0
5.7167 0.0
5.7333 0.0
5.75 0.0
5.7667 0.0
5.7833 0.0
5.8 0.0
5.8167 0.0
5.8333 0.0
5.85 0.0
5.8667 0.0
5.8833 0.0
5.9 0.0
5.9167 0.0
5.9333 0.0
5.95 0.0
5.9667 0.0
5.9833 0.0
6.0 0.0
6.0167 0.0
6.0333 0.0
6.05 0.0
6.0667 0.0
6.0833 0.0
6.1 0.0
6.1167 0.0
6.1333 0.0
6.15 0.0
6.1667 0.0
6.1833 0.0
6.2 0.0
6.2167 0.0
6.2333 0.0
6.25 0.0
6.2667 0.0
6.2833 0.0
6.3 0.0
6.3167 0.0
6.3333 0.0
6.35 0.0
6.3667 0.0
6.3833 0.0
6.4 0.0
6.4167 0.0
6.4333 0.0
6.45 0.0
6.4667 0.0
6.4833 0.0
6.5 0.0
6.5167 0.0
6.5333 0.0
6.55 0.0
6.5667 0.0
6.5833 0.0
6.6 0.0
6.6167 0.0
6.6333 8.867e-13
6.65 5.016e-10
6.6667 5.095e-08
6.6833 1.261e-06
6.7 1.229e-05
6.7167 5.508e-05
6.7333 0.0001344
6.75 0.0002633
6.7667 0.0004562
6.7833 0.0007329
6.8 0.001115
6.8167 0.001633
6.8333 0.002355
6.85 0.003348
6.8667 0.004586
6.8833 0.006286
6.9 0.008348
6.9167 0.01104
6.9333 0.01453
6.95 0.01896
6.9667 0.02425
6.9833 0.03086
7.0 0.03925
7.0167 0.05002
7.0333 0.0617
7.05 0.07772
7.0667 0.0945
7.0833 0.1149
7.1 0.1391
7.1167 0.1671
7.1333 0.1981
7.15 0.2329
7.1667 0.2734
7.1833 0.3223
7.2 0.3628
7.2167 0.4237
7.2333 0.4715
7.25 0.5283
7.2667 0.5957
7.2833 0.6754
7.3 0.7509
7.3167 0.8254
7.3333 0.9043
7.35 0.987
7.3667 1.073
7.3833 1.163
7.4 1.255
7.4167 1.351
7.4333 1.449
7.45 1.55
7.4667 1.654
7.4833 1.76
7.5 1.868
7.5167 1.979
7.5333 2.092
7.55 2.208
7.5667 2.326
7.5833 2.445
7.6 2.568
7.6167 2.692
7.6333 2.818
7.65 2.947
7.6667 3.078
7.6833 3.211
7.7 3.346
7.7167 3.483
7.7333 3.623
7.75 3.764
7.7667 3.908
7.7833 4.054
7.8 4.201
7.8167 4.351
7.8333 4.503
7.85 4.657
7.8667 4.814
7.8833 4.972
7.9 5.132
7.9167 5.294
7.9333 5.458
7.95 5.624
7.9667 5.792
7.9833 5.962
8.0 6.133
8.0167 6.307
8.0333 6.482
8.05 6.659
8.0667 6.838
8.0833 7.018
8.1 7.2
8.1167 7.384
8.1333 7.57
8.15 7.756
8.1667 7.945
8.1833 8.135
8.2 8.326
8.2167 8.519
8.2333 8.713
8.25 8.909
8.2667 9.105
8.2833 9.304
8.3 9.503
8.3167 9.704
8.3333 9.905
8.35 10.11
8.3667 10.31
8.3833 10.52
8.4 10.72
8.4167 10.93
8.4333 11.14
8.45 11.35
8.4667 11.56
8.4833 11.77
8.5 11.98
8.5167 12.19
8.5333 12.41
8.55 12.62
8.5667 12.84
8.5833 13.05
8.6 13.27
8.6167 13.49
8.6333 13.7
8.65 13.92
8.6667 14.14
8.6833 14.36
8.7 14.58
8.7167 14.8
8.7333 15.02
8.75 15.24
8.7667 15.46
8.7833 15.68
8.8 15.91
8.8167 16.13
8.8333 16.35
8.85 16.58
8.8667 16.8
8.8833 17.02
8.9 17.25
8.9167 17.47
8.9333 17.7
8.95 17.92
8.9667 18.14
8.9833 18.37
9.0 18.59
9.0167 18.82
9.0333 19.04
9.05 19.27
9.0667 19.49
9.0833 19.72
9.1 19.94
9.1167 20.17
9.1333 20.39
9.15 20.62
9.1667 20.84
9.1833 21.07
9.2 21.29
9.2167 21.52
9.2333 21.74
9.25 21.97
9.2667 22.19
9.2833 22.41
9.3 22.64
9.3167 22.86
9.3333 23.08
9.35 23.31
9.3667 23.53
9.3833 23.75
9.4 23.97
9.4167 24.19
9.4333 24.41
9.45 24.63
9.4667 24.85
9.4833 25.07
9.5 25.29
9.5167 25.51
9.5333 25.73
9.55 25.95
9.5667 26.17
9.5833 26.38
9.6 26.6
9.6167 26.82
9.6333 27.03
9.65 27.25
9.6667 27.46
9.6833 27.68
9.7 27.89
9.7167 28.1
9.7333 28.32
9.75 28.53
9.7667 28.74
9.7833 28.95
9.8 29.16
9.8167 29.37
9.8333 29.58
9.85 29.79
9.8667 29.99
9.8833 30.2
9.9 30.41
9.9167 30.61
9.9333 30.82
9.95 31.02
9.9667 31.22
9.9833 31.43
10.0 31.63
10.0167 31.83
10.0333 32.03
10.05 32.23
10.0667 32.43
10.0833 32.62
10.1 32.82
10.1167 33.02
10.1333 33.21
10.15 33.41
10.1667 33.6
10.1833 33.79
10.2 33.99
10.2167 34.18
10.2333 34.37
10.25 34.56
10.2667 34.75
10.2833 34.93
10.3 35.12
10.3167 35.31
10.3333 35.49
10.35 35.67
10.3667 35.86
10.3833 36.04
10.4 36.22
10.4167 36.4
10.4333 36.58
10.45 36.76
10.4667 36.94
10.4833 37.11
10.5 37.29
10.5167 37.46
10.5333 37.64
10.55 37.81
10.5667 37.98
10.5833 38.15
10.6 38.32
10.6167 38.49
10.6333 38.65
10.65 38.82
10.6667 38.99
10.6833 39.15
10.7 39.31
10.7167 39.48
10.7333 39.64
10.75 39.8
10.7667 39.96
10.7833 40.11
10.8 40.27
10.8167 40.42
10.8333 40.58
10.85 40.73
10.8667 40.88
10.8833 41.04
10.9 41.19
10.9167 41.33
10.9333 41.48
10.95 41.63
10.9667 41.77
10.9833 41.92
11.0 42.06
11.0167 42.2
11.0333 42.34
11.05 42.48
11.0667 42.62
11.0833 42.76
11.1 42.89
11.1167 43.03
11.1333 43.16
11.15 43.29
11.1667 43.43
11.1833 43.56
11.2 43.68
11.2167 43.81
11.2333 43.94
11.25 44.06
11.2667 44.19
11.2833 44.31
11.3 44.43
11.3167 44.55
11.3333 44.67
11.35 44.79
11.3667 44.9
11.3833 45.02
11.4 45.13
11.4167 45.25
11.4333 45.36
11.45 45.47
11.4667 45.58
11.4833 45.68
11.5 45.79
11.5167 45.89
11.5333 46.0
11.55 46.1
11.5667 46.2
11.5833 46.3
11.6 46.4
11.6167 46.5
11.6333 46.59
11.65 46.69
11.6667 46.78
11.6833 46.87
11.7 46.96
11.7167 47.05
11.7333 47.14
11.75 47.22
11.7667 47.31
11.7833 47.39
11.8 47.48
11.8167 47.56
11.8333 47.64
11.85 47.72
11.8667 47.79
11.8833 47.87
11.9 47.94
11.9167 48.02
11.9333 48.09
11.95 48.16
11.9667 48.23
11.9833 48.3
12.0 48.36
12.0167 48.43
12.0333 48.49
12.05 48.55
12.0667 48.61
12.0833 48.67
12.1 48.73
12.1167 48.79
12.1333 48.84
12.15 48.9
12.1667 48.95
12.1833 49.0
12.2 49.05
12.2167 49.1
12.2333 49.15
12.25 49.19
12.2667 49.24
12.2833 49.28
12.3 49.32
12.3167 49.36
12.3333 49.4
12.35 49.44
12.3667 49.47
12.3833 49.51
12.4 49.54
12.4167 49.57
12.4333 49.6
12.45 49.63
12.4667 49.66
12.4833 49.68
12.5 49.71
12.5167 49.73
12.5333 49.75
12.55 49.77
12.5667 49.79
12.5833 49.81
12.6 49.83
12.6167 49.84
12.6333 49.86
12.65 49.87
12.6667 49.88
12.6833 49.89
12.7 49.89
12.7167 49.9
12.7333 49.91
12.75 49.91
12.7667 49.91
12.7833 49.91
12.8 49.91
12.8167 49.91
12.8333 49.91
12.85 49.9
12.8667 49.89
12.8833 49.89
12.9 49.88
12.9167 49.87
12.9333 49.86
12.95 49.84
12.9667 49.83
12.9833 49.81
13.0 49.79
13.0167 49.77
13.0333 49.75
13.05 49.73
13.0667 49.71
13.0833 49.68
13.1 49.66
13.1167 49.63
13.1333 49.6
13.15 49.57
13.1667 49.54
13.1833 49.51
13.2 49.47
13.2167 49.44
13.2333 49.4
13.25 49.36
13.2667 49.32
13.2833 49.28
13.3 49.24
13.3167 49.19
13.3333 49.15
13.35 49.1
13.3667 49.05
13.3833 49.0
13.4 48.95
13.4167 48.9
13.4333 48.84
13.45 48.79
13.4667 48.73
13.4833 48.67
13.5 48.61
13.5167 48.55
13.5333 48.49
13.55 48.43
13.5667 48.36
13.5833 48.3
13.6 48.23
13.6167 48.16
13.6333 48.09
13.65 48.02
13.6667 47.94
13.6833 47.87
13.7 47.79
13.7167 47.72
13.7333 47.64
13.75 47.56
13.7667 47.48
13.7833 47.39
13.8 47.31
13.8167 47.22
13.8333 47.14
13.85 47.05
13.8667 46.96
13.8833 46.87
13.9 46.78
13.9167 46.69
13.9333 46.59
13.95 46.5
13.9667 46.4
13.9833 46.3
14.0 46.2
14.0167 46.1
14.0333 46.0
14.05 45.89
14.0667 45.79
14.0833 45.68
14.1 45.58
14.1167 45.47
14.1333 45.36
14.15 45.25
14.1667 45.13
14.1833 45.02
14.2 44.9
14.2167 44.79
14.2333 44.67
14.25 44.55
14.2667 44.43
14.2833 44.31
14.3 44.19
14.3167 44.06
14.3333 43.94
14.35 43.81
14.3667 43.69
14.3833 43.56
14.4 43.43
14.4167 43.3
14.4333 43.16
14.45 43.03
14.4667 42.9
14.4833 42.76
14.5 42.62
14.5167 42.48
14.5333 42.34
14.55 42.2
14.5667 42.06
14.5833 41.92
14.6 41.78
14.6167 41.63
14.6333 41.48
14.65 41.34
14.6667 41.19
14.6833 41.04
14.7 40.89
14.7167 40.73
14.7333 40.58
14.75 40.43
14.7667 40.27
14.7833 40.11
14.8 39.96
14.8167 39.8
14.8333 39.64
14.85 39.48
14.8667 39.32
14.8833 39.15
14.9 38.99
14.9167 38.82
14.9333 38.66
14.95 38.49
14.9667 38.32
14.9833 38.15
15.0 37.98
15.0167 37.81
15.0333 37.64
15.05 37.46
15.0667 37.29
15.0833 37.11
15.1 36.94
15.1167 36.76
15.1333 36.58
15.15 36.4
15.1667 36.22
15.1833 36.04
15.2 35.86
15.2167 35.68
15.2333 35.49
15.25 35.31
15.2667 35.12
15.2833 34.93
15.3 34.75
15.3167 34.56
15.3333 34.37
15.35 34.18
15.3667 33.99
15.3833 33.79
15.4 33.6
15.4167 33.41
15.4333 33.21
15.45 33.02
15.4667 32.82
15.4833 32.62
15.5 32.43
15.5167 32.23
15.5333 32.03
15.55 31.83
15.5667 31.63
15.5833 31.43
15.6 31.22
15.6167 31.02
15.6333 30.82
15.65 30.61
15.6667 30.41
15.6833 30.2
15.7 29.99
15.7167 29.79
15.7333 29.58
15.75 29.37
15.7667 29.16
15.7833 28.95
15.8 28.74
15.8167 28.53
15.8333 28.32
15.85 28.1
15.8667 27.89
15.8833 27.68
15.9 27.46
15.9167 27.25
15.9333 27.03
15.95 26.82
15.9667 26.6
15.9833 26.38
16.0 26.17
16.0167 25.95
16.0333 25.73
16.05 25.51
16.0667 25.29
16.0833 25.07
16.1 24.85
16.1167 24.63
16.1333 24.41
16.15 24.19
16.1667 23.97
16.1833 23.75
16.2 23.53
16.2167 23.31
16.2333 23.08
16.25 22.86
16.2667 22.64
16.2833 22.41
16.3 22.19
16.3167 21.97
16.3333 21.74
16.35 21.52
16.3667 21.29
16.3833 21.07
16.4 20.84
16.4167 20.62
16.4333 20.39
16.45 20.17
16.4667 19.94
16.4833 19.72
16.5 19.49
16.5167 19.27
16.5333 19.04
16.55 18.82
16.5667 18.59
16.5833 18.37
16.6 18.14
16.6167 17.92
16.6333 17.69
16.65 17.47
16.6667 17.25
16.6833 17.02
16.7 16.8
16.7167 16.57
16.7333 16.35
16.75 16.13
16.7667 15.91
16.7833 15.68
16.8 15.46
16.8167 15.24
16.8333 15.02
16.85 14.8
16.8667 14.58
16.8833 14.36
16.9 14.14
16.9167 13.92
16.9333 13.7
16.95 13.48
16.9667 13.27
16.9833 13.05
17.0 12.83
17.0167 12.62
17.0333 12.41
17.05 12.19
17.0667 11.98
17.0833 11.77
17.1 11.56
17.1167 11.35
17.1333 11.14
17.15 10.93
17.1667 10.72
17.1833 10.52
17.2 10.31
17.2167 10.11
17.2333 9.904
17.25 9.702
17.2667 9.501
17.2833 9.302
17.3 9.104
17.3167 8.907
17.3333 8.711
17.35 8.517
17.3667 8.324
17.3833 8.133
17.4 7.943
17.4167 7.755
17.4333 7.568
17.45 7.382
17.4667 7.198
17.4833 7.016
17.5 6.836
17.5167 6.657
17.5333 6.48
17.55 6.305
17.5667 6.131
17.5833 5.96
17.6 5.79
17.6167 5.622
17.6333 5.456
17.65 5.292
17.6667 5.13
17.6833 4.97
17.7 4.812
17.7167 4.655
17.7333 4.501
17.75 4.349
17.7667 4.2
17.7833 4.052
17.8 3.906
17.8167 3.762
17.8333 3.621
17.85 3.481
17.8667 3.344
17.8833 3.209
17.9 3.076
17.9167 2.945
17.9333 2.816
17.95 2.69
17.9667 2.566
17.9833 2.444
18.0 2.324
18.0167 2.206
18.0333 2.09
18.05 1.977
18.0667 1.866
18.0833 1.758
18.1 1.652
18.1167 1.548
18.1333 1.447
18.15 1.349
18.1667 1.254
18.1833 1.161
18.2 1.071
18.2167 0.9853
18.2333 0.9026
18.25 0.824
18.2667 0.7495
18.2833 0.6736
18.3 0.5942
18.3167 0.527
18.3333 0.4705
18.35 0.4228
18.3667 0.3618
18.3833 0.3215
18.4 0.2727
18.4167 0.2321
18.4333 0.1973
18.45 0.1663
18.4667 0.1385
18.4833 0.1144
18.5 0.09412
18.5167 0.07746
18.5333 0.06141
18.55 0.04983
18.5667 0.03906
18.5833 0.03067
18.6 0.02404
18.6167 0.01873
18.6333 0.01439
18.65 0.01095
18.6667 0.008294
18.6833 0.00625
18.7 0.004546
18.7167 0.003327
18.7333 0.002335
18.75 0.001615
18.7667 0.001094
18.7833 0.0007169
18.8 0.000447
18.8167 0.0002589
18.8333 0.0001319
18.85 5.386e-05
18.8667 1.164e-05
18.8833 1.187e-06
18.9 4.638e-08
18.9167 4.293e-10
18.9333 6.6e-13
18.95 0.0
18.9667 0.0
18.9833 0.0
19.0 0.0
19.0167 0.0
19.0333 0.0
19.05 0.0
19.0667 0.0
19.0833 0.0
19.1 0.0
19.1167 0.0
19.1333 0.0
19.15 0.0
19.1667 0.0
19.1833 0.0
19.2 0.0
19.2167 0.0
19.2333 0.0
19.25 0.0
19.2667 0.0
19.2833 0.0
19.3 0.0
19.3167 0.0
19.3333 0.0
19.35 0.0
19.3667 0.0
19.3833 0.0
19.4 0.0
19.4167 0.0
19.4333 0.0
19.45 0.0
19.4667 0.0
19.4833 0.0
19.5 0.0
19.5167 0.0
19.5333 0.0
19.55 0.0
19.5667 0.0
19.5833 0.0
19.6 0.0
19.6167 0.0
19.6333 0.0
19.65 0.0
19.6667 0.0
19.6833 0.0
19.7 0.0
19.7167 0.0
19.7333 0.0
19.75 0.0
19.7667 0.0
19.7833 0.0
19.8 0.0
19.8167 0.0
19.8333 0.0
19.85 0.0
19.8667 0.0
19.8833 0.0
19.9 0.0
19.9167 0.0
19.9333 0.0
19.95 0.0
19.9667 0.0
19.9833 0.0
20.0 0.0
20.0167 0.0
20.0333 0.0
20.05 0.0
20.0667 0.0
20.0833 0.0
20.1 0.0
20.1167 0.0
20.1333 0.0
20.15 0.0
20.1667 0.0
20.1833 0.0
20.2 0.0
20.2167 0.0
20.2333 0.0
20.25 0.0
20.2667 0.0
20.2833 0.0
20.3 0.0
20.3167 0.0
20.3333 0.0
20.35 0.0
20.3667 0.0
20.3833 0.0
20.4 0.0
20.4167 0.0
20.4333 0.0
20.45 0.0
20.4667 0.0
20.4833 0.0
20.5 0.0
20.5167 0.0
20.5333 0.0
20.55 0.0
20.5667 0.0
20.5833 0.0
20.6 0.0
20.6167 0.0
20.6333 0.0
20.65 0.0
20.6667 0.0
20.6833 0.0
20.7 0.0
20.7167 0.0
20.7333 0.0
20.75 0.0
20.7667 0.0
20.7833 0.0
20.8 0.0
20.8167 0.0
20.8333 0.0
20.85 0.0
20.8667 0.0
20.8833 0.0
20.9 0.0
20.9167 0.0
20.9333 0.0
20.95 0.0
20.9667 0.0
20.9833 0.0
21.0 0.0
21.0167 0.0
21.0333 0.0
21.05 0.0
21.0667 0.0
21.0833 0.0
21.1 0.0
21.1167 0.0
21.1333 0.0
21.15 0.0
21.1667 0.0
21.1833 0.0
21.2 0.0
21.2167 0.0
21.2333 0.0
21.25 0.0
21.2667 0.0
21.2833 0.0
21.3 0.0
21.3167 0.0
21.3333 0.0
21.35 0.0
21.3667 0.0
21.3833 0.0
21.4 0.0
21.4167 0.0
21.4333 0.0
21.45 0.0
21.4667 0.0
21.4833 0.0
21.5 0.0
21.5167 0.0
21.5333 0.0
21.55 0.0
21.5667 0.0
21.5833 0.0
21.6 0.0
21.6167 0.0
21.6333 0.0
21.65 0.0
21.6667 0.0
21.6833 0.0
21.7 0.0
21.7167 0.0
21.7333 0.0
21.75 0.0
21.7667 0.0
21.7833 0.0
21.8 0.0
21.8167 0.0
21.8333 0.0
21.85 0.0
21.8667 0.0
21.8833 0.0
21.9 0.0
21.9167 0.0
21.9333 0.0
21.95 0.0
21.9667 0.0
21.9833 0.0
22.0 0.0
22.0167 0.0
22.0333 0.0
22.05 0.0
22.0667 0.0
22.0833 0.0
22.1 0.0
22.1167 0.0
22.1333 0.0
22.15 0.0
22.1667 0.0
22.1833 0.0
22.2 0.0
22.2167 0.0
22.2333 0.0
22.25 0.0
22.2667 0.0
22.2833 0.0
22.3 0.0
22.3167 0.0
22.3333 0.0
22.35 0.0
22.3667 0.0
22.3833 0.0
22.4 0.0
22.4167 0.0
22.4333 0.0
22.45 0.0
22.4667 0.0
22.4833 0.0
22.5 0.0
22.5167 0.0
22.5333 0.0
22.55 0.0
22.5667 0.0
22.5833 0.0
22.6 0.0
22.6167 0.0
22.6333 0.0
22.65 0.0
22.6667 0.0
22.6833 0.0
22.7 0.0
22.7167 0.0
22.7333 0.0
22.75 0.0
22.7667 0.0
22.7833 0.0
22.8 0.0
22.8167 0.0
22.8333 0.0
22.85 0.0
22.8667 0.0
22.8833 0.0
22.9 0.0
22.9167 0.0
22.9333 0.0
22.95 0.0
22.9667 0.0
22.9833 0.0
23.0 0.0
23.0167 0.0
23.0333 0.0
23.05 0.0
23.0667 0.0
23.0833 0.0
23.1 0.0
23.1167 0.0
23.1333 0.0
23.15 0.0
23.1667 0.0
23.1833 0.0
23.2 0.0
23.2167 0.0
23.2333 0.0
23.25 0.0
23.2667 0.0
23.2833 0.0
23.3 0.0
23.3167 0.0
23.3333 0.0
23.35 0.0
23.3667 0.0
23.3833 0.0
23.4 0.0
23.4167 0.0
23.4333 0.0
23.45 0.0
23.4667 0.0
23.4833 0.0
23.5 0.0
23.5167 0.0
23.5333 0.0
23.55 0.0
23.5667 0.0
23.5833 0.0
23.6 0.0
23.6167 0.0
23.6333 0.0
23.65 0.0
23.6667 0.0
23.6833 0.0
23.7 0.0
23.7167 0.0
23.7333 0.0
23.75 0.0
23.7667 0.0
23.7833 0.0
23.8 0.0
23.8167 0.0
23.8333 0.0
23.85 0.0
23.8667 0.0
23.8833 0.0
23.9 0.0
23.9167 0.0
23.9333 0.0
23.95 0.0
23.9667 0.0
23.9833 0.0
