0.0 0.0
0.0167 0.0
0.0333 0.0
0.05 0.0
0.0667 0.0
0.0833 0.0
0.1 0.0
0.1167 0.0
0.1333 0.0
0.15 0.0
0.1667 0.0
0.1833 0.0
0.2 0.0
0.2167 0.0
0.2333 0.0
0.25 0.0
0.2667 0.0
0.2833 0.0
0.3 0.0
0.3167 0.0
0.3333 0.0
0.35 0.0
0.3667 0.0
0.3833 0.0
0.4 0.0
0.4167 0.0
0.4333 0.0
0.45 0.0
0.4667 0.0
0.4833 0.0
0.5 0.0
0.5167 0.0
0.5333 0.0
0.55 0.0
0.5667 0.0
0.5833 0.0
0.6 0.0
0.6167 0.0
0.6333 0.0
0.65 0.0
0.6667 0.0
0.6833 0.0
0.7 0.0
0.7167 0.0
0.7333 0.0
0.75 0.0
0.7667 0.0
0.7833 0.0
0.8 0.0
0.8167 0.0
0.8333 0.0
0.85 0.0
0.8667 0.0
0.8833 0.0
0.9 0.0
0.9167 0.0
0.9333 0.0
0.95 0.0
0.9667 0.0
0.9833 0.0
1.0 0.0
1.0167 0.0
1.0333 0.0
1.05 0.0
1.0667 0.0
1.0833 0.0
1.1 0.0
1.1167 0.0
1.1333 0.0
1.15 0.0
1.1667 0.0
1.1833 0.0
1.2 0.0
1.2167 0.0
1.2333 0.0
1.25 0.0
1.2667 0.0
1.2833 0.0
1.3 0.0
1.3167 0.0
1.3333 0.0
1.35 0.0
1.3667 0.0
1.3833 0.0
1.4 0.0
1.4167 0.0
1.4333 0.0
1.45 0.0
1.4667 0.0
1.4833 0.0
1.5 0.0
1.5167 0.0
1.5333 0.0
1.55 0.0
1.5667 0.0
1.5833 0.0
1.6 0.0
1.6167 0.0
1.6333 0.0
1.65 0.0
1.6667 0.0
1.6833 0.0
1.7 0.0
1.7167 0.0
1.7333 0.0
1.75 0.0
1.7667 0.0
1.7833 0.0
1.8 0.0
1.8167 0.0
1.8333 0.0
1.85 0.0
1.8667 0.0
1.8833 0.0
1.9 0.0
1.9167 0.0
1.9333 0.0
1.95 0.0
1.9667 0.0
1.9833 0.0
2.0 0.0
2.0167 0.0
2.0333 0.0
2.05 0.0
2.0667 0.0
2.0833 0.0
2.1 0.0
2.1167 0.0
2.1333 0.0
2.15 0.0
2.1667 0.0
2.1833 0.0
2.2 0.0
2.2167 0.0
2.2333 0.0
2.25 0.0
2.2667 0.0
2.2833 0.0
2.3 0.0
2.3167 0.0
2.3333 0.0
2.35 0.0
2.3667 0.0
2.3833 0.0
2.4 0.0
2.4167 0.0
2.4333 0.0
2.45 0.0
2.4667 0.0
2.4833 0.0
2.5 0.0
2.5167 0.0
2.5333 0.0
2.55 0.0
2.5667 0.0
2.5833 0.0
2.6 0.0
2.6167 0.0
2.6333 0.0
2.65 0.0
2.6667 0.0
2.6833 0.0
2.7 0.0
2.7167 0.0
2.7333 0.0
2.75 0.0
2.7667 0.0
2.7833 0.0
2.8 0.0
2.8167 0.0
2.8333 0.0
2.85 0.0
2.8667 0.0
2.8833 0.0
2.9 0.0
2.9167 0.0
2.9333 0.0
2.95 0.0
2.9667 0.0
2.9833 0.0
3.0 0.0
3.0167 0.0
3.0333 0.0
3.05 0.0
3.0667 0.0
3.0833 0.0
3.1 0.0
3.1167 0.0
3.1333 0.0
3.15 0.0
3.1667 0.0
3.1833 0.0
3.2 0.0
3.2167 0.0
3.2333 0.0
3.25 0.0
3.2667 0.0
3.2833 0.0
3.3 0.0
3.3167 0.0
3.3333 0.0
3.35 0.0
3.3667 0.0
3.3833 0.0
3.4 0.0
3.4167 0.0
3.4333 0.0
3.45 0.0
3.4667 0.0
3.4833 0.0
3.5 0.0
3.5167 0.0
3.5333 0.0
3.55 0.0
3.5667 0.0
3.5833 0.0
3.6 0.0
3.6167 0.0
3.6333 0.0
3.65 0.0
3.6667 0.0
3.6833 0.0
3.7 0.0
3.7167 0.0
3.7333 0.0
3.75 0.0
3.7667 0.0
3.7833 0.0
3.8 0.0
3.8167 0.0
3.8333 0.0
3.85 0.0
3.8667 0.0
3.8833 0.0
3.9 0.0
3.9167 0.0
3.9333 0.0
3.95 0.0
3.9667 0.0
3.9833 0.0
4.0 0.0
4.0167 0.0
4.0333 0.0
4.05 0.0
4.0667 0.0
4.0833 0.0
4.1 0.0
4.1167 0.0
4.1333 0.0
4.15 0.0
4.1667 0.0
4.1833 0.0
4.2 0.0
4.2167 0.0
4.2333 0.0
4.25 0.0
4.2667 0.0
4.2833 0.0
4.3 0.0
4.3167 0.0
4.3333 0.0
4.35 0.0
4.3667 0.0
4.3833 0.0
4.4 0.0
4.4167 0.0
4.4333 0.0
4.45 0.0
4.4667 0.0
4.4833 0.0
4.5 0.0
4.5167 0.0
4.5333 0.0
4.55 0.0
4.5667 0.0
4.5833 0.0
4.6 0.0
4.6167 0.0
4.6333 0.0
4.65 0.0
4.6667 0.0
4.6833 0.0
4.7 0.0
4.7167 0.0
4.7333 0.0
4.75 0.0
4.7667 0.0
4.7833 0.0
4.8 0.0
4.8167 0.0
4.8333 0.0
4.85 0.0
4.8667 0.0
4.8833 0.0
4.9 0.0
4.9167 0.0
4.9333 0.0
4.95 0.0
4.9667 0.0
4.9833 0.0
5.0 0.0
5.0167 0.0
5.0333 0.0
5.05 0.0
5.0667 0.0
5.0833 0.0
5.1 0.0
5.1167 0.0
5.1333 0.0
5.15 0.0
5.1667 0.0
5.1833 0.0
5.2 0.0
5.2167 0.0
5.2333 0.0
5.25 0.0
5.2667 0.0
5.2833 0.0
5.3 0.0
5.3167 0.0
5.3333 0.0
5.35 0.0
5.3667 0.0
5.3833 0.0
5.4 0.0
5.4167 0.0
5.4333 0.0
5.45 0.0
5.4667 0.0
5.4833 0.0
5.5 0.0
5.5167 0.0
5.5333 0.0
5.55 0.0
5.5667 0.0
5.5833 0.0
5.6 0.0
5.6167 0.0
5.6333 0.0
5.65 0.0
5.6667 0.0
5.6833 0.0
5.7 0.0
5.7167 0.0
5.7333 1.209e-15
5.75 1.63e-11
5.7667 4.337e-09
5.7833 2.5e-07
5.8 3.706e-06
5.8167 2.68e-05
5.8333 8.456e-05
5.85 0.0001867
5.8667 0.0003376
5.8833 0.0005593
5.9 0.0008787
5.9167 0.001329
5.9333 0.001952
5.95 0.00281
5.9667 0.003985
5.9833 0.005409
6.0 0.007436
6.0167 0.009848
6.0333 0.01297
6.05 0.01698
6.0667 0.02208
6.0833 0.0285
6.1 0.03661
6.1167 0.04699
6.1333 0.05844
6.15 0.07386
6.1667 0.09059
6.1833 0.1116
6.2 0.1379
6.2167 0.1658
6.2333 0.1985
6.25 0.2323
6.2667 0.2701
6.2833 0.3172
6.3 0.3641
6.3167 0.42
6.3333 0.4716
6.35 0.5335
6.3667 0.6075
6.3833 0.686
6.4 0.7585
6.4167 0.8358
6.4333 0.9172
6.45 1.002
6.4667 1.091
6.4833 1.183
6.5 1.279
6.5167 1.377
6.5333 1.478
6.55 1.582
6.5667 1.689
6.5833 1.798
6.6 1.911
6.6167 2.025
6.6333 2.142
6.65 2.262
6.6667 2.384
6.6833 2.509
6.7 2.636
6.7167 2.766
6.7333 2.898
6.75 3.033
6.7667 3.17
6.7833 3.31
6.8 3.452
6.8167 3.596
6.8333 3.743
6.85 3.893
6.8667 4.045
6.8833 4.2
6.9 4.357
6.9167 4.516
6.9333 4.678
6.95 4.842
6.9667 5.009
6.9833 5.178
7.0 5.349
7.0167 5.523
7.0333 5.699
7.05 5.878
7.0667 6.058
7.0833 6.241
7.1 6.426
7.1167 6.613
7.1333 6.803
7.15 6.994
7.1667 7.188
7.1833 7.383
7.2 7.581
7.2167 7.78
7.2333 7.982
7.25 8.185
7.2667 8.39
7.2833 8.597
7.3 8.806
7.3167 9.016
7.3333 9.228
7.35 9.442
7.3667 9.657
7.3833 9.874
7.4 10.09
7.4167 10.31
7.4333 10.53
7.45 10.76
7.4667 10.98
7.4833 11.21
7.5 11.44
7.5167 11.66
7.5333 11.89
7.55 12.12
7.5667 12.36
7.5833 12.59
7.6 12.82
7.6167 13.06
7.6333 13.3
7.65 13.53
7.6667 13.77
7.6833 14.01
7.7 14.25
7.7167 14.5
7.7333 14.74
7.75 14.98
7.7667 15.23
7.7833 15.47
7.8 15.72
7.8167 15.96
7.8333 16.21
7.85 16.46
7.8667 16.71
7.8833 16.96
7.9 17.21
7.9167 17.46
7.9333 17.71
7.95 17.96
7.9667 18.21
7.9833 18.47
8.0 18.72
8.0167 18.97
8.0333 19.23
8.05 19.48
8.0667 19.74
8.0833 19.99
8.1 20.25
8.1167 20.5
8.1333 20.76
8.15 21.02
8.1667 21.28
8.1833 21.53
8.2 21.79
8.2167 22.05
8.2333 22.31
8.25 22.56
8.2667 22.82
8.2833 23.08
8.3 23.34
8.3167 23.6
8.3333 23.86
8.35 24.12
8.3667 24.37
8.3833 24.63
8.4 24.89
8.4167 25.15
8.4333 25.41
8.45 25.67
8.4667 25.93
8.4833 26.19
8.5 26.44
8.5167 26.7
8.5333 26.96
8.55 27.22
8.5667 27.48
8.5833 27.74
8.6 27.99
8.6167 28.25
8.6333 28.51
8.65 28.77
8.6667 29.02
8.6833 29.28
8.7 29.54
8.7167 29.79
8.7333 30.05
8.75 30.31
8.7667 30.56
8.7833 30.82
8.8 31.07
8.8167 31.33
8.8333 31.58
8.85 31.84
8.8667 32.09
8.8833 32.34
8.9 32.6
8.9167 32.85
8.9333 33.1
8.95 33.35
8.9667 33.6
8.9833 33.85
9.0 34.1
9.0167 34.35
9.0333 34.6
9.05 34.85
9.0667 35.1
9.0833 35.35
9.1 35.59
9.1167 35.84
9.1333 36.09
9.15 36.33
9.1667 36.58
9.1833 36.82
9.2 37.07
9.2167 37.31
9.2333 37.55
9.25 37.79
9.2667 38.03
9.2833 38.28
9.3 38.52
9.3167 38.76
9.3333 38.99
9.35 39.23
9.3667 39.47
9.3833 39.71
9.4 39.94
9.4167 40.18
9.4333 40.41
9.45 40.65
9.4667 40.88
9.4833 41.11
9.5 41.34
9.5167 41.58
9.5333 41.81
9.55 42.03
9.5667 42.26
9.5833 42.49
9.6 42.72
9.6167 42.95
9.6333 43.17
9.65 43.4
9.6667 43.62
9.6833 43.84
9.7 44.06
9.7167 44.29
9.7333 44.51
9.75 44.73
9.7667 44.94
9.7833 45.16
9.8 45.38
9.8167 45.6
9.8333 45.81
9.85 46.03
9.8667 46.24
9.8833 46.45
9.9 46.66
9.9167 46.87
9.9333 47.08
9.95 47.29
9.9667 47.5
9.9833 47.71
10.0 47.91
10.0167 48.12
10.0333 48.32
10.05 48.52
10.0667 48.73
10.0833 48.93
10.1 49.13
10.1167 49.33
10.1333 49.53
10.15 49.72
10.1667 49.92
10.1833 50.11
10.2 50.31
10.2167 50.5
10.2333 50.69
10.25 50.88
10.2667 51.07
10.2833 51.26
10.3 51.45
10.3167 51.63
10.3333 51.82
10.35 52.0
10.3667 52.19
10.3833 52.37
10.4 52.55
10.4167 52.73
10.4333 52.91
10.45 53.09
10.4667 53.26
10.4833 53.44
10.5 53.61
10.5167 53.79
10.5333 53.96
10.55 54.13
10.5667 54.3
10.5833 54.47
10.6 54.64
10.6167 54.8
10.6333 54.97
10.65 55.13
10.6667 55.29
10.6833 55.46
10.7 55.62
10.7167 55.78
10.7333 55.93
10.75 56.09
10.7667 56.25
10.7833 56.4
10.8 56.55
10.8167 56.71
10.8333 56.86
10.85 57.01
10.8667 57.15
10.8833 57.3
10.9 57.45
10.9167 57.59
10.9333 57.73
10.95 57.88
10.9667 58.02
10.9833 58.16
11.0 58.3
11.0167 58.43
11.0333 58.57
11.05 58.7
11.0667 58.84
11.0833 58.97
11.1 59.1
11.1167 59.23
11.1333 59.36
11.15 59.48
11.1667 59.61
11.1833 59.73
11.2 59.86
11.2167 59.98
11.2333 60.1
11.25 60.22
11.2667 60.33
11.2833 60.45
11.3 60.57
11.3167 60.68
11.3333 60.79
11.35 60.9
11.3667 61.01
11.3833 61.12
11.4 61.23
11.4167 61.33
11.4333 61.44
11.45 61.54
11.4667 61.64
11.4833 61.74
11.5 61.84
11.5167 61.94
11.5333 62.04
11.55 62.13
11.5667 62.22
11.5833 62.32
11.6 62.41
11.6167 62.5
11.6333 62.58
11.65 62.67
11.6667 62.76
11.6833 62.84
11.7 62.92
11.7167 63.0
11.7333 63.08
11.75 63.16
11.7667 63.24
11.7833 63.32
11.8 63.39
11.8167 63.46
11.8333 63.53
11.85 63.6
11.8667 63.67
11.8833 63.74
11.9 63.81
11.9167 63.87
11.9333 63.93
11.95 63.99
11.9667 64.06
11.9833 64.11
12.0 64.17
12.0167 64.23
12.0333 64.28
12.05 64.33
12.0667 64.39
12.0833 64.44
12.1 64.49
12.1167 64.53
12.1333 64.58
12.15 64.62
12.1667 64.67
12.1833 64.71
12.2 64.75
12.2167 64.79
12.2333 64.83
12.25 64.86
12.2667 64.9
12.2833 64.93
12.3 64.96
12.3167 64.99
12.3333 65.02
12.35 65.05
12.3667 65.07
12.3833 65.1
12.4 65.12
12.4167 65.14
12.4333 65.16
12.45 65.18
12.4667 65.2
12.4833 65.22
12.5 65.23
12.5167 65.24
12.5333 65.25
12.55 65.26
12.5667 65.27
12.5833 65.28
12.6 65.28
12.6167 65.29
12.6333 65.29
12.65 65.29
12.6667 65.29
12.6833 65.29
12.7 65.29
12.7167 65.28
12.7333 65.28
12.75 65.27
12.7667 65.26
12.7833 65.25
12.8 65.24
12.8167 65.23
12.8333 65.22
12.85 65.2
12.8667 65.18
12.8833 65.16
12.9 65.14
12.9167 65.12
12.9333 65.1
12.95 65.07
12.9667 65.05
12.9833 65.02
13.0 64.99
13.0167 64.96
13.0333 64.93
13.05 64.9
13.0667 64.86
13.0833 64.83
13.1 64.79
13.1167 64.75
13.1333 64.71
13.15 64.67
13.1667 64.63
13.1833 64.58
13.2 64.54
13.2167 64.49
13.2333 64.44
13.25 64.39
13.2667 64.34
13.2833 64.28
13.3 64.23
13.3167 64.17
13.3333 64.12
13.35 64.06
13.3667 64.0
13.3833 63.94
13.4 63.87
13.4167 63.81
13.4333 63.74
13.45 63.68
13.4667 63.61
13.4833 63.54
13.5 63.47
13.5167 63.39
13.5333 63.32
13.55 63.24
13.5667 63.17
13.5833 63.09
13.6 63.01
13.6167 62.93
13.6333 62.84
13.65 62.76
13.6667 62.68
13.6833 62.59
13.7 62.5
13.7167 62.41
13.7333 62.32
13.75 62.23
13.7667 62.14
13.7833 62.04
13.8 61.94
13.8167 61.85
13.8333 61.75
13.85 61.65
13.8667 61.55
13.8833 61.44
13.9 61.34
13.9167 61.23
13.9333 61.13
13.95 61.02
13.9667 60.91
13.9833 60.8
14.0 60.68
14.0167 60.57
14.0333 60.45
14.05 60.34
14.0667 60.22
14.0833 60.1
14.1 59.98
14.1167 59.86
14.1333 59.74
14.15 59.61
14.1667 59.49
14.1833 59.36
14.2 59.23
14.2167 59.1
14.2333 58.97
14.25 58.84
14.2667 58.71
14.2833 58.57
14.3 58.44
14.3167 58.3
14.3333 58.16
14.35 58.02
14.3667 57.88
14.3833 57.74
14.4 57.6
14.4167 57.45
14.4333 57.31
14.45 57.16
14.4667 57.01
14.4833 56.86
14.5 56.71
14.5167 56.56
14.5333 56.4
14.55 56.25
14.5667 56.09
14.5833 55.94
14.6 55.78
14.6167 55.62
14.6333 55.46
14.65 55.3
14.6667 55.14
14.6833 54.97
14.7 54.81
14.7167 54.64
14.7333 54.47
14.75 54.3
14.7667 54.13
14.7833 53.96
14.8 53.79
14.8167 53.62
14.8333 53.44
14.85 53.27
14.8667 53.09
14.8833 52.91
14.9 52.73
14.9167 52.56
14.9333 52.37
14.95 52.19
14.9667 52.01
14.9833 51.82
15.0 51.64
15.0167 51.45
15.0333 51.26
15.05 51.08
15.0667 50.89
15.0833 50.69
15.1 50.5
15.1167 50.31
15.1333 50.12
15.15 49.92
15.1667 49.73
15.1833 49.53
15.2 49.33
15.2167 49.13
15.2333 48.93
15.25 48.73
15.2667 48.53
15.2833 48.32
15.3 48.12
15.3167 47.92
15.3333 47.71
15.35 47.5
15.3667 47.29
15.3833 47.09
15.4 46.88
15.4167 46.67
15.4333 46.45
15.45 46.24
15.4667 46.03
15.4833 45.81
15.5 45.6
15.5167 45.38
15.5333 45.16
15.55 44.95
15.5667 44.73
15.5833 44.51
15.6 44.29
15.6167 44.07
15.6333 43.84
15.65 43.62
15.6667 43.4
15.6833 43.17
15.7 42.95
15.7167 42.72
15.7333 42.49
15.75 42.26
15.7667 42.03
15.7833 41.81
15.8 41.57
15.8167 41.34
15.8333 41.11
15.85 40.88
15.8667 40.65
15.8833 40.41
15.9 40.18
15.9167 39.94
15.9333 39.71
15.95 39.47
15.9667 39.23
15.9833 38.99
16.0 38.75
16.0167 38.51
16.0333 38.27
16.05 38.03
16.0667 37.79
16.0833 37.55
16.1 37.31
16.1167 37.06
16.1333 36.82
16.15 36.57
16.1667 36.33
16.1833 36.08
16.2 35.84
16.2167 35.59
16.2333 35.34
16.25 35.09
16.2667 34.85
16.2833 34.6
16.3 34.35
16.3167 34.1
16.3333 33.85
16.35 33.6
16.3667 33.35
16.3833 33.09
16.4 32.84
16.4167 32.59
16.4333 32.34
16.45 32.08
16.4667 31.83
16.4833 31.58
16.5 31.32
16.5167 31.07
16.5333 30.81
16.55 30.56
16.5667 30.3
16.5833 30.04
16.6 29.79
16.6167 29.53
16.6333 29.27
16.65 29.02
16.6667 28.76
16.6833 28.5
16.7 28.24
16.7167 27.99
16.7333 27.73
16.75 27.47
16.7667 27.21
16.7833 26.95
16.8 26.69
16.8167 26.43
16.8333 26.18
16.85 25.92
16.8667 25.66
16.8833 25.4
16.9 25.14
16.9167 24.88
16.9333 24.62
16.95 24.36
16.9667 24.1
16.9833 23.84
17.0 23.59
17.0167 23.33
17.0333 23.07
17.05 22.81
17.0667 22.55
17.0833 22.29
17.1 22.03
17.1167 21.78
17.1333 21.52
17.15 21.26
17.1667 21.0
17.1833 20.75
17.2 20.49
17.2167 20.23
17.2333 19.98
17.25 19.72
17.2667 19.47
17.2833 19.21
17.3 18.96
17.3167 18.7
17.3333 18.45
17.35 18.2
17.3667 17.94
17.3833 17.69
17.4 17.44
17.4167 17.19
17.4333 16.94
17.45 16.69
17.4667 16.44
17.4833 16.19
17.5 15.95
17.5167 15.7
17.5333 15.45
17.55 15.21
17.5667 14.96
17.5833 14.72
17.6 14.48
17.6167 14.23
17.6333 13.99
17.65 13.75
17.6667 13.52
17.6833 13.28
17.7 13.04
17.7167 12.8
17.7333 12.57
17.75 12.34
17.7667 12.1
17.7833 11.87
17.8 11.64
17.8167 11.41
17.8333 11.19
17.85 10.96
17.8667 10.74
17.8833 10.51
17.9 10.29
17.9167 10.07
17.9333 9.853
17.95 9.636
17.9667 9.42
17.9833 9.206
18.0 8.994
18.0167 8.784
18.0333 8.575
18.05 8.368
18.0667 8.162
18.0833 7.959
18.1 7.758
18.1167 7.559
18.1333 7.361
18.15 7.165
18.1667 6.972
18.1833 6.78
18.2 6.591
18.2167 6.404
18.2333 6.219
18.25 6.036
18.2667 5.856
18.2833 5.677
18.3 5.501
18.3167 5.328
18.3333 5.156
18.35 4.987
18.3667 4.821
18.3833 4.657
18.4 4.495
18.4167 4.336
18.4333 4.178
18.45 4.024
18.4667 3.872
18.4833 3.723
18.5 3.576
18.5167 3.431
18.5333 3.289
18.55 3.15
18.5667 3.013
18.5833 2.879
18.6 2.747
18.6167 2.617
18.6333 2.49
18.65 2.366
18.6667 2.244
18.6833 2.124
18.7 2.007
18.7167 1.893
18.7333 1.781
18.75 1.672
18.7667 1.565
18.7833 1.461
18.8 1.36
18.8167 1.262
18.8333 1.168
18.85 1.076
18.8667 0.9876
18.8833 0.903
18.9 0.8219
18.9167 0.7454
18.9333 0.6737
18.95 0.5934
18.9667 0.5216
18.9833 0.4616
19.0 0.4114
19.0167 0.3535
19.0333 0.3102
19.05 0.2628
19.0667 0.2234
19.0833 0.1892
19.1 0.1583
19.1167 0.1305
19.1333 0.1069
19.15 0.08747
19.1667 0.0704
19.1833 0.05605
19.2 0.04422
19.2167 0.03525
19.2333 0.0273
19.25 0.02108
19.2667 0.01619
19.2833 0.01238
19.3 0.009241
19.3167 0.006886
19.3333 0.00513
19.35 0.003664
19.3667 0.002591
19.3833 0.001824
19.4 0.001231
19.4167 0.0008078
19.4333 0.0005111
19.45 0.000298
19.4667 0.0001575
19.4833 6.92e-05
19.5 1.835e-05
19.5167 2.209e-06
19.5333 1.098e-07
19.55 1.309e-09
19.5667 3.06e-12
19.5833 1.115e-29
19.6 0.0
19.6167 0.0
19.6333 0.0
19.65 0.0
19.6667 0.0
19.6833 0.0
19.7 0.0
19.7167 0.0
19.7333 0.0
19.75 0.0
19.7667 0.0
19.7833 0.0
19.8 0.0
19.8167 0.0
19.8333 0.0
19.85 0.0
19.8667 0.0
19.8833 0.0
19.9 0.0
19.9167 0.0
19.9333 0.0
19.95 0.0
19.9667 0.0
19.9833 0.0
20.0 0.0
20.0167 0.0
20.0333 0.0
20.05 0.0
20.0667 0.0
20.0833 0.0
20.1 0.0
20.1167 0.0
20.1333 0.0
20.15 0.0
20.1667 0.0
20.1833 0.0
20.2 0.0
20.2167 0.0
20.2333 0.0
20.25 0.0
20.2667 0.0
20.2833 0.0
20.3 0.0
20.3167 0.0
20.3333 0.0
20.35 0.0
20.3667 0.0
20.3833 0.0
20.4 0.0
20.4167 0.0
20.4333 0.0
20.45 0.0
20.4667 0.0
20.4833 0.0
20.5 0.0
20.5167 0.0
20.5333 0.0
20.55 0.0
20.5667 0.0
20.5833 0.0
20.6 0.0
20.6167 0.0
20.6333 0.0
20.65 0.0
20.6667 0.0
20.6833 0.0
20.7 0.0
20.7167 0.0
20.7333 0.0
20.75 0.0
20.7667 0.0
20.7833 0.0
20.8 0.0
20.8167 0.0
20.8333 0.0
20.85 0.0
20.8667 0.0
20.8833 0.0
20.9 0.0
20.9167 0.0
20.9333 0.0
20.95 0.0
20.9667 0.0
20.9833 0.0
21.0 0.0
21.0167 0.0
21.0333 0.0
21.05 0.0
21.0667 0.0
21.0833 0.0
21.1 0.0
21.1167 0.0
21.1333 0.0
21.15 0.0
21.1667 0.0
21.1833 0.0
21.2 0.0
21.2167 0.0
21.2333 0.0
21.25 0.0
21.2667 0.0
21.2833 0.0
21.3 0.0
21.3167 0.0
21.3333 0.0
21.35 0.0
21.3667 0.0
21.3833 0.0
21.4 0.0
21.4167 0.0
21.4333 0.0
21.45 0.0
21.4667 0.0
21.4833 0.0
21.5 0.0
21.5167 0.0
21.5333 0.0
21.55 0.0
21.5667 0.0
21.5833 0.0
21.6 0.0
21.6167 0.0
21.6333 0.0
21.65 0.0
21.6667 0.0
21.6833 0.0
21.7 0.0
21.7167 0.0
21.7333 0.0
21.75 0.0
21.7667 0.0
21.7833 0.0
21.8 0.0
21.8167 0.0
21.8333 0.0
21.85 0.0
21.8667 0.0
21.8833 0.0
21.9 0.0
21.9167 0.0
21.9333 0.0
21.95 0.0
21.9667 0.0
21.9833 0.0
22.0 0.0
22.0167 0.0
22.0333 0.0
22.05 0.0
22.0667 0.0
22.0833 0.0
22.1 0.0
22.1167 0.0
22.1333 0.0
22.15 0.0
22.1667 0.0
22.1833 0.0
22.2 0.0
22.2167 0.0
22.2333 0.0
22.25 0.0
22.2667 0.0
22.2833 0.0
22.3 0.0
22.3167 0.0
22.3333 0.0
22.35 0.0
22.3667 0.0
22.3833 0.0
22.4 0.0
22.4167 0.0
22.4333 0.0
22.45 0.0
22.4667 0.0
22.4833 0.0
22.5 0.0
22.5167 0.0
22.5333 0.0
22.55 0.0
22.5667 0.0
22.5833 0.0
22.6 0.0
22.6167 0.0
22.6333 0.0
22.65 0.0
22.6667 0.0
22.6833 0.0
22.7 0.0
22.7167 0.0
22.7333 0.0
22.75 0.0
22.7667 0.0
22.7833 0.0
22.8 0.0
22.8167 0.0
22.8333 0.0
22.85 0.0
22.8667 0.0
22.8833 0.0
22.9 0.0
22.9167 0.0
22.9333 0.0
22.95 0.0
22.9667 0.0
22.9833 0.0
23.0 0.0
23.0167 0.0
23.0333 0.0
23.05 0.0
23.0667 0.0
23.0833 0.0
23.1 0.0
23.1167 0.0
23.1333 0.0
23.15 0.0
23.1667 0.0
23.1833 0.0
23.2 0.0
23.2167 0.0
23.2333 0.0
23.25 0.0
23.2667 0.0
23.2833 0.0
23.3 0.0
23.3167 0.0
23.3333 0.0
23.35 0.0
23.3667 0.0
23.3833 0.0
23.4 0.0
23.4167 0.0
23.4333 0.0
23.45 0.0
23.4667 0.0
23.4833 0.0
23.5 0.0
23.5167 0.0
23.5333 0.0
23.55 0.0
23.5667 0.0
23.5833 0.0
23.6 0.0
23.6167 0.0
23.6333 0.0
23.65 0.0
23.6667 0.0
23.6833 0.0
23.7 0.0
23.7167 0.0
23.7333 0.0
23.75 0.0
23.7667 0.0
23.7833 0.0
23.8 0.0
23.8167 0.0
23.8333 0.0
23.85 0.0
23.8667 0.0
23.8833 0.0
23.9 0.0
23.9167 0.0
23.9333 0.0
23.95 0.0
23.9667 0.0
23.9833 0.0
