0.0 0.0
0.0167 0.0
0.0333 0.0
0.05 0.0
0.0667 0.0
0.0833 0.0
0.1 0.0
0.1167 0.0
0.1333 0.0
0.15 0.0
0.1667 0.0
0.1833 0.0
0.2 0.0
0.2167 0.0
0.2333 0.0
0.25 0.0
0.2667 0.0
0.2833 0.0
0.3 0.0
0.3167 0.0
0.3333 0.0
0.35 0.0
0.3667 0.0
0.3833 0.0
0.4 0.0
0.4167 0.0
0.4333 0.0
0.45 0.0
0.4667 0.0
0.4833 0.0
0.5 0.0
0.5167 0.0
0.5333 0.0
0.55 0.0
0.5667 0.0
0.5833 0.0
0.6 0.0
0.6167 0.0
0.6333 0.0
0.65 0.0
0.6667 0.0
0.6833 0.0
0.7 0.0
0.7167 0.0
0.7333 0.0
0.75 0.0
0.7667 0.0
0.7833 0.0
0.8 0.0
0.8167 0.0
0.8333 0.0
0.85 0.0
0.8667 0.0
0.8833 0.0
0.9 0.0
0.9167 0.0
0.9333 0.0
0.95 0.0
0.9667 0.0
0.9833 0.0
1.0 0.0
1.0167 0.0
1.0333 0.0
1.05 0.0
1.0667 0.0
1.0833 0.0
1.1 0.0
1.1167 0.0
1.1333 0.0
1.15 0.0
1.1667 0.0
1.1833 0.0
1.2 0.0
1.2167 0.0
1.2333 0.0
1.25 0.0
1.2667 0.0
1.2833 0.0
1.3 0.0
1.3167 0.0
1.3333 0.0
1.35 0.0
1.3667 0.0
1.3833 0.0
1.4 0.0
1.4167 0.0
1.4333 0.0
1.45 0.0
1.4667 0.0
1.4833 0.0
1.5 0.0
1.5167 0.0
1.5333 0.0
1.55 0.0
1.5667 0.0
1.5833 0.0
1.6 0.0
1.6167 0.0
1.6333 0.0
1.65 0.0
1.6667 0.0
1.6833 0.0
1.7 0.0
1.7167 0.0
1.7333 0.0
1.75 0.0
1.7667 0.0
1.7833 0.0
1.8 0.0
1.8167 0.0
1.8333 0.0
1.85 0.0
1.8667 0.0
1.8833 0.0
1.9 0.0
1.9167 0.0
1.9333 0.0
1.95 0.0
1.9667 0.0
1.9833 0.0
2.0 0.0
2.0167 0.0
2.0333 0.0
2.05 0.0
2.0667 0.0
2.0833 0.0
2.1 0.0
2.1167 0.0
2.1333 0.0
2.15 0.0
2.1667 0.0
2.1833 0.0
2.2 0.0
2.2167 0.0
2.2333 0.0
2.25 0.0
2.2667 0.0
2.2833 0.0
2.3 0.0
2.3167 0.0
2.3333 0.0
2.35 0.0
2.3667 0.0
2.3833 0.0
2.4 0.0
2.4167 0.0
2.4333 0.0
2.45 0.0
2.4667 0.0
2.4833 0.0
2.5 0.0
2.5167 0.0
2.5333 0.0
2.55 0.0
2.5667 0.0
2.5833 0.0
2.6 0.0
2.6167 0.0
2.6333 0.0
2.65 0.0
2.6667 0.0
2.6833 0.0
2.7 0.0
2.7167 0.0
2.7333 0.0
2.75 0.0
2.7667 0.0
2.7833 0.0
2.8 0.0
2.8167 0.0
2.8333 0.0
2.85 0.0
2.8667 0.0
2.8833 0.0
2.9 0.0
2.9167 0.0
2.9333 0.0
2.95 0.0
2.9667 0.0
2.9833 0.0
3.0 0.0
3.0167 0.0
3.0333 0.0
3.05 0.0
3.0667 0.0
3.0833 0.0
3.1 0.0
3.1167 0.0
3.1333 0.0
3.15 0.0
3.1667 0.0
3.1833 0.0
3.2 0.0
3.2167 0.0
3.2333 0.0
3.25 0.0
3.2667 0.0
3.2833 0.0
3.3 0.0
3.3167 0.0
3.3333 0.0
3.35 0.0
3.3667 0.0
3.3833 0.0
3.4 0.0
3.4167 0.0
3.4333 0.0
3.45 0.0
3.4667 0.0
3.4833 0.0
3.5 0.0
3.5167 0.0
3.5333 0.0
3.55 0.0
3.5667 0.0
3.5833 0.0
3.6 0.0
3.6167 0.0
3.6333 0.0
3.65 0.0
3.6667 0.0
3.6833 0.0
3.7 0.0
3.7167 0.0
3.7333 0.0
3.75 0.0
3.7667 0.0
3.7833 0.0
3.8 0.0
3.8167 0.0
3.8333 0.0
3.85 0.0
3.8667 0.0
3.8833 0.0
3.9 0.0
3.9167 0.0
3.9333 0.0
3.95 0.0
3.9667 0.0
3.9833 0.0
4.0 0.0
4.0167 0.0
4.0333 0.0
4.05 0.0
4.0667 0.0
4.0833 0.0
4.1 0.0
4.1167 0.0
4.1333 0.0
4.15 0.0
4.1667 0.0
4.1833 0.0
4.2 0.0
4.2167 0.0
4.2333 0.0
4.25 0.0
4.2667 0.0
4.2833 0.0
4.3 0.0
4.3167 0.0
4.3333 0.0
4.35 0.0
4.3667 0.0
4.3833 0.0
4.4 0.0
4.4167 0.0
4.4333 0.0
4.45 0.0
4.4667 0.0
4.4833 0.0
4.5 0.0
4.5167 0.0
4.5333 0.0
4.55 0.0
4.5667 0.0
4.5833 0.0
4.6 0.0
4.6167 0.0
4.6333 0.0
4.65 0.0
4.6667 0.0
4.6833 0.0
4.7 0.0
4.7167 0.0
4.7333 0.0
4.75 0.0
4.7667 0.0
4.7833 0.0
4.8 0.0
4.8167 0.0
4.8333 0.0
4.85 0.0
4.8667 0.0
4.8833 0.0
4.9 0.0
4.9167 0.0
4.9333 0.0
4.95 0.0
4.9667 0.0
4.9833 0.0
5.0 0.0
5.0167 0.0
5.0333 0.0
5.05 0.0
5.0667 0.0
5.0833 0.0
5.1 0.0
5.1167 0.0
5.1333 0.0
5.15 0.0
5.1667 0.0
5.1833 0.0
5.2 0.0
5.2167 0.0
5.2333 0.0
5.25 0.0
5.2667 0.0
5.2833 0.0
5.3 0.0
5.3167 0.0
5.3333 0.0
5.35 0.0
5.3667 0.0
5.3833 0.0
5.4 0.0
5.4167 0.0
5.4333 0.0
5.45 0.0
5.4667 0.0
5.4833 0.0
5.5 0.0
5.5167 0.0
5.5333 0.0
5.55 0.0
5.5667 0.0
5.5833 0.0
5.6 0.0
5.6167 0.0
5.6333 0.0
5.65 0.0
5.6667 0.0
5.6833 0.0
5.7 0.0
5.7167 0.0
5.7333 0.0
5.75 0.0
5.7667 0.0
5.7833 0.0
5.8 0.0
5.8167 0.0
5.8333 0.0
5.85 7.193e-16
5.8667 1.586e-11
5.8833 5.002e-09
5.9 3.016e-07
5.9167 4.961e-06
5.9333 3.313e-05
5.95 9.974e-05
5.9667 0.0002181
5.9833 0.0003923
6.0 0.0006462
6.0167 0.001017
6.0333 0.001543
6.05 0.002274
6.0667 0.003276
6.0833 0.004645
6.1 0.006346
6.1167 0.008701
6.1333 0.01158
6.15 0.01536
6.1667 0.02028
6.1833 0.02647
6.2 0.03409
6.2167 0.0437
6.2333 0.05603
6.25 0.07023
6.2667 0.08831
6.2833 0.1084
6.3 0.1332
6.3167 0.1634
6.3333 0.1965
6.35 0.2311
6.3667 0.2716
6.3833 0.3204
6.4 0.3689
6.4167 0.4269
6.4333 0.4809
6.45 0.5459
6.4667 0.6241
6.4833 0.7044
6.5 0.7804
6.5167 0.8613
6.5333 0.9465
6.55 1.036
6.5667 1.129
6.5833 1.225
6.6 1.325
6.6167 1.427
6.6333 1.533
6.65 1.642
6.6667 1.754
6.6833 1.868
6.7 1.985
6.7167 2.105
6.7333 2.228
6.75 2.353
6.7667 2.48
6.7833 2.611
6.8 2.743
6.8167 2.879
6.8333 3.017
6.85 3.157
6.8667 3.3
6.8833 3.446
6.9 3.594
6.9167 3.745
6.9333 3.898
6.95 4.054
6.9667 4.213
6.9833 4.374
7.0 4.537
7.0167 4.703
7.0333 4.872
7.05 5.043
7.0667 5.216
7.0833 5.392
7.1 5.57
7.1167 5.751
7.1333 5.934
7.15 6.119
7.1667 6.306
7.1833 6.496
7.2 6.688
7.2167 6.882
7.2333 7.078
7.25 7.276
7.2667 7.477
7.2833 7.679
7.3 7.883
7.3167 8.09
7.3333 8.298
7.35 8.508
7.3667 8.72
7.3833 8.933
7.4 9.149
7.4167 9.366
7.4333 9.584
7.45 9.805
7.4667 10.03
7.4833 10.25
7.5 10.47
7.5167 10.7
7.5333 10.93
7.55 11.16
7.5667 11.39
7.5833 11.62
7.6 11.85
7.6167 12.09
7.6333 12.32
7.65 12.56
7.6667 12.8
7.6833 13.04
7.7 13.28
7.7167 13.52
7.7333 13.76
7.75 14.0
7.7667 14.25
7.7833 14.49
7.8 14.74
7.8167 14.98
7.8333 15.23
7.85 15.48
7.8667 15.73
7.8833 15.98
7.9 16.23
7.9167 16.48
7.9333 16.73
7.95 16.98
7.9667 17.23
7.9833 17.49
8.0 17.74
8.0167 18.0
8.0333 18.25
8.05 18.51
8.0667 18.76
8.0833 19.02
8.1 19.27
8.1167 19.53
8.1333 19.79
8.15 20.05
8.1667 20.3
8.1833 20.56
8.2 20.82
8.2167 21.08
8.2333 21.34
8.25 21.6
8.2667 21.85
8.2833 22.11
8.3 22.37
8.3167 22.63
8.3333 22.89
8.35 23.15
8.3667 23.41
8.3833 23.67
8.4 23.93
8.4167 24.19
8.4333 24.45
8.45 24.71
8.4667 24.97
8.4833 25.23
8.5 25.49
8.5167 25.75
8.5333 26.01
8.55 26.27
8.5667 26.52
8.5833 26.78
8.6 27.04
8.6167 27.3
8.6333 27.56
8.65 27.82
8.6667 28.07
8.6833 28.33
8.7 28.59
8.7167 28.84
8.7333 29.1
8.75 29.36
8.7667 29.61
8.7833 29.87
8.8 30.12
8.8167 30.38
8.8333 30.63
8.85 30.89
8.8667 31.14
8.8833 31.39
8.9 31.65
8.9167 31.9
8.9333 32.15
8.95 32.4
8.9667 32.65
8.9833 32.9
9.0 33.15
9.0167 33.4
9.0333 33.65
9.05 33.9
9.0667 34.15
9.0833 34.39
9.1 34.64
9.1167 34.88
9.1333 35.13
9.15 35.37
9.1667 35.62
9.1833 35.86
9.2 36.11
9.2167 36.35
9.2333 36.59
9.25 36.83
9.2667 37.07
9.2833 37.31
9.3 37.55
9.3167 37.79
9.3333 38.02
9.35 38.26
9.3667 38.5
9.3833 38.73
9.4 38.97
9.4167 39.2
9.4333 39.43
9.45 39.66
9.4667 39.89
9.4833 40.13
9.5 40.35
9.5167 40.58
9.5333 40.81
9.55 41.04
9.5667 41.27
9.5833 41.49
9.6 41.72
9.6167 41.94
9.6333 42.16
9.65 42.38
9.6667 42.61
9.6833 42.83
9.7 43.04
9.7167 43.26
9.7333 43.48
9.75 43.7
9.7667 43.91
9.7833 44.13
9.8 44.34
9.8167 44.55
9.8333 44.76
9.85 44.98
9.8667 45.19
9.8833 45.4
9.9 45.6
9.9167 45.81
9.9333 46.02
9.95 46.22
9.9667 46.42
9.9833 46.63
10.0 46.83
10.0167 47.03
10.0333 47.23
10.05 47.43
10.0667 47.63
10.0833 47.82
10.1 48.02
10.1167 48.21
10.1333 48.41
10.15 48.6
10.1667 48.79
10.1833 48.98
10.2 49.17
10.2167 49.36
10.2333 49.54
10.25 49.73
10.2667 49.91
10.2833 50.1
10.3 50.28
10.3167 50.46
10.3333 50.64
10.35 50.82
10.3667 50.99
10.3833 51.17
10.4 51.35
10.4167 51.52
10.4333 51.69
10.45 51.87
10.4667 52.04
10.4833 52.2
10.5 52.37
10.5167 52.54
10.5333 52.71
10.55 52.87
10.5667 53.03
10.5833 53.19
10.6 53.36
10.6167 53.52
10.6333 53.67
10.65 53.83
10.6667 53.99
10.6833 54.14
10.7 54.29
10.7167 54.45
10.7333 54.6
10.75 54.75
10.7667 54.9
10.7833 55.04
10.8 55.19
10.8167 55.33
10.8333 55.47
10.85 55.62
10.8667 55.76
10.8833 55.9
10.9 56.03
10.9167 56.17
10.9333 56.31
10.95 56.44
10.9667 56.57
10.9833 56.7
11.0 56.83
11.0167 56.96
11.0333 57.09
11.05 57.22
11.0667 57.34
11.0833 57.46
11.1 57.59
11.1167 57.71
11.1333 57.82
11.15 57.94
11.1667 58.06
11.1833 58.18
11.2 58.29
11.2167 58.4
11.2333 58.51
11.25 58.62
11.2667 58.73
11.2833 58.84
11.3 58.94
11.3167 59.05
11.3333 59.15
11.35 59.25
11.3667 59.35
11.3833 59.45
11.4 59.55
11.4167 59.64
11.4333 59.74
11.45 59.83
11.4667 59.92
11.4833 60.01
11.5 60.1
11.5167 60.19
11.5333 60.27
11.55 60.36
11.5667 60.44
11.5833 60.52
11.6 60.6
11.6167 60.68
11.6333 60.76
11.65 60.83
11.6667 60.91
11.6833 60.98
11.7 61.05
11.7167 61.12
11.7333 61.19
11.75 61.26
11.7667 61.32
11.7833 61.39
11.8 61.45
11.8167 61.51
11.8333 61.57
11.85 61.63
11.8667 61.69
11.8833 61.74
11.9 61.8
11.9167 61.85
11.9333 61.9
11.95 61.95
11.9667 62.0
11.9833 62.05
12.0 62.09
12.0167 62.14
12.0333 62.18
12.05 62.22
12.0667 62.26
12.0833 62.29
12.1 62.33
12.1167 62.37
12.1333 62.4
12.15 62.43
12.1667 62.46
12.1833 62.49
12.2 62.52
12.2167 62.55
12.2333 62.57
12.25 62.59
12.2667 62.62
12.2833 62.64
12.3 62.65
12.3167 62.67
12.3333 62.69
12.35 62.7
12.3667 62.71
12.3833 62.72
12.4 62.73
12.4167 62.74
12.4333 62.75
12.45 62.75
12.4667 62.76
12.4833 62.76
12.5 62.76
12.5167 62.76
12.5333 62.76
12.55 62.76
12.5667 62.75
12.5833 62.74
12.6 62.74
12.6167 62.73
12.6333 62.71
12.65 62.7
12.6667 62.69
12.6833 62.67
12.7 62.66
12.7167 62.64
12.7333 62.62
12.75 62.6
12.7667 62.57
12.7833 62.55
12.8 62.52
12.8167 62.49
12.8333 62.47
12.85 62.44
12.8667 62.4
12.8833 62.37
12.9 62.33
12.9167 62.3
12.9333 62.26
12.95 62.22
12.9667 62.18
12.9833 62.14
13.0 62.09
13.0167 62.05
13.0333 62.0
13.05 61.96
13.0667 61.91
13.0833 61.85
13.1 61.8
13.1167 61.75
13.1333 61.69
13.15 61.64
13.1667 61.58
13.1833 61.52
13.2 61.46
13.2167 61.39
13.2333 61.33
13.25 61.26
13.2667 61.2
13.2833 61.13
13.3 61.06
13.3167 60.99
13.3333 60.91
13.35 60.84
13.3667 60.76
13.3833 60.69
13.4 60.61
13.4167 60.53
13.4333 60.45
13.45 60.36
13.4667 60.28
13.4833 60.19
13.5 60.11
13.5167 60.02
13.5333 59.93
13.55 59.84
13.5667 59.74
13.5833 59.65
13.6 59.55
13.6167 59.46
13.6333 59.36
13.65 59.26
13.6667 59.16
13.6833 59.05
13.7 58.95
13.7167 58.85
13.7333 58.74
13.75 58.63
13.7667 58.52
13.7833 58.41
13.8 58.3
13.8167 58.18
13.8333 58.07
13.85 57.95
13.8667 57.83
13.8833 57.72
13.9 57.6
13.9167 57.47
13.9333 57.35
13.95 57.23
13.9667 57.1
13.9833 56.97
14.0 56.84
14.0167 56.71
14.0333 56.58
14.05 56.45
14.0667 56.32
14.0833 56.18
14.1 56.04
14.1167 55.91
14.1333 55.77
14.15 55.63
14.1667 55.48
14.1833 55.34
14.2 55.2
14.2167 55.05
14.2333 54.91
14.25 54.76
14.2667 54.61
14.2833 54.46
14.3 54.3
14.3167 54.15
14.3333 54.0
14.35 53.84
14.3667 53.68
14.3833 53.53
14.4 53.37
14.4167 53.21
14.4333 53.04
14.45 52.88
14.4667 52.72
14.4833 52.55
14.5 52.38
14.5167 52.22
14.5333 52.05
14.55 51.88
14.5667 51.7
14.5833 51.53
14.6 51.36
14.6167 51.18
14.6333 51.01
14.65 50.83
14.6667 50.65
14.6833 50.47
14.7 50.29
14.7167 50.11
14.7333 49.92
14.75 49.74
14.7667 49.55
14.7833 49.37
14.8 49.18
14.8167 48.99
14.8333 48.8
14.85 48.61
14.8667 48.42
14.8833 48.22
14.9 48.03
14.9167 47.83
14.9333 47.64
14.95 47.44
14.9667 47.24
14.9833 47.04
15.0 46.84
15.0167 46.64
15.0333 46.44
15.05 46.23
15.0667 46.03
15.0833 45.82
15.1 45.61
15.1167 45.41
15.1333 45.2
15.15 44.99
15.1667 44.78
15.1833 44.57
15.2 44.35
15.2167 44.14
15.2333 43.92
15.25 43.71
15.2667 43.49
15.2833 43.27
15.3 43.06
15.3167 42.84
15.3333 42.62
15.35 42.39
15.3667 42.17
15.3833 41.95
15.4 41.73
15.4167 41.5
15.4333 41.28
15.45 41.05
15.4667 40.82
15.4833 40.6
15.5 40.37
15.5167 40.14
15.5333 39.91
15.55 39.67
15.5667 39.44
15.5833 39.21
15.6 38.98
15.6167 38.74
15.6333 38.51
15.65 38.27
15.6667 38.03
15.6833 37.8
15.7 37.56
15.7167 37.32
15.7333 37.08
15.75 36.84
15.7667 36.6
15.7833 36.36
15.8 36.12
15.8167 35.87
15.8333 35.63
15.85 35.39
15.8667 35.14
15.8833 34.9
15.9 34.65
15.9167 34.4
15.9333 34.16
15.95 33.91
15.9667 33.66
15.9833 33.41
16.0 33.16
16.0167 32.91
16.0333 32.66
16.05 32.41
16.0667 32.16
16.0833 31.91
16.1 31.65
16.1167 31.4
16.1333 31.15
16.15 30.9
16.1667 30.64
16.1833 30.39
16.2 30.13
16.2167 29.88
16.2333 29.62
16.25 29.37
16.2667 29.11
16.2833 28.85
16.3 28.6
16.3167 28.34
16.3333 28.08
16.35 27.82
16.3667 27.57
16.3833 27.31
16.4 27.05
16.4167 26.79
16.4333 26.53
16.45 26.27
16.4667 26.01
16.4833 25.75
16.5 25.49
16.5167 25.24
16.5333 24.98
16.55 24.72
16.5667 24.46
16.5833 24.2
16.6 23.94
16.6167 23.68
16.6333 23.42
16.65 23.16
16.6667 22.9
16.6833 22.64
16.7 22.38
16.7167 22.12
16.7333 21.86
16.75 21.6
16.7667 21.34
16.7833 21.08
16.8 20.82
16.8167 20.57
16.8333 20.31
16.85 20.05
16.8667 19.79
16.8833 19.53
16.9 19.28
16.9167 19.02
16.9333 18.76
16.95 18.51
16.9667 18.25
16.9833 18.0
17.0 17.74
17.0167 17.49
17.0333 17.24
17.05 16.98
17.0667 16.73
17.0833 16.48
17.1 16.23
17.1167 15.98
17.1333 15.73
17.15 15.48
17.1667 15.23
17.1833 14.98
17.2 14.74
17.2167 14.49
17.2333 14.25
17.25 14.0
17.2667 13.76
17.2833 13.52
17.3 13.28
17.3167 13.04
17.3333 12.8
17.35 12.56
17.3667 12.32
17.3833 12.09
17.4 11.85
17.4167 11.62
17.4333 11.39
17.45 11.16
17.4667 10.93
17.4833 10.7
17.5 10.47
17.5167 10.25
17.5333 10.02
17.55 9.802
17.5667 9.582
17.5833 9.362
17.6 9.145
17.6167 8.93
17.6333 8.716
17.65 8.505
17.6667 8.295
17.6833 8.086
17.7 7.879
17.7167 7.675
17.7333 7.473
17.75 7.272
17.7667 7.074
17.7833 6.877
17.8 6.683
17.8167 6.491
17.8333 6.302
17.85 6.114
17.8667 5.928
17.8833 5.746
17.9 5.565
17.9167 5.387
17.9333 5.211
17.95 5.038
17.9667 4.866
17.9833 4.698
18.0 4.532
18.0167 4.368
18.0333 4.207
18.05 4.048
18.0667 3.893
18.0833 3.739
18.1 3.589
18.1167 3.44
18.1333 3.295
18.15 3.151
18.1667 3.011
18.1833 2.873
18.2 2.738
18.2167 2.605
18.2333 2.475
18.25 2.347
18.2667 2.222
18.2833 2.099
18.3 1.98
18.3167 1.863
18.3333 1.748
18.35 1.636
18.3667 1.528
18.3833 1.422
18.4 1.319
18.4167 1.22
18.4333 1.123
18.45 1.031
18.4667 0.9416
18.4833 0.8565
18.5 0.7758
18.5167 0.6998
18.5333 0.6187
18.55 0.5416
18.5667 0.4772
18.5833 0.4238
18.6 0.3649
18.6167 0.3178
18.6333 0.2688
18.65 0.228
18.6667 0.1924
18.6833 0.1599
18.7 0.1311
18.7167 0.1069
18.7333 0.08725
18.75 0.06893
18.7667 0.05529
18.7833 0.04299
18.8 0.03337
18.8167 0.02579
18.8333 0.01976
18.85 0.01502
18.8667 0.01135
18.8833 0.008545
18.9 0.006187
18.9167 0.004505
18.9333 0.003199
18.95 0.002209
18.9667 0.001493
18.9833 0.0009816
19.0 0.0006233
19.0167 0.0003779
19.0333 0.000202
19.05 9.337e-05
19.0667 2.866e-05
19.0833 3.793e-06
19.1 2.338e-07
19.1167 3.343e-09
19.1333 9.105e-12
19.15 1.332e-28
19.1667 0.0
19.1833 0.0
19.2 0.0
19.2167 0.0
19.2333 0.0
19.25 0.0
19.2667 0.0
19.2833 0.0
19.3 0.0
19.3167 0.0
19.3333 0.0
19.35 0.0
19.3667 0.0
19.3833 0.0
19.4 0.0
19.4167 0.0
19.4333 0.0
19.45 0.0
19.4667 0.0
19.4833 0.0
19.5 0.0
19.5167 0.0
19.5333 0.0
19.55 0.0
19.5667 0.0
19.5833 0.0
19.6 0.0
19.6167 0.0
19.6333 0.0
19.65 0.0
19.6667 0.0
19.6833 0.0
19.7 0.0
19.7167 0.0
19.7333 0.0
19.75 0.0
19.7667 0.0
19.7833 0.0
19.8 0.0
19.8167 0.0
19.8333 0.0
19.85 0.0
19.8667 0.0
19.8833 0.0
19.9 0.0
19.9167 0.0
19.9333 0.0
19.95 0.0
19.9667 0.0
19.9833 0.0
20.0 0.0
20.0167 0.0
20.0333 0.0
20.05 0.0
20.0667 0.0
20.0833 0.0
20.1 0.0
20.1167 0.0
20.1333 0.0
20.15 0.0
20.1667 0.0
20.1833 0.0
20.2 0.0
20.2167 0.0
20.2333 0.0
20.25 0.0
20.2667 0.0
20.2833 0.0
20.3 0.0
20.3167 0.0
20.3333 0.0
20.35 0.0
20.3667 0.0
20.3833 0.0
20.4 0.0
20.4167 0.0
20.4333 0.0
20.45 0.0
20.4667 0.0
20.4833 0.0
20.5 0.0
20.5167 0.0
20.5333 0.0
20.55 0.0
20.5667 0.0
20.5833 0.0
20.6 0.0
20.6167 0.0
20.6333 0.0
20.65 0.0
20.6667 0.0
20.6833 0.0
20.7 0.0
20.7167 0.0
20.7333 0.0
20.75 0.0
20.7667 0.0
20.7833 0.0
20.8 0.0
20.8167 0.0
20.8333 0.0
20.85 0.0
20.8667 0.0
20.8833 0.0
20.9 0.0
20.9167 0.0
20.9333 0.0
20.95 0.0
20.9667 0.0
20.9833 0.0
21.0 0.0
21.0167 0.0
21.0333 0.0
21.05 0.0
21.0667 0.0
21.0833 0.0
21.1 0.0
21.1167 0.0
21.1333 0.0
21.15 0.0
21.1667 0.0
21.1833 0.0
21.2 0.0
21.2167 0.0
21.2333 0.0
21.25 0.0
21.2667 0.0
21.2833 0.0
21.3 0.0
21.3167 0.0
21.3333 0.0
21.35 0.0
21.3667 0.0
21.3833 0.0
21.4 0.0
21.4167 0.0
21.4333 0.0
21.45 0.0
21.4667 0.0
21.4833 0.0
21.5 0.0
21.5167 0.0
21.5333 0.0
21.55 0.0
21.5667 0.0
21.5833 0.0
21.6 0.0
21.6167 0.0
21.6333 0.0
21.65 0.0
21.6667 0.0
21.6833 0.0
21.7 0.0
21.7167 0.0
21.7333 0.0
21.75 0.0
21.7667 0.0
21.7833 0.0
21.8 0.0
21.8167 0.0
21.8333 0.0
21.85 0.0
21.8667 0.0
21.8833 0.0
21.9 0.0
21.9167 0.0
21.9333 0.0
21.95 0.0
21.9667 0.0
21.9833 0.0
22.0 0.0
22.0167 0.0
22.0333 0.0
22.05 0.0
22.0667 0.0
22.0833 0.0
22.1 0.0
22.1167 0.0
22.1333 0.0
22.15 0.0
22.1667 0.0
22.1833 0.0
22.2 0.0
22.2167 0.0
22.2333 0.0
22.25 0.0
22.2667 0.0
22.2833 0.0
22.3 0.0
22.3167 0.0
22.3333 0.0
22.35 0.0
22.3667 0.0
22.3833 0.0
22.4 0.0
22.4167 0.0
22.4333 0.0
22.45 0.0
22.4667 0.0
22.4833 0.0
22.5 0.0
22.5167 0.0
22.5333 0.0
22.55 0.0
22.5667 0.0
22.5833 0.0
22.6 0.0
22.6167 0.0
22.6333 0.0
22.65 0.0
22.6667 0.0
22.6833 0.0
22.7 0.0
22.7167 0.0
22.7333 0.0
22.75 0.0
22.7667 0.0
22.7833 0.0
22.8 0.0
22.8167 0.0
22.8333 0.0
22.85 0.0
22.8667 0.0
22.8833 0.0
22.9 0.0
22.9167 0.0
22.9333 0.0
22.95 0.0
22.9667 0.0
22.9833 0.0
23.0 0.0
23.0167 0.0
23.0333 0.0
23.05 0.0
23.0667 0.0
23.0833 0.0
23.1 0.0
23.1167 0.0
23.1333 0.0
23.15 0.0
23.1667 0.0
23.1833 0.0
23.2 0.0
23.2167 0.0
23.2333 0.0
23.25 0.0
23.2667 0.0
23.2833 0.0
23.3 0.0
23.3167 0.0
23.3333 0.0
23.35 0.0
23.3667 0.0
23.3833 0.0
23.4 0.0
23.4167 0.0
23.4333 0.0
23.45 0.0
23.4667 0.0
23.4833 0.0
23.5 0.0
23.5167 0.0
23.5333 0.0
23.55 0.0
23.5667 0.0
23.5833 0.0
23.6 0.0
23.6167 0.0
23.6333 0.0
23.65 0.0
23.6667 0.0
23.6833 0.0
23.7 0.0
23.7167 0.0
23.7333 0.0
23.75 0.0
23.7667 0.0
23.7833 0.0
23.8 0.0
23.8167 0.0
23.8333 0.0
23.85 0.0
23.8667 0.0
23.8833 0.0
23.9 0.0
23.9167 0.0
23.9333 0.0
23.95 0.0
23.9667 0.0
23.9833 0.0
