0.0 0.0
0.0167 0.0
0.0333 0.0
0.05 0.0
0.0667 0.0
0.0833 0.0
0.1 0.0
0.1167 0.0
0.1333 0.0
0.15 0.0
0.1667 0.0
0.1833 0.0
0.2 0.0
0.2167 0.0
0.2333 0.0
0.25 0.0
0.2667 0.0
0.2833 0.0
0.3 0.0
0.3167 0.0
0.3333 0.0
0.35 0.0
0.3667 0.0
0.3833 0.0
0.4 0.0
0.4167 0.0
0.4333 0.0
0.45 0.0
0.4667 0.0
0.4833 0.0
0.5 0.0
0.5167 0.0
0.5333 0.0
0.55 0.0
0.5667 0.0
0.5833 0.0
0.6 0.0
0.6167 0.0
0.6333 0.0
0.65 0.0
0.6667 0.0
0.6833 0.0
0.7 0.0
0.7167 0.0
0.7333 0.0
0.75 0.0
0.7667 0.0
0.7833 0.0
0.8 0.0
0.8167 0.0
0.8333 0.0
0.85 0.0
0.8667 0.0
0.8833 0.0
0.9 0.0
0.9167 0.0
0.9333 0.0
0.95 0.0
0.9667 0.0
0.9833 0.0
1.0 0.0
1.0167 0.0
1.0333 0.0
1.05 0.0
1.0667 0.0
1.0833 0.0
1.1 0.0
1.1167 0.0
1.1333 0.0
1.15 0.0
1.1667 0.0
1.1833 0.0
1.2 0.0
1.2167 0.0
1.2333 0.0
1.25 0.0
1.2667 0.0
1.2833 0.0
1.3 0.0
1.3167 0.0
1.3333 0.0
1.35 0.0
1.3667 0.0
1.3833 0.0
1.4 0.0
1.4167 0.0
1.4333 0.0
1.45 0.0
1.4667 0.0
1.4833 0.0
1.5 0.0
1.5167 0.0
1.5333 0.0
1.55 0.0
1.5667 0.0
1.5833 0.0
1.6 0.0
1.6167 0.0
1.6333 0.0
1.65 0.0
1.6667 0.0
1.6833 0.0
1.7 0.0
1.7167 0.0
1.7333 0.0
1.75 0.0
1.7667 0.0
1.7833 0.0
1.8 0.0
1.8167 0.0
1.8333 0.0
1.85 0.0
1.8667 0.0
1.8833 0.0
1.9 0.0
1.9167 0.0
1.9333 0.0
1.95 0.0
1.9667 0.0
1.9833 0.0
2.0 0.0
2.0167 0.0
2.0333 0.0
2.05 0.0
2.0667 0.0
2.0833 0.0
2.1 0.0
2.1167 0.0
2.1333 0.0
2.15 0.0
2.1667 0.0
2.1833 0.0
2.2 0.0
2.2167 0.0
2.2333 0.0
2.25 0.0
2.2667 0.0
2.2833 0.0
2.3 0.0
2.3167 0.0
2.3333 0.0
2.35 0.0
2.3667 0.0
2.3833 0.0
2.4 0.0
2.4167 0.0
2.4333 0.0
2.45 0.0
2.4667 0.0
2.4833 0.0
2.5 0.0
2.5167 0.0
2.5333 0.0
2.55 0.0
2.5667 0.0
2.5833 0.0
2.6 0.0
2.6167 0.0
2.6333 0.0
2.65 0.0
2.6667 0.0
2.6833 0.0
2.7 0.0
2.7167 0.0
2.7333 0.0
2.75 0.0
2.7667 0.0
2.7833 0.0
2.8 0.0
2.8167 0.0
2.8333 0.0
2.85 0.0
2.8667 0.0
2.8833 0.0
2.9 0.0
2.9167 0.0
2.9333 0.0
2.95 0.0
2.9667 0.0
2.9833 0.0
3.0 0.0
3.0167 0.0
3.0333 0.0
3.05 0.0
3.0667 0.0
3.0833 0.0
3.1 0.0
3.1167 0.0
3.1333 0.0
3.15 0.0
3.1667 0.0
3.1833 0.0
3.2 0.0
3.2167 0.0
3.2333 0.0
3.25 0.0
3.2667 0.0
3.2833 0.0
3.3 0.0
3.3167 0.0
3.3333 0.0
3.35 0.0
3.3667 0.0
3.3833 0.0
3.4 0.0
3.4167 0.0
3.4333 0.0
3.45 0.0
3.4667 0.0
3.4833 0.0
3.5 0.0
3.5167 0.0
3.5333 0.0
3.55 0.0
3.5667 0.0
3.5833 0.0
3.6 0.0
3.6167 0.0
3.6333 0.0
3.65 0.0
3.6667 0.0
3.6833 0.0
3.7 0.0
3.7167 0.0
3.7333 0.0
3.75 0.0
3.7667 0.0
3.7833 0.0
3.8 0.0
3.8167 0.0
3.8333 0.0
3.85 0.0
3.8667 0.0
3.8833 0.0
3.9 0.0
3.9167 0.0
3.9333 0.0
3.95 0.0
3.9667 0.0
3.9833 0.0
4.0 0.0
4.0167 0.0
4.0333 0.0
4.05 0.0
4.0667 0.0
4.0833 0.0
4.1 0.0
4.1167 0.0
4.1333 0.0
4.15 0.0
4.1667 0.0
4.1833 0.0
4.2 0.0
4.2167 0.0
4.2333 0.0
4.25 0.0
4.2667 0.0
4.2833 0.0
4.3 0.0
4.3167 0.0
4.3333 0.0
4.35 0.0
4.3667 0.0
4.3833 0.0
4.4 0.0
4.4167 0.0
4.4333 0.0
4.45 0.0
4.4667 0.0
4.4833 0.0
4.5 0.0
4.5167 0.0
4.5333 0.0
4.55 0.0
4.5667 0.0
4.5833 0.0
4.6 0.0
4.6167 0.0
4.6333 0.0
4.65 0.0
4.6667 0.0
4.6833 0.0
4.7 0.0
4.7167 0.0
4.7333 0.0
4.75 0.0
4.7667 0.0
4.7833 0.0
4.8 0.0
4.8167 0.0
4.8333 0.0
4.85 0.0
4.8667 0.0
4.8833 0.0
4.9 0.0
4.9167 0.0
4.9333 0.0
4.95 0.0
4.9667 0.0
4.9833 0.0
5.0 0.0
5.0167 0.0
5.0333 0.0
5.05 0.0
5.0667 0.0
5.0833 0.0
5.1 0.0
5.1167 0.0
5.1333 0.0
5.15 0.0
5.1667 0.0
5.1833 0.0
5.2 0.0
5.2167 0.0
5.2333 0.0
5.25 0.0
5.2667 0.0
5.2833 0.0
5.3 0.0
5.3167 0.0
5.3333 0.0
5.35 0.0
5.3667 0.0
5.3833 0.0
5.4 0.0
5.4167 0.0
5.4333 0.0
5.45 0.0
5.4667 0.0
5.4833 0.0
5.5 0.0
5.5167 0.0
5.5333 0.0
5.55 0.0
5.5667 0.0
5.5833 0.0
5.6 0.0
5.6167 0.0
5.6333 0.0
5.65 0.0
5.6667 0.0
5.6833 0.0
5.7 0.0
5.7167 0.0
5.7333 0.0
5.75 0.0
5.7667 0.0
5.7833 0.0
5.8 0.0
5.8167 0.0
5.8333 0.0
5.85 0.0
5.8667 0.0
5.8833 0.0
5.9 0.0
5.9167 0.0
5.9333 0.0
5.95 0.0
5.9667 0.0
5.9833 0.0
6.0 0.0
6.0167 0.0
6.0333 0.0
6.05 0.0
6.0667 0.0
6.0833 0.0
6.1 0.0
6.1167 0.0
6.1333 0.0
6.15 0.0
6.1667 0.0
6.1833 0.0
6.2 0.0
6.2167 0.0
6.2333 0.0
6.25 0.0
6.2667 0.0
6.2833 0.0
6.3 0.0
6.3167 0.0
6.3333 0.0
6.35 0.0
6.3667 0.0
6.3833 5.879e-29
6.4 8.205e-12
6.4167 3.097e-09
6.4333 2.101e-07
6.45 3.59e-06
6.4667 2.825e-05
6.4833 9.409e-05
6.5 0.0002035
6.5167 0.0003763
6.5333 0.0006343
6.55 0.0009965
6.5667 0.001515
6.5833 0.002243
6.6 0.003251
6.6167 0.004516
6.6333 0.006273
6.65 0.008488
6.6667 0.01151
6.6833 0.01517
6.7 0.01989
6.7167 0.02594
6.7333 0.03361
6.75 0.04337
6.7667 0.0551
6.7833 0.06915
6.8 0.08758
6.8167 0.1076
6.8333 0.1314
6.85 0.1591
6.8667 0.1913
6.8833 0.2279
6.9 0.2702
6.9167 0.3205
6.9333 0.3646
6.95 0.4268
6.9667 0.4791
6.9833 0.5419
7.0 0.6174
7.0167 0.7033
7.0333 0.7791
7.05 0.8601
7.0667 0.9457
7.0833 1.036
7.1 1.129
7.1167 1.226
7.1333 1.326
7.15 1.43
7.1667 1.537
7.1833 1.646
7.2 1.759
7.2167 1.874
7.2333 1.992
7.25 2.113
7.2667 2.236
7.2833 2.362
7.3 2.491
7.3167 2.622
7.3333 2.755
7.35 2.891
7.3667 3.03
7.3833 3.171
7.4 3.315
7.4167 3.461
7.4333 3.61
7.45 3.761
7.4667 3.915
7.4833 4.071
7.5 4.229
7.5167 4.391
7.5333 4.554
7.55 4.721
7.5667 4.889
7.5833 5.06
7.6 5.233
7.6167 5.409
7.6333 5.587
7.65 5.767
7.6667 5.95
7.6833 6.135
7.7 6.322
7.7167 6.511
7.7333 6.702
7.75 6.896
7.7667 7.091
7.7833 7.289
7.8 7.488
7.8167 7.69
7.8333 7.894
7.85 8.099
7.8667 8.306
7.8833 8.515
7.9 8.725
7.9167 8.938
7.9333 9.152
7.95 9.368
7.9667 9.585
7.9833 9.804
8.0 10.02
8.0167 10.25
8.0333 10.47
8.05 10.69
8.0667 10.92
8.0833 11.15
8.1 11.38
8.1167 11.61
8.1333 11.84
8.15 12.07
8.1667 12.3
8.1833 12.54
8.2 12.77
8.2167 13.01
8.2333 13.25
8.25 13.49
8.2667 13.73
8.2833 13.97
8.3 14.21
8.3167 14.45
8.3333 14.69
8.35 14.94
8.3667 15.18
8.3833 15.43
8.4 15.67
8.4167 15.92
8.4333 16.17
8.45 16.41
8.4667 16.66
8.4833 16.91
8.5 17.16
8.5167 17.41
8.5333 17.66
8.55 17.91
8.5667 18.16
8.5833 18.41
8.6 18.66
8.6167 18.92
8.6333 19.17
8.65 19.42
8.6667 19.67
8.6833 19.93
8.7 20.18
8.7167 20.44
8.7333 20.69
8.75 20.94
8.7667 21.2
8.7833 21.45
8.8 21.71
8.8167 21.96
8.8333 22.21
8.85 22.47
8.8667 22.72
8.8833 22.98
8.9 23.23
8.9167 23.49
8.9333 23.74
8.95 24.0
8.9667 24.25
8.9833 24.5
9.0 24.76
9.0167 25.01
9.0333 25.27
9.05 25.52
9.0667 25.77
9.0833 26.03
9.1 26.28
9.1167 26.53
9.1333 26.78
9.15 27.04
9.1667 27.29
9.1833 27.54
9.2 27.79
9.2167 28.04
9.2333 28.29
9.25 28.54
9.2667 28.79
9.2833 29.04
9.3 29.29
9.3167 29.54
9.3333 29.78
9.35 30.03
9.3667 30.28
9.3833 30.52
9.4 30.77
9.4167 31.02
9.4333 31.26
9.45 31.51
9.4667 31.75
9.4833 31.99
9.5 32.24
9.5167 32.48
9.5333 32.72
9.55 32.96
9.5667 33.2
9.5833 33.44
9.6 33.68
9.6167 33.92
9.6333 34.16
9.65 34.39
9.6667 34.63
9.6833 34.87
9.7 35.1
9.7167 35.34
9.7333 35.57
9.75 35.8
9.7667 36.04
9.7833 36.27
9.8 36.5
9.8167 36.73
9.8333 36.96
9.85 37.19
9.8667 37.41
9.8833 37.64
9.9 37.87
9.9167 38.09
9.9333 38.32
9.95 38.54
9.9667 38.76
9.9833 38.98
10.0 39.21
10.0167 39.43
10.0333 39.65
10.05 39.86
10.0667 40.08
10.0833 40.3
10.1 40.51
10.1167 40.73
10.1333 40.94
10.15 41.15
10.1667 41.37
10.1833 41.58
10.2 41.79
10.2167 42.0
10.2333 42.2
10.25 42.41
10.2667 42.62
10.2833 42.82
10.3 43.03
10.3167 43.23
10.3333 43.43
10.35 43.63
10.3667 43.83
10.3833 44.03
10.4 44.23
10.4167 44.43
10.4333 44.62
10.45 44.82
10.4667 45.01
10.4833 45.2
10.5 45.39
10.5167 45.58
10.5333 45.77
10.55 45.96
10.5667 46.15
10.5833 46.34
10.6 46.52
10.6167 46.7
10.6333 46.89
10.65 47.07
10.6667 47.25
10.6833 47.43
10.7 47.6
10.7167 47.78
10.7333 47.96
10.75 48.13
10.7667 48.31
10.7833 48.48
10.8 48.65
10.8167 48.82
10.8333 48.99
10.85 49.15
10.8667 49.32
10.8833 49.48
10.9 49.65
10.9167 49.81
10.9333 49.97
10.95 50.13
10.9667 50.29
10.9833 50.45
11.0 50.6
11.0167 50.76
11.0333 50.91
11.05 51.06
11.0667 51.22
11.0833 51.37
11.1 51.51
11.1167 51.66
11.1333 51.81
11.15 51.95
11.1667 52.09
11.1833 52.24
11.2 52.38
11.2167 52.52
11.2333 52.66
11.25 52.79
11.2667 52.93
11.2833 53.06
11.3 53.2
11.3167 53.33
11.3333 53.46
11.35 53.59
11.3667 53.71
11.3833 53.84
11.4 53.96
11.4167 54.09
11.4333 54.21
11.45 54.33
11.4667 54.45
11.4833 54.57
11.5 54.68
11.5167 54.8
11.5333 54.91
11.55 55.02
11.5667 55.14
11.5833 55.25
11.6 55.35
11.6167 55.46
11.6333 55.57
11.65 55.67
11.6667 55.77
11.6833 55.88
11.7 55.97
11.7167 56.07
11.7333 56.17
11.75 56.26
11.7667 56.36
11.7833 56.45
11.8 56.54
11.8167 56.63
11.8333 56.72
11.85 56.81
11.8667 56.9
11.8833 56.98
11.9 57.06
11.9167 57.14
11.9333 57.22
11.95 57.3
11.9667 57.38
11.9833 57.45
12.0 57.53
12.0167 57.6
12.0333 57.67
12.05 57.74
12.0667 57.81
12.0833 57.88
12.1 57.94
12.1167 58.01
12.1333 58.07
12.15 58.13
12.1667 58.19
12.1833 58.25
12.2 58.3
12.2167 58.36
12.2333 58.41
12.25 58.46
12.2667 58.51
12.2833 58.56
12.3 58.61
12.3167 58.66
12.3333 58.7
12.35 58.74
12.3667 58.79
12.3833 58.83
12.4 58.87
12.4167 58.9
12.4333 58.94
12.45 58.97
12.4667 59.01
12.4833 59.04
12.5 59.07
12.5167 59.09
12.5333 59.12
12.55 59.15
12.5667 59.17
12.5833 59.19
12.6 59.21
12.6167 59.23
12.6333 59.25
12.65 59.27
12.6667 59.28
12.6833 59.29
12.7 59.31
12.7167 59.32
12.7333 59.33
12.75 59.33
12.7667 59.34
12.7833 59.34
12.8 59.35
12.8167 59.35
12.8333 59.35
12.85 59.34
12.8667 59.34
12.8833 59.34
12.9 59.33
12.9167 59.32
12.9333 59.31
12.95 59.3
12.9667 59.29
12.9833 59.28
13.0 59.26
13.0167 59.24
13.0333 59.23
13.05 59.21
13.0667 59.18
13.0833 59.16
13.1 59.14
13.1167 59.11
13.1333 59.08
13.15 59.05
13.1667 59.02
13.1833 58.99
13.2 58.96
13.2167 58.92
13.2333 58.89
13.25 58.85
13.2667 58.81
13.2833 58.77
13.3 58.73
13.3167 58.68
13.3333 58.64
13.35 58.59
13.3667 58.54
13.3833 58.5
13.4 58.44
13.4167 58.39
13.4333 58.34
13.45 58.28
13.4667 58.22
13.4833 58.17
13.5 58.11
13.5167 58.04
13.5333 57.98
13.55 57.92
13.5667 57.85
13.5833 57.78
13.6 57.72
13.6167 57.64
13.6333 57.57
13.65 57.5
13.6667 57.43
13.6833 57.35
13.7 57.27
13.7167 57.19
13.7333 57.11
13.75 57.03
13.7667 56.95
13.7833 56.86
13.8 56.78
13.8167 56.69
13.8333 56.6
13.85 56.51
13.8667 56.42
13.8833 56.32
13.9 56.23
13.9167 56.13
13.9333 56.04
13.95 55.94
13.9667 55.84
13.9833 55.73
14.0 55.63
14.0167 55.53
14.0333 55.42
14.05 55.31
14.0667 55.2
14.0833 55.09
14.1 54.98
14.1167 54.87
14.1333 54.75
14.15 54.64
14.1667 54.52
14.1833 54.4
14.2 54.28
14.2167 54.16
14.2333 54.04
14.25 53.92
14.2667 53.79
14.2833 53.66
14.3 53.54
14.3167 53.41
14.3333 53.28
14.35 53.14
14.3667 53.01
14.3833 52.88
14.4 52.74
14.4167 52.6
14.4333 52.46
14.45 52.32
14.4667 52.18
14.4833 52.04
14.5 51.9
14.5167 51.75
14.5333 51.61
14.55 51.46
14.5667 51.31
14.5833 51.16
14.6 51.01
14.6167 50.85
14.6333 50.7
14.65 50.54
14.6667 50.39
14.6833 50.23
14.7 50.07
14.7167 49.91
14.7333 49.75
14.75 49.59
14.7667 49.42
14.7833 49.26
14.8 49.09
14.8167 48.92
14.8333 48.75
14.85 48.58
14.8667 48.41
14.8833 48.24
14.9 48.07
14.9167 47.89
14.9333 47.72
14.95 47.54
14.9667 47.36
14.9833 47.18
15.0 47.0
15.0167 46.82
15.0333 46.63
15.05 46.45
15.0667 46.27
15.0833 46.08
15.1 45.89
15.1167 45.7
15.1333 45.51
15.15 45.32
15.1667 45.13
15.1833 44.94
15.2 44.74
15.2167 44.55
15.2333 44.35
15.25 44.16
15.2667 43.96
15.2833 43.76
15.3 43.56
15.3167 43.36
15.3333 43.15
15.35 42.95
15.3667 42.75
15.3833 42.54
15.4 42.33
15.4167 42.13
15.4333 41.92
15.45 41.71
15.4667 41.5
15.4833 41.29
15.5 41.07
15.5167 40.86
15.5333 40.65
15.55 40.43
15.5667 40.22
15.5833 40.0
15.6 39.78
15.6167 39.56
15.6333 39.34
15.65 39.12
15.6667 38.9
15.6833 38.68
15.7 38.46
15.7167 38.23
15.7333 38.01
15.75 37.78
15.7667 37.56
15.7833 37.33
15.8 37.1
15.8167 36.87
15.8333 36.64
15.85 36.41
15.8667 36.18
15.8833 35.95
15.9 35.72
15.9167 35.48
15.9333 35.25
15.95 35.02
15.9667 34.78
15.9833 34.54
16.0 34.31
16.0167 34.07
16.0333 33.83
16.05 33.59
16.0667 33.35
16.0833 33.11
16.1 32.87
16.1167 32.63
16.1333 32.39
16.15 32.15
16.1667 31.9
16.1833 31.66
16.2 31.42
16.2167 31.17
16.2333 30.93
16.25 30.68
16.2667 30.43
16.2833 30.19
16.3 29.94
16.3167 29.69
16.3333 29.44
16.35 29.2
16.3667 28.95
16.3833 28.7
16.4 28.45
16.4167 28.2
16.4333 27.95
16.45 27.7
16.4667 27.45
16.4833 27.19
16.5 26.94
16.5167 26.69
16.5333 26.44
16.55 26.19
16.5667 25.93
16.5833 25.68
16.6 25.43
16.6167 25.17
16.6333 24.92
16.65 24.67
16.6667 24.41
16.6833 24.16
16.7 23.9
16.7167 23.65
16.7333 23.39
16.75 23.14
16.7667 22.89
16.7833 22.63
16.8 22.38
16.8167 22.12
16.8333 21.87
16.85 21.61
16.8667 21.36
16.8833 21.11
16.9 20.85
16.9167 20.6
16.9333 20.34
16.95 20.09
16.9667 19.84
16.9833 19.58
17.0 19.33
17.0167 19.08
17.0333 18.83
17.05 18.57
17.0667 18.32
17.0833 18.07
17.1 17.82
17.1167 17.57
17.1333 17.32
17.15 17.07
17.1667 16.82
17.1833 16.57
17.2 16.32
17.2167 16.08
17.2333 15.83
17.25 15.58
17.2667 15.34
17.2833 15.09
17.3 14.85
17.3167 14.61
17.3333 14.36
17.35 14.12
17.3667 13.88
17.3833 13.64
17.4 13.4
17.4167 13.16
17.4333 12.93
17.45 12.69
17.4667 12.45
17.4833 12.22
17.5 11.99
17.5167 11.76
17.5333 11.52
17.55 11.3
17.5667 11.07
17.5833 10.84
17.6 10.62
17.6167 10.39
17.6333 10.17
17.65 9.947
17.6667 9.727
17.6833 9.509
17.7 9.292
17.7167 9.077
17.7333 8.863
17.75 8.652
17.7667 8.442
17.7833 8.233
17.8 8.027
17.8167 7.822
17.8333 7.62
17.85 7.419
17.8667 7.22
17.8833 7.023
17.9 6.828
17.9167 6.636
17.9333 6.445
17.95 6.257
17.9667 6.071
17.9833 5.886
18.0 5.705
18.0167 5.525
18.0333 5.348
18.05 5.173
18.0667 5.001
18.0833 4.831
18.1 4.663
18.1167 4.498
18.1333 4.335
18.15 4.175
18.1667 4.017
18.1833 3.862
18.2 3.709
18.2167 3.558
18.2333 3.411
18.25 3.266
18.2667 3.123
18.2833 2.982
18.3 2.845
18.3167 2.709
18.3333 2.577
18.35 2.447
18.3667 2.319
18.3833 2.194
18.4 2.072
18.4167 1.952
18.4333 1.835
18.45 1.721
18.4667 1.609
18.4833 1.5
18.5 1.395
18.5167 1.292
18.5333 1.193
18.55 1.097
18.5667 1.005
18.5833 0.9167
18.6 0.8325
18.6167 0.7532
18.6333 0.6756
18.65 0.5908
18.6667 0.5198
18.6833 0.4607
18.7 0.4115
18.7167 0.3482
18.7333 0.3011
18.75 0.2587
18.7667 0.2169
18.7833 0.1812
18.8 0.1505
18.8167 0.1243
18.8333 0.1002
18.85 0.08043
18.8667 0.06525
18.8833 0.05082
18.9 0.03966
18.9167 0.03089
18.9333 0.02387
18.95 0.01822
18.9667 0.01379
18.9833 0.01039
19.0 0.007803
19.0167 0.005635
19.0333 0.00406
19.05 0.002886
19.0667 0.001978
19.0833 0.001326
19.1 0.0008635
19.1167 0.0005424
19.1333 0.0003119
19.15 0.0001621
19.1667 6.648e-05
19.1833 1.68e-05
19.2 1.564e-06
19.2167 6.072e-08
19.2333 4.952e-10
19.25 5.343e-13
19.2667 0.0
19.2833 0.0
19.3 0.0
19.3167 0.0
19.3333 0.0
19.35 0.0
19.3667 0.0
19.3833 0.0
19.4 0.0
19.4167 0.0
19.4333 0.0
19.45 0.0
19.4667 0.0
19.4833 0.0
19.5 0.0
19.5167 0.0
19.5333 0.0
19.55 0.0
19.5667 0.0
19.5833 0.0
19.6 0.0
19.6167 0.0
19.6333 0.0
19.65 0.0
19.6667 0.0
19.6833 0.0
19.7 0.0
19.7167 0.0
19.7333 0.0
19.75 0.0
19.7667 0.0
19.7833 0.0
19.8 0.0
19.8167 0.0
19.8333 0.0
19.85 0.0
19.8667 0.0
19.8833 0.0
19.9 0.0
19.9167 0.0
19.9333 0.0
19.95 0.0
19.9667 0.0
19.9833 0.0
20.0 0.0
20.0167 0.0
20.0333 0.0
20.05 0.0
20.0667 0.0
20.0833 0.0
20.1 0.0
20.1167 0.0
20.1333 0.0
20.15 0.0
20.1667 0.0
20.1833 0.0
20.2 0.0
20.2167 0.0
20.2333 0.0
20.25 0.0
20.2667 0.0
20.2833 0.0
20.3 0.0
20.3167 0.0
20.3333 0.0
20.35 0.0
20.3667 0.0
20.3833 0.0
20.4 0.0
20.4167 0.0
20.4333 0.0
20.45 0.0
20.4667 0.0
20.4833 0.0
20.5 0.0
20.5167 0.0
20.5333 0.0
20.55 0.0
20.5667 0.0
20.5833 0.0
20.6 0.0
20.6167 0.0
20.6333 0.0
20.65 0.0
20.6667 0.0
20.6833 0.0
20.7 0.0
20.7167 0.0
20.7333 0.0
20.75 0.0
20.7667 0.0
20.7833 0.0
20.8 0.0
20.8167 0.0
20.8333 0.0
20.85 0.0
20.8667 0.0
20.8833 0.0
20.9 0.0
20.9167 0.0
20.9333 0.0
20.95 0.0
20.9667 0.0
20.9833 0.0
21.0 0.0
21.0167 0.0
21.0333 0.0
21.05 0.0
21.0667 0.0
21.0833 0.0
21.1 0.0
21.1167 0.0
21.1333 0.0
21.15 0.0
21.1667 0.0
21.1833 0.0
21.2 0.0
21.2167 0.0
21.2333 0.0
21.25 0.0
21.2667 0.0
21.2833 0.0
21.3 0.0
21.3167 0.0
21.3333 0.0
21.35 0.0
21.3667 0.0
21.3833 0.0
21.4 0.0
21.4167 0.0
21.4333 0.0
21.45 0.0
21.4667 0.0
21.4833 0.0
21.5 0.0
21.5167 0.0
21.5333 0.0
21.55 0.0
21.5667 0.0
21.5833 0.0
21.6 0.0
21.6167 0.0
21.6333 0.0
21.65 0.0
21.6667 0.0
21.6833 0.0
21.7 0.0
21.7167 0.0
21.7333 0.0
21.75 0.0
21.7667 0.0
21.7833 0.0
21.8 0.0
21.8167 0.0
21.8333 0.0
21.85 0.0
21.8667 0.0
21.8833 0.0
21.9 0.0
21.9167 0.0
21.9333 0.0
21.95 0.0
21.9667 0.0
21.9833 0.0
22.0 0.0
22.0167 0.0
22.0333 0.0
22.05 0.0
22.0667 0.0
22.0833 0.0
22.1 0.0
22.1167 0.0
22.1333 0.0
22.15 0.0
22.1667 0.0
22.1833 0.0
22.2 0.0
22.2167 0.0
22.2333 0.0
22.25 0.0
22.2667 0.0
22.2833 0.0
22.3 0.0
22.3167 0.0
22.3333 0.0
22.35 0.0
22.3667 0.0
22.3833 0.0
22.4 0.0
22.4167 0.0
22.4333 0.0
22.45 0.0
22.4667 0.0
22.4833 0.0
22.5 0.0
22.5167 0.0
22.5333 0.0
22.55 0.0
22.5667 0.0
22.5833 0.0
22.6 0.0
22.6167 0.0
22.6333 0.0
22.65 0.0
22.6667 0.0
22.6833 0.0
22.7 0.0
22.7167 0.0
22.7333 0.0
22.75 0.0
22.7667 0.0
22.7833 0.0
22.8 0.0
22.8167 0.0
22.8333 0.0
22.85 0.0
22.8667 0.0
22.8833 0.0
22.9 0.0
22.9167 0.0
22.9333 0.0
22.95 0.0
22.9667 0.0
22.9833 0.0
23.0 0.0
23.0167 0.0
23.0333 0.0
23.05 0.0
23.0667 0.0
23.0833 0.0
23.1 0.0
23.1167 0.0
23.1333 0.0
23.15 0.0
23.1667 0.0
23.1833 0.0
23.2 0.0
23.2167 0.0
23.2333 0.0
23.25 0.0
23.2667 0.0
23.2833 0.0
23.3 0.0
23.3167 0.0
23.3333 0.0
23.35 0.0
23.3667 0.0
23.3833 0.0
23.4 0.0
23.4167 0.0
23.4333 0.0
23.45 0.0
23.4667 0.0
23.4833 0.0
23.5 0.0
23.5167 0.0
23.5333 0.0
23.55 0.0
23.5667 0.0
23.5833 0.0
23.6 0.0
23.6167 0.0
23.6333 0.0
23.65 0.0
23.6667 0.0
23.6833 0.0
23.7 0.0
23.7167 0.0
23.7333 0.0
23.75 0.0
23.7667 0.0
23.7833 0.0
23.8 0.0
23.8167 0.0
23.8333 0.0
23.85 0.0
23.8667 0.0
23.8833 0.0
23.9 0.0
23.9167 0.0
23.9333 0.0
23.95 0.0
23.9667 0.0
23.9833 0.0
