0.0 0.0
0.0167 0.0
0.0333 0.0
0.05 0.0
0.0667 0.0
0.0833 0.0
0.1 0.0
0.1167 0.0
0.1333 0.0
0.15 0.0
0.1667 0.0
0.1833 0.0
0.2 0.0
0.2167 0.0
0.2333 0.0
0.25 0.0
0.2667 0.0
0.2833 0.0
0.3 0.0
0.3167 0.0
0.3333 0.0
0.35 0.0
0.3667 0.0
0.3833 0.0
0.4 0.0
0.4167 0.0
0.4333 0.0
0.45 0.0
0.4667 0.0
0.4833 0.0
0.5 0.0
0.5167 0.0
0.5333 0.0
0.55 0.0
0.5667 0.0
0.5833 0.0
0.6 0.0
0.6167 0.0
0.6333 0.0
0.65 0.0
0.6667 0.0
0.6833 0.0
0.7 0.0
0.7167 0.0
0.7333 0.0
0.75 0.0
0.7667 0.0
0.7833 0.0
0.8 0.0
0.8167 0.0
0.8333 0.0
0.85 0.0
0.8667 0.0
0.8833 0.0
0.9 0.0
0.9167 0.0
0.9333 0.0
0.95 0.0
0.9667 0.0
0.9833 0.0
1.0 0.0
1.0167 0.0
1.0333 0.0
1.05 0.0
1.0667 0.0
1.0833 0.0
1.1 0.0
1.1167 0.0
1.1333 0.0
1.15 0.0
1.1667 0.0
1.1833 0.0
1.2 0.0
1.2167 0.0
1.2333 0.0
1.25 0.0
1.2667 0.0
1.2833 0.0
1.3 0.0
1.3167 0.0
1.3333 0.0
1.35 0.0
1.3667 0.0
1.3833 0.0
1.4 0.0
1.4167 0.0
1.4333 0.0
1.45 0.0
1.4667 0.0
1.4833 0.0
1.5 0.0
1.5167 0.0
1.5333 0.0
1.55 0.0
1.5667 0.0
1.5833 0.0
1.6 0.0
1.6167 0.0
1.6333 0.0
1.65 0.0
1.6667 0.0
1.6833 0.0
1.7 0.0
1.7167 0.0
1.7333 0.0
1.75 0.0
1.7667 0.0
1.7833 0.0
1.8 0.0
1.8167 0.0
1.8333 0.0
1.85 0.0
1.8667 0.0
1.8833 0.0
1.9 0.0
1.9167 0.0
1.9333 0.0
1.95 0.0
1.9667 0.0
1.9833 0.0
2.0 0.0
2.0167 0.0
2.0333 0.0
2.05 0.0
2.0667 0.0
2.0833 0.0
2.1 0.0
2.1167 0.0
2.1333 0.0
2.15 0.0
2.1667 0.0
2.1833 0.0
2.2 0.0
2.2167 0.0
2.2333 0.0
2.25 0.0
2.2667 0.0
2.2833 0.0
2.3 0.0
2.3167 0.0
2.3333 0.0
2.35 0.0
2.3667 0.0
2.3833 0.0
2.4 0.0
2.4167 0.0
2.4333 0.0
2.45 0.0
2.4667 0.0
2.4833 0.0
2.5 0.0
2.5167 0.0
2.5333 0.0
2.55 0.0
2.5667 0.0
2.5833 0.0
2.6 0.0
2.6167 0.0
2.6333 0.0
2.65 0.0
2.6667 0.0
2.6833 0.0
2.7 0.0
2.7167 0.0
2.7333 0.0
2.75 0.0
2.7667 0.0
2.7833 0.0
2.8 0.0
2.8167 0.0
2.8333 0.0
2.85 0.0
2.8667 0.0
2.8833 0.0
2.9 0.0
2.9167 0.0
2.9333 0.0
2.95 0.0
2.9667 0.0
2.9833 0.0
3.0 0.0
3.0167 0.0
3.0333 0.0
3.05 0.0
3.0667 0.0
3.0833 0.0
3.1 0.0
3.1167 0.0
3.1333 0.0
3.15 0.0
3.1667 0.0
3.1833 0.0
3.2 0.0
3.2167 0.0
3.2333 0.0
3.25 0.0
3.2667 0.0
3.2833 0.0
3.3 0.0
3.3167 0.0
3.3333 0.0
3.35 0.0
3.3667 0.0
3.3833 0.0
3.4 0.0
3.4167 0.0
3.4333 0.0
3.45 0.0
3.4667 0.0
3.4833 0.0
3.5 0.0
3.5167 0.0
3.5333 0.0
3.55 0.0
3.5667 0.0
3.5833 0.0
3.6 0.0
3.6167 0.0
3.6333 0.0
3.65 0.0
3.6667 0.0
3.6833 0.0
3.7 0.0
3.7167 0.0
3.7333 0.0
3.75 0.0
3.7667 0.0
3.7833 0.0
3.8 0.0
3.8167 0.0
3.8333 0.0
3.85 0.0
3.8667 0.0
3.8833 0.0
3.9 0.0
3.9167 0.0
3.9333 0.0
3.95 0.0
3.9667 0.0
3.9833 0.0
4.0 0.0
4.0167 0.0
4.0333 0.0
4.05 0.0
4.0667 0.0
4.0833 0.0
4.1 0.0
4.1167 0.0
4.1333 0.0
4.15 0.0
4.1667 0.0
4.1833 0.0
4.2 0.0
4.2167 0.0
4.2333 0.0
4.25 0.0
4.2667 0.0
4.2833 0.0
4.3 0.0
4.3167 0.0
4.3333 0.0
4.35 0.0
4.3667 0.0
4.3833 0.0
4.4 0.0
4.4167 0.0
4.4333 0.0
4.45 0.0
4.4667 0.0
4.4833 0.0
4.5 0.0
4.5167 0.0
4.5333 0.0
4.55 0.0
4.5667 0.0
4.5833 0.0
4.6 0.0
4.6167 0.0
4.6333 0.0
4.65 0.0
4.6667 0.0
4.6833 0.0
4.7 0.0
4.7167 0.0
4.7333 0.0
4.75 0.0
4.7667 0.0
4.7833 0.0
4.8 0.0
4.8167 0.0
4.8333 0.0
4.85 0.0
4.8667 0.0
4.8833 0.0
4.9 0.0
4.9167 0.0
4.9333 0.0
4.95 0.0
4.9667 0.0
4.9833 0.0
5.0 0.0
5.0167 0.0
5.0333 0.0
5.05 0.0
5.0667 0.0
5.0833 0.0
5.1 0.0
5.1167 0.0
5.1333 0.0
5.15 0.0
5.1667 0.0
5.1833 0.0
5.2 0.0
5.2167 0.0
5.2333 0.0
5.25 0.0
5.2667 0.0
5.2833 0.0
5.3 0.0
5.3167 0.0
5.3333 0.0
5.35 0.0
5.3667 0.0
5.3833 0.0
5.4 0.0
5.4167 0.0
5.4333 0.0
5.45 0.0
5.4667 0.0
5.4833 0.0
5.5 0.0
5.5167 0.0
5.5333 0.0
5.55 0.0
5.5667 0.0
5.5833 0.0
5.6 0.0
5.6167 2.488e-29
5.6333 3.882e-12
5.65 1.487e-09
5.6667 1.158e-07
5.6833 2.28e-06
5.7 1.868e-05
5.7167 7.001e-05
5.7333 0.0001588
5.75 0.0002986
5.7667 0.0005088
5.7833 0.0008109
5.8 0.001233
5.8167 0.001798
5.8333 0.002581
5.85 0.003658
5.8667 0.005038
5.8833 0.006865
5.9 0.009147
5.9167 0.01218
5.9333 0.01614
5.95 0.02097
5.9667 0.02718
5.9833 0.03436
6.0 0.04363
6.0167 0.05563
6.0333 0.06893
6.05 0.08683
6.0667 0.1057
6.0833 0.1285
6.1 0.1552
6.1167 0.1858
6.1333 0.2203
6.15 0.2604
6.1667 0.3083
6.1833 0.3492
6.2 0.4088
6.2167 0.4575
6.2333 0.5158
6.25 0.5858
6.2667 0.6688
6.2833 0.7399
6.3 0.8161
6.3167 0.8966
6.3333 0.9813
6.35 1.07
6.3667 1.161
6.3833 1.256
6.4 1.354
6.4167 1.455
6.4333 1.559
6.45 1.666
6.4667 1.775
6.4833 1.887
6.5 2.002
6.5167 2.119
6.5333 2.239
6.55 2.361
6.5667 2.486
6.5833 2.613
6.6 2.743
6.6167 2.876
6.6333 3.011
6.65 3.148
6.6667 3.288
6.6833 3.43
6.7 3.575
6.7167 3.722
6.7333 3.872
6.75 4.024
6.7667 4.179
6.7833 4.336
6.8 4.496
6.8167 4.658
6.8333 4.823
6.85 4.99
6.8667 5.159
6.8833 5.331
6.9 5.506
6.9167 5.682
6.9333 5.861
6.95 6.042
6.9667 6.225
6.9833 6.411
7.0 6.599
7.0167 6.789
7.0333 6.981
7.05 7.175
7.0667 7.372
7.0833 7.57
7.1 7.771
7.1167 7.973
7.1333 8.177
7.15 8.383
7.1667 8.591
7.1833 8.801
7.2 9.012
7.2167 9.225
7.2333 9.44
7.25 9.657
7.2667 9.875
7.2833 10.1
7.3 10.32
7.3167 10.54
7.3333 10.76
7.35 10.99
7.3667 11.22
7.3833 11.45
7.4 11.68
7.4167 11.91
7.4333 12.14
7.45 12.37
7.4667 12.61
7.4833 12.84
7.5 13.08
7.5167 13.32
7.5333 13.56
7.55 13.8
7.5667 14.04
7.5833 14.28
7.6 14.53
7.6167 14.77
7.6333 15.02
7.65 15.26
7.6667 15.51
7.6833 15.76
7.7 16.01
7.7167 16.26
7.7333 16.51
7.75 16.76
7.7667 17.01
7.7833 17.26
7.8 17.51
7.8167 17.77
7.8333 18.02
7.85 18.28
7.8667 18.53
7.8833 18.79
7.9 19.04
7.9167 19.3
7.9333 19.56
7.95 19.81
7.9667 20.07
7.9833 20.33
8.0 20.59
8.0167 20.85
8.0333 21.11
8.05 21.37
8.0667 21.63
8.0833 21.89
8.1 22.15
8.1167 22.41
8.1333 22.67
8.15 22.93
8.1667 23.19
8.1833 23.45
8.2 23.71
8.2167 23.97
8.2333 24.24
8.25 24.5
8.2667 24.76
8.2833 25.02
8.3 25.28
8.3167 25.54
8.3333 25.81
8.35 26.07
8.3667 26.33
8.3833 26.59
8.4 26.85
8.4167 27.11
8.4333 27.38
8.45 27.64
8.4667 27.9
8.4833 28.16
8.5 28.42
8.5167 28.68
8.5333 28.94
8.55 29.2
8.5667 29.46
8.5833 29.72
8.6 29.98
8.6167 30.24
8.6333 30.5
8.65 30.76
8.6667 31.01
8.6833 31.27
8.7 31.53
8.7167 31.79
8.7333 32.05
8.75 32.3
8.7667 32.56
8.7833 32.81
8.8 33.07
8.8167 33.33
8.8333 33.58
8.85 33.83
8.8667 34.09
8.8833 34.34
8.9 34.59
8.9167 34.85
8.9333 35.1
8.95 35.35
8.9667 35.6
8.9833 35.85
9.0 36.1
9.0167 36.35
9.0333 36.6
9.05 36.85
9.0667 37.1
9.0833 37.34
9.1 37.59
9.1167 37.84
9.1333 38.08
9.15 38.33
9.1667 38.57
9.1833 38.82
9.2 39.06
9.2167 39.3
9.2333 39.54
9.25 39.78
9.2667 40.02
9.2833 40.26
9.3 40.5
9.3167 40.74
9.3333 40.98
9.35 41.21
9.3667 41.45
9.3833 41.69
9.4 41.92
9.4167 42.15
9.4333 42.39
9.45 42.62
9.4667 42.85
9.4833 43.08
9.5 43.31
9.5167 43.54
9.5333 43.77
9.55 44.0
9.5667 44.22
9.5833 44.45
9.6 44.67
9.6167 44.9
9.6333 45.12
9.65 45.34
9.6667 45.57
9.6833 45.79
9.7 46.01
9.7167 46.22
9.7333 46.44
9.75 46.66
9.7667 46.88
9.7833 47.09
9.8 47.31
9.8167 47.52
9.8333 47.73
9.85 47.94
9.8667 48.15
9.8833 48.36
9.9 48.57
9.9167 48.78
9.9333 48.99
9.95 49.19
9.9667 49.4
9.9833 49.6
10.0 49.8
10.0167 50.0
10.0333 50.2
10.05 50.4
10.0667 50.6
10.0833 50.8
10.1 51.0
10.1167 51.19
10.1333 51.39
10.15 51.58
10.1667 51.77
10.1833 51.96
10.2 52.15
10.2167 52.34
10.2333 52.53
10.25 52.72
10.2667 52.9
10.2833 53.09
10.3 53.27
10.3167 53.45
10.3333 53.64
10.35 53.82
10.3667 54.0
10.3833 54.17
10.4 54.35
10.4167 54.53
10.4333 54.7
10.45 54.88
10.4667 55.05
10.4833 55.22
10.5 55.39
10.5167 55.56
10.5333 55.72
10.55 55.89
10.5667 56.06
10.5833 56.22
10.6 56.38
10.6167 56.55
10.6333 56.71
10.65 56.87
10.6667 57.02
10.6833 57.18
10.7 57.34
10.7167 57.49
10.7333 57.64
10.75 57.8
10.7667 57.95
10.7833 58.1
10.8 58.24
10.8167 58.39
10.8333 58.54
10.85 58.68
10.8667 58.83
10.8833 58.97
10.9 59.11
10.9167 59.25
10.9333 59.39
10.95 59.52
10.9667 59.66
10.9833 59.79
11.0 59.93
11.0167 60.06
11.0333 60.19
11.05 60.32
11.0667 60.45
11.0833 60.57
11.1 60.7
11.1167 60.82
11.1333 60.94
11.15 61.07
11.1667 61.19
11.1833 61.3
11.2 61.42
11.2167 61.54
11.2333 61.65
11.25 61.77
11.2667 61.88
11.2833 61.99
11.3 62.09
11.3167 62.21
11.3333 62.31
11.35 62.42
11.3667 62.52
11.3833 62.62
11.4 62.73
11.4167 62.83
11.4333 62.92
11.45 63.02
11.4667 63.12
11.4833 63.21
11.5 63.3
11.5167 63.39
11.5333 63.49
11.55 63.57
11.5667 63.66
11.5833 63.75
11.6 63.83
11.6167 63.92
11.6333 63.99
11.65 64.08
11.6667 64.16
11.6833 64.23
11.7 64.31
11.7167 64.38
11.7333 64.46
11.75 64.53
11.7667 64.6
11.7833 64.67
11.8 64.74
11.8167 64.81
11.8333 64.87
11.85 64.93
11.8667 65.0
11.8833 65.06
11.9 65.12
11.9167 65.17
11.9333 65.23
11.95 65.29
11.9667 65.34
11.9833 65.39
12.0 65.44
12.0167 65.49
12.0333 65.54
12.05 65.59
12.0667 65.63
12.0833 65.68
12.1 65.72
12.1167 65.76
12.1333 65.8
12.15 65.84
12.1667 65.87
12.1833 65.91
12.2 65.94
12.2167 65.97
12.2333 66.0
12.25 66.03
12.2667 66.06
12.2833 66.09
12.3 66.11
12.3167 66.14
12.3333 66.16
12.35 66.18
12.3667 66.2
12.3833 66.21
12.4 66.23
12.4167 66.25
12.4333 66.26
12.45 66.27
12.4667 66.28
12.4833 66.29
12.5 66.3
12.5167 66.3
12.5333 66.31
12.55 66.31
12.5667 66.31
12.5833 66.31
12.6 66.31
12.6167 66.31
12.6333 66.31
12.65 66.3
12.6667 66.29
12.6833 66.28
12.7 66.27
12.7167 66.26
12.7333 66.25
12.75 66.23
12.7667 66.22
12.7833 66.2
12.8 66.18
12.8167 66.16
12.8333 66.14
12.85 66.12
12.8667 66.1
12.8833 66.07
12.9 66.04
12.9167 66.01
12.9333 65.98
12.95 65.95
12.9667 65.92
12.9833 65.88
13.0 65.85
13.0167 65.81
13.0333 65.77
13.05 65.73
13.0667 65.69
13.0833 65.65
13.1 65.6
13.1167 65.56
13.1333 65.51
13.15 65.46
13.1667 65.41
13.1833 65.36
13.2 65.3
13.2167 65.25
13.2333 65.19
13.25 65.14
13.2667 65.08
13.2833 65.02
13.3 64.95
13.3167 64.89
13.3333 64.83
13.35 64.76
13.3667 64.69
13.3833 64.62
13.4 64.55
13.4167 64.48
13.4333 64.41
13.45 64.33
13.4667 64.26
13.4833 64.18
13.5 64.1
13.5167 64.02
13.5333 63.94
13.55 63.86
13.5667 63.77
13.5833 63.69
13.6 63.6
13.6167 63.51
13.6333 63.42
13.65 63.33
13.6667 63.24
13.6833 63.15
13.7 63.05
13.7167 62.95
13.7333 62.86
13.75 62.76
13.7667 62.66
13.7833 62.55
13.8 62.45
13.8167 62.34
13.8333 62.24
13.85 62.13
13.8667 62.02
13.8833 61.91
13.9 61.8
13.9167 61.69
13.9333 61.57
13.95 61.46
13.9667 61.34
13.9833 61.22
14.0 61.1
14.0167 60.98
14.0333 60.86
14.05 60.74
14.0667 60.61
14.0833 60.48
14.1 60.36
14.1167 60.23
14.1333 60.1
14.15 59.97
14.1667 59.83
14.1833 59.7
14.2 59.57
14.2167 59.43
14.2333 59.29
14.25 59.15
14.2667 59.01
14.2833 58.87
14.3 58.73
14.3167 58.58
14.3333 58.44
14.35 58.29
14.3667 58.14
14.3833 57.99
14.4 57.84
14.4167 57.69
14.4333 57.54
14.45 57.39
14.4667 57.23
14.4833 57.07
14.5 56.92
14.5167 56.76
14.5333 56.6
14.55 56.44
14.5667 56.27
14.5833 56.11
14.6 55.94
14.6167 55.78
14.6333 55.61
14.65 55.44
14.6667 55.27
14.6833 55.1
14.7 54.93
14.7167 54.76
14.7333 54.58
14.75 54.41
14.7667 54.23
14.7833 54.05
14.8 53.88
14.8167 53.69
14.8333 53.52
14.85 53.33
14.8667 53.15
14.8833 52.97
14.9 52.78
14.9167 52.59
14.9333 52.41
14.95 52.22
14.9667 52.03
14.9833 51.84
15.0 51.64
15.0167 51.45
15.0333 51.26
15.05 51.06
15.0667 50.87
15.0833 50.67
15.1 50.47
15.1167 50.27
15.1333 50.07
15.15 49.87
15.1667 49.67
15.1833 49.46
15.2 49.26
15.2167 49.05
15.2333 48.85
15.25 48.64
15.2667 48.43
15.2833 48.22
15.3 48.01
15.3167 47.8
15.3333 47.59
15.35 47.38
15.3667 47.16
15.3833 46.95
15.4 46.73
15.4167 46.52
15.4333 46.3
15.45 46.08
15.4667 45.86
15.4833 45.64
15.5 45.42
15.5167 45.2
15.5333 44.97
15.55 44.75
15.5667 44.53
15.5833 44.3
15.6 44.07
15.6167 43.85
15.6333 43.62
15.65 43.39
15.6667 43.16
15.6833 42.93
15.7 42.7
15.7167 42.47
15.7333 42.24
15.75 42.0
15.7667 41.77
15.7833 41.53
15.8 41.3
15.8167 41.06
15.8333 40.82
15.85 40.59
15.8667 40.35
15.8833 40.11
15.9 39.87
15.9167 39.63
15.9333 39.39
15.95 39.14
15.9667 38.9
15.9833 38.66
16.0 38.42
16.0167 38.17
16.0333 37.93
16.05 37.68
16.0667 37.43
16.0833 37.19
16.1 36.94
16.1167 36.69
16.1333 36.44
16.15 36.19
16.1667 35.94
16.1833 35.69
16.2 35.44
16.2167 35.19
16.2333 34.94
16.25 34.69
16.2667 34.44
16.2833 34.18
16.3 33.93
16.3167 33.68
16.3333 33.42
16.35 33.17
16.3667 32.91
16.3833 32.65
16.4 32.4
16.4167 32.14
16.4333 31.89
16.45 31.63
16.4667 31.37
16.4833 31.11
16.5 30.86
16.5167 30.6
16.5333 30.34
16.55 30.08
16.5667 29.82
16.5833 29.56
16.6 29.3
16.6167 29.04
16.6333 28.78
16.65 28.52
16.6667 28.26
16.6833 28.0
16.7 27.74
16.7167 27.48
16.7333 27.22
16.75 26.95
16.7667 26.69
16.7833 26.43
16.8 26.17
16.8167 25.91
16.8333 25.65
16.85 25.39
16.8667 25.12
16.8833 24.86
16.9 24.6
16.9167 24.34
16.9333 24.08
16.95 23.82
16.9667 23.56
16.9833 23.3
17.0 23.03
17.0167 22.77
17.0333 22.51
17.05 22.25
17.0667 21.99
17.0833 21.73
17.1 21.47
17.1167 21.21
17.1333 20.95
17.15 20.7
17.1667 20.44
17.1833 20.18
17.2 19.92
17.2167 19.66
17.2333 19.41
17.25 19.15
17.2667 18.89
17.2833 18.64
17.3 18.38
17.3167 18.13
17.3333 17.87
17.35 17.62
17.3667 17.37
17.3833 17.12
17.4 16.86
17.4167 16.61
17.4333 16.36
17.45 16.11
17.4667 15.87
17.4833 15.62
17.5 15.37
17.5167 15.12
17.5333 14.88
17.55 14.63
17.5667 14.39
17.5833 14.15
17.6 13.91
17.6167 13.66
17.6333 13.43
17.65 13.19
17.6667 12.95
17.6833 12.71
17.7 12.48
17.7167 12.24
17.7333 12.01
17.75 11.78
17.7667 11.55
17.7833 11.32
17.8 11.09
17.8167 10.87
17.8333 10.64
17.85 10.42
17.8667 10.2
17.8833 9.976
17.9 9.757
17.9167 9.54
17.9333 9.324
17.95 9.11
17.9667 8.898
17.9833 8.688
18.0 8.48
18.0167 8.273
18.0333 8.068
18.05 7.865
18.0667 7.664
18.0833 7.465
18.1 7.268
18.1167 7.073
18.1333 6.88
18.15 6.689
18.1667 6.501
18.1833 6.314
18.2 6.13
18.2167 5.948
18.2333 5.768
18.25 5.591
18.2667 5.415
18.2833 5.243
18.3 5.072
18.3167 4.904
18.3333 4.739
18.35 4.575
18.3667 4.415
18.3833 4.256
18.4 4.101
18.4167 3.947
18.4333 3.796
18.45 3.648
18.4667 3.502
18.4833 3.359
18.5 3.218
18.5167 3.08
18.5333 2.944
18.55 2.81
18.5667 2.679
18.5833 2.551
18.6 2.425
18.6167 2.302
18.6333 2.181
18.65 2.062
18.6667 1.946
18.6833 1.833
18.7 1.722
18.7167 1.615
18.7333 1.509
18.75 1.407
18.7667 1.307
18.7833 1.211
18.8 1.118
18.8167 1.028
18.8333 0.9414
18.85 0.8587
18.8667 0.7802
18.8833 0.7063
18.9 0.6289
18.9167 0.5523
18.9333 0.4879
18.95 0.4343
18.9667 0.3818
18.9833 0.329
19.0 0.2826
19.0167 0.2461
19.0333 0.2067
19.05 0.1731
19.0667 0.1442
19.0833 0.1196
19.1 0.09665
19.1167 0.07805
19.1333 0.06356
19.15 0.04987
19.1667 0.0394
19.1833 0.03126
19.2 0.02419
19.2167 0.01866
19.2333 0.01433
19.25 0.0109
19.2667 0.008093
19.2833 0.006047
19.3 0.004399
19.3167 0.003188
19.3333 0.002228
19.35 0.001529
19.3667 0.001025
19.3833 0.0006641
19.4 0.0004105
19.4167 0.0002359
19.4333 0.0001187
19.45 4.357e-05
19.4667 9.128e-06
19.4833 7.497e-07
19.5 2.472e-08
19.5167 2.002e-10
19.5333 1.86e-13
19.55 0.0
19.5667 0.0
19.5833 0.0
19.6 0.0
19.6167 0.0
19.6333 0.0
19.65 0.0
19.6667 0.0
19.6833 0.0
19.7 0.0
19.7167 0.0
19.7333 0.0
19.75 0.0
19.7667 0.0
19.7833 0.0
19.8 0.0
19.8167 0.0
19.8333 0.0
19.85 0.0
19.8667 0.0
19.8833 0.0
19.9 0.0
19.9167 0.0
19.9333 0.0
19.95 0.0
19.9667 0.0
19.9833 0.0
20.0 0.0
20.0167 0.0
20.0333 0.0
20.05 0.0
20.0667 0.0
20.0833 0.0
20.1 0.0
20.1167 0.0
20.1333 0.0
20.15 0.0
20.1667 0.0
20.1833 0.0
20.2 0.0
20.2167 0.0
20.2333 0.0
20.25 0.0
20.2667 0.0
20.2833 0.0
20.3 0.0
20.3167 0.0
20.3333 0.0
20.35 0.0
20.3667 0.0
20.3833 0.0
20.4 0.0
20.4167 0.0
20.4333 0.0
20.45 0.0
20.4667 0.0
20.4833 0.0
20.5 0.0
20.5167 0.0
20.5333 0.0
20.55 0.0
20.5667 0.0
20.5833 0.0
20.6 0.0
20.6167 0.0
20.6333 0.0
20.65 0.0
20.6667 0.0
20.6833 0.0
20.7 0.0
20.7167 0.0
20.7333 0.0
20.75 0.0
20.7667 0.0
20.7833 0.0
20.8 0.0
20.8167 0.0
20.8333 0.0
20.85 0.0
20.8667 0.0
20.8833 0.0
20.9 0.0
20.9167 0.0
20.9333 0.0
20.95 0.0
20.9667 0.0
20.9833 0.0
21.0 0.0
21.0167 0.0
21.0333 0.0
21.05 0.0
21.0667 0.0
21.0833 0.0
21.1 0.0
21.1167 0.0
21.1333 0.0
21.15 0.0
21.1667 0.0
21.1833 0.0
21.2 0.0
21.2167 0.0
21.2333 0.0
21.25 0.0
21.2667 0.0
21.2833 0.0
21.3 0.0
21.3167 0.0
21.3333 0.0
21.35 0.0
21.3667 0.0
21.3833 0.0
21.4 0.0
21.4167 0.0
21.4333 0.0
21.45 0.0
21.4667 0.0
21.4833 0.0
21.5 0.0
21.5167 0.0
21.5333 0.0
21.55 0.0
21.5667 0.0
21.5833 0.0
21.6 0.0
21.6167 0.0
21.6333 0.0
21.65 0.0
21.6667 0.0
21.6833 0.0
21.7 0.0
21.7167 0.0
21.7333 0.0
21.75 0.0
21.7667 0.0
21.7833 0.0
21.8 0.0
21.8167 0.0
21.8333 0.0
21.85 0.0
21.8667 0.0
21.8833 0.0
21.9 0.0
21.9167 0.0
21.9333 0.0
21.95 0.0
21.9667 0.0
21.9833 0.0
22.0 0.0
22.0167 0.0
22.0333 0.0
22.05 0.0
22.0667 0.0
22.0833 0.0
22.1 0.0
22.1167 0.0
22.1333 0.0
22.15 0.0
22.1667 0.0
22.1833 0.0
22.2 0.0
22.2167 0.0
22.2333 0.0
22.25 0.0
22.2667 0.0
22.2833 0.0
22.3 0.0
22.3167 0.0
22.3333 0.0
22.35 0.0
22.3667 0.0
22.3833 0.0
22.4 0.0
22.4167 0.0
22.4333 0.0
22.45 0.0
22.4667 0.0
22.4833 0.0
22.5 0.0
22.5167 0.0
22.5333 0.0
22.55 0.0
22.5667 0.0
22.5833 0.0
22.6 0.0
22.6167 0.0
22.6333 0.0
22.65 0.0
22.6667 0.0
22.6833 0.0
22.7 0.0
22.7167 0.0
22.7333 0.0
22.75 0.0
22.7667 0.0
22.7833 0.0
22.8 0.0
22.8167 0.0
22.8333 0.0
22.85 0.0
22.8667 0.0
22.8833 0.0
22.9 0.0
22.9167 0.0
22.9333 0.0
22.95 0.0
22.9667 0.0
22.9833 0.0
23.0 0.0
23.0167 0.0
23.0333 0.0
23.05 0.0
23.0667 0.0
23.0833 0.0
23.1 0.0
23.1167 0.0
23.1333 0.0
23.15 0.0
23.1667 0.0
23.1833 0.0
23.2 0.0
23.2167 0.0
23.2333 0.0
23.25 0.0
23.2667 0.0
23.2833 0.0
23.3 0.0
23.3167 0.0
23.3333 0.0
23.35 0.0
23.3667 0.0
23.3833 0.0
23.4 0.0
23.4167 0.0
23.4333 0.0
23.45 0.0
23.4667 0.0
23.4833 0.0
23.5 0.0
23.5167 0.0
23.5333 0.0
23.55 0.0
23.5667 0.0
23.5833 0.0
23.6 0.0
23.6167 0.0
23.6333 0.0
23.65 0.0
23.6667 0.0
23.6833 0.0
23.7 0.0
23.7167 0.0
23.7333 0.0
23.75 0.0
23.7667 0.0
23.7833 0.0
23.8 0.0
23.8167 0.0
23.8333 0.0
23.85 0.0
23.8667 0.0
23.8833 0.0
23.9 0.0
23.9167 0.0
23.9333 0.0
23.95 0.0
23.9667 0.0
23.9833 0.0
