0.0 0.0
0.0167 0.0
0.0333 0.0
0.05 0.0
0.0667 0.0
0.0833 0.0
0.1 0.0
0.1167 0.0
0.1333 0.0
0.15 0.0
0.1667 0.0
0.1833 0.0
0.2 0.0
0.2167 0.0
0.2333 0.0
0.25 0.0
0.2667 0.0
0.2833 0.0
0.3 0.0
0.3167 0.0
0.3333 0.0
0.35 0.0
0.3667 0.0
0.3833 0.0
0.4 0.0
0.4167 0.0
0.4333 0.0
0.45 0.0
0.4667 0.0
0.4833 0.0
0.5 0.0
0.5167 0.0
0.5333 0.0
0.55 0.0
0.5667 0.0
0.5833 0.0
0.6 0.0
0.6167 0.0
0.6333 0.0
0.65 0.0
0.6667 0.0
0.6833 0.0
0.7 0.0
0.7167 0.0
0.7333 0.0
0.75 0.0
0.7667 0.0
0.7833 0.0
0.8 0.0
0.8167 0.0
0.8333 0.0
0.85 0.0
0.8667 0.0
0.8833 0.0
0.9 0.0
0.9167 0.0
0.9333 0.0
0.95 0.0
0.9667 0.0
0.9833 0.0
1.0 0.0
1.0167 0.0
1.0333 0.0
1.05 0.0
1.0667 0.0
1.0833 0.0
1.1 0.0
1.1167 0.0
1.1333 0.0
1.15 0.0
1.1667 0.0
1.1833 0.0
1.2 0.0
1.2167 0.0
1.2333 0.0
1.25 0.0
1.2667 0.0
1.2833 0.0
1.3 0.0
1.3167 0.0
1.3333 0.0
1.35 0.0
1.3667 0.0
1.3833 0.0
1.4 0.0
1.4167 0.0
1.4333 0.0
1.45 0.0
1.4667 0.0
1.4833 0.0
1.5 0.0
1.5167 0.0
1.5333 0.0
1.55 0.0
1.5667 0.0
1.5833 0.0
1.6 0.0
1.6167 0.0
1.6333 0.0
1.65 0.0
1.6667 0.0
1.6833 0.0
1.7 0.0
1.7167 0.0
1.7333 0.0
1.75 0.0
1.7667 0.0
1.7833 0.0
1.8 0.0
1.8167 0.0
1.8333 0.0
1.85 0.0
1.8667 0.0
1.8833 0.0
1.9 0.0
1.9167 0.0
1.9333 0.0
1.95 0.0
1.9667 0.0
1.9833 0.0
2.0 0.0
2.0167 0.0
2.0333 0.0
2.05 0.0
2.0667 0.0
2.0833 0.0
2.1 0.0
2.1167 0.0
2.1333 0.0
2.15 0.0
2.1667 0.0
2.1833 0.0
2.2 0.0
2.2167 0.0
2.2333 0.0
2.25 0.0
2.2667 0.0
2.2833 0.0
2.3 0.0
2.3167 0.0
2.3333 0.0
2.35 0.0
2.3667 0.0
2.3833 0.0
2.4 0.0
2.4167 0.0
2.4333 0.0
2.45 0.0
2.4667 0.0
2.4833 0.0
2.5 0.0
2.5167 0.0
2.5333 0.0
2.55 0.0
2.5667 0.0
2.5833 0.0
2.6 0.0
2.6167 0.0
2.6333 0.0
2.65 0.0
2.6667 0.0
2.6833 0.0
2.7 0.0
2.7167 0.0
2.7333 0.0
2.75 0.0
2.7667 0.0
2.7833 0.0
2.8 0.0
2.8167 0.0
2.8333 0.0
2.85 0.0
2.8667 0.0
2.8833 0.0
2.9 0.0
2.9167 0.0
2.9333 0.0
2.95 0.0
2.9667 0.0
2.9833 0.0
3.0 0.0
3.0167 0.0
3.0333 0.0
3.05 0.0
3.0667 0.0
3.0833 0.0
3.1 0.0
3.1167 0.0
3.1333 0.0
3.15 0.0
3.1667 0.0
3.1833 0.0
3.2 0.0
3.2167 0.0
3.2333 0.0
3.25 0.0
3.2667 0.0
3.2833 0.0
3.3 0.0
3.3167 0.0
3.3333 0.0
3.35 0.0
3.3667 0.0
3.3833 0.0
3.4 0.0
3.4167 0.0
3.4333 0.0
3.45 0.0
3.4667 0.0
3.4833 0.0
3.5 0.0
3.5167 0.0
3.5333 0.0
3.55 0.0
3.5667 0.0
3.5833 0.0
3.6 0.0
3.6167 0.0
3.6333 0.0
3.65 0.0
3.6667 0.0
3.6833 0.0
3.7 0.0
3.7167 0.0
3.7333 0.0
3.75 0.0
3.7667 0.0
3.7833 0.0
3.8 0.0
3.8167 0.0
3.8333 0.0
3.85 0.0
3.8667 0.0
3.8833 0.0
3.9 0.0
3.9167 0.0
3.9333 0.0
3.95 0.0
3.9667 0.0
3.9833 0.0
4.0 0.0
4.0167 0.0
4.0333 0.0
4.05 0.0
4.0667 0.0
4.0833 0.0
4.1 0.0
4.1167 0.0
4.1333 0.0
4.15 0.0
4.1667 0.0
4.1833 0.0
4.2 0.0
4.2167 0.0
4.2333 0.0
4.25 0.0
4.2667 0.0
4.2833 0.0
4.3 0.0
4.3167 0.0
4.3333 0.0
4.35 0.0
4.3667 0.0
4.3833 0.0
4.4 0.0
4.4167 0.0
4.4333 0.0
4.45 0.0
4.4667 0.0
4.4833 0.0
4.5 0.0
4.5167 0.0
4.5333 0.0
4.55 0.0
4.5667 0.0
4.5833 0.0
4.6 0.0
4.6167 0.0
4.6333 0.0
4.65 0.0
4.6667 0.0
4.6833 0.0
4.7 0.0
4.7167 0.0
4.7333 0.0
4.75 0.0
4.7667 0.0
4.7833 0.0
4.8 0.0
4.8167 0.0
4.8333 0.0
4.85 0.0
4.8667 0.0
4.8833 0.0
4.9 0.0
4.9167 0.0
4.9333 0.0
4.95 0.0
4.9667 0.0
4.9833 0.0
5.0 0.0
5.0167 0.0
5.0333 0.0
5.05 0.0
5.0667 0.0
5.0833 0.0
5.1 0.0
5.1167 0.0
5.1333 0.0
5.15 0.0
5.1667 0.0
5.1833 0.0
5.2 0.0
5.2167 0.0
5.2333 0.0
5.25 0.0
5.2667 0.0
5.2833 0.0
5.3 0.0
5.3167 0.0
5.3333 0.0
5.35 0.0
5.3667 0.0
5.3833 0.0
5.4 6.858e-14
5.4167 8.44e-11
5.4333 1.218e-08
5.45 3.932e-07
5.4667 4.952e-06
5.4833 2.88e-05
5.5 8.539e-05
5.5167 0.0001824
5.5333 0.0003233
5.55 0.0005257
5.5667 0.0008139
5.5833 0.001221
5.6 0.001748
5.6167 0.002483
5.6333 0.003495
5.65 0.004711
5.6667 0.006329
5.6833 0.00849
5.7 0.01108
5.7167 0.01438
5.7333 0.01857
5.75 0.02387
5.7667 0.03062
5.7833 0.0381
5.8 0.04808
5.8167 0.05975
5.8333 0.07432
5.85 0.09047
5.8667 0.1102
5.8833 0.1341
5.9 0.1616
5.9167 0.1897
5.9333 0.2218
5.95 0.2596
5.9667 0.3053
5.9833 0.3446
6.0 0.4014
6.0167 0.4472
6.0333 0.5017
6.05 0.5665
6.0667 0.6432
6.0833 0.7129
6.1 0.7841
6.1167 0.8594
6.1333 0.9384
6.15 1.021
6.1667 1.107
6.1833 1.195
6.2 1.287
6.2167 1.382
6.2333 1.479
6.25 1.579
6.2667 1.681
6.2833 1.786
6.3 1.893
6.3167 2.003
6.3333 2.115
6.35 2.229
6.3667 2.346
6.3833 2.465
6.4 2.587
6.4167 2.71
6.4333 2.837
6.45 2.965
6.4667 3.096
6.4833 3.229
6.5 3.364
6.5167 3.502
6.5333 3.642
6.55 3.785
6.5667 3.929
6.5833 4.076
6.6 4.226
6.6167 4.378
6.6333 4.531
6.65 4.688
6.6667 4.846
6.6833 5.007
6.7 5.17
6.7167 5.336
6.7333 5.503
6.75 5.673
6.7667 5.845
6.7833 6.019
6.8 6.195
6.8167 6.373
6.8333 6.554
6.85 6.736
6.8667 6.92
6.8833 7.107
6.9 7.295
6.9167 7.485
6.9333 7.677
6.95 7.871
6.9667 8.067
6.9833 8.264
7.0 8.464
7.0167 8.665
7.0333 8.867
7.05 9.072
7.0667 9.278
7.0833 9.485
7.1 9.694
7.1167 9.905
7.1333 10.12
7.15 10.33
7.1667 10.55
7.1833 10.76
7.2 10.98
7.2167 11.2
7.2333 11.42
7.25 11.64
7.2667 11.86
7.2833 12.09
7.3 12.31
7.3167 12.54
7.3333 12.77
7.35 13.0
7.3667 13.23
7.3833 13.46
7.4 13.69
7.4167 13.92
7.4333 14.15
7.45 14.39
7.4667 14.62
7.4833 14.86
7.5 15.1
7.5167 15.34
7.5333 15.57
7.55 15.81
7.5667 16.05
7.5833 16.3
7.6 16.54
7.6167 16.78
7.6333 17.02
7.65 17.27
7.6667 17.51
7.6833 17.76
7.7 18.0
7.7167 18.25
7.7333 18.49
7.75 18.74
7.7667 18.99
7.7833 19.24
7.8 19.48
7.8167 19.73
7.8333 19.98
7.85 20.23
7.8667 20.48
7.8833 20.73
7.9 20.98
7.9167 21.23
7.9333 21.48
7.95 21.74
7.9667 21.99
7.9833 22.24
8.0 22.49
8.0167 22.74
8.0333 23.0
8.05 23.25
8.0667 23.5
8.0833 23.75
8.1 24.01
8.1167 24.26
8.1333 24.51
8.15 24.77
8.1667 25.02
8.1833 25.27
8.2 25.53
8.2167 25.78
8.2333 26.03
8.25 26.29
8.2667 26.54
8.2833 26.79
8.3 27.05
8.3167 27.3
8.3333 27.55
8.35 27.8
8.3667 28.06
8.3833 28.31
8.4 28.56
8.4167 28.81
8.4333 29.07
8.45 29.32
8.4667 29.57
8.4833 29.82
8.5 30.07
8.5167 30.32
8.5333 30.57
8.55 30.82
8.5667 31.07
8.5833 31.32
8.6 31.57
8.6167 31.82
8.6333 32.07
8.65 32.32
8.6667 32.57
8.6833 32.82
8.7 33.06
8.7167 33.31
8.7333 33.56
8.75 33.81
8.7667 34.05
8.7833 34.3
8.8 34.54
8.8167 34.79
8.8333 35.03
8.85 35.27
8.8667 35.52
8.8833 35.76
8.9 36.0
8.9167 36.25
8.9333 36.49
8.95 36.73
8.9667 36.97
8.9833 37.21
9.0 37.45
9.0167 37.69
9.0333 37.92
9.05 38.16
9.0667 38.4
9.0833 38.63
9.1 38.87
9.1167 39.11
9.1333 39.34
9.15 39.57
9.1667 39.81
9.1833 40.04
9.2 40.27
9.2167 40.5
9.2333 40.73
9.25 40.96
9.2667 41.19
9.2833 41.42
9.3 41.65
9.3167 41.88
9.3333 42.1
9.35 42.33
9.3667 42.56
9.3833 42.78
9.4 43.0
9.4167 43.23
9.4333 43.45
9.45 43.67
9.4667 43.89
9.4833 44.11
9.5 44.33
9.5167 44.55
9.5333 44.77
9.55 44.98
9.5667 45.2
9.5833 45.41
9.6 45.63
9.6167 45.84
9.6333 46.05
9.65 46.27
9.6667 46.48
9.6833 46.69
9.7 46.9
9.7167 47.1
9.7333 47.31
9.75 47.52
9.7667 47.72
9.7833 47.93
9.8 48.13
9.8167 48.33
9.8333 48.54
9.85 48.74
9.8667 48.94
9.8833 49.14
9.9 49.33
9.9167 49.53
9.9333 49.73
9.95 49.92
9.9667 50.12
9.9833 50.31
10.0 50.5
10.0167 50.7
10.0333 50.89
10.05 51.08
10.0667 51.26
10.0833 51.45
10.1 51.64
10.1167 51.82
10.1333 52.01
10.15 52.19
10.1667 52.37
10.1833 52.56
10.2 52.74
10.2167 52.91
10.2333 53.09
10.25 53.27
10.2667 53.44
10.2833 53.62
10.3 53.8
10.3167 53.97
10.3333 54.14
10.35 54.31
10.3667 54.48
10.3833 54.65
10.4 54.82
10.4167 54.98
10.4333 55.15
10.45 55.31
10.4667 55.48
10.4833 55.64
10.5 55.8
10.5167 55.96
10.5333 56.12
10.55 56.27
10.5667 56.43
10.5833 56.59
10.6 56.74
10.6167 56.89
10.6333 57.04
10.65 57.19
10.6667 57.34
10.6833 57.49
10.7 57.64
10.7167 57.78
10.7333 57.93
10.75 58.07
10.7667 58.21
10.7833 58.36
10.8 58.5
10.8167 58.63
10.8333 58.77
10.85 58.91
10.8667 59.04
10.8833 59.18
10.9 59.31
10.9167 59.44
10.9333 59.57
10.95 59.7
10.9667 59.83
10.9833 59.95
11.0 60.08
11.0167 60.2
11.0333 60.33
11.05 60.45
11.0667 60.57
11.0833 60.69
11.1 60.8
11.1167 60.92
11.1333 61.04
11.15 61.15
11.1667 61.26
11.1833 61.37
11.2 61.48
11.2167 61.59
11.2333 61.7
11.25 61.81
11.2667 61.91
11.2833 62.02
11.3 62.12
11.3167 62.22
11.3333 62.32
11.35 62.42
11.3667 62.51
11.3833 62.61
11.4 62.7
11.4167 62.8
11.4333 62.89
11.45 62.98
11.4667 63.07
11.4833 63.16
11.5 63.25
11.5167 63.33
11.5333 63.41
11.55 63.5
11.5667 63.58
11.5833 63.66
11.6 63.74
11.6167 63.81
11.6333 63.89
11.65 63.97
11.6667 64.04
11.6833 64.11
11.7 64.18
11.7167 64.25
11.7333 64.32
11.75 64.39
11.7667 64.45
11.7833 64.52
11.8 64.58
11.8167 64.64
11.8333 64.7
11.85 64.76
11.8667 64.82
11.8833 64.87
11.9 64.93
11.9167 64.98
11.9333 65.03
11.95 65.08
11.9667 65.13
11.9833 65.18
12.0 65.22
12.0167 65.27
12.0333 65.31
12.05 65.35
12.0667 65.4
12.0833 65.44
12.1 65.47
12.1167 65.51
12.1333 65.55
12.15 65.58
12.1667 65.61
12.1833 65.64
12.2 65.67
12.2167 65.7
12.2333 65.73
12.25 65.75
12.2667 65.78
12.2833 65.8
12.3 65.82
12.3167 65.84
12.3333 65.86
12.35 65.88
12.3667 65.89
12.3833 65.91
12.4 65.92
12.4167 65.93
12.4333 65.94
12.45 65.95
12.4667 65.96
12.4833 65.97
12.5 65.97
12.5167 65.98
12.5333 65.98
12.55 65.98
12.5667 65.98
12.5833 65.98
12.6 65.97
12.6167 65.97
12.6333 65.96
12.65 65.95
12.6667 65.95
12.6833 65.93
12.7 65.92
12.7167 65.91
12.7333 65.9
12.75 65.88
12.7667 65.86
12.7833 65.84
12.8 65.82
12.8167 65.8
12.8333 65.78
12.85 65.75
12.8667 65.73
12.8833 65.7
12.9 65.67
12.9167 65.64
12.9333 65.61
12.95 65.58
12.9667 65.55
12.9833 65.51
13.0 65.47
13.0167 65.44
13.0333 65.4
13.05 65.36
13.0667 65.31
13.0833 65.27
13.1 65.22
13.1167 65.18
13.1333 65.13
13.15 65.08
13.1667 65.03
13.1833 64.98
13.2 64.93
13.2167 64.87
13.2333 64.82
13.25 64.76
13.2667 64.7
13.2833 64.64
13.3 64.58
13.3167 64.52
13.3333 64.45
13.35 64.39
13.3667 64.32
13.3833 64.25
13.4 64.18
13.4167 64.11
13.4333 64.04
13.45 63.97
13.4667 63.89
13.4833 63.82
13.5 63.74
13.5167 63.66
13.5333 63.58
13.55 63.5
13.5667 63.42
13.5833 63.33
13.6 63.25
13.6167 63.16
13.6333 63.07
13.65 62.98
13.6667 62.89
13.6833 62.8
13.7 62.71
13.7167 62.61
13.7333 62.52
13.75 62.42
13.7667 62.32
13.7833 62.22
13.8 62.12
13.8167 62.02
13.8333 61.91
13.85 61.81
13.8667 61.7
13.8833 61.59
13.9 61.49
13.9167 61.38
13.9333 61.26
13.95 61.15
13.9667 61.04
13.9833 60.92
14.0 60.81
14.0167 60.69
14.0333 60.57
14.05 60.45
14.0667 60.33
14.0833 60.2
14.1 60.08
14.1167 59.96
14.1333 59.83
14.15 59.7
14.1667 59.57
14.1833 59.44
14.2 59.31
14.2167 59.18
14.2333 59.05
14.25 58.91
14.2667 58.77
14.2833 58.64
14.3 58.5
14.3167 58.36
14.3333 58.22
14.35 58.08
14.3667 57.93
14.3833 57.79
14.4 57.64
14.4167 57.49
14.4333 57.35
14.45 57.2
14.4667 57.05
14.4833 56.89
14.5 56.74
14.5167 56.59
14.5333 56.43
14.55 56.28
14.5667 56.12
14.5833 55.96
14.6 55.8
14.6167 55.64
14.6333 55.48
14.65 55.32
14.6667 55.15
14.6833 54.99
14.7 54.82
14.7167 54.65
14.7333 54.49
14.75 54.32
14.7667 54.15
14.7833 53.97
14.8 53.8
14.8167 53.63
14.8333 53.45
14.85 53.28
14.8667 53.1
14.8833 52.92
14.9 52.74
14.9167 52.56
14.9333 52.38
14.95 52.2
14.9667 52.01
14.9833 51.83
15.0 51.64
15.0167 51.46
15.0333 51.27
15.05 51.08
15.0667 50.89
15.0833 50.7
15.1 50.51
15.1167 50.32
15.1333 50.13
15.15 49.93
15.1667 49.74
15.1833 49.54
15.2 49.34
15.2167 49.14
15.2333 48.95
15.25 48.74
15.2667 48.54
15.2833 48.34
15.3 48.14
15.3167 47.94
15.3333 47.73
15.35 47.53
15.3667 47.32
15.3833 47.11
15.4 46.9
15.4167 46.7
15.4333 46.49
15.45 46.28
15.4667 46.06
15.4833 45.85
15.5 45.64
15.5167 45.42
15.5333 45.21
15.55 44.99
15.5667 44.78
15.5833 44.56
15.6 44.34
15.6167 44.12
15.6333 43.9
15.65 43.68
15.6667 43.46
15.6833 43.24
15.7 43.02
15.7167 42.79
15.7333 42.57
15.75 42.34
15.7667 42.12
15.7833 41.89
15.8 41.66
15.8167 41.44
15.8333 41.21
15.85 40.98
15.8667 40.75
15.8833 40.52
15.9 40.29
15.9167 40.05
15.9333 39.82
15.95 39.59
15.9667 39.35
15.9833 39.12
16.0 38.89
16.0167 38.65
16.0333 38.41
16.05 38.18
16.0667 37.94
16.0833 37.7
16.1 37.46
16.1167 37.22
16.1333 36.98
16.15 36.74
16.1667 36.5
16.1833 36.26
16.2 36.02
16.2167 35.78
16.2333 35.53
16.25 35.29
16.2667 35.05
16.2833 34.8
16.3 34.56
16.3167 34.31
16.3333 34.07
16.35 33.82
16.3667 33.58
16.3833 33.33
16.4 33.08
16.4167 32.84
16.4333 32.59
16.45 32.34
16.4667 32.09
16.4833 31.84
16.5 31.59
16.5167 31.34
16.5333 31.09
16.55 30.84
16.5667 30.59
16.5833 30.34
16.6 30.09
16.6167 29.84
16.6333 29.59
16.65 29.34
16.6667 29.09
16.6833 28.84
16.7 28.58
16.7167 28.33
16.7333 28.08
16.75 27.83
16.7667 27.57
16.7833 27.32
16.8 27.07
16.8167 26.82
16.8333 26.56
16.85 26.31
16.8667 26.06
16.8833 25.8
16.9 25.55
16.9167 25.3
16.9333 25.04
16.95 24.79
16.9667 24.54
16.9833 24.28
17.0 24.03
17.0167 23.78
17.0333 23.53
17.05 23.27
17.0667 23.02
17.0833 22.77
17.1 22.52
17.1167 22.27
17.1333 22.01
17.15 21.76
17.1667 21.51
17.1833 21.26
17.2 21.01
17.2167 20.76
17.2333 20.51
17.25 20.26
17.2667 20.01
17.2833 19.76
17.3 19.51
17.3167 19.26
17.3333 19.02
17.35 18.77
17.3667 18.52
17.3833 18.28
17.4 18.03
17.4167 17.78
17.4333 17.54
17.45 17.3
17.4667 17.05
17.4833 16.81
17.5 16.57
17.5167 16.33
17.5333 16.08
17.55 15.84
17.5667 15.6
17.5833 15.37
17.6 15.13
17.6167 14.89
17.6333 14.65
17.65 14.42
17.6667 14.18
17.6833 13.95
17.7 13.72
17.7167 13.49
17.7333 13.26
17.75 13.03
17.7667 12.8
17.7833 12.57
17.8 12.34
17.8167 12.12
17.8333 11.9
17.85 11.67
17.8667 11.45
17.8833 11.23
17.9 11.01
17.9167 10.79
17.9333 10.58
17.95 10.36
17.9667 10.15
17.9833 9.937
18.0 9.726
18.0167 9.517
18.0333 9.309
18.05 9.103
18.0667 8.899
18.0833 8.696
18.1 8.495
18.1167 8.296
18.1333 8.098
18.15 7.903
18.1667 7.708
18.1833 7.516
18.2 7.326
18.2167 7.137
18.2333 6.951
18.25 6.767
18.2667 6.584
18.2833 6.404
18.3 6.225
18.3167 6.049
18.3333 5.875
18.35 5.703
18.3667 5.533
18.3833 5.365
18.4 5.199
18.4167 5.036
18.4333 4.875
18.45 4.716
18.4667 4.56
18.4833 4.405
18.5 4.253
18.5167 4.104
18.5333 3.956
18.55 3.811
18.5667 3.669
18.5833 3.528
18.6 3.39
18.6167 3.255
18.6333 3.121
18.65 2.99
18.6667 2.862
18.6833 2.735
18.7 2.611
18.7167 2.489
18.7333 2.37
18.75 2.253
18.7667 2.138
18.7833 2.026
18.8 1.916
18.8167 1.808
18.8333 1.703
18.85 1.6
18.8667 1.5
18.8833 1.402
18.9 1.307
18.9167 1.215
18.9333 1.126
18.95 1.039
18.9667 0.9562
18.9833 0.8765
19.0 0.8005
19.0167 0.7285
19.0333 0.661
19.05 0.5827
19.0667 0.5155
19.0833 0.4589
19.1 0.4113
19.1167 0.3561
19.1333 0.3134
19.15 0.2681
19.1667 0.2323
19.1833 0.1995
19.2 0.1677
19.2167 0.1405
19.2333 0.1172
19.25 0.09543
19.2667 0.07759
19.2833 0.06349
19.3 0.05054
19.3167 0.04082
19.3333 0.03205
19.35 0.02518
19.3667 0.01974
19.3833 0.01536
19.4 0.01181
19.4167 0.009007
19.4333 0.006829
19.45 0.00515
19.4667 0.003744
19.4833 0.00274
19.5 0.001923
19.5167 0.001334
19.5333 0.0009143
19.55 0.0005989
19.5667 0.0003746
19.5833 0.0002172
19.6 0.0001065
19.6167 4.102e-05
19.6333 9.069e-06
19.65 8.543e-07
19.6667 3.816e-08
19.6833 3.939e-10
19.7 8.758e-13
19.7167 1.744e-30
19.7333 0.0
19.75 0.0
19.7667 0.0
19.7833 0.0
19.8 0.0
19.8167 0.0
19.8333 0.0
19.85 0.0
19.8667 0.0
19.8833 0.0
19.9 0.0
19.9167 0.0
19.9333 0.0
19.95 0.0
19.9667 0.0
19.9833 0.0
20.0 0.0
20.0167 0.0
20.0333 0.0
20.05 0.0
20.0667 0.0
20.0833 0.0
20.1 0.0
20.1167 0.0
20.1333 0.0
20.15 0.0
20.1667 0.0
20.1833 0.0
20.2 0.0
20.2167 0.0
20.2333 0.0
20.25 0.0
20.2667 0.0
20.2833 0.0
20.3 0.0
20.3167 0.0
20.3333 0.0
20.35 0.0
20.3667 0.0
20.3833 0.0
20.4 0.0
20.4167 0.0
20.4333 0.0
20.45 0.0
20.4667 0.0
20.4833 0.0
20.5 0.0
20.5167 0.0
20.5333 0.0
20.55 0.0
20.5667 0.0
20.5833 0.0
20.6 0.0
20.6167 0.0
20.6333 0.0
20.65 0.0
20.6667 0.0
20.6833 0.0
20.7 0.0
20.7167 0.0
20.7333 0.0
20.75 0.0
20.7667 0.0
20.7833 0.0
20.8 0.0
20.8167 0.0
20.8333 0.0
20.85 0.0
20.8667 0.0
20.8833 0.0
20.9 0.0
20.9167 0.0
20.9333 0.0
20.95 0.0
20.9667 0.0
20.9833 0.0
21.0 0.0
21.0167 0.0
21.0333 0.0
21.05 0.0
21.0667 0.0
21.0833 0.0
21.1 0.0
21.1167 0.0
21.1333 0.0
21.15 0.0
21.1667 0.0
21.1833 0.0
21.2 0.0
21.2167 0.0
21.2333 0.0
21.25 0.0
21.2667 0.0
21.2833 0.0
21.3 0.0
21.3167 0.0
21.3333 0.0
21.35 0.0
21.3667 0.0
21.3833 0.0
21.4 0.0
21.4167 0.0
21.4333 0.0
21.45 0.0
21.4667 0.0
21.4833 0.0
21.5 0.0
21.5167 0.0
21.5333 0.0
21.55 0.0
21.5667 0.0
21.5833 0.0
21.6 0.0
21.6167 0.0
21.6333 0.0
21.65 0.0
21.6667 0.0
21.6833 0.0
21.7 0.0
21.7167 0.0
21.7333 0.0
21.75 0.0
21.7667 0.0
21.7833 0.0
21.8 0.0
21.8167 0.0
21.8333 0.0
21.85 0.0
21.8667 0.0
21.8833 0.0
21.9 0.0
21.9167 0.0
21.9333 0.0
21.95 0.0
21.9667 0.0
21.9833 0.0
22.0 0.0
22.0167 0.0
22.0333 0.0
22.05 0.0
22.0667 0.0
22.0833 0.0
22.1 0.0
22.1167 0.0
22.1333 0.0
22.15 0.0
22.1667 0.0
22.1833 0.0
22.2 0.0
22.2167 0.0
22.2333 0.0
22.25 0.0
22.2667 0.0
22.2833 0.0
22.3 0.0
22.3167 0.0
22.3333 0.0
22.35 0.0
22.3667 0.0
22.3833 0.0
22.4 0.0
22.4167 0.0
22.4333 0.0
22.45 0.0
22.4667 0.0
22.4833 0.0
22.5 0.0
22.5167 0.0
22.5333 0.0
22.55 0.0
22.5667 0.0
22.5833 0.0
22.6 0.0
22.6167 0.0
22.6333 0.0
22.65 0.0
22.6667 0.0
22.6833 0.0
22.7 0.0
22.7167 0.0
22.7333 0.0
22.75 0.0
22.7667 0.0
22.7833 0.0
22.8 0.0
22.8167 0.0
22.8333 0.0
22.85 0.0
22.8667 0.0
22.8833 0.0
22.9 0.0
22.9167 0.0
22.9333 0.0
22.95 0.0
22.9667 0.0
22.9833 0.0
23.0 0.0
23.0167 0.0
23.0333 0.0
23.05 0.0
23.0667 0.0
23.0833 0.0
23.1 0.0
23.1167 0.0
23.1333 0.0
23.15 0.0
23.1667 0.0
23.1833 0.0
23.2 0.0
23.2167 0.0
23.2333 0.0
23.25 0.0
23.2667 0.0
23.2833 0.0
23.3 0.0
23.3167 0.0
23.3333 0.0
23.35 0.0
23.3667 0.0
23.3833 0.0
23.4 0.0
23.4167 0.0
23.4333 0.0
23.45 0.0
23.4667 0.0
23.4833 0.0
23.5 0.0
23.5167 0.0
23.5333 0.0
23.55 0.0
23.5667 0.0
23.5833 0.0
23.6 0.0
23.6167 0.0
23.6333 0.0
23.65 0.0
23.6667 0.0
23.6833 0.0
23.7 0.0
23.7167 0.0
23.7333 0.0
23.75 0.0
23.7667 0.0
23.7833 0.0
23.8 0.0
23.8167 0.0
23.8333 0.0
23.85 0.0
23.8667 0.0
23.8833 0.0
23.9 0.0
23.9167 0.0
23.9333 0.0
23.95 0.0
23.9667 0.0
23.9833 0.0
