0.0 0.0
0.0167 0.0
0.0333 0.0
0.05 0.0
0.0667 0.0
0.0833 0.0
0.1 0.0
0.1167 0.0
0.1333 0.0
0.15 0.0
0.1667 0.0
0.1833 0.0
0.2 0.0
0.2167 0.0
0.2333 0.0
0.25 0.0
0.2667 0.0
0.2833 0.0
0.3 0.0
0.3167 0.0
0.3333 0.0
0.35 0.0
0.3667 0.0
0.3833 0.0
0.4 0.0
0.4167 0.0
0.4333 0.0
0.45 0.0
0.4667 0.0
0.4833 0.0
0.5 0.0
0.5167 0.0
0.5333 0.0
0.55 0.0
0.5667 0.0
0.5833 0.0
0.6 0.0
0.6167 0.0
0.6333 0.0
0.65 0.0
0.6667 0.0
0.6833 0.0
0.7 0.0
0.7167 0.0
0.7333 0.0
0.75 0.0
0.7667 0.0
0.7833 0.0
0.8 0.0
0.8167 0.0
0.8333 0.0
0.85 0.0
0.8667 0.0
0.8833 0.0
0.9 0.0
0.9167 0.0
0.9333 0.0
0.95 0.0
0.9667 0.0
0.9833 0.0
1.0 0.0
1.0167 0.0
1.0333 0.0
1.05 0.0
1.0667 0.0
1.0833 0.0
1.1 0.0
1.1167 0.0
1.1333 0.0
1.15 0.0
1.1667 0.0
1.1833 0.0
1.2 0.0
1.2167 0.0
1.2333 0.0
1.25 0.0
1.2667 0.0
1.2833 0.0
1.3 0.0
1.3167 0.0
1.3333 0.0
1.35 0.0
1.3667 0.0
1.3833 0.0
1.4 0.0
1.4167 0.0
1.4333 0.0
1.45 0.0
1.4667 0.0
1.4833 0.0
1.5 0.0
1.5167 0.0
1.5333 0.0
1.55 0.0
1.5667 0.0
1.5833 0.0
1.6 0.0
1.6167 0.0
1.6333 0.0
1.65 0.0
1.6667 0.0
1.6833 0.0
1.7 0.0
1.7167 0.0
1.7333 0.0
1.75 0.0
1.7667 0.0
1.7833 0.0
1.8 0.0
1.8167 0.0
1.8333 0.0
1.85 0.0
1.8667 0.0
1.8833 0.0
1.9 0.0
1.9167 0.0
1.9333 0.0
1.95 0.0
1.9667 0.0
1.9833 0.0
2.0 0.0
2.0167 0.0
2.0333 0.0
2.05 0.0
2.0667 0.0
2.0833 0.0
2.1 0.0
2.1167 0.0
2.1333 0.0
2.15 0.0
2.1667 0.0
2.1833 0.0
2.2 0.0
2.2167 0.0
2.2333 0.0
2.25 0.0
2.2667 0.0
2.2833 0.0
2.3 0.0
2.3167 0.0
2.3333 0.0
2.35 0.0
2.3667 0.0
2.3833 0.0
2.4 0.0
2.4167 0.0
2.4333 0.0
2.45 0.0
2.4667 0.0
2.4833 0.0
2.5 0.0
2.5167 0.0
2.5333 0.0
2.55 0.0
2.5667 0.0
2.5833 0.0
2.6 0.0
2.6167 0.0
2.6333 0.0
2.65 0.0
2.6667 0.0
2.6833 0.0
2.7 0.0
2.7167 0.0
2.7333 0.0
2.75 0.0
2.7667 0.0
2.7833 0.0
2.8 0.0
2.8167 0.0
2.8333 0.0
2.85 0.0
2.8667 0.0
2.8833 0.0
2.9 0.0
2.9167 0.0
2.9333 0.0
2.95 0.0
2.9667 0.0
2.9833 0.0
3.0 0.0
3.0167 0.0
3.0333 0.0
3.05 0.0
3.0667 0.0
3.0833 0.0
3.1 0.0
3.1167 0.0
3.1333 0.0
3.15 0.0
3.1667 0.0
3.1833 0.0
3.2 0.0
3.2167 0.0
3.2333 0.0
3.25 0.0
3.2667 0.0
3.2833 0.0
3.3 0.0
3.3167 0.0
3.3333 0.0
3.35 0.0
3.3667 0.0
3.3833 0.0
3.4 0.0
3.4167 0.0
3.4333 0.0
3.45 0.0
3.4667 0.0
3.4833 0.0
3.5 0.0
3.5167 0.0
3.5333 0.0
3.55 0.0
3.5667 0.0
3.5833 0.0
3.6 0.0
3.6167 0.0
3.6333 0.0
3.65 0.0
3.6667 0.0
3.6833 0.0
3.7 0.0
3.7167 0.0
3.7333 0.0
3.75 0.0
3.7667 0.0
3.7833 0.0
3.8 0.0
3.8167 0.0
3.8333 0.0
3.85 0.0
3.8667 0.0
3.8833 0.0
3.9 0.0
3.9167 0.0
3.9333 0.0
3.95 0.0
3.9667 0.0
3.9833 0.0
4.0 0.0
4.0167 0.0
4.0333 0.0
4.05 0.0
4.0667 0.0
4.0833 0.0
4.1 0.0
4.1167 0.0
4.1333 0.0
4.15 0.0
4.1667 0.0
4.1833 0.0
4.2 0.0
4.2167 0.0
4.2333 0.0
4.25 0.0
4.2667 0.0
4.2833 0.0
4.3 0.0
4.3167 0.0
4.3333 0.0
4.35 0.0
4.3667 0.0
4.3833 0.0
4.4 0.0
4.4167 0.0
4.4333 0.0
4.45 0.0
4.4667 0.0
4.4833 0.0
4.5 0.0
4.5167 0.0
4.5333 0.0
4.55 0.0
4.5667 0.0
4.5833 0.0
4.6 0.0
4.6167 0.0
4.6333 0.0
4.65 0.0
4.6667 0.0
4.6833 0.0
4.7 0.0
4.7167 0.0
4.7333 0.0
4.75 0.0
4.7667 0.0
4.7833 0.0
4.8 0.0
4.8167 0.0
4.8333 0.0
4.85 0.0
4.8667 0.0
4.8833 0.0
4.9 0.0
4.9167 0.0
4.9333 0.0
4.95 0.0
4.9667 0.0
4.9833 0.0
5.0 0.0
5.0167 0.0
5.0333 0.0
5.05 0.0
5.0667 0.0
5.0833 0.0
5.1 0.0
5.1167 0.0
5.1333 0.0
5.15 0.0
5.1667 0.0
5.1833 0.0
5.2 0.0
5.2167 0.0
5.2333 0.0
5.25 0.0
5.2667 0.0
5.2833 0.0
5.3 0.0
5.3167 0.0
5.3333 0.0
5.35 0.0
5.3667 0.0
5.3833 0.0
5.4 0.0
5.4167 0.0
5.4333 0.0
5.45 0.0
5.4667 0.0
5.4833 0.0
5.5 0.0
5.5167 0.0
5.5333 0.0
5.55 0.0
5.5667 4.923e-16
5.5833 8.033e-12
5.6 1.743e-09
5.6167 1.106e-07
5.6333 1.823e-06
5.65 1.578e-05
5.6667 5.691e-05
5.6833 0.0001336
5.7 0.0002575
5.7167 0.0004334
5.7333 0.0006816
5.75 0.00102
5.7667 0.001487
5.7833 0.002139
5.8 0.003028
5.8167 0.004114
5.8333 0.005578
5.85 0.007477
5.8667 0.009798
5.8833 0.01277
5.9 0.01652
5.9167 0.02126
5.9333 0.02724
5.95 0.03485
5.9667 0.04322
5.9833 0.05448
6.0 0.06706
6.0167 0.08391
6.0333 0.1015
6.05 0.1222
6.0667 0.1467
6.0833 0.1747
6.1 0.2069
6.1167 0.2444
6.1333 0.2819
6.15 0.3241
6.1667 0.3778
6.1833 0.4237
6.2 0.4741
6.2167 0.5342
6.2333 0.6053
6.25 0.6791
6.2667 0.7479
6.2833 0.8209
6.3 0.8978
6.3167 0.9782
6.3333 1.062
6.35 1.148
6.3667 1.238
6.3833 1.331
6.4 1.426
6.4167 1.524
6.4333 1.624
6.45 1.727
6.4667 1.832
6.4833 1.94
6.5 2.05
6.5167 2.163
6.5333 2.278
6.55 2.395
6.5667 2.514
6.5833 2.636
6.6 2.76
6.6167 2.886
6.6333 3.015
6.65 3.146
6.6667 3.279
6.6833 3.415
6.7 3.553
6.7167 3.693
6.7333 3.835
6.75 3.98
6.7667 4.127
6.7833 4.277
6.8 4.429
6.8167 4.583
6.8333 4.739
6.85 4.898
6.8667 5.059
6.8833 5.222
6.9 5.387
6.9167 5.554
6.9333 5.724
6.95 5.896
6.9667 6.07
6.9833 6.245
7.0 6.423
7.0167 6.603
7.0333 6.785
7.05 6.969
7.0667 7.155
7.0833 7.343
7.1 7.533
7.1167 7.724
7.1333 7.918
7.15 8.113
7.1667 8.31
7.1833 8.508
7.2 8.709
7.2167 8.911
7.2333 9.114
7.25 9.32
7.2667 9.526
7.2833 9.735
7.3 9.944
7.3167 10.16
7.3333 10.37
7.35 10.58
7.3667 10.8
7.3833 11.01
7.4 11.23
7.4167 11.45
7.4333 11.67
7.45 11.89
7.4667 12.12
7.4833 12.34
7.5 12.57
7.5167 12.79
7.5333 13.02
7.55 13.25
7.5667 13.48
7.5833 13.71
7.6 13.94
7.6167 14.17
7.6333 14.41
7.65 14.64
7.6667 14.87
7.6833 15.11
7.7 15.35
7.7167 15.58
7.7333 15.82
7.75 16.06
7.7667 16.3
7.7833 16.54
7.8 16.78
7.8167 17.02
7.8333 17.26
7.85 17.51
7.8667 17.75
7.8833 17.99
7.9 18.24
7.9167 18.48
7.9333 18.73
7.95 18.97
7.9667 19.22
7.9833 19.47
8.0 19.71
8.0167 19.96
8.0333 20.21
8.05 20.46
8.0667 20.71
8.0833 20.95
8.1 21.2
8.1167 21.45
8.1333 21.7
8.15 21.95
8.1667 22.2
8.1833 22.45
8.2 22.7
8.2167 22.95
8.2333 23.2
8.25 23.45
8.2667 23.7
8.2833 23.96
8.3 24.21
8.3167 24.46
8.3333 24.71
8.35 24.96
8.3667 25.21
8.3833 25.46
8.4 25.71
8.4167 25.97
8.4333 26.22
8.45 26.47
8.4667 26.72
8.4833 26.97
8.5 27.22
8.5167 27.47
8.5333 27.72
8.55 27.97
8.5667 28.22
8.5833 28.47
8.6 28.72
8.6167 28.97
8.6333 29.22
8.65 29.47
8.6667 29.72
8.6833 29.97
8.7 30.22
8.7167 30.47
8.7333 30.72
8.75 30.96
8.7667 31.21
8.7833 31.46
8.8 31.71
8.8167 31.95
8.8333 32.2
8.85 32.45
8.8667 32.69
8.8833 32.94
8.9 33.18
8.9167 33.43
8.9333 33.67
8.95 33.91
8.9667 34.16
8.9833 34.4
9.0 34.64
9.0167 34.88
9.0333 35.13
9.05 35.37
9.0667 35.61
9.0833 35.85
9.1 36.09
9.1167 36.33
9.1333 36.57
9.15 36.8
9.1667 37.04
9.1833 37.28
9.2 37.51
9.2167 37.75
9.2333 37.99
9.25 38.22
9.2667 38.45
9.2833 38.69
9.3 38.92
9.3167 39.15
9.3333 39.38
9.35 39.62
9.3667 39.85
9.3833 40.08
9.4 40.3
9.4167 40.53
9.4333 40.76
9.45 40.99
9.4667 41.21
9.4833 41.44
9.5 41.67
9.5167 41.89
9.5333 42.11
9.55 42.34
9.5667 42.56
9.5833 42.78
9.6 43.0
9.6167 43.22
9.6333 43.44
9.65 43.66
9.6667 43.88
9.6833 44.09
9.7 44.31
9.7167 44.52
9.7333 44.74
9.75 44.95
9.7667 45.16
9.7833 45.38
9.8 45.59
9.8167 45.8
9.8333 46.01
9.85 46.22
9.8667 46.42
9.8833 46.63
9.9 46.84
9.9167 47.04
9.9333 47.24
9.95 47.45
9.9667 47.65
9.9833 47.85
10.0 48.05
10.0167 48.25
10.0333 48.45
10.05 48.65
10.0667 48.85
10.0833 49.04
10.1 49.24
10.1167 49.43
10.1333 49.62
10.15 49.82
10.1667 50.01
10.1833 50.2
10.2 50.39
10.2167 50.58
10.2333 50.76
10.25 50.95
10.2667 51.13
10.2833 51.32
10.3 51.5
10.3167 51.68
10.3333 51.87
10.35 52.05
10.3667 52.22
10.3833 52.4
10.4 52.58
10.4167 52.76
10.4333 52.93
10.45 53.1
10.4667 53.28
10.4833 53.45
10.5 53.62
10.5167 53.79
10.5333 53.96
10.55 54.13
10.5667 54.29
10.5833 54.46
10.6 54.62
10.6167 54.79
10.6333 54.95
10.65 55.11
10.6667 55.27
10.6833 55.43
10.7 55.58
10.7167 55.74
10.7333 55.9
10.75 56.05
10.7667 56.2
10.7833 56.36
10.8 56.5
10.8167 56.66
10.8333 56.8
10.85 56.95
10.8667 57.1
10.8833 57.24
10.9 57.39
10.9167 57.53
10.9333 57.67
10.95 57.81
10.9667 57.95
10.9833 58.09
11.0 58.22
11.0167 58.36
11.0333 58.49
11.05 58.63
11.0667 58.76
11.0833 58.89
11.1 59.02
11.1167 59.15
11.1333 59.27
11.15 59.4
11.1667 59.52
11.1833 59.65
11.2 59.77
11.2167 59.89
11.2333 60.01
11.25 60.13
11.2667 60.25
11.2833 60.36
11.3 60.48
11.3167 60.59
11.3333 60.7
11.35 60.81
11.3667 60.92
11.3833 61.03
11.4 61.14
11.4167 61.24
11.4333 61.35
11.45 61.45
11.4667 61.55
11.4833 61.65
11.5 61.75
11.5167 61.85
11.5333 61.95
11.55 62.04
11.5667 62.14
11.5833 62.23
11.6 62.32
11.6167 62.41
11.6333 62.5
11.65 62.59
11.6667 62.67
11.6833 62.76
11.7 62.84
11.7167 62.92
11.7333 63.0
11.75 63.09
11.7667 63.16
11.7833 63.24
11.8 63.32
11.8167 63.39
11.8333 63.46
11.85 63.53
11.8667 63.61
11.8833 63.68
11.9 63.74
11.9167 63.81
11.9333 63.88
11.95 63.94
11.9667 64.0
11.9833 64.06
12.0 64.12
12.0167 64.18
12.0333 64.24
12.05 64.29
12.0667 64.35
12.0833 64.4
12.1 64.45
12.1167 64.5
12.1333 64.55
12.15 64.6
12.1667 64.64
12.1833 64.69
12.2 64.73
12.2167 64.77
12.2333 64.82
12.25 64.86
12.2667 64.89
12.2833 64.93
12.3 64.97
12.3167 65.0
12.3333 65.03
12.35 65.06
12.3667 65.09
12.3833 65.12
12.4 65.15
12.4167 65.17
12.4333 65.2
12.45 65.22
12.4667 65.24
12.4833 65.26
12.5 65.28
12.5167 65.3
12.5333 65.31
12.55 65.33
12.5667 65.34
12.5833 65.35
12.6 65.37
12.6167 65.37
12.6333 65.38
12.65 65.39
12.6667 65.39
12.6833 65.4
12.7 65.4
12.7167 65.4
12.7333 65.4
12.75 65.4
12.7667 65.39
12.7833 65.39
12.8 65.38
12.8167 65.38
12.8333 65.37
12.85 65.36
12.8667 65.35
12.8833 65.33
12.9 65.32
12.9167 65.3
12.9333 65.29
12.95 65.27
12.9667 65.25
12.9833 65.23
13.0 65.2
13.0167 65.18
13.0333 65.15
13.05 65.13
13.0667 65.1
13.0833 65.07
13.1 65.04
13.1167 65.01
13.1333 64.97
13.15 64.94
13.1667 64.9
13.1833 64.87
13.2 64.83
13.2167 64.79
13.2333 64.74
13.25 64.7
13.2667 64.66
13.2833 64.61
13.3 64.56
13.3167 64.51
13.3333 64.46
13.35 64.41
13.3667 64.36
13.3833 64.31
13.4 64.25
13.4167 64.2
13.4333 64.14
13.45 64.08
13.4667 64.02
13.4833 63.96
13.5 63.89
13.5167 63.83
13.5333 63.76
13.55 63.69
13.5667 63.62
13.5833 63.55
13.6 63.48
13.6167 63.41
13.6333 63.34
13.65 63.26
13.6667 63.18
13.6833 63.11
13.7 63.03
13.7167 62.95
13.7333 62.86
13.75 62.78
13.7667 62.69
13.7833 62.61
13.8 62.52
13.8167 62.43
13.8333 62.34
13.85 62.25
13.8667 62.16
13.8833 62.07
13.9 61.97
13.9167 61.88
13.9333 61.78
13.95 61.68
13.9667 61.58
13.9833 61.48
14.0 61.37
14.0167 61.27
14.0333 61.16
14.05 61.06
14.0667 60.95
14.0833 60.84
14.1 60.73
14.1167 60.62
14.1333 60.5
14.15 60.39
14.1667 60.28
14.1833 60.16
14.2 60.04
14.2167 59.92
14.2333 59.8
14.25 59.68
14.2667 59.56
14.2833 59.43
14.3 59.31
14.3167 59.18
14.3333 59.05
14.35 58.92
14.3667 58.79
14.3833 58.66
14.4 58.53
14.4167 58.39
14.4333 58.26
14.45 58.12
14.4667 57.98
14.4833 57.85
14.5 57.71
14.5167 57.56
14.5333 57.42
14.55 57.28
14.5667 57.13
14.5833 56.99
14.6 56.84
14.6167 56.69
14.6333 56.54
14.65 56.39
14.6667 56.24
14.6833 56.09
14.7 55.93
14.7167 55.78
14.7333 55.62
14.75 55.47
14.7667 55.31
14.7833 55.15
14.8 54.99
14.8167 54.82
14.8333 54.66
14.85 54.5
14.8667 54.33
14.8833 54.17
14.9 54.0
14.9167 53.83
14.9333 53.66
14.95 53.49
14.9667 53.32
14.9833 53.15
15.0 52.97
15.0167 52.8
15.0333 52.62
15.05 52.45
15.0667 52.27
15.0833 52.09
15.1 51.91
15.1167 51.73
15.1333 51.55
15.15 51.36
15.1667 51.18
15.1833 50.99
15.2 50.81
15.2167 50.62
15.2333 50.43
15.25 50.24
15.2667 50.05
15.2833 49.86
15.3 49.67
15.3167 49.48
15.3333 49.28
15.35 49.09
15.3667 48.89
15.3833 48.7
15.4 48.5
15.4167 48.3
15.4333 48.1
15.45 47.9
15.4667 47.7
15.4833 47.5
15.5 47.29
15.5167 47.09
15.5333 46.88
15.55 46.68
15.5667 46.47
15.5833 46.26
15.6 46.06
15.6167 45.85
15.6333 45.64
15.65 45.42
15.6667 45.21
15.6833 45.0
15.7 44.79
15.7167 44.57
15.7333 44.36
15.75 44.14
15.7667 43.92
15.7833 43.71
15.8 43.49
15.8167 43.27
15.8333 43.05
15.85 42.83
15.8667 42.61
15.8833 42.39
15.9 42.16
15.9167 41.94
15.9333 41.71
15.95 41.49
15.9667 41.26
15.9833 41.04
16.0 40.81
16.0167 40.58
16.0333 40.36
16.05 40.13
16.0667 39.9
16.0833 39.67
16.1 39.44
16.1167 39.2
16.1333 38.97
16.15 38.74
16.1667 38.5
16.1833 38.27
16.2 38.04
16.2167 37.8
16.2333 37.56
16.25 37.33
16.2667 37.09
16.2833 36.85
16.3 36.62
16.3167 36.38
16.3333 36.14
16.35 35.9
16.3667 35.66
16.3833 35.42
16.4 35.18
16.4167 34.94
16.4333 34.69
16.45 34.45
16.4667 34.21
16.4833 33.96
16.5 33.72
16.5167 33.48
16.5333 33.23
16.55 32.99
16.5667 32.74
16.5833 32.5
16.6 32.25
16.6167 32.0
16.6333 31.76
16.65 31.51
16.6667 31.26
16.6833 31.01
16.7 30.77
16.7167 30.52
16.7333 30.27
16.75 30.02
16.7667 29.77
16.7833 29.52
16.8 29.27
16.8167 29.02
16.8333 28.77
16.85 28.52
16.8667 28.27
16.8833 28.02
16.9 27.77
16.9167 27.52
16.9333 27.27
16.95 27.02
16.9667 26.77
16.9833 26.51
17.0 26.26
17.0167 26.01
17.0333 25.76
17.05 25.51
17.0667 25.26
17.0833 25.01
17.1 24.76
17.1167 24.5
17.1333 24.25
17.15 24.0
17.1667 23.75
17.1833 23.5
17.2 23.25
17.2167 23.0
17.2333 22.75
17.25 22.5
17.2667 22.25
17.2833 22.0
17.3 21.75
17.3167 21.5
17.3333 21.25
17.35 21.0
17.3667 20.75
17.3833 20.5
17.4 20.25
17.4167 20.0
17.4333 19.76
17.45 19.51
17.4667 19.26
17.4833 19.02
17.5 18.77
17.5167 18.52
17.5333 18.28
17.55 18.03
17.5667 17.79
17.5833 17.55
17.6 17.3
17.6167 17.06
17.6333 16.82
17.65 16.58
17.6667 16.34
17.6833 16.1
17.7 15.86
17.7167 15.62
17.7333 15.38
17.75 15.15
17.7667 14.91
17.7833 14.68
17.8 14.44
17.8167 14.21
17.8333 13.97
17.85 13.74
17.8667 13.51
17.8833 13.28
17.9 13.05
17.9167 12.83
17.9333 12.6
17.95 12.37
17.9667 12.15
17.9833 11.93
18.0 11.7
18.0167 11.48
18.0333 11.26
18.05 11.04
18.0667 10.83
18.0833 10.61
18.1 10.4
18.1167 10.18
18.1333 9.973
18.15 9.762
18.1667 9.554
18.1833 9.347
18.2 9.141
18.2167 8.937
18.2333 8.735
18.25 8.534
18.2667 8.335
18.2833 8.138
18.3 7.942
18.3167 7.748
18.3333 7.556
18.35 7.366
18.3667 7.178
18.3833 6.991
18.4 6.807
18.4167 6.625
18.4333 6.444
18.45 6.266
18.4667 6.089
18.4833 5.915
18.5 5.743
18.5167 5.573
18.5333 5.405
18.55 5.239
18.5667 5.076
18.5833 4.915
18.6 4.756
18.6167 4.599
18.6333 4.444
18.65 4.292
18.6667 4.142
18.6833 3.995
18.7 3.85
18.7167 3.707
18.7333 3.566
18.75 3.428
18.7667 3.292
18.7833 3.158
18.8 3.027
18.8167 2.898
18.8333 2.771
18.85 2.647
18.8667 2.525
18.8833 2.405
18.9 2.287
18.9167 2.172
18.9333 2.059
18.95 1.949
18.9667 1.841
18.9833 1.735
19.0 1.632
19.0167 1.531
19.0333 1.433
19.05 1.338
19.0667 1.245
19.0833 1.155
19.1 1.068
19.1167 0.9836
19.1333 0.9029
19.15 0.8257
19.1667 0.7524
19.1833 0.6832
19.2 0.6099
19.2167 0.538
19.2333 0.4773
19.25 0.4263
19.2667 0.3834
19.2833 0.3262
19.3 0.285
19.3167 0.2459
19.3333 0.2083
19.35 0.176
19.3667 0.1478
19.3833 0.1237
19.4 0.1021
19.4167 0.08442
19.4333 0.06767
19.45 0.05485
19.4667 0.04361
19.4833 0.03505
19.5 0.02741
19.5167 0.02141
19.5333 0.01665
19.55 0.01285
19.5667 0.00986
19.5833 0.007517
19.6 0.005648
19.6167 0.00414
19.6333 0.003052
19.65 0.002151
19.6667 0.001498
19.6833 0.001032
19.7 0.0006855
19.7167 0.0004354
19.7333 0.0002604
19.75 0.0001348
19.7667 5.729e-05
19.7833 1.59e-05
19.8 1.847e-06
19.8167 1.116e-07
19.8333 1.749e-09
19.85 8.014e-12
19.8667 4.757e-16
19.8833 0.0
19.9 0.0
19.9167 0.0
19.9333 0.0
19.95 0.0
19.9667 0.0
19.9833 0.0
20.0 0.0
20.0167 0.0
20.0333 0.0
20.05 0.0
20.0667 0.0
20.0833 0.0
20.1 0.0
20.1167 0.0
20.1333 0.0
20.15 0.0
20.1667 0.0
20.1833 0.0
20.2 0.0
20.2167 0.0
20.2333 0.0
20.25 0.0
20.2667 0.0
20.2833 0.0
20.3 0.0
20.3167 0.0
20.3333 0.0
20.35 0.0
20.3667 0.0
20.3833 0.0
20.4 0.0
20.4167 0.0
20.4333 0.0
20.45 0.0
20.4667 0.0
20.4833 0.0
20.5 0.0
20.5167 0.0
20.5333 0.0
20.55 0.0
20.5667 0.0
20.5833 0.0
20.6 0.0
20.6167 0.0
20.6333 0.0
20.65 0.0
20.6667 0.0
20.6833 0.0
20.7 0.0
20.7167 0.0
20.7333 0.0
20.75 0.0
20.7667 0.0
20.7833 0.0
20.8 0.0
20.8167 0.0
20.8333 0.0
20.85 0.0
20.8667 0.0
20.8833 0.0
20.9 0.0
20.9167 0.0
20.9333 0.0
20.95 0.0
20.9667 0.0
20.9833 0.0
21.0 0.0
21.0167 0.0
21.0333 0.0
21.05 0.0
21.0667 0.0
21.0833 0.0
21.1 0.0
21.1167 0.0
21.1333 0.0
21.15 0.0
21.1667 0.0
21.1833 0.0
21.2 0.0
21.2167 0.0
21.2333 0.0
21.25 0.0
21.2667 0.0
21.2833 0.0
21.3 0.0
21.3167 0.0
21.3333 0.0
21.35 0.0
21.3667 0.0
21.3833 0.0
21.4 0.0
21.4167 0.0
21.4333 0.0
21.45 0.0
21.4667 0.0
21.4833 0.0
21.5 0.0
21.5167 0.0
21.5333 0.0
21.55 0.0
21.5667 0.0
21.5833 0.0
21.6 0.0
21.6167 0.0
21.6333 0.0
21.65 0.0
21.6667 0.0
21.6833 0.0
21.7 0.0
21.7167 0.0
21.7333 0.0
21.75 0.0
21.7667 0.0
21.7833 0.0
21.8 0.0
21.8167 0.0
21.8333 0.0
21.85 0.0
21.8667 0.0
21.8833 0.0
21.9 0.0
21.9167 0.0
21.9333 0.0
21.95 0.0
21.9667 0.0
21.9833 0.0
22.0 0.0
22.0167 0.0
22.0333 0.0
22.05 0.0
22.0667 0.0
22.0833 0.0
22.1 0.0
22.1167 0.0
22.1333 0.0
22.15 0.0
22.1667 0.0
22.1833 0.0
22.2 0.0
22.2167 0.0
22.2333 0.0
22.25 0.0
22.2667 0.0
22.2833 0.0
22.3 0.0
22.3167 0.0
22.3333 0.0
22.35 0.0
22.3667 0.0
22.3833 0.0
22.4 0.0
22.4167 0.0
22.4333 0.0
22.45 0.0
22.4667 0.0
22.4833 0.0
22.5 0.0
22.5167 0.0
22.5333 0.0
22.55 0.0
22.5667 0.0
22.5833 0.0
22.6 0.0
22.6167 0.0
22.6333 0.0
22.65 0.0
22.6667 0.0
22.6833 0.0
22.7 0.0
22.7167 0.0
22.7333 0.0
22.75 0.0
22.7667 0.0
22.7833 0.0
22.8 0.0
22.8167 0.0
22.8333 0.0
22.85 0.0
22.8667 0.0
22.8833 0.0
22.9 0.0
22.9167 0.0
22.9333 0.0
22.95 0.0
22.9667 0.0
22.9833 0.0
23.0 0.0
23.0167 0.0
23.0333 0.0
23.05 0.0
23.0667 0.0
23.0833 0.0
23.1 0.0
23.1167 0.0
23.1333 0.0
23.15 0.0
23.1667 0.0
23.1833 0.0
23.2 0.0
23.2167 0.0
23.2333 0.0
23.25 0.0
23.2667 0.0
23.2833 0.0
23.3 0.0
23.3167 0.0
23.3333 0.0
23.35 0.0
23.3667 0.0
23.3833 0.0
23.4 0.0
23.4167 0.0
23.4333 0.0
23.45 0.0
23.4667 0.0
23.4833 0.0
23.5 0.0
23.5167 0.0
23.5333 0.0
23.55 0.0
23.5667 0.0
23.5833 0.0
23.6 0.0
23.6167 0.0
23.6333 0.0
23.65 0.0
23.6667 0.0
23.6833 0.0
23.7 0.0
23.7167 0.0
23.7333 0.0
23.75 0.0
23.7667 0.0
23.7833 0.0
23.8 0.0
23.8167 0.0
23.8333 0.0
23.85 0.0
23.8667 0.0
23.8833 0.0
23.9 0.0
23.9167 0.0
23.9333 0.0
23.95 0.0
23.9667 0.0
23.9833 0.0
