0.0 0.0
0.0167 0.0
0.0333 0.0
0.05 0.0
0.0667 0.0
0.0833 0.0
0.1 0.0
0.1167 0.0
0.1333 0.0
0.15 0.0
0.1667 0.0
0.1833 0.0
0.2 0.0
0.2167 0.0
0.2333 0.0
0.25 0.0
0.2667 0.0
0.2833 0.0
0.3 0.0
0.3167 0.0
0.3333 0.0
0.35 0.0
0.3667 0.0
0.3833 0.0
0.4 0.0
0.4167 0.0
0.4333 0.0
0.45 0.0
0.4667 0.0
0.4833 0.0
0.5 0.0
0.5167 0.0
0.5333 0.0
0.55 0.0
0.5667 0.0
0.5833 0.0
0.6 0.0
0.6167 0.0
0.6333 0.0
0.65 0.0
0.6667 0.0
0.6833 0.0
0.7 0.0
0.7167 0.0
0.7333 0.0
0.75 0.0
0.7667 0.0
0.7833 0.0
0.8 0.0
0.8167 0.0
0.8333 0.0
0.85 0.0
0.8667 0.0
0.8833 0.0
0.9 0.0
0.9167 0.0
0.9333 0.0
0.95 0.0
0.9667 0.0
0.9833 0.0
1.0 0.0
1.0167 0.0
1.0333 0.0
1.05 0.0
1.0667 0.0
1.0833 0.0
1.1 0.0
1.1167 0.0
1.1333 0.0
1.15 0.0
1.1667 0.0
1.1833 0.0
1.2 0.0
1.2167 0.0
1.2333 0.0
1.25 0.0
1.2667 0.0
1.2833 0.0
1.3 0.0
1.3167 0.0
1.3333 0.0
1.35 0.0
1.3667 0.0
1.3833 0.0
1.4 0.0
1.4167 0.0
1.4333 0.0
1.45 0.0
1.4667 0.0
1.4833 0.0
1.5 0.0
1.5167 0.0
1.5333 0.0
1.55 0.0
1.5667 0.0
1.5833 0.0
1.6 0.0
1.6167 0.0
1.6333 0.0
1.65 0.0
1.6667 0.0
1.6833 0.0
1.7 0.0
1.7167 0.0
1.7333 0.0
1.75 0.0
1.7667 0.0
1.7833 0.0
1.8 0.0
1.8167 0.0
1.8333 0.0
1.85 0.0
1.8667 0.0
1.8833 0.0
1.9 0.0
1.9167 0.0
1.9333 0.0
1.95 0.0
1.9667 0.0
1.9833 0.0
2.0 0.0
2.0167 0.0
2.0333 0.0
2.05 0.0
2.0667 0.0
2.0833 0.0
2.1 0.0
2.1167 0.0
2.1333 0.0
2.15 0.0
2.1667 0.0
2.1833 0.0
2.2 0.0
2.2167 0.0
2.2333 0.0
2.25 0.0
2.2667 0.0
2.2833 0.0
2.3 0.0
2.3167 0.0
2.3333 0.0
2.35 0.0
2.3667 0.0
2.3833 0.0
2.4 0.0
2.4167 0.0
2.4333 0.0
2.45 0.0
2.4667 0.0
2.4833 0.0
2.5 0.0
2.5167 0.0
2.5333 0.0
2.55 0.0
2.5667 0.0
2.5833 0.0
2.6 0.0
2.6167 0.0
2.6333 0.0
2.65 0.0
2.6667 0.0
2.6833 0.0
2.7 0.0
2.7167 0.0
2.7333 0.0
2.75 0.0
2.7667 0.0
2.7833 0.0
2.8 0.0
2.8167 0.0
2.8333 0.0
2.85 0.0
2.8667 0.0
2.8833 0.0
2.9 0.0
2.9167 0.0
2.9333 0.0
2.95 0.0
2.9667 0.0
2.9833 0.0
3.0 0.0
3.0167 0.0
3.0333 0.0
3.05 0.0
3.0667 0.0
3.0833 0.0
3.1 0.0
3.1167 0.0
3.1333 0.0
3.15 0.0
3.1667 0.0
3.1833 0.0
3.2 0.0
3.2167 0.0
3.2333 0.0
3.25 0.0
3.2667 0.0
3.2833 0.0
3.3 0.0
3.3167 0.0
3.3333 0.0
3.35 0.0
3.3667 0.0
3.3833 0.0
3.4 0.0
3.4167 0.0
3.4333 0.0
3.45 0.0
3.4667 0.0
3.4833 0.0
3.5 0.0
3.5167 0.0
3.5333 0.0
3.55 0.0
3.5667 0.0
3.5833 0.0
3.6 0.0
3.6167 0.0
3.6333 0.0
3.65 0.0
3.6667 0.0
3.6833 0.0
3.7 0.0
3.7167 0.0
3.7333 0.0
3.75 0.0
3.7667 0.0
3.7833 0.0
3.8 0.0
3.8167 0.0
3.8333 0.0
3.85 0.0
3.8667 0.0
3.8833 0.0
3.9 0.0
3.9167 0.0
3.9333 0.0
3.95 0.0
3.9667 0.0
3.9833 0.0
4.0 0.0
4.0167 0.0
4.0333 0.0
4.05 0.0
4.0667 0.0
4.0833 0.0
4.1 0.0
4.1167 0.0
4.1333 0.0
4.15 0.0
4.1667 0.0
4.1833 0.0
4.2 0.0
4.2167 0.0
4.2333 0.0
4.25 0.0
4.2667 0.0
4.2833 0.0
4.3 0.0
4.3167 0.0
4.3333 0.0
4.35 0.0
4.3667 0.0
4.3833 0.0
4.4 0.0
4.4167 0.0
4.4333 0.0
4.45 0.0
4.4667 0.0
4.4833 0.0
4.5 0.0
4.5167 0.0
4.5333 0.0
4.55 0.0
4.5667 0.0
4.5833 0.0
4.6 0.0
4.6167 0.0
4.6333 0.0
4.65 0.0
4.6667 0.0
4.6833 0.0
4.7 0.0
4.7167 0.0
4.7333 0.0
4.75 0.0
4.7667 0.0
4.7833 0.0
4.8 0.0
4.8167 0.0
4.8333 0.0
4.85 0.0
4.8667 0.0
4.8833 0.0
4.9 0.0
4.9167 0.0
4.9333 0.0
4.95 0.0
4.9667 0.0
4.9833 0.0
5.0 0.0
5.0167 0.0
5.0333 0.0
5.05 0.0
5.0667 0.0
5.0833 0.0
5.1 0.0
5.1167 0.0
5.1333 0.0
5.15 0.0
5.1667 0.0
5.1833 0.0
5.2 0.0
5.2167 0.0
5.2333 0.0
5.25 0.0
5.2667 0.0
5.2833 0.0
5.3 0.0
5.3167 0.0
5.3333 0.0
5.35 0.0
5.3667 0.0
5.3833 0.0
5.4 0.0
5.4167 0.0
5.4333 0.0
5.45 0.0
5.4667 0.0
5.4833 0.0
5.5 0.0
5.5167 0.0
5.5333 0.0
5.55 0.0
5.5667 0.0
5.5833 0.0
5.6 0.0
5.6167 0.0
5.6333 0.0
5.65 0.0
5.6667 0.0
5.6833 0.0
5.7 0.0
5.7167 0.0
5.7333 0.0
5.75 0.0
5.7667 0.0
5.7833 0.0
5.8 0.0
5.8167 0.0
5.8333 0.0
5.85 0.0
5.8667 0.0
5.8833 0.0
5.9 0.0
5.9167 0.0
5.9333 0.0
5.95 0.0
5.9667 0.0
5.9833 0.0
6.0 0.0
6.0167 0.0
6.0333 0.0
6.05 0.0
6.0667 0.0
6.0833 0.0
6.1 0.0
6.1167 0.0
6.1333 0.0
6.15 0.0
6.1667 0.0
6.1833 0.0
6.2 0.0
6.2167 0.0
6.2333 0.0
6.25 0.0
6.2667 0.0
6.2833 0.0
6.3 0.0
6.3167 0.0
6.3333 0.0
6.35 0.0
6.3667 0.0
6.3833 0.0
6.4 0.0
6.4167 0.0
6.4333 0.0
6.45 0.0
6.4667 0.0
6.4833 0.0
6.5 3.456e-15
6.5167 2.083e-11
6.5333 4.523e-09
6.55 2.398e-07
6.5667 3.224e-06
6.5833 2.5e-05
6.6 7.775e-05
6.6167 0.000171
6.6333 0.0003143
6.65 0.000521
6.6667 0.0008119
6.6833 0.001218
6.7 0.001781
6.7167 0.002559
6.7333 0.003526
6.75 0.004874
6.7667 0.006505
6.7833 0.008649
6.8 0.01151
6.8167 0.01493
6.8333 0.01928
6.85 0.02475
6.8667 0.03099
6.8833 0.0392
6.9 0.04976
6.9167 0.06105
6.9333 0.07684
6.95 0.09301
6.9667 0.1124
6.9833 0.1354
7.0 0.1618
7.0167 0.1917
7.0333 0.2258
7.05 0.2657
7.0667 0.3072
7.0833 0.3502
7.1 0.4079
7.1167 0.4551
7.1333 0.5076
7.15 0.5696
7.1667 0.6429
7.1833 0.7212
7.2 0.792
7.2167 0.8672
7.2333 0.9462
7.25 1.029
7.2667 1.114
7.2833 1.203
7.3 1.294
7.3167 1.389
7.3333 1.486
7.35 1.585
7.3667 1.687
7.3833 1.791
7.4 1.897
7.4167 2.006
7.4333 2.117
7.45 2.23
7.4667 2.345
7.4833 2.462
7.5 2.581
7.5167 2.703
7.5333 2.826
7.55 2.951
7.5667 3.079
7.5833 3.208
7.6 3.34
7.6167 3.473
7.6333 3.609
7.65 3.746
7.6667 3.886
7.6833 4.027
7.7 4.17
7.7167 4.316
7.7333 4.463
7.75 4.612
7.7667 4.764
7.7833 4.917
7.8 5.072
7.8167 5.229
7.8333 5.387
7.85 5.547
7.8667 5.71
7.8833 5.874
7.9 6.04
7.9167 6.207
7.9333 6.376
7.95 6.547
7.9667 6.719
7.9833 6.893
8.0 7.069
8.0167 7.246
8.0333 7.424
8.05 7.604
8.0667 7.786
8.0833 7.969
8.1 8.153
8.1167 8.338
8.1333 8.525
8.15 8.713
8.1667 8.903
8.1833 9.093
8.2 9.285
8.2167 9.477
8.2333 9.671
8.25 9.867
8.2667 10.06
8.2833 10.26
8.3 10.46
8.3167 10.66
8.3333 10.86
8.35 11.06
8.3667 11.26
8.3833 11.46
8.4 11.66
8.4167 11.87
8.4333 12.07
8.45 12.28
8.4667 12.49
8.4833 12.69
8.5 12.9
8.5167 13.11
8.5333 13.32
8.55 13.53
8.5667 13.73
8.5833 13.94
8.6 14.16
8.6167 14.37
8.6333 14.58
8.65 14.79
8.6667 15.0
8.6833 15.21
8.7 15.43
8.7167 15.64
8.7333 15.85
8.75 16.07
8.7667 16.28
8.7833 16.5
8.8 16.71
8.8167 16.92
8.8333 17.14
8.85 17.35
8.8667 17.57
8.8833 17.78
8.9 18.0
8.9167 18.21
8.9333 18.43
8.95 18.64
8.9667 18.86
8.9833 19.07
9.0 19.29
9.0167 19.5
9.0333 19.72
9.05 19.93
9.0667 20.15
9.0833 20.36
9.1 20.58
9.1167 20.79
9.1333 21.01
9.15 21.22
9.1667 21.43
9.1833 21.65
9.2 21.86
9.2167 22.07
9.2333 22.28
9.25 22.5
9.2667 22.71
9.2833 22.92
9.3 23.13
9.3167 23.34
9.3333 23.55
9.35 23.76
9.3667 23.97
9.3833 24.18
9.4 24.39
9.4167 24.6
9.4333 24.81
9.45 25.02
9.4667 25.22
9.4833 25.43
9.5 25.64
9.5167 25.84
9.5333 26.05
9.55 26.25
9.5667 26.46
9.5833 26.66
9.6 26.86
9.6167 27.06
9.6333 27.27
9.65 27.47
9.6667 27.67
9.6833 27.87
9.7 28.07
9.7167 28.27
9.7333 28.46
9.75 28.66
9.7667 28.86
9.7833 29.05
9.8 29.25
9.8167 29.44
9.8333 29.64
9.85 29.83
9.8667 30.02
9.8833 30.22
9.9 30.41
9.9167 30.6
9.9333 30.79
9.95 30.98
9.9667 31.16
9.9833 31.35
10.0 31.54
10.0167 31.72
10.0333 31.91
10.05 32.09
10.0667 32.27
10.0833 32.46
10.1 32.64
10.1167 32.82
10.1333 33.0
10.15 33.18
10.1667 33.36
10.1833 33.53
10.2 33.71
10.2167 33.88
10.2333 34.06
10.25 34.23
10.2667 34.4
10.2833 34.58
10.3 34.75
10.3167 34.92
10.3333 35.08
10.35 35.25
10.3667 35.42
10.3833 35.58
10.4 35.75
10.4167 35.91
10.4333 36.08
10.45 36.24
10.4667 36.4
10.4833 36.56
10.5 36.72
10.5167 36.88
10.5333 37.03
10.55 37.19
10.5667 37.34
10.5833 37.5
10.6 37.65
10.6167 37.8
10.6333 37.95
10.65 38.1
10.6667 38.25
10.6833 38.4
10.7 38.54
10.7167 38.69
10.7333 38.83
10.75 38.97
10.7667 39.12
10.7833 39.26
10.8 39.4
10.8167 39.53
10.8333 39.67
10.85 39.81
10.8667 39.94
10.8833 40.08
10.9 40.21
10.9167 40.34
10.9333 40.47
10.95 40.6
10.9667 40.73
10.9833 40.86
11.0 40.98
11.0167 41.11
11.0333 41.23
11.05 41.35
11.0667 41.47
11.0833 41.59
11.1 41.71
11.1167 41.83
11.1333 41.94
11.15 42.06
11.1667 42.17
11.1833 42.29
11.2 42.4
11.2167 42.51
11.2333 42.62
11.25 42.72
11.2667 42.83
11.2833 42.94
11.3 43.04
11.3167 43.14
11.3333 43.24
11.35 43.34
11.3667 43.44
11.3833 43.54
11.4 43.64
11.4167 43.73
11.4333 43.83
11.45 43.92
11.4667 44.01
11.4833 44.1
11.5 44.19
11.5167 44.28
11.5333 44.36
11.55 44.45
11.5667 44.53
11.5833 44.61
11.6 44.7
11.6167 44.78
11.6333 44.85
11.65 44.93
11.6667 45.01
11.6833 45.08
11.7 45.15
11.7167 45.23
11.7333 45.3
11.75 45.37
11.7667 45.43
11.7833 45.5
11.8 45.57
11.8167 45.63
11.8333 45.69
11.85 45.75
11.8667 45.81
11.8833 45.87
11.9 45.93
11.9167 45.99
11.9333 46.04
11.95 46.09
11.9667 46.15
11.9833 46.2
12.0 46.25
12.0167 46.29
12.0333 46.34
12.05 46.39
12.0667 46.43
12.0833 46.47
12.1 46.51
12.1167 46.55
12.1333 46.59
12.15 46.63
12.1667 46.67
12.1833 46.7
12.2 46.73
12.2167 46.76
12.2333 46.79
12.25 46.82
12.2667 46.85
12.2833 46.88
12.3 46.9
12.3167 46.93
12.3333 46.95
12.35 46.97
12.3667 46.99
12.3833 47.01
12.4 47.02
12.4167 47.04
12.4333 47.05
12.45 47.07
12.4667 47.08
12.4833 47.09
12.5 47.09
12.5167 47.1
12.5333 47.11
12.55 47.11
12.5667 47.11
12.5833 47.12
12.6 47.12
12.6167 47.12
12.6333 47.11
12.65 47.11
12.6667 47.1
12.6833 47.1
12.7 47.09
12.7167 47.08
12.7333 47.07
12.75 47.06
12.7667 47.04
12.7833 47.03
12.8 47.01
12.8167 46.99
12.8333 46.98
12.85 46.95
12.8667 46.93
12.8833 46.91
12.9 46.89
12.9167 46.86
12.9333 46.83
12.95 46.8
12.9667 46.77
12.9833 46.74
13.0 46.71
13.0167 46.68
13.0333 46.64
13.05 46.6
13.0667 46.57
13.0833 46.53
13.1 46.49
13.1167 46.44
13.1333 46.4
13.15 46.35
13.1667 46.31
13.1833 46.26
13.2 46.21
13.2167 46.16
13.2333 46.11
13.25 46.06
13.2667 46.0
13.2833 45.95
13.3 45.89
13.3167 45.83
13.3333 45.77
13.35 45.71
13.3667 45.65
13.3833 45.59
13.4 45.52
13.4167 45.45
13.4333 45.39
13.45 45.32
13.4667 45.25
13.4833 45.18
13.5 45.1
13.5167 45.03
13.5333 44.95
13.55 44.88
13.5667 44.8
13.5833 44.72
13.6 44.64
13.6167 44.56
13.6333 44.47
13.65 44.39
13.6667 44.3
13.6833 44.22
13.7 44.13
13.7167 44.04
13.7333 43.95
13.75 43.85
13.7667 43.76
13.7833 43.67
13.8 43.57
13.8167 43.47
13.8333 43.37
13.85 43.27
13.8667 43.17
13.8833 43.07
13.9 42.97
13.9167 42.86
13.9333 42.76
13.95 42.65
13.9667 42.54
13.9833 42.43
14.0 42.32
14.0167 42.21
14.0333 42.09
14.05 41.98
14.0667 41.86
14.0833 41.75
14.1 41.63
14.1167 41.51
14.1333 41.39
14.15 41.27
14.1667 41.14
14.1833 41.02
14.2 40.89
14.2167 40.77
14.2333 40.64
14.25 40.51
14.2667 40.38
14.2833 40.25
14.3 40.12
14.3167 39.98
14.3333 39.85
14.35 39.71
14.3667 39.57
14.3833 39.44
14.4 39.3
14.4167 39.16
14.4333 39.02
14.45 38.87
14.4667 38.73
14.4833 38.58
14.5 38.44
14.5167 38.29
14.5333 38.14
14.55 37.99
14.5667 37.84
14.5833 37.69
14.6 37.54
14.6167 37.39
14.6333 37.23
14.65 37.08
14.6667 36.92
14.6833 36.76
14.7 36.61
14.7167 36.45
14.7333 36.29
14.75 36.12
14.7667 35.96
14.7833 35.8
14.8 35.63
14.8167 35.47
14.8333 35.3
14.85 35.13
14.8667 34.97
14.8833 34.8
14.9 34.63
14.9167 34.45
14.9333 34.28
14.95 34.11
14.9667 33.94
14.9833 33.76
15.0 33.58
15.0167 33.41
15.0333 33.23
15.05 33.05
15.0667 32.87
15.0833 32.69
15.1 32.51
15.1167 32.33
15.1333 32.15
15.15 31.96
15.1667 31.78
15.1833 31.59
15.2 31.41
15.2167 31.22
15.2333 31.03
15.25 30.84
15.2667 30.65
15.2833 30.46
15.3 30.27
15.3167 30.08
15.3333 29.89
15.35 29.7
15.3667 29.5
15.3833 29.31
15.4 29.11
15.4167 28.92
15.4333 28.72
15.45 28.52
15.4667 28.32
15.4833 28.13
15.5 27.93
15.5167 27.73
15.5333 27.53
15.55 27.33
15.5667 27.12
15.5833 26.92
15.6 26.72
15.6167 26.52
15.6333 26.31
15.65 26.11
15.6667 25.9
15.6833 25.7
15.7 25.49
15.7167 25.28
15.7333 25.08
15.75 24.87
15.7667 24.66
15.7833 24.45
15.8 24.24
15.8167 24.03
15.8333 23.83
15.85 23.62
15.8667 23.4
15.8833 23.19
15.9 22.98
15.9167 22.77
15.9333 22.56
15.95 22.35
15.9667 22.13
15.9833 21.92
16.0 21.71
16.0167 21.5
16.0333 21.28
16.05 21.07
16.0667 20.85
16.0833 20.64
16.1 20.43
16.1167 20.21
16.1333 20.0
16.15 19.78
16.1667 19.57
16.1833 19.35
16.2 19.14
16.2167 18.92
16.2333 18.71
16.25 18.49
16.2667 18.28
16.2833 18.06
16.3 17.85
16.3167 17.63
16.3333 17.42
16.35 17.2
16.3667 16.99
16.3833 16.77
16.4 16.56
16.4167 16.34
16.4333 16.13
16.45 15.92
16.4667 15.7
16.4833 15.49
16.5 15.28
16.5167 15.06
16.5333 14.85
16.55 14.64
16.5667 14.43
16.5833 14.22
16.6 14.01
16.6167 13.8
16.6333 13.59
16.65 13.38
16.6667 13.17
16.6833 12.96
16.7 12.75
16.7167 12.55
16.7333 12.34
16.75 12.13
16.7667 11.93
16.7833 11.72
16.8 11.52
16.8167 11.32
16.8333 11.12
16.85 10.92
16.8667 10.71
16.8833 10.52
16.9 10.32
16.9167 10.12
16.9333 9.924
16.95 9.728
16.9667 9.534
16.9833 9.341
17.0 9.149
17.0167 8.958
17.0333 8.768
17.05 8.58
17.0667 8.393
17.0833 8.207
17.1 8.022
17.1167 7.839
17.1333 7.657
17.15 7.477
17.1667 7.297
17.1833 7.12
17.2 6.944
17.2167 6.77
17.2333 6.597
17.25 6.426
17.2667 6.256
17.2833 6.088
17.3 5.922
17.3167 5.757
17.3333 5.595
17.35 5.433
17.3667 5.274
17.3833 5.117
17.4 4.962
17.4167 4.808
17.4333 4.656
17.45 4.506
17.4667 4.358
17.4833 4.212
17.5 4.069
17.5167 3.926
17.5333 3.786
17.55 3.648
17.5667 3.512
17.5833 3.378
17.6 3.246
17.6167 3.116
17.6333 2.988
17.65 2.862
17.6667 2.738
17.6833 2.616
17.7 2.496
17.7167 2.379
17.7333 2.263
17.75 2.149
17.7667 2.038
17.7833 1.929
17.8 1.821
17.8167 1.717
17.8333 1.614
17.85 1.514
17.8667 1.417
17.8833 1.321
17.9 1.229
17.9167 1.14
17.9333 1.053
17.95 0.9695
17.9667 0.8896
17.9833 0.8133
18.0 0.7412
18.0167 0.6662
18.0333 0.5895
18.05 0.5245
18.0667 0.4694
18.0833 0.4228
18.1 0.3631
18.1167 0.3231
18.1333 0.2752
18.15 0.2358
18.1667 0.2026
18.1833 0.1739
18.2 0.1458
18.2167 0.1192
18.2333 0.0978
18.25 0.08037
18.2667 0.06613
18.2833 0.05233
18.3 0.04219
18.3167 0.03338
18.3333 0.02617
18.35 0.02045
18.3667 0.01588
18.3833 0.01224
18.4 0.009365
18.4167 0.00712
18.4333 0.005283
18.45 0.003879
18.4667 0.002798
18.4833 0.001987
18.5 0.001363
18.5167 0.0009147
18.5333 0.0005936
18.55 0.0003661
18.5667 0.0002072
18.5833 0.0001005
18.6 3.648e-05
18.6167 6.246e-06
18.6333 5.623e-07
18.65 1.601e-08
18.6667 1.145e-10
18.6833 1.032e-13
18.7 0.0
18.7167 0.0
18.7333 0.0
18.75 0.0
18.7667 0.0
18.7833 0.0
18.8 0.0
18.8167 0.0
18.8333 0.0
18.85 0.0
18.8667 0.0
18.8833 0.0
18.9 0.0
18.9167 0.0
18.9333 0.0
18.95 0.0
18.9667 0.0
18.9833 0.0
19.0 0.0
19.0167 0.0
19.0333 0.0
19.05 0.0
19.0667 0.0
19.0833 0.0
19.1 0.0
19.1167 0.0
19.1333 0.0
19.15 0.0
19.1667 0.0
19.1833 0.0
19.2 0.0
19.2167 0.0
19.2333 0.0
19.25 0.0
19.2667 0.0
19.2833 0.0
19.3 0.0
19.3167 0.0
19.3333 0.0
19.35 0.0
19.3667 0.0
19.3833 0.0
19.4 0.0
19.4167 0.0
19.4333 0.0
19.45 0.0
19.4667 0.0
19.4833 0.0
19.5 0.0
19.5167 0.0
19.5333 0.0
19.55 0.0
19.5667 0.0
19.5833 0.0
19.6 0.0
19.6167 0.0
19.6333 0.0
19.65 0.0
19.6667 0.0
19.6833 0.0
19.7 0.0
19.7167 0.0
19.7333 0.0
19.75 0.0
19.7667 0.0
19.7833 0.0
19.8 0.0
19.8167 0.0
19.8333 0.0
19.85 0.0
19.8667 0.0
19.8833 0.0
19.9 0.0
19.9167 0.0
19.9333 0.0
19.95 0.0
19.9667 0.0
19.9833 0.0
20.0 0.0
20.0167 0.0
20.0333 0.0
20.05 0.0
20.0667 0.0
20.0833 0.0
20.1 0.0
20.1167 0.0
20.1333 0.0
20.15 0.0
20.1667 0.0
20.1833 0.0
20.2 0.0
20.2167 0.0
20.2333 0.0
20.25 0.0
20.2667 0.0
20.2833 0.0
20.3 0.0
20.3167 0.0
20.3333 0.0
20.35 0.0
20.3667 0.0
20.3833 0.0
20.4 0.0
20.4167 0.0
20.4333 0.0
20.45 0.0
20.4667 0.0
20.4833 0.0
20.5 0.0
20.5167 0.0
20.5333 0.0
20.55 0.0
20.5667 0.0
20.5833 0.0
20.6 0.0
20.6167 0.0
20.6333 0.0
20.65 0.0
20.6667 0.0
20.6833 0.0
20.7 0.0
20.7167 0.0
20.7333 0.0
20.75 0.0
20.7667 0.0
20.7833 0.0
20.8 0.0
20.8167 0.0
20.8333 0.0
20.85 0.0
20.8667 0.0
20.8833 0.0
20.9 0.0
20.9167 0.0
20.9333 0.0
20.95 0.0
20.9667 0.0
20.9833 0.0
21.0 0.0
21.0167 0.0
21.0333 0.0
21.05 0.0
21.0667 0.0
21.0833 0.0
21.1 0.0
21.1167 0.0
21.1333 0.0
21.15 0.0
21.1667 0.0
21.1833 0.0
21.2 0.0
21.2167 0.0
21.2333 0.0
21.25 0.0
21.2667 0.0
21.2833 0.0
21.3 0.0
21.3167 0.0
21.3333 0.0
21.35 0.0
21.3667 0.0
21.3833 0.0
21.4 0.0
21.4167 0.0
21.4333 0.0
21.45 0.0
21.4667 0.0
21.4833 0.0
21.5 0.0
21.5167 0.0
21.5333 0.0
21.55 0.0
21.5667 0.0
21.5833 0.0
21.6 0.0
21.6167 0.0
21.6333 0.0
21.65 0.0
21.6667 0.0
21.6833 0.0
21.7 0.0
21.7167 0.0
21.7333 0.0
21.75 0.0
21.7667 0.0
21.7833 0.0
21.8 0.0
21.8167 0.0
21.8333 0.0
21.85 0.0
21.8667 0.0
21.8833 0.0
21.9 0.0
21.9167 0.0
21.9333 0.0
21.95 0.0
21.9667 0.0
21.9833 0.0
22.0 0.0
22.0167 0.0
22.0333 0.0
22.05 0.0
22.0667 0.0
22.0833 0.0
22.1 0.0
22.1167 0.0
22.1333 0.0
22.15 0.0
22.1667 0.0
22.1833 0.0
22.2 0.0
22.2167 0.0
22.2333 0.0
22.25 0.0
22.2667 0.0
22.2833 0.0
22.3 0.0
22.3167 0.0
22.3333 0.0
22.35 0.0
22.3667 0.0
22.3833 0.0
22.4 0.0
22.4167 0.0
22.4333 0.0
22.45 0.0
22.4667 0.0
22.4833 0.0
22.5 0.0
22.5167 0.0
22.5333 0.0
22.55 0.0
22.5667 0.0
22.5833 0.0
22.6 0.0
22.6167 0.0
22.6333 0.0
22.65 0.0
22.6667 0.0
22.6833 0.0
22.7 0.0
22.7167 0.0
22.7333 0.0
22.75 0.0
22.7667 0.0
22.7833 0.0
22.8 0.0
22.8167 0.0
22.8333 0.0
22.85 0.0
22.8667 0.0
22.8833 0.0
22.9 0.0
22.9167 0.0
22.9333 0.0
22.95 0.0
22.9667 0.0
22.9833 0.0
23.0 0.0
23.0167 0.0
23.0333 0.0
23.05 0.0
23.0667 0.0
23.0833 0.0
23.1 0.0
23.1167 0.0
23.1333 0.0
23.15 0.0
23.1667 0.0
23.1833 0.0
23.2 0.0
23.2167 0.0
23.2333 0.0
23.25 0.0
23.2667 0.0
23.2833 0.0
23.3 0.0
23.3167 0.0
23.3333 0.0
23.35 0.0
23.3667 0.0
23.3833 0.0
23.4 0.0
23.4167 0.0
23.4333 0.0
23.45 0.0
23.4667 0.0
23.4833 0.0
23.5 0.0
23.5167 0.0
23.5333 0.0
23.55 0.0
23.5667 0.0
23.5833 0.0
23.6 0.0
23.6167 0.0
23.6333 0.0
23.65 0.0
23.6667 0.0
23.6833 0.0
23.7 0.0
23.7167 0.0
23.7333 0.0
23.75 0.0
23.7667 0.0
23.7833 0.0
23.8 0.0
23.8167 0.0
23.8333 0.0
23.85 0.0
23.8667 0.0
23.8833 0.0
23.9 0.0
23.9167 0.0
23.9333 0.0
23.95 0.0
23.9667 0.0
23.9833 0.0
