4.0000 0.000E+00
4.0167 0.000E+00
4.0333 0.000E+00
4.0500 0.000E+00
4.0667 0.000E+00
4.0833 0.000E+00
4.1000 0.000E+00
4.1167 0.000E+00
4.1333 0.000E+00
4.1500 0.000E+00
4.1667 0.000E+00
4.1833 0.000E+00
4.2000 0.000E+00
4.2167 0.000E+00
4.2333 0.000E+00
4.2500 0.000E+00
4.2667 0.000E+00
4.2833 0.000E+00
4.3000 0.000E+00
4.3167 0.000E+00
4.3333 0.000E+00
4.3500 0.000E+00
4.3667 0.000E+00
4.3833 0.000E+00
4.4000 0.000E+00
4.4167 0.000E+00
4.4333 0.000E+00
4.4500 0.000E+00
4.4667 0.000E+00
4.4833 0.000E+00
4.5000 0.000E+00
4.5167 0.000E+00
4.5333 0.000E+00
4.5500 0.000E+00
4.5667 0.000E+00
4.5833 0.000E+00
4.6000 0.000E+00
4.6167 0.000E+00
4.6333 0.000E+00
4.6500 0.000E+00
4.6667 0.000E+00
4.6833 0.000E+00
4.7000 0.000E+00
4.7167 0.000E+00
4.7333 0.000E+00
4.7500 0.000E+00
4.7667 0.000E+00
4.7833 0.000E+00
4.8000 0.000E+00
4.8167 0.000E+00
4.8333 0.000E+00
4.8500 0.000E+00
4.8667 0.000E+00
4.8833 0.000E+00
4.9000 0.000E+00
4.9167 0.000E+00
4.9333 0.000E+00
4.9500 0.000E+00
4.9667 0.000E+00
4.9833 0.000E+00
5.0000 0.000E+00
5.0167 0.000E+00
5.0333 0.000E+00
5.0500 0.000E+00
5.0667 0.000E+00
5.0833 0.000E+00
5.1000 0.000E+00
5.1167 0.000E+00
5.1333 0.000E+00
5.1500 0.000E+00
5.1667 0.000E+00
5.1833 0.000E+00
5.2000 0.000E+00
5.2167 0.000E+00
5.2333 0.000E+00
5.2500 0.000E+00
5.2667 0.000E+00
5.2833 0.000E+00
5.3000 0.000E+00
5.3167 0.000E+00
5.3333 0.000E+00
5.3500 0.000E+00
5.3667 0.000E+00
5.3833 0.000E+00
5.4000 0.000E+00
5.4167 0.000E+00
5.4333 0.000E+00
5.4500 0.000E+00
5.4667 0.000E+00
5.4833 0.000E+00
5.5000 0.000E+00
5.5167 0.000E+00
5.5333 0.000E+00
5.5500 0.000E+00
5.5667 0.000E+00
5.5833 0.000E+00
5.6000 0.000E+00
5.6167 0.000E+00
5.6333 0.000E+00
5.6500 0.000E+00
5.6667 0.000E+00
5.6833 0.000E+00
5.7000 0.000E+00
5.7167 0.000E+00
5.7333 0.000E+00
5.7500 0.000E+00
5.7667 0.000E+00
5.7833 0.000E+00
5.8000 0.000E+00
5.8167 0.000E+00
5.8333 0.000E+00
5.8500 0.000E+00
5.8667 0.000E+00
5.8833 0.000E+00
5.9000 0.000E+00
5.9167 0.000E+00
5.9333 0.000E+00
5.9500 0.000E+00
5.9667 0.000E+00
5.9833 0.000E+00
6.0000 0.000E+00
6.0167 0.000E+00
6.0333 0.000E+00
6.0500 0.000E+00
6.0667 0.000E+00
6.0833 4.085E-20
6.1000 1.390E-15
6.1167 5.070E-13
6.1333 4.117E-11
6.1500 9.294E-10
6.1667 9.718E-09
6.1833 3.597E-08
6.2000 9.262E-08
6.2167 1.910E-07
6.2333 3.514E-07
6.2500 6.200E-07
6.2667 1.069E-06
6.2833 1.783E-06
6.3000 2.854E-06
6.3167 4.219E-06
6.3333 6.122E-06
6.3500 8.468E-06
6.3667 1.171E-05
6.3833 1.554E-05
6.4000 2.040E-05
6.4167 2.648E-05
6.4333 3.402E-05
6.4500 4.339E-05
6.4667 5.379E-05
6.4833 6.683E-05
6.5000 8.228E-05
6.5167 1.001E-04
6.5333 1.199E-04
6.5500 1.433E-04
6.5667 1.701E-04
6.5833 1.997E-04
6.6000 2.324E-04
6.6167 2.699E-04
6.6333 3.145E-04
6.6500 3.530E-04
6.6667 4.077E-04
6.6833 4.527E-04
6.7000 5.063E-04
6.7167 5.701E-04
6.7333 6.458E-04
6.7500 7.120E-04
6.7667 7.826E-04
6.7833 8.577E-04
6.8000 9.370E-04
6.8167 1.020E-03
6.8333 1.108E-03
6.8500 1.199E-03
6.8667 1.295E-03
6.8833 1.394E-03
6.9000 1.498E-03
6.9167 1.605E-03
6.9333 1.716E-03
6.9500 1.832E-03
6.9667 1.952E-03
6.9833 2.076E-03
7.0000 2.204E-03
7.0167 2.336E-03
7.0333 2.473E-03
7.0500 2.614E-03
7.0667 2.760E-03
7.0833 2.910E-03
7.1000 3.065E-03
7.1167 3.224E-03
7.1333 3.389E-03
7.1500 3.558E-03
7.1667 3.733E-03
7.1833 3.912E-03
7.2000 4.097E-03
7.2167 4.287E-03
7.2333 4.482E-03
7.2500 4.683E-03
7.2667 4.889E-03
7.2833 5.100E-03
7.3000 5.318E-03
7.3167 5.541E-03
7.3333 5.771E-03
7.3500 6.006E-03
7.3667 6.247E-03
7.3833 6.494E-03
7.4000 6.748E-03
7.4167 7.008E-03
7.4333 7.275E-03
7.4500 7.547E-03
7.4667 7.826E-03
7.4833 8.113E-03
7.5000 8.406E-03
7.5167 8.705E-03
7.5333 9.012E-03
7.5500 9.325E-03
7.5667 9.646E-03
7.5833 9.974E-03
7.6000 1.031E-02
7.6167 1.065E-02
7.6333 1.100E-02
7.6500 1.136E-02
7.6667 1.172E-02
7.6833 1.209E-02
7.7000 1.247E-02
7.7167 1.286E-02
7.7333 1.326E-02
7.7500 1.366E-02
7.7667 1.407E-02
7.7833 1.449E-02
7.8000 1.492E-02
7.8167 1.535E-02
7.8333 1.579E-02
7.8500 1.624E-02
7.8667 1.670E-02
7.8833 1.717E-02
7.9000 1.765E-02
7.9167 1.813E-02
7.9333 1.862E-02
7.9500 1.912E-02
7.9667 1.963E-02
7.9833 2.015E-02
8.0000 2.068E-02
8.0167 2.121E-02
8.0333 2.176E-02
8.0500 2.231E-02
8.0667 2.287E-02
8.0833 2.344E-02
8.1000 2.402E-02
8.1167 2.460E-02
8.1333 2.520E-02
8.1500 2.580E-02
8.1667 2.642E-02
8.1833 2.704E-02
8.2000 2.767E-02
8.2167 2.831E-02
8.2333 2.896E-02
8.2500 2.961E-02
8.2667 3.028E-02
8.2833 3.096E-02
8.3000 3.164E-02
8.3167 3.233E-02
8.3333 3.303E-02
8.3500 3.374E-02
8.3667 3.446E-02
8.3833 3.519E-02
8.4000 3.592E-02
8.4167 3.666E-02
8.4333 3.742E-02
8.4500 3.818E-02
8.4667 3.895E-02
8.4833 3.973E-02
8.5000 4.051E-02
8.5167 4.131E-02
8.5333 4.212E-02
8.5500 4.293E-02
8.5667 4.375E-02
8.5833 4.458E-02
8.6000 4.542E-02
8.6167 4.626E-02
8.6333 4.712E-02
8.6500 4.798E-02
8.6667 4.885E-02
8.6833 4.973E-02
8.7000 5.061E-02
8.7167 5.151E-02
8.7333 5.241E-02
8.7500 5.332E-02
8.7667 5.424E-02
8.7833 5.516E-02
8.8000 5.610E-02
8.8167 5.704E-02
8.8333 5.799E-02
8.8500 5.895E-02
8.8667 5.991E-02
8.8833 6.088E-02
8.9000 6.186E-02
8.9167 6.284E-02
8.9333 6.384E-02
8.9500 6.484E-02
8.9667 6.584E-02
8.9833 6.685E-02
9.0000 6.787E-02
9.0167 6.890E-02
9.0333 6.993E-02
9.0500 7.097E-02
9.0667 7.202E-02
9.0833 7.307E-02
9.1000 7.413E-02
9.1167 7.520E-02
9.1333 7.627E-02
9.1500 7.734E-02
9.1667 7.842E-02
9.1833 7.951E-02
9.2000 8.061E-02
9.2167 8.171E-02
9.2333 8.281E-02
9.2500 8.392E-02
9.2667 8.503E-02
9.2833 8.615E-02
9.3000 8.728E-02
9.3167 8.841E-02
9.3333 8.954E-02
9.3500 9.068E-02
9.3667 9.183E-02
9.3833 9.298E-02
9.4000 9.413E-02
9.4167 9.529E-02
9.4333 9.644E-02
9.4500 9.761E-02
9.4667 9.878E-02
9.4833 9.995E-02
9.5000 1.011E-01
9.5167 1.023E-01
9.5333 1.035E-01
9.5500 1.047E-01
9.5667 1.059E-01
9.5833 1.071E-01
9.6000 1.083E-01
9.6167 1.094E-01
9.6333 1.106E-01
9.6500 1.118E-01
9.6667 1.130E-01
9.6833 1.142E-01
9.7000 1.155E-01
9.7167 1.167E-01
9.7333 1.179E-01
9.7500 1.191E-01
9.7667 1.203E-01
9.7833 1.215E-01
9.8000 1.227E-01
9.8167 1.240E-01
9.8333 1.252E-01
9.8500 1.264E-01
9.8667 1.276E-01
9.8833 1.289E-01
9.9000 1.301E-01
9.9167 1.313E-01
9.9333 1.325E-01
9.9500 1.337E-01
9.9667 1.350E-01
9.9833 1.362E-01
10.0000 1.374E-01
10.0167 1.386E-01
10.0333 1.398E-01
10.0500 1.411E-01
10.0667 1.423E-01
10.0833 1.435E-01
10.1000 1.447E-01
10.1167 1.460E-01
10.1333 1.472E-01
10.1500 1.484E-01
10.1667 1.496E-01
10.1833 1.508E-01
10.2000 1.520E-01
10.2167 1.532E-01
10.2333 1.544E-01
10.2500 1.556E-01
10.2667 1.567E-01
10.2833 1.580E-01
10.3000 1.592E-01
10.3167 1.604E-01
10.3333 1.616E-01
10.3500 1.627E-01
10.3667 1.639E-01
10.3833 1.651E-01
10.4000 1.663E-01
10.4167 1.674E-01
10.4333 1.685E-01
10.4500 1.697E-01
10.4667 1.709E-01
10.4833 1.720E-01
10.5000 1.732E-01
10.5167 1.743E-01
10.5333 1.755E-01
10.5500 1.766E-01
10.5667 1.777E-01
10.5833 1.788E-01
10.6000 1.799E-01
10.6167 1.811E-01
10.6333 1.822E-01
10.6500 1.832E-01
10.6667 1.843E-01
10.6833 1.854E-01
10.7000 1.865E-01
10.7167 1.876E-01
10.7333 1.886E-01
10.7500 1.897E-01
10.7667 1.907E-01
10.7833 1.917E-01
10.8000 1.928E-01
10.8167 1.939E-01
10.8333 1.949E-01
10.8500 1.959E-01
10.8667 1.969E-01
10.8833 1.979E-01
10.9000 1.989E-01
10.9167 1.998E-01
10.9333 2.009E-01
10.9500 2.018E-01
10.9667 2.028E-01
10.9833 2.038E-01
11.0000 2.047E-01
11.0167 2.056E-01
11.0333 2.066E-01
11.0500 2.075E-01
11.0667 2.084E-01
11.0833 2.092E-01
11.1000 2.102E-01
11.1167 2.111E-01
11.1333 2.119E-01
11.1500 2.128E-01
11.1667 2.137E-01
11.1833 2.145E-01
11.2000 2.153E-01
11.2167 2.162E-01
11.2333 2.170E-01
11.2500 2.178E-01
11.2667 2.185E-01
11.2833 2.194E-01
11.3000 2.201E-01
11.3167 2.209E-01
11.3333 2.217E-01
11.3500 2.224E-01
11.3667 2.231E-01
11.3833 2.239E-01
11.4000 2.246E-01
11.4167 2.253E-01
11.4333 2.260E-01
11.4500 2.266E-01
11.4667 2.273E-01
11.4833 2.280E-01
11.5000 2.286E-01
11.5167 2.292E-01
11.5333 2.298E-01
11.5500 2.304E-01
11.5667 2.309E-01
11.5833 2.316E-01
11.6000 2.322E-01
11.6167 2.328E-01
11.6333 2.333E-01
11.6500 2.339E-01
11.6667 2.344E-01
11.6833 2.349E-01
11.7000 2.353E-01
11.7167 2.359E-01
11.7333 2.362E-01
11.7500 2.368E-01
11.7667 2.373E-01
11.7833 2.377E-01
11.8000 2.381E-01
11.8167 2.386E-01
11.8333 2.390E-01
11.8500 2.394E-01
11.8667 2.397E-01
11.8833 2.401E-01
11.9000 2.405E-01
11.9167 2.408E-01
11.9333 2.411E-01
11.9500 2.414E-01
11.9667 2.417E-01
11.9833 2.420E-01
12.0000 2.423E-01
12.0167 2.426E-01
12.0333 2.428E-01
12.0500 2.430E-01
12.0667 2.433E-01
12.0833 2.435E-01
12.1000 2.437E-01
12.1167 2.437E-01
12.1333 2.439E-01
12.1500 2.442E-01
12.1667 2.443E-01
12.1833 2.444E-01
12.2000 2.446E-01
12.2167 2.447E-01
12.2333 2.447E-01
12.2500 2.448E-01
12.2667 2.449E-01
12.2833 2.449E-01
12.3000 2.450E-01
12.3167 2.450E-01
12.3333 2.450E-01
12.3500 2.450E-01
12.3667 2.450E-01
12.3833 2.449E-01
12.4000 2.449E-01
12.4167 2.448E-01
12.4333 2.447E-01
12.4500 2.447E-01
12.4667 2.446E-01
12.4833 2.445E-01
12.5000 2.443E-01
12.5167 2.442E-01
12.5333 2.439E-01
12.5500 2.437E-01
12.5667 2.437E-01
12.5833 2.435E-01
12.6000 2.433E-01
12.6167 2.431E-01
12.6333 2.428E-01
12.6500 2.426E-01
12.6667 2.423E-01
12.6833 2.421E-01
12.7000 2.418E-01
12.7167 2.414E-01
12.7333 2.412E-01
12.7500 2.408E-01
12.7667 2.405E-01
12.7833 2.402E-01
12.8000 2.398E-01
12.8167 2.394E-01
12.8333 2.390E-01
12.8500 2.386E-01
12.8667 2.382E-01
12.8833 2.378E-01
12.9000 2.374E-01
12.9167 2.369E-01
12.9333 2.363E-01
12.9500 2.360E-01
12.9667 2.354E-01
12.9833 2.350E-01
13.0000 2.344E-01
13.0167 2.339E-01
13.0333 2.334E-01
13.0500 2.329E-01
13.0667 2.322E-01
13.0833 2.317E-01
13.1000 2.310E-01
13.1167 2.305E-01
13.1333 2.299E-01
13.1500 2.293E-01
13.1667 2.287E-01
13.1833 2.280E-01
13.2000 2.274E-01
13.2167 2.267E-01
13.2333 2.260E-01
13.2500 2.254E-01
13.2667 2.247E-01
13.2833 2.239E-01
13.3000 2.232E-01
13.3167 2.225E-01
13.3333 2.218E-01
13.3500 2.210E-01
13.3667 2.201E-01
13.3833 2.195E-01
13.4000 2.187E-01
13.4167 2.179E-01
13.4333 2.171E-01
13.4500 2.163E-01
13.4667 2.154E-01
13.4833 2.146E-01
13.5000 2.138E-01
13.5167 2.129E-01
13.5333 2.121E-01
13.5500 2.112E-01
13.5667 2.103E-01
13.5833 2.093E-01
13.6000 2.085E-01
13.6167 2.075E-01
13.6333 2.067E-01
13.6500 2.058E-01
13.6667 2.048E-01
13.6833 2.039E-01
13.7000 2.029E-01
13.7167 2.020E-01
13.7333 2.010E-01
13.7500 2.000E-01
13.7667 1.990E-01
13.7833 1.981E-01
13.8000 1.970E-01
13.8167 1.960E-01
13.8333 1.950E-01
13.8500 1.940E-01
13.8667 1.930E-01
13.8833 1.919E-01
13.9000 1.909E-01
13.9167 1.898E-01
13.9333 1.888E-01
13.9500 1.877E-01
13.9667 1.867E-01
13.9833 1.856E-01
14.0000 1.845E-01
14.0167 1.833E-01
14.0333 1.823E-01
14.0500 1.812E-01
14.0667 1.801E-01
14.0833 1.790E-01
14.1000 1.779E-01
14.1167 1.767E-01
14.1333 1.756E-01
14.1500 1.745E-01
14.1667 1.733E-01
14.1833 1.722E-01
14.2000 1.711E-01
14.2167 1.699E-01
14.2333 1.687E-01
14.2500 1.676E-01
14.2667 1.664E-01
14.2833 1.653E-01
14.3000 1.641E-01
14.3167 1.629E-01
14.3333 1.617E-01
14.3500 1.605E-01
14.3667 1.594E-01
14.3833 1.582E-01
14.4000 1.570E-01
14.4167 1.558E-01
14.4333 1.546E-01
14.4500 1.534E-01
14.4667 1.522E-01
14.4833 1.510E-01
14.5000 1.497E-01
14.5167 1.485E-01
14.5333 1.473E-01
14.5500 1.461E-01
14.5667 1.449E-01
14.5833 1.437E-01
14.6000 1.425E-01
14.6167 1.412E-01
14.6333 1.400E-01
14.6500 1.388E-01
14.6667 1.376E-01
14.6833 1.364E-01
14.7000 1.351E-01
14.7167 1.339E-01
14.7333 1.327E-01
14.7500 1.315E-01
14.7667 1.303E-01
14.7833 1.290E-01
14.8000 1.278E-01
14.8167 1.266E-01
14.8333 1.254E-01
14.8500 1.241E-01
14.8667 1.229E-01
14.8833 1.217E-01
14.9000 1.205E-01
14.9167 1.193E-01
14.9333 1.181E-01
14.9500 1.168E-01
14.9667 1.156E-01
14.9833 1.144E-01
15.0000 1.132E-01
15.0167 1.120E-01
15.0333 1.108E-01
15.0500 1.096E-01
15.0667 1.084E-01
15.0833 1.072E-01
15.1000 1.060E-01
15.1167 1.048E-01
15.1333 1.037E-01
15.1500 1.025E-01
15.1667 1.013E-01
15.1833 1.001E-01
15.2000 9.895E-02
15.2167 9.778E-02
15.2333 9.661E-02
15.2500 9.545E-02
15.2667 9.429E-02
15.2833 9.314E-02
15.3000 9.199E-02
15.3167 9.085E-02
15.3333 8.971E-02
15.3500 8.857E-02
15.3667 8.744E-02
15.3833 8.632E-02
15.4000 8.520E-02
15.4167 8.408E-02
15.4333 8.297E-02
15.4500 8.186E-02
15.4667 8.076E-02
15.4833 7.967E-02
15.5000 7.858E-02
15.5167 7.750E-02
15.5333 7.642E-02
15.5500 7.535E-02
15.5667 7.428E-02
15.5833 7.322E-02
15.6000 7.217E-02
15.6167 7.112E-02
15.6333 7.008E-02
15.6500 6.905E-02
15.6667 6.802E-02
15.6833 6.700E-02
15.7000 6.599E-02
15.7167 6.498E-02
15.7333 6.398E-02
15.7500 6.299E-02
15.7667 6.200E-02
15.7833 6.102E-02
15.8000 6.005E-02
15.8167 5.908E-02
15.8333 5.813E-02
15.8500 5.718E-02
15.8667 5.624E-02
15.8833 5.530E-02
15.9000 5.437E-02
15.9167 5.345E-02
15.9333 5.254E-02
15.9500 5.164E-02
15.9667 5.075E-02
15.9833 4.986E-02
16.0000 4.898E-02
16.0167 4.811E-02
16.0333 4.724E-02
16.0500 4.639E-02
16.0667 4.554E-02
16.0833 4.470E-02
16.1000 4.387E-02
16.1167 4.305E-02
16.1333 4.223E-02
16.1500 4.143E-02
16.1667 4.063E-02
16.1833 3.984E-02
16.2000 3.906E-02
16.2167 3.829E-02
16.2333 3.753E-02
16.2500 3.678E-02
16.2667 3.603E-02
16.2833 3.529E-02
16.3000 3.457E-02
16.3167 3.385E-02
16.3333 3.314E-02
16.3500 3.243E-02
16.3667 3.174E-02
16.3833 3.106E-02
16.4000 3.038E-02
16.4167 2.971E-02
16.4333 2.906E-02
16.4500 2.841E-02
16.4667 2.776E-02
16.4833 2.713E-02
16.5000 2.651E-02
16.5167 2.590E-02
16.5333 2.529E-02
16.5500 2.469E-02
16.5667 2.411E-02
16.5833 2.353E-02
16.6000 2.296E-02
16.6167 2.239E-02
16.6333 2.184E-02
16.6500 2.129E-02
16.6667 2.076E-02
16.6833 2.023E-02
16.7000 1.971E-02
16.7167 1.920E-02
16.7333 1.870E-02
16.7500 1.821E-02
16.7667 1.772E-02
16.7833 1.724E-02
16.8000 1.677E-02
16.8167 1.631E-02
16.8333 1.586E-02
16.8500 1.542E-02
16.8667 1.498E-02
16.8833 1.455E-02
16.9000 1.413E-02
16.9167 1.372E-02
16.9333 1.332E-02
16.9500 1.292E-02
16.9667 1.253E-02
16.9833 1.215E-02
17.0000 1.178E-02
17.0167 1.141E-02
17.0333 1.105E-02
17.0500 1.070E-02
17.0667 1.036E-02
17.0833 1.002E-02
17.1000 9.696E-03
17.1167 9.374E-03
17.1333 9.059E-03
17.1500 8.752E-03
17.1667 8.451E-03
17.1833 8.158E-03
17.2000 7.871E-03
17.2167 7.590E-03
17.2333 7.316E-03
17.2500 7.049E-03
17.2667 6.788E-03
17.2833 6.533E-03
17.3000 6.285E-03
17.3167 6.043E-03
17.3333 5.807E-03
17.3500 5.577E-03
17.3667 5.353E-03
17.3833 5.134E-03
17.4000 4.921E-03
17.4167 4.714E-03
17.4333 4.513E-03
17.4500 4.317E-03
17.4667 4.126E-03
17.4833 3.941E-03
17.5000 3.760E-03
17.5167 3.585E-03
17.5333 3.415E-03
17.5500 3.250E-03
17.5667 3.090E-03
17.5833 2.934E-03
17.6000 2.783E-03
17.6167 2.636E-03
17.6333 2.495E-03
17.6500 2.357E-03
17.6667 2.224E-03
17.6833 2.095E-03
17.7000 1.971E-03
17.7167 1.851E-03
17.7333 1.734E-03
17.7500 1.622E-03
17.7667 1.514E-03
17.7833 1.410E-03
17.8000 1.310E-03
17.8167 1.214E-03
17.8333 1.122E-03
17.8500 1.034E-03
17.8667 9.499E-04
17.8833 8.699E-04
17.9000 7.942E-04
17.9167 7.229E-04
17.9333 6.565E-04
17.9500 5.813E-04
17.9667 5.156E-04
17.9833 4.606E-04
18.0000 4.143E-04
18.0167 3.606E-04
18.0333 3.199E-04
18.0500 2.754E-04
18.0667 2.384E-04
18.0833 2.075E-04
18.1000 1.776E-04
18.1167 1.487E-04
18.1333 1.235E-04
18.1500 1.027E-04
18.1667 8.544E-05
18.1833 6.887E-05
18.2000 5.641E-05
18.2167 4.464E-05
18.2333 3.518E-05
18.2500 2.748E-05
18.2667 2.120E-05
18.2833 1.614E-05
18.3000 1.215E-05
18.3167 9.040E-06
18.3333 6.419E-06
18.3500 4.545E-06
18.3667 3.011E-06
18.3833 1.912E-06
18.4000 1.170E-06
18.4167 6.871E-07
18.4333 3.871E-07
18.4500 2.094E-07
18.4667 1.042E-07
18.4833 4.383E-08
18.5000 1.204E-08
18.5167 1.538E-09
18.5333 7.556E-11
18.5500 1.085E-12
18.5667 3.574E-15
18.5833 2.938E-19
18.6000 0.000E+00
18.6167 0.000E+00
18.6333 0.000E+00
18.6500 0.000E+00
18.6667 0.000E+00
18.6833 0.000E+00
18.7000 0.000E+00
18.7167 0.000E+00
18.7333 0.000E+00
18.7500 0.000E+00
18.7667 0.000E+00
18.7833 0.000E+00
18.8000 0.000E+00
18.8167 0.000E+00
18.8333 0.000E+00
18.8500 0.000E+00
18.8667 0.000E+00
18.8833 0.000E+00
18.9000 0.000E+00
18.9167 0.000E+00
18.9333 0.000E+00
18.9500 0.000E+00
18.9667 0.000E+00
18.9833 0.000E+00
19.0000 0.000E+00
19.0167 0.000E+00
19.0333 0.000E+00
19.0500 0.000E+00
19.0667 0.000E+00
19.0833 0.000E+00
19.1000 0.000E+00
19.1167 0.000E+00
19.1333 0.000E+00
19.1500 0.000E+00
19.1667 0.000E+00
19.1833 0.000E+00
19.2000 0.000E+00
19.2167 0.000E+00
19.2333 0.000E+00
19.2500 0.000E+00
19.2667 0.000E+00
19.2833 0.000E+00
19.3000 0.000E+00
19.3167 0.000E+00
19.3333 0.000E+00
19.3500 0.000E+00
19.3667 0.000E+00
19.3833 0.000E+00
19.4000 0.000E+00
19.4167 0.000E+00
19.4333 0.000E+00
19.4500 0.000E+00
19.4667 0.000E+00
19.4833 0.000E+00
19.5000 0.000E+00
19.5167 0.000E+00
19.5333 0.000E+00
19.5500 0.000E+00
19.5667 0.000E+00
19.5833 0.000E+00
19.6000 0.000E+00
19.6167 0.000E+00
19.6333 0.000E+00
19.6500 0.000E+00
19.6667 0.000E+00
19.6833 0.000E+00
19.7000 0.000E+00
19.7167 0.000E+00
19.7333 0.000E+00
19.7500 0.000E+00
19.7667 0.000E+00
19.7833 0.000E+00
19.8000 0.000E+00
19.8167 0.000E+00
19.8333 0.000E+00
19.8500 0.000E+00
19.8667 0.000E+00
19.8833 0.000E+00
19.9000 0.000E+00
19.9167 0.000E+00
19.9333 0.000E+00
19.9500 0.000E+00
19.9667 0.000E+00
19.9833 0.000E+00
