0 0.00000
1 0.00000
2 0.00000
3 0.00000
4 0.00000
5 0.00000
6 0.00006
7 0.00542
8 0.03037
9 0.07707
10 0.11946
11 0.16977
12 0.17601
13 0.15006
14 0.13397
15 0.06897
16 0.02215
17 0.00379
18 0.00000
19 0.00000
20 0.00000
21 0.00000
22 0.00000
23 0.00000
0 0.00000
1 0.00000
2 0.00000
3 0.00000
4 0.00000
5 0.00000
6 0.00006
7 0.00542
8 0.03037
9 0.07707
10 0.11946
11 0.16977
12 0.17601
13 0.15006
14 0.13397
15 0.06897
16 0.02215
17 0.00379
18 0.00000
19 0.00000
20 0.00000
21 0.00000
22 0.00000
23 0.00000
