0 0.00000
1 0.00000
2 0.00000
3 0.00000
4 0.00000
5 0.00000
6 0.00000
7 0.00064
8 0.00909
9 0.04402
10 0.09485
11 0.14458
12 0.17000
13 0.16062
14 0.09241
15 0.05952
16 0.02315
17 0.00484
18 0.00017
19 0.00000
20 0.00000
21 0.00000
22 0.00000
23 0.00000
0 0.00000
1 0.00000
2 0.00000
3 0.00000
4 0.00000
5 0.00000
6 0.00000
7 0.00064
8 0.00909
9 0.04402
10 0.09485
11 0.14458
12 0.17000
13 0.16062
14 0.09241
15 0.05952
16 0.02315
17 0.00484
18 0.00017
19 0.00000
20 0.00000
21 0.00000
22 0.00000
23 0.00000
