0 0.00000
1 0.00000
2 0.00000
3 0.00000
4 0.00000
5 0.00000
6 0.00000
7 0.00157
8 0.01906
9 0.06850
10 0.14820
11 0.21519
12 0.26935
13 0.26159
14 0.19939
15 0.13316
16 0.05375
17 0.01463
18 0.00140
19 0.00000
20 0.00000
21 0.00000
22 0.00000
23 0.00000
0 0.00000
1 0.00000
2 0.00000
3 0.00000
4 0.00000
5 0.00000
6 0.00000
7 0.00157
8 0.01906
9 0.06850
10 0.14820
11 0.21519
12 0.26935
13 0.26159
14 0.19939
15 0.13316
16 0.05375
17 0.01463
18 0.00140
19 0.00000
20 0.00000
21 0.00000
22 0.00000
23 0.00000
