0 0.00000
1 0.00000
2 0.00000
3 0.00000
4 0.00000
5 0.00000
6 0.00047
7 0.00571
8 0.03638
9 0.07352
10 0.15047
11 0.21810
12 0.25121
13 0.27337
14 0.17700
15 0.08389
16 0.02828
17 0.00239
18 0.00041
19 0.00000
20 0.00000
21 0.00000
22 0.00000
23 0.00000
0 0.00000
1 0.00000
2 0.00000
3 0.00000
4 0.00000
5 0.00000
6 0.00047
7 0.00571
8 0.03638
9 0.07352
10 0.15047
11 0.21810
12 0.25121
13 0.27337
14 0.17700
15 0.08389
16 0.02828
17 0.00239
18 0.00041
19 0.00000
20 0.00000
21 0.00000
22 0.00000
23 0.00000
