0 0.00000
1 0.00000
2 0.00000
3 0.00000
4 0.00000
5 0.00000
6 0.00157
7 0.01492
8 0.05474
9 0.11701
10 0.18120
11 0.22929
12 0.22457
13 0.16254
14 0.07293
15 0.03626
16 0.00880
17 0.01090
18 0.00239
19 0.00006
20 0.00000
21 0.00000
22 0.00000
23 0.00000
0 0.00000
1 0.00000
2 0.00000
3 0.00000
4 0.00000
5 0.00000
6 0.00157
7 0.01492
8 0.05474
9 0.11701
10 0.18120
11 0.22929
12 0.22457
13 0.16254
14 0.07293
15 0.03626
16 0.00880
17 0.01090
18 0.00239
19 0.00006
20 0.00000
21 0.00000
22 0.00000
23 0.00000
