0 0.00000
1 0.00000
2 0.00000
3 0.00000
4 0.00000
5 0.00000
6 0.00128
7 0.01213
8 0.04326
9 0.09106
10 0.14738
11 0.17671
12 0.21256
13 0.15578
14 0.00000
15 0.03836
16 0.00315
17 0.00099
18 0.00006
19 0.00000
20 0.00000
21 0.00000
22 0.00000
23 0.00000
0 0.00000
1 0.00000
2 0.00000
3 0.00000
4 0.00000
5 0.00000
6 0.00128
7 0.01213
8 0.04326
9 0.09106
10 0.14738
11 0.17671
12 0.21256
13 0.15578
14 0.00000
15 0.03836
16 0.00315
17 0.00099
18 0.00006
19 0.00000
20 0.00000
21 0.00000
22 0.00000
23 0.00000
