0 0.00000
1 0.00000
2 0.00000
3 0.00000
4 0.00000
5 0.00000
6 0.00000
7 0.00402
8 0.01224
9 0.03049
10 0.05253
11 0.06343
12 0.10978
13 0.07911
14 0.08185
15 0.03824
16 0.01568
17 0.00426
18 0.00000
19 0.00000
20 0.00000
21 0.00000
22 0.00000
23 0.00000
0 0.00000
1 0.00000
2 0.00000
3 0.00000
4 0.00000
5 0.00000
6 0.00000
7 0.00402
8 0.01224
9 0.03049
10 0.05253
11 0.06343
12 0.10978
13 0.07911
14 0.08185
15 0.03824
16 0.01568
17 0.00426
18 0.00000
19 0.00000
20 0.00000
21 0.00000
22 0.00000
23 0.00000
