0 0.00000
1 0.00000
2 0.00000
3 0.00000
4 0.00000
5 0.00000
6 0.00262
7 0.00816
8 0.02647
9 0.05708
10 0.06547
11 0.10063
12 0.09724
13 0.17088
14 0.14657
15 0.04681
16 0.04973
17 0.01586
18 0.00361
19 0.00058
20 0.00000
21 0.00000
22 0.00000
23 0.00000
0 0.00000
1 0.00000
2 0.00000
3 0.00000
4 0.00000
5 0.00000
6 0.00262
7 0.00816
8 0.02647
9 0.05708
10 0.06547
11 0.10063
12 0.09724
13 0.17088
14 0.14657
15 0.04681
16 0.04973
17 0.01586
18 0.00361
19 0.00058
20 0.00000
21 0.00000
22 0.00000
23 0.00000
