0 0.00000
1 0.00000
2 0.00000
3 0.00000
4 0.00000
5 0.00058
6 0.00251
7 0.01259
8 0.04186
9 0.08022
10 0.14960
11 0.18370
12 0.20195
13 0.17094
14 0.15409
15 0.10762
16 0.04157
17 0.02006
18 0.00268
19 0.00000
20 0.00000
21 0.00000
22 0.00000
23 0.00000
0 0.00000
1 0.00000
2 0.00000
3 0.00000
4 0.00000
5 0.00058
6 0.00251
7 0.01259
8 0.04186
9 0.08022
10 0.14960
11 0.18370
12 0.20195
13 0.17094
14 0.15409
15 0.10762
16 0.04157
17 0.02006
18 0.00268
19 0.00000
20 0.00000
21 0.00000
22 0.00000
23 0.00000
