0 0.00000
1 0.00000
2 0.00000
3 0.00000
4 0.00000
5 0.00000
6 0.00082
7 0.00770
8 0.03446
9 0.08914
10 0.16202
11 0.20603
12 0.20049
13 0.17612
14 0.13368
15 0.08716
16 0.03282
17 0.00618
18 0.00035
19 0.00000
20 0.00000
21 0.00000
22 0.00000
23 0.00000
0 0.00000
1 0.00000
2 0.00000
3 0.00000
4 0.00000
5 0.00000
6 0.00082
7 0.00770
8 0.03446
9 0.08914
10 0.16202
11 0.20603
12 0.20049
13 0.17612
14 0.13368
15 0.08716
16 0.03282
17 0.00618
18 0.00035
19 0.00000
20 0.00000
21 0.00000
22 0.00000
23 0.00000
