0 0.00000
1 0.00000
2 0.00000
3 0.00000
4 0.00000
5 0.00000
6 0.00076
7 0.00536
8 0.01825
9 0.04098
10 0.05317
11 0.10477
12 0.15461
13 0.14412
14 0.08535
15 0.03061
16 0.01475
17 0.00163
18 0.00064
19 0.00000
20 0.00000
21 0.00000
22 0.00000
23 0.00000
0 0.00000
1 0.00000
2 0.00000
3 0.00000
4 0.00000
5 0.00000
6 0.00076
7 0.00536
8 0.01825
9 0.04098
10 0.05317
11 0.10477
12 0.15461
13 0.14412
14 0.08535
15 0.03061
16 0.01475
17 0.00163
18 0.00064
19 0.00000
20 0.00000
21 0.00000
22 0.00000
23 0.00000
