0 0.00000
1 0.00000
2 0.00000
3 0.00000
4 0.00000
5 0.00000
6 0.00198
7 0.01405
8 0.04186
9 0.10150
10 0.18236
11 0.21274
12 0.18761
13 0.21326
14 0.13432
15 0.09241
16 0.05457
17 0.02419
18 0.00466
19 0.00012
20 0.00000
21 0.00000
22 0.00000
23 0.00000
0 0.00000
1 0.00000
2 0.00000
3 0.00000
4 0.00000
5 0.00000
6 0.00198
7 0.01405
8 0.04186
9 0.10150
10 0.18236
11 0.21274
12 0.18761
13 0.21326
14 0.13432
15 0.09241
16 0.05457
17 0.02419
18 0.00466
19 0.00012
20 0.00000
21 0.00000
22 0.00000
23 0.00000
