0 0.00000
1 0.00000
2 0.00000
3 0.00000
4 0.00000
5 0.00047
6 0.00350
7 0.01428
8 0.04868
9 0.10640
10 0.10412
11 0.15776
12 0.21932
13 0.15391
14 0.13222
15 0.06897
16 0.04233
17 0.01708
18 0.00356
19 0.00064
20 0.00000
21 0.00000
22 0.00000
23 0.00000
0 0.00000
1 0.00000
2 0.00000
3 0.00000
4 0.00000
5 0.00047
6 0.00350
7 0.01428
8 0.04868
9 0.10640
10 0.10412
11 0.15776
12 0.21932
13 0.15391
14 0.13222
15 0.06897
16 0.04233
17 0.01708
18 0.00356
19 0.00064
20 0.00000
21 0.00000
22 0.00000
23 0.00000
