0 0.00000
1 0.00000
2 0.00000
3 0.00000
4 0.00000
5 0.00000
6 0.00087
7 0.00828
8 0.03644
9 0.08926
10 0.14971
11 0.18726
12 0.18067
13 0.15380
14 0.10657
15 0.02163
16 0.01481
17 0.00175
18 0.00017
19 0.00000
20 0.00000
21 0.00000
22 0.00000
23 0.00000
0 0.00000
1 0.00000
2 0.00000
3 0.00000
4 0.00000
5 0.00000
6 0.00087
7 0.00828
8 0.03644
9 0.08926
10 0.14971
11 0.18726
12 0.18067
13 0.15380
14 0.10657
15 0.02163
16 0.01481
17 0.00175
18 0.00017
19 0.00000
20 0.00000
21 0.00000
22 0.00000
23 0.00000
