0 0.00000
1 0.00000
2 0.00000
3 0.00000
4 0.00000
5 0.00000
6 0.00000
7 0.00152
8 0.01487
9 0.05305
10 0.10751
11 0.17146
12 0.18347
13 0.16936
14 0.12739
15 0.07113
16 0.03055
17 0.00723
18 0.00023
19 0.00000
20 0.00000
21 0.00000
22 0.00000
23 0.00000
0 0.00000
1 0.00000
2 0.00000
3 0.00000
4 0.00000
5 0.00000
6 0.00000
7 0.00152
8 0.01487
9 0.05305
10 0.10751
11 0.17146
12 0.18347
13 0.16936
14 0.12739
15 0.07113
16 0.03055
17 0.00723
18 0.00023
19 0.00000
20 0.00000
21 0.00000
22 0.00000
23 0.00000
