0 0.00000
1 0.00000
2 0.00000
3 0.00000
4 0.00000
5 0.00000
6 0.00017
7 0.00338
8 0.02227
9 0.06856
10 0.13817
11 0.19396
12 0.15584
13 0.11450
14 0.19589
15 0.13304
16 0.03311
17 0.01207
18 0.00117
19 0.00000
20 0.00000
21 0.00000
22 0.00000
23 0.00000
0 0.00000
1 0.00000
2 0.00000
3 0.00000
4 0.00000
5 0.00000
6 0.00017
7 0.00338
8 0.02227
9 0.06856
10 0.13817
11 0.19396
12 0.15584
13 0.11450
14 0.19589
15 0.13304
16 0.03311
17 0.01207
18 0.00117
19 0.00000
20 0.00000
21 0.00000
22 0.00000
23 0.00000
