0 0.00000
1 0.00000
2 0.00000
3 0.00000
4 0.00000
5 0.00012
6 0.00047
7 0.00647
8 0.03166
9 0.08500
10 0.14966
11 0.18359
12 0.20358
13 0.15805
14 0.11602
15 0.03760
16 0.00431
17 0.00501
18 0.00105
19 0.00000
20 0.00000
21 0.00000
22 0.00000
23 0.00000
0 0.00000
1 0.00000
2 0.00000
3 0.00000
4 0.00000
5 0.00012
6 0.00047
7 0.00647
8 0.03166
9 0.08500
10 0.14966
11 0.18359
12 0.20358
13 0.15805
14 0.11602
15 0.03760
16 0.00431
17 0.00501
18 0.00105
19 0.00000
20 0.00000
21 0.00000
22 0.00000
23 0.00000
