0 0.00000
1 0.00000
2 0.00000
3 0.00000
4 0.00000
5 0.00000
6 0.00122
7 0.01242
8 0.03306
9 0.06320
10 0.10838
11 0.21338
12 0.05183
13 0.00921
14 0.01358
15 0.01300
16 0.02221
17 0.01288
18 0.00367
19 0.00029
20 0.00000
21 0.00000
22 0.00000
23 0.00000
0 0.00000
1 0.00000
2 0.00000
3 0.00000
4 0.00000
5 0.00000
6 0.00122
7 0.01242
8 0.03306
9 0.06320
10 0.10838
11 0.21338
12 0.05183
13 0.00921
14 0.01358
15 0.01300
16 0.02221
17 0.01288
18 0.00367
19 0.00029
20 0.00000
21 0.00000
22 0.00000
23 0.00000
