0 0.00000
1 0.00000
2 0.00000
3 0.00000
4 0.00000
5 0.00000
6 0.00000
7 1.69000
8 9.04000
9 19.63000
10 30.09000
11 36.27000
12 37.82000
13 37.28000
14 33.85000
15 23.94000
16 12.64000
17 4.04000
18 0.12000
19 0.00000
20 0.00000
21 0.00000
22 0.00000
23 0.00000
0 0.00000
1 0.00000
2 0.00000
3 0.00000
4 0.00000
5 0.00000
6 0.00000
7 1.69000
8 9.04000
9 19.63000
10 30.09000
11 36.27000
12 37.82000
13 37.28000
14 33.85000
15 23.94000
16 12.64000
17 4.04000
18 0.12000
19 0.00000
20 0.00000
21 0.00000
22 0.00000
23 0.00000
