0 0.00000
1 0.00000
2 0.00000
3 0.00000
4 0.00000
5 0.00000
6 0.04000
7 3.08000
8 12.04000
9 23.61000
10 33.84000
11 40.77000
12 43.87000
13 41.33000
14 35.18000
15 25.28000
16 13.86000
17 3.85000
18 0.07000
19 0.00000
20 0.00000
21 0.00000
22 0.00000
23 0.00000
0 0.00000
1 0.00000
2 0.00000
3 0.00000
4 0.00000
5 0.00000
6 0.04000
7 3.08000
8 12.04000
9 23.61000
10 33.84000
11 40.77000
12 43.87000
13 41.33000
14 35.18000
15 25.28000
16 13.86000
17 3.85000
18 0.07000
19 0.00000
20 0.00000
21 0.00000
22 0.00000
23 0.00000
