10 33.17638173332308
10.016666666666667 32.95028412657595
10.033333333333335 32.40221295650049
10.050000000000002 32.28400692058228
10.06666666666667 32.07594913865451
10.083333333333337 32.5044991570736
10.100000000000005 31.88093319750089
10.116666666666672 31.772892053843503
10.13333333333334 31.18761690481636
10.150000000000007 31.10216271638968
10.166666666666675 30.526572091220736
10.183333333333342 30.423726764197934
10.20000000000001 30.322850493509858
10.216666666666677 30.604937412235994
10.233333333333345 30.157860385570913
10.250000000000012 29.691266124362286
10.26666666666668 29.601182741127978
10.283333333333347 28.701595025077463
10.300000000000015 28.533914902395928
10.316666666666682 28.45712363095402
10.33333333333335 28.151867783393506
10.350000000000017 27.652724922979303
10.366666666666685 27.165427245805002
10.383333333333352 27.10357621191265
10.40000000000002 27.042767385979623
10.416666666666687 26.982974645826943
10.433333333333355 27.248579566291994
10.450000000000022 26.466632321100903
10.46666666666669 26.019354495904874
10.483333333333357 25.970075672600444
10.500000000000025 25.536736497926494
10.516666666666692 25.492188831381387
10.53333333333336 26.026599598390312
10.550000000000027 26.28188183422347
10.566666666666695 26.232242436310194
10.583333333333362 26.784240805452256
10.60000000000003 26.061129862220906
10.616666666666697 25.62035647393324
10.633333333333365 26.16004132890454
10.650000000000032 26.30424755004198
10.6666666666667 26.619057711983285
10.683333333333367 25.56691060458321
10.700000000000035 25.147141569800787
10.716666666666702 24.142475813705612
10.73333333333337 23.746044793671906
10.750000000000037 24.598159868762206
10.766666666666705 25.013840868679015
10.783333333333372 24.546832562823234
10.80000000000004 23.65242405680982
10.816666666666707 24.3900969818318
10.833333333333375 24.26755784509327
10.850000000000042 24.670517741699744
10.86666666666671 24.87429169719222
10.883333333333377 25.957457823049545
10.900000000000045 26.953860557481793
10.916666666666712 26.72430626036029
10.93333333333338 26.851955372377017
10.950000000000047 26.715380713314556
10.966666666666715 25.997311782182106
10.983333333333382 26.125433060037185
11.00000000000005 26.743262333249408
11.016666666666717 26.35453787318171
11.033333333333385 26.22539166878408
11.050000000000052 26.516355151857915
11.06666666666672 27.123356170406932
11.083333333333387 27.561565230131897
11.100000000000055 27.024701862078395
11.116666666666722 26.89381043933443
11.13333333333339 26.37092870574145
11.150000000000057 26.162183655265288
11.166666666666725 26.199211348868083
11.183333333333392 26.53995517769608
11.20000000000006 26.575121334743137
11.216666666666727 26.286053526135795
11.233333333333395 26.404124371629873
11.250000000000062 26.357515295802283
11.26666666666673 26.690888396207537
11.283333333333397 27.180988544742203
11.300000000000065 27.45217729359806
11.316666666666732 27.461270072100003
11.3333333333334 27.410784957368246
11.350000000000067 27.204678613793583
11.366666666666735 27.155773903705455
11.383333333333402 27.107274294759353
11.40000000000007 28.116044065344497
11.416666666666737 28.29973797708577
11.433333333333405 28.011523367182612
11.450000000000072 26.68782480889556
11.46666666666674 25.905668285001973
11.483333333333407 25.562727852635202
11.500000000000075 25.3003204456512
11.516666666666742 25.7598570732025
11.53333333333341 25.421671256928516
11.550000000000077 25.032659105769238
11.566666666666745 25.267773276131518
11.583333333333412 25.154098194106037
11.60000000000008 25.53038832698068
11.616666666666747 25.688185308515003
11.633333333333415 25.573513712995517
11.650000000000082 25.872854627686795
11.66666666666675 25.272568269387587
11.683333333333417 25.16081708669643
11.700000000000085 26.21149448927892
11.716666666666752 26.095886674784502
11.73333333333342 26.392408454149084
11.750000000000087 26.688930233513645
11.766666666666755 26.985452012878227
11.783333333333422 26.57756099560627
11.80000000000009 26.60295907190941
11.816666666666757 26.681951031327568
11.833333333333425 26.27950881841672
11.850000000000092 26.785547226473057
11.86666666666676 27.489777965440393
11.883333333333427 27.513149098224325
11.900000000000095 27.732999355290243
11.916666666666762 27.736621729614512
12.06666666666677 25.195826328792
12.083333333333437 25.593339235554787
12.100000000000104 25.734932628154063
12.116666666666772 25.619739961959482
12.13333333333344 25.097532502053777
12.150000000000107 24.78231197871344
12.166666666666774 24.269104972508483
12.183333333333442 24.589344490449424
12.20000000000011 24.478077682664043
12.216666666666777 24.617392822767755
12.233333333333444 24.486749910260873
12.250000000000112 24.10771348367287
12.26666666666678 23.288972870420103
12.283333333333447 23.80044395294908
12.300000000000114 24.514902666591283
12.316666666666782 24.834478261965515
12.33333333333345 24.90402393230645
12.350000000000117 24.52348471812403
12.366666666666784 24.324485941107444
12.383333333333452 24.592779923865884
12.40000000000012 24.79252786763161
12.416666666666787 24.79252786763161
12.433333333333454 24.14567664662713
12.450000000000122 25.11266094332923
12.46666666666679 25.244310953234436
12.483333333333457 24.592779923865884
12.500000000000124 23.70177077065588
12.516666666666792 23.50549664011935
12.53333333333346 23.43680615255533
12.550000000000127 23.5641714705773
12.566666666666794 24.007583569155926
12.583333333333462 23.938537030420303
12.60000000000013 23.603309488055842
12.616666666666797 23.53437289603797
12.633333333333464 22.65547221930729
12.650000000000132 22.152491530405076
12.6666666666668 21.394529215282404
12.683333333333467 21.517138869015586
12.700000000000134 21.619871175758544
12.716666666666802 21.483678710836077
12.73333333333347 21.606863427533348
12.750000000000137 21.710137649648548
12.766666666666804 22.638197199805557
12.783333333333472 22.062996401274805
12.80000000000014 21.491887940441085
12.816666666666807 21.354995672339196
12.833333333333474 20.958418663603542
12.850000000000142 21.012765002084432
12.86666666666681 21.67308491155525
12.883333333333477 21.535211727519506
12.900000000000144 21.328401951465857
12.916666666666812 20.689186649994276
12.93333333333348 20.4831151873022
12.950000000000147 20.707972623304965
12.966666666666814 20.501162847251333
12.983333333333482 20.92013401954726
13.00000000000015 20.836368752806813
13.016666666666817 20.24260242940721
13.033333333333484 19.726698167548086
13.050000000000152 19.51955855134126
13.06666666666682 19.243372396398808
13.083333333333487 18.967186241456382
13.100000000000154 19.118458670258878
13.116666666666822 20.334016750559705
13.13333333333349 20.689074730666256
13.150000000000157 20.211062865876386
13.166666666666824 20.054240322381034
13.183333333333492 19.967558186393244
13.20000000000016 20.76896263411042
13.216666666666827 20.589438087195024
13.233333333333494 20.752017824747448
13.250000000000162 21.319202739853814
13.26666666666683 21.138502237892183
13.283333333333497 20.52485081715238
13.300000000000164 21.34929182783494
13.316666666666832 21.908428238842774
13.3333333333335 22.423848864351427
13.350000000000167 21.77194792177108
13.366666666666834 21.402718243415194
13.383333333333502 20.95964262938814
13.400000000000169 21.52321373879273
13.416666666666837 20.817112373618038
13.433333333333504 20.445824382303908
13.450000000000172 20.000278792726938
13.466666666666839 19.81161917909143
13.483333333333507 20.168596015456
13.500000000000174 21.210518265422166
13.516666666666842 20.071690280951827
13.533333333333509 18.688672675095873
13.550000000000177 17.327005255265206
13.566666666666844 17.512681286124245
13.583333333333512 17.064444739578324
13.600000000000179 17.4025214568884
13.616666666666847 16.950973297438843
13.633333333333514 16.88133007127591
13.650000000000182 16.81113775265966
13.666666666666849 16.101754883928574
13.683333333333517 17.41946453835977
13.700000000000184 17.559827202476008
13.716666666666852 16.54994309266076
13.733333333333519 16.869471891977632
13.750000000000187 17.4849371762082
13.766666666666854 19.393590097123045
13.783333333333522 19.2493639057926
13.800000000000189 19.63058848594044
13.816666666666857 19.566940887223222
13.833333333333524 19.42106952627687
13.850000000000191 17.848683985811324
13.866666666666859 16.276165479570004
13.883333333333526 15.928849639437919
13.900000000000194 15.499583521769763
13.916666666666861 21.056581280337944
13.933333333333529 19.69759757756391
13.950000000000196 17.674496410070383
13.966666666666864 17.08946695348622
13.983333333333531 15.694976390614956
14.000000000000199 14.81028052716176
14.016666666666866 13.657448173522209
14.033333333333534 13.130280704732304
14.050000000000201 16.21431299884963
14.066666666666869 20.77179227241019
14.083333333333536 20.5275808058703
14.100000000000204 20.12118836082258
14.116666666666871 16.735055345052285
14.133333333333539 14.147696430491152
14.150000000000206 15.240705991990614
14.166666666666874 16.308680954139298
14.183333333333541 18.749508520768423
14.200000000000209 19.98651553097992
14.216666666666876 20.9056612100375
14.233333333333544 22.3957279157293
14.250000000000211 24.68147778721547
14.266666666666879 25.00523234580893
14.283333333333546 23.53563996722958
14.300000000000214 22.73991925890603
14.316666666666881 23.04621865279305
14.333333333333549 23.43092759969228
14.350000000000216 24.117959627514765
14.366666666666884 24.150883028363037
14.383333333333551 25.54732138296004
14.400000000000219 25.390715705005007
14.416666666666886 25.434943660397387
14.433333333333554 25.371994798151935
14.450000000000221 26.23923051032382
14.466666666666889 25.86087338396027
14.483333333333556 26.02156627364652
14.500000000000224 24.70360797496614
14.516666666666891 24.423282781800637
14.533333333333559 24.3492811516479
14.550000000000226 23.339223813773508
14.566666666666894 22.32916647589911
14.583333333333561 18.62825437260591
14.600000000000229 18.617806343534795
14.616666666666896 17.62194789475512
14.633333333333564 17.906866914051378
14.650000000000231 18.861369356648556
14.666666666666899 19.566126964057528
14.683333333333566 20.29187938170754
14.700000000000234 20.29548317926357
14.716666666666901 21.049978434189786
14.733333333333569 20.338401490676357
14.750000000000236 19.574631959418575
14.766666666666904 20.30991876802045
14.783333333333571 19.945893841303064
14.800000000000239 18.399650192787345
14.816666666666906 17.685560345992755
14.833333333333574 17.30222784559356
14.850000000000241 18.022502678878094
14.866666666666909 18.327694945769494
14.883333333333576 17.94785398685264
14.900000000000244 17.902936483593717
14.916666666666911 19.134770920989855
14.933333333333579 19.100405445605062
14.950000000000246 20.301649677303853
14.966666666666914 20.388221363587554
14.983333333333581 19.129566935268784
15.000000000000249 19.493427092065932
15.016666666666916 19.47507947172369
15.033333333333584 20.36669053508846
15.050000000000251 20.4588476373112
15.066666666666919 20.465195929676803
15.083333333333586 21.413689272954535
15.100000000000254 21.96702372535788
15.116666666666921 21.448995029769154
15.133333333333589 21.592185245783053
15.150000000000256 22.072866734588374
15.166666666666924 22.682634393321923
15.183333333333591 22.27302062491949
15.200000000000259 22.801360265027306
15.216666666666926 22.399177281237552
15.233333333333594 23.06320510386889
15.250000000000261 23.628006056408974
15.266666666666929 23.85403854450798
15.283333333333596 25.109936473769494
15.300000000000264 25.253278364551498
15.316666666666931 25.382224087161273
15.333333333333599 24.996330003849835
15.350000000000266 25.162293319776445
15.366666666666934 26.026217177066528
15.383333333333601 25.508667651007134
15.400000000000269 26.40527574320803
15.416666666666936 26.623369782295743
15.433333333333604 26.84811927328049
15.450000000000271 28.47867138783016
15.466666666666939 28.13641520458352
15.483333333333606 28.440610626165814
15.500000000000274 29.569658087241677
15.516666666666941 29.244617659282792
15.533333333333609 29.605963238012624
15.550000000000276 29.979752505546383
15.566666666666944 30.56594249459682
15.583333333333611 30.10097358158929
15.600000000000279 29.82870269893447
15.616666666666946 30.278407697260445
15.633333333333614 29.999878905236145
15.650000000000281 30.492306214969936
15.666666666666949 31.22340717728542
15.683333333333616 31.78610378734298
15.700000000000284 33.21909835920825
15.716666666666951 34.08912230769827
15.733333333333618 35.6864344992521
15.750000000000286 36.687842314873265
15.766666666666953 36.37036632976695
15.783333333333621 37.456415822699114
15.800000000000288 36.211980306155155
15.816666666666956 37.11505355783598
15.833333333333623 37.091902659554044
15.850000000000291 38.11731421542964
15.866666666666958 38.14289520030058
15.883333333333626 40.63194027757214
15.900000000000293 41.866477731612356
15.916666666666961 43.20269182293639
15.933333333333628 44.61235531462919
15.950000000000296 44.879518908635795
15.966666666666963 45.19531067100948
15.983333333333631 46.84080528735658
