0 0.00000
1 0.00000
2 0.00000
3 0.00000
4 0.00000
5 0.00000
6 0.07000
7 3.64000
8 13.34000
9 24.15000
10 33.89000
11 41.32000
12 45.02000
13 42.59000
14 38.02000
15 30.39000
16 17.71000
17 7.79000
18 2.48000
19 0.00000
20 0.00000
21 0.00000
22 0.00000
23 0.00000
0 0.00000
1 0.00000
2 0.00000
3 0.00000
4 0.00000
5 0.00000
6 0.07000
7 3.64000
8 13.34000
9 24.15000
10 33.89000
11 41.32000
12 45.02000
13 42.59000
14 38.02000
15 30.39000
16 17.71000
17 7.79000
18 2.48000
19 0.00000
20 0.00000
21 0.00000
22 0.00000
23 0.00000
