0 0.00000
1 0.00000
2 0.00000
3 0.00000
4 0.00000
5 0.00000
6 0.59000
7 6.22000
8 17.08000
9 31.70000
10 33.54000
11 48.32000
12 31.78000
13 21.05000
14 11.70000
15 3.89000
16 2.33000
17 5.17000
18 0.75000
19 0.00000
20 0.00000
21 0.00000
22 0.00000
23 0.00000
0 0.00000
1 0.00000
2 0.00000
3 0.00000
4 0.00000
5 0.00000
6 0.59000
7 6.22000
8 17.08000
9 31.70000
10 33.54000
11 48.32000
12 31.78000
13 21.05000
14 11.70000
15 3.89000
16 2.33000
17 5.17000
18 0.75000
19 0.00000
20 0.00000
21 0.00000
22 0.00000
23 0.00000
