0 0.00000
1 0.00000
2 0.00000
3 0.00000
4 0.00000
5 0.00000
6 0.49000
7 6.21000
8 16.45000
9 29.52000
10 42.50000
11 50.91000
12 53.05000
13 43.83000
14 34.03000
15 22.99000
16 14.02000
17 6.35000
18 1.27000
19 0.00000
20 0.00000
21 0.00000
22 0.00000
23 0.00000
0 0.00000
1 0.00000
2 0.00000
3 0.00000
4 0.00000
5 0.00000
6 0.49000
7 6.21000
8 16.45000
9 29.52000
10 42.50000
11 50.91000
12 53.05000
13 43.83000
14 34.03000
15 22.99000
16 14.02000
17 6.35000
18 1.27000
19 0.00000
20 0.00000
21 0.00000
22 0.00000
23 0.00000
