0 0.00000
1 0.00000
2 0.00000
3 0.00000
4 0.00000
5 0.00000
6 0.41000
7 6.19000
8 14.36000
9 15.13000
10 27.74000
11 44.51000
12 39.01000
13 41.65000
14 18.46000
15 11.91000
16 7.63000
17 1.39000
18 0.28000
19 0.00000
20 0.00000
21 0.00000
22 0.00000
23 0.00000
0 0.00000
1 0.00000
2 0.00000
3 0.00000
4 0.00000
5 0.00000
6 0.41000
7 6.19000
8 14.36000
9 15.13000
10 27.74000
11 44.51000
12 39.01000
13 41.65000
14 18.46000
15 11.91000
16 7.63000
17 1.39000
18 0.28000
19 0.00000
20 0.00000
21 0.00000
22 0.00000
23 0.00000
