0 0.00000
1 0.00000
2 0.00000
3 0.00000
4 0.00000
5 0.00000
6 0.10000
7 2.99000
8 12.01000
9 23.73000
10 32.77000
11 39.01000
12 38.81000
13 37.37000
14 33.60000
15 22.18000
16 12.04000
17 3.49000
18 0.07000
19 0.00000
20 0.00000
21 0.00000
22 0.00000
23 0.00000
0 0.00000
1 0.00000
2 0.00000
3 0.00000
4 0.00000
5 0.00000
6 0.10000
7 2.99000
8 12.01000
9 23.73000
10 32.77000
11 39.01000
12 38.81000
13 37.37000
14 33.60000
15 22.18000
16 12.04000
17 3.49000
18 0.07000
19 0.00000
20 0.00000
21 0.00000
22 0.00000
23 0.00000
