0 0.00000
1 0.00000
2 0.00000
3 0.00000
4 0.00000
5 0.00000
6 0.13000
7 4.44000
8 13.33000
9 24.39000
10 35.81000
11 41.69000
12 43.09000
13 39.10000
14 30.77000
15 11.23000
16 4.25000
17 2.65000
18 0.03000
19 0.00000
20 0.00000
21 0.00000
22 0.00000
23 0.00000
0 0.00000
1 0.00000
2 0.00000
3 0.00000
4 0.00000
5 0.00000
6 0.13000
7 4.44000
8 13.33000
9 24.39000
10 35.81000
11 41.69000
12 43.09000
13 39.10000
14 30.77000
15 11.23000
16 4.25000
17 2.65000
18 0.03000
19 0.00000
20 0.00000
21 0.00000
22 0.00000
23 0.00000
