0 0.00000
1 0.00000
2 0.00000
3 0.00000
4 0.00000
5 0.01000
6 2.74000
7 7.87000
8 18.32000
9 35.53000
10 0.00000
11 0.00000
12 0.00000
13 0.00000
14 42.12000
15 35.29000
16 17.15000
17 13.59000
18 2.25000
19 0.10000
20 0.00000
21 0.00000
22 0.00000
23 0.00000
0 0.00000
1 0.00000
2 0.00000
3 0.00000
4 0.00000
5 0.01000
6 2.74000
7 7.87000
8 18.32000
9 35.53000
10 0.00000
11 0.00000
12 0.00000
13 0.00000
14 42.12000
15 35.29000
16 17.15000
17 13.59000
18 2.25000
19 0.10000
20 0.00000
21 0.00000
22 0.00000
23 0.00000
