0 0.00000
1 0.00000
2 0.00000
3 0.00000
4 0.00000
5 0.00000
6 0.04000
7 3.39000
8 12.81000
9 23.98000
10 36.88000
11 37.10000
12 39.27000
13 42.00000
14 35.25000
15 12.88000
16 11.76000
17 8.83000
18 1.02000
19 0.00000
20 0.00000
21 0.00000
22 0.00000
23 0.00000
0 0.00000
1 0.00000
2 0.00000
3 0.00000
4 0.00000
5 0.00000
6 0.04000
7 3.39000
8 12.81000
9 23.98000
10 36.88000
11 37.10000
12 39.27000
13 42.00000
14 35.25000
15 12.88000
16 11.76000
17 8.83000
18 1.02000
19 0.00000
20 0.00000
21 0.00000
22 0.00000
23 0.00000
