0 0.00000
1 0.00000
2 0.00000
3 0.00000
4 0.00000
5 0.00000
6 0.60000
7 4.43000
8 18.32000
9 30.52000
10 42.36000
11 46.41000
12 49.32000
13 41.23000
14 18.94000
15 16.70000
16 12.44000
17 3.30000
18 0.60000
19 0.00000
20 0.00000
21 0.00000
22 0.00000
23 0.00000
0 0.00000
1 0.00000
2 0.00000
3 0.00000
4 0.00000
5 0.00000
6 0.60000
7 4.43000
8 18.32000
9 30.52000
10 42.36000
11 46.41000
12 49.32000
13 41.23000
14 18.94000
15 16.70000
16 12.44000
17 3.30000
18 0.60000
19 0.00000
20 0.00000
21 0.00000
22 0.00000
23 0.00000
