0 0.00000
1 0.00000
2 0.00000
3 0.00000
4 0.00000
5 0.00000
6 0.06000
7 1.92000
8 9.60000
9 21.52000
10 31.41000
11 39.50000
12 44.28000
13 44.84000
14 39.54000
15 30.16000
16 18.05000
17 7.41000
18 1.06000
19 0.00000
20 0.00000
21 0.00000
22 0.00000
23 0.00000
0 0.00000
1 0.00000
2 0.00000
3 0.00000
4 0.00000
5 0.00000
6 0.06000
7 1.92000
8 9.60000
9 21.52000
10 31.41000
11 39.50000
12 44.28000
13 44.84000
14 39.54000
15 30.16000
16 18.05000
17 7.41000
18 1.06000
19 0.00000
20 0.00000
21 0.00000
22 0.00000
23 0.00000
