0 0.00000
1 0.00000
2 0.00000
3 0.00000
4 0.00000
5 0.03000
6 1.44000
7 8.33000
8 19.65000
9 31.22000
10 38.48000
11 47.19000
12 46.66000
13 41.86000
14 34.41000
15 16.19000
16 9.57000
17 3.00000
18 0.70000
19 0.00000
20 0.00000
21 0.00000
22 0.00000
23 0.00000
0 0.00000
1 0.00000
2 0.00000
3 0.00000
4 0.00000
5 0.03000
6 1.44000
7 8.33000
8 19.65000
9 31.22000
10 38.48000
11 47.19000
12 46.66000
13 41.86000
14 34.41000
15 16.19000
16 9.57000
17 3.00000
18 0.70000
19 0.00000
20 0.00000
21 0.00000
22 0.00000
23 0.00000
