0 0.00000
1 0.00000
2 0.00000
3 0.00000
4 0.00000
5 0.02000
6 1.54000
7 10.29000
8 22.56000
9 33.75000
10 42.78000
11 50.16000
12 46.34000
13 50.40000
14 34.94000
15 11.56000
16 5.63000
17 5.30000
18 2.38000
19 0.14000
20 0.00000
21 0.00000
22 0.00000
23 0.00000
0 0.00000
1 0.00000
2 0.00000
3 0.00000
4 0.00000
5 0.02000
6 1.54000
7 10.29000
8 22.56000
9 33.75000
10 42.78000
11 50.16000
12 46.34000
13 50.40000
14 34.94000
15 11.56000
16 5.63000
17 5.30000
18 2.38000
19 0.14000
20 0.00000
21 0.00000
22 0.00000
23 0.00000
