0 0.00000
1 0.00000
2 0.00000
3 0.00000
4 0.00000
5 0.01000
6 2.06000
7 8.35000
8 16.77000
9 36.23000
10 47.08000
11 39.86000
12 34.62000
13 41.06000
14 21.60000
15 4.92000
16 8.46000
17 4.34000
18 2.05000
19 0.33000
20 0.00000
21 0.00000
22 0.00000
23 0.00000
0 0.00000
1 0.00000
2 0.00000
3 0.00000
4 0.00000
5 0.01000
6 2.06000
7 8.35000
8 16.77000
9 36.23000
10 47.08000
11 39.86000
12 34.62000
13 41.06000
14 21.60000
15 4.92000
16 8.46000
17 4.34000
18 2.05000
19 0.33000
20 0.00000
21 0.00000
22 0.00000
23 0.00000
