0 0.00000
1 0.00000
2 0.00000
3 0.00000
4 0.00000
5 0.00000
6 0.01000
7 2.01000
8 8.86000
9 18.82000
10 27.94000
11 32.85000
12 35.26000
13 33.51000
14 24.27000
15 18.62000
16 13.61000
17 4.16000
18 0.14000
19 0.00000
20 0.00000
21 0.00000
22 0.00000
23 0.00000
0 0.00000
1 0.00000
2 0.00000
3 0.00000
4 0.00000
5 0.00000
6 0.01000
7 2.01000
8 8.86000
9 18.82000
10 27.94000
11 32.85000
12 35.26000
13 33.51000
14 24.27000
15 18.62000
16 13.61000
17 4.16000
18 0.14000
19 0.00000
20 0.00000
21 0.00000
22 0.00000
23 0.00000
