0 0.00000
1 0.00000
2 0.00000
3 0.00000
4 0.00000
5 0.00000
6 0.91000
7 4.63000
8 14.80000
9 16.87000
10 19.12000
11 26.00000
12 44.71000
13 36.86000
14 34.70000
15 20.45000
16 13.01000
17 6.35000
18 2.43000
19 0.00000
20 0.00000
21 0.00000
22 0.00000
23 0.00000
0 0.00000
1 0.00000
2 0.00000
3 0.00000
4 0.00000
5 0.00000
6 0.91000
7 4.63000
8 14.80000
9 16.87000
10 19.12000
11 26.00000
12 44.71000
13 36.86000
14 34.70000
15 20.45000
16 13.01000
17 6.35000
18 2.43000
19 0.00000
20 0.00000
21 0.00000
22 0.00000
23 0.00000
