0 0.00000
1 0.00000
2 0.00000
3 0.00000
4 0.00000
5 0.00000
6 0.06000
7 1.27000
8 5.46000
9 17.88000
10 27.44000
11 31.84000
12 32.01000
13 27.28000
14 21.86000
15 12.02000
16 7.04000
17 1.81000
18 0.10000
19 0.00000
20 0.00000
21 0.00000
22 0.00000
23 0.00000
0 0.00000
1 0.00000
2 0.00000
3 0.00000
4 0.00000
5 0.00000
6 0.06000
7 1.27000
8 5.46000
9 17.88000
10 27.44000
11 31.84000
12 32.01000
13 27.28000
14 21.86000
15 12.02000
16 7.04000
17 1.81000
18 0.10000
19 0.00000
20 0.00000
21 0.00000
22 0.00000
23 0.00000
