0 0.00000
1 0.00000
2 0.00000
3 0.00000
4 0.00000
5 0.00000
6 0.30000
7 2.26000
8 11.07000
9 24.69000
10 36.10000
11 46.75000
12 50.04000
13 43.42000
14 43.32000
15 27.89000
16 17.90000
17 8.25000
18 1.08000
19 0.00000
20 0.00000
21 0.00000
22 0.00000
23 0.00000
0 0.00000
1 0.00000
2 0.00000
3 0.00000
4 0.00000
5 0.00000
6 0.30000
7 2.26000
8 11.07000
9 24.69000
10 36.10000
11 46.75000
12 50.04000
13 43.42000
14 43.32000
15 27.89000
16 17.90000
17 8.25000
18 1.08000
19 0.00000
20 0.00000
21 0.00000
22 0.00000
23 0.00000
