0 0.00000
1 0.00000
2 0.00000
3 0.00000
4 0.00000
5 0.00000
6 0.00000
7 1.26000
8 7.30000
9 16.40000
10 24.92000
11 29.54000
12 28.60000
13 26.24000
14 24.80000
15 18.91000
16 10.91000
17 4.21000
18 0.11000
19 0.00000
20 0.00000
21 0.00000
22 0.00000
23 0.00000
0 0.00000
1 0.00000
2 0.00000
3 0.00000
4 0.00000
5 0.00000
6 0.00000
7 1.26000
8 7.30000
9 16.40000
10 24.92000
11 29.54000
12 28.60000
13 26.24000
14 24.80000
15 18.91000
16 10.91000
17 4.21000
18 0.11000
19 0.00000
20 0.00000
21 0.00000
22 0.00000
23 0.00000
