0 0.00000
1 0.00000
2 0.00000
3 0.00000
4 0.00000
5 0.00000
6 0.03000
7 1.72000
8 8.56000
9 18.68000
10 28.35000
11 34.75000
12 35.47000
13 33.47000
14 25.72000
15 17.12000
16 8.56000
17 2.57000
18 0.00000
19 0.00000
20 0.00000
21 0.00000
22 0.00000
23 0.00000
0 0.00000
1 0.00000
2 0.00000
3 0.00000
4 0.00000
5 0.00000
6 0.03000
7 1.72000
8 8.56000
9 18.68000
10 28.35000
11 34.75000
12 35.47000
13 33.47000
14 25.72000
15 17.12000
16 8.56000
17 2.57000
18 0.00000
19 0.00000
20 0.00000
21 0.00000
22 0.00000
23 0.00000
