0 0.00000
1 0.00000
2 0.00000
3 0.00000
4 0.00000
5 0.00000
6 0.03000
7 2.07000
8 9.69000
9 20.79000
10 31.05000
11 39.65000
12 46.40000
13 45.21000
14 37.94000
15 27.77000
16 14.04000
17 6.97000
18 1.25000
19 0.00000
20 0.00000
21 0.00000
22 0.00000
23 0.00000
0 0.00000
1 0.00000
2 0.00000
3 0.00000
4 0.00000
5 0.00000
6 0.03000
7 2.07000
8 9.69000
9 20.79000
10 31.05000
11 39.65000
12 46.40000
13 45.21000
14 37.94000
15 27.77000
16 14.04000
17 6.97000
18 1.25000
19 0.00000
20 0.00000
21 0.00000
22 0.00000
23 0.00000
