0 0.00000
1 0.00000
2 0.00000
3 0.00000
4 0.00000
5 0.00000
6 0.31000
7 5.66000
8 16.69000
9 28.59000
10 40.01000
11 48.13000
12 53.47000
13 52.70000
14 45.60000
15 35.46000
16 22.44000
17 10.62000
18 2.26000
19 0.00000
20 0.00000
21 0.00000
22 0.00000
23 0.00000
0 0.00000
1 0.00000
2 0.00000
3 0.00000
4 0.00000
5 0.00000
6 0.31000
7 5.66000
8 16.69000
9 28.59000
10 40.01000
11 48.13000
12 53.47000
13 52.70000
14 45.60000
15 35.46000
16 22.44000
17 10.62000
18 2.26000
19 0.00000
20 0.00000
21 0.00000
22 0.00000
23 0.00000
