0 0.00000
1 0.00000
2 0.00000
3 0.00000
4 0.00000
5 0.01000
6 0.90000
7 7.71000
8 19.47000
9 31.64000
10 39.43000
11 37.22000
12 56.48000
13 59.17000
14 48.94000
15 22.22000
16 20.55000
17 6.70000
18 1.22000
19 0.02000
20 0.00000
21 0.00000
22 0.00000
23 0.00000
0 0.00000
1 0.00000
2 0.00000
3 0.00000
4 0.00000
5 0.01000
6 0.90000
7 7.71000
8 19.47000
9 31.64000
10 39.43000
11 37.22000
12 56.48000
13 59.17000
14 48.94000
15 22.22000
16 20.55000
17 6.70000
18 1.22000
19 0.02000
20 0.00000
21 0.00000
22 0.00000
23 0.00000
