0 0.00000
1 0.00000
2 0.00000
3 0.00000
4 0.00000
5 0.01000
6 0.62000
7 3.34000
8 8.70000
9 12.48000
10 14.72000
11 37.52000
12 27.40000
13 21.73000
14 20.94000
15 11.70000
16 12.95000
17 4.25000
18 0.35000
19 0.02000
20 0.00000
21 0.00000
22 0.00000
23 0.00000
0 0.00000
1 0.00000
2 0.00000
3 0.00000
4 0.00000
5 0.01000
6 0.62000
7 3.34000
8 8.70000
9 12.48000
10 14.72000
11 37.52000
12 27.40000
13 21.73000
14 20.94000
15 11.70000
16 12.95000
17 4.25000
18 0.35000
19 0.02000
20 0.00000
21 0.00000
22 0.00000
23 0.00000
