0 0.00000
1 0.00000
2 0.00000
3 0.00000
4 0.00000
5 0.00082
6 0.00350
7 0.00764
8 0.04454
9 0.09905
10 0.14114
11 0.22096
12 0.25314
13 0.22504
14 0.21641
15 0.14616
16 0.08634
17 0.01930
18 0.00000
19 0.00000
20 0.00000
21 0.00000
22 0.00000
23 0.00000
0 0.00000
1 0.00000
2 0.00000
3 0.00000
4 0.00000
5 0.00082
6 0.00350
7 0.00764
8 0.04454
9 0.09905
10 0.14114
11 0.22096
12 0.25314
13 0.22504
14 0.21641
15 0.14616
16 0.08634
17 0.01930
18 0.00000
19 0.00000
20 0.00000
21 0.00000
22 0.00000
23 0.00000
