0 0.00000
1 0.00000
2 0.00000
3 0.00000
4 0.00000
5 0.00000
6 0.00017
7 0.00093
8 0.00676
9 0.02932
10 0.07923
11 0.14074
12 0.19315
13 0.21093
14 0.16744
15 0.05294
16 0.07451
17 0.03755
18 0.00589
19 0.00000
20 0.00000
21 0.00000
22 0.00000
23 0.00000
0 0.00000
1 0.00000
2 0.00000
3 0.00000
4 0.00000
5 0.00000
6 0.00017
7 0.00093
8 0.00676
9 0.02932
10 0.07923
11 0.14074
12 0.19315
13 0.21093
14 0.16744
15 0.05294
16 0.07451
17 0.03755
18 0.00589
19 0.00000
20 0.00000
21 0.00000
22 0.00000
23 0.00000
