0 0.00000
1 0.00000
2 0.00000
3 0.00000
4 0.00000
5 0.00000
6 0.00017
7 0.00793
8 0.03982
9 0.09928
10 0.15828
11 0.17373
12 0.14773
13 0.11258
14 0.09118
15 0.07970
16 0.03545
17 0.00431
18 0.00017
19 0.00000
20 0.00000
21 0.00000
22 0.00000
23 0.00000
0 0.00000
1 0.00000
2 0.00000
3 0.00000
4 0.00000
5 0.00000
6 0.00017
7 0.00793
8 0.03982
9 0.09928
10 0.15828
11 0.17373
12 0.14773
13 0.11258
14 0.09118
15 0.07970
16 0.03545
17 0.00431
18 0.00017
19 0.00000
20 0.00000
21 0.00000
22 0.00000
23 0.00000
