0.0 0.0
0.0167 0.0
0.0333 0.0
0.05 0.0
0.0667 0.0
0.0833 0.0
0.1 0.0
0.1167 0.0
0.1333 0.0
0.15 0.0
0.1667 0.0
0.1833 0.0
0.2 0.0
0.2167 0.0
0.2333 0.0
0.25 0.0
0.2667 0.0
0.2833 0.0
0.3 0.0
0.3167 0.0
0.3333 0.0
0.35 0.0
0.3667 0.0
0.3833 0.0
0.4 0.0
0.4167 0.0
0.4333 0.0
0.45 0.0
0.4667 0.0
0.4833 0.0
0.5 0.0
0.5167 0.0
0.5333 0.0
0.55 0.0
0.5667 0.0
0.5833 0.0
0.6 0.0
0.6167 0.0
0.6333 0.0
0.65 0.0
0.6667 0.0
0.6833 0.0
0.7 0.0
0.7167 0.0
0.7333 0.0
0.75 0.0
0.7667 0.0
0.7833 0.0
0.8 0.0
0.8167 0.0
0.8333 0.0
0.85 0.0
0.8667 0.0
0.8833 0.0
0.9 0.0
0.9167 0.0
0.9333 0.0
0.95 0.0
0.9667 0.0
0.9833 0.0
1.0 0.0
1.0167 0.0
1.0333 0.0
1.05 0.0
1.0667 0.0
1.0833 0.0
1.1 0.0
1.1167 0.0
1.1333 0.0
1.15 0.0
1.1667 0.0
1.1833 0.0
1.2 0.0
1.2167 0.0
1.2333 0.0
1.25 0.0
1.2667 0.0
1.2833 0.0
1.3 0.0
1.3167 0.0
1.3333 0.0
1.35 0.0
1.3667 0.0
1.3833 0.0
1.4 0.0
1.4167 0.0
1.4333 0.0
1.45 0.0
1.4667 0.0
1.4833 0.0
1.5 0.0
1.5167 0.0
1.5333 0.0
1.55 0.0
1.5667 0.0
1.5833 0.0
1.6 0.0
1.6167 0.0
1.6333 0.0
1.65 0.0
1.6667 0.0
1.6833 0.0
1.7 0.0
1.7167 0.0
1.7333 0.0
1.75 0.0
1.7667 0.0
1.7833 0.0
1.8 0.0
1.8167 0.0
1.8333 0.0
1.85 0.0
1.8667 0.0
1.8833 0.0
1.9 0.0
1.9167 0.0
1.9333 0.0
1.95 0.0
1.9667 0.0
1.9833 0.0
2.0 0.0
2.0167 0.0
2.0333 0.0
2.05 0.0
2.0667 0.0
2.0833 0.0
2.1 0.0
2.1167 0.0
2.1333 0.0
2.15 0.0
2.1667 0.0
2.1833 0.0
2.2 0.0
2.2167 0.0
2.2333 0.0
2.25 0.0
2.2667 0.0
2.2833 0.0
2.3 0.0
2.3167 0.0
2.3333 0.0
2.35 0.0
2.3667 0.0
2.3833 0.0
2.4 0.0
2.4167 0.0
2.4333 0.0
2.45 0.0
2.4667 0.0
2.4833 0.0
2.5 0.0
2.5167 0.0
2.5333 0.0
2.55 0.0
2.5667 0.0
2.5833 0.0
2.6 0.0
2.6167 0.0
2.6333 0.0
2.65 0.0
2.6667 0.0
2.6833 0.0
2.7 0.0
2.7167 0.0
2.7333 0.0
2.75 0.0
2.7667 0.0
2.7833 0.0
2.8 0.0
2.8167 0.0
2.8333 0.0
2.85 0.0
2.8667 0.0
2.8833 0.0
2.9 0.0
2.9167 0.0
2.9333 0.0
2.95 0.0
2.9667 0.0
2.9833 0.0
3.0 0.0
3.0167 0.0
3.0333 0.0
3.05 0.0
3.0667 0.0
3.0833 0.0
3.1 0.0
3.1167 0.0
3.1333 0.0
3.15 0.0
3.1667 0.0
3.1833 0.0
3.2 0.0
3.2167 0.0
3.2333 0.0
3.25 0.0
3.2667 0.0
3.2833 0.0
3.3 0.0
3.3167 0.0
3.3333 0.0
3.35 0.0
3.3667 0.0
3.3833 0.0
3.4 0.0
3.4167 0.0
3.4333 0.0
3.45 0.0
3.4667 0.0
3.4833 0.0
3.5 0.0
3.5167 0.0
3.5333 0.0
3.55 0.0
3.5667 0.0
3.5833 0.0
3.6 0.0
3.6167 0.0
3.6333 0.0
3.65 0.0
3.6667 0.0
3.6833 0.0
3.7 0.0
3.7167 0.0
3.7333 0.0
3.75 0.0
3.7667 0.0
3.7833 0.0
3.8 0.0
3.8167 0.0
3.8333 0.0
3.85 0.0
3.8667 0.0
3.8833 0.0
3.9 0.0
3.9167 0.0
3.9333 0.0
3.95 0.0
3.9667 0.0
3.9833 0.0
4.0 0.0
4.0167 0.0
4.0333 0.0
4.05 0.0
4.0667 0.0
4.0833 0.0
4.1 0.0
4.1167 0.0
4.1333 0.0
4.15 0.0
4.1667 0.0
4.1833 0.0
4.2 0.0
4.2167 0.0
4.2333 0.0
4.25 0.0
4.2667 0.0
4.2833 0.0
4.3 0.0
4.3167 0.0
4.3333 0.0
4.35 0.0
4.3667 0.0
4.3833 0.0
4.4 0.0
4.4167 0.0
4.4333 0.0
4.45 0.0
4.4667 0.0
4.4833 0.0
4.5 0.0
4.5167 0.0
4.5333 0.0
4.55 0.0
4.5667 0.0
4.5833 0.0
4.6 0.0
4.6167 0.0
4.6333 0.0
4.65 0.0
4.6667 0.0
4.6833 0.0
4.7 0.0
4.7167 0.0
4.7333 0.0
4.75 0.0
4.7667 0.0
4.7833 0.0
4.8 0.0
4.8167 0.0
4.8333 0.0
4.85 0.0
4.8667 0.0
4.8833 0.0
4.9 0.0
4.9167 0.0
4.9333 0.0
4.95 0.0
4.9667 0.0
4.9833 0.0
5.0 0.0
5.0167 0.0
5.0333 0.0
5.05 0.0
5.0667 0.0
5.0833 0.0
5.1 0.0
5.1167 0.0
5.1333 0.0
5.15 0.0
5.1667 0.0
5.1833 0.0
5.2 0.0
5.2167 0.0
5.2333 0.0
5.25 0.0
5.2667 0.0
5.2833 0.0
5.3 0.0
5.3167 0.0
5.3333 0.0
5.35 0.0
5.3667 0.0
5.3833 0.0
5.4 0.0
5.4167 0.0
5.4333 0.0
5.45 0.0
5.4667 0.0
5.4833 0.0
5.5 0.0
5.5167 0.0
5.5333 0.0
5.55 0.0
5.5667 0.0
5.5833 0.0
5.6 0.0
5.6167 0.0
5.6333 0.0
5.65 0.0
5.6667 0.0
5.6833 0.0
5.7 0.0
5.7167 0.0
5.7333 0.0
5.75 0.0
5.7667 0.0
5.7833 0.0
5.8 0.0
5.8167 0.0
5.8333 0.0
5.85 0.0
5.8667 0.0
5.8833 0.0
5.9 0.0
5.9167 0.0
5.9333 0.0
5.95 0.0
5.9667 0.0
5.9833 0.0
6.0 0.0
6.0167 0.0
6.0333 0.0
6.05 0.0
6.0667 0.0
6.0833 0.0
6.1 0.0
6.1167 0.0
6.1333 0.0
6.15 0.0
6.1667 0.0
6.1833 0.0
6.2 0.0
6.2167 0.0
6.2333 0.0
6.25 0.0
6.2667 4.507e-33
6.2833 6.178e-16
6.3 2.602e-13
6.3167 2.542e-11
6.3333 5.77e-10
6.35 6.511e-09
6.3667 2.798e-08
6.3833 7.652e-08
6.4 1.592e-07
6.4167 2.955e-07
6.4333 5.198e-07
6.45 8.94e-07
6.4667 1.5e-06
6.4833 2.369e-06
6.5 3.598e-06
6.5167 5.291e-06
6.5333 7.326e-06
6.55 9.975e-06
6.5667 1.352e-05
6.5833 1.782e-05
6.6 2.314e-05
6.6167 2.976e-05
6.6333 3.727e-05
6.65 4.663e-05
6.6667 5.838e-05
6.6833 7.111e-05
6.7 8.755e-05
6.7167 0.0001047
6.7333 0.000125
6.75 0.0001488
6.7667 0.0001757
6.7833 0.0002047
6.8 0.0002369
6.8167 0.0002741
6.8333 0.0003186
6.85 0.0003555
6.8667 0.0004104
6.8833 0.0004536
6.9 0.0005046
6.9167 0.0005652
6.9333 0.0006367
6.95 0.0007056
6.9667 0.0007737
6.9833 0.0008463
7.0 0.0009227
7.0167 0.001003
7.0333 0.001088
7.05 0.001176
7.0667 0.001268
7.0833 0.001364
7.1 0.001463
7.1167 0.001567
7.1333 0.001674
7.15 0.001785
7.1667 0.0019
7.1833 0.002018
7.2 0.002141
7.2167 0.002268
7.2333 0.002399
7.25 0.002534
7.2667 0.002673
7.2833 0.002816
7.3 0.002964
7.3167 0.003116
7.3333 0.003273
7.35 0.003434
7.3667 0.0036
7.3833 0.00377
7.4 0.003946
7.4167 0.004126
7.4333 0.004311
7.45 0.004501
7.4667 0.004696
7.4833 0.004896
7.5 0.005101
7.5167 0.005312
7.5333 0.005529
7.55 0.00575
7.5667 0.005977
7.5833 0.00621
7.6 0.006448
7.6167 0.006693
7.6333 0.006943
7.65 0.007198
7.6667 0.00746
7.6833 0.007729
7.7 0.008003
7.7167 0.008283
7.7333 0.00857
7.75 0.008863
7.7667 0.009162
7.7833 0.009468
7.8 0.009781
7.8167 0.0101
7.8333 0.01042
7.85 0.01076
7.8667 0.0111
7.8833 0.01144
7.9 0.0118
7.9167 0.01216
7.9333 0.01252
7.95 0.0129
7.9667 0.01328
7.9833 0.01367
8.0 0.01406
8.0167 0.01446
8.0333 0.01487
8.05 0.01529
8.0667 0.01571
8.0833 0.01615
8.1 0.01659
8.1167 0.01703
8.1333 0.01749
8.15 0.01795
8.1667 0.01842
8.1833 0.0189
8.2 0.01938
8.2167 0.01987
8.2333 0.02037
8.25 0.02088
8.2667 0.02139
8.2833 0.02192
8.3 0.02245
8.3167 0.02299
8.3333 0.02353
8.35 0.02409
8.3667 0.02465
8.3833 0.02522
8.4 0.0258
8.4167 0.02638
8.4333 0.02697
8.45 0.02757
8.4667 0.02818
8.4833 0.0288
8.5 0.02942
8.5167 0.03005
8.5333 0.03069
8.55 0.03134
8.5667 0.032
8.5833 0.03266
8.6 0.03333
8.6167 0.03401
8.6333 0.03469
8.65 0.03538
8.6667 0.03609
8.6833 0.03679
8.7 0.03751
8.7167 0.03823
8.7333 0.03896
8.75 0.0397
8.7667 0.04044
8.7833 0.0412
8.8 0.04196
8.8167 0.04272
8.8333 0.0435
8.85 0.04428
8.8667 0.04506
8.8833 0.04586
8.9 0.04666
8.9167 0.04747
8.9333 0.04829
8.95 0.04911
8.9667 0.04994
8.9833 0.05077
9.0 0.05162
9.0167 0.05247
9.0333 0.05332
9.05 0.05418
9.0667 0.05505
9.0833 0.05593
9.1 0.05681
9.1167 0.05769
9.1333 0.05859
9.15 0.05948
9.1667 0.06039
9.1833 0.0613
9.2 0.06222
9.2167 0.06314
9.2333 0.06407
9.25 0.065
9.2667 0.06593
9.2833 0.06688
9.3 0.06783
9.3167 0.06878
9.3333 0.06974
9.35 0.0707
9.3667 0.07167
9.3833 0.07264
9.4 0.07362
9.4167 0.07461
9.4333 0.07559
9.45 0.07658
9.4667 0.07758
9.4833 0.07858
9.5 0.07958
9.5167 0.08058
9.5333 0.0816
9.55 0.08261
9.5667 0.08363
9.5833 0.08465
9.6 0.08568
9.6167 0.0867
9.6333 0.08773
9.65 0.08877
9.6667 0.08981
9.6833 0.09085
9.7 0.09189
9.7167 0.09293
9.7333 0.09398
9.75 0.09503
9.7667 0.09609
9.7833 0.09714
9.8 0.0982
9.8167 0.09926
9.8333 0.1003
9.85 0.1014
9.8667 0.1024
9.8833 0.1035
9.9 0.1046
9.9167 0.1056
9.9333 0.1067
9.95 0.1078
9.9667 0.1088
9.9833 0.1099
10.0 0.111
10.0167 0.1121
10.0333 0.1131
10.05 0.1142
10.0667 0.1153
10.0833 0.1163
10.1 0.1174
10.1167 0.1185
10.1333 0.1196
10.15 0.1206
10.1667 0.1217
10.1833 0.1228
10.2 0.1238
10.2167 0.1249
10.2333 0.126
10.25 0.127
10.2667 0.1281
10.2833 0.1291
10.3 0.1302
10.3167 0.1313
10.3333 0.1323
10.35 0.1334
10.3667 0.1344
10.3833 0.1355
10.4 0.1365
10.4167 0.1376
10.4333 0.1386
10.45 0.1396
10.4667 0.1407
10.4833 0.1417
10.5 0.1427
10.5167 0.1438
10.5333 0.1448
10.55 0.1458
10.5667 0.1468
10.5833 0.1478
10.6 0.1488
10.6167 0.1498
10.6333 0.1508
10.65 0.1518
10.6667 0.1528
10.6833 0.1538
10.7 0.1547
10.7167 0.1557
10.7333 0.1567
10.75 0.1577
10.7667 0.1586
10.7833 0.1596
10.8 0.1605
10.8167 0.1615
10.8333 0.1624
10.85 0.1633
10.8667 0.1642
10.8833 0.1652
10.9 0.1661
10.9167 0.167
10.9333 0.1679
10.95 0.1687
10.9667 0.1696
10.9833 0.1705
11.0 0.1714
11.0167 0.1723
11.0333 0.1731
11.05 0.174
11.0667 0.1748
11.0833 0.1757
11.1 0.1765
11.1167 0.1772
11.1333 0.1781
11.15 0.1789
11.1667 0.1797
11.1833 0.1805
11.2 0.1813
11.2167 0.1821
11.2333 0.1828
11.25 0.1836
11.2667 0.1843
11.2833 0.185
11.3 0.1857
11.3167 0.1865
11.3333 0.1872
11.35 0.1879
11.3667 0.1886
11.3833 0.1893
11.4 0.19
11.4167 0.1907
11.4333 0.1913
11.45 0.192
11.4667 0.1926
11.4833 0.1932
11.5 0.1939
11.5167 0.1945
11.5333 0.1951
11.55 0.1957
11.5667 0.1962
11.5833 0.1968
11.6 0.1974
11.6167 0.1979
11.6333 0.1984
11.65 0.199
11.6667 0.1995
11.6833 0.2
11.7 0.2005
11.7167 0.201
11.7333 0.2015
11.75 0.2019
11.7667 0.2024
11.7833 0.2028
11.8 0.2033
11.8167 0.2037
11.8333 0.2041
11.85 0.2044
11.8667 0.2049
11.8833 0.2052
11.9 0.2056
11.9167 0.206
11.9333 0.2063
11.95 0.2066
11.9667 0.207
11.9833 0.2073
12.0 0.2076
12.0167 0.2079
12.0333 0.2081
12.05 0.2084
12.0667 0.2086
12.0833 0.2089
12.1 0.209
12.1167 0.2093
12.1333 0.2095
12.15 0.2097
12.1667 0.2099
12.1833 0.2101
12.2 0.2102
12.2167 0.2103
12.2333 0.2104
12.25 0.2106
12.2667 0.2107
12.2833 0.2108
12.3 0.2109
12.3167 0.211
12.3333 0.211
12.35 0.2111
12.3667 0.2111
12.3833 0.2112
12.4 0.2112
12.4167 0.2112
12.4333 0.2112
12.45 0.2111
12.4667 0.2111
12.4833 0.2111
12.5 0.211
12.5167 0.2109
12.5333 0.2108
12.55 0.2107
12.5667 0.2106
12.5833 0.2105
12.6 0.2104
12.6167 0.2102
12.6333 0.2101
12.65 0.2099
12.6667 0.2098
12.6833 0.2096
12.7 0.2093
12.7167 0.2091
12.7333 0.2089
12.75 0.2087
12.7667 0.2084
12.7833 0.2082
12.8 0.2079
12.8167 0.2076
12.8333 0.2073
12.85 0.207
12.8667 0.2066
12.8833 0.2064
12.9 0.206
12.9167 0.2057
12.9333 0.2053
12.95 0.2049
12.9667 0.2045
12.9833 0.2042
13.0 0.2037
13.0167 0.2033
13.0333 0.2029
13.05 0.2025
13.0667 0.202
13.0833 0.2016
13.1 0.2011
13.1167 0.2006
13.1333 0.2001
13.15 0.1995
13.1667 0.1991
13.1833 0.1985
13.2 0.198
13.2167 0.1975
13.2333 0.1968
13.25 0.1963
13.2667 0.1957
13.2833 0.1952
13.3 0.1946
13.3167 0.194
13.3333 0.1934
13.35 0.1927
13.3667 0.1921
13.3833 0.1914
13.4 0.1908
13.4167 0.1901
13.4333 0.1894
13.45 0.1887
13.4667 0.1881
13.4833 0.1874
13.5 0.1867
13.5167 0.1859
13.5333 0.1852
13.55 0.1845
13.5667 0.1837
13.5833 0.183
13.6 0.1822
13.6167 0.1814
13.6333 0.1807
13.65 0.1799
13.6667 0.1791
13.6833 0.1783
13.7 0.1775
13.7167 0.1767
13.7333 0.1758
13.75 0.1749
13.7667 0.1741
13.7833 0.1733
13.8 0.1724
13.8167 0.1716
13.8333 0.1707
13.85 0.1698
13.8667 0.1689
13.8833 0.168
13.9 0.1672
13.9167 0.1663
13.9333 0.1653
13.95 0.1644
13.9667 0.1635
13.9833 0.1626
14.0 0.1616
14.0167 0.1607
14.0333 0.1598
14.05 0.1588
14.0667 0.1578
14.0833 0.1569
14.1 0.1559
14.1167 0.1549
14.1333 0.154
14.15 0.153
14.1667 0.152
14.1833 0.151
14.2 0.15
14.2167 0.149
14.2333 0.148
14.25 0.147
14.2667 0.146
14.2833 0.145
14.3 0.144
14.3167 0.1429
14.3333 0.1419
14.35 0.1409
14.3667 0.1398
14.3833 0.1388
14.4 0.1378
14.4167 0.1367
14.4333 0.1357
14.45 0.1346
14.4667 0.1336
14.4833 0.1325
14.5 0.1315
14.5167 0.1304
14.5333 0.1294
14.55 0.1283
14.5667 0.1272
14.5833 0.1262
14.6 0.1251
14.6167 0.124
14.6333 0.123
14.65 0.1219
14.6667 0.1208
14.6833 0.1198
14.7 0.1187
14.7167 0.1176
14.7333 0.1166
14.75 0.1155
14.7667 0.1144
14.7833 0.1133
14.8 0.1123
14.8167 0.1112
14.8333 0.1101
14.85 0.1091
14.8667 0.108
14.8833 0.1069
14.9 0.1059
14.9167 0.1048
14.9333 0.1037
14.95 0.1027
14.9667 0.1016
14.9833 0.1005
15.0 0.09947
15.0167 0.09841
15.0333 0.09736
15.05 0.0963
15.0667 0.09525
15.0833 0.0942
15.1 0.09315
15.1167 0.0921
15.1333 0.09106
15.15 0.09002
15.1667 0.08898
15.1833 0.08795
15.2 0.08691
15.2167 0.08589
15.2333 0.08486
15.25 0.08384
15.2667 0.08282
15.2833 0.0818
15.3 0.08079
15.3167 0.07978
15.3333 0.07878
15.35 0.07778
15.3667 0.07678
15.3833 0.07579
15.4 0.07481
15.4167 0.07382
15.4333 0.07284
15.45 0.07187
15.4667 0.0709
15.4833 0.06994
15.5 0.06898
15.5167 0.06802
15.5333 0.06707
15.55 0.06613
15.5667 0.06519
15.5833 0.06426
15.6 0.06333
15.6167 0.06241
15.6333 0.06149
15.65 0.06058
15.6667 0.05967
15.6833 0.05877
15.7 0.05788
15.7167 0.05699
15.7333 0.05611
15.75 0.05523
15.7667 0.05436
15.7833 0.0535
15.8 0.05264
15.8167 0.05179
15.8333 0.05095
15.85 0.05011
15.8667 0.04928
15.8833 0.04846
15.9 0.04764
15.9167 0.04683
15.9333 0.04603
15.95 0.04523
15.9667 0.04444
15.9833 0.04366
16.0 0.04288
16.0167 0.04212
16.0333 0.04135
16.05 0.0406
16.0667 0.03985
16.0833 0.03912
16.1 0.03838
16.1167 0.03766
16.1333 0.03694
16.15 0.03623
16.1667 0.03553
16.1833 0.03484
16.2 0.03415
16.2167 0.03347
16.2333 0.0328
16.25 0.03213
16.2667 0.03148
16.2833 0.03083
16.3 0.03019
16.3167 0.02956
16.3333 0.02893
16.35 0.02831
16.3667 0.0277
16.3833 0.0271
16.4 0.02651
16.4167 0.02592
16.4333 0.02534
16.45 0.02477
16.4667 0.02421
16.4833 0.02365
16.5 0.0231
16.5167 0.02256
16.5333 0.02203
16.55 0.02151
16.5667 0.02099
16.5833 0.02048
16.6 0.01998
16.6167 0.01948
16.6333 0.019
16.65 0.01852
16.6667 0.01805
16.6833 0.01758
16.7 0.01713
16.7167 0.01668
16.7333 0.01624
16.75 0.01581
16.7667 0.01538
16.7833 0.01496
16.8 0.01455
16.8167 0.01415
16.8333 0.01375
16.85 0.01336
16.8667 0.01298
16.8833 0.0126
16.9 0.01223
16.9167 0.01187
16.9333 0.01152
16.95 0.01117
16.9667 0.01083
16.9833 0.0105
17.0 0.01017
17.0167 0.009849
17.0333 0.009535
17.05 0.009228
17.0667 0.008927
17.0833 0.008633
17.1 0.008345
17.1167 0.008063
17.1333 0.007788
17.15 0.007519
17.1667 0.007255
17.1833 0.006998
17.2 0.006747
17.2167 0.006501
17.2333 0.006262
17.25 0.006028
17.2667 0.005799
17.2833 0.005576
17.3 0.005359
17.3167 0.005147
17.3333 0.004941
17.35 0.004739
17.3667 0.004543
17.3833 0.004352
17.4 0.004166
17.4167 0.003985
17.4333 0.003809
17.45 0.003637
17.4667 0.00347
17.4833 0.003308
17.5 0.003151
17.5167 0.002998
17.5333 0.002849
17.55 0.002704
17.5667 0.002564
17.5833 0.002428
17.6 0.002297
17.6167 0.002169
17.6333 0.002045
17.65 0.001926
17.6667 0.00181
17.6833 0.001698
17.7 0.00159
17.7167 0.001486
17.7333 0.001386
17.75 0.001289
17.7667 0.001196
17.7833 0.001107
17.8 0.001022
17.8167 0.0009405
17.8333 0.000863
17.85 0.0007896
17.8667 0.0007205
17.8833 0.0006545
17.9 0.0005803
17.9167 0.0005174
17.9333 0.0004643
17.95 0.0004195
17.9667 0.0003657
17.9833 0.000326
18.0 0.0002818
18.0167 0.0002456
18.0333 0.0002154
18.05 0.0001838
18.0667 0.0001564
18.0833 0.0001325
18.1 0.000109
18.1167 9.062e-05
18.1333 7.551e-05
18.15 6.072e-05
18.1667 4.964e-05
18.1833 3.947e-05
18.2 3.105e-05
18.2167 2.424e-05
18.2333 1.871e-05
18.25 1.427e-05
18.2667 1.076e-05
18.2833 7.965e-06
18.3 5.651e-06
18.3167 3.989e-06
18.3333 2.615e-06
18.35 1.655e-06
18.3667 1.02e-06
18.3833 5.98e-07
18.4 3.421e-07
18.4167 1.879e-07
18.4333 9.021e-08
18.45 3.623e-08
18.4667 1.011e-08
18.4833 1.071e-09
18.5 6.086e-11
18.5167 8.611e-13
18.5333 3.052e-15
18.55 3.027e-19
18.5667 0.0
18.5833 0.0
18.6 0.0
18.6167 0.0
18.6333 0.0
18.65 0.0
18.6667 0.0
18.6833 0.0
18.7 0.0
18.7167 0.0
18.7333 0.0
18.75 0.0
18.7667 0.0
18.7833 0.0
18.8 0.0
18.8167 0.0
18.8333 0.0
18.85 0.0
18.8667 0.0
18.8833 0.0
18.9 0.0
18.9167 0.0
18.9333 0.0
18.95 0.0
18.9667 0.0
18.9833 0.0
19.0 0.0
19.0167 0.0
19.0333 0.0
19.05 0.0
19.0667 0.0
19.0833 0.0
19.1 0.0
19.1167 0.0
19.1333 0.0
19.15 0.0
19.1667 0.0
19.1833 0.0
19.2 0.0
19.2167 0.0
19.2333 0.0
19.25 0.0
19.2667 0.0
19.2833 0.0
19.3 0.0
19.3167 0.0
19.3333 0.0
19.35 0.0
19.3667 0.0
19.3833 0.0
19.4 0.0
19.4167 0.0
19.4333 0.0
19.45 0.0
19.4667 0.0
19.4833 0.0
19.5 0.0
19.5167 0.0
19.5333 0.0
19.55 0.0
19.5667 0.0
19.5833 0.0
19.6 0.0
19.6167 0.0
19.6333 0.0
19.65 0.0
19.6667 0.0
19.6833 0.0
19.7 0.0
19.7167 0.0
19.7333 0.0
19.75 0.0
19.7667 0.0
19.7833 0.0
19.8 0.0
19.8167 0.0
19.8333 0.0
19.85 0.0
19.8667 0.0
19.8833 0.0
19.9 0.0
19.9167 0.0
19.9333 0.0
19.95 0.0
19.9667 0.0
19.9833 0.0
20.0 0.0
20.0167 0.0
20.0333 0.0
20.05 0.0
20.0667 0.0
20.0833 0.0
20.1 0.0
20.1167 0.0
20.1333 0.0
20.15 0.0
20.1667 0.0
20.1833 0.0
20.2 0.0
20.2167 0.0
20.2333 0.0
20.25 0.0
20.2667 0.0
20.2833 0.0
20.3 0.0
20.3167 0.0
20.3333 0.0
20.35 0.0
20.3667 0.0
20.3833 0.0
20.4 0.0
20.4167 0.0
20.4333 0.0
20.45 0.0
20.4667 0.0
20.4833 0.0
20.5 0.0
20.5167 0.0
20.5333 0.0
20.55 0.0
20.5667 0.0
20.5833 0.0
20.6 0.0
20.6167 0.0
20.6333 0.0
20.65 0.0
20.6667 0.0
20.6833 0.0
20.7 0.0
20.7167 0.0
20.7333 0.0
20.75 0.0
20.7667 0.0
20.7833 0.0
20.8 0.0
20.8167 0.0
20.8333 0.0
20.85 0.0
20.8667 0.0
20.8833 0.0
20.9 0.0
20.9167 0.0
20.9333 0.0
20.95 0.0
20.9667 0.0
20.9833 0.0
21.0 0.0
21.0167 0.0
21.0333 0.0
21.05 0.0
21.0667 0.0
21.0833 0.0
21.1 0.0
21.1167 0.0
21.1333 0.0
21.15 0.0
21.1667 0.0
21.1833 0.0
21.2 0.0
21.2167 0.0
21.2333 0.0
21.25 0.0
21.2667 0.0
21.2833 0.0
21.3 0.0
21.3167 0.0
21.3333 0.0
21.35 0.0
21.3667 0.0
21.3833 0.0
21.4 0.0
21.4167 0.0
21.4333 0.0
21.45 0.0
21.4667 0.0
21.4833 0.0
21.5 0.0
21.5167 0.0
21.5333 0.0
21.55 0.0
21.5667 0.0
21.5833 0.0
21.6 0.0
21.6167 0.0
21.6333 0.0
21.65 0.0
21.6667 0.0
21.6833 0.0
21.7 0.0
21.7167 0.0
21.7333 0.0
21.75 0.0
21.7667 0.0
21.7833 0.0
21.8 0.0
21.8167 0.0
21.8333 0.0
21.85 0.0
21.8667 0.0
21.8833 0.0
21.9 0.0
21.9167 0.0
21.9333 0.0
21.95 0.0
21.9667 0.0
21.9833 0.0
22.0 0.0
22.0167 0.0
22.0333 0.0
22.05 0.0
22.0667 0.0
22.0833 0.0
22.1 0.0
22.1167 0.0
22.1333 0.0
22.15 0.0
22.1667 0.0
22.1833 0.0
22.2 0.0
22.2167 0.0
22.2333 0.0
22.25 0.0
22.2667 0.0
22.2833 0.0
22.3 0.0
22.3167 0.0
22.3333 0.0
22.35 0.0
22.3667 0.0
22.3833 0.0
22.4 0.0
22.4167 0.0
22.4333 0.0
22.45 0.0
22.4667 0.0
22.4833 0.0
22.5 0.0
22.5167 0.0
22.5333 0.0
22.55 0.0
22.5667 0.0
22.5833 0.0
22.6 0.0
22.6167 0.0
22.6333 0.0
22.65 0.0
22.6667 0.0
22.6833 0.0
22.7 0.0
22.7167 0.0
22.7333 0.0
22.75 0.0
22.7667 0.0
22.7833 0.0
22.8 0.0
22.8167 0.0
22.8333 0.0
22.85 0.0
22.8667 0.0
22.8833 0.0
22.9 0.0
22.9167 0.0
22.9333 0.0
22.95 0.0
22.9667 0.0
22.9833 0.0
23.0 0.0
23.0167 0.0
23.0333 0.0
23.05 0.0
23.0667 0.0
23.0833 0.0
23.1 0.0
23.1167 0.0
23.1333 0.0
23.15 0.0
23.1667 0.0
23.1833 0.0
23.2 0.0
23.2167 0.0
23.2333 0.0
23.25 0.0
23.2667 0.0
23.2833 0.0
23.3 0.0
23.3167 0.0
23.3333 0.0
23.35 0.0
23.3667 0.0
23.3833 0.0
23.4 0.0
23.4167 0.0
23.4333 0.0
23.45 0.0
23.4667 0.0
23.4833 0.0
23.5 0.0
23.5167 0.0
23.5333 0.0
23.55 0.0
23.5667 0.0
23.5833 0.0
23.6 0.0
23.6167 0.0
23.6333 0.0
23.65 0.0
23.6667 0.0
23.6833 0.0
23.7 0.0
23.7167 0.0
23.7333 0.0
23.75 0.0
23.7667 0.0
23.7833 0.0
23.8 0.0
23.8167 0.0
23.8333 0.0
23.85 0.0
23.8667 0.0
23.8833 0.0
23.9 0.0
23.9167 0.0
23.9333 0.0
23.95 0.0
23.9667 0.0
23.9833 0.0
