0.0 0.0
0.0167 0.0
0.0333 0.0
0.05 0.0
0.0667 0.0
0.0833 0.0
0.1 0.0
0.1167 0.0
0.1333 0.0
0.15 0.0
0.1667 0.0
0.1833 0.0
0.2 0.0
0.2167 0.0
0.2333 0.0
0.25 0.0
0.2667 0.0
0.2833 0.0
0.3 0.0
0.3167 0.0
0.3333 0.0
0.35 0.0
0.3667 0.0
0.3833 0.0
0.4 0.0
0.4167 0.0
0.4333 0.0
0.45 0.0
0.4667 0.0
0.4833 0.0
0.5 0.0
0.5167 0.0
0.5333 0.0
0.55 0.0
0.5667 0.0
0.5833 0.0
0.6 0.0
0.6167 0.0
0.6333 0.0
0.65 0.0
0.6667 0.0
0.6833 0.0
0.7 0.0
0.7167 0.0
0.7333 0.0
0.75 0.0
0.7667 0.0
0.7833 0.0
0.8 0.0
0.8167 0.0
0.8333 0.0
0.85 0.0
0.8667 0.0
0.8833 0.0
0.9 0.0
0.9167 0.0
0.9333 0.0
0.95 0.0
0.9667 0.0
0.9833 0.0
1.0 0.0
1.0167 0.0
1.0333 0.0
1.05 0.0
1.0667 0.0
1.0833 0.0
1.1 0.0
1.1167 0.0
1.1333 0.0
1.15 0.0
1.1667 0.0
1.1833 0.0
1.2 0.0
1.2167 0.0
1.2333 0.0
1.25 0.0
1.2667 0.0
1.2833 0.0
1.3 0.0
1.3167 0.0
1.3333 0.0
1.35 0.0
1.3667 0.0
1.3833 0.0
1.4 0.0
1.4167 0.0
1.4333 0.0
1.45 0.0
1.4667 0.0
1.4833 0.0
1.5 0.0
1.5167 0.0
1.5333 0.0
1.55 0.0
1.5667 0.0
1.5833 0.0
1.6 0.0
1.6167 0.0
1.6333 0.0
1.65 0.0
1.6667 0.0
1.6833 0.0
1.7 0.0
1.7167 0.0
1.7333 0.0
1.75 0.0
1.7667 0.0
1.7833 0.0
1.8 0.0
1.8167 0.0
1.8333 0.0
1.85 0.0
1.8667 0.0
1.8833 0.0
1.9 0.0
1.9167 0.0
1.9333 0.0
1.95 0.0
1.9667 0.0
1.9833 0.0
2.0 0.0
2.0167 0.0
2.0333 0.0
2.05 0.0
2.0667 0.0
2.0833 0.0
2.1 0.0
2.1167 0.0
2.1333 0.0
2.15 0.0
2.1667 0.0
2.1833 0.0
2.2 0.0
2.2167 0.0
2.2333 0.0
2.25 0.0
2.2667 0.0
2.2833 0.0
2.3 0.0
2.3167 0.0
2.3333 0.0
2.35 0.0
2.3667 0.0
2.3833 0.0
2.4 0.0
2.4167 0.0
2.4333 0.0
2.45 0.0
2.4667 0.0
2.4833 0.0
2.5 0.0
2.5167 0.0
2.5333 0.0
2.55 0.0
2.5667 0.0
2.5833 0.0
2.6 0.0
2.6167 0.0
2.6333 0.0
2.65 0.0
2.6667 0.0
2.6833 0.0
2.7 0.0
2.7167 0.0
2.7333 0.0
2.75 0.0
2.7667 0.0
2.7833 0.0
2.8 0.0
2.8167 0.0
2.8333 0.0
2.85 0.0
2.8667 0.0
2.8833 0.0
2.9 0.0
2.9167 0.0
2.9333 0.0
2.95 0.0
2.9667 0.0
2.9833 0.0
3.0 0.0
3.0167 0.0
3.0333 0.0
3.05 0.0
3.0667 0.0
3.0833 0.0
3.1 0.0
3.1167 0.0
3.1333 0.0
3.15 0.0
3.1667 0.0
3.1833 0.0
3.2 0.0
3.2167 0.0
3.2333 0.0
3.25 0.0
3.2667 0.0
3.2833 0.0
3.3 0.0
3.3167 0.0
3.3333 0.0
3.35 0.0
3.3667 0.0
3.3833 0.0
3.4 0.0
3.4167 0.0
3.4333 0.0
3.45 0.0
3.4667 0.0
3.4833 0.0
3.5 0.0
3.5167 0.0
3.5333 0.0
3.55 0.0
3.5667 0.0
3.5833 0.0
3.6 0.0
3.6167 0.0
3.6333 0.0
3.65 0.0
3.6667 0.0
3.6833 0.0
3.7 0.0
3.7167 0.0
3.7333 0.0
3.75 0.0
3.7667 0.0
3.7833 0.0
3.8 0.0
3.8167 0.0
3.8333 0.0
3.85 0.0
3.8667 0.0
3.8833 0.0
3.9 0.0
3.9167 0.0
3.9333 0.0
3.95 0.0
3.9667 0.0
3.9833 0.0
4.0 0.0
4.0167 0.0
4.0333 0.0
4.05 0.0
4.0667 0.0
4.0833 0.0
4.1 0.0
4.1167 0.0
4.1333 0.0
4.15 0.0
4.1667 0.0
4.1833 0.0
4.2 0.0
4.2167 0.0
4.2333 0.0
4.25 0.0
4.2667 0.0
4.2833 0.0
4.3 0.0
4.3167 0.0
4.3333 0.0
4.35 0.0
4.3667 0.0
4.3833 0.0
4.4 0.0
4.4167 0.0
4.4333 0.0
4.45 0.0
4.4667 0.0
4.4833 0.0
4.5 0.0
4.5167 0.0
4.5333 0.0
4.55 0.0
4.5667 0.0
4.5833 0.0
4.6 0.0
4.6167 0.0
4.6333 0.0
4.65 0.0
4.6667 0.0
4.6833 0.0
4.7 0.0
4.7167 0.0
4.7333 0.0
4.75 0.0
4.7667 0.0
4.7833 0.0
4.8 0.0
4.8167 0.0
4.8333 0.0
4.85 0.0
4.8667 0.0
4.8833 0.0
4.9 0.0
4.9167 0.0
4.9333 0.0
4.95 0.0
4.9667 0.0
4.9833 0.0
5.0 0.0
5.0167 0.0
5.0333 0.0
5.05 0.0
5.0667 0.0
5.0833 0.0
5.1 0.0
5.1167 0.0
5.1333 0.0
5.15 0.0
5.1667 0.0
5.1833 0.0
5.2 0.0
5.2167 0.0
5.2333 0.0
5.25 0.0
5.2667 0.0
5.2833 0.0
5.3 0.0
5.3167 0.0
5.3333 0.0
5.35 0.0
5.3667 0.0
5.3833 0.0
5.4 0.0
5.4167 0.0
5.4333 0.0
5.45 3.702e-34
5.4667 1.434e-16
5.4833 6.31e-14
5.5 7.228e-12
5.5167 1.95e-10
5.5333 2.485e-09
5.55 1.47e-08
5.5667 4.296e-08
5.5833 9.543e-08
5.6 1.811e-07
5.6167 3.165e-07
5.6333 5.328e-07
5.65 8.818e-07
5.6667 1.381e-06
5.6833 2.131e-06
5.7 3.134e-06
5.7167 4.471e-06
5.7333 6.111e-06
5.75 8.233e-06
5.7667 1.099e-05
5.7833 1.441e-05
5.8 1.852e-05
5.8167 2.335e-05
5.8333 2.94e-05
5.85 3.693e-05
5.8667 4.561e-05
5.8833 5.586e-05
5.9 6.776e-05
5.9167 8.26e-05
5.9333 9.808e-05
5.95 0.0001163
5.9667 0.0001366
5.9833 0.00016
6.0 0.0001865
6.0167 0.0002173
6.0333 0.000246
6.05 0.0002811
6.0667 0.0003192
6.0833 0.0003605
6.1 0.0003998
6.1167 0.0004463
6.1333 0.0005013
6.15 0.0005627
6.1667 0.0006175
6.1833 0.0006762
6.2 0.0007384
6.2167 0.0008041
6.2333 0.0008731
6.25 0.0009452
6.2667 0.001021
6.2833 0.001099
6.3 0.001181
6.3167 0.001266
6.3333 0.001354
6.35 0.001446
6.3667 0.00154
6.3833 0.001638
6.4 0.00174
6.4167 0.001845
6.4333 0.001953
6.45 0.002065
6.4667 0.00218
6.4833 0.002299
6.5 0.002422
6.5167 0.002548
6.5333 0.002679
6.55 0.002813
6.5667 0.002951
6.5833 0.003094
6.6 0.00324
6.6167 0.003391
6.6333 0.003546
6.65 0.003705
6.6667 0.003869
6.6833 0.004038
6.7 0.004211
6.7167 0.004388
6.7333 0.004571
6.75 0.004759
6.7667 0.004951
6.7833 0.005148
6.8 0.005351
6.8167 0.005559
6.8333 0.005772
6.85 0.005991
6.8667 0.006215
6.8833 0.006444
6.9 0.006679
6.9167 0.00692
6.9333 0.007167
6.95 0.00742
6.9667 0.007678
6.9833 0.007943
7.0 0.008214
7.0167 0.008491
7.0333 0.008774
7.05 0.009064
7.0667 0.00936
7.0833 0.009663
7.1 0.009972
7.1167 0.01029
7.1333 0.01061
7.15 0.01094
7.1667 0.01128
7.1833 0.01162
7.2 0.01197
7.2167 0.01233
7.2333 0.0127
7.25 0.01307
7.2667 0.01345
7.2833 0.01383
7.3 0.01423
7.3167 0.01463
7.3333 0.01504
7.35 0.01546
7.3667 0.01588
7.3833 0.01632
7.4 0.01676
7.4167 0.01721
7.4333 0.01766
7.45 0.01813
7.4667 0.0186
7.4833 0.01908
7.5 0.01957
7.5167 0.02007
7.5333 0.02058
7.55 0.02109
7.5667 0.02162
7.5833 0.02215
7.6 0.02269
7.6167 0.02324
7.6333 0.02379
7.65 0.02436
7.6667 0.02493
7.6833 0.02552
7.7 0.02611
7.7167 0.02671
7.7333 0.02732
7.75 0.02794
7.7667 0.02856
7.7833 0.0292
7.8 0.02985
7.8167 0.0305
7.8333 0.03116
7.85 0.03184
7.8667 0.03252
7.8833 0.03321
7.9 0.03391
7.9167 0.03462
7.9333 0.03533
7.95 0.03606
7.9667 0.0368
7.9833 0.03754
8.0 0.0383
8.0167 0.03906
8.0333 0.03983
8.05 0.04061
8.0667 0.0414
8.0833 0.0422
8.1 0.04301
8.1167 0.04383
8.1333 0.04466
8.15 0.04549
8.1667 0.04634
8.1833 0.0472
8.2 0.04806
8.2167 0.04893
8.2333 0.04981
8.25 0.05071
8.2667 0.05161
8.2833 0.05252
8.3 0.05343
8.3167 0.05436
8.3333 0.0553
8.35 0.05624
8.3667 0.0572
8.3833 0.05816
8.4 0.05913
8.4167 0.06011
8.4333 0.0611
8.45 0.0621
8.4667 0.06311
8.4833 0.06412
8.5 0.06515
8.5167 0.06618
8.5333 0.06722
8.55 0.06827
8.5667 0.06933
8.5833 0.0704
8.6 0.07147
8.6167 0.07255
8.6333 0.07365
8.65 0.07475
8.6667 0.07586
8.6833 0.07697
8.7 0.07809
8.7167 0.07923
8.7333 0.08037
8.75 0.08152
8.7667 0.08267
8.7833 0.08383
8.8 0.085
8.8167 0.08618
8.8333 0.08736
8.85 0.08856
8.8667 0.08976
8.8833 0.09097
8.9 0.09218
8.9167 0.09341
8.9333 0.09464
8.95 0.09588
8.9667 0.09709
8.9833 0.09837
9.0 0.09963
9.0167 0.1009
9.0333 0.1022
9.05 0.1034
9.0667 0.1047
9.0833 0.106
9.1 0.1073
9.1167 0.1086
9.1333 0.1099
9.15 0.1112
9.1667 0.1125
9.1833 0.1139
9.2 0.1152
9.2167 0.1165
9.2333 0.1179
9.25 0.1192
9.2667 0.1206
9.2833 0.1219
9.3 0.1233
9.3167 0.1247
9.3333 0.126
9.35 0.1274
9.3667 0.1288
9.3833 0.1302
9.4 0.1316
9.4167 0.133
9.4333 0.1344
9.45 0.1358
9.4667 0.1372
9.4833 0.1386
9.5 0.14
9.5167 0.1414
9.5333 0.1428
9.55 0.1443
9.5667 0.1457
9.5833 0.1471
9.6 0.1486
9.6167 0.15
9.6333 0.1515
9.65 0.1529
9.6667 0.1544
9.6833 0.1557
9.7 0.1573
9.7167 0.1587
9.7333 0.1602
9.75 0.1616
9.7667 0.1631
9.7833 0.1645
9.8 0.166
9.8167 0.1675
9.8333 0.1689
9.85 0.1704
9.8667 0.1718
9.8833 0.1732
9.9 0.1748
9.9167 0.1763
9.9333 0.1777
9.95 0.1792
9.9667 0.1807
9.9833 0.1822
10.0 0.1835
10.0167 0.185
10.0333 0.1866
10.05 0.1881
10.0667 0.1895
10.0833 0.191
10.1 0.1925
10.1167 0.1939
10.1333 0.1954
10.15 0.1969
10.1667 0.1983
10.1833 0.1998
10.2 0.2012
10.2167 0.2026
10.2333 0.2042
10.25 0.2056
10.2667 0.2071
10.2833 0.2085
10.3 0.2099
10.3167 0.2114
10.3333 0.2129
10.35 0.2143
10.3667 0.2158
10.3833 0.2171
10.4 0.2186
10.4167 0.2201
10.4333 0.2215
10.45 0.2229
10.4667 0.2243
10.4833 0.2258
10.5 0.2272
10.5167 0.2286
10.5333 0.23
10.55 0.2314
10.5667 0.2328
10.5833 0.2342
10.6 0.2355
10.6167 0.2369
10.6333 0.2383
10.65 0.2397
10.6667 0.241
10.6833 0.2424
10.7 0.2438
10.7167 0.2451
10.7333 0.2465
10.75 0.2478
10.7667 0.2491
10.7833 0.2505
10.8 0.2518
10.8167 0.2531
10.8333 0.2544
10.85 0.2557
10.8667 0.2569
10.8833 0.2583
10.9 0.2596
10.9167 0.2608
10.9333 0.2621
10.95 0.2634
10.9667 0.2646
10.9833 0.2659
11.0 0.2671
11.0167 0.268
11.0333 0.2696
11.05 0.2708
11.0667 0.272
11.0833 0.2732
11.1 0.2744
11.1167 0.2755
11.1333 0.2767
11.15 0.2778
11.1667 0.279
11.1833 0.2802
11.2 0.2813
11.2167 0.2824
11.2333 0.2836
11.25 0.2847
11.2667 0.2855
11.2833 0.2867
11.3 0.2879
11.3167 0.289
11.3333 0.2901
11.35 0.291
11.3667 0.2921
11.3833 0.2932
11.4 0.2942
11.4167 0.2952
11.4333 0.2962
11.45 0.297
11.4667 0.2982
11.4833 0.2991
11.5 0.3001
11.5167 0.301
11.5333 0.3019
11.55 0.3029
11.5667 0.3038
11.5833 0.3047
11.6 0.3056
11.6167 0.3065
11.6333 0.3073
11.65 0.3082
11.6667 0.309
11.6833 0.3099
11.7 0.3107
11.7167 0.3115
11.7333 0.3123
11.75 0.3131
11.7667 0.3138
11.7833 0.3146
11.8 0.3153
11.8167 0.3161
11.8333 0.3168
11.85 0.3175
11.8667 0.3182
11.8833 0.3188
11.9 0.3196
11.9167 0.3202
11.9333 0.3209
11.95 0.3215
11.9667 0.3221
11.9833 0.3227
12.0 0.3233
12.0167 0.3239
12.0333 0.3245
12.05 0.325
12.0667 0.3255
12.0833 0.3259
12.1 0.3266
12.1167 0.3271
12.1333 0.3272
12.15 0.328
12.1667 0.3285
12.1833 0.329
12.2 0.3294
12.2167 0.3298
12.2333 0.3302
12.25 0.3306
12.2667 0.331
12.2833 0.3313
12.3 0.3317
12.3167 0.332
12.3333 0.3323
12.35 0.3326
12.3667 0.3329
12.3833 0.3332
12.4 0.3335
12.4167 0.3337
12.4333 0.334
12.45 0.3342
12.4667 0.3344
12.4833 0.3346
12.5 0.3348
12.5167 0.3349
12.5333 0.3351
12.55 0.3352
12.5667 0.3353
12.5833 0.3354
12.6 0.3355
12.6167 0.3356
12.6333 0.3357
12.65 0.3357
12.6667 0.3358
12.6833 0.3358
12.7 0.3358
12.7167 0.3358
12.7333 0.3358
12.75 0.3357
12.7667 0.3357
12.7833 0.3356
12.8 0.3355
12.8167 0.3354
12.8333 0.3353
12.85 0.3352
12.8667 0.3351
12.8833 0.3349
12.9 0.3347
12.9167 0.3346
12.9333 0.3344
12.95 0.3342
12.9667 0.3339
12.9833 0.3337
13.0 0.3335
13.0167 0.3332
13.0333 0.3329
13.05 0.3326
13.0667 0.3323
13.0833 0.332
13.1 0.3316
13.1167 0.3313
13.1333 0.3309
13.15 0.3306
13.1667 0.3302
13.1833 0.3298
13.2 0.3293
13.2167 0.3289
13.2333 0.3285
13.25 0.328
13.2667 0.3272
13.2833 0.327
13.3 0.3265
13.3167 0.3258
13.3333 0.3255
13.35 0.325
13.3667 0.3244
13.3833 0.3238
13.4 0.3233
13.4167 0.3227
13.4333 0.3221
13.45 0.3214
13.4667 0.3208
13.4833 0.3202
13.5 0.3195
13.5167 0.3187
13.5333 0.3181
13.55 0.3174
13.5667 0.3167
13.5833 0.316
13.6 0.3153
13.6167 0.3145
13.6333 0.3138
13.65 0.313
13.6667 0.3122
13.6833 0.3114
13.7 0.3106
13.7167 0.3098
13.7333 0.309
13.75 0.3081
13.7667 0.3073
13.7833 0.3064
13.8 0.3055
13.8167 0.3046
13.8333 0.3037
13.85 0.3028
13.8667 0.3019
13.8833 0.301
13.9 0.3
13.9167 0.2991
13.9333 0.2981
13.95 0.2969
13.9667 0.2961
13.9833 0.2951
14.0 0.2941
14.0167 0.2931
14.0333 0.2921
14.05 0.2908
14.0667 0.29
14.0833 0.2888
14.1 0.2878
14.1167 0.2867
14.1333 0.2855
14.15 0.2846
14.1667 0.2835
14.1833 0.2823
14.2 0.2812
14.2167 0.2801
14.2333 0.2789
14.25 0.2778
14.2667 0.2766
14.2833 0.2754
14.3 0.2743
14.3167 0.2731
14.3333 0.2719
14.35 0.2707
14.3667 0.2694
14.3833 0.268
14.4 0.267
14.4167 0.2658
14.4333 0.2645
14.45 0.2633
14.4667 0.262
14.4833 0.2607
14.5 0.2595
14.5167 0.2582
14.5333 0.2569
14.55 0.2556
14.5667 0.2543
14.5833 0.253
14.6 0.2517
14.6167 0.2503
14.6333 0.249
14.65 0.2477
14.6667 0.2463
14.6833 0.245
14.7 0.2437
14.7167 0.2423
14.7333 0.2408
14.75 0.2395
14.7667 0.2382
14.7833 0.2368
14.8 0.2354
14.8167 0.234
14.8333 0.2326
14.85 0.2312
14.8667 0.2299
14.8833 0.2284
14.9 0.227
14.9167 0.2256
14.9333 0.2242
14.95 0.2228
14.9667 0.2214
14.9833 0.2199
15.0 0.2185
15.0167 0.217
15.0333 0.2156
15.05 0.2142
15.0667 0.2127
15.0833 0.2113
15.1 0.2099
15.1167 0.2084
15.1333 0.2069
15.15 0.2055
15.1667 0.204
15.1833 0.2025
15.2 0.2011
15.2167 0.1996
15.2333 0.198
15.25 0.1967
15.2667 0.1952
15.2833 0.1938
15.3 0.1923
15.3167 0.1908
15.3333 0.1894
15.35 0.1879
15.3667 0.1864
15.3833 0.1849
15.4 0.1834
15.4167 0.182
15.4333 0.1805
15.45 0.1791
15.4667 0.1776
15.4833 0.1761
15.5 0.1747
15.5167 0.1732
15.5333 0.1716
15.55 0.1702
15.5667 0.1688
15.5833 0.1673
15.6 0.1659
15.6167 0.1644
15.6333 0.1629
15.65 0.1615
15.6667 0.16
15.6833 0.1586
15.7 0.1571
15.7167 0.1556
15.7333 0.1542
15.75 0.1528
15.7667 0.1513
15.7833 0.1499
15.8 0.1484
15.8167 0.147
15.8333 0.1456
15.85 0.1441
15.8667 0.1427
15.8833 0.1413
15.9 0.1398
15.9167 0.1384
15.9333 0.137
15.95 0.1356
15.9667 0.1342
15.9833 0.1328
16.0 0.1314
16.0167 0.13
16.0333 0.1286
16.05 0.1273
16.0667 0.1259
16.0833 0.1245
16.1 0.1232
16.1167 0.1218
16.1333 0.1204
16.15 0.1191
16.1667 0.1176
16.1833 0.1164
16.2 0.115
16.2167 0.1137
16.2333 0.1124
16.25 0.1111
16.2667 0.1098
16.2833 0.1085
16.3 0.1072
16.3167 0.1059
16.3333 0.1045
16.35 0.1033
16.3667 0.102
16.3833 0.1007
16.4 0.09948
16.4167 0.09822
16.4333 0.09697
16.45 0.09572
16.4667 0.09449
16.4833 0.09325
16.5 0.09203
16.5167 0.09083
16.5333 0.08961
16.55 0.08842
16.5667 0.08722
16.5833 0.08604
16.6 0.08486
16.6167 0.08369
16.6333 0.08253
16.65 0.08137
16.6667 0.08023
16.6833 0.07909
16.7 0.07796
16.7167 0.07683
16.7333 0.07572
16.75 0.07461
16.7667 0.07351
16.7833 0.07242
16.8 0.07134
16.8167 0.07026
16.8333 0.0692
16.85 0.06814
16.8667 0.06709
16.8833 0.06605
16.9 0.06502
16.9167 0.06399
16.9333 0.06298
16.95 0.06197
16.9667 0.06097
16.9833 0.05998
17.0 0.059
17.0167 0.05803
17.0333 0.05707
17.05 0.05612
17.0667 0.05517
17.0833 0.05424
17.1 0.05331
17.1167 0.05239
17.1333 0.05149
17.15 0.05059
17.1667 0.0497
17.1833 0.04881
17.2 0.04794
17.2167 0.04708
17.2333 0.04622
17.25 0.04538
17.2667 0.04454
17.2833 0.04372
17.3 0.0429
17.3167 0.04209
17.3333 0.04129
17.35 0.0405
17.3667 0.03972
17.3833 0.03895
17.4 0.03819
17.4167 0.03743
17.4333 0.03669
17.45 0.03596
17.4667 0.03523
17.4833 0.03451
17.5 0.03381
17.5167 0.03311
17.5333 0.03242
17.55 0.03174
17.5667 0.03107
17.5833 0.0304
17.6 0.02975
17.6167 0.02911
17.6333 0.02847
17.65 0.02784
17.6667 0.02723
17.6833 0.02662
17.7 0.02602
17.7167 0.02543
17.7333 0.02485
17.75 0.02427
17.7667 0.02371
17.7833 0.02315
17.8 0.0226
17.8167 0.02206
17.8333 0.02153
17.85 0.02101
17.8667 0.0205
17.8833 0.01999
17.9 0.0195
17.9167 0.01901
17.9333 0.01853
17.95 0.01806
17.9667 0.01759
17.9833 0.01714
18.0 0.01669
18.0167 0.01625
18.0333 0.01582
18.05 0.01539
18.0667 0.01497
18.0833 0.01457
18.1 0.01416
18.1167 0.01377
18.1333 0.01338
18.15 0.01301
18.1667 0.01263
18.1833 0.01227
18.2 0.01191
18.2167 0.01156
18.2333 0.01122
18.25 0.01089
18.2667 0.01056
18.2833 0.01023
18.3 0.009919
18.3167 0.009611
18.3333 0.009309
18.35 0.009014
18.3667 0.008725
18.3833 0.008443
18.4 0.008166
18.4167 0.007896
18.4333 0.007633
18.45 0.007375
18.4667 0.007123
18.4833 0.006877
18.5 0.006637
18.5167 0.006403
18.5333 0.006174
18.55 0.005951
18.5667 0.005733
18.5833 0.005521
18.6 0.005314
18.6167 0.005112
18.6333 0.004915
18.65 0.004724
18.6667 0.004537
18.6833 0.004355
18.7 0.004178
18.7167 0.004006
18.7333 0.003838
18.75 0.003675
18.7667 0.003516
18.7833 0.003362
18.8 0.003212
18.8167 0.003066
18.8333 0.002925
18.85 0.002787
18.8667 0.002653
18.8833 0.002524
18.9 0.002398
18.9167 0.002276
18.9333 0.002157
18.95 0.002042
18.9667 0.001931
18.9833 0.001824
19.0 0.001719
19.0167 0.001618
19.0333 0.001521
19.05 0.001427
19.0667 0.001336
19.0833 0.001248
19.1 0.001164
19.1167 0.001083
19.1333 0.001005
19.15 0.00093
19.1667 0.0008584
19.1833 0.0007901
19.2 0.0007249
19.2167 0.0006635
19.2333 0.0006056
19.25 0.0005515
19.2667 0.0004888
19.2833 0.0004356
19.3 0.0003907
19.3167 0.0003528
19.3333 0.000309
19.35 0.0002746
19.3667 0.0002383
19.3833 0.0002124
19.4 0.0001818
19.4167 0.0001555
19.4333 0.0001326
19.45 0.0001125
19.4667 9.515e-05
19.4833 7.847e-05
19.5 6.489e-05
19.5167 5.396e-05
19.5333 4.332e-05
19.55 3.514e-05
19.5667 2.814e-05
19.5833 2.214e-05
19.6 1.729e-05
19.6167 1.337e-05
19.6333 1.023e-05
19.65 7.729e-06
19.6667 5.764e-06
19.6833 4.094e-06
19.7 2.886e-06
19.7167 1.918e-06
19.7333 1.258e-06
19.75 7.735e-07
19.7667 4.675e-07
19.7833 2.77e-07
19.8 1.564e-07
19.8167 7.955e-08
19.8333 3.368e-08
19.85 1.012e-08
19.8667 1.459e-09
19.8833 9.243e-11
19.9 2.44e-12
19.9167 1.586e-14
19.9333 2.133e-17
19.95 0.0
19.9667 0.0
19.9833 0.0
20.0 0.0
20.0167 0.0
20.0333 0.0
20.05 0.0
20.0667 0.0
20.0833 0.0
20.1 0.0
20.1167 0.0
20.1333 0.0
20.15 0.0
20.1667 0.0
20.1833 0.0
20.2 0.0
20.2167 0.0
20.2333 0.0
20.25 0.0
20.2667 0.0
20.2833 0.0
20.3 0.0
20.3167 0.0
20.3333 0.0
20.35 0.0
20.3667 0.0
20.3833 0.0
20.4 0.0
20.4167 0.0
20.4333 0.0
20.45 0.0
20.4667 0.0
20.4833 0.0
20.5 0.0
20.5167 0.0
20.5333 0.0
20.55 0.0
20.5667 0.0
20.5833 0.0
20.6 0.0
20.6167 0.0
20.6333 0.0
20.65 0.0
20.6667 0.0
20.6833 0.0
20.7 0.0
20.7167 0.0
20.7333 0.0
20.75 0.0
20.7667 0.0
20.7833 0.0
20.8 0.0
20.8167 0.0
20.8333 0.0
20.85 0.0
20.8667 0.0
20.8833 0.0
20.9 0.0
20.9167 0.0
20.9333 0.0
20.95 0.0
20.9667 0.0
20.9833 0.0
21.0 0.0
21.0167 0.0
21.0333 0.0
21.05 0.0
21.0667 0.0
21.0833 0.0
21.1 0.0
21.1167 0.0
21.1333 0.0
21.15 0.0
21.1667 0.0
21.1833 0.0
21.2 0.0
21.2167 0.0
21.2333 0.0
21.25 0.0
21.2667 0.0
21.2833 0.0
21.3 0.0
21.3167 0.0
21.3333 0.0
21.35 0.0
21.3667 0.0
21.3833 0.0
21.4 0.0
21.4167 0.0
21.4333 0.0
21.45 0.0
21.4667 0.0
21.4833 0.0
21.5 0.0
21.5167 0.0
21.5333 0.0
21.55 0.0
21.5667 0.0
21.5833 0.0
21.6 0.0
21.6167 0.0
21.6333 0.0
21.65 0.0
21.6667 0.0
21.6833 0.0
21.7 0.0
21.7167 0.0
21.7333 0.0
21.75 0.0
21.7667 0.0
21.7833 0.0
21.8 0.0
21.8167 0.0
21.8333 0.0
21.85 0.0
21.8667 0.0
21.8833 0.0
21.9 0.0
21.9167 0.0
21.9333 0.0
21.95 0.0
21.9667 0.0
21.9833 0.0
22.0 0.0
22.0167 0.0
22.0333 0.0
22.05 0.0
22.0667 0.0
22.0833 0.0
22.1 0.0
22.1167 0.0
22.1333 0.0
22.15 0.0
22.1667 0.0
22.1833 0.0
22.2 0.0
22.2167 0.0
22.2333 0.0
22.25 0.0
22.2667 0.0
22.2833 0.0
22.3 0.0
22.3167 0.0
22.3333 0.0
22.35 0.0
22.3667 0.0
22.3833 0.0
22.4 0.0
22.4167 0.0
22.4333 0.0
22.45 0.0
22.4667 0.0
22.4833 0.0
22.5 0.0
22.5167 0.0
22.5333 0.0
22.55 0.0
22.5667 0.0
22.5833 0.0
22.6 0.0
22.6167 0.0
22.6333 0.0
22.65 0.0
22.6667 0.0
22.6833 0.0
22.7 0.0
22.7167 0.0
22.7333 0.0
22.75 0.0
22.7667 0.0
22.7833 0.0
22.8 0.0
22.8167 0.0
22.8333 0.0
22.85 0.0
22.8667 0.0
22.8833 0.0
22.9 0.0
22.9167 0.0
22.9333 0.0
22.95 0.0
22.9667 0.0
22.9833 0.0
23.0 0.0
23.0167 0.0
23.0333 0.0
23.05 0.0
23.0667 0.0
23.0833 0.0
23.1 0.0
23.1167 0.0
23.1333 0.0
23.15 0.0
23.1667 0.0
23.1833 0.0
23.2 0.0
23.2167 0.0
23.2333 0.0
23.25 0.0
23.2667 0.0
23.2833 0.0
23.3 0.0
23.3167 0.0
23.3333 0.0
23.35 0.0
23.3667 0.0
23.3833 0.0
23.4 0.0
23.4167 0.0
23.4333 0.0
23.45 0.0
23.4667 0.0
23.4833 0.0
23.5 0.0
23.5167 0.0
23.5333 0.0
23.55 0.0
23.5667 0.0
23.5833 0.0
23.6 0.0
23.6167 0.0
23.6333 0.0
23.65 0.0
23.6667 0.0
23.6833 0.0
23.7 0.0
23.7167 0.0
23.7333 0.0
23.75 0.0
23.7667 0.0
23.7833 0.0
23.8 0.0
23.8167 0.0
23.8333 0.0
23.85 0.0
23.8667 0.0
23.8833 0.0
23.9 0.0
23.9167 0.0
23.9333 0.0
23.95 0.0
23.9667 0.0
23.9833 0.0
