0.0 0.0
0.0167 0.0
0.0333 0.0
0.05 0.0
0.0667 0.0
0.0833 0.0
0.1 0.0
0.1167 0.0
0.1333 0.0
0.15 0.0
0.1667 0.0
0.1833 0.0
0.2 0.0
0.2167 0.0
0.2333 0.0
0.25 0.0
0.2667 0.0
0.2833 0.0
0.3 0.0
0.3167 0.0
0.3333 0.0
0.35 0.0
0.3667 0.0
0.3833 0.0
0.4 0.0
0.4167 0.0
0.4333 0.0
0.45 0.0
0.4667 0.0
0.4833 0.0
0.5 0.0
0.5167 0.0
0.5333 0.0
0.55 0.0
0.5667 0.0
0.5833 0.0
0.6 0.0
0.6167 0.0
0.6333 0.0
0.65 0.0
0.6667 0.0
0.6833 0.0
0.7 0.0
0.7167 0.0
0.7333 0.0
0.75 0.0
0.7667 0.0
0.7833 0.0
0.8 0.0
0.8167 0.0
0.8333 0.0
0.85 0.0
0.8667 0.0
0.8833 0.0
0.9 0.0
0.9167 0.0
0.9333 0.0
0.95 0.0
0.9667 0.0
0.9833 0.0
1.0 0.0
1.0167 0.0
1.0333 0.0
1.05 0.0
1.0667 0.0
1.0833 0.0
1.1 0.0
1.1167 0.0
1.1333 0.0
1.15 0.0
1.1667 0.0
1.1833 0.0
1.2 0.0
1.2167 0.0
1.2333 0.0
1.25 0.0
1.2667 0.0
1.2833 0.0
1.3 0.0
1.3167 0.0
1.3333 0.0
1.35 0.0
1.3667 0.0
1.3833 0.0
1.4 0.0
1.4167 0.0
1.4333 0.0
1.45 0.0
1.4667 0.0
1.4833 0.0
1.5 0.0
1.5167 0.0
1.5333 0.0
1.55 0.0
1.5667 0.0
1.5833 0.0
1.6 0.0
1.6167 0.0
1.6333 0.0
1.65 0.0
1.6667 0.0
1.6833 0.0
1.7 0.0
1.7167 0.0
1.7333 0.0
1.75 0.0
1.7667 0.0
1.7833 0.0
1.8 0.0
1.8167 0.0
1.8333 0.0
1.85 0.0
1.8667 0.0
1.8833 0.0
1.9 0.0
1.9167 0.0
1.9333 0.0
1.95 0.0
1.9667 0.0
1.9833 0.0
2.0 0.0
2.0167 0.0
2.0333 0.0
2.05 0.0
2.0667 0.0
2.0833 0.0
2.1 0.0
2.1167 0.0
2.1333 0.0
2.15 0.0
2.1667 0.0
2.1833 0.0
2.2 0.0
2.2167 0.0
2.2333 0.0
2.25 0.0
2.2667 0.0
2.2833 0.0
2.3 0.0
2.3167 0.0
2.3333 0.0
2.35 0.0
2.3667 0.0
2.3833 0.0
2.4 0.0
2.4167 0.0
2.4333 0.0
2.45 0.0
2.4667 0.0
2.4833 0.0
2.5 0.0
2.5167 0.0
2.5333 0.0
2.55 0.0
2.5667 0.0
2.5833 0.0
2.6 0.0
2.6167 0.0
2.6333 0.0
2.65 0.0
2.6667 0.0
2.6833 0.0
2.7 0.0
2.7167 0.0
2.7333 0.0
2.75 0.0
2.7667 0.0
2.7833 0.0
2.8 0.0
2.8167 0.0
2.8333 0.0
2.85 0.0
2.8667 0.0
2.8833 0.0
2.9 0.0
2.9167 0.0
2.9333 0.0
2.95 0.0
2.9667 0.0
2.9833 0.0
3.0 0.0
3.0167 0.0
3.0333 0.0
3.05 0.0
3.0667 0.0
3.0833 0.0
3.1 0.0
3.1167 0.0
3.1333 0.0
3.15 0.0
3.1667 0.0
3.1833 0.0
3.2 0.0
3.2167 0.0
3.2333 0.0
3.25 0.0
3.2667 0.0
3.2833 0.0
3.3 0.0
3.3167 0.0
3.3333 0.0
3.35 0.0
3.3667 0.0
3.3833 0.0
3.4 0.0
3.4167 0.0
3.4333 0.0
3.45 0.0
3.4667 0.0
3.4833 0.0
3.5 0.0
3.5167 0.0
3.5333 0.0
3.55 0.0
3.5667 0.0
3.5833 0.0
3.6 0.0
3.6167 0.0
3.6333 0.0
3.65 0.0
3.6667 0.0
3.6833 0.0
3.7 0.0
3.7167 0.0
3.7333 0.0
3.75 0.0
3.7667 0.0
3.7833 0.0
3.8 0.0
3.8167 0.0
3.8333 0.0
3.85 0.0
3.8667 0.0
3.8833 0.0
3.9 0.0
3.9167 0.0
3.9333 0.0
3.95 0.0
3.9667 0.0
3.9833 0.0
4.0 0.0
4.0167 0.0
4.0333 0.0
4.05 0.0
4.0667 0.0
4.0833 0.0
4.1 0.0
4.1167 0.0
4.1333 0.0
4.15 0.0
4.1667 0.0
4.1833 0.0
4.2 0.0
4.2167 0.0
4.2333 0.0
4.25 0.0
4.2667 0.0
4.2833 0.0
4.3 0.0
4.3167 0.0
4.3333 0.0
4.35 0.0
4.3667 0.0
4.3833 0.0
4.4 0.0
4.4167 0.0
4.4333 0.0
4.45 0.0
4.4667 0.0
4.4833 0.0
4.5 0.0
4.5167 0.0
4.5333 0.0
4.55 0.0
4.5667 0.0
4.5833 0.0
4.6 0.0
4.6167 0.0
4.6333 0.0
4.65 0.0
4.6667 0.0
4.6833 0.0
4.7 0.0
4.7167 0.0
4.7333 0.0
4.75 0.0
4.7667 0.0
4.7833 0.0
4.8 0.0
4.8167 0.0
4.8333 0.0
4.85 0.0
4.8667 0.0
4.8833 0.0
4.9 0.0
4.9167 0.0
4.9333 0.0
4.95 0.0
4.9667 0.0
4.9833 0.0
5.0 0.0
5.0167 0.0
5.0333 0.0
5.05 0.0
5.0667 0.0
5.0833 0.0
5.1 0.0
5.1167 0.0
5.1333 0.0
5.15 0.0
5.1667 0.0
5.1833 0.0
5.2 0.0
5.2167 0.0
5.2333 0.0
5.25 0.0
5.2667 0.0
5.2833 0.0
5.3 0.0
5.3167 0.0
5.3333 0.0
5.35 0.0
5.3667 0.0
5.3833 0.0
5.4 0.0
5.4167 0.0
5.4333 0.0
5.45 0.0
5.4667 0.0
5.4833 0.0
5.5 1.833e-33
5.5167 3.245e-16
5.5333 1.358e-13
5.55 1.111e-11
5.5667 3.117e-10
5.5833 3.455e-09
5.6 1.759e-08
5.6167 5.054e-08
5.6333 1.113e-07
5.65 2.073e-07
5.6667 3.606e-07
5.6833 5.982e-07
5.7 9.722e-07
5.7167 1.554e-06
5.7333 2.394e-06
5.75 3.477e-06
5.7667 4.91e-06
5.7833 6.782e-06
5.8 9.049e-06
5.8167 1.193e-05
5.8333 1.554e-05
5.85 2.001e-05
5.8667 2.553e-05
5.8833 3.237e-05
5.9 4.005e-05
5.9167 4.953e-05
5.9333 6.082e-05
5.95 7.388e-05
5.9667 8.839e-05
5.9833 0.0001057
6.0 0.0001261
6.0167 0.0001488
6.0333 0.0001726
6.05 0.0001994
6.0667 0.0002305
6.0833 0.0002679
6.1 0.0002991
6.1167 0.0003454
6.1333 0.000382
6.15 0.0004252
6.1667 0.0004765
6.1833 0.0005372
6.2 0.0005957
6.2167 0.0006535
6.2333 0.0007152
6.25 0.0007804
6.2667 0.0008491
6.2833 0.0009211
6.3 0.0009964
6.3167 0.001075
6.3333 0.001157
6.35 0.001242
6.3667 0.001331
6.3833 0.001422
6.4 0.001518
6.4167 0.001616
6.4333 0.001718
6.45 0.001824
6.4667 0.001933
6.4833 0.002046
6.5 0.002162
6.5167 0.002282
6.5333 0.002406
6.55 0.002534
6.5667 0.002665
6.5833 0.002801
6.6 0.002941
6.6167 0.003085
6.6333 0.003233
6.65 0.003385
6.6667 0.003542
6.6833 0.003704
6.7 0.00387
6.7167 0.00404
6.7333 0.004216
6.75 0.004396
6.7667 0.004581
6.7833 0.004771
6.8 0.004967
6.8167 0.005167
6.8333 0.005373
6.85 0.005584
6.8667 0.005801
6.8833 0.006023
6.9 0.00625
6.9167 0.006484
6.9333 0.006723
6.95 0.006968
6.9667 0.007219
6.9833 0.007477
7.0 0.00774
7.0167 0.008009
7.0333 0.008285
7.05 0.008568
7.0667 0.008856
7.0833 0.009151
7.1 0.009453
7.1167 0.009762
7.1333 0.01008
7.15 0.0104
7.1667 0.01073
7.1833 0.01107
7.2 0.01141
7.2167 0.01176
7.2333 0.01212
7.25 0.01248
7.2667 0.01286
7.2833 0.01324
7.3 0.01363
7.3167 0.01402
7.3333 0.01442
7.35 0.01484
7.3667 0.01525
7.3833 0.01568
7.4 0.01612
7.4167 0.01656
7.4333 0.01701
7.45 0.01747
7.4667 0.01794
7.4833 0.01841
7.5 0.0189
7.5167 0.01939
7.5333 0.01989
7.55 0.0204
7.5667 0.02092
7.5833 0.02145
7.6 0.02198
7.6167 0.02253
7.6333 0.02308
7.65 0.02364
7.6667 0.02422
7.6833 0.0248
7.7 0.02538
7.7167 0.02598
7.7333 0.02659
7.75 0.0272
7.7667 0.02783
7.7833 0.02846
7.8 0.02911
7.8167 0.02976
7.8333 0.03042
7.85 0.03109
7.8667 0.03177
7.8833 0.03246
7.9 0.03316
7.9167 0.03387
7.9333 0.03459
7.95 0.03531
7.9667 0.03605
7.9833 0.0368
8.0 0.03755
8.0167 0.03832
8.0333 0.03909
8.05 0.03988
8.0667 0.04067
8.0833 0.04147
8.1 0.04228
8.1167 0.0431
8.1333 0.04393
8.15 0.04477
8.1667 0.04562
8.1833 0.04648
8.2 0.04735
8.2167 0.04823
8.2333 0.04912
8.25 0.05001
8.2667 0.05092
8.2833 0.05184
8.3 0.05276
8.3167 0.05369
8.3333 0.05464
8.35 0.05559
8.3667 0.05655
8.3833 0.05752
8.4 0.0585
8.4167 0.05949
8.4333 0.06049
8.45 0.0615
8.4667 0.06251
8.4833 0.06354
8.5 0.06457
8.5167 0.06562
8.5333 0.06667
8.55 0.06773
8.5667 0.0688
8.5833 0.06988
8.6 0.07097
8.6167 0.07206
8.6333 0.07317
8.65 0.07428
8.6667 0.0754
8.6833 0.07653
8.7 0.07767
8.7167 0.07882
8.7333 0.07997
8.75 0.08113
8.7667 0.0823
8.7833 0.08348
8.8 0.08467
8.8167 0.08587
8.8333 0.08707
8.85 0.08828
8.8667 0.0895
8.8833 0.09072
8.9 0.09196
8.9167 0.09319
8.9333 0.09445
8.95 0.09567
8.9667 0.09696
8.9833 0.09824
9.0 0.09948
9.0167 0.1008
9.0333 0.1021
9.05 0.1034
9.0667 0.1047
9.0833 0.106
9.1 0.1073
9.1167 0.1086
9.1333 0.11
9.15 0.1113
9.1667 0.1126
9.1833 0.114
9.2 0.1154
9.2167 0.1167
9.2333 0.1181
9.25 0.1195
9.2667 0.1208
9.2833 0.1222
9.3 0.1236
9.3167 0.125
9.3333 0.1264
9.35 0.1278
9.3667 0.1292
9.3833 0.1306
9.4 0.132
9.4167 0.1334
9.4333 0.1349
9.45 0.1363
9.4667 0.1378
9.4833 0.1392
9.5 0.1407
9.5167 0.1421
9.5333 0.1436
9.55 0.145
9.5667 0.1465
9.5833 0.1479
9.6 0.1494
9.6167 0.1509
9.6333 0.1523
9.65 0.1538
9.6667 0.1553
9.6833 0.1568
9.7 0.1583
9.7167 0.1596
9.7333 0.1612
9.75 0.1627
9.7667 0.1642
9.7833 0.1657
9.8 0.1672
9.8167 0.1687
9.8333 0.1702
9.85 0.1717
9.8667 0.1732
9.8833 0.1747
9.9 0.1761
9.9167 0.1777
9.9333 0.1792
9.95 0.1807
9.9667 0.1822
9.9833 0.1837
10.0 0.1853
10.0167 0.1868
10.0333 0.1883
10.05 0.1898
10.0667 0.1913
10.0833 0.1928
10.1 0.1943
10.1167 0.1958
10.1333 0.1973
10.15 0.1988
10.1667 0.2003
10.1833 0.2018
10.2 0.2033
10.2167 0.2048
10.2333 0.2063
10.25 0.2078
10.2667 0.2091
10.2833 0.2108
10.3 0.2122
10.3167 0.2138
10.3333 0.2153
10.35 0.2167
10.3667 0.2182
10.3833 0.2197
10.4 0.2212
10.4167 0.2226
10.4333 0.2241
10.45 0.2256
10.4667 0.227
10.4833 0.2285
10.5 0.2299
10.5167 0.2314
10.5333 0.2328
10.55 0.2343
10.5667 0.2357
10.5833 0.2371
10.6 0.2385
10.6167 0.24
10.6333 0.2414
10.65 0.2428
10.6667 0.2441
10.6833 0.2456
10.7 0.247
10.7167 0.2484
10.7333 0.2498
10.75 0.2511
10.7667 0.2525
10.7833 0.2539
10.8 0.2552
10.8167 0.2566
10.8333 0.258
10.85 0.2593
10.8667 0.2606
10.8833 0.262
10.9 0.2633
10.9167 0.2644
10.9333 0.2659
10.95 0.2672
10.9667 0.2685
10.9833 0.2698
11.0 0.271
11.0167 0.2723
11.0333 0.2736
11.05 0.2748
11.0667 0.2758
11.0833 0.2773
11.1 0.2785
11.1167 0.2797
11.1333 0.2809
11.15 0.2821
11.1667 0.2833
11.1833 0.2845
11.2 0.2857
11.2167 0.2869
11.2333 0.288
11.25 0.2892
11.2667 0.2903
11.2833 0.2914
11.3 0.2925
11.3167 0.2936
11.3333 0.2947
11.35 0.2958
11.3667 0.2969
11.3833 0.298
11.4 0.299
11.4167 0.3001
11.4333 0.3008
11.45 0.3021
11.4667 0.3031
11.4833 0.3041
11.5 0.3051
11.5167 0.3059
11.5333 0.3071
11.55 0.308
11.5667 0.309
11.5833 0.3099
11.6 0.3108
11.6167 0.3117
11.6333 0.3126
11.65 0.3135
11.6667 0.3144
11.6833 0.3153
11.7 0.3161
11.7167 0.3169
11.7333 0.3178
11.75 0.3186
11.7667 0.3191
11.7833 0.3202
11.8 0.321
11.8167 0.3217
11.8333 0.3225
11.85 0.3232
11.8667 0.3239
11.8833 0.3246
11.9 0.3253
11.9167 0.326
11.9333 0.3267
11.95 0.3274
11.9667 0.328
11.9833 0.3285
12.0 0.3293
12.0167 0.3299
12.0333 0.3305
12.05 0.331
12.0667 0.3316
12.0833 0.3321
12.1 0.3327
12.1167 0.3332
12.1333 0.3337
12.15 0.3342
12.1667 0.3347
12.1833 0.3352
12.2 0.3355
12.2167 0.3359
12.2333 0.3365
12.25 0.3369
12.2667 0.337
12.2833 0.3375
12.3 0.338
12.3167 0.3384
12.3333 0.3387
12.35 0.3391
12.3667 0.3394
12.3833 0.3397
12.4 0.34
12.4167 0.3402
12.4333 0.3405
12.45 0.3407
12.4667 0.3409
12.4833 0.3411
12.5 0.3413
12.5167 0.3415
12.5333 0.3417
12.55 0.3418
12.5667 0.342
12.5833 0.3421
12.6 0.3422
12.6167 0.3423
12.6333 0.3424
12.65 0.3424
12.6667 0.3425
12.6833 0.3425
12.7 0.3425
12.7167 0.3425
12.7333 0.3425
12.75 0.3425
12.7667 0.3425
12.7833 0.3424
12.8 0.3423
12.8167 0.3423
12.8333 0.3422
12.85 0.342
12.8667 0.3419
12.8833 0.3418
12.9 0.3416
12.9167 0.3414
12.9333 0.3412
12.95 0.341
12.9667 0.3408
12.9833 0.3406
13.0 0.3403
13.0167 0.3401
13.0333 0.3398
13.05 0.3395
13.0667 0.3392
13.0833 0.3389
13.1 0.3386
13.1167 0.3382
13.1333 0.3378
13.15 0.3371
13.1667 0.337
13.1833 0.3367
13.2 0.3362
13.2167 0.3356
13.2333 0.3354
13.25 0.3349
13.2667 0.3344
13.2833 0.334
13.3 0.3335
13.3167 0.3329
13.3333 0.3324
13.35 0.3319
13.3667 0.3313
13.3833 0.3307
13.4 0.3301
13.4167 0.3295
13.4333 0.3289
13.45 0.3282
13.4667 0.3277
13.4833 0.327
13.5 0.3263
13.5167 0.3257
13.5333 0.325
13.55 0.3243
13.5667 0.3235
13.5833 0.3228
13.6 0.3221
13.6167 0.3213
13.6333 0.3205
13.65 0.3197
13.6667 0.319
13.6833 0.3182
13.7 0.3173
13.7167 0.3165
13.7333 0.3157
13.75 0.3148
13.7667 0.3139
13.7833 0.3131
13.8 0.3122
13.8167 0.3111
13.8333 0.3103
13.85 0.3094
13.8667 0.3085
13.8833 0.3075
13.9 0.3065
13.9167 0.3056
13.9333 0.3046
13.95 0.3036
13.9667 0.3026
13.9833 0.3016
14.0 0.3005
14.0167 0.2993
14.0333 0.2985
14.05 0.2973
14.0667 0.2963
14.0833 0.2951
14.1 0.2939
14.1167 0.2931
14.1333 0.2919
14.15 0.2908
14.1667 0.2897
14.1833 0.2885
14.2 0.2874
14.2167 0.2861
14.2333 0.2851
14.25 0.2839
14.2667 0.2827
14.2833 0.2815
14.3 0.2803
14.3167 0.2791
14.3333 0.2779
14.35 0.2766
14.3667 0.2753
14.3833 0.2741
14.4 0.2729
14.4167 0.2716
14.4333 0.2704
14.45 0.2691
14.4667 0.2678
14.4833 0.2665
14.5 0.2652
14.5167 0.2638
14.5333 0.2626
14.55 0.2612
14.5667 0.2599
14.5833 0.2586
14.6 0.2572
14.6167 0.2558
14.6333 0.2545
14.65 0.2532
14.6667 0.2518
14.6833 0.2503
14.7 0.249
14.7167 0.2474
14.7333 0.2461
14.75 0.2449
14.7667 0.2434
14.7833 0.242
14.8 0.2406
14.8167 0.2392
14.8333 0.2378
14.85 0.2364
14.8667 0.2349
14.8833 0.2335
14.9 0.232
14.9167 0.2306
14.9333 0.2291
14.95 0.2277
14.9667 0.2262
14.9833 0.2247
15.0 0.2232
15.0167 0.2218
15.0333 0.2204
15.05 0.2189
15.0667 0.2174
15.0833 0.2158
15.1 0.2143
15.1167 0.213
15.1333 0.2115
15.15 0.21
15.1667 0.2085
15.1833 0.207
15.2 0.2055
15.2167 0.2039
15.2333 0.2025
15.25 0.201
15.2667 0.1995
15.2833 0.198
15.3 0.1965
15.3167 0.195
15.3333 0.1935
15.35 0.192
15.3667 0.1905
15.3833 0.189
15.4 0.1874
15.4167 0.1859
15.4333 0.1844
15.45 0.1829
15.4667 0.1814
15.4833 0.1799
15.5 0.1784
15.5167 0.1769
15.5333 0.1754
15.55 0.1739
15.5667 0.1724
15.5833 0.1709
15.6 0.1694
15.6167 0.1679
15.6333 0.1664
15.65 0.1649
15.6667 0.1634
15.6833 0.1619
15.7 0.1604
15.7167 0.1589
15.7333 0.1574
15.75 0.156
15.7667 0.1545
15.7833 0.153
15.8 0.1515
15.8167 0.15
15.8333 0.1486
15.85 0.1471
15.8667 0.1456
15.8833 0.1442
15.9 0.1427
15.9167 0.1413
15.9333 0.1398
15.95 0.1384
15.9667 0.137
15.9833 0.1355
16.0 0.1341
16.0167 0.1327
16.0333 0.1313
16.05 0.1298
16.0667 0.1284
16.0833 0.127
16.1 0.1256
16.1167 0.1242
16.1333 0.1228
16.15 0.1214
16.1667 0.1201
16.1833 0.1187
16.2 0.1173
16.2167 0.1159
16.2333 0.1146
16.25 0.1132
16.2667 0.1119
16.2833 0.1106
16.3 0.1092
16.3167 0.1079
16.3333 0.1066
16.35 0.1053
16.3667 0.1039
16.3833 0.1026
16.4 0.1013
16.4167 0.1001
16.4333 0.09878
16.45 0.09751
16.4667 0.09624
16.4833 0.09498
16.5 0.09372
16.5167 0.09248
16.5333 0.09124
16.55 0.09002
16.5667 0.0888
16.5833 0.08758
16.6 0.08638
16.6167 0.08518
16.6333 0.08399
16.65 0.0828
16.6667 0.08163
16.6833 0.08046
16.7 0.0793
16.7167 0.07815
16.7333 0.07701
16.75 0.07588
16.7667 0.07475
16.7833 0.07363
16.8 0.07252
16.8167 0.07142
16.8333 0.07033
16.85 0.06925
16.8667 0.06818
16.8833 0.06711
16.9 0.06605
16.9167 0.06501
16.9333 0.06397
16.95 0.06294
16.9667 0.06192
16.9833 0.06091
17.0 0.0599
17.0167 0.05891
17.0333 0.05793
17.05 0.05695
17.0667 0.05598
17.0833 0.05503
17.1 0.05408
17.1167 0.05314
17.1333 0.05221
17.15 0.05129
17.1667 0.05038
17.1833 0.04948
17.2 0.04859
17.2167 0.04771
17.2333 0.04683
17.25 0.04597
17.2667 0.04512
17.2833 0.04427
17.3 0.04344
17.3167 0.04261
17.3333 0.0418
17.35 0.04099
17.3667 0.04019
17.3833 0.0394
17.4 0.03863
17.4167 0.03786
17.4333 0.0371
17.45 0.03635
17.4667 0.03561
17.4833 0.03488
17.5 0.03415
17.5167 0.03344
17.5333 0.03274
17.55 0.03204
17.5667 0.03136
17.5833 0.03068
17.6 0.03002
17.6167 0.02936
17.6333 0.02871
17.65 0.02808
17.6667 0.02745
17.6833 0.02683
17.7 0.02622
17.7167 0.02561
17.7333 0.02502
17.75 0.02444
17.7667 0.02386
17.7833 0.0233
17.8 0.02274
17.8167 0.02219
17.8333 0.02165
17.85 0.02112
17.8667 0.0206
17.8833 0.02009
17.9 0.01958
17.9167 0.01909
17.9333 0.0186
17.95 0.01812
17.9667 0.01765
17.9833 0.01718
18.0 0.01673
18.0167 0.01628
18.0333 0.01584
18.05 0.01541
18.0667 0.01499
18.0833 0.01458
18.1 0.01417
18.1167 0.01377
18.1333 0.01338
18.15 0.013
18.1667 0.01262
18.1833 0.01225
18.2 0.01189
18.2167 0.01154
18.2333 0.01119
18.25 0.01085
18.2667 0.01052
18.2833 0.01019
18.3 0.009876
18.3167 0.009564
18.3333 0.00926
18.35 0.008962
18.3667 0.00867
18.3833 0.008386
18.4 0.008107
18.4167 0.007835
18.4333 0.007569
18.45 0.00731
18.4667 0.007056
18.4833 0.006809
18.5 0.006567
18.5167 0.006332
18.5333 0.006102
18.55 0.005878
18.5667 0.005659
18.5833 0.005446
18.6 0.005238
18.6167 0.005035
18.6333 0.004838
18.65 0.004646
18.6667 0.004459
18.6833 0.004277
18.7 0.0041
18.7167 0.003927
18.7333 0.00376
18.75 0.003597
18.7667 0.003438
18.7833 0.003284
18.8 0.003134
18.8167 0.002989
18.8333 0.002847
18.85 0.00271
18.8667 0.002577
18.8833 0.002448
18.9 0.002323
18.9167 0.002201
18.9333 0.002083
18.95 0.001969
18.9667 0.001859
18.9833 0.001752
19.0 0.001649
19.0167 0.001549
19.0333 0.001453
19.05 0.00136
19.0667 0.00127
19.0833 0.001184
19.1 0.001101
19.1167 0.001021
19.1333 0.0009445
19.15 0.0008714
19.1667 0.0008016
19.1833 0.0007351
19.2 0.0006723
19.2167 0.0006131
19.2333 0.000558
19.25 0.0004941
19.2667 0.00044
19.2833 0.0003943
19.3 0.0003559
19.3167 0.000311
19.3333 0.0002764
19.35 0.0002394
19.3667 0.0002102
19.3833 0.0001825
19.4 0.0001558
19.4167 0.0001326
19.4333 0.0001125
19.45 9.465e-05
19.4667 7.753e-05
19.4833 6.438e-05
19.5 5.255e-05
19.5167 4.277e-05
19.5333 3.417e-05
19.55 2.738e-05
19.5667 2.172e-05
19.5833 1.688e-05
19.6 1.3e-05
19.6167 9.917e-06
19.6333 7.318e-06
19.65 5.363e-06
19.6667 3.876e-06
19.6833 2.637e-06
19.7 1.772e-06
19.7167 1.112e-06
19.7333 6.799e-07
19.75 4.084e-07
19.7667 2.389e-07
19.7833 1.305e-07
19.8 6.258e-08
19.8167 2.414e-08
19.8333 5.895e-09
19.85 5.897e-10
19.8667 2.934e-11
19.8833 4.461e-13
19.9 1.852e-15
19.9167 1.865e-19
19.9333 0.0
19.95 0.0
19.9667 0.0
19.9833 0.0
20.0 0.0
20.0167 0.0
20.0333 0.0
20.05 0.0
20.0667 0.0
20.0833 0.0
20.1 0.0
20.1167 0.0
20.1333 0.0
20.15 0.0
20.1667 0.0
20.1833 0.0
20.2 0.0
20.2167 0.0
20.2333 0.0
20.25 0.0
20.2667 0.0
20.2833 0.0
20.3 0.0
20.3167 0.0
20.3333 0.0
20.35 0.0
20.3667 0.0
20.3833 0.0
20.4 0.0
20.4167 0.0
20.4333 0.0
20.45 0.0
20.4667 0.0
20.4833 0.0
20.5 0.0
20.5167 0.0
20.5333 0.0
20.55 0.0
20.5667 0.0
20.5833 0.0
20.6 0.0
20.6167 0.0
20.6333 0.0
20.65 0.0
20.6667 0.0
20.6833 0.0
20.7 0.0
20.7167 0.0
20.7333 0.0
20.75 0.0
20.7667 0.0
20.7833 0.0
20.8 0.0
20.8167 0.0
20.8333 0.0
20.85 0.0
20.8667 0.0
20.8833 0.0
20.9 0.0
20.9167 0.0
20.9333 0.0
20.95 0.0
20.9667 0.0
20.9833 0.0
21.0 0.0
21.0167 0.0
21.0333 0.0
21.05 0.0
21.0667 0.0
21.0833 0.0
21.1 0.0
21.1167 0.0
21.1333 0.0
21.15 0.0
21.1667 0.0
21.1833 0.0
21.2 0.0
21.2167 0.0
21.2333 0.0
21.25 0.0
21.2667 0.0
21.2833 0.0
21.3 0.0
21.3167 0.0
21.3333 0.0
21.35 0.0
21.3667 0.0
21.3833 0.0
21.4 0.0
21.4167 0.0
21.4333 0.0
21.45 0.0
21.4667 0.0
21.4833 0.0
21.5 0.0
21.5167 0.0
21.5333 0.0
21.55 0.0
21.5667 0.0
21.5833 0.0
21.6 0.0
21.6167 0.0
21.6333 0.0
21.65 0.0
21.6667 0.0
21.6833 0.0
21.7 0.0
21.7167 0.0
21.7333 0.0
21.75 0.0
21.7667 0.0
21.7833 0.0
21.8 0.0
21.8167 0.0
21.8333 0.0
21.85 0.0
21.8667 0.0
21.8833 0.0
21.9 0.0
21.9167 0.0
21.9333 0.0
21.95 0.0
21.9667 0.0
21.9833 0.0
22.0 0.0
22.0167 0.0
22.0333 0.0
22.05 0.0
22.0667 0.0
22.0833 0.0
22.1 0.0
22.1167 0.0
22.1333 0.0
22.15 0.0
22.1667 0.0
22.1833 0.0
22.2 0.0
22.2167 0.0
22.2333 0.0
22.25 0.0
22.2667 0.0
22.2833 0.0
22.3 0.0
22.3167 0.0
22.3333 0.0
22.35 0.0
22.3667 0.0
22.3833 0.0
22.4 0.0
22.4167 0.0
22.4333 0.0
22.45 0.0
22.4667 0.0
22.4833 0.0
22.5 0.0
22.5167 0.0
22.5333 0.0
22.55 0.0
22.5667 0.0
22.5833 0.0
22.6 0.0
22.6167 0.0
22.6333 0.0
22.65 0.0
22.6667 0.0
22.6833 0.0
22.7 0.0
22.7167 0.0
22.7333 0.0
22.75 0.0
22.7667 0.0
22.7833 0.0
22.8 0.0
22.8167 0.0
22.8333 0.0
22.85 0.0
22.8667 0.0
22.8833 0.0
22.9 0.0
22.9167 0.0
22.9333 0.0
22.95 0.0
22.9667 0.0
22.9833 0.0
23.0 0.0
23.0167 0.0
23.0333 0.0
23.05 0.0
23.0667 0.0
23.0833 0.0
23.1 0.0
23.1167 0.0
23.1333 0.0
23.15 0.0
23.1667 0.0
23.1833 0.0
23.2 0.0
23.2167 0.0
23.2333 0.0
23.25 0.0
23.2667 0.0
23.2833 0.0
23.3 0.0
23.3167 0.0
23.3333 0.0
23.35 0.0
23.3667 0.0
23.3833 0.0
23.4 0.0
23.4167 0.0
23.4333 0.0
23.45 0.0
23.4667 0.0
23.4833 0.0
23.5 0.0
23.5167 0.0
23.5333 0.0
23.55 0.0
23.5667 0.0
23.5833 0.0
23.6 0.0
23.6167 0.0
23.6333 0.0
23.65 0.0
23.6667 0.0
23.6833 0.0
23.7 0.0
23.7167 0.0
23.7333 0.0
23.75 0.0
23.7667 0.0
23.7833 0.0
23.8 0.0
23.8167 0.0
23.8333 0.0
23.85 0.0
23.8667 0.0
23.8833 0.0
23.9 0.0
23.9167 0.0
23.9333 0.0
23.95 0.0
23.9667 0.0
23.9833 0.0
