0.0 0.0
0.0167 0.0
0.0333 0.0
0.05 0.0
0.0667 0.0
0.0833 0.0
0.1 0.0
0.1167 0.0
0.1333 0.0
0.15 0.0
0.1667 0.0
0.1833 0.0
0.2 0.0
0.2167 0.0
0.2333 0.0
0.25 0.0
0.2667 0.0
0.2833 0.0
0.3 0.0
0.3167 0.0
0.3333 0.0
0.35 0.0
0.3667 0.0
0.3833 0.0
0.4 0.0
0.4167 0.0
0.4333 0.0
0.45 0.0
0.4667 0.0
0.4833 0.0
0.5 0.0
0.5167 0.0
0.5333 0.0
0.55 0.0
0.5667 0.0
0.5833 0.0
0.6 0.0
0.6167 0.0
0.6333 0.0
0.65 0.0
0.6667 0.0
0.6833 0.0
0.7 0.0
0.7167 0.0
0.7333 0.0
0.75 0.0
0.7667 0.0
0.7833 0.0
0.8 0.0
0.8167 0.0
0.8333 0.0
0.85 0.0
0.8667 0.0
0.8833 0.0
0.9 0.0
0.9167 0.0
0.9333 0.0
0.95 0.0
0.9667 0.0
0.9833 0.0
1.0 0.0
1.0167 0.0
1.0333 0.0
1.05 0.0
1.0667 0.0
1.0833 0.0
1.1 0.0
1.1167 0.0
1.1333 0.0
1.15 0.0
1.1667 0.0
1.1833 0.0
1.2 0.0
1.2167 0.0
1.2333 0.0
1.25 0.0
1.2667 0.0
1.2833 0.0
1.3 0.0
1.3167 0.0
1.3333 0.0
1.35 0.0
1.3667 0.0
1.3833 0.0
1.4 0.0
1.4167 0.0
1.4333 0.0
1.45 0.0
1.4667 0.0
1.4833 0.0
1.5 0.0
1.5167 0.0
1.5333 0.0
1.55 0.0
1.5667 0.0
1.5833 0.0
1.6 0.0
1.6167 0.0
1.6333 0.0
1.65 0.0
1.6667 0.0
1.6833 0.0
1.7 0.0
1.7167 0.0
1.7333 0.0
1.75 0.0
1.7667 0.0
1.7833 0.0
1.8 0.0
1.8167 0.0
1.8333 0.0
1.85 0.0
1.8667 0.0
1.8833 0.0
1.9 0.0
1.9167 0.0
1.9333 0.0
1.95 0.0
1.9667 0.0
1.9833 0.0
2.0 0.0
2.0167 0.0
2.0333 0.0
2.05 0.0
2.0667 0.0
2.0833 0.0
2.1 0.0
2.1167 0.0
2.1333 0.0
2.15 0.0
2.1667 0.0
2.1833 0.0
2.2 0.0
2.2167 0.0
2.2333 0.0
2.25 0.0
2.2667 0.0
2.2833 0.0
2.3 0.0
2.3167 0.0
2.3333 0.0
2.35 0.0
2.3667 0.0
2.3833 0.0
2.4 0.0
2.4167 0.0
2.4333 0.0
2.45 0.0
2.4667 0.0
2.4833 0.0
2.5 0.0
2.5167 0.0
2.5333 0.0
2.55 0.0
2.5667 0.0
2.5833 0.0
2.6 0.0
2.6167 0.0
2.6333 0.0
2.65 0.0
2.6667 0.0
2.6833 0.0
2.7 0.0
2.7167 0.0
2.7333 0.0
2.75 0.0
2.7667 0.0
2.7833 0.0
2.8 0.0
2.8167 0.0
2.8333 0.0
2.85 0.0
2.8667 0.0
2.8833 0.0
2.9 0.0
2.9167 0.0
2.9333 0.0
2.95 0.0
2.9667 0.0
2.9833 0.0
3.0 0.0
3.0167 0.0
3.0333 0.0
3.05 0.0
3.0667 0.0
3.0833 0.0
3.1 0.0
3.1167 0.0
3.1333 0.0
3.15 0.0
3.1667 0.0
3.1833 0.0
3.2 0.0
3.2167 0.0
3.2333 0.0
3.25 0.0
3.2667 0.0
3.2833 0.0
3.3 0.0
3.3167 0.0
3.3333 0.0
3.35 0.0
3.3667 0.0
3.3833 0.0
3.4 0.0
3.4167 0.0
3.4333 0.0
3.45 0.0
3.4667 0.0
3.4833 0.0
3.5 0.0
3.5167 0.0
3.5333 0.0
3.55 0.0
3.5667 0.0
3.5833 0.0
3.6 0.0
3.6167 0.0
3.6333 0.0
3.65 0.0
3.6667 0.0
3.6833 0.0
3.7 0.0
3.7167 0.0
3.7333 0.0
3.75 0.0
3.7667 0.0
3.7833 0.0
3.8 0.0
3.8167 0.0
3.8333 0.0
3.85 0.0
3.8667 0.0
3.8833 0.0
3.9 0.0
3.9167 0.0
3.9333 0.0
3.95 0.0
3.9667 0.0
3.9833 0.0
4.0 0.0
4.0167 0.0
4.0333 0.0
4.05 0.0
4.0667 0.0
4.0833 0.0
4.1 0.0
4.1167 0.0
4.1333 0.0
4.15 0.0
4.1667 0.0
4.1833 0.0
4.2 0.0
4.2167 0.0
4.2333 0.0
4.25 0.0
4.2667 0.0
4.2833 0.0
4.3 0.0
4.3167 0.0
4.3333 0.0
4.35 0.0
4.3667 0.0
4.3833 0.0
4.4 0.0
4.4167 0.0
4.4333 0.0
4.45 0.0
4.4667 0.0
4.4833 0.0
4.5 0.0
4.5167 0.0
4.5333 0.0
4.55 0.0
4.5667 0.0
4.5833 0.0
4.6 0.0
4.6167 0.0
4.6333 0.0
4.65 0.0
4.6667 0.0
4.6833 0.0
4.7 0.0
4.7167 0.0
4.7333 0.0
4.75 0.0
4.7667 0.0
4.7833 0.0
4.8 0.0
4.8167 0.0
4.8333 0.0
4.85 0.0
4.8667 0.0
4.8833 0.0
4.9 0.0
4.9167 0.0
4.9333 0.0
4.95 0.0
4.9667 0.0
4.9833 0.0
5.0 0.0
5.0167 0.0
5.0333 0.0
5.05 0.0
5.0667 0.0
5.0833 0.0
5.1 0.0
5.1167 0.0
5.1333 0.0
5.15 0.0
5.1667 0.0
5.1833 0.0
5.2 0.0
5.2167 0.0
5.2333 0.0
5.25 0.0
5.2667 0.0
5.2833 0.0
5.3 0.0
5.3167 0.0
5.3333 0.0
5.35 0.0
5.3667 0.0
5.3833 0.0
5.4 0.0
5.4167 0.0
5.4333 0.0
5.45 0.0
5.4667 0.0
5.4833 0.0
5.5 0.0
5.5167 0.0
5.5333 0.0
5.55 0.0
5.5667 0.0
5.5833 0.0
5.6 0.0
5.6167 0.0
5.6333 0.0
5.65 0.0
5.6667 0.0
5.6833 0.0
5.7 0.0
5.7167 0.0
5.7333 0.0
5.75 0.0
5.7667 0.0
5.7833 0.0
5.8 0.0
5.8167 0.0
5.8333 0.0
5.85 0.0
5.8667 0.0
5.8833 0.0
5.9 0.0
5.9167 0.0
5.9333 0.0
5.95 0.0
5.9667 0.0
5.9833 0.0
6.0 0.0
6.0167 0.0
6.0333 0.0
6.05 0.0
6.0667 0.0
6.0833 0.0
6.1 0.0
6.1167 0.0
6.1333 0.0
6.15 0.0
6.1667 0.0
6.1833 0.0
6.2 5.42e-20
6.2167 1.452e-15
6.2333 4.644e-13
6.25 3.659e-11
6.2667 8.327e-10
6.2833 8.16e-09
6.3 3.346e-08
6.3167 8.429e-08
6.3333 1.747e-07
6.35 3.27e-07
6.3667 5.772e-07
6.3833 9.806e-07
6.4 1.616e-06
6.4167 2.572e-06
6.4333 3.939e-06
6.45 5.595e-06
6.4667 7.925e-06
6.4833 1.07e-05
6.5 1.423e-05
6.5167 1.87e-05
6.5333 2.427e-05
6.55 3.113e-05
6.5667 3.956e-05
6.5833 5.002e-05
6.6 6.122e-05
6.6167 7.584e-05
6.6333 9.143e-05
6.65 0.0001111
6.6667 0.0001334
6.6833 0.0001576
6.7 0.0001854
6.7167 0.0002172
6.7333 0.0002541
6.75 0.000286
6.7667 0.0003297
6.7833 0.0003727
6.8 0.0004245
6.8167 0.0004712
6.8333 0.0005266
6.85 0.0005922
6.8667 0.0006663
6.8833 0.0007321
6.9 0.0008024
6.9167 0.0008772
6.9333 0.0009561
6.95 0.001039
6.9667 0.001126
6.9833 0.001216
7.0 0.00131
7.0167 0.001408
7.0333 0.00151
7.05 0.001616
7.0667 0.001726
7.0833 0.001839
7.1 0.001957
7.1167 0.002079
7.1333 0.002204
7.15 0.002334
7.1667 0.002468
7.1833 0.002606
7.2 0.002749
7.2167 0.002896
7.2333 0.003047
7.25 0.003203
7.2667 0.003363
7.2833 0.003528
7.3 0.003698
7.3167 0.003872
7.3333 0.004052
7.35 0.004236
7.3667 0.004426
7.3833 0.00462
7.4 0.00482
7.4167 0.005026
7.4333 0.005236
7.45 0.005452
7.4667 0.005674
7.4833 0.005901
7.5 0.006134
7.5167 0.006373
7.5333 0.006617
7.55 0.006867
7.5667 0.007124
7.5833 0.007387
7.6 0.007656
7.6167 0.007931
7.6333 0.008213
7.65 0.0085
7.6667 0.008794
7.6833 0.009095
7.7 0.009402
7.7167 0.009717
7.7333 0.01004
7.75 0.01036
7.7667 0.0107
7.7833 0.01104
7.8 0.01139
7.8167 0.01174
7.8333 0.01211
7.85 0.01248
7.8667 0.01285
7.8833 0.01324
7.9 0.01363
7.9167 0.01403
7.9333 0.01443
7.95 0.01485
7.9667 0.01527
7.9833 0.0157
8.0 0.01613
8.0167 0.01658
8.0333 0.01703
8.05 0.01749
8.0667 0.01796
8.0833 0.01843
8.1 0.01891
8.1167 0.0194
8.1333 0.0199
8.15 0.02041
8.1667 0.02092
8.1833 0.02145
8.2 0.02198
8.2167 0.02251
8.2333 0.02306
8.25 0.02361
8.2667 0.02418
8.2833 0.02475
8.3 0.02532
8.3167 0.02591
8.3333 0.0265
8.35 0.02711
8.3667 0.02772
8.3833 0.02834
8.4 0.02896
8.4167 0.02959
8.4333 0.03024
8.45 0.03089
8.4667 0.03155
8.4833 0.03221
8.5 0.03289
8.5167 0.03357
8.5333 0.03426
8.55 0.03496
8.5667 0.03566
8.5833 0.03638
8.6 0.0371
8.6167 0.03783
8.6333 0.03856
8.65 0.03931
8.6667 0.04006
8.6833 0.04082
8.7 0.04159
8.7167 0.04236
8.7333 0.04315
8.75 0.04394
8.7667 0.04473
8.7833 0.04554
8.8 0.04635
8.8167 0.04717
8.8333 0.048
8.85 0.04883
8.8667 0.04967
8.8833 0.05052
8.9 0.05137
8.9167 0.05224
8.9333 0.05311
8.95 0.05398
8.9667 0.05486
8.9833 0.05575
9.0 0.05665
9.0167 0.05755
9.0333 0.05846
9.05 0.05937
9.0667 0.06029
9.0833 0.06122
9.1 0.06215
9.1167 0.06309
9.1333 0.06404
9.15 0.06499
9.1667 0.06594
9.1833 0.06691
9.2 0.06788
9.2167 0.06885
9.2333 0.06983
9.25 0.07081
9.2667 0.0718
9.2833 0.0728
9.3 0.0738
9.3167 0.0748
9.3333 0.07581
9.35 0.07683
9.3667 0.07784
9.3833 0.07887
9.4 0.0799
9.4167 0.08093
9.4333 0.08196
9.45 0.08301
9.4667 0.08405
9.4833 0.0851
9.5 0.08615
9.5167 0.08721
9.5333 0.08827
9.55 0.08933
9.5667 0.0904
9.5833 0.09147
9.6 0.09254
9.6167 0.09361
9.6333 0.09469
9.65 0.09577
9.6667 0.09686
9.6833 0.09795
9.7 0.09904
9.7167 0.1001
9.7333 0.1012
9.75 0.1023
9.7667 0.1034
9.7833 0.1045
9.8 0.1056
9.8167 0.1067
9.8333 0.1078
9.85 0.1089
9.8667 0.11
9.8833 0.1111
9.9 0.1122
9.9167 0.1133
9.9333 0.1145
9.95 0.1156
9.9667 0.1167
9.9833 0.1178
10.0 0.1189
10.0167 0.12
10.0333 0.1211
10.05 0.1222
10.0667 0.1233
10.0833 0.1245
10.1 0.1256
10.1167 0.1267
10.1333 0.1277
10.15 0.1289
10.1667 0.13
10.1833 0.1311
10.2 0.1322
10.2167 0.1333
10.2333 0.1344
10.25 0.1355
10.2667 0.1366
10.2833 0.1377
10.3 0.1388
10.3167 0.1399
10.3333 0.141
10.35 0.142
10.3667 0.1431
10.3833 0.1442
10.4 0.1453
10.4167 0.1463
10.4333 0.1474
10.45 0.1485
10.4667 0.1495
10.4833 0.1506
10.5 0.1517
10.5167 0.1526
10.5333 0.1538
10.55 0.1548
10.5667 0.1558
10.5833 0.1569
10.6 0.1579
10.6167 0.1589
10.6333 0.1599
10.65 0.161
10.6667 0.162
10.6833 0.163
10.7 0.164
10.7167 0.1649
10.7333 0.1659
10.75 0.1669
10.7667 0.1679
10.7833 0.1689
10.8 0.1698
10.8167 0.1708
10.8333 0.1718
10.85 0.1727
10.8667 0.1736
10.8833 0.1746
10.9 0.1755
10.9167 0.1764
10.9333 0.1773
10.95 0.1782
10.9667 0.1791
10.9833 0.18
11.0 0.1809
11.0167 0.1818
11.0333 0.1826
11.05 0.1835
11.0667 0.1844
11.0833 0.1852
11.1 0.186
11.1167 0.1869
11.1333 0.1877
11.15 0.1885
11.1667 0.1893
11.1833 0.1901
11.2 0.1909
11.2167 0.1917
11.2333 0.1925
11.25 0.1932
11.2667 0.194
11.2833 0.1947
11.3 0.1954
11.3167 0.1962
11.3333 0.1969
11.35 0.1976
11.3667 0.1983
11.3833 0.199
11.4 0.1997
11.4167 0.2003
11.4333 0.201
11.45 0.2016
11.4667 0.2023
11.4833 0.2029
11.5 0.2035
11.5167 0.2041
11.5333 0.2047
11.55 0.2053
11.5667 0.2058
11.5833 0.2064
11.6 0.2069
11.6167 0.2075
11.6333 0.208
11.65 0.2086
11.6667 0.2091
11.6833 0.2096
11.7 0.2101
11.7167 0.2106
11.7333 0.211
11.75 0.2115
11.7667 0.2119
11.7833 0.2123
11.8 0.2128
11.8167 0.2132
11.8333 0.2136
11.85 0.214
11.8667 0.2143
11.8833 0.2147
11.9 0.215
11.9167 0.2154
11.9333 0.2157
11.95 0.2159
11.9667 0.2163
11.9833 0.2166
12.0 0.2169
12.0167 0.2172
12.0333 0.2174
12.05 0.2177
12.0667 0.2179
12.0833 0.2181
12.1 0.2183
12.1167 0.2185
12.1333 0.2187
12.15 0.2189
12.1667 0.219
12.1833 0.2192
12.2 0.2193
12.2167 0.2194
12.2333 0.2196
12.25 0.2196
12.2667 0.2197
12.2833 0.2198
12.3 0.2199
12.3167 0.2199
12.3333 0.2199
12.35 0.22
12.3667 0.22
12.3833 0.22
12.4 0.22
12.4167 0.2199
12.4333 0.2199
12.45 0.2199
12.4667 0.2198
12.4833 0.2197
12.5 0.2196
12.5167 0.2195
12.5333 0.2194
12.55 0.2193
12.5667 0.2192
12.5833 0.219
12.6 0.2188
12.6167 0.2187
12.6333 0.2185
12.65 0.2183
12.6667 0.2181
12.6833 0.2179
12.7 0.2176
12.7167 0.2174
12.7333 0.2171
12.75 0.2168
12.7667 0.2166
12.7833 0.2163
12.8 0.2159
12.8167 0.2156
12.8333 0.2153
12.85 0.215
12.8667 0.2146
12.8833 0.2142
12.9 0.2139
12.9167 0.2134
12.9333 0.213
12.95 0.2127
12.9667 0.2123
12.9833 0.2118
13.0 0.2113
13.0167 0.2109
13.0333 0.2105
13.05 0.21
13.0667 0.2095
13.0833 0.209
13.1 0.2084
13.1167 0.2078
13.1333 0.2074
13.15 0.2068
13.1667 0.2063
13.1833 0.2057
13.2 0.2052
13.2167 0.2046
13.2333 0.204
13.25 0.2033
13.2667 0.2028
13.2833 0.2021
13.3 0.2015
13.3167 0.2008
13.3333 0.2002
13.35 0.1995
13.3667 0.1988
13.3833 0.1981
13.4 0.1975
13.4167 0.1967
13.4333 0.196
13.45 0.1953
13.4667 0.1946
13.4833 0.1938
13.5 0.1931
13.5167 0.1923
13.5333 0.1915
13.55 0.1908
13.5667 0.1899
13.5833 0.1892
13.6 0.1884
13.6167 0.1875
13.6333 0.1867
13.65 0.1859
13.6667 0.1851
13.6833 0.1842
13.7 0.1833
13.7167 0.1825
13.7333 0.1816
13.75 0.1807
13.7667 0.1799
13.7833 0.179
13.8 0.1781
13.8167 0.1772
13.8333 0.1762
13.85 0.1753
13.8667 0.1743
13.8833 0.1735
13.9 0.1725
13.9167 0.1716
13.9333 0.1706
13.95 0.1697
13.9667 0.1687
13.9833 0.1677
14.0 0.1667
14.0167 0.1657
14.0333 0.1648
14.05 0.1638
14.0667 0.1628
14.0833 0.1618
14.1 0.1608
14.1167 0.1597
14.1333 0.1587
14.15 0.1576
14.1667 0.1567
14.1833 0.1556
14.2 0.1546
14.2167 0.1535
14.2333 0.1525
14.25 0.1514
14.2667 0.1504
14.2833 0.1493
14.3 0.1483
14.3167 0.1472
14.3333 0.1461
14.35 0.145
14.3667 0.144
14.3833 0.1429
14.4 0.1418
14.4167 0.1407
14.4333 0.1396
14.45 0.1386
14.4667 0.1374
14.4833 0.1364
14.5 0.1353
14.5167 0.1342
14.5333 0.1331
14.55 0.132
14.5667 0.1309
14.5833 0.1297
14.6 0.1287
14.6167 0.1276
14.6333 0.1265
14.65 0.1253
14.6667 0.1242
14.6833 0.1231
14.7 0.122
14.7167 0.1209
14.7333 0.1198
14.75 0.1187
14.7667 0.1176
14.7833 0.1165
14.8 0.1153
14.8167 0.1142
14.8333 0.1131
14.85 0.112
14.8667 0.1109
14.8833 0.1098
14.9 0.1087
14.9167 0.1076
14.9333 0.1065
14.95 0.1054
14.9667 0.1043
14.9833 0.1032
15.0 0.1021
15.0167 0.101
15.0333 0.09991
15.05 0.09882
15.0667 0.09773
15.0833 0.09664
15.1 0.09556
15.1167 0.09448
15.1333 0.0934
15.15 0.09232
15.1667 0.09125
15.1833 0.09018
15.2 0.08912
15.2167 0.08806
15.2333 0.087
15.25 0.08594
15.2667 0.08489
15.2833 0.08384
15.3 0.0828
15.3167 0.08176
15.3333 0.08072
15.35 0.07969
15.3667 0.07867
15.3833 0.07764
15.4 0.07663
15.4167 0.07561
15.4333 0.0746
15.45 0.0736
15.4667 0.0726
15.4833 0.07161
15.5 0.07062
15.5167 0.06963
15.5333 0.06866
15.55 0.06768
15.5667 0.06672
15.5833 0.06576
15.6 0.0648
15.6167 0.06385
15.6333 0.06291
15.65 0.06197
15.6667 0.06104
15.6833 0.06011
15.7 0.05919
15.7167 0.05828
15.7333 0.05737
15.75 0.05647
15.7667 0.05558
15.7833 0.05469
15.8 0.05381
15.8167 0.05293
15.8333 0.05207
15.85 0.05121
15.8667 0.05035
15.8833 0.04951
15.9 0.04867
15.9167 0.04783
15.9333 0.04701
15.95 0.04619
15.9667 0.04538
15.9833 0.04458
16.0 0.04378
16.0167 0.04299
16.0333 0.04221
16.05 0.04144
16.0667 0.04067
16.0833 0.03991
16.1 0.03916
16.1167 0.03842
16.1333 0.03769
16.15 0.03696
16.1667 0.03624
16.1833 0.03553
16.2 0.03482
16.2167 0.03413
16.2333 0.03344
16.25 0.03276
16.2667 0.03208
16.2833 0.03142
16.3 0.03076
16.3167 0.03011
16.3333 0.02947
16.35 0.02884
16.3667 0.02822
16.3833 0.0276
16.4 0.02699
16.4167 0.02639
16.4333 0.0258
16.45 0.02521
16.4667 0.02464
16.4833 0.02407
16.5 0.02351
16.5167 0.02296
16.5333 0.02241
16.55 0.02187
16.5667 0.02135
16.5833 0.02083
16.6 0.02031
16.6167 0.01981
16.6333 0.01931
16.65 0.01882
16.6667 0.01834
16.6833 0.01787
16.7 0.0174
16.7167 0.01694
16.7333 0.01649
16.75 0.01605
16.7667 0.01562
16.7833 0.01519
16.8 0.01477
16.8167 0.01436
16.8333 0.01395
16.85 0.01355
16.8667 0.01316
16.8833 0.01278
16.9 0.01241
16.9167 0.01204
16.9333 0.01168
16.95 0.01132
16.9667 0.01098
16.9833 0.01064
17.0 0.0103
17.0167 0.009977
17.0333 0.009658
17.05 0.009345
17.0667 0.009039
17.0833 0.008739
17.1 0.008447
17.1167 0.00816
17.1333 0.00788
17.15 0.007606
17.1667 0.007338
17.1833 0.007077
17.2 0.006821
17.2167 0.006572
17.2333 0.006329
17.25 0.006091
17.2667 0.005859
17.2833 0.005633
17.3 0.005412
17.3167 0.005197
17.3333 0.004988
17.35 0.004784
17.3667 0.004585
17.3833 0.004391
17.4 0.004202
17.4167 0.004019
17.4333 0.00384
17.45 0.003667
17.4667 0.003498
17.4833 0.003334
17.5 0.003174
17.5167 0.003019
17.5333 0.002869
17.55 0.002723
17.5667 0.002581
17.5833 0.002444
17.6 0.002311
17.6167 0.002182
17.6333 0.002057
17.65 0.001936
17.6667 0.001819
17.6833 0.001706
17.7 0.001597
17.7167 0.001492
17.7333 0.001391
17.75 0.001293
17.7667 0.0012
17.7833 0.00111
17.8 0.001024
17.8167 0.0009418
17.8333 0.0008637
17.85 0.0007897
17.8667 0.00072
17.8833 0.000655
17.9 0.0005798
17.9167 0.0005161
17.9333 0.0004624
17.95 0.0004172
17.9667 0.0003636
17.9833 0.0003236
18.0 0.0002794
18.0167 0.0002431
18.0333 0.000213
18.05 0.0001815
18.0667 0.0001542
18.0833 0.000129
18.1 0.0001068
18.1167 8.88e-05
18.1333 7.352e-05
18.15 5.919e-05
18.1667 4.757e-05
18.1833 3.838e-05
18.2 3.006e-05
18.2167 2.336e-05
18.2333 1.797e-05
18.25 1.368e-05
18.2667 1.019e-05
18.2833 7.393e-06
18.3 5.328e-06
18.3167 3.624e-06
18.3333 2.41e-06
18.35 1.503e-06
18.3667 8.947e-07
18.3833 5.19e-07
18.4 2.938e-07
18.4167 1.577e-07
18.4333 7.539e-08
18.45 2.703e-08
18.4667 6.172e-09
18.4833 5.084e-10
18.5 2.172e-11
18.5167 1.962e-13
18.5333 3.846e-16
18.55 9.933e-34
18.5667 0.0
18.5833 0.0
18.6 0.0
18.6167 0.0
18.6333 0.0
18.65 0.0
18.6667 0.0
18.6833 0.0
18.7 0.0
18.7167 0.0
18.7333 0.0
18.75 0.0
18.7667 0.0
18.7833 0.0
18.8 0.0
18.8167 0.0
18.8333 0.0
18.85 0.0
18.8667 0.0
18.8833 0.0
18.9 0.0
18.9167 0.0
18.9333 0.0
18.95 0.0
18.9667 0.0
18.9833 0.0
19.0 0.0
19.0167 0.0
19.0333 0.0
19.05 0.0
19.0667 0.0
19.0833 0.0
19.1 0.0
19.1167 0.0
19.1333 0.0
19.15 0.0
19.1667 0.0
19.1833 0.0
19.2 0.0
19.2167 0.0
19.2333 0.0
19.25 0.0
19.2667 0.0
19.2833 0.0
19.3 0.0
19.3167 0.0
19.3333 0.0
19.35 0.0
19.3667 0.0
19.3833 0.0
19.4 0.0
19.4167 0.0
19.4333 0.0
19.45 0.0
19.4667 0.0
19.4833 0.0
19.5 0.0
19.5167 0.0
19.5333 0.0
19.55 0.0
19.5667 0.0
19.5833 0.0
19.6 0.0
19.6167 0.0
19.6333 0.0
19.65 0.0
19.6667 0.0
19.6833 0.0
19.7 0.0
19.7167 0.0
19.7333 0.0
19.75 0.0
19.7667 0.0
19.7833 0.0
19.8 0.0
19.8167 0.0
19.8333 0.0
19.85 0.0
19.8667 0.0
19.8833 0.0
19.9 0.0
19.9167 0.0
19.9333 0.0
19.95 0.0
19.9667 0.0
19.9833 0.0
20.0 0.0
20.0167 0.0
20.0333 0.0
20.05 0.0
20.0667 0.0
20.0833 0.0
20.1 0.0
20.1167 0.0
20.1333 0.0
20.15 0.0
20.1667 0.0
20.1833 0.0
20.2 0.0
20.2167 0.0
20.2333 0.0
20.25 0.0
20.2667 0.0
20.2833 0.0
20.3 0.0
20.3167 0.0
20.3333 0.0
20.35 0.0
20.3667 0.0
20.3833 0.0
20.4 0.0
20.4167 0.0
20.4333 0.0
20.45 0.0
20.4667 0.0
20.4833 0.0
20.5 0.0
20.5167 0.0
20.5333 0.0
20.55 0.0
20.5667 0.0
20.5833 0.0
20.6 0.0
20.6167 0.0
20.6333 0.0
20.65 0.0
20.6667 0.0
20.6833 0.0
20.7 0.0
20.7167 0.0
20.7333 0.0
20.75 0.0
20.7667 0.0
20.7833 0.0
20.8 0.0
20.8167 0.0
20.8333 0.0
20.85 0.0
20.8667 0.0
20.8833 0.0
20.9 0.0
20.9167 0.0
20.9333 0.0
20.95 0.0
20.9667 0.0
20.9833 0.0
21.0 0.0
21.0167 0.0
21.0333 0.0
21.05 0.0
21.0667 0.0
21.0833 0.0
21.1 0.0
21.1167 0.0
21.1333 0.0
21.15 0.0
21.1667 0.0
21.1833 0.0
21.2 0.0
21.2167 0.0
21.2333 0.0
21.25 0.0
21.2667 0.0
21.2833 0.0
21.3 0.0
21.3167 0.0
21.3333 0.0
21.35 0.0
21.3667 0.0
21.3833 0.0
21.4 0.0
21.4167 0.0
21.4333 0.0
21.45 0.0
21.4667 0.0
21.4833 0.0
21.5 0.0
21.5167 0.0
21.5333 0.0
21.55 0.0
21.5667 0.0
21.5833 0.0
21.6 0.0
21.6167 0.0
21.6333 0.0
21.65 0.0
21.6667 0.0
21.6833 0.0
21.7 0.0
21.7167 0.0
21.7333 0.0
21.75 0.0
21.7667 0.0
21.7833 0.0
21.8 0.0
21.8167 0.0
21.8333 0.0
21.85 0.0
21.8667 0.0
21.8833 0.0
21.9 0.0
21.9167 0.0
21.9333 0.0
21.95 0.0
21.9667 0.0
21.9833 0.0
22.0 0.0
22.0167 0.0
22.0333 0.0
22.05 0.0
22.0667 0.0
22.0833 0.0
22.1 0.0
22.1167 0.0
22.1333 0.0
22.15 0.0
22.1667 0.0
22.1833 0.0
22.2 0.0
22.2167 0.0
22.2333 0.0
22.25 0.0
22.2667 0.0
22.2833 0.0
22.3 0.0
22.3167 0.0
22.3333 0.0
22.35 0.0
22.3667 0.0
22.3833 0.0
22.4 0.0
22.4167 0.0
22.4333 0.0
22.45 0.0
22.4667 0.0
22.4833 0.0
22.5 0.0
22.5167 0.0
22.5333 0.0
22.55 0.0
22.5667 0.0
22.5833 0.0
22.6 0.0
22.6167 0.0
22.6333 0.0
22.65 0.0
22.6667 0.0
22.6833 0.0
22.7 0.0
22.7167 0.0
22.7333 0.0
22.75 0.0
22.7667 0.0
22.7833 0.0
22.8 0.0
22.8167 0.0
22.8333 0.0
22.85 0.0
22.8667 0.0
22.8833 0.0
22.9 0.0
22.9167 0.0
22.9333 0.0
22.95 0.0
22.9667 0.0
22.9833 0.0
23.0 0.0
23.0167 0.0
23.0333 0.0
23.05 0.0
23.0667 0.0
23.0833 0.0
23.1 0.0
23.1167 0.0
23.1333 0.0
23.15 0.0
23.1667 0.0
23.1833 0.0
23.2 0.0
23.2167 0.0
23.2333 0.0
23.25 0.0
23.2667 0.0
23.2833 0.0
23.3 0.0
23.3167 0.0
23.3333 0.0
23.35 0.0
23.3667 0.0
23.3833 0.0
23.4 0.0
23.4167 0.0
23.4333 0.0
23.45 0.0
23.4667 0.0
23.4833 0.0
23.5 0.0
23.5167 0.0
23.5333 0.0
23.55 0.0
23.5667 0.0
23.5833 0.0
23.6 0.0
23.6167 0.0
23.6333 0.0
23.65 0.0
23.6667 0.0
23.6833 0.0
23.7 0.0
23.7167 0.0
23.7333 0.0
23.75 0.0
23.7667 0.0
23.7833 0.0
23.8 0.0
23.8167 0.0
23.8333 0.0
23.85 0.0
23.8667 0.0
23.8833 0.0
23.9 0.0
23.9167 0.0
23.9333 0.0
23.95 0.0
23.9667 0.0
23.9833 0.0
