0.0 0.0
0.0167 0.0
0.0333 0.0
0.05 0.0
0.0667 0.0
0.0833 0.0
0.1 0.0
0.1167 0.0
0.1333 0.0
0.15 0.0
0.1667 0.0
0.1833 0.0
0.2 0.0
0.2167 0.0
0.2333 0.0
0.25 0.0
0.2667 0.0
0.2833 0.0
0.3 0.0
0.3167 0.0
0.3333 0.0
0.35 0.0
0.3667 0.0
0.3833 0.0
0.4 0.0
0.4167 0.0
0.4333 0.0
0.45 0.0
0.4667 0.0
0.4833 0.0
0.5 0.0
0.5167 0.0
0.5333 0.0
0.55 0.0
0.5667 0.0
0.5833 0.0
0.6 0.0
0.6167 0.0
0.6333 0.0
0.65 0.0
0.6667 0.0
0.6833 0.0
0.7 0.0
0.7167 0.0
0.7333 0.0
0.75 0.0
0.7667 0.0
0.7833 0.0
0.8 0.0
0.8167 0.0
0.8333 0.0
0.85 0.0
0.8667 0.0
0.8833 0.0
0.9 0.0
0.9167 0.0
0.9333 0.0
0.95 0.0
0.9667 0.0
0.9833 0.0
1.0 0.0
1.0167 0.0
1.0333 0.0
1.05 0.0
1.0667 0.0
1.0833 0.0
1.1 0.0
1.1167 0.0
1.1333 0.0
1.15 0.0
1.1667 0.0
1.1833 0.0
1.2 0.0
1.2167 0.0
1.2333 0.0
1.25 0.0
1.2667 0.0
1.2833 0.0
1.3 0.0
1.3167 0.0
1.3333 0.0
1.35 0.0
1.3667 0.0
1.3833 0.0
1.4 0.0
1.4167 0.0
1.4333 0.0
1.45 0.0
1.4667 0.0
1.4833 0.0
1.5 0.0
1.5167 0.0
1.5333 0.0
1.55 0.0
1.5667 0.0
1.5833 0.0
1.6 0.0
1.6167 0.0
1.6333 0.0
1.65 0.0
1.6667 0.0
1.6833 0.0
1.7 0.0
1.7167 0.0
1.7333 0.0
1.75 0.0
1.7667 0.0
1.7833 0.0
1.8 0.0
1.8167 0.0
1.8333 0.0
1.85 0.0
1.8667 0.0
1.8833 0.0
1.9 0.0
1.9167 0.0
1.9333 0.0
1.95 0.0
1.9667 0.0
1.9833 0.0
2.0 0.0
2.0167 0.0
2.0333 0.0
2.05 0.0
2.0667 0.0
2.0833 0.0
2.1 0.0
2.1167 0.0
2.1333 0.0
2.15 0.0
2.1667 0.0
2.1833 0.0
2.2 0.0
2.2167 0.0
2.2333 0.0
2.25 0.0
2.2667 0.0
2.2833 0.0
2.3 0.0
2.3167 0.0
2.3333 0.0
2.35 0.0
2.3667 0.0
2.3833 0.0
2.4 0.0
2.4167 0.0
2.4333 0.0
2.45 0.0
2.4667 0.0
2.4833 0.0
2.5 0.0
2.5167 0.0
2.5333 0.0
2.55 0.0
2.5667 0.0
2.5833 0.0
2.6 0.0
2.6167 0.0
2.6333 0.0
2.65 0.0
2.6667 0.0
2.6833 0.0
2.7 0.0
2.7167 0.0
2.7333 0.0
2.75 0.0
2.7667 0.0
2.7833 0.0
2.8 0.0
2.8167 0.0
2.8333 0.0
2.85 0.0
2.8667 0.0
2.8833 0.0
2.9 0.0
2.9167 0.0
2.9333 0.0
2.95 0.0
2.9667 0.0
2.9833 0.0
3.0 0.0
3.0167 0.0
3.0333 0.0
3.05 0.0
3.0667 0.0
3.0833 0.0
3.1 0.0
3.1167 0.0
3.1333 0.0
3.15 0.0
3.1667 0.0
3.1833 0.0
3.2 0.0
3.2167 0.0
3.2333 0.0
3.25 0.0
3.2667 0.0
3.2833 0.0
3.3 0.0
3.3167 0.0
3.3333 0.0
3.35 0.0
3.3667 0.0
3.3833 0.0
3.4 0.0
3.4167 0.0
3.4333 0.0
3.45 0.0
3.4667 0.0
3.4833 0.0
3.5 0.0
3.5167 0.0
3.5333 0.0
3.55 0.0
3.5667 0.0
3.5833 0.0
3.6 0.0
3.6167 0.0
3.6333 0.0
3.65 0.0
3.6667 0.0
3.6833 0.0
3.7 0.0
3.7167 0.0
3.7333 0.0
3.75 0.0
3.7667 0.0
3.7833 0.0
3.8 0.0
3.8167 0.0
3.8333 0.0
3.85 0.0
3.8667 0.0
3.8833 0.0
3.9 0.0
3.9167 0.0
3.9333 0.0
3.95 0.0
3.9667 0.0
3.9833 0.0
4.0 0.0
4.0167 0.0
4.0333 0.0
4.05 0.0
4.0667 0.0
4.0833 0.0
4.1 0.0
4.1167 0.0
4.1333 0.0
4.15 0.0
4.1667 0.0
4.1833 0.0
4.2 0.0
4.2167 0.0
4.2333 0.0
4.25 0.0
4.2667 0.0
4.2833 0.0
4.3 0.0
4.3167 0.0
4.3333 0.0
4.35 0.0
4.3667 0.0
4.3833 0.0
4.4 0.0
4.4167 0.0
4.4333 0.0
4.45 0.0
4.4667 0.0
4.4833 0.0
4.5 0.0
4.5167 0.0
4.5333 0.0
4.55 0.0
4.5667 0.0
4.5833 0.0
4.6 0.0
4.6167 0.0
4.6333 0.0
4.65 0.0
4.6667 0.0
4.6833 0.0
4.7 0.0
4.7167 0.0
4.7333 0.0
4.75 0.0
4.7667 0.0
4.7833 0.0
4.8 0.0
4.8167 0.0
4.8333 0.0
4.85 0.0
4.8667 0.0
4.8833 0.0
4.9 0.0
4.9167 0.0
4.9333 0.0
4.95 0.0
4.9667 0.0
4.9833 0.0
5.0 0.0
5.0167 0.0
5.0333 0.0
5.05 0.0
5.0667 0.0
5.0833 0.0
5.1 0.0
5.1167 0.0
5.1333 0.0
5.15 0.0
5.1667 0.0
5.1833 0.0
5.2 0.0
5.2167 0.0
5.2333 0.0
5.25 0.0
5.2667 0.0
5.2833 0.0
5.3 0.0
5.3167 0.0
5.3333 0.0
5.35 9.181e-33
5.3667 4.479e-16
5.3833 1.54e-13
5.4 1.141e-11
5.4167 2.939e-10
5.4333 3.263e-09
5.45 1.648e-08
5.4667 4.664e-08
5.4833 1.018e-07
5.5 1.905e-07
5.5167 3.3e-07
5.5333 5.524e-07
5.55 9.108e-07
5.5667 1.428e-06
5.5833 2.193e-06
5.6 3.217e-06
5.6167 4.582e-06
5.6333 6.244e-06
5.65 8.374e-06
5.6667 1.109e-05
5.6833 1.445e-05
5.7 1.854e-05
5.7167 2.354e-05
5.7333 2.971e-05
5.75 3.738e-05
5.7667 4.562e-05
5.7833 5.636e-05
5.8 6.782e-05
5.8167 8.257e-05
5.8333 9.869e-05
5.85 0.0001165
5.8667 0.000137
5.8833 0.0001603
5.9 0.0001871
5.9167 0.0002182
5.9333 0.0002446
5.95 0.0002814
5.9667 0.0003159
5.9833 0.0003606
6.0 0.0003987
6.0167 0.0004438
6.0333 0.0004971
6.05 0.0005597
6.0667 0.0006155
6.0833 0.0006738
6.1 0.0007358
6.1167 0.0008013
6.1333 0.0008701
6.15 0.0009422
6.1667 0.001017
6.1833 0.001096
6.2 0.001178
6.2167 0.001263
6.2333 0.001351
6.25 0.001443
6.2667 0.001538
6.2833 0.001636
6.3 0.001738
6.3167 0.001843
6.3333 0.001951
6.35 0.002063
6.3667 0.002179
6.3833 0.002298
6.4 0.002422
6.4167 0.002548
6.4333 0.002679
6.45 0.002814
6.4667 0.002953
6.4833 0.003096
6.5 0.003243
6.5167 0.003394
6.5333 0.00355
6.55 0.00371
6.5667 0.003874
6.5833 0.004044
6.6 0.004217
6.6167 0.004396
6.6333 0.004579
6.65 0.004768
6.6667 0.004961
6.6833 0.00516
6.7 0.005364
6.7167 0.005572
6.7333 0.005787
6.75 0.006007
6.7667 0.006232
6.7833 0.006463
6.8 0.0067
6.8167 0.006942
6.8333 0.007191
6.85 0.007445
6.8667 0.007705
6.8833 0.007972
6.9 0.008245
6.9167 0.008524
6.9333 0.008809
6.95 0.009101
6.9667 0.0094
6.9833 0.009705
7.0 0.01002
7.0167 0.01034
7.0333 0.01066
7.05 0.01099
7.0667 0.01133
7.0833 0.01168
7.1 0.01203
7.1167 0.0124
7.1333 0.01276
7.15 0.01314
7.1667 0.01352
7.1833 0.01391
7.2 0.01431
7.2167 0.01472
7.2333 0.01513
7.25 0.01556
7.2667 0.01599
7.2833 0.01642
7.3 0.01687
7.3167 0.01732
7.3333 0.01779
7.35 0.01826
7.3667 0.01873
7.3833 0.01922
7.4 0.01972
7.4167 0.02022
7.4333 0.02073
7.45 0.02126
7.4667 0.02178
7.4833 0.02232
7.5 0.02287
7.5167 0.02343
7.5333 0.02399
7.55 0.02456
7.5667 0.02515
7.5833 0.02574
7.6 0.02634
7.6167 0.02695
7.6333 0.02757
7.65 0.02819
7.6667 0.02883
7.6833 0.02948
7.7 0.03013
7.7167 0.0308
7.7333 0.03147
7.75 0.03215
7.7667 0.03284
7.7833 0.03354
7.8 0.03426
7.8167 0.03498
7.8333 0.0357
7.85 0.03644
7.8667 0.03719
7.8833 0.03795
7.9 0.03872
7.9167 0.03949
7.9333 0.04028
7.95 0.04107
7.9667 0.04188
7.9833 0.04269
8.0 0.04352
8.0167 0.04435
8.0333 0.04519
8.05 0.04604
8.0667 0.0469
8.0833 0.04778
8.1 0.04866
8.1167 0.04954
8.1333 0.05044
8.15 0.05135
8.1667 0.05227
8.1833 0.0532
8.2 0.05413
8.2167 0.05508
8.2333 0.05603
8.25 0.057
8.2667 0.05797
8.2833 0.05895
8.3 0.05995
8.3167 0.06095
8.3333 0.06196
8.35 0.06298
8.3667 0.064
8.3833 0.06504
8.4 0.06609
8.4167 0.06714
8.4333 0.06821
8.45 0.06928
8.4667 0.07036
8.4833 0.07145
8.5 0.07255
8.5167 0.07366
8.5333 0.07477
8.55 0.0759
8.5667 0.07703
8.5833 0.07817
8.6 0.07932
8.6167 0.08048
8.6333 0.08165
8.65 0.08282
8.6667 0.084
8.6833 0.08519
8.7 0.08639
8.7167 0.0876
8.7333 0.08881
8.75 0.09004
8.7667 0.09126
8.7833 0.09249
8.8 0.09374
8.8167 0.09499
8.8333 0.09626
8.85 0.09753
8.8667 0.0988
8.8833 0.1001
8.9 0.1014
8.9167 0.1027
8.9333 0.104
8.95 0.1053
8.9667 0.1066
8.9833 0.1079
9.0 0.1093
9.0167 0.1106
9.0333 0.1119
9.05 0.1133
9.0667 0.1146
9.0833 0.116
9.1 0.1174
9.1167 0.1187
9.1333 0.1201
9.15 0.1215
9.1667 0.1229
9.1833 0.1243
9.2 0.1257
9.2167 0.1271
9.2333 0.1285
9.25 0.1299
9.2667 0.1313
9.2833 0.1328
9.3 0.1342
9.3167 0.1356
9.3333 0.1371
9.35 0.1385
9.3667 0.14
9.3833 0.1414
9.4 0.1429
9.4167 0.1443
9.4333 0.1457
9.45 0.1473
9.4667 0.1487
9.4833 0.1502
9.5 0.1516
9.5167 0.1532
9.5333 0.1547
9.55 0.1562
9.5667 0.1576
9.5833 0.1591
9.6 0.1606
9.6167 0.1621
9.6333 0.1636
9.65 0.1651
9.6667 0.1666
9.6833 0.1682
9.7 0.1697
9.7167 0.1712
9.7333 0.1727
9.75 0.1742
9.7667 0.1757
9.7833 0.1772
9.8 0.1788
9.8167 0.1803
9.8333 0.1817
9.85 0.1833
9.8667 0.1848
9.8833 0.1864
9.9 0.1879
9.9167 0.1894
9.9333 0.1909
9.95 0.1924
9.9667 0.194
9.9833 0.1955
10.0 0.1969
10.0167 0.1985
10.0333 0.2001
10.05 0.2016
10.0667 0.2031
10.0833 0.2046
10.1 0.2061
10.1167 0.2076
10.1333 0.2091
10.15 0.2107
10.1667 0.2122
10.1833 0.2136
10.2 0.2151
10.2167 0.2166
10.2333 0.2182
10.25 0.2197
10.2667 0.2212
10.2833 0.2227
10.3 0.2241
10.3167 0.2256
10.3333 0.2271
10.35 0.2286
10.3667 0.2301
10.3833 0.2315
10.4 0.233
10.4167 0.2345
10.4333 0.2359
10.45 0.2374
10.4667 0.2388
10.4833 0.2403
10.5 0.2417
10.5167 0.2432
10.5333 0.2446
10.55 0.246
10.5667 0.2474
10.5833 0.2489
10.6 0.2503
10.6167 0.2517
10.6333 0.2531
10.65 0.2545
10.6667 0.2559
10.6833 0.2573
10.7 0.2586
10.7167 0.2599
10.7333 0.2613
10.75 0.2627
10.7667 0.2641
10.7833 0.2654
10.8 0.2668
10.8167 0.2681
10.8333 0.2694
10.85 0.2707
10.8667 0.2721
10.8833 0.2733
10.9 0.2747
10.9167 0.2759
10.9333 0.2772
10.95 0.2785
10.9667 0.2797
10.9833 0.281
11.0 0.2822
11.0167 0.2835
11.0333 0.2847
11.05 0.2859
11.0667 0.2871
11.0833 0.2883
11.1 0.2895
11.1167 0.2907
11.1333 0.2919
11.15 0.2931
11.1667 0.2942
11.1833 0.2954
11.2 0.2964
11.2167 0.2976
11.2333 0.2987
11.25 0.2998
11.2667 0.3009
11.2833 0.302
11.3 0.3031
11.3167 0.3042
11.3333 0.3052
11.35 0.3061
11.3667 0.3073
11.3833 0.3083
11.4 0.3093
11.4167 0.3103
11.4333 0.3113
11.45 0.3121
11.4667 0.3133
11.4833 0.3142
11.5 0.3151
11.5167 0.3161
11.5333 0.317
11.55 0.3179
11.5667 0.3188
11.5833 0.3197
11.6 0.3206
11.6167 0.3214
11.6333 0.3223
11.65 0.3231
11.6667 0.324
11.6833 0.3248
11.7 0.3256
11.7167 0.3263
11.7333 0.3271
11.75 0.3279
11.7667 0.3286
11.7833 0.3294
11.8 0.3301
11.8167 0.3308
11.8333 0.3313
11.85 0.3322
11.8667 0.3328
11.8833 0.3335
11.9 0.3341
11.9167 0.3348
11.9333 0.3354
11.95 0.336
11.9667 0.3366
11.9833 0.3372
12.0 0.3377
12.0167 0.3383
12.0333 0.3388
12.05 0.3393
12.0667 0.3398
12.0833 0.3403
12.1 0.3407
12.1167 0.3413
12.1333 0.3417
12.15 0.3421
12.1667 0.3426
12.1833 0.343
12.2 0.3434
12.2167 0.3437
12.2333 0.3441
12.25 0.3444
12.2667 0.3448
12.2833 0.3451
12.3 0.3454
12.3167 0.3457
12.3333 0.346
12.35 0.3462
12.3667 0.3465
12.3833 0.3467
12.4 0.3469
12.4167 0.3471
12.4333 0.3473
12.45 0.3475
12.4667 0.3477
12.4833 0.3478
12.5 0.3479
12.5167 0.348
12.5333 0.3481
12.55 0.3481
12.5667 0.3482
12.5833 0.3482
12.6 0.3482
12.6167 0.3482
12.6333 0.3482
12.65 0.3482
12.6667 0.3482
12.6833 0.3482
12.7 0.3482
12.7167 0.3481
12.7333 0.3481
12.75 0.348
12.7667 0.348
12.7833 0.3479
12.8 0.3477
12.8167 0.3476
12.8333 0.3474
12.85 0.3473
12.8667 0.3471
12.8833 0.3469
12.9 0.3466
12.9167 0.3464
12.9333 0.3461
12.95 0.3459
12.9667 0.3456
12.9833 0.3453
13.0 0.345
13.0167 0.3447
13.0333 0.3443
13.05 0.344
13.0667 0.3436
13.0833 0.3432
13.1 0.3428
13.1167 0.3424
13.1333 0.342
13.15 0.3415
13.1667 0.3411
13.1833 0.3405
13.2 0.3401
13.2167 0.3396
13.2333 0.3391
13.25 0.3386
13.2667 0.3381
13.2833 0.3375
13.3 0.3369
13.3167 0.3363
13.3333 0.3358
13.35 0.3352
13.3667 0.3345
13.3833 0.3339
13.4 0.3333
13.4167 0.3326
13.4333 0.3319
13.45 0.331
13.4667 0.3305
13.4833 0.3298
13.5 0.3291
13.5167 0.3284
13.5333 0.3276
13.55 0.3268
13.5667 0.3261
13.5833 0.3253
13.6 0.3245
13.6167 0.3237
13.6333 0.3227
13.65 0.322
13.6667 0.3211
13.6833 0.3203
13.7 0.3194
13.7167 0.3185
13.7333 0.3175
13.75 0.3167
13.7667 0.3158
13.7833 0.3148
13.8 0.3139
13.8167 0.3129
13.8333 0.3119
13.85 0.3109
13.8667 0.31
13.8833 0.309
13.9 0.3078
13.9167 0.3069
13.9333 0.3058
13.95 0.3047
13.9667 0.3038
13.9833 0.3027
14.0 0.3016
14.0167 0.3005
14.0333 0.2994
14.05 0.2983
14.0667 0.2972
14.0833 0.2961
14.1 0.2949
14.1167 0.2938
14.1333 0.2926
14.15 0.2915
14.1667 0.2903
14.1833 0.2891
14.2 0.2879
14.2167 0.2867
14.2333 0.2853
14.25 0.2843
14.2667 0.283
14.2833 0.2818
14.3 0.2805
14.3167 0.2793
14.3333 0.278
14.35 0.2767
14.3667 0.2755
14.3833 0.274
14.4 0.2729
14.4167 0.2716
14.4333 0.2703
14.45 0.2689
14.4667 0.2676
14.4833 0.2663
14.5 0.2648
14.5167 0.2636
14.5333 0.2622
14.55 0.2609
14.5667 0.2595
14.5833 0.2581
14.6 0.2566
14.6167 0.2554
14.6333 0.254
14.65 0.2525
14.6667 0.2512
14.6833 0.2498
14.7 0.2484
14.7167 0.2469
14.7333 0.2455
14.75 0.2441
14.7667 0.2426
14.7833 0.2412
14.8 0.2398
14.8167 0.2383
14.8333 0.2367
14.85 0.2354
14.8667 0.2339
14.8833 0.2325
14.9 0.2308
14.9167 0.2295
14.9333 0.228
14.95 0.2266
14.9667 0.2251
14.9833 0.2236
15.0 0.2221
15.0167 0.2206
15.0333 0.2191
15.05 0.2176
15.0667 0.2161
15.0833 0.2146
15.1 0.2131
15.1167 0.2116
15.1333 0.2101
15.15 0.2086
15.1667 0.2071
15.1833 0.2056
15.2 0.204
15.2167 0.2025
15.2333 0.201
15.25 0.1995
15.2667 0.198
15.2833 0.1964
15.3 0.1949
15.3167 0.1934
15.3333 0.1918
15.35 0.1903
15.3667 0.1888
15.3833 0.1873
15.4 0.1858
15.4167 0.1843
15.4333 0.1828
15.45 0.1812
15.4667 0.1797
15.4833 0.1782
15.5 0.1767
15.5167 0.1752
15.5333 0.1736
15.55 0.1721
15.5667 0.1706
15.5833 0.1691
15.6 0.1676
15.6167 0.1661
15.6333 0.1646
15.65 0.1631
15.6667 0.1616
15.6833 0.1601
15.7 0.1586
15.7167 0.1571
15.7333 0.1556
15.75 0.1541
15.7667 0.1526
15.7833 0.1512
15.8 0.1497
15.8167 0.1482
15.8333 0.1467
15.85 0.1453
15.8667 0.1438
15.8833 0.1423
15.9 0.1409
15.9167 0.1394
15.9333 0.138
15.95 0.1365
15.9667 0.1351
15.9833 0.1337
16.0 0.1322
16.0167 0.1308
16.0333 0.1294
16.05 0.128
16.0667 0.1266
16.0833 0.1252
16.1 0.1238
16.1167 0.1224
16.1333 0.121
16.15 0.1196
16.1667 0.1182
16.1833 0.1169
16.2 0.1155
16.2167 0.1141
16.2333 0.1127
16.25 0.1114
16.2667 0.1101
16.2833 0.1088
16.3 0.1074
16.3167 0.1061
16.3333 0.1048
16.35 0.1034
16.3667 0.1022
16.3833 0.1009
16.4 0.09961
16.4167 0.09833
16.4333 0.09705
16.45 0.09579
16.4667 0.09453
16.4833 0.09328
16.5 0.09204
16.5167 0.09081
16.5333 0.08958
16.55 0.08837
16.5667 0.08715
16.5833 0.08595
16.6 0.08475
16.6167 0.08357
16.6333 0.08239
16.65 0.08122
16.6667 0.08005
16.6833 0.0789
16.7 0.07775
16.7167 0.07661
16.7333 0.07548
16.75 0.07436
16.7667 0.07325
16.7833 0.07214
16.8 0.07105
16.8167 0.06996
16.8333 0.06888
16.85 0.06781
16.8667 0.06675
16.8833 0.0657
16.9 0.06466
16.9167 0.06362
16.9333 0.0626
16.95 0.06158
16.9667 0.06058
16.9833 0.05958
17.0 0.05859
17.0167 0.05761
17.0333 0.05664
17.05 0.05568
17.0667 0.05473
17.0833 0.05379
17.1 0.05285
17.1167 0.05193
17.1333 0.05102
17.15 0.05011
17.1667 0.04922
17.1833 0.04833
17.2 0.04745
17.2167 0.04659
17.2333 0.04573
17.25 0.04488
17.2667 0.04404
17.2833 0.04321
17.3 0.04239
17.3167 0.04158
17.3333 0.04078
17.35 0.03999
17.3667 0.0392
17.3833 0.03843
17.4 0.03767
17.4167 0.03691
17.4333 0.03617
17.45 0.03543
17.4667 0.03471
17.4833 0.03399
17.5 0.03328
17.5167 0.03259
17.5333 0.0319
17.55 0.03122
17.5667 0.03055
17.5833 0.02989
17.6 0.02924
17.6167 0.02859
17.6333 0.02796
17.65 0.02734
17.6667 0.02672
17.6833 0.02612
17.7 0.02552
17.7167 0.02493
17.7333 0.02435
17.75 0.02378
17.7667 0.02322
17.7833 0.02267
17.8 0.02212
17.8167 0.02159
17.8333 0.02106
17.85 0.02054
17.8667 0.02003
17.8833 0.01953
17.9 0.01904
17.9167 0.01856
17.9333 0.01808
17.95 0.01761
17.9667 0.01716
17.9833 0.0167
18.0 0.01626
18.0167 0.01583
18.0333 0.0154
18.05 0.01498
18.0667 0.01457
18.0833 0.01417
18.1 0.01377
18.1167 0.01338
18.1333 0.013
18.15 0.01263
18.1667 0.01226
18.1833 0.0119
18.2 0.01155
18.2167 0.01121
18.2333 0.01087
18.25 0.01054
18.2667 0.01022
18.2833 0.009901
18.3 0.009592
18.3167 0.009289
18.3333 0.008993
18.35 0.008703
18.3667 0.00842
18.3833 0.008143
18.4 0.007873
18.4167 0.007609
18.4333 0.007351
18.45 0.007098
18.4667 0.006852
18.4833 0.006612
18.5 0.006377
18.5167 0.006148
18.5333 0.005925
18.55 0.005707
18.5667 0.005495
18.5833 0.005288
18.6 0.005086
18.6167 0.00489
18.6333 0.004698
18.65 0.004511
18.6667 0.00433
18.6833 0.004153
18.7 0.003981
18.7167 0.003813
18.7333 0.00365
18.75 0.003492
18.7667 0.003338
18.7833 0.003188
18.8 0.003043
18.8167 0.002901
18.8333 0.002764
18.85 0.002631
18.8667 0.002501
18.8833 0.002376
18.9 0.002254
18.9167 0.002136
18.9333 0.002022
18.95 0.001911
18.9667 0.001803
18.9833 0.0017
19.0 0.001599
19.0167 0.001502
19.0333 0.001409
19.05 0.001318
19.0667 0.001231
19.0833 0.001147
19.1 0.001067
19.1167 0.0009894
19.1333 0.0009153
19.15 0.0008444
19.1667 0.0007768
19.1833 0.0007127
19.2 0.0006519
19.2167 0.0005951
19.2333 0.0005355
19.25 0.0004765
19.2667 0.0004264
19.2833 0.000384
19.3 0.0003482
19.3167 0.0003017
19.3333 0.0002711
19.35 0.0002337
19.3667 0.0002027
19.3833 0.0001763
19.4 0.0001537
19.4167 0.000131
19.4333 0.0001095
19.45 9.152e-05
19.4667 7.653e-05
19.4833 6.402e-05
19.5 5.191e-05
19.5167 4.275e-05
19.5333 3.415e-05
19.55 2.731e-05
19.5667 2.192e-05
19.5833 1.71e-05
19.6 1.323e-05
19.6167 1.014e-05
19.6333 7.597e-06
19.65 5.567e-06
19.6667 4.034e-06
19.6833 2.831e-06
19.7 1.88e-06
19.7167 1.213e-06
19.7333 7.626e-07
19.75 4.594e-07
19.7667 2.717e-07
19.7833 1.533e-07
19.8 7.814e-08
19.8167 3.325e-08
19.8333 1.007e-08
19.85 1.476e-09
19.8667 9.78e-11
19.8833 2.716e-12
19.9 2.042e-14
19.9167 3.077e-17
19.9333 0.0
19.95 0.0
19.9667 0.0
19.9833 0.0
20.0 0.0
20.0167 0.0
20.0333 0.0
20.05 0.0
20.0667 0.0
20.0833 0.0
20.1 0.0
20.1167 0.0
20.1333 0.0
20.15 0.0
20.1667 0.0
20.1833 0.0
20.2 0.0
20.2167 0.0
20.2333 0.0
20.25 0.0
20.2667 0.0
20.2833 0.0
20.3 0.0
20.3167 0.0
20.3333 0.0
20.35 0.0
20.3667 0.0
20.3833 0.0
20.4 0.0
20.4167 0.0
20.4333 0.0
20.45 0.0
20.4667 0.0
20.4833 0.0
20.5 0.0
20.5167 0.0
20.5333 0.0
20.55 0.0
20.5667 0.0
20.5833 0.0
20.6 0.0
20.6167 0.0
20.6333 0.0
20.65 0.0
20.6667 0.0
20.6833 0.0
20.7 0.0
20.7167 0.0
20.7333 0.0
20.75 0.0
20.7667 0.0
20.7833 0.0
20.8 0.0
20.8167 0.0
20.8333 0.0
20.85 0.0
20.8667 0.0
20.8833 0.0
20.9 0.0
20.9167 0.0
20.9333 0.0
20.95 0.0
20.9667 0.0
20.9833 0.0
21.0 0.0
21.0167 0.0
21.0333 0.0
21.05 0.0
21.0667 0.0
21.0833 0.0
21.1 0.0
21.1167 0.0
21.1333 0.0
21.15 0.0
21.1667 0.0
21.1833 0.0
21.2 0.0
21.2167 0.0
21.2333 0.0
21.25 0.0
21.2667 0.0
21.2833 0.0
21.3 0.0
21.3167 0.0
21.3333 0.0
21.35 0.0
21.3667 0.0
21.3833 0.0
21.4 0.0
21.4167 0.0
21.4333 0.0
21.45 0.0
21.4667 0.0
21.4833 0.0
21.5 0.0
21.5167 0.0
21.5333 0.0
21.55 0.0
21.5667 0.0
21.5833 0.0
21.6 0.0
21.6167 0.0
21.6333 0.0
21.65 0.0
21.6667 0.0
21.6833 0.0
21.7 0.0
21.7167 0.0
21.7333 0.0
21.75 0.0
21.7667 0.0
21.7833 0.0
21.8 0.0
21.8167 0.0
21.8333 0.0
21.85 0.0
21.8667 0.0
21.8833 0.0
21.9 0.0
21.9167 0.0
21.9333 0.0
21.95 0.0
21.9667 0.0
21.9833 0.0
22.0 0.0
22.0167 0.0
22.0333 0.0
22.05 0.0
22.0667 0.0
22.0833 0.0
22.1 0.0
22.1167 0.0
22.1333 0.0
22.15 0.0
22.1667 0.0
22.1833 0.0
22.2 0.0
22.2167 0.0
22.2333 0.0
22.25 0.0
22.2667 0.0
22.2833 0.0
22.3 0.0
22.3167 0.0
22.3333 0.0
22.35 0.0
22.3667 0.0
22.3833 0.0
22.4 0.0
22.4167 0.0
22.4333 0.0
22.45 0.0
22.4667 0.0
22.4833 0.0
22.5 0.0
22.5167 0.0
22.5333 0.0
22.55 0.0
22.5667 0.0
22.5833 0.0
22.6 0.0
22.6167 0.0
22.6333 0.0
22.65 0.0
22.6667 0.0
22.6833 0.0
22.7 0.0
22.7167 0.0
22.7333 0.0
22.75 0.0
22.7667 0.0
22.7833 0.0
22.8 0.0
22.8167 0.0
22.8333 0.0
22.85 0.0
22.8667 0.0
22.8833 0.0
22.9 0.0
22.9167 0.0
22.9333 0.0
22.95 0.0
22.9667 0.0
22.9833 0.0
23.0 0.0
23.0167 0.0
23.0333 0.0
23.05 0.0
23.0667 0.0
23.0833 0.0
23.1 0.0
23.1167 0.0
23.1333 0.0
23.15 0.0
23.1667 0.0
23.1833 0.0
23.2 0.0
23.2167 0.0
23.2333 0.0
23.25 0.0
23.2667 0.0
23.2833 0.0
23.3 0.0
23.3167 0.0
23.3333 0.0
23.35 0.0
23.3667 0.0
23.3833 0.0
23.4 0.0
23.4167 0.0
23.4333 0.0
23.45 0.0
23.4667 0.0
23.4833 0.0
23.5 0.0
23.5167 0.0
23.5333 0.0
23.55 0.0
23.5667 0.0
23.5833 0.0
23.6 0.0
23.6167 0.0
23.6333 0.0
23.65 0.0
23.6667 0.0
23.6833 0.0
23.7 0.0
23.7167 0.0
23.7333 0.0
23.75 0.0
23.7667 0.0
23.7833 0.0
23.8 0.0
23.8167 0.0
23.8333 0.0
23.85 0.0
23.8667 0.0
23.8833 0.0
23.9 0.0
23.9167 0.0
23.9333 0.0
23.95 0.0
23.9667 0.0
23.9833 0.0
