0.0 0.0
0.0167 0.0
0.0333 0.0
0.05 0.0
0.0667 0.0
0.0833 0.0
0.1 0.0
0.1167 0.0
0.1333 0.0
0.15 0.0
0.1667 0.0
0.1833 0.0
0.2 0.0
0.2167 0.0
0.2333 0.0
0.25 0.0
0.2667 0.0
0.2833 0.0
0.3 0.0
0.3167 0.0
0.3333 0.0
0.35 0.0
0.3667 0.0
0.3833 0.0
0.4 0.0
0.4167 0.0
0.4333 0.0
0.45 0.0
0.4667 0.0
0.4833 0.0
0.5 0.0
0.5167 0.0
0.5333 0.0
0.55 0.0
0.5667 0.0
0.5833 0.0
0.6 0.0
0.6167 0.0
0.6333 0.0
0.65 0.0
0.6667 0.0
0.6833 0.0
0.7 0.0
0.7167 0.0
0.7333 0.0
0.75 0.0
0.7667 0.0
0.7833 0.0
0.8 0.0
0.8167 0.0
0.8333 0.0
0.85 0.0
0.8667 0.0
0.8833 0.0
0.9 0.0
0.9167 0.0
0.9333 0.0
0.95 0.0
0.9667 0.0
0.9833 0.0
1.0 0.0
1.0167 0.0
1.0333 0.0
1.05 0.0
1.0667 0.0
1.0833 0.0
1.1 0.0
1.1167 0.0
1.1333 0.0
1.15 0.0
1.1667 0.0
1.1833 0.0
1.2 0.0
1.2167 0.0
1.2333 0.0
1.25 0.0
1.2667 0.0
1.2833 0.0
1.3 0.0
1.3167 0.0
1.3333 0.0
1.35 0.0
1.3667 0.0
1.3833 0.0
1.4 0.0
1.4167 0.0
1.4333 0.0
1.45 0.0
1.4667 0.0
1.4833 0.0
1.5 0.0
1.5167 0.0
1.5333 0.0
1.55 0.0
1.5667 0.0
1.5833 0.0
1.6 0.0
1.6167 0.0
1.6333 0.0
1.65 0.0
1.6667 0.0
1.6833 0.0
1.7 0.0
1.7167 0.0
1.7333 0.0
1.75 0.0
1.7667 0.0
1.7833 0.0
1.8 0.0
1.8167 0.0
1.8333 0.0
1.85 0.0
1.8667 0.0
1.8833 0.0
1.9 0.0
1.9167 0.0
1.9333 0.0
1.95 0.0
1.9667 0.0
1.9833 0.0
2.0 0.0
2.0167 0.0
2.0333 0.0
2.05 0.0
2.0667 0.0
2.0833 0.0
2.1 0.0
2.1167 0.0
2.1333 0.0
2.15 0.0
2.1667 0.0
2.1833 0.0
2.2 0.0
2.2167 0.0
2.2333 0.0
2.25 0.0
2.2667 0.0
2.2833 0.0
2.3 0.0
2.3167 0.0
2.3333 0.0
2.35 0.0
2.3667 0.0
2.3833 0.0
2.4 0.0
2.4167 0.0
2.4333 0.0
2.45 0.0
2.4667 0.0
2.4833 0.0
2.5 0.0
2.5167 0.0
2.5333 0.0
2.55 0.0
2.5667 0.0
2.5833 0.0
2.6 0.0
2.6167 0.0
2.6333 0.0
2.65 0.0
2.6667 0.0
2.6833 0.0
2.7 0.0
2.7167 0.0
2.7333 0.0
2.75 0.0
2.7667 0.0
2.7833 0.0
2.8 0.0
2.8167 0.0
2.8333 0.0
2.85 0.0
2.8667 0.0
2.8833 0.0
2.9 0.0
2.9167 0.0
2.9333 0.0
2.95 0.0
2.9667 0.0
2.9833 0.0
3.0 0.0
3.0167 0.0
3.0333 0.0
3.05 0.0
3.0667 0.0
3.0833 0.0
3.1 0.0
3.1167 0.0
3.1333 0.0
3.15 0.0
3.1667 0.0
3.1833 0.0
3.2 0.0
3.2167 0.0
3.2333 0.0
3.25 0.0
3.2667 0.0
3.2833 0.0
3.3 0.0
3.3167 0.0
3.3333 0.0
3.35 0.0
3.3667 0.0
3.3833 0.0
3.4 0.0
3.4167 0.0
3.4333 0.0
3.45 0.0
3.4667 0.0
3.4833 0.0
3.5 0.0
3.5167 0.0
3.5333 0.0
3.55 0.0
3.5667 0.0
3.5833 0.0
3.6 0.0
3.6167 0.0
3.6333 0.0
3.65 0.0
3.6667 0.0
3.6833 0.0
3.7 0.0
3.7167 0.0
3.7333 0.0
3.75 0.0
3.7667 0.0
3.7833 0.0
3.8 0.0
3.8167 0.0
3.8333 0.0
3.85 0.0
3.8667 0.0
3.8833 0.0
3.9 0.0
3.9167 0.0
3.9333 0.0
3.95 0.0
3.9667 0.0
3.9833 0.0
4.0 0.0
4.0167 0.0
4.0333 0.0
4.05 0.0
4.0667 0.0
4.0833 0.0
4.1 0.0
4.1167 0.0
4.1333 0.0
4.15 0.0
4.1667 0.0
4.1833 0.0
4.2 0.0
4.2167 0.0
4.2333 0.0
4.25 0.0
4.2667 0.0
4.2833 0.0
4.3 0.0
4.3167 0.0
4.3333 0.0
4.35 0.0
4.3667 0.0
4.3833 0.0
4.4 0.0
4.4167 0.0
4.4333 0.0
4.45 0.0
4.4667 0.0
4.4833 0.0
4.5 0.0
4.5167 0.0
4.5333 0.0
4.55 0.0
4.5667 0.0
4.5833 0.0
4.6 0.0
4.6167 0.0
4.6333 0.0
4.65 0.0
4.6667 0.0
4.6833 0.0
4.7 0.0
4.7167 0.0
4.7333 0.0
4.75 0.0
4.7667 0.0
4.7833 0.0
4.8 0.0
4.8167 0.0
4.8333 0.0
4.85 0.0
4.8667 0.0
4.8833 0.0
4.9 0.0
4.9167 0.0
4.9333 0.0
4.95 0.0
4.9667 0.0
4.9833 0.0
5.0 0.0
5.0167 0.0
5.0333 0.0
5.05 0.0
5.0667 0.0
5.0833 0.0
5.1 0.0
5.1167 0.0
5.1333 0.0
5.15 0.0
5.1667 0.0
5.1833 0.0
5.2 0.0
5.2167 0.0
5.2333 0.0
5.25 0.0
5.2667 0.0
5.2833 0.0
5.3 0.0
5.3167 0.0
5.3333 1.08e-19
5.35 1.388e-15
5.3667 3.077e-13
5.3833 2.344e-11
5.4 4.605e-10
5.4167 4.959e-09
5.4333 2.202e-08
5.45 5.773e-08
5.4667 1.213e-07
5.4833 2.235e-07
5.5 3.862e-07
5.5167 6.499e-07
5.5333 1.064e-06
5.55 1.66e-06
5.5667 2.559e-06
5.5833 3.686e-06
5.6 5.261e-06
5.6167 7.125e-06
5.6333 9.496e-06
5.65 1.25e-05
5.6667 1.624e-05
5.6833 2.087e-05
5.7 2.656e-05
5.7167 3.362e-05
5.7333 4.152e-05
5.75 5.127e-05
5.7667 6.271e-05
5.7833 7.626e-05
5.8 9.105e-05
5.8167 0.0001086
5.8333 0.0001289
5.85 0.0001517
5.8667 0.0001764
5.8833 0.000204
5.9 0.0002361
5.9167 0.0002745
5.9333 0.0003055
5.95 0.0003533
5.9667 0.0003899
5.9833 0.0004334
6.0 0.0004848
6.0167 0.0005455
6.0333 0.0006067
6.05 0.0006653
6.0667 0.0007278
6.0833 0.000794
6.1 0.0008637
6.1167 0.0009369
6.1333 0.001013
6.15 0.001093
6.1667 0.001177
6.1833 0.001263
6.2 0.001353
6.2167 0.001447
6.2333 0.001543
6.25 0.001644
6.2667 0.001748
6.2833 0.001855
6.3 0.001966
6.3167 0.002081
6.3333 0.0022
6.35 0.002322
6.3667 0.002448
6.3833 0.002578
6.4 0.002713
6.4167 0.002851
6.4333 0.002993
6.45 0.00314
6.4667 0.003291
6.4833 0.003447
6.5 0.003607
6.5167 0.003772
6.5333 0.003941
6.55 0.004115
6.5667 0.004294
6.5833 0.004479
6.6 0.004668
6.6167 0.004862
6.6333 0.005061
6.65 0.005266
6.6667 0.005476
6.6833 0.005692
6.7 0.005913
6.7167 0.006141
6.7333 0.006373
6.75 0.006612
6.7667 0.006857
6.7833 0.007108
6.8 0.007364
6.8167 0.007628
6.8333 0.007897
6.85 0.008173
6.8667 0.008455
6.8833 0.008744
6.9 0.00904
6.9167 0.009343
6.9333 0.009652
6.95 0.009968
6.9667 0.01029
6.9833 0.01062
7.0 0.01096
7.0167 0.0113
7.0333 0.01166
7.05 0.01202
7.0667 0.01238
7.0833 0.01276
7.1 0.01314
7.1167 0.01353
7.1333 0.01393
7.15 0.01434
7.1667 0.01475
7.1833 0.01517
7.2 0.0156
7.2167 0.01604
7.2333 0.01649
7.25 0.01694
7.2667 0.01741
7.2833 0.01788
7.3 0.01836
7.3167 0.01885
7.3333 0.01935
7.35 0.01985
7.3667 0.02037
7.3833 0.02089
7.4 0.02143
7.4167 0.02197
7.4333 0.02252
7.45 0.02308
7.4667 0.02365
7.4833 0.02423
7.5 0.02482
7.5167 0.02541
7.5333 0.02602
7.55 0.02664
7.5667 0.02726
7.5833 0.0279
7.6 0.02854
7.6167 0.02919
7.6333 0.02986
7.65 0.03053
7.6667 0.03121
7.6833 0.0319
7.7 0.03261
7.7167 0.03332
7.7333 0.03404
7.75 0.03477
7.7667 0.03551
7.7833 0.03626
7.8 0.03702
7.8167 0.03779
7.8333 0.03857
7.85 0.03936
7.8667 0.04016
7.8833 0.04097
7.9 0.04179
7.9167 0.04261
7.9333 0.04345
7.95 0.0443
7.9667 0.04516
7.9833 0.04603
8.0 0.04691
8.0167 0.04779
8.0333 0.04869
8.05 0.0496
8.0667 0.05052
8.0833 0.05145
8.1 0.05238
8.1167 0.05333
8.1333 0.05429
8.15 0.05525
8.1667 0.05623
8.1833 0.05721
8.2 0.05821
8.2167 0.05921
8.2333 0.06023
8.25 0.06125
8.2667 0.06229
8.2833 0.06333
8.3 0.06438
8.3167 0.06544
8.3333 0.06652
8.35 0.0676
8.3667 0.06869
8.3833 0.06979
8.4 0.07089
8.4167 0.07201
8.4333 0.07314
8.45 0.07428
8.4667 0.07542
8.4833 0.07657
8.5 0.07774
8.5167 0.07891
8.5333 0.08009
8.55 0.08128
8.5667 0.08248
8.5833 0.08368
8.6 0.0849
8.6167 0.08612
8.6333 0.08735
8.65 0.08859
8.6667 0.08984
8.6833 0.0911
8.7 0.09236
8.7167 0.09364
8.7333 0.0949
8.75 0.09619
8.7667 0.0975
8.7833 0.0988
8.8 0.1001
8.8167 0.1014
8.8333 0.1028
8.85 0.1041
8.8667 0.1054
8.8833 0.1068
8.9 0.1081
8.9167 0.1095
8.9333 0.1109
8.95 0.1123
8.9667 0.1136
8.9833 0.115
9.0 0.1164
9.0167 0.1178
9.0333 0.1192
9.05 0.1207
9.0667 0.1221
9.0833 0.1235
9.1 0.1249
9.1167 0.1264
9.1333 0.1278
9.15 0.1293
9.1667 0.1307
9.1833 0.1322
9.2 0.1337
9.2167 0.1351
9.2333 0.1366
9.25 0.1381
9.2667 0.1396
9.2833 0.141
9.3 0.1426
9.3167 0.1441
9.3333 0.1456
9.35 0.1471
9.3667 0.1486
9.3833 0.1501
9.4 0.1516
9.4167 0.1531
9.4333 0.1547
9.45 0.1562
9.4667 0.1578
9.4833 0.1593
9.5 0.1608
9.5167 0.1624
9.5333 0.1639
9.55 0.1655
9.5667 0.167
9.5833 0.1686
9.6 0.1701
9.6167 0.1717
9.6333 0.1733
9.65 0.1748
9.6667 0.1764
9.6833 0.178
9.7 0.1795
9.7167 0.1811
9.7333 0.1827
9.75 0.1842
9.7667 0.1858
9.7833 0.1873
9.8 0.189
9.8167 0.1905
9.8333 0.1921
9.85 0.1937
9.8667 0.1953
9.8833 0.1969
9.9 0.1984
9.9167 0.2
9.9333 0.2016
9.95 0.2032
9.9667 0.2047
9.9833 0.2063
10.0 0.2079
10.0167 0.2094
10.0333 0.211
10.05 0.2126
10.0667 0.2142
10.0833 0.2157
10.1 0.2172
10.1167 0.2188
10.1333 0.2204
10.15 0.2219
10.1667 0.2235
10.1833 0.2249
10.2 0.2266
10.2167 0.2281
10.2333 0.2297
10.25 0.2313
10.2667 0.2328
10.2833 0.2343
10.3 0.2359
10.3167 0.2374
10.3333 0.2389
10.35 0.2404
10.3667 0.2418
10.3833 0.2434
10.4 0.245
10.4167 0.2463
10.4333 0.248
10.45 0.2494
10.4667 0.2509
10.4833 0.2524
10.5 0.2539
10.5167 0.2554
10.5333 0.2568
10.55 0.2583
10.5667 0.2597
10.5833 0.2611
10.6 0.2626
10.6167 0.2641
10.6333 0.2655
10.65 0.2668
10.6667 0.2683
10.6833 0.2696
10.7 0.2712
10.7167 0.2726
10.7333 0.2739
10.75 0.2753
10.7667 0.2767
10.7833 0.2781
10.8 0.2794
10.8167 0.2808
10.8333 0.2821
10.85 0.2835
10.8667 0.2848
10.8833 0.2861
10.9 0.2874
10.9167 0.2887
10.9333 0.29
10.95 0.2913
10.9667 0.2926
10.9833 0.2939
11.0 0.2951
11.0167 0.2964
11.0333 0.2976
11.05 0.2988
11.0667 0.3001
11.0833 0.3013
11.1 0.3025
11.1167 0.3037
11.1333 0.3048
11.15 0.306
11.1667 0.3072
11.1833 0.3083
11.2 0.3095
11.2167 0.3106
11.2333 0.3117
11.25 0.3128
11.2667 0.3139
11.2833 0.315
11.3 0.3161
11.3167 0.3171
11.3333 0.3182
11.35 0.3192
11.3667 0.3203
11.3833 0.3213
11.4 0.3223
11.4167 0.3232
11.4333 0.3243
11.45 0.3249
11.4667 0.3262
11.4833 0.3271
11.5 0.328
11.5167 0.329
11.5333 0.3299
11.55 0.3306
11.5667 0.3317
11.5833 0.3326
11.6 0.3334
11.6167 0.3343
11.6333 0.3351
11.65 0.3358
11.6667 0.3367
11.6833 0.3375
11.7 0.3383
11.7167 0.3391
11.7333 0.3398
11.75 0.3405
11.7667 0.3413
11.7833 0.342
11.8 0.3427
11.8167 0.3434
11.8333 0.344
11.85 0.3447
11.8667 0.3451
11.8833 0.346
11.9 0.3466
11.9167 0.3472
11.9333 0.3478
11.95 0.3483
11.9667 0.3489
11.9833 0.3494
12.0 0.35
12.0167 0.3504
12.0333 0.351
12.05 0.3515
12.0667 0.3519
12.0833 0.3524
12.1 0.3528
12.1167 0.3532
12.1333 0.3537
12.15 0.3541
12.1667 0.3544
12.1833 0.3547
12.2 0.355
12.2167 0.3555
12.2333 0.3558
12.25 0.3561
12.2667 0.3564
12.2833 0.3567
12.3 0.3569
12.3167 0.3572
12.3333 0.3574
12.35 0.3576
12.3667 0.3578
12.3833 0.358
12.4 0.3582
12.4167 0.3583
12.4333 0.3585
12.45 0.3586
12.4667 0.3587
12.4833 0.3588
12.5 0.3589
12.5167 0.3589
12.5333 0.359
12.55 0.359
12.5667 0.359
12.5833 0.359
12.6 0.359
12.6167 0.359
12.6333 0.3589
12.65 0.3589
12.6667 0.3588
12.6833 0.3587
12.7 0.3586
12.7167 0.3585
12.7333 0.3583
12.75 0.3582
12.7667 0.358
12.7833 0.3578
12.8 0.3576
12.8167 0.3574
12.8333 0.3572
12.85 0.3569
12.8667 0.3567
12.8833 0.3564
12.9 0.3561
12.9167 0.3558
12.9333 0.3555
12.95 0.3551
12.9667 0.3547
12.9833 0.3544
13.0 0.3541
13.0167 0.3537
13.0333 0.3533
13.05 0.3528
13.0667 0.3524
13.0833 0.3519
13.1 0.3515
13.1167 0.351
13.1333 0.3505
13.15 0.35
13.1667 0.3494
13.1833 0.3489
13.2 0.3484
13.2167 0.3478
13.2333 0.3472
13.25 0.3466
13.2667 0.346
13.2833 0.3451
13.3 0.3447
13.3167 0.3441
13.3333 0.3434
13.35 0.3427
13.3667 0.342
13.3833 0.3413
13.4 0.3406
13.4167 0.3398
13.4333 0.3391
13.45 0.3383
13.4667 0.3375
13.4833 0.3367
13.5 0.3358
13.5167 0.3351
13.5333 0.3343
13.55 0.3334
13.5667 0.3326
13.5833 0.3317
13.6 0.3306
13.6167 0.3299
13.6333 0.329
13.65 0.3281
13.6667 0.3272
13.6833 0.3262
13.7 0.325
13.7167 0.3243
13.7333 0.3233
13.75 0.3223
13.7667 0.3213
13.7833 0.3203
13.8 0.3192
13.8167 0.3182
13.8333 0.3172
13.85 0.3161
13.8667 0.3151
13.8833 0.314
13.9 0.3128
13.9167 0.3118
13.9333 0.3106
13.95 0.3095
13.9667 0.3083
13.9833 0.3072
14.0 0.3061
14.0167 0.3049
14.0333 0.3037
14.05 0.3025
14.0667 0.3013
14.0833 0.3001
14.1 0.2989
14.1167 0.2976
14.1333 0.2964
14.15 0.2952
14.1667 0.2939
14.1833 0.2926
14.2 0.2914
14.2167 0.2901
14.2333 0.2888
14.25 0.2875
14.2667 0.2862
14.2833 0.2849
14.3 0.2835
14.3167 0.2822
14.3333 0.2808
14.35 0.2795
14.3667 0.2781
14.3833 0.2768
14.4 0.2753
14.4167 0.274
14.4333 0.2726
14.45 0.2712
14.4667 0.2697
14.4833 0.2684
14.5 0.2669
14.5167 0.2656
14.5333 0.2641
14.55 0.2627
14.5667 0.2612
14.5833 0.2598
14.6 0.2584
14.6167 0.2569
14.6333 0.2554
14.65 0.254
14.6667 0.2525
14.6833 0.251
14.7 0.2495
14.7167 0.248
14.7333 0.2465
14.75 0.245
14.7667 0.2435
14.7833 0.242
14.8 0.2405
14.8167 0.239
14.8333 0.2375
14.85 0.2359
14.8667 0.2344
14.8833 0.2329
14.9 0.2313
14.9167 0.2298
14.9333 0.2282
14.95 0.2267
14.9667 0.2251
14.9833 0.2235
15.0 0.222
15.0167 0.2205
15.0333 0.2189
15.05 0.2173
15.0667 0.2158
15.0833 0.2142
15.1 0.2127
15.1167 0.2111
15.1333 0.2094
15.15 0.2079
15.1667 0.2064
15.1833 0.2048
15.2 0.2032
15.2167 0.2017
15.2333 0.2001
15.25 0.1985
15.2667 0.1969
15.2833 0.1954
15.3 0.1938
15.3167 0.1922
15.3333 0.1906
15.35 0.189
15.3667 0.1875
15.3833 0.1859
15.4 0.1843
15.4167 0.1828
15.4333 0.1812
15.45 0.1796
15.4667 0.1781
15.4833 0.1765
15.5 0.1749
15.5167 0.1734
15.5333 0.1718
15.55 0.1702
15.5667 0.1687
15.5833 0.1671
15.6 0.1656
15.6167 0.164
15.6333 0.1625
15.65 0.1609
15.6667 0.1594
15.6833 0.1579
15.7 0.1563
15.7167 0.1548
15.7333 0.1533
15.75 0.1517
15.7667 0.1502
15.7833 0.1487
15.8 0.1472
15.8167 0.1457
15.8333 0.1442
15.85 0.1427
15.8667 0.1412
15.8833 0.1397
15.9 0.1382
15.9167 0.1367
15.9333 0.1352
15.95 0.1338
15.9667 0.1323
15.9833 0.1308
16.0 0.1294
16.0167 0.1279
16.0333 0.1265
16.05 0.125
16.0667 0.1236
16.0833 0.1222
16.1 0.1208
16.1167 0.1193
16.1333 0.1179
16.15 0.1165
16.1667 0.1151
16.1833 0.1137
16.2 0.1124
16.2167 0.111
16.2333 0.1096
16.25 0.1082
16.2667 0.1069
16.2833 0.1055
16.3 0.1042
16.3167 0.1029
16.3333 0.1015
16.35 0.1002
16.3667 0.09891
16.3833 0.0976
16.4 0.0963
16.4167 0.09501
16.4333 0.09374
16.45 0.09246
16.4667 0.0912
16.4833 0.08994
16.5 0.08869
16.5167 0.08745
16.5333 0.08622
16.55 0.085
16.5667 0.08378
16.5833 0.08257
16.6 0.08138
16.6167 0.08019
16.6333 0.079
16.65 0.07783
16.6667 0.07667
16.6833 0.07552
16.7 0.07437
16.7167 0.07323
16.7333 0.07211
16.75 0.07099
16.7667 0.06988
16.7833 0.06878
16.8 0.06769
16.8167 0.06661
16.8333 0.06554
16.85 0.06447
16.8667 0.06342
16.8833 0.06238
16.9 0.06134
16.9167 0.06032
16.9333 0.0593
16.95 0.0583
16.9667 0.0573
16.9833 0.05632
17.0 0.05534
17.0167 0.05437
17.0333 0.05342
17.05 0.05247
17.0667 0.05153
17.0833 0.0506
17.1 0.04969
17.1167 0.04878
17.1333 0.04788
17.15 0.04699
17.1667 0.04611
17.1833 0.04524
17.2 0.04438
17.2167 0.04354
17.2333 0.0427
17.25 0.04187
17.2667 0.04105
17.2833 0.04024
17.3 0.03944
17.3167 0.03865
17.3333 0.03787
17.35 0.0371
17.3667 0.03634
17.3833 0.03558
17.4 0.03484
17.4167 0.03411
17.4333 0.03339
17.45 0.03268
17.4667 0.03198
17.4833 0.03128
17.5 0.0306
17.5167 0.02993
17.5333 0.02926
17.55 0.02861
17.5667 0.02796
17.5833 0.02733
17.6 0.0267
17.6167 0.02609
17.6333 0.02548
17.65 0.02488
17.6667 0.02429
17.6833 0.02371
17.7 0.02314
17.7167 0.02258
17.7333 0.02203
17.75 0.02149
17.7667 0.02095
17.7833 0.02043
17.8 0.01991
17.8167 0.01941
17.8333 0.01891
17.85 0.01842
17.8667 0.01794
17.8833 0.01746
17.9 0.017
17.9167 0.01654
17.9333 0.01609
17.95 0.01565
17.9667 0.01522
17.9833 0.0148
18.0 0.01439
18.0167 0.01398
18.0333 0.01358
18.05 0.01319
18.0667 0.01281
18.0833 0.01243
18.1 0.01206
18.1167 0.0117
18.1333 0.01135
18.15 0.011
18.1667 0.01066
18.1833 0.01033
18.2 0.01001
18.2167 0.009693
18.2333 0.009382
18.25 0.00908
18.2667 0.008783
18.2833 0.008493
18.3 0.00821
18.3167 0.007934
18.3333 0.007664
18.35 0.0074
18.3667 0.007142
18.3833 0.006891
18.4 0.006645
18.4167 0.006406
18.4333 0.006173
18.45 0.005945
18.4667 0.005723
18.4833 0.005506
18.5 0.005296
18.5167 0.00509
18.5333 0.00489
18.55 0.004695
18.5667 0.004506
18.5833 0.004321
18.6 0.004141
18.6167 0.003967
18.6333 0.003797
18.65 0.003631
18.6667 0.003471
18.6833 0.003314
18.7 0.003163
18.7167 0.003016
18.7333 0.002872
18.75 0.002734
18.7667 0.002599
18.7833 0.002468
18.8 0.002341
18.8167 0.002219
18.8333 0.0021
18.85 0.001984
18.8667 0.001873
18.8833 0.001765
18.9 0.00166
18.9167 0.00156
18.9333 0.001462
18.95 0.001368
18.9667 0.001278
18.9833 0.001191
19.0 0.001107
19.0167 0.001027
19.0333 0.0009495
19.05 0.0008759
19.0667 0.0008056
19.0833 0.0007389
19.1 0.0006758
19.1167 0.0006165
19.1333 0.0005571
19.15 0.0004947
19.1667 0.0004417
19.1833 0.0003971
19.2 0.0003593
19.2167 0.0003122
19.2333 0.0002794
19.25 0.0002411
19.2667 0.0002096
19.2833 0.0001846
19.3 0.000158
19.3167 0.0001346
19.3333 0.000114
19.35 9.415e-05
19.3667 7.85e-05
19.3833 6.553e-05
19.4 5.31e-05
19.4167 4.363e-05
19.4333 3.479e-05
19.45 2.771e-05
19.4667 2.212e-05
19.4833 1.732e-05
19.5 1.336e-05
19.5167 1.013e-05
19.5333 7.516e-06
19.55 5.535e-06
19.5667 4.009e-06
19.5833 2.734e-06
19.6 1.838e-06
19.6167 1.157e-06
19.6333 7.117e-07
19.65 4.351e-07
19.6667 2.551e-07
19.6833 1.412e-07
19.7 7e-08
19.7167 2.732e-08
19.7333 7.001e-09
19.75 8.12e-10
19.7667 4.747e-11
19.7833 8.702e-13
19.8 4.61e-15
19.8167 2.181e-18
19.8333 0.0
19.85 0.0
19.8667 0.0
19.8833 0.0
19.9 0.0
19.9167 0.0
19.9333 0.0
19.95 0.0
19.9667 0.0
19.9833 0.0
20.0 0.0
20.0167 0.0
20.0333 0.0
20.05 0.0
20.0667 0.0
20.0833 0.0
20.1 0.0
20.1167 0.0
20.1333 0.0
20.15 0.0
20.1667 0.0
20.1833 0.0
20.2 0.0
20.2167 0.0
20.2333 0.0
20.25 0.0
20.2667 0.0
20.2833 0.0
20.3 0.0
20.3167 0.0
20.3333 0.0
20.35 0.0
20.3667 0.0
20.3833 0.0
20.4 0.0
20.4167 0.0
20.4333 0.0
20.45 0.0
20.4667 0.0
20.4833 0.0
20.5 0.0
20.5167 0.0
20.5333 0.0
20.55 0.0
20.5667 0.0
20.5833 0.0
20.6 0.0
20.6167 0.0
20.6333 0.0
20.65 0.0
20.6667 0.0
20.6833 0.0
20.7 0.0
20.7167 0.0
20.7333 0.0
20.75 0.0
20.7667 0.0
20.7833 0.0
20.8 0.0
20.8167 0.0
20.8333 0.0
20.85 0.0
20.8667 0.0
20.8833 0.0
20.9 0.0
20.9167 0.0
20.9333 0.0
20.95 0.0
20.9667 0.0
20.9833 0.0
21.0 0.0
21.0167 0.0
21.0333 0.0
21.05 0.0
21.0667 0.0
21.0833 0.0
21.1 0.0
21.1167 0.0
21.1333 0.0
21.15 0.0
21.1667 0.0
21.1833 0.0
21.2 0.0
21.2167 0.0
21.2333 0.0
21.25 0.0
21.2667 0.0
21.2833 0.0
21.3 0.0
21.3167 0.0
21.3333 0.0
21.35 0.0
21.3667 0.0
21.3833 0.0
21.4 0.0
21.4167 0.0
21.4333 0.0
21.45 0.0
21.4667 0.0
21.4833 0.0
21.5 0.0
21.5167 0.0
21.5333 0.0
21.55 0.0
21.5667 0.0
21.5833 0.0
21.6 0.0
21.6167 0.0
21.6333 0.0
21.65 0.0
21.6667 0.0
21.6833 0.0
21.7 0.0
21.7167 0.0
21.7333 0.0
21.75 0.0
21.7667 0.0
21.7833 0.0
21.8 0.0
21.8167 0.0
21.8333 0.0
21.85 0.0
21.8667 0.0
21.8833 0.0
21.9 0.0
21.9167 0.0
21.9333 0.0
21.95 0.0
21.9667 0.0
21.9833 0.0
22.0 0.0
22.0167 0.0
22.0333 0.0
22.05 0.0
22.0667 0.0
22.0833 0.0
22.1 0.0
22.1167 0.0
22.1333 0.0
22.15 0.0
22.1667 0.0
22.1833 0.0
22.2 0.0
22.2167 0.0
22.2333 0.0
22.25 0.0
22.2667 0.0
22.2833 0.0
22.3 0.0
22.3167 0.0
22.3333 0.0
22.35 0.0
22.3667 0.0
22.3833 0.0
22.4 0.0
22.4167 0.0
22.4333 0.0
22.45 0.0
22.4667 0.0
22.4833 0.0
22.5 0.0
22.5167 0.0
22.5333 0.0
22.55 0.0
22.5667 0.0
22.5833 0.0
22.6 0.0
22.6167 0.0
22.6333 0.0
22.65 0.0
22.6667 0.0
22.6833 0.0
22.7 0.0
22.7167 0.0
22.7333 0.0
22.75 0.0
22.7667 0.0
22.7833 0.0
22.8 0.0
22.8167 0.0
22.8333 0.0
22.85 0.0
22.8667 0.0
22.8833 0.0
22.9 0.0
22.9167 0.0
22.9333 0.0
22.95 0.0
22.9667 0.0
22.9833 0.0
23.0 0.0
23.0167 0.0
23.0333 0.0
23.05 0.0
23.0667 0.0
23.0833 0.0
23.1 0.0
23.1167 0.0
23.1333 0.0
23.15 0.0
23.1667 0.0
23.1833 0.0
23.2 0.0
23.2167 0.0
23.2333 0.0
23.25 0.0
23.2667 0.0
23.2833 0.0
23.3 0.0
23.3167 0.0
23.3333 0.0
23.35 0.0
23.3667 0.0
23.3833 0.0
23.4 0.0
23.4167 0.0
23.4333 0.0
23.45 0.0
23.4667 0.0
23.4833 0.0
23.5 0.0
23.5167 0.0
23.5333 0.0
23.55 0.0
23.5667 0.0
23.5833 0.0
23.6 0.0
23.6167 0.0
23.6333 0.0
23.65 0.0
23.6667 0.0
23.6833 0.0
23.7 0.0
23.7167 0.0
23.7333 0.0
23.75 0.0
23.7667 0.0
23.7833 0.0
23.8 0.0
23.8167 0.0
23.8333 0.0
23.85 0.0
23.8667 0.0
23.8833 0.0
23.9 0.0
23.9167 0.0
23.9333 0.0
23.95 0.0
23.9667 0.0
23.9833 0.0
