0.0 0.0
0.0167 0.0
0.0333 0.0
0.05 0.0
0.0667 0.0
0.0833 0.0
0.1 0.0
0.1167 0.0
0.1333 0.0
0.15 0.0
0.1667 0.0
0.1833 0.0
0.2 0.0
0.2167 0.0
0.2333 0.0
0.25 0.0
0.2667 0.0
0.2833 0.0
0.3 0.0
0.3167 0.0
0.3333 0.0
0.35 0.0
0.3667 0.0
0.3833 0.0
0.4 0.0
0.4167 0.0
0.4333 0.0
0.45 0.0
0.4667 0.0
0.4833 0.0
0.5 0.0
0.5167 0.0
0.5333 0.0
0.55 0.0
0.5667 0.0
0.5833 0.0
0.6 0.0
0.6167 0.0
0.6333 0.0
0.65 0.0
0.6667 0.0
0.6833 0.0
0.7 0.0
0.7167 0.0
0.7333 0.0
0.75 0.0
0.7667 0.0
0.7833 0.0
0.8 0.0
0.8167 0.0
0.8333 0.0
0.85 0.0
0.8667 0.0
0.8833 0.0
0.9 0.0
0.9167 0.0
0.9333 0.0
0.95 0.0
0.9667 0.0
0.9833 0.0
1.0 0.0
1.0167 0.0
1.0333 0.0
1.05 0.0
1.0667 0.0
1.0833 0.0
1.1 0.0
1.1167 0.0
1.1333 0.0
1.15 0.0
1.1667 0.0
1.1833 0.0
1.2 0.0
1.2167 0.0
1.2333 0.0
1.25 0.0
1.2667 0.0
1.2833 0.0
1.3 0.0
1.3167 0.0
1.3333 0.0
1.35 0.0
1.3667 0.0
1.3833 0.0
1.4 0.0
1.4167 0.0
1.4333 0.0
1.45 0.0
1.4667 0.0
1.4833 0.0
1.5 0.0
1.5167 0.0
1.5333 0.0
1.55 0.0
1.5667 0.0
1.5833 0.0
1.6 0.0
1.6167 0.0
1.6333 0.0
1.65 0.0
1.6667 0.0
1.6833 0.0
1.7 0.0
1.7167 0.0
1.7333 0.0
1.75 0.0
1.7667 0.0
1.7833 0.0
1.8 0.0
1.8167 0.0
1.8333 0.0
1.85 0.0
1.8667 0.0
1.8833 0.0
1.9 0.0
1.9167 0.0
1.9333 0.0
1.95 0.0
1.9667 0.0
1.9833 0.0
2.0 0.0
2.0167 0.0
2.0333 0.0
2.05 0.0
2.0667 0.0
2.0833 0.0
2.1 0.0
2.1167 0.0
2.1333 0.0
2.15 0.0
2.1667 0.0
2.1833 0.0
2.2 0.0
2.2167 0.0
2.2333 0.0
2.25 0.0
2.2667 0.0
2.2833 0.0
2.3 0.0
2.3167 0.0
2.3333 0.0
2.35 0.0
2.3667 0.0
2.3833 0.0
2.4 0.0
2.4167 0.0
2.4333 0.0
2.45 0.0
2.4667 0.0
2.4833 0.0
2.5 0.0
2.5167 0.0
2.5333 0.0
2.55 0.0
2.5667 0.0
2.5833 0.0
2.6 0.0
2.6167 0.0
2.6333 0.0
2.65 0.0
2.6667 0.0
2.6833 0.0
2.7 0.0
2.7167 0.0
2.7333 0.0
2.75 0.0
2.7667 0.0
2.7833 0.0
2.8 0.0
2.8167 0.0
2.8333 0.0
2.85 0.0
2.8667 0.0
2.8833 0.0
2.9 0.0
2.9167 0.0
2.9333 0.0
2.95 0.0
2.9667 0.0
2.9833 0.0
3.0 0.0
3.0167 0.0
3.0333 0.0
3.05 0.0
3.0667 0.0
3.0833 0.0
3.1 0.0
3.1167 0.0
3.1333 0.0
3.15 0.0
3.1667 0.0
3.1833 0.0
3.2 0.0
3.2167 0.0
3.2333 0.0
3.25 0.0
3.2667 0.0
3.2833 0.0
3.3 0.0
3.3167 0.0
3.3333 0.0
3.35 0.0
3.3667 0.0
3.3833 0.0
3.4 0.0
3.4167 0.0
3.4333 0.0
3.45 0.0
3.4667 0.0
3.4833 0.0
3.5 0.0
3.5167 0.0
3.5333 0.0
3.55 0.0
3.5667 0.0
3.5833 0.0
3.6 0.0
3.6167 0.0
3.6333 0.0
3.65 0.0
3.6667 0.0
3.6833 0.0
3.7 0.0
3.7167 0.0
3.7333 0.0
3.75 0.0
3.7667 0.0
3.7833 0.0
3.8 0.0
3.8167 0.0
3.8333 0.0
3.85 0.0
3.8667 0.0
3.8833 0.0
3.9 0.0
3.9167 0.0
3.9333 0.0
3.95 0.0
3.9667 0.0
3.9833 0.0
4.0 0.0
4.0167 0.0
4.0333 0.0
4.05 0.0
4.0667 0.0
4.0833 0.0
4.1 0.0
4.1167 0.0
4.1333 0.0
4.15 0.0
4.1667 0.0
4.1833 0.0
4.2 0.0
4.2167 0.0
4.2333 0.0
4.25 0.0
4.2667 0.0
4.2833 0.0
4.3 0.0
4.3167 0.0
4.3333 0.0
4.35 0.0
4.3667 0.0
4.3833 0.0
4.4 0.0
4.4167 0.0
4.4333 0.0
4.45 0.0
4.4667 0.0
4.4833 0.0
4.5 0.0
4.5167 0.0
4.5333 0.0
4.55 0.0
4.5667 0.0
4.5833 0.0
4.6 0.0
4.6167 0.0
4.6333 0.0
4.65 0.0
4.6667 0.0
4.6833 0.0
4.7 0.0
4.7167 0.0
4.7333 0.0
4.75 0.0
4.7667 0.0
4.7833 0.0
4.8 0.0
4.8167 0.0
4.8333 0.0
4.85 0.0
4.8667 0.0
4.8833 0.0
4.9 0.0
4.9167 0.0
4.9333 0.0
4.95 0.0
4.9667 0.0
4.9833 0.0
5.0 0.0
5.0167 0.0
5.0333 0.0
5.05 0.0
5.0667 0.0
5.0833 0.0
5.1 0.0
5.1167 0.0
5.1333 0.0
5.15 0.0
5.1667 0.0
5.1833 0.0
5.2 0.0
5.2167 0.0
5.2333 0.0
5.25 0.0
5.2667 0.0
5.2833 0.0
5.3 0.0
5.3167 0.0
5.3333 0.0
5.35 0.0
5.3667 0.0
5.3833 0.0
5.4 0.0
5.4167 0.0
5.4333 0.0
5.45 0.0
5.4667 0.0
5.4833 0.0
5.5 0.0
5.5167 0.0
5.5333 0.0
5.55 0.0
5.5667 0.0
5.5833 0.0
5.6 0.0
5.6167 0.0
5.6333 0.0
5.65 0.0
5.6667 0.0
5.6833 0.0
5.7 0.0
5.7167 0.0
5.7333 0.0
5.75 0.0
5.7667 0.0
5.7833 0.0
5.8 0.0
5.8167 0.0
5.8333 0.0
5.85 0.0
5.8667 0.0
5.8833 0.0
5.9 0.0
5.9167 0.0
5.9333 0.0
5.95 0.0
5.9667 0.0
5.9833 0.0
6.0 0.0
6.0167 0.0
6.0333 0.0
6.05 0.0
6.0667 0.0
6.0833 0.0
6.1 0.0
6.1167 1.981e-16
6.1333 1.52e-13
6.15 2.134e-11
6.1667 5.836e-10
6.1833 7.132e-09
6.2 3.253e-08
6.2167 8.546e-08
6.2333 1.855e-07
6.25 3.473e-07
6.2667 6.235e-07
6.2833 1.091e-06
6.3 1.835e-06
6.3167 2.943e-06
6.3333 4.496e-06
6.35 6.455e-06
6.3667 9.087e-06
6.3833 1.238e-05
6.4 1.69e-05
6.4167 2.228e-05
6.4333 2.904e-05
6.45 3.748e-05
6.4667 4.796e-05
6.4833 5.934e-05
6.5 7.426e-05
6.5167 9.103e-05
6.5333 0.000112
6.55 0.0001342
6.5667 0.0001601
6.5833 0.0001897
6.6 0.0002233
6.6167 0.0002617
6.6333 0.000307
6.65 0.0003462
6.6667 0.0004018
6.6833 0.0004486
6.7 0.0005048
6.7167 0.0005726
6.7333 0.0006493
6.75 0.0007182
6.7667 0.0007924
6.7833 0.0008714
6.8 0.0009553
6.8167 0.001043
6.8333 0.001136
6.85 0.001233
6.8667 0.001334
6.8833 0.001439
6.9 0.00155
6.9167 0.001664
6.9333 0.001783
6.95 0.001906
6.9667 0.002034
6.9833 0.002167
7.0 0.002305
7.0167 0.002448
7.0333 0.002595
7.05 0.002747
7.0667 0.002905
7.0833 0.003068
7.1 0.003236
7.1167 0.00341
7.1333 0.003589
7.15 0.003774
7.1667 0.003964
7.1833 0.004162
7.2 0.004364
7.2167 0.004573
7.2333 0.004787
7.25 0.005009
7.2667 0.005237
7.2833 0.005471
7.3 0.005712
7.3167 0.00596
7.3333 0.006215
7.35 0.006477
7.3667 0.006747
7.3833 0.007023
7.4 0.007307
7.4167 0.007598
7.4333 0.007897
7.45 0.008204
7.4667 0.00852
7.4833 0.008843
7.5 0.009173
7.5167 0.009512
7.5333 0.00986
7.55 0.01022
7.5667 0.01058
7.5833 0.01095
7.6 0.01134
7.6167 0.01173
7.6333 0.01213
7.65 0.01254
7.6667 0.01295
7.6833 0.01338
7.7 0.01382
7.7167 0.01426
7.7333 0.01472
7.75 0.01519
7.7667 0.01566
7.7833 0.01615
7.8 0.01664
7.8167 0.01714
7.8333 0.01766
7.85 0.01819
7.8667 0.01872
7.8833 0.01927
7.9 0.01982
7.9167 0.02039
7.9333 0.02097
7.95 0.02156
7.9667 0.02215
7.9833 0.02276
8.0 0.02338
8.0167 0.02402
8.0333 0.02466
8.05 0.02531
8.0667 0.02597
8.0833 0.02665
8.1 0.02733
8.1167 0.02803
8.1333 0.02874
8.15 0.02946
8.1667 0.03019
8.1833 0.03093
8.2 0.03168
8.2167 0.03245
8.2333 0.03323
8.25 0.03401
8.2667 0.03481
8.2833 0.03562
8.3 0.03645
8.3167 0.03728
8.3333 0.03813
8.35 0.03898
8.3667 0.03985
8.3833 0.04073
8.4 0.04162
8.4167 0.04253
8.4333 0.04344
8.45 0.04436
8.4667 0.0453
8.4833 0.04625
8.5 0.04721
8.5167 0.04818
8.5333 0.04917
8.55 0.05016
8.5667 0.05117
8.5833 0.05219
8.6 0.05322
8.6167 0.05426
8.6333 0.05531
8.65 0.05637
8.6667 0.05744
8.6833 0.05853
8.7 0.05963
8.7167 0.06073
8.7333 0.06185
8.75 0.06298
8.7667 0.06412
8.7833 0.06527
8.8 0.06644
8.8167 0.06761
8.8333 0.06879
8.85 0.06999
8.8667 0.07119
8.8833 0.07241
8.9 0.07363
8.9167 0.07487
8.9333 0.07612
8.95 0.07737
8.9667 0.07864
8.9833 0.07992
9.0 0.08121
9.0167 0.0825
9.0333 0.08381
9.05 0.08513
9.0667 0.08646
9.0833 0.08779
9.1 0.08914
9.1167 0.09049
9.1333 0.09185
9.15 0.09323
9.1667 0.09461
9.1833 0.096
9.2 0.0974
9.2167 0.09881
9.2333 0.1002
9.25 0.1017
9.2667 0.1031
9.2833 0.1045
9.3 0.106
9.3167 0.1074
9.3333 0.1089
9.35 0.1104
9.3667 0.1119
9.3833 0.1134
9.4 0.1149
9.4167 0.1164
9.4333 0.1179
9.45 0.1194
9.4667 0.1209
9.4833 0.1225
9.5 0.124
9.5167 0.1255
9.5333 0.1271
9.55 0.1287
9.5667 0.1302
9.5833 0.1318
9.6 0.1334
9.6167 0.1349
9.6333 0.1365
9.65 0.1381
9.6667 0.1397
9.6833 0.1413
9.7 0.1429
9.7167 0.1446
9.7333 0.1462
9.75 0.1478
9.7667 0.1494
9.7833 0.1511
9.8 0.1527
9.8167 0.1543
9.8333 0.156
9.85 0.1576
9.8667 0.1592
9.8833 0.1609
9.9 0.1626
9.9167 0.1642
9.9333 0.1658
9.95 0.1675
9.9667 0.1692
9.9833 0.1709
10.0 0.1726
10.0167 0.1743
10.0333 0.1759
10.05 0.1776
10.0667 0.1793
10.0833 0.181
10.1 0.1827
10.1167 0.1842
10.1333 0.186
10.15 0.1877
10.1667 0.1894
10.1833 0.1911
10.2 0.1927
10.2167 0.1944
10.2333 0.1961
10.25 0.1977
10.2667 0.1995
10.2833 0.2012
10.3 0.2028
10.3167 0.2045
10.3333 0.2062
10.35 0.2079
10.3667 0.2096
10.3833 0.2112
10.4 0.2129
10.4167 0.2146
10.4333 0.2162
10.45 0.2179
10.4667 0.2196
10.4833 0.2212
10.5 0.2229
10.5167 0.2244
10.5333 0.2262
10.55 0.2278
10.5667 0.2295
10.5833 0.2311
10.6 0.2327
10.6167 0.2344
10.6333 0.236
10.65 0.2376
10.6667 0.2392
10.6833 0.2408
10.7 0.2424
10.7167 0.244
10.7333 0.2456
10.75 0.2472
10.7667 0.2488
10.7833 0.2504
10.8 0.2519
10.8167 0.2535
10.8333 0.2551
10.85 0.2566
10.8667 0.2582
10.8833 0.2597
10.9 0.2613
10.9167 0.2628
10.9333 0.2643
10.95 0.2658
10.9667 0.2673
10.9833 0.2688
11.0 0.2701
11.0167 0.2716
11.0333 0.2732
11.05 0.2747
11.0667 0.2761
11.0833 0.2776
11.1 0.279
11.1167 0.2803
11.1333 0.2818
11.15 0.2833
11.1667 0.2847
11.1833 0.2859
11.2 0.2874
11.2167 0.2888
11.2333 0.2901
11.25 0.2915
11.2667 0.2928
11.2833 0.2941
11.3 0.2955
11.3167 0.2968
11.3333 0.2981
11.35 0.2993
11.3667 0.3006
11.3833 0.3019
11.4 0.3031
11.4167 0.3043
11.4333 0.3056
11.45 0.3068
11.4667 0.308
11.4833 0.3091
11.5 0.3103
11.5167 0.3115
11.5333 0.3126
11.55 0.3138
11.5667 0.3149
11.5833 0.316
11.6 0.3171
11.6167 0.3182
11.6333 0.3192
11.65 0.3203
11.6667 0.3213
11.6833 0.3224
11.7 0.3234
11.7167 0.3243
11.7333 0.3254
11.75 0.3264
11.7667 0.3271
11.7833 0.3281
11.8 0.3292
11.8167 0.3301
11.8333 0.3309
11.85 0.3319
11.8667 0.3327
11.8833 0.3336
11.9 0.3345
11.9167 0.3352
11.9333 0.3361
11.95 0.3369
11.9667 0.3377
11.9833 0.3384
12.0 0.3392
12.0167 0.3399
12.0333 0.3406
12.05 0.3413
12.0667 0.342
12.0833 0.3427
12.1 0.3433
12.1167 0.344
12.1333 0.3446
12.15 0.3452
12.1667 0.3456
12.1833 0.3464
12.2 0.3469
12.2167 0.3473
12.2333 0.348
12.25 0.3485
12.2667 0.349
12.2833 0.3494
12.3 0.3499
12.3167 0.3503
12.3333 0.3508
12.35 0.3512
12.3667 0.3516
12.3833 0.3519
12.4 0.3523
12.4167 0.3526
12.4333 0.3529
12.45 0.3532
12.4667 0.3535
12.4833 0.3538
12.5 0.354
12.5167 0.3543
12.5333 0.3545
12.55 0.3547
12.5667 0.3549
12.5833 0.355
12.6 0.3552
12.6167 0.3553
12.6333 0.3554
12.65 0.3555
12.6667 0.3556
12.6833 0.3557
12.7 0.3557
12.7167 0.3557
12.7333 0.3557
12.75 0.3557
12.7667 0.3557
12.7833 0.3557
12.8 0.3556
12.8167 0.3555
12.8333 0.3554
12.85 0.3553
12.8667 0.3552
12.8833 0.355
12.9 0.3549
12.9167 0.3547
12.9333 0.3545
12.95 0.3543
12.9667 0.354
12.9833 0.3538
13.0 0.3535
13.0167 0.3532
13.0333 0.3529
13.05 0.3526
13.0667 0.3522
13.0833 0.3519
13.1 0.3515
13.1167 0.3511
13.1333 0.3507
13.15 0.3503
13.1667 0.3499
13.1833 0.3494
13.2 0.3489
13.2167 0.3484
13.2333 0.3479
13.25 0.3472
13.2667 0.3469
13.2833 0.3463
13.3 0.3455
13.3167 0.3451
13.3333 0.3445
13.35 0.3439
13.3667 0.3433
13.3833 0.3426
13.4 0.3419
13.4167 0.3413
13.4333 0.3406
13.45 0.3398
13.4667 0.3391
13.4833 0.3384
13.5 0.3376
13.5167 0.3368
13.5333 0.336
13.55 0.3351
13.5667 0.3344
13.5833 0.3335
13.6 0.3327
13.6167 0.3318
13.6333 0.3308
13.65 0.33
13.6667 0.3291
13.6833 0.3281
13.7 0.3271
13.7167 0.3263
13.7333 0.3253
13.75 0.3242
13.7667 0.3233
13.7833 0.3223
13.8 0.3212
13.8167 0.3202
13.8333 0.3192
13.85 0.3181
13.8667 0.3169
13.8833 0.3159
13.9 0.3148
13.9167 0.3137
13.9333 0.3125
13.95 0.3113
13.9667 0.3102
13.9833 0.309
14.0 0.3079
14.0167 0.3067
14.0333 0.3055
14.05 0.3042
14.0667 0.303
14.0833 0.3017
14.1 0.3005
14.1167 0.2992
14.1333 0.2979
14.15 0.2966
14.1667 0.2953
14.1833 0.294
14.2 0.2926
14.2167 0.2914
14.2333 0.29
14.25 0.2887
14.2667 0.2873
14.2833 0.2858
14.3 0.2845
14.3167 0.2831
14.3333 0.2817
14.35 0.2802
14.3667 0.2789
14.3833 0.2775
14.4 0.276
14.4167 0.2746
14.4333 0.2731
14.45 0.2714
14.4667 0.27
14.4833 0.2687
14.5 0.2672
14.5167 0.2657
14.5333 0.2642
14.55 0.2626
14.5667 0.2611
14.5833 0.2596
14.6 0.258
14.6167 0.2564
14.6333 0.2549
14.65 0.2534
14.6667 0.2518
14.6833 0.2503
14.7 0.2487
14.7167 0.2471
14.7333 0.2455
14.75 0.2439
14.7667 0.2423
14.7833 0.2407
14.8 0.2391
14.8167 0.2375
14.8333 0.2359
14.85 0.2342
14.8667 0.2326
14.8833 0.231
14.9 0.2293
14.9167 0.2277
14.9333 0.226
14.95 0.2244
14.9667 0.2227
14.9833 0.2211
15.0 0.2194
15.0167 0.2178
15.0333 0.2161
15.05 0.2144
15.0667 0.2128
15.0833 0.2111
15.1 0.2094
15.1167 0.2077
15.1333 0.2061
15.15 0.2044
15.1667 0.2027
15.1833 0.201
15.2 0.1993
15.2167 0.1977
15.2333 0.196
15.25 0.1942
15.2667 0.1926
15.2833 0.1909
15.3 0.1892
15.3167 0.1876
15.3333 0.1859
15.35 0.1842
15.3667 0.1825
15.3833 0.1808
15.4 0.1792
15.4167 0.1775
15.4333 0.1758
15.45 0.1741
15.4667 0.1725
15.4833 0.1708
15.5 0.1691
15.5167 0.1674
15.5333 0.1658
15.55 0.1641
15.5667 0.1625
15.5833 0.1608
15.6 0.1591
15.6167 0.1575
15.6333 0.1559
15.65 0.1542
15.6667 0.1526
15.6833 0.1509
15.7 0.1493
15.7167 0.1477
15.7333 0.1461
15.75 0.1444
15.7667 0.1428
15.7833 0.1412
15.8 0.1396
15.8167 0.138
15.8333 0.1364
15.85 0.1348
15.8667 0.1333
15.8833 0.1317
15.9 0.1301
15.9167 0.1285
15.9333 0.1269
15.95 0.1254
15.9667 0.1239
15.9833 0.1223
16.0 0.1208
16.0167 0.1193
16.0333 0.1178
16.05 0.1163
16.0667 0.1147
16.0833 0.1133
16.1 0.1118
16.1167 0.1103
16.1333 0.1088
16.15 0.1073
16.1667 0.1059
16.1833 0.1044
16.2 0.103
16.2167 0.1016
16.2333 0.1001
16.25 0.09872
16.2667 0.09732
16.2833 0.09592
16.3 0.09453
16.3167 0.09314
16.3333 0.09177
16.35 0.09041
16.3667 0.08905
16.3833 0.08771
16.4 0.08637
16.4167 0.08505
16.4333 0.08373
16.45 0.08243
16.4667 0.08113
16.4833 0.07984
16.5 0.07857
16.5167 0.0773
16.5333 0.07605
16.55 0.0748
16.5667 0.07356
16.5833 0.07234
16.6 0.07112
16.6167 0.06992
16.6333 0.06873
16.65 0.06755
16.6667 0.06637
16.6833 0.06521
16.7 0.06406
16.7167 0.06292
16.7333 0.06179
16.75 0.06068
16.7667 0.05957
16.7833 0.05847
16.8 0.05739
16.8167 0.05631
16.8333 0.05525
16.85 0.0542
16.8667 0.05316
16.8833 0.05214
16.9 0.05112
16.9167 0.05011
16.9333 0.04912
16.95 0.04814
16.9667 0.04717
16.9833 0.04621
17.0 0.04526
17.0167 0.04432
17.0333 0.0434
17.05 0.04248
17.0667 0.04158
17.0833 0.04069
17.1 0.03981
17.1167 0.03895
17.1333 0.03809
17.15 0.03725
17.1667 0.03641
17.1833 0.03559
17.2 0.03478
17.2167 0.03398
17.2333 0.0332
17.25 0.03242
17.2667 0.03166
17.2833 0.0309
17.3 0.03016
17.3167 0.02943
17.3333 0.02871
17.35 0.02801
17.3667 0.02731
17.3833 0.02662
17.4 0.02595
17.4167 0.02529
17.4333 0.02463
17.45 0.02399
17.4667 0.02336
17.4833 0.02274
17.5 0.02214
17.5167 0.02154
17.5333 0.02095
17.55 0.02037
17.5667 0.01981
17.5833 0.01925
17.6 0.01871
17.6167 0.01817
17.6333 0.01765
17.65 0.01713
17.6667 0.01663
17.6833 0.01613
17.7 0.01565
17.7167 0.01517
17.7333 0.01471
17.75 0.01425
17.7667 0.01381
17.7833 0.01337
17.8 0.01294
17.8167 0.01253
17.8333 0.01212
17.85 0.01172
17.8667 0.01133
17.8833 0.01095
17.9 0.01057
17.9167 0.01021
17.9333 0.009854
17.95 0.009507
17.9667 0.009168
17.9833 0.008838
18.0 0.008515
18.0167 0.008201
18.0333 0.007894
18.05 0.007595
18.0667 0.007304
18.0833 0.00702
18.1 0.006744
18.1167 0.006475
18.1333 0.006213
18.15 0.005958
18.1667 0.005711
18.1833 0.00547
18.2 0.005235
18.2167 0.005008
18.2333 0.004787
18.25 0.004572
18.2667 0.004363
18.2833 0.004161
18.3 0.003964
18.3167 0.003774
18.3333 0.003589
18.35 0.00341
18.3667 0.003237
18.3833 0.003068
18.4 0.002906
18.4167 0.002748
18.4333 0.002596
18.45 0.002448
18.4667 0.002306
18.4833 0.002168
18.5 0.002036
18.5167 0.001908
18.5333 0.001784
18.55 0.001665
18.5667 0.001551
18.5833 0.001441
18.6 0.001335
18.6167 0.001234
18.6333 0.001137
18.65 0.001045
18.6667 0.0009565
18.6833 0.0008729
18.7 0.0007938
18.7167 0.0007196
18.7333 0.0006506
18.75 0.0005741
18.7667 0.0005062
18.7833 0.0004498
18.8 0.0004028
18.8167 0.0003474
18.8333 0.0003078
18.85 0.0002625
18.8667 0.0002242
18.8833 0.0001906
18.9 0.0001609
18.9167 0.0001348
18.9333 0.0001125
18.95 9.172e-05
18.9667 7.469e-05
18.9833 5.982e-05
19.0 4.828e-05
19.0167 3.772e-05
19.0333 2.925e-05
19.05 2.246e-05
19.0667 1.707e-05
19.0833 1.255e-05
19.1 9.184e-06
19.1167 6.595e-06
19.1333 4.551e-06
19.15 2.995e-06
19.1667 1.876e-06
19.1833 1.121e-06
19.2 6.402e-07
19.2167 3.56e-07
19.2333 1.903e-07
19.25 8.985e-08
19.2667 3.407e-08
19.2833 7.873e-09
19.3 7.186e-10
19.3167 2.503e-11
19.3333 1.952e-13
19.35 2.798e-16
19.3667 2.088e-34
19.3833 0.0
19.4 0.0
19.4167 0.0
19.4333 0.0
19.45 0.0
19.4667 0.0
19.4833 0.0
19.5 0.0
19.5167 0.0
19.5333 0.0
19.55 0.0
19.5667 0.0
19.5833 0.0
19.6 0.0
19.6167 0.0
19.6333 0.0
19.65 0.0
19.6667 0.0
19.6833 0.0
19.7 0.0
19.7167 0.0
19.7333 0.0
19.75 0.0
19.7667 0.0
19.7833 0.0
19.8 0.0
19.8167 0.0
19.8333 0.0
19.85 0.0
19.8667 0.0
19.8833 0.0
19.9 0.0
19.9167 0.0
19.9333 0.0
19.95 0.0
19.9667 0.0
19.9833 0.0
20.0 0.0
20.0167 0.0
20.0333 0.0
20.05 0.0
20.0667 0.0
20.0833 0.0
20.1 0.0
20.1167 0.0
20.1333 0.0
20.15 0.0
20.1667 0.0
20.1833 0.0
20.2 0.0
20.2167 0.0
20.2333 0.0
20.25 0.0
20.2667 0.0
20.2833 0.0
20.3 0.0
20.3167 0.0
20.3333 0.0
20.35 0.0
20.3667 0.0
20.3833 0.0
20.4 0.0
20.4167 0.0
20.4333 0.0
20.45 0.0
20.4667 0.0
20.4833 0.0
20.5 0.0
20.5167 0.0
20.5333 0.0
20.55 0.0
20.5667 0.0
20.5833 0.0
20.6 0.0
20.6167 0.0
20.6333 0.0
20.65 0.0
20.6667 0.0
20.6833 0.0
20.7 0.0
20.7167 0.0
20.7333 0.0
20.75 0.0
20.7667 0.0
20.7833 0.0
20.8 0.0
20.8167 0.0
20.8333 0.0
20.85 0.0
20.8667 0.0
20.8833 0.0
20.9 0.0
20.9167 0.0
20.9333 0.0
20.95 0.0
20.9667 0.0
20.9833 0.0
21.0 0.0
21.0167 0.0
21.0333 0.0
21.05 0.0
21.0667 0.0
21.0833 0.0
21.1 0.0
21.1167 0.0
21.1333 0.0
21.15 0.0
21.1667 0.0
21.1833 0.0
21.2 0.0
21.2167 0.0
21.2333 0.0
21.25 0.0
21.2667 0.0
21.2833 0.0
21.3 0.0
21.3167 0.0
21.3333 0.0
21.35 0.0
21.3667 0.0
21.3833 0.0
21.4 0.0
21.4167 0.0
21.4333 0.0
21.45 0.0
21.4667 0.0
21.4833 0.0
21.5 0.0
21.5167 0.0
21.5333 0.0
21.55 0.0
21.5667 0.0
21.5833 0.0
21.6 0.0
21.6167 0.0
21.6333 0.0
21.65 0.0
21.6667 0.0
21.6833 0.0
21.7 0.0
21.7167 0.0
21.7333 0.0
21.75 0.0
21.7667 0.0
21.7833 0.0
21.8 0.0
21.8167 0.0
21.8333 0.0
21.85 0.0
21.8667 0.0
21.8833 0.0
21.9 0.0
21.9167 0.0
21.9333 0.0
21.95 0.0
21.9667 0.0
21.9833 0.0
22.0 0.0
22.0167 0.0
22.0333 0.0
22.05 0.0
22.0667 0.0
22.0833 0.0
22.1 0.0
22.1167 0.0
22.1333 0.0
22.15 0.0
22.1667 0.0
22.1833 0.0
22.2 0.0
22.2167 0.0
22.2333 0.0
22.25 0.0
22.2667 0.0
22.2833 0.0
22.3 0.0
22.3167 0.0
22.3333 0.0
22.35 0.0
22.3667 0.0
22.3833 0.0
22.4 0.0
22.4167 0.0
22.4333 0.0
22.45 0.0
22.4667 0.0
22.4833 0.0
22.5 0.0
22.5167 0.0
22.5333 0.0
22.55 0.0
22.5667 0.0
22.5833 0.0
22.6 0.0
22.6167 0.0
22.6333 0.0
22.65 0.0
22.6667 0.0
22.6833 0.0
22.7 0.0
22.7167 0.0
22.7333 0.0
22.75 0.0
22.7667 0.0
22.7833 0.0
22.8 0.0
22.8167 0.0
22.8333 0.0
22.85 0.0
22.8667 0.0
22.8833 0.0
22.9 0.0
22.9167 0.0
22.9333 0.0
22.95 0.0
22.9667 0.0
22.9833 0.0
23.0 0.0
23.0167 0.0
23.0333 0.0
23.05 0.0
23.0667 0.0
23.0833 0.0
23.1 0.0
23.1167 0.0
23.1333 0.0
23.15 0.0
23.1667 0.0
23.1833 0.0
23.2 0.0
23.2167 0.0
23.2333 0.0
23.25 0.0
23.2667 0.0
23.2833 0.0
23.3 0.0
23.3167 0.0
23.3333 0.0
23.35 0.0
23.3667 0.0
23.3833 0.0
23.4 0.0
23.4167 0.0
23.4333 0.0
23.45 0.0
23.4667 0.0
23.4833 0.0
23.5 0.0
23.5167 0.0
23.5333 0.0
23.55 0.0
23.5667 0.0
23.5833 0.0
23.6 0.0
23.6167 0.0
23.6333 0.0
23.65 0.0
23.6667 0.0
23.6833 0.0
23.7 0.0
23.7167 0.0
23.7333 0.0
23.75 0.0
23.7667 0.0
23.7833 0.0
23.8 0.0
23.8167 0.0
23.8333 0.0
23.85 0.0
23.8667 0.0
23.8833 0.0
23.9 0.0
23.9167 0.0
23.9333 0.0
23.95 0.0
23.9667 0.0
23.9833 0.0
