0.0 0.0
0.0167 0.0
0.0333 0.0
0.05 0.0
0.0667 0.0
0.0833 0.0
0.1 0.0
0.1167 0.0
0.1333 0.0
0.15 0.0
0.1667 0.0
0.1833 0.0
0.2 0.0
0.2167 0.0
0.2333 0.0
0.25 0.0
0.2667 0.0
0.2833 0.0
0.3 0.0
0.3167 0.0
0.3333 0.0
0.35 0.0
0.3667 0.0
0.3833 0.0
0.4 0.0
0.4167 0.0
0.4333 0.0
0.45 0.0
0.4667 0.0
0.4833 0.0
0.5 0.0
0.5167 0.0
0.5333 0.0
0.55 0.0
0.5667 0.0
0.5833 0.0
0.6 0.0
0.6167 0.0
0.6333 0.0
0.65 0.0
0.6667 0.0
0.6833 0.0
0.7 0.0
0.7167 0.0
0.7333 0.0
0.75 0.0
0.7667 0.0
0.7833 0.0
0.8 0.0
0.8167 0.0
0.8333 0.0
0.85 0.0
0.8667 0.0
0.8833 0.0
0.9 0.0
0.9167 0.0
0.9333 0.0
0.95 0.0
0.9667 0.0
0.9833 0.0
1.0 0.0
1.0167 0.0
1.0333 0.0
1.05 0.0
1.0667 0.0
1.0833 0.0
1.1 0.0
1.1167 0.0
1.1333 0.0
1.15 0.0
1.1667 0.0
1.1833 0.0
1.2 0.0
1.2167 0.0
1.2333 0.0
1.25 0.0
1.2667 0.0
1.2833 0.0
1.3 0.0
1.3167 0.0
1.3333 0.0
1.35 0.0
1.3667 0.0
1.3833 0.0
1.4 0.0
1.4167 0.0
1.4333 0.0
1.45 0.0
1.4667 0.0
1.4833 0.0
1.5 0.0
1.5167 0.0
1.5333 0.0
1.55 0.0
1.5667 0.0
1.5833 0.0
1.6 0.0
1.6167 0.0
1.6333 0.0
1.65 0.0
1.6667 0.0
1.6833 0.0
1.7 0.0
1.7167 0.0
1.7333 0.0
1.75 0.0
1.7667 0.0
1.7833 0.0
1.8 0.0
1.8167 0.0
1.8333 0.0
1.85 0.0
1.8667 0.0
1.8833 0.0
1.9 0.0
1.9167 0.0
1.9333 0.0
1.95 0.0
1.9667 0.0
1.9833 0.0
2.0 0.0
2.0167 0.0
2.0333 0.0
2.05 0.0
2.0667 0.0
2.0833 0.0
2.1 0.0
2.1167 0.0
2.1333 0.0
2.15 0.0
2.1667 0.0
2.1833 0.0
2.2 0.0
2.2167 0.0
2.2333 0.0
2.25 0.0
2.2667 0.0
2.2833 0.0
2.3 0.0
2.3167 0.0
2.3333 0.0
2.35 0.0
2.3667 0.0
2.3833 0.0
2.4 0.0
2.4167 0.0
2.4333 0.0
2.45 0.0
2.4667 0.0
2.4833 0.0
2.5 0.0
2.5167 0.0
2.5333 0.0
2.55 0.0
2.5667 0.0
2.5833 0.0
2.6 0.0
2.6167 0.0
2.6333 0.0
2.65 0.0
2.6667 0.0
2.6833 0.0
2.7 0.0
2.7167 0.0
2.7333 0.0
2.75 0.0
2.7667 0.0
2.7833 0.0
2.8 0.0
2.8167 0.0
2.8333 0.0
2.85 0.0
2.8667 0.0
2.8833 0.0
2.9 0.0
2.9167 0.0
2.9333 0.0
2.95 0.0
2.9667 0.0
2.9833 0.0
3.0 0.0
3.0167 0.0
3.0333 0.0
3.05 0.0
3.0667 0.0
3.0833 0.0
3.1 0.0
3.1167 0.0
3.1333 0.0
3.15 0.0
3.1667 0.0
3.1833 0.0
3.2 0.0
3.2167 0.0
3.2333 0.0
3.25 0.0
3.2667 0.0
3.2833 0.0
3.3 0.0
3.3167 0.0
3.3333 0.0
3.35 0.0
3.3667 0.0
3.3833 0.0
3.4 0.0
3.4167 0.0
3.4333 0.0
3.45 0.0
3.4667 0.0
3.4833 0.0
3.5 0.0
3.5167 0.0
3.5333 0.0
3.55 0.0
3.5667 0.0
3.5833 0.0
3.6 0.0
3.6167 0.0
3.6333 0.0
3.65 0.0
3.6667 0.0
3.6833 0.0
3.7 0.0
3.7167 0.0
3.7333 0.0
3.75 0.0
3.7667 0.0
3.7833 0.0
3.8 0.0
3.8167 0.0
3.8333 0.0
3.85 0.0
3.8667 0.0
3.8833 0.0
3.9 0.0
3.9167 0.0
3.9333 0.0
3.95 0.0
3.9667 0.0
3.9833 0.0
4.0 0.0
4.0167 0.0
4.0333 0.0
4.05 0.0
4.0667 0.0
4.0833 0.0
4.1 0.0
4.1167 0.0
4.1333 0.0
4.15 0.0
4.1667 0.0
4.1833 0.0
4.2 0.0
4.2167 0.0
4.2333 0.0
4.25 0.0
4.2667 0.0
4.2833 0.0
4.3 0.0
4.3167 0.0
4.3333 0.0
4.35 0.0
4.3667 0.0
4.3833 0.0
4.4 0.0
4.4167 0.0
4.4333 0.0
4.45 0.0
4.4667 0.0
4.4833 0.0
4.5 0.0
4.5167 0.0
4.5333 0.0
4.55 0.0
4.5667 0.0
4.5833 0.0
4.6 0.0
4.6167 0.0
4.6333 0.0
4.65 0.0
4.6667 0.0
4.6833 0.0
4.7 0.0
4.7167 0.0
4.7333 0.0
4.75 0.0
4.7667 0.0
4.7833 0.0
4.8 0.0
4.8167 0.0
4.8333 0.0
4.85 0.0
4.8667 0.0
4.8833 0.0
4.9 0.0
4.9167 0.0
4.9333 0.0
4.95 0.0
4.9667 0.0
4.9833 0.0
5.0 0.0
5.0167 0.0
5.0333 0.0
5.05 0.0
5.0667 0.0
5.0833 0.0
5.1 0.0
5.1167 0.0
5.1333 0.0
5.15 0.0
5.1667 0.0
5.1833 0.0
5.2 0.0
5.2167 0.0
5.2333 0.0
5.25 0.0
5.2667 0.0
5.2833 0.0
5.3 0.0
5.3167 0.0
5.3333 0.0
5.35 0.0
5.3667 0.0
5.3833 0.0
5.4 0.0
5.4167 0.0
5.4333 0.0
5.45 0.0
5.4667 0.0
5.4833 0.0
5.5 0.0
5.5167 0.0
5.5333 0.0
5.55 0.0
5.5667 0.0
5.5833 5.61e-19
5.6 4.041e-15
5.6167 1.073e-12
5.6333 7.059e-11
5.65 1.324e-09
5.6667 1.089e-08
5.6833 3.911e-08
5.7 9.594e-08
5.7167 1.911e-07
5.7333 3.484e-07
5.75 6.097e-07
5.7667 1.042e-06
5.7833 1.722e-06
5.8 2.736e-06
5.8167 4.038e-06
5.8333 5.833e-06
5.85 8.053e-06
5.8667 1.112e-05
5.8833 1.474e-05
5.9 1.933e-05
5.9167 2.507e-05
5.9333 3.222e-05
5.95 4.109e-05
5.9667 5.09e-05
5.9833 6.331e-05
6.0 7.785e-05
6.0167 9.496e-05
6.0333 0.0001138
6.05 0.0001361
6.0667 0.0001618
6.0833 0.0001902
6.1 0.0002215
6.1167 0.0002574
6.1333 0.0003001
6.15 0.0003377
6.1667 0.0003899
6.1833 0.0004337
6.2 0.0004859
6.2167 0.0005483
6.2333 0.0006212
6.25 0.0006853
6.2667 0.000754
6.2833 0.0008272
6.3 0.0009046
6.3167 0.0009861
6.3333 0.001072
6.35 0.001161
6.3667 0.001255
6.3833 0.001352
6.4 0.001454
6.4167 0.00156
6.4333 0.00167
6.45 0.001784
6.4667 0.001902
6.4833 0.002024
6.5 0.002151
6.5167 0.002283
6.5333 0.002418
6.55 0.002559
6.5667 0.002704
6.5833 0.002854
6.6 0.003008
6.6167 0.003168
6.6333 0.003333
6.65 0.003503
6.6667 0.003678
6.6833 0.003859
6.7 0.004045
6.7167 0.004237
6.7333 0.004435
6.75 0.004638
6.7667 0.004847
6.7833 0.005062
6.8 0.005284
6.8167 0.005512
6.8333 0.005746
6.85 0.005987
6.8667 0.006234
6.8833 0.006488
6.9 0.006749
6.9167 0.007017
6.9333 0.007292
6.95 0.007574
6.9667 0.007863
6.9833 0.00816
7.0 0.008465
7.0167 0.008776
7.0333 0.009096
7.05 0.009424
7.0667 0.009759
7.0833 0.0101
7.1 0.01045
7.1167 0.01081
7.1333 0.01118
7.15 0.01156
7.1667 0.01195
7.1833 0.01234
7.2 0.01274
7.2167 0.01316
7.2333 0.01358
7.25 0.01401
7.2667 0.01445
7.2833 0.01489
7.3 0.01535
7.3167 0.01582
7.3333 0.0163
7.35 0.01678
7.3667 0.01728
7.3833 0.01779
7.4 0.0183
7.4167 0.01883
7.4333 0.01936
7.45 0.01991
7.4667 0.02047
7.4833 0.02103
7.5 0.02161
7.5167 0.0222
7.5333 0.0228
7.55 0.02341
7.5667 0.02403
7.5833 0.02466
7.6 0.0253
7.6167 0.02595
7.6333 0.02661
7.65 0.02728
7.6667 0.02797
7.6833 0.02866
7.7 0.02937
7.7167 0.03009
7.7333 0.03082
7.75 0.03156
7.7667 0.03231
7.7833 0.03307
7.8 0.03384
7.8167 0.03463
7.8333 0.03543
7.85 0.03624
7.8667 0.03706
7.8833 0.03789
7.9 0.03873
7.9167 0.03958
7.9333 0.04045
7.95 0.04133
7.9667 0.04221
7.9833 0.04311
8.0 0.04403
8.0167 0.04495
8.0333 0.04589
8.05 0.04683
8.0667 0.04779
8.0833 0.04876
8.1 0.04974
8.1167 0.05074
8.1333 0.05174
8.15 0.05276
8.1667 0.05378
8.1833 0.05482
8.2 0.05587
8.2167 0.05694
8.2333 0.05801
8.25 0.05909
8.2667 0.06019
8.2833 0.0613
8.3 0.06242
8.3167 0.06355
8.3333 0.06469
8.35 0.06584
8.3667 0.06701
8.3833 0.06818
8.4 0.06937
8.4167 0.07057
8.4333 0.07178
8.45 0.073
8.4667 0.07423
8.4833 0.07547
8.5 0.07672
8.5167 0.07798
8.5333 0.07926
8.55 0.08054
8.5667 0.08184
8.5833 0.08314
8.6 0.08446
8.6167 0.08578
8.6333 0.08712
8.65 0.08847
8.6667 0.08982
8.6833 0.09119
8.7 0.09257
8.7167 0.09395
8.7333 0.09535
8.75 0.09675
8.7667 0.09817
8.7833 0.0996
8.8 0.101
8.8167 0.1025
8.8333 0.1039
8.85 0.1054
8.8667 0.1069
8.8833 0.1083
8.9 0.1098
8.9167 0.1113
8.9333 0.1128
8.95 0.1143
8.9667 0.1159
8.9833 0.1174
9.0 0.1189
9.0167 0.1205
9.0333 0.122
9.05 0.1236
9.0667 0.1251
9.0833 0.1268
9.1 0.1283
9.1167 0.1299
9.1333 0.1315
9.15 0.1331
9.1667 0.1348
9.1833 0.1364
9.2 0.138
9.2167 0.1397
9.2333 0.1413
9.25 0.1429
9.2667 0.1446
9.2833 0.1463
9.3 0.1479
9.3167 0.1496
9.3333 0.1513
9.35 0.1529
9.3667 0.1546
9.3833 0.1563
9.4 0.158
9.4167 0.1597
9.4333 0.1615
9.45 0.1632
9.4667 0.1649
9.4833 0.1666
9.5 0.1683
9.5167 0.1701
9.5333 0.1718
9.55 0.1735
9.5667 0.1753
9.5833 0.177
9.6 0.1788
9.6167 0.1805
9.6333 0.1823
9.65 0.184
9.6667 0.1858
9.6833 0.1876
9.7 0.1893
9.7167 0.1911
9.7333 0.1929
9.75 0.1946
9.7667 0.1964
9.7833 0.1982
9.8 0.2
9.8167 0.2017
9.8333 0.2033
9.85 0.2052
9.8667 0.2071
9.8833 0.2088
9.9 0.2106
9.9167 0.2124
9.9333 0.2142
9.95 0.216
9.9667 0.2177
9.9833 0.2195
10.0 0.2213
10.0167 0.223
10.0333 0.2247
10.05 0.2266
10.0667 0.2284
10.0833 0.2302
10.1 0.232
10.1167 0.2337
10.1333 0.2354
10.15 0.2372
10.1667 0.239
10.1833 0.2408
10.2 0.2425
10.2167 0.2443
10.2333 0.246
10.25 0.2478
10.2667 0.2495
10.2833 0.2513
10.3 0.253
10.3167 0.2548
10.3333 0.2565
10.35 0.2582
10.3667 0.2597
10.3833 0.2617
10.4 0.2633
10.4167 0.2651
10.4333 0.2668
10.45 0.2683
10.4667 0.2702
10.4833 0.2719
10.5 0.2734
10.5167 0.2752
10.5333 0.2769
10.55 0.2785
10.5667 0.2802
10.5833 0.2819
10.6 0.2835
10.6167 0.2851
10.6333 0.2868
10.65 0.2884
10.6667 0.29
10.6833 0.2916
10.7 0.2932
10.7167 0.2948
10.7333 0.2964
10.75 0.2979
10.7667 0.2995
10.7833 0.3011
10.8 0.3026
10.8167 0.3042
10.8333 0.3057
10.85 0.3072
10.8667 0.3088
10.8833 0.3102
10.9 0.3118
10.9167 0.3131
10.9333 0.3147
10.95 0.3161
10.9667 0.3177
10.9833 0.3191
11.0 0.3205
11.0167 0.322
11.0333 0.3234
11.05 0.3248
11.0667 0.3262
11.0833 0.3276
11.1 0.329
11.1167 0.3302
11.1333 0.3316
11.15 0.333
11.1667 0.3343
11.1833 0.3357
11.2 0.3369
11.2167 0.3383
11.2333 0.3395
11.25 0.3408
11.2667 0.3421
11.2833 0.3433
11.3 0.3445
11.3167 0.3456
11.3333 0.3468
11.35 0.3481
11.3667 0.3493
11.3833 0.3505
11.4 0.3516
11.4167 0.3528
11.4333 0.3539
11.45 0.355
11.4667 0.3561
11.4833 0.3572
11.5 0.3582
11.5167 0.3592
11.5333 0.3603
11.55 0.3614
11.5667 0.3624
11.5833 0.3633
11.6 0.3643
11.6167 0.3653
11.6333 0.3662
11.65 0.3672
11.6667 0.3681
11.6833 0.369
11.7 0.3698
11.7167 0.3708
11.7333 0.3715
11.75 0.3725
11.7667 0.3733
11.7833 0.374
11.8 0.3749
11.8167 0.3757
11.8333 0.3765
11.85 0.3772
11.8667 0.3778
11.8833 0.3787
11.9 0.379
11.9167 0.3801
11.9333 0.3807
11.95 0.3814
11.9667 0.382
11.9833 0.3826
12.0 0.3832
12.0167 0.3838
12.0333 0.3843
12.05 0.3849
12.0667 0.3855
12.0833 0.3858
12.1 0.3863
12.1167 0.387
12.1333 0.3874
12.15 0.3879
12.1667 0.3883
12.1833 0.3887
12.2 0.3891
12.2167 0.3895
12.2333 0.3899
12.25 0.3902
12.2667 0.3905
12.2833 0.3909
12.3 0.3911
12.3167 0.3914
12.3333 0.3917
12.35 0.3918
12.3667 0.3919
12.3833 0.3922
12.4 0.3925
12.4167 0.3927
12.4333 0.3929
12.45 0.393
12.4667 0.3931
12.4833 0.3932
12.5 0.3933
12.5167 0.3934
12.5333 0.3934
12.55 0.3934
12.5667 0.3934
12.5833 0.3934
12.6 0.3934
12.6167 0.3934
12.6333 0.3933
12.65 0.3932
12.6667 0.3931
12.6833 0.393
12.7 0.3929
12.7167 0.3928
12.7333 0.3925
12.75 0.3922
12.7667 0.3919
12.7833 0.3918
12.8 0.3917
12.8167 0.3915
12.8333 0.3912
12.85 0.3909
12.8667 0.3906
12.8833 0.3903
12.9 0.39
12.9167 0.3896
12.9333 0.3892
12.95 0.3888
12.9667 0.3884
12.9833 0.388
13.0 0.3876
13.0167 0.3871
13.0333 0.3865
13.05 0.3858
13.0667 0.3856
13.0833 0.3851
13.1 0.3845
13.1167 0.3839
13.1333 0.3833
13.15 0.3828
13.1667 0.3822
13.1833 0.3815
13.2 0.3809
13.2167 0.3802
13.2333 0.3793
13.25 0.3789
13.2667 0.3781
13.2833 0.3772
13.3 0.3767
13.3167 0.3759
13.3333 0.3751
13.35 0.3743
13.3667 0.3735
13.3833 0.3727
13.4 0.3718
13.4167 0.3709
13.4333 0.3699
13.45 0.3693
13.4667 0.3684
13.4833 0.3674
13.5 0.3665
13.5167 0.3656
13.5333 0.3646
13.55 0.3636
13.5667 0.3626
13.5833 0.3616
13.6 0.3606
13.6167 0.3595
13.6333 0.3585
13.65 0.3575
13.6667 0.3564
13.6833 0.3553
13.7 0.3542
13.7167 0.3531
13.7333 0.3519
13.75 0.3508
13.7667 0.3496
13.7833 0.3485
13.8 0.3469
13.8167 0.3461
13.8333 0.3449
13.85 0.3436
13.8667 0.3424
13.8833 0.3411
13.9 0.3399
13.9167 0.3386
13.9333 0.3373
13.95 0.336
13.9667 0.3347
13.9833 0.3334
14.0 0.3318
14.0167 0.3306
14.0333 0.3293
14.05 0.328
14.0667 0.3266
14.0833 0.3252
14.1 0.3238
14.1167 0.3224
14.1333 0.3209
14.15 0.3195
14.1667 0.3181
14.1833 0.3166
14.2 0.3151
14.2167 0.3136
14.2333 0.3122
14.25 0.3107
14.2667 0.3092
14.2833 0.3076
14.3 0.3062
14.3167 0.3046
14.3333 0.3029
14.35 0.3015
14.3667 0.3
14.3833 0.2984
14.4 0.2968
14.4167 0.2952
14.4333 0.2937
14.45 0.2921
14.4667 0.2905
14.4833 0.2888
14.5 0.2872
14.5167 0.2854
14.5333 0.284
14.55 0.2823
14.5667 0.2807
14.5833 0.279
14.6 0.2773
14.6167 0.2757
14.6333 0.274
14.65 0.2723
14.6667 0.2706
14.6833 0.269
14.7 0.2673
14.7167 0.2656
14.7333 0.2638
14.75 0.2621
14.7667 0.2604
14.7833 0.2586
14.8 0.257
14.8167 0.2552
14.8333 0.2535
14.85 0.2518
14.8667 0.25
14.8833 0.2483
14.9 0.2465
14.9167 0.2448
14.9333 0.243
14.95 0.2412
14.9667 0.2395
14.9833 0.2378
15.0 0.236
15.0167 0.2342
15.0333 0.2325
15.05 0.2307
15.0667 0.2289
15.0833 0.2271
15.1 0.2254
15.1167 0.2236
15.1333 0.2218
15.15 0.2199
15.1667 0.2182
15.1833 0.2164
15.2 0.2147
15.2167 0.2129
15.2333 0.2111
15.25 0.2094
15.2667 0.2076
15.2833 0.2058
15.3 0.204
15.3167 0.2023
15.3333 0.2005
15.35 0.1987
15.3667 0.1969
15.3833 0.195
15.4 0.1934
15.4167 0.1916
15.4333 0.1899
15.45 0.1881
15.4667 0.1863
15.4833 0.1846
15.5 0.1828
15.5167 0.1811
15.5333 0.1793
15.55 0.1775
15.5667 0.1758
15.5833 0.1741
15.6 0.1723
15.6167 0.1705
15.6333 0.1689
15.65 0.1671
15.6667 0.1654
15.6833 0.1637
15.7 0.162
15.7167 0.1603
15.7333 0.1585
15.75 0.1569
15.7667 0.1552
15.7833 0.1534
15.8 0.1518
15.8167 0.1501
15.8333 0.1484
15.85 0.1467
15.8667 0.1451
15.8833 0.1435
15.9 0.1418
15.9167 0.1401
15.9333 0.1385
15.95 0.1369
15.9667 0.1353
15.9833 0.1337
16.0 0.1321
16.0167 0.1304
16.0333 0.1289
16.05 0.1273
16.0667 0.1257
16.0833 0.1241
16.1 0.1225
16.1167 0.121
16.1333 0.1194
16.15 0.1179
16.1667 0.1164
16.1833 0.1148
16.2 0.1133
16.2167 0.1118
16.2333 0.1103
16.25 0.1088
16.2667 0.1073
16.2833 0.1059
16.3 0.1044
16.3167 0.1029
16.3333 0.1015
16.35 0.1001
16.3667 0.09864
16.3833 0.09722
16.4 0.09581
16.4167 0.09441
16.4333 0.09302
16.45 0.09164
16.4667 0.09028
16.4833 0.08892
16.5 0.08757
16.5167 0.08623
16.5333 0.0849
16.55 0.08358
16.5667 0.08227
16.5833 0.08098
16.6 0.07969
16.6167 0.07841
16.6333 0.07715
16.65 0.07589
16.6667 0.07465
16.6833 0.07342
16.7 0.07219
16.7167 0.07098
16.7333 0.06978
16.75 0.06859
16.7667 0.06741
16.7833 0.06625
16.8 0.06509
16.8167 0.06394
16.8333 0.06281
16.85 0.06169
16.8667 0.06058
16.8833 0.05948
16.9 0.05839
16.9167 0.05731
16.9333 0.05625
16.95 0.05519
16.9667 0.05415
16.9833 0.05312
17.0 0.0521
17.0167 0.05109
17.0333 0.0501
17.05 0.04911
17.0667 0.04814
17.0833 0.04718
17.1 0.04623
17.1167 0.04529
17.1333 0.04436
17.15 0.04345
17.1667 0.04254
17.1833 0.04165
17.2 0.04077
17.2167 0.0399
17.2333 0.03904
17.25 0.0382
17.2667 0.03736
17.2833 0.03654
17.3 0.03573
17.3167 0.03493
17.3333 0.03414
17.35 0.03336
17.3667 0.03259
17.3833 0.03184
17.4 0.03109
17.4167 0.03036
17.4333 0.02964
17.45 0.02893
17.4667 0.02823
17.4833 0.02754
17.5 0.02687
17.5167 0.0262
17.5333 0.02554
17.55 0.0249
17.5667 0.02427
17.5833 0.02364
17.6 0.02303
17.6167 0.02243
17.6333 0.02184
17.65 0.02126
17.6667 0.02069
17.6833 0.02013
17.7 0.01958
17.7167 0.01904
17.7333 0.01851
17.75 0.01799
17.7667 0.01748
17.7833 0.01698
17.8 0.01649
17.8167 0.01601
17.8333 0.01554
17.85 0.01508
17.8667 0.01463
17.8833 0.01418
17.9 0.01375
17.9167 0.01333
17.9333 0.01291
17.95 0.0125
17.9667 0.01211
17.9833 0.01172
18.0 0.01134
18.0167 0.01097
18.0333 0.0106
18.05 0.01025
18.0667 0.009902
18.0833 0.009563
18.1 0.009232
18.1167 0.00891
18.1333 0.008595
18.15 0.008288
18.1667 0.007988
18.1833 0.007696
18.2 0.007411
18.2167 0.007133
18.2333 0.006863
18.25 0.006599
18.2667 0.006343
18.2833 0.006093
18.3 0.00585
18.3167 0.005613
18.3333 0.005383
18.35 0.005159
18.3667 0.004941
18.3833 0.004729
18.4 0.004524
18.4167 0.004324
18.4333 0.00413
18.45 0.003941
18.4667 0.003758
18.4833 0.003581
18.5 0.003409
18.5167 0.003242
18.5333 0.00308
18.55 0.002923
18.5667 0.002771
18.5833 0.002624
18.6 0.002482
18.6167 0.002344
18.6333 0.002211
18.65 0.002082
18.6667 0.001958
18.6833 0.001838
18.7 0.001722
18.7167 0.001611
18.7333 0.001503
18.75 0.0014
18.7667 0.0013
18.7833 0.001205
18.8 0.001114
18.8167 0.001027
18.8333 0.0009432
18.85 0.0008639
18.8667 0.0007887
18.8833 0.0007178
18.9 0.0006517
18.9167 0.000583
18.9333 0.000515
18.95 0.0004581
18.9667 0.0004104
18.9833 0.0003651
19.0 0.0003172
19.0167 0.0002761
19.0333 0.0002426
19.05 0.000207
19.0667 0.0001762
19.0833 0.0001493
19.1 0.000126
19.1167 0.0001051
19.1333 8.572e-05
19.15 7.087e-05
19.1667 5.683e-05
19.1833 4.631e-05
19.2 3.651e-05
19.2167 2.855e-05
19.2333 2.213e-05
19.25 1.697e-05
19.2667 1.288e-05
19.2833 9.578e-06
19.3 6.916e-06
19.3167 4.973e-06
19.3333 3.363e-06
19.35 2.199e-06
19.3667 1.39e-06
19.3833 8.241e-07
19.4 4.769e-07
19.4167 2.695e-07
19.4333 1.436e-07
19.45 6.463e-08
19.4667 2.354e-08
19.4833 4.759e-09
19.5 3.836e-10
19.5167 1.261e-11
19.5333 1.081e-13
19.55 2.083e-16
19.5667 2.194e-34
19.5833 0.0
19.6 0.0
19.6167 0.0
19.6333 0.0
19.65 0.0
19.6667 0.0
19.6833 0.0
19.7 0.0
19.7167 0.0
19.7333 0.0
19.75 0.0
19.7667 0.0
19.7833 0.0
19.8 0.0
19.8167 0.0
19.8333 0.0
19.85 0.0
19.8667 0.0
19.8833 0.0
19.9 0.0
19.9167 0.0
19.9333 0.0
19.95 0.0
19.9667 0.0
19.9833 0.0
20.0 0.0
20.0167 0.0
20.0333 0.0
20.05 0.0
20.0667 0.0
20.0833 0.0
20.1 0.0
20.1167 0.0
20.1333 0.0
20.15 0.0
20.1667 0.0
20.1833 0.0
20.2 0.0
20.2167 0.0
20.2333 0.0
20.25 0.0
20.2667 0.0
20.2833 0.0
20.3 0.0
20.3167 0.0
20.3333 0.0
20.35 0.0
20.3667 0.0
20.3833 0.0
20.4 0.0
20.4167 0.0
20.4333 0.0
20.45 0.0
20.4667 0.0
20.4833 0.0
20.5 0.0
20.5167 0.0
20.5333 0.0
20.55 0.0
20.5667 0.0
20.5833 0.0
20.6 0.0
20.6167 0.0
20.6333 0.0
20.65 0.0
20.6667 0.0
20.6833 0.0
20.7 0.0
20.7167 0.0
20.7333 0.0
20.75 0.0
20.7667 0.0
20.7833 0.0
20.8 0.0
20.8167 0.0
20.8333 0.0
20.85 0.0
20.8667 0.0
20.8833 0.0
20.9 0.0
20.9167 0.0
20.9333 0.0
20.95 0.0
20.9667 0.0
20.9833 0.0
21.0 0.0
21.0167 0.0
21.0333 0.0
21.05 0.0
21.0667 0.0
21.0833 0.0
21.1 0.0
21.1167 0.0
21.1333 0.0
21.15 0.0
21.1667 0.0
21.1833 0.0
21.2 0.0
21.2167 0.0
21.2333 0.0
21.25 0.0
21.2667 0.0
21.2833 0.0
21.3 0.0
21.3167 0.0
21.3333 0.0
21.35 0.0
21.3667 0.0
21.3833 0.0
21.4 0.0
21.4167 0.0
21.4333 0.0
21.45 0.0
21.4667 0.0
21.4833 0.0
21.5 0.0
21.5167 0.0
21.5333 0.0
21.55 0.0
21.5667 0.0
21.5833 0.0
21.6 0.0
21.6167 0.0
21.6333 0.0
21.65 0.0
21.6667 0.0
21.6833 0.0
21.7 0.0
21.7167 0.0
21.7333 0.0
21.75 0.0
21.7667 0.0
21.7833 0.0
21.8 0.0
21.8167 0.0
21.8333 0.0
21.85 0.0
21.8667 0.0
21.8833 0.0
21.9 0.0
21.9167 0.0
21.9333 0.0
21.95 0.0
21.9667 0.0
21.9833 0.0
22.0 0.0
22.0167 0.0
22.0333 0.0
22.05 0.0
22.0667 0.0
22.0833 0.0
22.1 0.0
22.1167 0.0
22.1333 0.0
22.15 0.0
22.1667 0.0
22.1833 0.0
22.2 0.0
22.2167 0.0
22.2333 0.0
22.25 0.0
22.2667 0.0
22.2833 0.0
22.3 0.0
22.3167 0.0
22.3333 0.0
22.35 0.0
22.3667 0.0
22.3833 0.0
22.4 0.0
22.4167 0.0
22.4333 0.0
22.45 0.0
22.4667 0.0
22.4833 0.0
22.5 0.0
22.5167 0.0
22.5333 0.0
22.55 0.0
22.5667 0.0
22.5833 0.0
22.6 0.0
22.6167 0.0
22.6333 0.0
22.65 0.0
22.6667 0.0
22.6833 0.0
22.7 0.0
22.7167 0.0
22.7333 0.0
22.75 0.0
22.7667 0.0
22.7833 0.0
22.8 0.0
22.8167 0.0
22.8333 0.0
22.85 0.0
22.8667 0.0
22.8833 0.0
22.9 0.0
22.9167 0.0
22.9333 0.0
22.95 0.0
22.9667 0.0
22.9833 0.0
23.0 0.0
23.0167 0.0
23.0333 0.0
23.05 0.0
23.0667 0.0
23.0833 0.0
23.1 0.0
23.1167 0.0
23.1333 0.0
23.15 0.0
23.1667 0.0
23.1833 0.0
23.2 0.0
23.2167 0.0
23.2333 0.0
23.25 0.0
23.2667 0.0
23.2833 0.0
23.3 0.0
23.3167 0.0
23.3333 0.0
23.35 0.0
23.3667 0.0
23.3833 0.0
23.4 0.0
23.4167 0.0
23.4333 0.0
23.45 0.0
23.4667 0.0
23.4833 0.0
23.5 0.0
23.5167 0.0
23.5333 0.0
23.55 0.0
23.5667 0.0
23.5833 0.0
23.6 0.0
23.6167 0.0
23.6333 0.0
23.65 0.0
23.6667 0.0
23.6833 0.0
23.7 0.0
23.7167 0.0
23.7333 0.0
23.75 0.0
23.7667 0.0
23.7833 0.0
23.8 0.0
23.8167 0.0
23.8333 0.0
23.85 0.0
23.8667 0.0
23.8833 0.0
23.9 0.0
23.9167 0.0
23.9333 0.0
23.95 0.0
23.9667 0.0
23.9833 0.0
