0.0 0.0
0.0167 0.0
0.0333 0.0
0.05 0.0
0.0667 0.0
0.0833 0.0
0.1 0.0
0.1167 0.0
0.1333 0.0
0.15 0.0
0.1667 0.0
0.1833 0.0
0.2 0.0
0.2167 0.0
0.2333 0.0
0.25 0.0
0.2667 0.0
0.2833 0.0
0.3 0.0
0.3167 0.0
0.3333 0.0
0.35 0.0
0.3667 0.0
0.3833 0.0
0.4 0.0
0.4167 0.0
0.4333 0.0
0.45 0.0
0.4667 0.0
0.4833 0.0
0.5 0.0
0.5167 0.0
0.5333 0.0
0.55 0.0
0.5667 0.0
0.5833 0.0
0.6 0.0
0.6167 0.0
0.6333 0.0
0.65 0.0
0.6667 0.0
0.6833 0.0
0.7 0.0
0.7167 0.0
0.7333 0.0
0.75 0.0
0.7667 0.0
0.7833 0.0
0.8 0.0
0.8167 0.0
0.8333 0.0
0.85 0.0
0.8667 0.0
0.8833 0.0
0.9 0.0
0.9167 0.0
0.9333 0.0
0.95 0.0
0.9667 0.0
0.9833 0.0
1.0 0.0
1.0167 0.0
1.0333 0.0
1.05 0.0
1.0667 0.0
1.0833 0.0
1.1 0.0
1.1167 0.0
1.1333 0.0
1.15 0.0
1.1667 0.0
1.1833 0.0
1.2 0.0
1.2167 0.0
1.2333 0.0
1.25 0.0
1.2667 0.0
1.2833 0.0
1.3 0.0
1.3167 0.0
1.3333 0.0
1.35 0.0
1.3667 0.0
1.3833 0.0
1.4 0.0
1.4167 0.0
1.4333 0.0
1.45 0.0
1.4667 0.0
1.4833 0.0
1.5 0.0
1.5167 0.0
1.5333 0.0
1.55 0.0
1.5667 0.0
1.5833 0.0
1.6 0.0
1.6167 0.0
1.6333 0.0
1.65 0.0
1.6667 0.0
1.6833 0.0
1.7 0.0
1.7167 0.0
1.7333 0.0
1.75 0.0
1.7667 0.0
1.7833 0.0
1.8 0.0
1.8167 0.0
1.8333 0.0
1.85 0.0
1.8667 0.0
1.8833 0.0
1.9 0.0
1.9167 0.0
1.9333 0.0
1.95 0.0
1.9667 0.0
1.9833 0.0
2.0 0.0
2.0167 0.0
2.0333 0.0
2.05 0.0
2.0667 0.0
2.0833 0.0
2.1 0.0
2.1167 0.0
2.1333 0.0
2.15 0.0
2.1667 0.0
2.1833 0.0
2.2 0.0
2.2167 0.0
2.2333 0.0
2.25 0.0
2.2667 0.0
2.2833 0.0
2.3 0.0
2.3167 0.0
2.3333 0.0
2.35 0.0
2.3667 0.0
2.3833 0.0
2.4 0.0
2.4167 0.0
2.4333 0.0
2.45 0.0
2.4667 0.0
2.4833 0.0
2.5 0.0
2.5167 0.0
2.5333 0.0
2.55 0.0
2.5667 0.0
2.5833 0.0
2.6 0.0
2.6167 0.0
2.6333 0.0
2.65 0.0
2.6667 0.0
2.6833 0.0
2.7 0.0
2.7167 0.0
2.7333 0.0
2.75 0.0
2.7667 0.0
2.7833 0.0
2.8 0.0
2.8167 0.0
2.8333 0.0
2.85 0.0
2.8667 0.0
2.8833 0.0
2.9 0.0
2.9167 0.0
2.9333 0.0
2.95 0.0
2.9667 0.0
2.9833 0.0
3.0 0.0
3.0167 0.0
3.0333 0.0
3.05 0.0
3.0667 0.0
3.0833 0.0
3.1 0.0
3.1167 0.0
3.1333 0.0
3.15 0.0
3.1667 0.0
3.1833 0.0
3.2 0.0
3.2167 0.0
3.2333 0.0
3.25 0.0
3.2667 0.0
3.2833 0.0
3.3 0.0
3.3167 0.0
3.3333 0.0
3.35 0.0
3.3667 0.0
3.3833 0.0
3.4 0.0
3.4167 0.0
3.4333 0.0
3.45 0.0
3.4667 0.0
3.4833 0.0
3.5 0.0
3.5167 0.0
3.5333 0.0
3.55 0.0
3.5667 0.0
3.5833 0.0
3.6 0.0
3.6167 0.0
3.6333 0.0
3.65 0.0
3.6667 0.0
3.6833 0.0
3.7 0.0
3.7167 0.0
3.7333 0.0
3.75 0.0
3.7667 0.0
3.7833 0.0
3.8 0.0
3.8167 0.0
3.8333 0.0
3.85 0.0
3.8667 0.0
3.8833 0.0
3.9 0.0
3.9167 0.0
3.9333 0.0
3.95 0.0
3.9667 0.0
3.9833 0.0
4.0 0.0
4.0167 0.0
4.0333 0.0
4.05 0.0
4.0667 0.0
4.0833 0.0
4.1 0.0
4.1167 0.0
4.1333 0.0
4.15 0.0
4.1667 0.0
4.1833 0.0
4.2 0.0
4.2167 0.0
4.2333 0.0
4.25 0.0
4.2667 0.0
4.2833 0.0
4.3 0.0
4.3167 0.0
4.3333 0.0
4.35 0.0
4.3667 0.0
4.3833 0.0
4.4 0.0
4.4167 0.0
4.4333 0.0
4.45 0.0
4.4667 0.0
4.4833 0.0
4.5 0.0
4.5167 0.0
4.5333 0.0
4.55 0.0
4.5667 0.0
4.5833 0.0
4.6 0.0
4.6167 0.0
4.6333 0.0
4.65 0.0
4.6667 0.0
4.6833 0.0
4.7 0.0
4.7167 0.0
4.7333 0.0
4.75 0.0
4.7667 0.0
4.7833 0.0
4.8 0.0
4.8167 0.0
4.8333 0.0
4.85 0.0
4.8667 0.0
4.8833 0.0
4.9 0.0
4.9167 0.0
4.9333 0.0
4.95 0.0
4.9667 0.0
4.9833 0.0
5.0 0.0
5.0167 0.0
5.0333 0.0
5.05 0.0
5.0667 0.0
5.0833 0.0
5.1 0.0
5.1167 0.0
5.1333 0.0
5.15 0.0
5.1667 0.0
5.1833 0.0
5.2 0.0
5.2167 0.0
5.2333 0.0
5.25 0.0
5.2667 0.0
5.2833 0.0
5.3 0.0
5.3167 0.0
5.3333 0.0
5.35 0.0
5.3667 0.0
5.3833 0.0
5.4 0.0
5.4167 0.0
5.4333 0.0
5.45 0.0
5.4667 0.0
5.4833 0.0
5.5 0.0
5.5167 0.0
5.5333 0.0
5.55 0.0
5.5667 0.0
5.5833 0.0
5.6 2.343e-17
5.6167 2.699e-14
5.6333 4.41e-12
5.65 1.854e-10
5.6667 2.965e-09
5.6833 1.706e-08
5.7 5.29e-08
5.7167 1.193e-07
5.7333 2.283e-07
5.75 4.074e-07
5.7667 7.053e-07
5.7833 1.189e-06
5.8 1.933e-06
5.8167 3.009e-06
5.8333 4.368e-06
5.85 6.279e-06
5.8667 8.561e-06
5.8833 1.155e-05
5.9 1.553e-05
5.9167 2.038e-05
5.9333 2.637e-05
5.95 3.336e-05
5.9667 4.192e-05
5.9833 5.264e-05
6.0 6.528e-05
6.0167 7.975e-05
6.0333 9.645e-05
6.05 0.0001183
6.0667 0.0001403
6.0833 0.0001657
6.1 0.0001951
6.1167 0.0002293
6.1333 0.0002593
6.15 0.0002999
6.1667 0.000342
6.1833 0.0003891
6.2 0.0004341
6.2167 0.0004878
6.2333 0.0005521
6.25 0.0006197
6.2667 0.0006832
6.2833 0.0007511
6.3 0.0008232
6.3167 0.0008993
6.3333 0.0009796
6.35 0.001063
6.3667 0.001151
6.3833 0.001243
6.4 0.001338
6.4167 0.001437
6.4333 0.001541
6.45 0.001648
6.4667 0.001759
6.4833 0.001874
6.5 0.001993
6.5167 0.002117
6.5333 0.002245
6.55 0.002377
6.5667 0.002513
6.5833 0.002654
6.6 0.0028
6.6167 0.00295
6.6333 0.003105
6.65 0.003265
6.6667 0.00343
6.6833 0.003599
6.7 0.003774
6.7167 0.003955
6.7333 0.00414
6.75 0.004331
6.7667 0.004528
6.7833 0.00473
6.8 0.004938
6.8167 0.005152
6.8333 0.005372
6.85 0.005598
6.8667 0.00583
6.8833 0.006068
6.9 0.006314
6.9167 0.006565
6.9333 0.006823
6.95 0.007088
6.9667 0.007359
6.9833 0.007638
7.0 0.007924
7.0167 0.008216
7.0333 0.008516
7.05 0.008823
7.0667 0.009138
7.0833 0.009461
7.1 0.00979
7.1167 0.01013
7.1333 0.01047
7.15 0.01083
7.1667 0.01119
7.1833 0.01156
7.2 0.01194
7.2167 0.01232
7.2333 0.01272
7.25 0.01312
7.2667 0.01353
7.2833 0.01395
7.3 0.01438
7.3167 0.01482
7.3333 0.01527
7.35 0.01572
7.3667 0.01619
7.3833 0.01666
7.4 0.01715
7.4167 0.01764
7.4333 0.01814
7.45 0.01865
7.4667 0.01917
7.4833 0.01971
7.5 0.02025
7.5167 0.0208
7.5333 0.02136
7.55 0.02193
7.5667 0.02251
7.5833 0.0231
7.6 0.0237
7.6167 0.02431
7.6333 0.02493
7.65 0.02556
7.6667 0.0262
7.6833 0.02685
7.7 0.02751
7.7167 0.02818
7.7333 0.02887
7.75 0.02956
7.7667 0.03026
7.7833 0.03098
7.8 0.0317
7.8167 0.03244
7.8333 0.03319
7.85 0.03394
7.8667 0.03471
7.8833 0.03549
7.9 0.03628
7.9167 0.03708
7.9333 0.03789
7.95 0.03871
7.9667 0.03954
7.9833 0.04038
8.0 0.04124
8.0167 0.0421
8.0333 0.04298
8.05 0.04387
8.0667 0.04476
8.0833 0.04567
8.1 0.04659
8.1167 0.04752
8.1333 0.04846
8.15 0.04941
8.1667 0.05037
8.1833 0.05135
8.2 0.05233
8.2167 0.05333
8.2333 0.05433
8.25 0.05535
8.2667 0.05637
8.2833 0.05741
8.3 0.05846
8.3167 0.05952
8.3333 0.06059
8.35 0.06167
8.3667 0.06276
8.3833 0.06386
8.4 0.06497
8.4167 0.06609
8.4333 0.06723
8.45 0.06837
8.4667 0.06952
8.4833 0.07068
8.5 0.07186
8.5167 0.07304
8.5333 0.07423
8.55 0.07544
8.5667 0.07665
8.5833 0.07787
8.6 0.0791
8.6167 0.08035
8.6333 0.0816
8.65 0.08286
8.6667 0.08413
8.6833 0.08541
8.7 0.0867
8.7167 0.088
8.7333 0.08931
8.75 0.09062
8.7667 0.09195
8.7833 0.09329
8.8 0.09463
8.8167 0.09598
8.8333 0.09734
8.85 0.09871
8.8667 0.1001
8.8833 0.1015
8.9 0.1029
8.9167 0.1043
8.9333 0.1057
8.95 0.1071
8.9667 0.1085
8.9833 0.11
9.0 0.1114
9.0167 0.1129
9.0333 0.1143
9.05 0.1158
9.0667 0.1173
9.0833 0.1188
9.1 0.1202
9.1167 0.1217
9.1333 0.1232
9.15 0.1247
9.1667 0.1263
9.1833 0.1278
9.2 0.1293
9.2167 0.1308
9.2333 0.1324
9.25 0.1339
9.2667 0.1355
9.2833 0.137
9.3 0.1386
9.3167 0.1402
9.3333 0.1417
9.35 0.1433
9.3667 0.1449
9.3833 0.1465
9.4 0.1481
9.4167 0.1497
9.4333 0.1513
9.45 0.1529
9.4667 0.1545
9.4833 0.1561
9.5 0.1576
9.5167 0.1594
9.5333 0.161
9.55 0.1626
9.5667 0.1643
9.5833 0.1659
9.6 0.1675
9.6167 0.1692
9.6333 0.1708
9.65 0.1725
9.6667 0.1741
9.6833 0.1757
9.7 0.1774
9.7167 0.1791
9.7333 0.1808
9.75 0.1824
9.7667 0.1841
9.7833 0.1857
9.8 0.1874
9.8167 0.1891
9.8333 0.1907
9.85 0.1924
9.8667 0.1941
9.8833 0.1958
9.9 0.1974
9.9167 0.1991
9.9333 0.2008
9.95 0.2024
9.9667 0.2041
9.9833 0.2058
10.0 0.2074
10.0167 0.2091
10.0333 0.2108
10.05 0.2124
10.0667 0.2141
10.0833 0.2158
10.1 0.2175
10.1167 0.2191
10.1333 0.2208
10.15 0.2224
10.1667 0.2241
10.1833 0.2258
10.2 0.2274
10.2167 0.229
10.2333 0.2307
10.25 0.2323
10.2667 0.234
10.2833 0.2356
10.3 0.2373
10.3167 0.2389
10.3333 0.2405
10.35 0.2421
10.3667 0.2438
10.3833 0.2454
10.4 0.247
10.4167 0.2486
10.4333 0.2502
10.45 0.2518
10.4667 0.2534
10.4833 0.255
10.5 0.2565
10.5167 0.2581
10.5333 0.2597
10.55 0.2612
10.5667 0.2628
10.5833 0.2644
10.6 0.2659
10.6167 0.2674
10.6333 0.269
10.65 0.2705
10.6667 0.272
10.6833 0.2735
10.7 0.275
10.7167 0.2765
10.7333 0.278
10.75 0.2795
10.7667 0.2807
10.7833 0.2825
10.8 0.2837
10.8167 0.2854
10.8333 0.2868
10.85 0.2883
10.8667 0.2897
10.8833 0.2911
10.9 0.2925
10.9167 0.2939
10.9333 0.2953
10.95 0.2967
10.9667 0.2981
10.9833 0.2992
11.0 0.3006
11.0167 0.3021
11.0333 0.3035
11.05 0.3048
11.0667 0.3061
11.0833 0.3074
11.1 0.3087
11.1167 0.31
11.1333 0.3112
11.15 0.3125
11.1667 0.3137
11.1833 0.315
11.2 0.3162
11.2167 0.3174
11.2333 0.3186
11.25 0.3198
11.2667 0.321
11.2833 0.3222
11.3 0.3233
11.3167 0.3245
11.3333 0.3256
11.35 0.3267
11.3667 0.3279
11.3833 0.3289
11.4 0.33
11.4167 0.3311
11.4333 0.3322
11.45 0.3332
11.4667 0.3342
11.4833 0.3352
11.5 0.3361
11.5167 0.3372
11.5333 0.3381
11.55 0.3392
11.5667 0.3402
11.5833 0.3409
11.6 0.342
11.6167 0.3426
11.6333 0.3438
11.65 0.3447
11.6667 0.3456
11.6833 0.3464
11.7 0.3473
11.7167 0.3481
11.7333 0.3487
11.75 0.3497
11.7667 0.3505
11.7833 0.3513
11.8 0.352
11.8167 0.3527
11.8333 0.3535
11.85 0.354
11.8667 0.3549
11.8833 0.3555
11.9 0.3562
11.9167 0.3568
11.9333 0.3575
11.95 0.3581
11.9667 0.3587
11.9833 0.3593
12.0 0.3598
12.0167 0.3604
12.0333 0.3609
12.05 0.3615
12.0667 0.362
12.0833 0.3625
12.1 0.3629
12.1167 0.3634
12.1333 0.3637
12.15 0.364
12.1667 0.3647
12.1833 0.3651
12.2 0.3654
12.2167 0.3658
12.2333 0.3661
12.25 0.3665
12.2667 0.3668
12.2833 0.3671
12.3 0.3673
12.3167 0.3676
12.3333 0.3679
12.35 0.3681
12.3667 0.3683
12.3833 0.3685
12.4 0.3687
12.4167 0.3688
12.4333 0.369
12.45 0.3691
12.4667 0.3692
12.4833 0.3693
12.5 0.3694
12.5167 0.3694
12.5333 0.3695
12.55 0.3695
12.5667 0.3695
12.5833 0.3695
12.6 0.3695
12.6167 0.3695
12.6333 0.3694
12.65 0.3693
12.6667 0.3693
12.6833 0.3692
12.7 0.369
12.7167 0.3689
12.7333 0.3688
12.75 0.3686
12.7667 0.3684
12.7833 0.3682
12.8 0.368
12.8167 0.3678
12.8333 0.3675
12.85 0.3672
12.8667 0.3669
12.8833 0.3666
12.9 0.3663
12.9167 0.366
12.9333 0.3656
12.95 0.3653
12.9667 0.3649
12.9833 0.3644
13.0 0.3638
13.0167 0.3636
13.0333 0.3632
13.05 0.3627
13.0667 0.3622
13.0833 0.3618
13.1 0.3612
13.1167 0.3607
13.1333 0.3602
13.15 0.3596
13.1667 0.359
13.1833 0.3584
13.2 0.3578
13.2167 0.3572
13.2333 0.3566
13.25 0.3559
13.2667 0.3553
13.2833 0.3544
13.3 0.3539
13.3167 0.3532
13.3333 0.3524
13.35 0.3517
13.3667 0.3509
13.3833 0.3502
13.4 0.3494
13.4167 0.3484
13.4333 0.3477
13.45 0.3469
13.4667 0.346
13.4833 0.3452
13.5 0.3443
13.5167 0.3435
13.5333 0.3425
13.55 0.3416
13.5667 0.3407
13.5833 0.3398
13.6 0.3388
13.6167 0.3378
13.6333 0.3368
13.65 0.3357
13.6667 0.3346
13.6833 0.3338
13.7 0.3328
13.7167 0.3317
13.7333 0.3306
13.75 0.3295
13.7667 0.3285
13.7833 0.3274
13.8 0.3263
13.8167 0.3251
13.8333 0.324
13.85 0.3229
13.8667 0.3217
13.8833 0.3205
13.9 0.3193
13.9167 0.3181
13.9333 0.3169
13.95 0.3157
13.9667 0.3144
13.9833 0.3132
14.0 0.312
14.0167 0.3107
14.0333 0.3094
14.05 0.3082
14.0667 0.3069
14.0833 0.3055
14.1 0.3042
14.1167 0.3029
14.1333 0.3016
14.15 0.3002
14.1667 0.2989
14.1833 0.2975
14.2 0.2961
14.2167 0.2947
14.2333 0.2933
14.25 0.2919
14.2667 0.2905
14.2833 0.2891
14.3 0.2877
14.3167 0.2862
14.3333 0.2847
14.35 0.2833
14.3667 0.2819
14.3833 0.2804
14.4 0.2788
14.4167 0.2774
14.4333 0.2759
14.45 0.2744
14.4667 0.2729
14.4833 0.2714
14.5 0.2698
14.5167 0.2683
14.5333 0.2668
14.55 0.2653
14.5667 0.2637
14.5833 0.2622
14.6 0.2606
14.6167 0.259
14.6333 0.2575
14.65 0.2559
14.6667 0.2542
14.6833 0.2526
14.7 0.2511
14.7167 0.2495
14.7333 0.2479
14.75 0.2463
14.7667 0.2447
14.7833 0.2431
14.8 0.2415
14.8167 0.2398
14.8333 0.2382
14.85 0.2364
14.8667 0.235
14.8833 0.2333
14.9 0.2317
14.9167 0.23
14.9333 0.2283
14.95 0.2267
14.9667 0.2251
14.9833 0.2234
15.0 0.2218
15.0167 0.22
15.0333 0.2185
15.05 0.2168
15.0667 0.2151
15.0833 0.2135
15.1 0.2118
15.1167 0.2101
15.1333 0.2085
15.15 0.2068
15.1667 0.2051
15.1833 0.2034
15.2 0.2018
15.2167 0.2
15.2333 0.1984
15.25 0.1967
15.2667 0.1951
15.2833 0.1934
15.3 0.1918
15.3167 0.1901
15.3333 0.1884
15.35 0.1868
15.3667 0.1851
15.3833 0.1834
15.4 0.1818
15.4167 0.1801
15.4333 0.1784
15.45 0.1768
15.4667 0.1751
15.4833 0.1735
15.5 0.1718
15.5167 0.1702
15.5333 0.1685
15.55 0.1669
15.5667 0.1653
15.5833 0.1636
15.6 0.162
15.6167 0.1603
15.6333 0.1587
15.65 0.1571
15.6667 0.1555
15.6833 0.1539
15.7 0.1522
15.7167 0.1507
15.7333 0.1491
15.75 0.1475
15.7667 0.1459
15.7833 0.1443
15.8 0.1427
15.8167 0.1411
15.8333 0.1396
15.85 0.138
15.8667 0.1364
15.8833 0.1349
15.9 0.1333
15.9167 0.1318
15.9333 0.1303
15.95 0.1287
15.9667 0.1272
15.9833 0.1257
16.0 0.1242
16.0167 0.1227
16.0333 0.1212
16.05 0.1197
16.0667 0.1182
16.0833 0.1167
16.1 0.1152
16.1167 0.1138
16.1333 0.1123
16.15 0.1109
16.1667 0.1094
16.1833 0.108
16.2 0.1066
16.2167 0.1052
16.2333 0.1038
16.25 0.1024
16.2667 0.101
16.2833 0.09958
16.3 0.09821
16.3167 0.09684
16.3333 0.09549
16.35 0.09414
16.3667 0.0928
16.3833 0.09147
16.4 0.09015
16.4167 0.08883
16.4333 0.08753
16.45 0.08624
16.4667 0.08495
16.4833 0.08367
16.5 0.08241
16.5167 0.08115
16.5333 0.0799
16.55 0.07866
16.5667 0.07744
16.5833 0.07622
16.6 0.07501
16.6167 0.07381
16.6333 0.07262
16.65 0.07144
16.6667 0.07027
16.6833 0.06912
16.7 0.06797
16.7167 0.06683
16.7333 0.0657
16.75 0.06459
16.7667 0.06348
16.7833 0.06238
16.8 0.0613
16.8167 0.06022
16.8333 0.05916
16.85 0.0581
16.8667 0.05706
16.8833 0.05602
16.9 0.055
16.9167 0.05399
16.9333 0.05299
16.95 0.052
16.9667 0.05102
16.9833 0.05005
17.0 0.04909
17.0167 0.04814
17.0333 0.04721
17.05 0.04628
17.0667 0.04537
17.0833 0.04446
17.1 0.04357
17.1167 0.04269
17.1333 0.04182
17.15 0.04096
17.1667 0.04011
17.1833 0.03927
17.2 0.03844
17.2167 0.03762
17.2333 0.03682
17.25 0.03602
17.2667 0.03524
17.2833 0.03446
17.3 0.0337
17.3167 0.03295
17.3333 0.0322
17.35 0.03147
17.3667 0.03075
17.3833 0.03004
17.4 0.02934
17.4167 0.02865
17.4333 0.02797
17.45 0.0273
17.4667 0.02665
17.4833 0.026
17.5 0.02536
17.5167 0.02474
17.5333 0.02412
17.55 0.02351
17.5667 0.02291
17.5833 0.02233
17.6 0.02175
17.6167 0.02119
17.6333 0.02063
17.65 0.02008
17.6667 0.01954
17.6833 0.01902
17.7 0.0185
17.7167 0.01799
17.7333 0.01749
17.75 0.017
17.7667 0.01652
17.7833 0.01605
17.8 0.01559
17.8167 0.01514
17.8333 0.01469
17.85 0.01426
17.8667 0.01383
17.8833 0.01341
17.9 0.013
17.9167 0.0126
17.9333 0.01221
17.95 0.01183
17.9667 0.01145
17.9833 0.01109
18.0 0.01073
18.0167 0.01038
18.0333 0.01003
18.05 0.009699
18.0667 0.009371
18.0833 0.009051
18.1 0.008739
18.1167 0.008434
18.1333 0.008136
18.15 0.007846
18.1667 0.007563
18.1833 0.007286
18.2 0.007017
18.2167 0.006754
18.2333 0.006498
18.25 0.006249
18.2667 0.006006
18.2833 0.005769
18.3 0.005539
18.3167 0.005315
18.3333 0.005097
18.35 0.004885
18.3667 0.004678
18.3833 0.004478
18.4 0.004283
18.4167 0.004093
18.4333 0.00391
18.45 0.003731
18.4667 0.003557
18.4833 0.003389
18.5 0.003226
18.5167 0.003067
18.5333 0.002914
18.55 0.002765
18.5667 0.002621
18.5833 0.002481
18.6 0.002346
18.6167 0.002215
18.6333 0.002088
18.65 0.001966
18.6667 0.001848
18.6833 0.001733
18.7 0.001623
18.7167 0.001517
18.7333 0.001415
18.75 0.001317
18.7667 0.001222
18.7833 0.001132
18.8 0.001045
18.8167 0.000962
18.8333 0.0008829
18.85 0.0008076
18.8667 0.0007364
18.8833 0.0006695
18.9 0.0006072
18.9167 0.0005385
18.9333 0.0004762
18.95 0.0004243
18.9667 0.0003809
18.9833 0.0003316
19.0 0.0002933
19.0167 0.0002523
19.0333 0.0002183
19.05 0.0001905
19.0667 0.0001619
19.0833 0.0001355
19.1 0.0001123
19.1167 9.325e-05
19.1333 7.752e-05
19.15 6.239e-05
19.1667 5.108e-05
19.1833 4.04e-05
19.2 3.181e-05
19.2167 2.485e-05
19.2333 1.919e-05
19.25 1.462e-05
19.2667 1.102e-05
19.2833 8.215e-06
19.3 5.857e-06
19.3167 4.157e-06
19.3333 2.773e-06
19.35 1.784e-06
19.3667 1.117e-06
19.3833 6.58e-07
19.4 3.796e-07
19.4167 2.11e-07
19.4333 1.054e-07
19.45 4.517e-08
19.4667 1.451e-08
19.4833 1.935e-09
19.5 1.193e-10
19.5167 2.483e-12
19.5333 1.131e-14
19.55 4.283e-18
19.5667 0.0
19.5833 0.0
19.6 0.0
19.6167 0.0
19.6333 0.0
19.65 0.0
19.6667 0.0
19.6833 0.0
19.7 0.0
19.7167 0.0
19.7333 0.0
19.75 0.0
19.7667 0.0
19.7833 0.0
19.8 0.0
19.8167 0.0
19.8333 0.0
19.85 0.0
19.8667 0.0
19.8833 0.0
19.9 0.0
19.9167 0.0
19.9333 0.0
19.95 0.0
19.9667 0.0
19.9833 0.0
20.0 0.0
20.0167 0.0
20.0333 0.0
20.05 0.0
20.0667 0.0
20.0833 0.0
20.1 0.0
20.1167 0.0
20.1333 0.0
20.15 0.0
20.1667 0.0
20.1833 0.0
20.2 0.0
20.2167 0.0
20.2333 0.0
20.25 0.0
20.2667 0.0
20.2833 0.0
20.3 0.0
20.3167 0.0
20.3333 0.0
20.35 0.0
20.3667 0.0
20.3833 0.0
20.4 0.0
20.4167 0.0
20.4333 0.0
20.45 0.0
20.4667 0.0
20.4833 0.0
20.5 0.0
20.5167 0.0
20.5333 0.0
20.55 0.0
20.5667 0.0
20.5833 0.0
20.6 0.0
20.6167 0.0
20.6333 0.0
20.65 0.0
20.6667 0.0
20.6833 0.0
20.7 0.0
20.7167 0.0
20.7333 0.0
20.75 0.0
20.7667 0.0
20.7833 0.0
20.8 0.0
20.8167 0.0
20.8333 0.0
20.85 0.0
20.8667 0.0
20.8833 0.0
20.9 0.0
20.9167 0.0
20.9333 0.0
20.95 0.0
20.9667 0.0
20.9833 0.0
21.0 0.0
21.0167 0.0
21.0333 0.0
21.05 0.0
21.0667 0.0
21.0833 0.0
21.1 0.0
21.1167 0.0
21.1333 0.0
21.15 0.0
21.1667 0.0
21.1833 0.0
21.2 0.0
21.2167 0.0
21.2333 0.0
21.25 0.0
21.2667 0.0
21.2833 0.0
21.3 0.0
21.3167 0.0
21.3333 0.0
21.35 0.0
21.3667 0.0
21.3833 0.0
21.4 0.0
21.4167 0.0
21.4333 0.0
21.45 0.0
21.4667 0.0
21.4833 0.0
21.5 0.0
21.5167 0.0
21.5333 0.0
21.55 0.0
21.5667 0.0
21.5833 0.0
21.6 0.0
21.6167 0.0
21.6333 0.0
21.65 0.0
21.6667 0.0
21.6833 0.0
21.7 0.0
21.7167 0.0
21.7333 0.0
21.75 0.0
21.7667 0.0
21.7833 0.0
21.8 0.0
21.8167 0.0
21.8333 0.0
21.85 0.0
21.8667 0.0
21.8833 0.0
21.9 0.0
21.9167 0.0
21.9333 0.0
21.95 0.0
21.9667 0.0
21.9833 0.0
22.0 0.0
22.0167 0.0
22.0333 0.0
22.05 0.0
22.0667 0.0
22.0833 0.0
22.1 0.0
22.1167 0.0
22.1333 0.0
22.15 0.0
22.1667 0.0
22.1833 0.0
22.2 0.0
22.2167 0.0
22.2333 0.0
22.25 0.0
22.2667 0.0
22.2833 0.0
22.3 0.0
22.3167 0.0
22.3333 0.0
22.35 0.0
22.3667 0.0
22.3833 0.0
22.4 0.0
22.4167 0.0
22.4333 0.0
22.45 0.0
22.4667 0.0
22.4833 0.0
22.5 0.0
22.5167 0.0
22.5333 0.0
22.55 0.0
22.5667 0.0
22.5833 0.0
22.6 0.0
22.6167 0.0
22.6333 0.0
22.65 0.0
22.6667 0.0
22.6833 0.0
22.7 0.0
22.7167 0.0
22.7333 0.0
22.75 0.0
22.7667 0.0
22.7833 0.0
22.8 0.0
22.8167 0.0
22.8333 0.0
22.85 0.0
22.8667 0.0
22.8833 0.0
22.9 0.0
22.9167 0.0
22.9333 0.0
22.95 0.0
22.9667 0.0
22.9833 0.0
23.0 0.0
23.0167 0.0
23.0333 0.0
23.05 0.0
23.0667 0.0
23.0833 0.0
23.1 0.0
23.1167 0.0
23.1333 0.0
23.15 0.0
23.1667 0.0
23.1833 0.0
23.2 0.0
23.2167 0.0
23.2333 0.0
23.25 0.0
23.2667 0.0
23.2833 0.0
23.3 0.0
23.3167 0.0
23.3333 0.0
23.35 0.0
23.3667 0.0
23.3833 0.0
23.4 0.0
23.4167 0.0
23.4333 0.0
23.45 0.0
23.4667 0.0
23.4833 0.0
23.5 0.0
23.5167 0.0
23.5333 0.0
23.55 0.0
23.5667 0.0
23.5833 0.0
23.6 0.0
23.6167 0.0
23.6333 0.0
23.65 0.0
23.6667 0.0
23.6833 0.0
23.7 0.0
23.7167 0.0
23.7333 0.0
23.75 0.0
23.7667 0.0
23.7833 0.0
23.8 0.0
23.8167 0.0
23.8333 0.0
23.85 0.0
23.8667 0.0
23.8833 0.0
23.9 0.0
23.9167 0.0
23.9333 0.0
23.95 0.0
23.9667 0.0
23.9833 0.0
