0.0 0.0
0.0167 0.0
0.0333 0.0
0.05 0.0
0.0667 0.0
0.0833 0.0
0.1 0.0
0.1167 0.0
0.1333 0.0
0.15 0.0
0.1667 0.0
0.1833 0.0
0.2 0.0
0.2167 0.0
0.2333 0.0
0.25 0.0
0.2667 0.0
0.2833 0.0
0.3 0.0
0.3167 0.0
0.3333 0.0
0.35 0.0
0.3667 0.0
0.3833 0.0
0.4 0.0
0.4167 0.0
0.4333 0.0
0.45 0.0
0.4667 0.0
0.4833 0.0
0.5 0.0
0.5167 0.0
0.5333 0.0
0.55 0.0
0.5667 0.0
0.5833 0.0
0.6 0.0
0.6167 0.0
0.6333 0.0
0.65 0.0
0.6667 0.0
0.6833 0.0
0.7 0.0
0.7167 0.0
0.7333 0.0
0.75 0.0
0.7667 0.0
0.7833 0.0
0.8 0.0
0.8167 0.0
0.8333 0.0
0.85 0.0
0.8667 0.0
0.8833 0.0
0.9 0.0
0.9167 0.0
0.9333 0.0
0.95 0.0
0.9667 0.0
0.9833 0.0
1.0 0.0
1.0167 0.0
1.0333 0.0
1.05 0.0
1.0667 0.0
1.0833 0.0
1.1 0.0
1.1167 0.0
1.1333 0.0
1.15 0.0
1.1667 0.0
1.1833 0.0
1.2 0.0
1.2167 0.0
1.2333 0.0
1.25 0.0
1.2667 0.0
1.2833 0.0
1.3 0.0
1.3167 0.0
1.3333 0.0
1.35 0.0
1.3667 0.0
1.3833 0.0
1.4 0.0
1.4167 0.0
1.4333 0.0
1.45 0.0
1.4667 0.0
1.4833 0.0
1.5 0.0
1.5167 0.0
1.5333 0.0
1.55 0.0
1.5667 0.0
1.5833 0.0
1.6 0.0
1.6167 0.0
1.6333 0.0
1.65 0.0
1.6667 0.0
1.6833 0.0
1.7 0.0
1.7167 0.0
1.7333 0.0
1.75 0.0
1.7667 0.0
1.7833 0.0
1.8 0.0
1.8167 0.0
1.8333 0.0
1.85 0.0
1.8667 0.0
1.8833 0.0
1.9 0.0
1.9167 0.0
1.9333 0.0
1.95 0.0
1.9667 0.0
1.9833 0.0
2.0 0.0
2.0167 0.0
2.0333 0.0
2.05 0.0
2.0667 0.0
2.0833 0.0
2.1 0.0
2.1167 0.0
2.1333 0.0
2.15 0.0
2.1667 0.0
2.1833 0.0
2.2 0.0
2.2167 0.0
2.2333 0.0
2.25 0.0
2.2667 0.0
2.2833 0.0
2.3 0.0
2.3167 0.0
2.3333 0.0
2.35 0.0
2.3667 0.0
2.3833 0.0
2.4 0.0
2.4167 0.0
2.4333 0.0
2.45 0.0
2.4667 0.0
2.4833 0.0
2.5 0.0
2.5167 0.0
2.5333 0.0
2.55 0.0
2.5667 0.0
2.5833 0.0
2.6 0.0
2.6167 0.0
2.6333 0.0
2.65 0.0
2.6667 0.0
2.6833 0.0
2.7 0.0
2.7167 0.0
2.7333 0.0
2.75 0.0
2.7667 0.0
2.7833 0.0
2.8 0.0
2.8167 0.0
2.8333 0.0
2.85 0.0
2.8667 0.0
2.8833 0.0
2.9 0.0
2.9167 0.0
2.9333 0.0
2.95 0.0
2.9667 0.0
2.9833 0.0
3.0 0.0
3.0167 0.0
3.0333 0.0
3.05 0.0
3.0667 0.0
3.0833 0.0
3.1 0.0
3.1167 0.0
3.1333 0.0
3.15 0.0
3.1667 0.0
3.1833 0.0
3.2 0.0
3.2167 0.0
3.2333 0.0
3.25 0.0
3.2667 0.0
3.2833 0.0
3.3 0.0
3.3167 0.0
3.3333 0.0
3.35 0.0
3.3667 0.0
3.3833 0.0
3.4 0.0
3.4167 0.0
3.4333 0.0
3.45 0.0
3.4667 0.0
3.4833 0.0
3.5 0.0
3.5167 0.0
3.5333 0.0
3.55 0.0
3.5667 0.0
3.5833 0.0
3.6 0.0
3.6167 0.0
3.6333 0.0
3.65 0.0
3.6667 0.0
3.6833 0.0
3.7 0.0
3.7167 0.0
3.7333 0.0
3.75 0.0
3.7667 0.0
3.7833 0.0
3.8 0.0
3.8167 0.0
3.8333 0.0
3.85 0.0
3.8667 0.0
3.8833 0.0
3.9 0.0
3.9167 0.0
3.9333 0.0
3.95 0.0
3.9667 0.0
3.9833 0.0
4.0 0.0
4.0167 0.0
4.0333 0.0
4.05 0.0
4.0667 0.0
4.0833 0.0
4.1 0.0
4.1167 0.0
4.1333 0.0
4.15 0.0
4.1667 0.0
4.1833 0.0
4.2 0.0
4.2167 0.0
4.2333 0.0
4.25 0.0
4.2667 0.0
4.2833 0.0
4.3 0.0
4.3167 0.0
4.3333 0.0
4.35 0.0
4.3667 0.0
4.3833 0.0
4.4 0.0
4.4167 0.0
4.4333 0.0
4.45 0.0
4.4667 0.0
4.4833 0.0
4.5 0.0
4.5167 0.0
4.5333 0.0
4.55 0.0
4.5667 0.0
4.5833 0.0
4.6 0.0
4.6167 0.0
4.6333 0.0
4.65 0.0
4.6667 0.0
4.6833 0.0
4.7 0.0
4.7167 0.0
4.7333 0.0
4.75 0.0
4.7667 0.0
4.7833 0.0
4.8 0.0
4.8167 0.0
4.8333 0.0
4.85 0.0
4.8667 0.0
4.8833 0.0
4.9 0.0
4.9167 0.0
4.9333 0.0
4.95 0.0
4.9667 0.0
4.9833 0.0
5.0 0.0
5.0167 0.0
5.0333 0.0
5.05 0.0
5.0667 0.0
5.0833 0.0
5.1 0.0
5.1167 0.0
5.1333 0.0
5.15 0.0
5.1667 0.0
5.1833 0.0
5.2 0.0
5.2167 0.0
5.2333 0.0
5.25 0.0
5.2667 0.0
5.2833 0.0
5.3 0.0
5.3167 0.0
5.3333 4.546e-18
5.35 8.111e-15
5.3667 1.2e-12
5.3833 6.164e-11
5.4 9.297e-10
5.4167 7.755e-09
5.4333 2.968e-08
5.45 7.176e-08
5.4667 1.437e-07
5.4833 2.584e-07
5.5 4.42e-07
5.5167 7.208e-07
5.5333 1.165e-06
5.55 1.845e-06
5.5667 2.74e-06
5.5833 4.01e-06
5.6 5.527e-06
5.6167 7.491e-06
5.6333 1.003e-05
5.65 1.327e-05
5.6667 1.718e-05
5.6833 2.178e-05
5.7 2.746e-05
5.7167 3.451e-05
5.7333 4.333e-05
5.75 5.254e-05
5.7667 6.501e-05
5.7833 7.769e-05
5.8 9.289e-05
5.8167 0.000111
5.8333 0.000133
5.85 0.0001562
5.8667 0.0001794
5.8833 0.0002065
5.9 0.0002383
5.9167 0.0002765
5.9333 0.0003079
5.95 0.0003554
5.9667 0.0003921
5.9833 0.0004356
6.0 0.0004871
6.0167 0.0005478
6.0333 0.0006084
6.05 0.0006668
6.0667 0.000729
6.0833 0.0007949
6.1 0.0008643
6.1167 0.000937
6.1333 0.001013
6.15 0.001093
6.1667 0.001175
6.1833 0.001261
6.2 0.001351
6.2167 0.001444
6.2333 0.00154
6.25 0.00164
6.2667 0.001743
6.2833 0.00185
6.3 0.00196
6.3167 0.002074
6.3333 0.002192
6.35 0.002313
6.3667 0.002438
6.3833 0.002568
6.4 0.002701
6.4167 0.002838
6.4333 0.00298
6.45 0.003125
6.4667 0.003275
6.4833 0.00343
6.5 0.003589
6.5167 0.003752
6.5333 0.00392
6.55 0.004093
6.5667 0.00427
6.5833 0.004453
6.6 0.00464
6.6167 0.004833
6.6333 0.005031
6.65 0.005234
6.6667 0.005442
6.6833 0.005656
6.7 0.005876
6.7167 0.006101
6.7333 0.006332
6.75 0.006568
6.7667 0.006811
6.7833 0.007059
6.8 0.007314
6.8167 0.007575
6.8333 0.007842
6.85 0.008115
6.8667 0.008395
6.8833 0.008682
6.9 0.008975
6.9167 0.009274
6.9333 0.009581
6.95 0.009894
6.9667 0.01021
6.9833 0.01054
7.0 0.01088
7.0167 0.01122
7.0333 0.01157
7.05 0.01192
7.0667 0.01229
7.0833 0.01266
7.1 0.01304
7.1167 0.01343
7.1333 0.01382
7.15 0.01422
7.1667 0.01463
7.1833 0.01505
7.2 0.01548
7.2167 0.01591
7.2333 0.01635
7.25 0.01681
7.2667 0.01727
7.2833 0.01773
7.3 0.01821
7.3167 0.01869
7.3333 0.01919
7.35 0.01969
7.3667 0.0202
7.3833 0.02072
7.4 0.02125
7.4167 0.02179
7.4333 0.02233
7.45 0.02289
7.4667 0.02345
7.4833 0.02403
7.5 0.02461
7.5167 0.0252
7.5333 0.0258
7.55 0.02641
7.5667 0.02703
7.5833 0.02766
7.6 0.0283
7.6167 0.02895
7.6333 0.0296
7.65 0.03027
7.6667 0.03095
7.6833 0.03163
7.7 0.03233
7.7167 0.03304
7.7333 0.03375
7.75 0.03447
7.7667 0.03521
7.7833 0.03595
7.8 0.03671
7.8167 0.03747
7.8333 0.03824
7.85 0.03903
7.8667 0.03982
7.8833 0.04062
7.9 0.04143
7.9167 0.04226
7.9333 0.04309
7.95 0.04393
7.9667 0.04478
7.9833 0.04564
8.0 0.04651
8.0167 0.04739
8.0333 0.04829
8.05 0.04919
8.0667 0.0501
8.0833 0.05102
8.1 0.05195
8.1167 0.05289
8.1333 0.05383
8.15 0.05479
8.1667 0.05576
8.1833 0.05674
8.2 0.05773
8.2167 0.05873
8.2333 0.05973
8.25 0.06075
8.2667 0.06178
8.2833 0.06281
8.3 0.06386
8.3167 0.06491
8.3333 0.06598
8.35 0.06705
8.3667 0.06813
8.3833 0.06922
8.4 0.07032
8.4167 0.07143
8.4333 0.07255
8.45 0.07368
8.4667 0.07482
8.4833 0.07597
8.5 0.07712
8.5167 0.07829
8.5333 0.07946
8.55 0.08064
8.5667 0.08183
8.5833 0.08303
8.6 0.08424
8.6167 0.08545
8.6333 0.08668
8.65 0.08791
8.6667 0.08915
8.6833 0.0904
8.7 0.09166
8.7167 0.09292
8.7333 0.0942
8.75 0.09547
8.7667 0.09676
8.7833 0.09804
8.8 0.09936
8.8167 0.1007
8.8333 0.102
8.85 0.1033
8.8667 0.1046
8.8833 0.106
8.9 0.1074
8.9167 0.1087
8.9333 0.11
8.95 0.1114
8.9667 0.1128
8.9833 0.1142
9.0 0.1156
9.0167 0.117
9.0333 0.1184
9.05 0.1198
9.0667 0.1212
9.0833 0.1226
9.1 0.1241
9.1167 0.1255
9.1333 0.1269
9.15 0.1284
9.1667 0.1298
9.1833 0.1313
9.2 0.1327
9.2167 0.1342
9.2333 0.1357
9.25 0.1372
9.2667 0.1386
9.2833 0.1401
9.3 0.1416
9.3167 0.1431
9.3333 0.1446
9.35 0.1461
9.3667 0.1476
9.3833 0.1491
9.4 0.1506
9.4167 0.1522
9.4333 0.1537
9.45 0.1552
9.4667 0.1567
9.4833 0.1583
9.5 0.1598
9.5167 0.1614
9.5333 0.1629
9.55 0.1644
9.5667 0.1659
9.5833 0.1675
9.6 0.1691
9.6167 0.1706
9.6333 0.1722
9.65 0.1738
9.6667 0.1753
9.6833 0.1769
9.7 0.1782
9.7167 0.18
9.7333 0.1816
9.75 0.1832
9.7667 0.1847
9.7833 0.1863
9.8 0.1879
9.8167 0.1894
9.8333 0.191
9.85 0.1926
9.8667 0.1942
9.8833 0.1957
9.9 0.1973
9.9167 0.1989
9.9333 0.2005
9.95 0.202
9.9667 0.2036
9.9833 0.2052
10.0 0.2067
10.0167 0.2083
10.0333 0.2099
10.05 0.2115
10.0667 0.213
10.0833 0.2146
10.1 0.2162
10.1167 0.2177
10.1333 0.2193
10.15 0.2208
10.1667 0.2224
10.1833 0.2239
10.2 0.2255
10.2167 0.227
10.2333 0.2286
10.25 0.2301
10.2667 0.2315
10.2833 0.2331
10.3 0.2347
10.3167 0.2363
10.3333 0.2376
10.35 0.2393
10.3667 0.2408
10.3833 0.2423
10.4 0.2438
10.4167 0.2453
10.4333 0.2468
10.45 0.2483
10.4667 0.2497
10.4833 0.2513
10.5 0.2528
10.5167 0.2543
10.5333 0.2557
10.55 0.2572
10.5667 0.2586
10.5833 0.2601
10.6 0.2615
10.6167 0.263
10.6333 0.2644
10.65 0.2659
10.6667 0.2673
10.6833 0.2686
10.7 0.2701
10.7167 0.2715
10.7333 0.2729
10.75 0.2743
10.7667 0.2757
10.7833 0.2769
10.8 0.2784
10.8167 0.2798
10.8333 0.2811
10.85 0.2825
10.8667 0.2838
10.8833 0.2851
10.9 0.2864
10.9167 0.2877
10.9333 0.289
10.95 0.2903
10.9667 0.2916
10.9833 0.2929
11.0 0.2942
11.0167 0.2954
11.0333 0.2967
11.05 0.2979
11.0667 0.2991
11.0833 0.3004
11.1 0.3016
11.1167 0.3028
11.1333 0.304
11.15 0.3051
11.1667 0.3063
11.1833 0.3075
11.2 0.3086
11.2167 0.3097
11.2333 0.3109
11.25 0.312
11.2667 0.3131
11.2833 0.3142
11.3 0.3153
11.3167 0.3164
11.3333 0.3174
11.35 0.3185
11.3667 0.3193
11.3833 0.3204
11.4 0.3215
11.4167 0.3224
11.4333 0.3236
11.45 0.3245
11.4667 0.3252
11.4833 0.3265
11.5 0.3273
11.5167 0.3283
11.5333 0.3293
11.55 0.3301
11.5667 0.3311
11.5833 0.332
11.6 0.3327
11.6167 0.3337
11.6333 0.3345
11.65 0.3354
11.6667 0.3362
11.6833 0.337
11.7 0.3377
11.7167 0.3386
11.7333 0.3393
11.75 0.3401
11.7667 0.3408
11.7833 0.3415
11.8 0.3423
11.8167 0.3429
11.8333 0.3436
11.85 0.3443
11.8667 0.345
11.8833 0.3456
11.9 0.3462
11.9167 0.3468
11.9333 0.3473
11.95 0.348
11.9667 0.3486
11.9833 0.3492
12.0 0.3497
12.0167 0.3502
12.0333 0.3508
12.05 0.3513
12.0667 0.3517
12.0833 0.3522
12.1 0.3527
12.1167 0.3531
12.1333 0.3535
12.15 0.354
12.1667 0.3543
12.1833 0.3547
12.2 0.3551
12.2167 0.3555
12.2333 0.3558
12.25 0.3561
12.2667 0.3564
12.2833 0.3567
12.3 0.3568
12.3167 0.3572
12.3333 0.3575
12.35 0.3577
12.3667 0.358
12.3833 0.3582
12.4 0.3583
12.4167 0.3585
12.4333 0.3587
12.45 0.3588
12.4667 0.3589
12.4833 0.359
12.5 0.3591
12.5167 0.3592
12.5333 0.3593
12.55 0.3593
12.5667 0.3594
12.5833 0.3594
12.6 0.3594
12.6167 0.3594
12.6333 0.3594
12.65 0.3593
12.6667 0.3593
12.6833 0.3592
12.7 0.3591
12.7167 0.359
12.7333 0.3589
12.75 0.3587
12.7667 0.3586
12.7833 0.3584
12.8 0.3582
12.8167 0.358
12.8333 0.3578
12.85 0.3576
12.8667 0.3573
12.8833 0.357
12.9 0.3567
12.9167 0.3566
12.9333 0.3563
12.95 0.3559
12.9667 0.3556
12.9833 0.3553
13.0 0.3549
13.0167 0.3545
13.0333 0.3541
13.05 0.3537
13.0667 0.3533
13.0833 0.3529
13.1 0.3524
13.1167 0.352
13.1333 0.3515
13.15 0.351
13.1667 0.3505
13.1833 0.35
13.2 0.3494
13.2167 0.3489
13.2333 0.3483
13.25 0.3477
13.2667 0.3469
13.2833 0.3465
13.3 0.3459
13.3167 0.3453
13.3333 0.3446
13.35 0.3439
13.3667 0.3433
13.3833 0.3426
13.4 0.3419
13.4167 0.3411
13.4333 0.3404
13.45 0.3397
13.4667 0.3389
13.4833 0.3379
13.5 0.3374
13.5167 0.3366
13.5333 0.3357
13.55 0.3349
13.5667 0.3341
13.5833 0.3332
13.6 0.3322
13.6167 0.3315
13.6333 0.3306
13.65 0.3297
13.6667 0.3288
13.6833 0.3278
13.7 0.3267
13.7167 0.326
13.7333 0.325
13.75 0.324
13.7667 0.323
13.7833 0.322
13.8 0.321
13.8167 0.32
13.8333 0.319
13.85 0.3179
13.8667 0.3169
13.8833 0.3158
13.9 0.3146
13.9167 0.3136
13.9333 0.3125
13.95 0.3114
13.9667 0.3102
13.9833 0.3091
14.0 0.308
14.0167 0.3068
14.0333 0.3057
14.05 0.3045
14.0667 0.3033
14.0833 0.3021
14.1 0.3009
14.1167 0.2994
14.1333 0.2985
14.15 0.2972
14.1667 0.296
14.1833 0.2947
14.2 0.2935
14.2167 0.2922
14.2333 0.2909
14.25 0.2896
14.2667 0.2883
14.2833 0.2869
14.3 0.2856
14.3167 0.2844
14.3333 0.2831
14.35 0.2817
14.3667 0.2804
14.3833 0.279
14.4 0.2777
14.4167 0.2763
14.4333 0.2749
14.45 0.2734
14.4667 0.2721
14.4833 0.2708
14.5 0.2693
14.5167 0.2679
14.5333 0.2664
14.55 0.2651
14.5667 0.2637
14.5833 0.2622
14.6 0.2608
14.6167 0.2593
14.6333 0.2578
14.65 0.2563
14.6667 0.2549
14.6833 0.2535
14.7 0.252
14.7167 0.2505
14.7333 0.249
14.75 0.2475
14.7667 0.246
14.7833 0.2445
14.8 0.2429
14.8167 0.2414
14.8333 0.24
14.85 0.2385
14.8667 0.237
14.8833 0.2354
14.9 0.2339
14.9167 0.2324
14.9333 0.2308
14.95 0.2292
14.9667 0.2278
14.9833 0.2261
15.0 0.2247
15.0167 0.2231
15.0333 0.2216
15.05 0.22
15.0667 0.2184
15.0833 0.2169
15.1 0.2153
15.1167 0.2138
15.1333 0.2122
15.15 0.2106
15.1667 0.209
15.1833 0.2075
15.2 0.2059
15.2167 0.2044
15.2333 0.2028
15.25 0.2012
15.2667 0.1996
15.2833 0.1981
15.3 0.1963
15.3167 0.1949
15.3333 0.1933
15.35 0.1917
15.3667 0.1902
15.3833 0.1886
15.4 0.187
15.4167 0.1855
15.4333 0.1839
15.45 0.1823
15.4667 0.1808
15.4833 0.1792
15.5 0.1776
15.5167 0.1761
15.5333 0.1745
15.55 0.1729
15.5667 0.1713
15.5833 0.1698
15.6 0.1683
15.6167 0.1667
15.6333 0.1652
15.65 0.1636
15.6667 0.1621
15.6833 0.1605
15.7 0.159
15.7167 0.1575
15.7333 0.1559
15.75 0.1544
15.7667 0.1529
15.7833 0.1514
15.8 0.1498
15.8167 0.1483
15.8333 0.1468
15.85 0.1453
15.8667 0.1438
15.8833 0.1423
15.9 0.1408
15.9167 0.1393
15.9333 0.1379
15.95 0.1364
15.9667 0.1349
15.9833 0.1334
16.0 0.132
16.0167 0.1305
16.0333 0.1291
16.05 0.1276
16.0667 0.1261
16.0833 0.1247
16.1 0.1233
16.1167 0.1219
16.1333 0.1205
16.15 0.119
16.1667 0.1177
16.1833 0.1162
16.2 0.1149
16.2167 0.1135
16.2333 0.112
16.25 0.1107
16.2667 0.1094
16.2833 0.108
16.3 0.1066
16.3167 0.1053
16.3333 0.104
16.35 0.1026
16.3667 0.1013
16.3833 0.1
16.4 0.09868
16.4167 0.09738
16.4333 0.09609
16.45 0.09481
16.4667 0.09353
16.4833 0.09226
16.5 0.09101
16.5167 0.08975
16.5333 0.08851
16.55 0.08727
16.5667 0.08604
16.5833 0.08482
16.6 0.08361
16.6167 0.08241
16.6333 0.08122
16.65 0.08003
16.6667 0.07885
16.6833 0.07769
16.7 0.07653
16.7167 0.07538
16.7333 0.07423
16.75 0.0731
16.7667 0.07198
16.7833 0.07086
16.8 0.06976
16.8167 0.06866
16.8333 0.06758
16.85 0.0665
16.8667 0.06543
16.8833 0.06437
16.9 0.06332
16.9167 0.06228
16.9333 0.06125
16.95 0.06023
16.9667 0.05922
16.9833 0.05822
17.0 0.05723
17.0167 0.05624
17.0333 0.05527
17.05 0.05431
17.0667 0.05335
17.0833 0.05241
17.1 0.05147
17.1167 0.05055
17.1333 0.04963
17.15 0.04873
17.1667 0.04783
17.1833 0.04695
17.2 0.04607
17.2167 0.04521
17.2333 0.04435
17.25 0.0435
17.2667 0.04267
17.2833 0.04184
17.3 0.04102
17.3167 0.04022
17.3333 0.03942
17.35 0.03863
17.3667 0.03785
17.3833 0.03709
17.4 0.03633
17.4167 0.03558
17.4333 0.03484
17.45 0.03411
17.4667 0.03339
17.4833 0.03268
17.5 0.03198
17.5167 0.03129
17.5333 0.03061
17.55 0.02994
17.5667 0.02928
17.5833 0.02862
17.6 0.02798
17.6167 0.02735
17.6333 0.02672
17.65 0.02611
17.6667 0.0255
17.6833 0.02491
17.7 0.02432
17.7167 0.02374
17.7333 0.02317
17.75 0.02261
17.7667 0.02206
17.7833 0.02152
17.8 0.02099
17.8167 0.02046
17.8333 0.01995
17.85 0.01944
17.8667 0.01894
17.8833 0.01846
17.9 0.01798
17.9167 0.0175
17.9333 0.01704
17.95 0.01658
17.9667 0.01614
17.9833 0.0157
18.0 0.01527
18.0167 0.01485
18.0333 0.01443
18.05 0.01403
18.0667 0.01363
18.0833 0.01324
18.1 0.01285
18.1167 0.01248
18.1333 0.01211
18.15 0.01175
18.1667 0.0114
18.1833 0.01105
18.2 0.01071
18.2167 0.01038
18.2333 0.01006
18.25 0.009743
18.2667 0.009433
18.2833 0.009129
18.3 0.008833
18.3167 0.008543
18.3333 0.00826
18.35 0.007984
18.3667 0.007713
18.3833 0.007449
18.4 0.007192
18.4167 0.00694
18.4333 0.006695
18.45 0.006455
18.4667 0.006221
18.4833 0.005993
18.5 0.005771
18.5167 0.005554
18.5333 0.005343
18.55 0.005137
18.5667 0.004937
18.5833 0.004741
18.6 0.004551
18.6167 0.004366
18.6333 0.004186
18.65 0.004011
18.6667 0.00384
18.6833 0.003675
18.7 0.003513
18.7167 0.003357
18.7333 0.003205
18.75 0.003057
18.7667 0.002913
18.7833 0.002774
18.8 0.002639
18.8167 0.002507
18.8333 0.00238
18.85 0.002256
18.8667 0.002137
18.8833 0.002021
18.9 0.001909
18.9167 0.0018
18.9333 0.001695
18.95 0.001593
18.9667 0.001495
18.9833 0.001401
19.0 0.001309
19.0167 0.001222
19.0333 0.001137
19.05 0.001056
19.0667 0.000978
19.0833 0.0009036
19.1 0.0008324
19.1167 0.0007646
19.1333 0.0007004
19.15 0.0006398
19.1667 0.0005834
19.1833 0.0005192
19.2 0.0004628
19.2167 0.0004151
19.2333 0.0003748
19.25 0.0003312
19.2667 0.0002927
19.2833 0.000256
19.3 0.0002268
19.3167 0.0001948
19.3333 0.0001673
19.35 0.0001428
19.3667 0.0001217
19.3833 0.000103
19.4 8.683e-05
19.4167 7.141e-05
19.4333 5.891e-05
19.45 4.838e-05
19.4667 3.907e-05
19.4833 3.12e-05
19.5 2.495e-05
19.5167 1.978e-05
19.5333 1.535e-05
19.55 1.181e-05
19.5667 8.931e-06
19.5833 6.577e-06
19.6 4.802e-06
19.6167 3.446e-06
19.6333 2.307e-06
19.65 1.537e-06
19.6667 9.537e-07
19.6833 5.797e-07
19.7 3.473e-07
19.7167 2.018e-07
19.7333 1.081e-07
19.75 4.956e-08
19.7667 1.758e-08
19.7833 3.536e-09
19.8 3.298e-10
19.8167 1.301e-11
19.8333 1.744e-13
19.85 5.28e-16
19.8667 1.887e-32
19.8833 0.0
19.9 0.0
19.9167 0.0
19.9333 0.0
19.95 0.0
19.9667 0.0
19.9833 0.0
20.0 0.0
20.0167 0.0
20.0333 0.0
20.05 0.0
20.0667 0.0
20.0833 0.0
20.1 0.0
20.1167 0.0
20.1333 0.0
20.15 0.0
20.1667 0.0
20.1833 0.0
20.2 0.0
20.2167 0.0
20.2333 0.0
20.25 0.0
20.2667 0.0
20.2833 0.0
20.3 0.0
20.3167 0.0
20.3333 0.0
20.35 0.0
20.3667 0.0
20.3833 0.0
20.4 0.0
20.4167 0.0
20.4333 0.0
20.45 0.0
20.4667 0.0
20.4833 0.0
20.5 0.0
20.5167 0.0
20.5333 0.0
20.55 0.0
20.5667 0.0
20.5833 0.0
20.6 0.0
20.6167 0.0
20.6333 0.0
20.65 0.0
20.6667 0.0
20.6833 0.0
20.7 0.0
20.7167 0.0
20.7333 0.0
20.75 0.0
20.7667 0.0
20.7833 0.0
20.8 0.0
20.8167 0.0
20.8333 0.0
20.85 0.0
20.8667 0.0
20.8833 0.0
20.9 0.0
20.9167 0.0
20.9333 0.0
20.95 0.0
20.9667 0.0
20.9833 0.0
21.0 0.0
21.0167 0.0
21.0333 0.0
21.05 0.0
21.0667 0.0
21.0833 0.0
21.1 0.0
21.1167 0.0
21.1333 0.0
21.15 0.0
21.1667 0.0
21.1833 0.0
21.2 0.0
21.2167 0.0
21.2333 0.0
21.25 0.0
21.2667 0.0
21.2833 0.0
21.3 0.0
21.3167 0.0
21.3333 0.0
21.35 0.0
21.3667 0.0
21.3833 0.0
21.4 0.0
21.4167 0.0
21.4333 0.0
21.45 0.0
21.4667 0.0
21.4833 0.0
21.5 0.0
21.5167 0.0
21.5333 0.0
21.55 0.0
21.5667 0.0
21.5833 0.0
21.6 0.0
21.6167 0.0
21.6333 0.0
21.65 0.0
21.6667 0.0
21.6833 0.0
21.7 0.0
21.7167 0.0
21.7333 0.0
21.75 0.0
21.7667 0.0
21.7833 0.0
21.8 0.0
21.8167 0.0
21.8333 0.0
21.85 0.0
21.8667 0.0
21.8833 0.0
21.9 0.0
21.9167 0.0
21.9333 0.0
21.95 0.0
21.9667 0.0
21.9833 0.0
22.0 0.0
22.0167 0.0
22.0333 0.0
22.05 0.0
22.0667 0.0
22.0833 0.0
22.1 0.0
22.1167 0.0
22.1333 0.0
22.15 0.0
22.1667 0.0
22.1833 0.0
22.2 0.0
22.2167 0.0
22.2333 0.0
22.25 0.0
22.2667 0.0
22.2833 0.0
22.3 0.0
22.3167 0.0
22.3333 0.0
22.35 0.0
22.3667 0.0
22.3833 0.0
22.4 0.0
22.4167 0.0
22.4333 0.0
22.45 0.0
22.4667 0.0
22.4833 0.0
22.5 0.0
22.5167 0.0
22.5333 0.0
22.55 0.0
22.5667 0.0
22.5833 0.0
22.6 0.0
22.6167 0.0
22.6333 0.0
22.65 0.0
22.6667 0.0
22.6833 0.0
22.7 0.0
22.7167 0.0
22.7333 0.0
22.75 0.0
22.7667 0.0
22.7833 0.0
22.8 0.0
22.8167 0.0
22.8333 0.0
22.85 0.0
22.8667 0.0
22.8833 0.0
22.9 0.0
22.9167 0.0
22.9333 0.0
22.95 0.0
22.9667 0.0
22.9833 0.0
23.0 0.0
23.0167 0.0
23.0333 0.0
23.05 0.0
23.0667 0.0
23.0833 0.0
23.1 0.0
23.1167 0.0
23.1333 0.0
23.15 0.0
23.1667 0.0
23.1833 0.0
23.2 0.0
23.2167 0.0
23.2333 0.0
23.25 0.0
23.2667 0.0
23.2833 0.0
23.3 0.0
23.3167 0.0
23.3333 0.0
23.35 0.0
23.3667 0.0
23.3833 0.0
23.4 0.0
23.4167 0.0
23.4333 0.0
23.45 0.0
23.4667 0.0
23.4833 0.0
23.5 0.0
23.5167 0.0
23.5333 0.0
23.55 0.0
23.5667 0.0
23.5833 0.0
23.6 0.0
23.6167 0.0
23.6333 0.0
23.65 0.0
23.6667 0.0
23.6833 0.0
23.7 0.0
23.7167 0.0
23.7333 0.0
23.75 0.0
23.7667 0.0
23.7833 0.0
23.8 0.0
23.8167 0.0
23.8333 0.0
23.85 0.0
23.8667 0.0
23.8833 0.0
23.9 0.0
23.9167 0.0
23.9333 0.0
23.95 0.0
23.9667 0.0
23.9833 0.0
