0.0 0.0
0.0167 0.0
0.0333 0.0
0.05 0.0
0.0667 0.0
0.0833 0.0
0.1 0.0
0.1167 0.0
0.1333 0.0
0.15 0.0
0.1667 0.0
0.1833 0.0
0.2 0.0
0.2167 0.0
0.2333 0.0
0.25 0.0
0.2667 0.0
0.2833 0.0
0.3 0.0
0.3167 0.0
0.3333 0.0
0.35 0.0
0.3667 0.0
0.3833 0.0
0.4 0.0
0.4167 0.0
0.4333 0.0
0.45 0.0
0.4667 0.0
0.4833 0.0
0.5 0.0
0.5167 0.0
0.5333 0.0
0.55 0.0
0.5667 0.0
0.5833 0.0
0.6 0.0
0.6167 0.0
0.6333 0.0
0.65 0.0
0.6667 0.0
0.6833 0.0
0.7 0.0
0.7167 0.0
0.7333 0.0
0.75 0.0
0.7667 0.0
0.7833 0.0
0.8 0.0
0.8167 0.0
0.8333 0.0
0.85 0.0
0.8667 0.0
0.8833 0.0
0.9 0.0
0.9167 0.0
0.9333 0.0
0.95 0.0
0.9667 0.0
0.9833 0.0
1.0 0.0
1.0167 0.0
1.0333 0.0
1.05 0.0
1.0667 0.0
1.0833 0.0
1.1 0.0
1.1167 0.0
1.1333 0.0
1.15 0.0
1.1667 0.0
1.1833 0.0
1.2 0.0
1.2167 0.0
1.2333 0.0
1.25 0.0
1.2667 0.0
1.2833 0.0
1.3 0.0
1.3167 0.0
1.3333 0.0
1.35 0.0
1.3667 0.0
1.3833 0.0
1.4 0.0
1.4167 0.0
1.4333 0.0
1.45 0.0
1.4667 0.0
1.4833 0.0
1.5 0.0
1.5167 0.0
1.5333 0.0
1.55 0.0
1.5667 0.0
1.5833 0.0
1.6 0.0
1.6167 0.0
1.6333 0.0
1.65 0.0
1.6667 0.0
1.6833 0.0
1.7 0.0
1.7167 0.0
1.7333 0.0
1.75 0.0
1.7667 0.0
1.7833 0.0
1.8 0.0
1.8167 0.0
1.8333 0.0
1.85 0.0
1.8667 0.0
1.8833 0.0
1.9 0.0
1.9167 0.0
1.9333 0.0
1.95 0.0
1.9667 0.0
1.9833 0.0
2.0 0.0
2.0167 0.0
2.0333 0.0
2.05 0.0
2.0667 0.0
2.0833 0.0
2.1 0.0
2.1167 0.0
2.1333 0.0
2.15 0.0
2.1667 0.0
2.1833 0.0
2.2 0.0
2.2167 0.0
2.2333 0.0
2.25 0.0
2.2667 0.0
2.2833 0.0
2.3 0.0
2.3167 0.0
2.3333 0.0
2.35 0.0
2.3667 0.0
2.3833 0.0
2.4 0.0
2.4167 0.0
2.4333 0.0
2.45 0.0
2.4667 0.0
2.4833 0.0
2.5 0.0
2.5167 0.0
2.5333 0.0
2.55 0.0
2.5667 0.0
2.5833 0.0
2.6 0.0
2.6167 0.0
2.6333 0.0
2.65 0.0
2.6667 0.0
2.6833 0.0
2.7 0.0
2.7167 0.0
2.7333 0.0
2.75 0.0
2.7667 0.0
2.7833 0.0
2.8 0.0
2.8167 0.0
2.8333 0.0
2.85 0.0
2.8667 0.0
2.8833 0.0
2.9 0.0
2.9167 0.0
2.9333 0.0
2.95 0.0
2.9667 0.0
2.9833 0.0
3.0 0.0
3.0167 0.0
3.0333 0.0
3.05 0.0
3.0667 0.0
3.0833 0.0
3.1 0.0
3.1167 0.0
3.1333 0.0
3.15 0.0
3.1667 0.0
3.1833 0.0
3.2 0.0
3.2167 0.0
3.2333 0.0
3.25 0.0
3.2667 0.0
3.2833 0.0
3.3 0.0
3.3167 0.0
3.3333 0.0
3.35 0.0
3.3667 0.0
3.3833 0.0
3.4 0.0
3.4167 0.0
3.4333 0.0
3.45 0.0
3.4667 0.0
3.4833 0.0
3.5 0.0
3.5167 0.0
3.5333 0.0
3.55 0.0
3.5667 0.0
3.5833 0.0
3.6 0.0
3.6167 0.0
3.6333 0.0
3.65 0.0
3.6667 0.0
3.6833 0.0
3.7 0.0
3.7167 0.0
3.7333 0.0
3.75 0.0
3.7667 0.0
3.7833 0.0
3.8 0.0
3.8167 0.0
3.8333 0.0
3.85 0.0
3.8667 0.0
3.8833 0.0
3.9 0.0
3.9167 0.0
3.9333 0.0
3.95 0.0
3.9667 0.0
3.9833 0.0
4.0 0.0
4.0167 0.0
4.0333 0.0
4.05 0.0
4.0667 0.0
4.0833 0.0
4.1 0.0
4.1167 0.0
4.1333 0.0
4.15 0.0
4.1667 0.0
4.1833 0.0
4.2 0.0
4.2167 0.0
4.2333 0.0
4.25 0.0
4.2667 0.0
4.2833 0.0
4.3 0.0
4.3167 0.0
4.3333 0.0
4.35 0.0
4.3667 0.0
4.3833 0.0
4.4 0.0
4.4167 0.0
4.4333 0.0
4.45 0.0
4.4667 0.0
4.4833 0.0
4.5 0.0
4.5167 0.0
4.5333 0.0
4.55 0.0
4.5667 0.0
4.5833 0.0
4.6 0.0
4.6167 0.0
4.6333 0.0
4.65 0.0
4.6667 0.0
4.6833 0.0
4.7 0.0
4.7167 0.0
4.7333 0.0
4.75 0.0
4.7667 0.0
4.7833 0.0
4.8 0.0
4.8167 0.0
4.8333 0.0
4.85 0.0
4.8667 0.0
4.8833 0.0
4.9 0.0
4.9167 0.0
4.9333 0.0
4.95 0.0
4.9667 0.0
4.9833 0.0
5.0 0.0
5.0167 0.0
5.0333 0.0
5.05 0.0
5.0667 0.0
5.0833 0.0
5.1 0.0
5.1167 0.0
5.1333 0.0
5.15 0.0
5.1667 0.0
5.1833 0.0
5.2 0.0
5.2167 0.0
5.2333 0.0
5.25 0.0
5.2667 0.0
5.2833 0.0
5.3 0.0
5.3167 0.0
5.3333 0.0
5.35 0.0
5.3667 0.0
5.3833 0.0
5.4 0.0
5.4167 0.0
5.4333 0.0
5.45 0.0
5.4667 0.0
5.4833 0.0
5.5 0.0
5.5167 0.0
5.5333 0.0
5.55 0.0
5.5667 0.0
5.5833 0.0
5.6 0.0
5.6167 0.0
5.6333 0.0
5.65 0.0
5.6667 0.0
5.6833 0.0
5.7 0.0
5.7167 0.0
5.7333 0.0
5.75 0.0
5.7667 0.0
5.7833 0.0
5.8 0.0
5.8167 0.0
5.8333 0.0
5.85 0.0
5.8667 0.0
5.8833 0.0
5.9 0.0
5.9167 0.0
5.9333 0.0
5.95 0.0
5.9667 0.0
5.9833 0.0
6.0 0.0
6.0167 0.0
6.0333 0.0
6.05 0.0
6.0667 0.0
6.0833 0.0
6.1 0.0
6.1167 0.0
6.1333 0.0
6.15 0.0
6.1667 7.958e-18
6.1833 1.689e-14
6.2 3.374e-12
6.2167 1.623e-10
6.2333 2.445e-09
6.25 1.653e-08
6.2667 5.123e-08
6.2833 1.219e-07
6.3 2.352e-07
6.3167 4.228e-07
6.3333 7.365e-07
6.35 1.255e-06
6.3667 2.06e-06
6.3833 3.147e-06
6.4 4.687e-06
6.4167 6.628e-06
6.4333 9.224e-06
6.45 1.237e-05
6.4667 1.639e-05
6.4833 2.145e-05
6.5 2.77e-05
6.5167 3.534e-05
6.5333 4.477e-05
6.55 5.649e-05
6.5667 6.866e-05
6.5833 8.532e-05
6.6 0.0001021
6.6167 0.0001221
6.6333 0.0001457
6.65 0.0001725
6.6667 0.0002019
6.6833 0.0002344
6.7 0.0002717
6.7167 0.0003162
6.7333 0.0003539
6.75 0.0004087
6.7667 0.0004528
6.7833 0.0005053
6.8 0.0005674
6.8167 0.0006411
6.8333 0.0007087
6.85 0.0007781
6.8667 0.0008519
6.8833 0.0009301
6.9 0.001012
6.9167 0.001098
6.9333 0.001188
6.95 0.001282
6.9667 0.001379
6.9833 0.001481
7.0 0.001586
7.0167 0.001696
7.0333 0.001809
7.05 0.001927
7.0667 0.002048
7.0833 0.002173
7.1 0.002303
7.1167 0.002437
7.1333 0.002575
7.15 0.002718
7.1667 0.002865
7.1833 0.003016
7.2 0.003172
7.2167 0.003333
7.2333 0.003499
7.25 0.003669
7.2667 0.003844
7.2833 0.004024
7.3 0.004209
7.3167 0.004399
7.3333 0.004595
7.35 0.004796
7.3667 0.005002
7.3833 0.005214
7.4 0.005431
7.4167 0.005654
7.4333 0.005883
7.45 0.006117
7.4667 0.006357
7.4833 0.006603
7.5 0.006856
7.5167 0.007115
7.5333 0.007379
7.55 0.00765
7.5667 0.007927
7.5833 0.008211
7.6 0.008502
7.6167 0.008799
7.6333 0.009102
7.65 0.009412
7.6667 0.009729
7.6833 0.01005
7.7 0.01038
7.7167 0.01072
7.7333 0.01107
7.75 0.01142
7.7667 0.01178
7.7833 0.01215
7.8 0.01252
7.8167 0.0129
7.8333 0.01329
7.85 0.01369
7.8667 0.01409
7.8833 0.0145
7.9 0.01492
7.9167 0.01535
7.9333 0.01578
7.95 0.01622
7.9667 0.01668
7.9833 0.01713
8.0 0.0176
8.0167 0.01807
8.0333 0.01855
8.05 0.01904
8.0667 0.01954
8.0833 0.02005
8.1 0.02056
8.1167 0.02109
8.1333 0.02162
8.15 0.02215
8.1667 0.0227
8.1833 0.02326
8.2 0.02382
8.2167 0.02439
8.2333 0.02497
8.25 0.02556
8.2667 0.02616
8.2833 0.02676
8.3 0.02737
8.3167 0.02799
8.3333 0.02862
8.35 0.02926
8.3667 0.02991
8.3833 0.03056
8.4 0.03122
8.4167 0.03189
8.4333 0.03257
8.45 0.03326
8.4667 0.03396
8.4833 0.03466
8.5 0.03537
8.5167 0.03609
8.5333 0.03682
8.55 0.03756
8.5667 0.0383
8.5833 0.03905
8.6 0.03981
8.6167 0.04058
8.6333 0.04136
8.65 0.04214
8.6667 0.04293
8.6833 0.04373
8.7 0.04454
8.7167 0.04535
8.7333 0.04618
8.75 0.04701
8.7667 0.04784
8.7833 0.04869
8.8 0.04954
8.8167 0.0504
8.8333 0.05127
8.85 0.05214
8.8667 0.05302
8.8833 0.05391
8.9 0.05481
8.9167 0.05571
8.9333 0.05662
8.95 0.05754
8.9667 0.05846
8.9833 0.05939
9.0 0.06033
9.0167 0.06127
9.0333 0.06222
9.05 0.06318
9.0667 0.06414
9.0833 0.06511
9.1 0.06608
9.1167 0.06707
9.1333 0.06805
9.15 0.06904
9.1667 0.07004
9.1833 0.07105
9.2 0.07206
9.2167 0.07307
9.2333 0.0741
9.25 0.07512
9.2667 0.07615
9.2833 0.07719
9.3 0.07823
9.3167 0.07928
9.3333 0.08033
9.35 0.08138
9.3667 0.08244
9.3833 0.08351
9.4 0.08458
9.4167 0.08565
9.4333 0.08673
9.45 0.08781
9.4667 0.0889
9.4833 0.08999
9.5 0.09108
9.5167 0.09218
9.5333 0.09328
9.55 0.09438
9.5667 0.09549
9.5833 0.0966
9.6 0.09771
9.6167 0.09883
9.6333 0.09995
9.65 0.1011
9.6667 0.1022
9.6833 0.1033
9.7 0.1044
9.7167 0.1056
9.7333 0.1067
9.75 0.1078
9.7667 0.109
9.7833 0.1101
9.8 0.1113
9.8167 0.1124
9.8333 0.1135
9.85 0.1147
9.8667 0.1158
9.8833 0.117
9.9 0.1181
9.9167 0.1193
9.9333 0.1204
9.95 0.1216
9.9667 0.1227
9.9833 0.1239
10.0 0.125
10.0167 0.1262
10.0333 0.1273
10.05 0.1284
10.0667 0.1296
10.0833 0.1307
10.1 0.1318
10.1167 0.133
10.1333 0.1342
10.15 0.1353
10.1667 0.1364
10.1833 0.1376
10.2 0.1387
10.2167 0.1398
10.2333 0.141
10.25 0.1421
10.2667 0.1432
10.2833 0.1444
10.3 0.1455
10.3167 0.1466
10.3333 0.1477
10.35 0.1489
10.3667 0.15
10.3833 0.151
10.4 0.1522
10.4167 0.1533
10.4333 0.1544
10.45 0.1555
10.4667 0.1566
10.4833 0.1576
10.5 0.1587
10.5167 0.1598
10.5333 0.1609
10.55 0.162
10.5667 0.163
10.5833 0.1641
10.6 0.1651
10.6167 0.1662
10.6333 0.1672
10.65 0.1683
10.6667 0.1693
10.6833 0.1703
10.7 0.1714
10.7167 0.1724
10.7333 0.1734
10.75 0.1744
10.7667 0.1754
10.7833 0.1764
10.8 0.1774
10.8167 0.1784
10.8333 0.1793
10.85 0.1803
10.8667 0.1813
10.8833 0.1822
10.9 0.1832
10.9167 0.1841
10.9333 0.1851
10.95 0.186
10.9667 0.1869
10.9833 0.1878
11.0 0.1887
11.0167 0.1896
11.0333 0.1905
11.05 0.1914
11.0667 0.1922
11.0833 0.1931
11.1 0.194
11.1167 0.1948
11.1333 0.1956
11.15 0.1965
11.1667 0.1973
11.1833 0.1981
11.2 0.1989
11.2167 0.1997
11.2333 0.2005
11.25 0.2013
11.2667 0.202
11.2833 0.2028
11.3 0.2035
11.3167 0.2042
11.3333 0.205
11.35 0.2057
11.3667 0.2064
11.3833 0.2071
11.4 0.2078
11.4167 0.2084
11.4333 0.2091
11.45 0.2098
11.4667 0.2104
11.4833 0.2111
11.5 0.2117
11.5167 0.2123
11.5333 0.2128
11.55 0.2135
11.5667 0.2141
11.5833 0.2146
11.6 0.2152
11.6167 0.2157
11.6333 0.2163
11.65 0.2168
11.6667 0.2173
11.6833 0.2178
11.7 0.2183
11.7167 0.2188
11.7333 0.2193
11.75 0.2197
11.7667 0.2201
11.7833 0.2206
11.8 0.221
11.8167 0.2214
11.8333 0.2216
11.85 0.2222
11.8667 0.2226
11.8833 0.2229
11.9 0.2233
11.9167 0.2235
11.9333 0.2239
11.95 0.2242
11.9667 0.2245
11.9833 0.2248
12.0 0.2251
12.0167 0.2254
12.0333 0.2256
12.05 0.2259
12.0667 0.2261
12.0833 0.2263
12.1 0.2265
12.1167 0.2267
12.1333 0.2269
12.15 0.227
12.1667 0.2272
12.1833 0.2273
12.2 0.2274
12.2167 0.2276
12.2333 0.2277
12.25 0.2277
12.2667 0.2278
12.2833 0.2279
12.3 0.2279
12.3167 0.228
12.3333 0.228
12.35 0.228
12.3667 0.228
12.3833 0.228
12.4 0.228
12.4167 0.2279
12.4333 0.2279
12.45 0.2278
12.4667 0.2277
12.4833 0.2276
12.5 0.2275
12.5167 0.2274
12.5333 0.2273
12.55 0.2271
12.5667 0.227
12.5833 0.2268
12.6 0.2266
12.6167 0.2265
12.6333 0.2262
12.65 0.226
12.6667 0.2258
12.6833 0.2256
12.7 0.2253
12.7167 0.225
12.7333 0.2248
12.75 0.2245
12.7667 0.2242
12.7833 0.2239
12.8 0.2235
12.8167 0.2232
12.8333 0.2228
12.85 0.2225
12.8667 0.2221
12.8833 0.2214
12.9 0.2213
12.9167 0.2208
12.9333 0.2205
12.95 0.22
12.9667 0.2196
12.9833 0.2191
13.0 0.2187
13.0167 0.2182
13.0333 0.2177
13.05 0.2172
13.0667 0.2167
13.0833 0.2161
13.1 0.2155
13.1167 0.2151
13.1333 0.2145
13.15 0.2139
13.1667 0.2133
13.1833 0.2127
13.2 0.2121
13.2167 0.2115
13.2333 0.2107
13.25 0.2103
13.2667 0.2096
13.2833 0.209
13.3 0.2083
13.3167 0.2075
13.3333 0.2069
13.35 0.2062
13.3667 0.2055
13.3833 0.2048
13.4 0.2041
13.4167 0.2033
13.4333 0.2026
13.45 0.2018
13.4667 0.2011
13.4833 0.2003
13.5 0.1995
13.5167 0.1987
13.5333 0.1979
13.55 0.1971
13.5667 0.1963
13.5833 0.1954
13.6 0.1945
13.6167 0.1938
13.6333 0.1929
13.65 0.192
13.6667 0.1912
13.6833 0.1903
13.7 0.1894
13.7167 0.1885
13.7333 0.1876
13.75 0.1867
13.7667 0.1856
13.7833 0.1848
13.8 0.1839
13.8167 0.183
13.8333 0.182
13.85 0.181
13.8667 0.1801
13.8833 0.1791
13.9 0.1781
13.9167 0.1772
13.9333 0.1762
13.95 0.1752
13.9667 0.1741
13.9833 0.1732
14.0 0.1721
14.0167 0.1711
14.0333 0.1701
14.05 0.1691
14.0667 0.168
14.0833 0.1669
14.1 0.1658
14.1167 0.1649
14.1333 0.1638
14.15 0.1628
14.1667 0.1617
14.1833 0.1606
14.2 0.1596
14.2167 0.1585
14.2333 0.1573
14.25 0.1563
14.2667 0.1552
14.2833 0.1541
14.3 0.153
14.3167 0.1519
14.3333 0.1508
14.35 0.1497
14.3667 0.1486
14.3833 0.1475
14.4 0.1463
14.4167 0.1452
14.4333 0.1441
14.45 0.143
14.4667 0.1418
14.4833 0.1407
14.5 0.1396
14.5167 0.1385
14.5333 0.1373
14.55 0.1361
14.5667 0.135
14.5833 0.1339
14.6 0.1327
14.6167 0.1316
14.6333 0.1305
14.65 0.1293
14.6667 0.1282
14.6833 0.127
14.7 0.1259
14.7167 0.1247
14.7333 0.1235
14.75 0.1224
14.7667 0.1213
14.7833 0.1201
14.8 0.119
14.8167 0.1178
14.8333 0.1167
14.85 0.1156
14.8667 0.1144
14.8833 0.1133
14.9 0.1121
14.9167 0.111
14.9333 0.1098
14.95 0.1087
14.9667 0.1076
14.9833 0.1064
15.0 0.1053
15.0167 0.1042
15.0333 0.1031
15.05 0.1019
15.0667 0.1008
15.0833 0.09968
15.1 0.09856
15.1167 0.09745
15.1333 0.09634
15.15 0.09523
15.1667 0.09412
15.1833 0.09302
15.2 0.09192
15.2167 0.09082
15.2333 0.08973
15.25 0.08864
15.2667 0.08756
15.2833 0.08648
15.3 0.0854
15.3167 0.08433
15.3333 0.08326
15.35 0.08219
15.3667 0.08114
15.3833 0.08008
15.4 0.07903
15.4167 0.07799
15.4333 0.07694
15.45 0.07591
15.4667 0.07488
15.4833 0.07386
15.5 0.07284
15.5167 0.07182
15.5333 0.07081
15.55 0.06981
15.5667 0.06881
15.5833 0.06782
15.6 0.06684
15.6167 0.06586
15.6333 0.06488
15.65 0.06392
15.6667 0.06296
15.6833 0.062
15.7 0.06105
15.7167 0.06011
15.7333 0.05918
15.75 0.05825
15.7667 0.05733
15.7833 0.05641
15.8 0.0555
15.8167 0.0546
15.8333 0.05371
15.85 0.05282
15.8667 0.05194
15.8833 0.05107
15.9 0.0502
15.9167 0.04934
15.9333 0.04849
15.95 0.04765
15.9667 0.04681
15.9833 0.04599
16.0 0.04516
16.0167 0.04435
16.0333 0.04355
16.05 0.04275
16.0667 0.04196
16.0833 0.04118
16.1 0.0404
16.1167 0.03964
16.1333 0.03888
16.15 0.03813
16.1667 0.03739
16.1833 0.03665
16.2 0.03593
16.2167 0.03521
16.2333 0.0345
16.25 0.0338
16.2667 0.0331
16.2833 0.03242
16.3 0.03174
16.3167 0.03107
16.3333 0.03041
16.35 0.02976
16.3667 0.02912
16.3833 0.02848
16.4 0.02785
16.4167 0.02723
16.4333 0.02662
16.45 0.02602
16.4667 0.02543
16.4833 0.02484
16.5 0.02426
16.5167 0.02369
16.5333 0.02313
16.55 0.02258
16.5667 0.02203
16.5833 0.0215
16.6 0.02097
16.6167 0.02045
16.6333 0.01993
16.65 0.01943
16.6667 0.01893
16.6833 0.01845
16.7 0.01797
16.7167 0.01749
16.7333 0.01703
16.75 0.01657
16.7667 0.01613
16.7833 0.01568
16.8 0.01525
16.8167 0.01483
16.8333 0.01441
16.85 0.014
16.8667 0.0136
16.8833 0.0132
16.9 0.01282
16.9167 0.01244
16.9333 0.01206
16.95 0.0117
16.9667 0.01134
16.9833 0.01099
17.0 0.01065
17.0167 0.01031
17.0333 0.009981
17.05 0.009659
17.0667 0.009343
17.0833 0.009035
17.1 0.008733
17.1167 0.008437
17.1333 0.008148
17.15 0.007866
17.1667 0.00759
17.1833 0.00732
17.2 0.007057
17.2167 0.0068
17.2333 0.006549
17.25 0.006304
17.2667 0.006065
17.2833 0.005832
17.3 0.005605
17.3167 0.005383
17.3333 0.005167
17.35 0.004957
17.3667 0.004752
17.3833 0.004552
17.4 0.004357
17.4167 0.004168
17.4333 0.003984
17.45 0.003805
17.4667 0.003631
17.4833 0.003462
17.5 0.003298
17.5167 0.003138
17.5333 0.002983
17.55 0.002833
17.5667 0.002687
17.5833 0.002545
17.6 0.002408
17.6167 0.002275
17.6333 0.002146
17.65 0.002021
17.6667 0.001901
17.6833 0.001784
17.7 0.001672
17.7167 0.001563
17.7333 0.001459
17.75 0.001358
17.7667 0.001261
17.7833 0.001168
17.8 0.001079
17.8167 0.0009941
17.8333 0.000913
17.85 0.0008358
17.8667 0.0007628
17.8833 0.0006945
17.9 0.0006244
17.9167 0.0005533
17.9333 0.0004933
17.95 0.0004428
17.9667 0.0004003
17.9833 0.0003449
18.0 0.0003076
18.0167 0.000265
18.0333 0.0002275
18.05 0.0001949
18.0667 0.000166
18.0833 0.0001404
18.1 0.0001181
18.1167 9.905e-05
18.1333 8.05e-05
18.15 6.623e-05
18.1667 5.308e-05
18.1833 4.303e-05
18.2 3.393e-05
18.2167 2.645e-05
18.2333 2.042e-05
18.25 1.561e-05
18.2667 1.178e-05
18.2833 8.557e-06
18.3 6.21e-06
18.3167 4.311e-06
18.3333 2.919e-06
18.35 1.84e-06
18.3667 1.115e-06
18.3833 6.534e-07
18.4 3.729e-07
18.4167 2.042e-07
18.4333 1.024e-07
18.45 4.33e-08
18.4667 1.19e-08
18.4833 1.555e-09
18.5 7.953e-11
18.5167 1.248e-12
18.5333 4.805e-15
18.55 7.534e-19
18.5667 0.0
18.5833 0.0
18.6 0.0
18.6167 0.0
18.6333 0.0
18.65 0.0
18.6667 0.0
18.6833 0.0
18.7 0.0
18.7167 0.0
18.7333 0.0
18.75 0.0
18.7667 0.0
18.7833 0.0
18.8 0.0
18.8167 0.0
18.8333 0.0
18.85 0.0
18.8667 0.0
18.8833 0.0
18.9 0.0
18.9167 0.0
18.9333 0.0
18.95 0.0
18.9667 0.0
18.9833 0.0
19.0 0.0
19.0167 0.0
19.0333 0.0
19.05 0.0
19.0667 0.0
19.0833 0.0
19.1 0.0
19.1167 0.0
19.1333 0.0
19.15 0.0
19.1667 0.0
19.1833 0.0
19.2 0.0
19.2167 0.0
19.2333 0.0
19.25 0.0
19.2667 0.0
19.2833 0.0
19.3 0.0
19.3167 0.0
19.3333 0.0
19.35 0.0
19.3667 0.0
19.3833 0.0
19.4 0.0
19.4167 0.0
19.4333 0.0
19.45 0.0
19.4667 0.0
19.4833 0.0
19.5 0.0
19.5167 0.0
19.5333 0.0
19.55 0.0
19.5667 0.0
19.5833 0.0
19.6 0.0
19.6167 0.0
19.6333 0.0
19.65 0.0
19.6667 0.0
19.6833 0.0
19.7 0.0
19.7167 0.0
19.7333 0.0
19.75 0.0
19.7667 0.0
19.7833 0.0
19.8 0.0
19.8167 0.0
19.8333 0.0
19.85 0.0
19.8667 0.0
19.8833 0.0
19.9 0.0
19.9167 0.0
19.9333 0.0
19.95 0.0
19.9667 0.0
19.9833 0.0
20.0 0.0
20.0167 0.0
20.0333 0.0
20.05 0.0
20.0667 0.0
20.0833 0.0
20.1 0.0
20.1167 0.0
20.1333 0.0
20.15 0.0
20.1667 0.0
20.1833 0.0
20.2 0.0
20.2167 0.0
20.2333 0.0
20.25 0.0
20.2667 0.0
20.2833 0.0
20.3 0.0
20.3167 0.0
20.3333 0.0
20.35 0.0
20.3667 0.0
20.3833 0.0
20.4 0.0
20.4167 0.0
20.4333 0.0
20.45 0.0
20.4667 0.0
20.4833 0.0
20.5 0.0
20.5167 0.0
20.5333 0.0
20.55 0.0
20.5667 0.0
20.5833 0.0
20.6 0.0
20.6167 0.0
20.6333 0.0
20.65 0.0
20.6667 0.0
20.6833 0.0
20.7 0.0
20.7167 0.0
20.7333 0.0
20.75 0.0
20.7667 0.0
20.7833 0.0
20.8 0.0
20.8167 0.0
20.8333 0.0
20.85 0.0
20.8667 0.0
20.8833 0.0
20.9 0.0
20.9167 0.0
20.9333 0.0
20.95 0.0
20.9667 0.0
20.9833 0.0
21.0 0.0
21.0167 0.0
21.0333 0.0
21.05 0.0
21.0667 0.0
21.0833 0.0
21.1 0.0
21.1167 0.0
21.1333 0.0
21.15 0.0
21.1667 0.0
21.1833 0.0
21.2 0.0
21.2167 0.0
21.2333 0.0
21.25 0.0
21.2667 0.0
21.2833 0.0
21.3 0.0
21.3167 0.0
21.3333 0.0
21.35 0.0
21.3667 0.0
21.3833 0.0
21.4 0.0
21.4167 0.0
21.4333 0.0
21.45 0.0
21.4667 0.0
21.4833 0.0
21.5 0.0
21.5167 0.0
21.5333 0.0
21.55 0.0
21.5667 0.0
21.5833 0.0
21.6 0.0
21.6167 0.0
21.6333 0.0
21.65 0.0
21.6667 0.0
21.6833 0.0
21.7 0.0
21.7167 0.0
21.7333 0.0
21.75 0.0
21.7667 0.0
21.7833 0.0
21.8 0.0
21.8167 0.0
21.8333 0.0
21.85 0.0
21.8667 0.0
21.8833 0.0
21.9 0.0
21.9167 0.0
21.9333 0.0
21.95 0.0
21.9667 0.0
21.9833 0.0
22.0 0.0
22.0167 0.0
22.0333 0.0
22.05 0.0
22.0667 0.0
22.0833 0.0
22.1 0.0
22.1167 0.0
22.1333 0.0
22.15 0.0
22.1667 0.0
22.1833 0.0
22.2 0.0
22.2167 0.0
22.2333 0.0
22.25 0.0
22.2667 0.0
22.2833 0.0
22.3 0.0
22.3167 0.0
22.3333 0.0
22.35 0.0
22.3667 0.0
22.3833 0.0
22.4 0.0
22.4167 0.0
22.4333 0.0
22.45 0.0
22.4667 0.0
22.4833 0.0
22.5 0.0
22.5167 0.0
22.5333 0.0
22.55 0.0
22.5667 0.0
22.5833 0.0
22.6 0.0
22.6167 0.0
22.6333 0.0
22.65 0.0
22.6667 0.0
22.6833 0.0
22.7 0.0
22.7167 0.0
22.7333 0.0
22.75 0.0
22.7667 0.0
22.7833 0.0
22.8 0.0
22.8167 0.0
22.8333 0.0
22.85 0.0
22.8667 0.0
22.8833 0.0
22.9 0.0
22.9167 0.0
22.9333 0.0
22.95 0.0
22.9667 0.0
22.9833 0.0
23.0 0.0
23.0167 0.0
23.0333 0.0
23.05 0.0
23.0667 0.0
23.0833 0.0
23.1 0.0
23.1167 0.0
23.1333 0.0
23.15 0.0
23.1667 0.0
23.1833 0.0
23.2 0.0
23.2167 0.0
23.2333 0.0
23.25 0.0
23.2667 0.0
23.2833 0.0
23.3 0.0
23.3167 0.0
23.3333 0.0
23.35 0.0
23.3667 0.0
23.3833 0.0
23.4 0.0
23.4167 0.0
23.4333 0.0
23.45 0.0
23.4667 0.0
23.4833 0.0
23.5 0.0
23.5167 0.0
23.5333 0.0
23.55 0.0
23.5667 0.0
23.5833 0.0
23.6 0.0
23.6167 0.0
23.6333 0.0
23.65 0.0
23.6667 0.0
23.6833 0.0
23.7 0.0
23.7167 0.0
23.7333 0.0
23.75 0.0
23.7667 0.0
23.7833 0.0
23.8 0.0
23.8167 0.0
23.8333 0.0
23.85 0.0
23.8667 0.0
23.8833 0.0
23.9 0.0
23.9167 0.0
23.9333 0.0
23.95 0.0
23.9667 0.0
23.9833 0.0
