0.0 0.0
0.0167 0.0
0.0333 0.0
0.05 0.0
0.0667 0.0
0.0833 0.0
0.1 0.0
0.1167 0.0
0.1333 0.0
0.15 0.0
0.1667 0.0
0.1833 0.0
0.2 0.0
0.2167 0.0
0.2333 0.0
0.25 0.0
0.2667 0.0
0.2833 0.0
0.3 0.0
0.3167 0.0
0.3333 0.0
0.35 0.0
0.3667 0.0
0.3833 0.0
0.4 0.0
0.4167 0.0
0.4333 0.0
0.45 0.0
0.4667 0.0
0.4833 0.0
0.5 0.0
0.5167 0.0
0.5333 0.0
0.55 0.0
0.5667 0.0
0.5833 0.0
0.6 0.0
0.6167 0.0
0.6333 0.0
0.65 0.0
0.6667 0.0
0.6833 0.0
0.7 0.0
0.7167 0.0
0.7333 0.0
0.75 0.0
0.7667 0.0
0.7833 0.0
0.8 0.0
0.8167 0.0
0.8333 0.0
0.85 0.0
0.8667 0.0
0.8833 0.0
0.9 0.0
0.9167 0.0
0.9333 0.0
0.95 0.0
0.9667 0.0
0.9833 0.0
1.0 0.0
1.0167 0.0
1.0333 0.0
1.05 0.0
1.0667 0.0
1.0833 0.0
1.1 0.0
1.1167 0.0
1.1333 0.0
1.15 0.0
1.1667 0.0
1.1833 0.0
1.2 0.0
1.2167 0.0
1.2333 0.0
1.25 0.0
1.2667 0.0
1.2833 0.0
1.3 0.0
1.3167 0.0
1.3333 0.0
1.35 0.0
1.3667 0.0
1.3833 0.0
1.4 0.0
1.4167 0.0
1.4333 0.0
1.45 0.0
1.4667 0.0
1.4833 0.0
1.5 0.0
1.5167 0.0
1.5333 0.0
1.55 0.0
1.5667 0.0
1.5833 0.0
1.6 0.0
1.6167 0.0
1.6333 0.0
1.65 0.0
1.6667 0.0
1.6833 0.0
1.7 0.0
1.7167 0.0
1.7333 0.0
1.75 0.0
1.7667 0.0
1.7833 0.0
1.8 0.0
1.8167 0.0
1.8333 0.0
1.85 0.0
1.8667 0.0
1.8833 0.0
1.9 0.0
1.9167 0.0
1.9333 0.0
1.95 0.0
1.9667 0.0
1.9833 0.0
2.0 0.0
2.0167 0.0
2.0333 0.0
2.05 0.0
2.0667 0.0
2.0833 0.0
2.1 0.0
2.1167 0.0
2.1333 0.0
2.15 0.0
2.1667 0.0
2.1833 0.0
2.2 0.0
2.2167 0.0
2.2333 0.0
2.25 0.0
2.2667 0.0
2.2833 0.0
2.3 0.0
2.3167 0.0
2.3333 0.0
2.35 0.0
2.3667 0.0
2.3833 0.0
2.4 0.0
2.4167 0.0
2.4333 0.0
2.45 0.0
2.4667 0.0
2.4833 0.0
2.5 0.0
2.5167 0.0
2.5333 0.0
2.55 0.0
2.5667 0.0
2.5833 0.0
2.6 0.0
2.6167 0.0
2.6333 0.0
2.65 0.0
2.6667 0.0
2.6833 0.0
2.7 0.0
2.7167 0.0
2.7333 0.0
2.75 0.0
2.7667 0.0
2.7833 0.0
2.8 0.0
2.8167 0.0
2.8333 0.0
2.85 0.0
2.8667 0.0
2.8833 0.0
2.9 0.0
2.9167 0.0
2.9333 0.0
2.95 0.0
2.9667 0.0
2.9833 0.0
3.0 0.0
3.0167 0.0
3.0333 0.0
3.05 0.0
3.0667 0.0
3.0833 0.0
3.1 0.0
3.1167 0.0
3.1333 0.0
3.15 0.0
3.1667 0.0
3.1833 0.0
3.2 0.0
3.2167 0.0
3.2333 0.0
3.25 0.0
3.2667 0.0
3.2833 0.0
3.3 0.0
3.3167 0.0
3.3333 0.0
3.35 0.0
3.3667 0.0
3.3833 0.0
3.4 0.0
3.4167 0.0
3.4333 0.0
3.45 0.0
3.4667 0.0
3.4833 0.0
3.5 0.0
3.5167 0.0
3.5333 0.0
3.55 0.0
3.5667 0.0
3.5833 0.0
3.6 0.0
3.6167 0.0
3.6333 0.0
3.65 0.0
3.6667 0.0
3.6833 0.0
3.7 0.0
3.7167 0.0
3.7333 0.0
3.75 0.0
3.7667 0.0
3.7833 0.0
3.8 0.0
3.8167 0.0
3.8333 0.0
3.85 0.0
3.8667 0.0
3.8833 0.0
3.9 0.0
3.9167 0.0
3.9333 0.0
3.95 0.0
3.9667 0.0
3.9833 0.0
4.0 0.0
4.0167 0.0
4.0333 0.0
4.05 0.0
4.0667 0.0
4.0833 0.0
4.1 0.0
4.1167 0.0
4.1333 0.0
4.15 0.0
4.1667 0.0
4.1833 0.0
4.2 0.0
4.2167 0.0
4.2333 0.0
4.25 0.0
4.2667 0.0
4.2833 0.0
4.3 0.0
4.3167 0.0
4.3333 0.0
4.35 0.0
4.3667 0.0
4.3833 0.0
4.4 0.0
4.4167 0.0
4.4333 0.0
4.45 0.0
4.4667 0.0
4.4833 0.0
4.5 0.0
4.5167 0.0
4.5333 0.0
4.55 0.0
4.5667 0.0
4.5833 0.0
4.6 0.0
4.6167 0.0
4.6333 0.0
4.65 0.0
4.6667 0.0
4.6833 0.0
4.7 0.0
4.7167 0.0
4.7333 0.0
4.75 0.0
4.7667 0.0
4.7833 0.0
4.8 0.0
4.8167 0.0
4.8333 0.0
4.85 0.0
4.8667 0.0
4.8833 0.0
4.9 0.0
4.9167 0.0
4.9333 0.0
4.95 0.0
4.9667 0.0
4.9833 0.0
5.0 0.0
5.0167 0.0
5.0333 0.0
5.05 0.0
5.0667 0.0
5.0833 0.0
5.1 0.0
5.1167 0.0
5.1333 0.0
5.15 0.0
5.1667 0.0
5.1833 0.0
5.2 0.0
5.2167 0.0
5.2333 0.0
5.25 0.0
5.2667 0.0
5.2833 0.0
5.3 0.0
5.3167 0.0
5.3333 0.0
5.35 0.0
5.3667 0.0
5.3833 0.0
5.4 0.0
5.4167 0.0
5.4333 0.0
5.45 0.0
5.4667 0.0
5.4833 0.0
5.5 0.0
5.5167 0.0
5.5333 0.0
5.55 0.0
5.5667 0.0
5.5833 0.0
5.6 0.0
5.6167 0.0
5.6333 0.0
5.65 0.0
5.6667 0.0
5.6833 0.0
5.7 0.0
5.7167 0.0
5.7333 0.0
5.75 0.0
5.7667 0.0
5.7833 0.0
5.8 0.0
5.8167 0.0
5.8333 0.0
5.85 0.0
5.8667 0.0
5.8833 0.0
5.9 0.0
5.9167 0.0
5.9333 0.0
5.95 0.0
5.9667 0.0
5.9833 0.0
6.0 0.0
6.0167 0.0
6.0333 0.0
6.05 0.0
6.0667 0.0
6.0833 0.0
6.1 0.0
6.1167 0.0
6.1333 0.0
6.15 0.0
6.1667 0.0
6.1833 0.0
6.2 0.0
6.2167 0.0
6.2333 0.0
6.25 0.0
6.2667 0.0
6.2833 0.0
6.3 0.0
6.3167 0.0
6.3333 0.0
6.35 0.0
6.3667 0.0
6.3833 0.0
6.4 1.32e-18
6.4167 7.733e-15
6.4333 2.276e-12
6.45 1.308e-10
6.4667 2.292e-09
6.4833 1.681e-08
6.5 5.467e-08
6.5167 1.28e-07
6.5333 2.52e-07
6.55 4.669e-07
6.5667 8.352e-07
6.5833 1.432e-06
6.6 2.318e-06
6.6167 3.583e-06
6.6333 5.32e-06
6.65 7.58e-06
6.6667 1.047e-05
6.6833 1.413e-05
6.7 1.892e-05
6.7167 2.514e-05
6.7333 3.256e-05
6.75 4.115e-05
6.7667 5.184e-05
6.7833 6.521e-05
6.8 8.039e-05
6.8167 9.886e-05
6.8333 0.0001191
6.85 0.0001433
6.8667 0.0001718
6.8833 0.0002028
6.9 0.0002359
6.9167 0.0002738
6.9333 0.0003189
6.95 0.0003622
6.9667 0.0004159
6.9833 0.0004646
7.0 0.0005232
7.0167 0.0005932
7.0333 0.0006679
7.05 0.0007376
7.0667 0.0008123
7.0833 0.000892
7.1 0.0009758
7.1167 0.001064
7.1333 0.001157
7.15 0.001253
7.1667 0.001354
7.1833 0.00146
7.2 0.001569
7.2167 0.001683
7.2333 0.001801
7.25 0.001924
7.2667 0.002051
7.2833 0.002183
7.3 0.002319
7.3167 0.00246
7.3333 0.002606
7.35 0.002757
7.3667 0.002913
7.3833 0.003074
7.4 0.003239
7.4167 0.00341
7.4333 0.003587
7.45 0.003768
7.4667 0.003956
7.4833 0.004149
7.5 0.004348
7.5167 0.004553
7.5333 0.004763
7.55 0.00498
7.5667 0.005203
7.5833 0.005432
7.6 0.005668
7.6167 0.005909
7.6333 0.006158
7.65 0.006414
7.6667 0.006676
7.6833 0.006945
7.7 0.007221
7.7167 0.007504
7.7333 0.007794
7.75 0.008093
7.7667 0.008398
7.7833 0.008711
7.8 0.009031
7.8167 0.009359
7.8333 0.009696
7.85 0.01004
7.8667 0.01039
7.8833 0.01075
7.9 0.01112
7.9167 0.0115
7.9333 0.01188
7.95 0.01227
7.9667 0.01268
7.9833 0.01309
8.0 0.01351
8.0167 0.01393
8.0333 0.01437
8.05 0.01482
8.0667 0.01527
8.0833 0.01574
8.1 0.01621
8.1167 0.01669
8.1333 0.01718
8.15 0.01768
8.1667 0.01819
8.1833 0.01871
8.2 0.01924
8.2167 0.01978
8.2333 0.02033
8.25 0.02089
8.2667 0.02146
8.2833 0.02204
8.3 0.02263
8.3167 0.02323
8.3333 0.02383
8.35 0.02445
8.3667 0.02508
8.3833 0.02572
8.4 0.02637
8.4167 0.02702
8.4333 0.02769
8.45 0.02837
8.4667 0.02906
8.4833 0.02976
8.5 0.03047
8.5167 0.03119
8.5333 0.03192
8.55 0.03266
8.5667 0.03341
8.5833 0.03417
8.6 0.03494
8.6167 0.03572
8.6333 0.03652
8.65 0.03732
8.6667 0.03813
8.6833 0.03896
8.7 0.03979
8.7167 0.04063
8.7333 0.04148
8.75 0.04235
8.7667 0.04322
8.7833 0.04411
8.8 0.045
8.8167 0.04591
8.8333 0.04682
8.85 0.04774
8.8667 0.04868
8.8833 0.04963
8.9 0.05058
8.9167 0.05155
8.9333 0.05252
8.95 0.0535
8.9667 0.0545
8.9833 0.05551
9.0 0.05652
9.0167 0.05754
9.0333 0.05857
9.05 0.05962
9.0667 0.06067
9.0833 0.06173
9.1 0.0628
9.1167 0.06388
9.1333 0.06497
9.15 0.06607
9.1667 0.06718
9.1833 0.0683
9.2 0.06942
9.2167 0.07056
9.2333 0.0717
9.25 0.07286
9.2667 0.07402
9.2833 0.07518
9.3 0.07636
9.3167 0.07755
9.3333 0.07875
9.35 0.07995
9.3667 0.08116
9.3833 0.08238
9.4 0.0836
9.4167 0.08483
9.4333 0.08608
9.45 0.08733
9.4667 0.08859
9.4833 0.08985
9.5 0.09112
9.5167 0.0924
9.5333 0.09369
9.55 0.09498
9.5667 0.09628
9.5833 0.09759
9.6 0.0989
9.6167 0.1002
9.6333 0.1015
9.65 0.1029
9.6667 0.1042
9.6833 0.1056
9.7 0.1069
9.7167 0.1083
9.7333 0.1096
9.75 0.111
9.7667 0.1123
9.7833 0.1137
9.8 0.1151
9.8167 0.1165
9.8333 0.1179
9.85 0.1193
9.8667 0.1207
9.8833 0.1221
9.9 0.1235
9.9167 0.1249
9.9333 0.1263
9.95 0.1277
9.9667 0.1292
9.9833 0.1305
10.0 0.1321
10.0167 0.1335
10.0333 0.1349
10.05 0.1364
10.0667 0.1378
10.0833 0.1393
10.1 0.1407
10.1167 0.1422
10.1333 0.1436
10.15 0.1451
10.1667 0.1465
10.1833 0.148
10.2 0.1495
10.2167 0.1509
10.2333 0.1524
10.25 0.1538
10.2667 0.1553
10.2833 0.1568
10.3 0.1583
10.3167 0.1597
10.3333 0.1611
10.35 0.1627
10.3667 0.1641
10.3833 0.1656
10.4 0.1671
10.4167 0.1685
10.4333 0.17
10.45 0.1715
10.4667 0.1729
10.4833 0.1744
10.5 0.1758
10.5167 0.1773
10.5333 0.1787
10.55 0.1803
10.5667 0.1817
10.5833 0.1832
10.6 0.1846
10.6167 0.1861
10.6333 0.1874
10.65 0.189
10.6667 0.1904
10.6833 0.1918
10.7 0.1932
10.7167 0.1947
10.7333 0.1961
10.75 0.1975
10.7667 0.199
10.7833 0.2004
10.8 0.2018
10.8167 0.2032
10.8333 0.2045
10.85 0.206
10.8667 0.2073
10.8833 0.2088
10.9 0.2102
10.9167 0.2115
10.9333 0.213
10.95 0.2143
10.9667 0.2157
10.9833 0.2171
11.0 0.2184
11.0167 0.2198
11.0333 0.2211
11.05 0.2224
11.0667 0.2238
11.0833 0.225
11.1 0.2264
11.1167 0.2277
11.1333 0.229
11.15 0.2303
11.1667 0.2316
11.1833 0.2328
11.2 0.2341
11.2167 0.2354
11.2333 0.2366
11.25 0.2379
11.2667 0.2391
11.2833 0.2403
11.3 0.2416
11.3167 0.2428
11.3333 0.2438
11.35 0.2452
11.3667 0.2462
11.3833 0.2475
11.4 0.2487
11.4167 0.2498
11.4333 0.251
11.45 0.2521
11.4667 0.2531
11.4833 0.2544
11.5 0.2555
11.5167 0.2566
11.5333 0.2576
11.55 0.2587
11.5667 0.2598
11.5833 0.2608
11.6 0.2619
11.6167 0.2629
11.6333 0.2639
11.65 0.2648
11.6667 0.2659
11.6833 0.2669
11.7 0.2679
11.7167 0.2687
11.7333 0.2698
11.75 0.2707
11.7667 0.2717
11.7833 0.2725
11.8 0.2735
11.8167 0.2744
11.8333 0.2752
11.85 0.2761
11.8667 0.277
11.8833 0.2778
11.9 0.2786
11.9167 0.2793
11.9333 0.2802
11.95 0.281
11.9667 0.2817
11.9833 0.2826
12.0 0.2833
12.0167 0.284
12.0333 0.2848
12.05 0.2855
12.0667 0.2862
12.0833 0.2868
12.1 0.2875
12.1167 0.2881
12.1333 0.2888
12.15 0.2894
12.1667 0.29
12.1833 0.2906
12.2 0.2912
12.2167 0.2916
12.2333 0.2923
12.25 0.2928
12.2667 0.2934
12.2833 0.2937
12.3 0.2943
12.3167 0.2948
12.3333 0.2953
12.35 0.2957
12.3667 0.2962
12.3833 0.2966
12.4 0.297
12.4167 0.2974
12.4333 0.2978
12.45 0.2981
12.4667 0.2984
12.4833 0.2988
12.5 0.2991
12.5167 0.2994
12.5333 0.2996
12.55 0.2997
12.5667 0.3002
12.5833 0.3004
12.6 0.3006
12.6167 0.3008
12.6333 0.301
12.65 0.3012
12.6667 0.3013
12.6833 0.3015
12.7 0.3016
12.7167 0.3017
12.7333 0.3018
12.75 0.3018
12.7667 0.3019
12.7833 0.3019
12.8 0.3019
12.8167 0.3019
12.8333 0.3019
12.85 0.3019
12.8667 0.3019
12.8833 0.3019
12.9 0.3018
12.9167 0.3018
12.9333 0.3017
12.95 0.3016
12.9667 0.3015
12.9833 0.3013
13.0 0.3012
13.0167 0.301
13.0333 0.3008
13.05 0.3006
13.0667 0.3004
13.0833 0.3002
13.1 0.2998
13.1167 0.2996
13.1333 0.2994
13.15 0.2991
13.1667 0.2988
13.1833 0.2984
13.2 0.2981
13.2167 0.2978
13.2333 0.2974
13.25 0.297
13.2667 0.2966
13.2833 0.2962
13.3 0.2958
13.3167 0.2953
13.3333 0.2948
13.35 0.2944
13.3667 0.2937
13.3833 0.2934
13.4 0.2928
13.4167 0.2923
13.4333 0.2916
13.45 0.2912
13.4667 0.2906
13.4833 0.29
13.5 0.2894
13.5167 0.2888
13.5333 0.2882
13.55 0.2875
13.5667 0.2869
13.5833 0.2862
13.6 0.2855
13.6167 0.2848
13.6333 0.2841
13.65 0.2833
13.6667 0.2826
13.6833 0.2817
13.7 0.281
13.7167 0.2803
13.7333 0.2792
13.75 0.2787
13.7667 0.2778
13.7833 0.277
13.8 0.2761
13.8167 0.2753
13.8333 0.2744
13.85 0.2735
13.8667 0.2725
13.8833 0.2717
13.9 0.2708
13.9167 0.2698
13.9333 0.2688
13.95 0.2679
13.9667 0.2669
13.9833 0.266
14.0 0.2649
14.0167 0.264
14.0333 0.2629
14.05 0.2619
14.0667 0.2609
14.0833 0.2598
14.1 0.2587
14.1167 0.2576
14.1333 0.2566
14.15 0.2555
14.1667 0.2544
14.1833 0.2532
14.2 0.2522
14.2167 0.251
14.2333 0.2499
14.25 0.2487
14.2667 0.2476
14.2833 0.2463
14.3 0.2452
14.3167 0.2438
14.3333 0.2428
14.35 0.2416
14.3667 0.2403
14.3833 0.2391
14.4 0.2378
14.4167 0.2367
14.4333 0.2354
14.45 0.2342
14.4667 0.2329
14.4833 0.2316
14.5 0.2303
14.5167 0.229
14.5333 0.2277
14.55 0.2264
14.5667 0.2251
14.5833 0.2238
14.6 0.2225
14.6167 0.2211
14.6333 0.2198
14.65 0.2184
14.6667 0.2171
14.6833 0.2157
14.7 0.2144
14.7167 0.213
14.7333 0.2116
14.75 0.2102
14.7667 0.2089
14.7833 0.2074
14.8 0.2061
14.8167 0.2046
14.8333 0.2033
14.85 0.2019
14.8667 0.2004
14.8833 0.199
14.9 0.1975
14.9167 0.1962
14.9333 0.1948
14.95 0.1933
14.9667 0.1919
14.9833 0.1904
15.0 0.189
15.0167 0.1876
15.0333 0.1861
15.05 0.1847
15.0667 0.1832
15.0833 0.1817
15.1 0.1803
15.1167 0.1788
15.1333 0.1774
15.15 0.1759
15.1667 0.1745
15.1833 0.173
15.2 0.1715
15.2167 0.1701
15.2333 0.1686
15.25 0.1671
15.2667 0.1657
15.2833 0.1642
15.3 0.1627
15.3167 0.1612
15.3333 0.1598
15.35 0.1583
15.3667 0.1568
15.3833 0.1554
15.4 0.1539
15.4167 0.1524
15.4333 0.1509
15.45 0.1495
15.4667 0.148
15.4833 0.1466
15.5 0.1451
15.5167 0.1437
15.5333 0.1422
15.55 0.1408
15.5667 0.1393
15.5833 0.1379
15.6 0.1364
15.6167 0.135
15.6333 0.1335
15.65 0.1321
15.6667 0.1307
15.6833 0.1292
15.7 0.1278
15.7167 0.1264
15.7333 0.125
15.75 0.1236
15.7667 0.1222
15.7833 0.1208
15.8 0.1194
15.8167 0.118
15.8333 0.1165
15.85 0.1152
15.8667 0.1138
15.8833 0.1124
15.9 0.111
15.9167 0.1097
15.9333 0.1083
15.95 0.107
15.9667 0.1056
15.9833 0.1043
16.0 0.1029
16.0167 0.1016
16.0333 0.1003
16.05 0.09895
16.0667 0.09763
16.0833 0.09633
16.1 0.09503
16.1167 0.09374
16.1333 0.09245
16.15 0.09117
16.1667 0.0899
16.1833 0.08864
16.2 0.08738
16.2167 0.08613
16.2333 0.08488
16.25 0.08365
16.2667 0.08242
16.2833 0.0812
16.3 0.07999
16.3167 0.07879
16.3333 0.07759
16.35 0.07641
16.3667 0.07523
16.3833 0.07406
16.4 0.0729
16.4167 0.07175
16.4333 0.0706
16.45 0.06947
16.4667 0.06834
16.4833 0.06723
16.5 0.06612
16.5167 0.06502
16.5333 0.06393
16.55 0.06285
16.5667 0.06178
16.5833 0.06071
16.6 0.05966
16.6167 0.05862
16.6333 0.05758
16.65 0.05656
16.6667 0.05555
16.6833 0.05454
16.7 0.05355
16.7167 0.05256
16.7333 0.05159
16.75 0.05062
16.7667 0.04967
16.7833 0.04872
16.8 0.04778
16.8167 0.04686
16.8333 0.04595
16.85 0.04504
16.8667 0.04414
16.8833 0.04326
16.9 0.04238
16.9167 0.04152
16.9333 0.04067
16.95 0.03982
16.9667 0.03899
16.9833 0.03817
17.0 0.03735
17.0167 0.03655
17.0333 0.03576
17.05 0.03498
17.0667 0.0342
17.0833 0.03344
17.1 0.03269
17.1167 0.03195
17.1333 0.03122
17.15 0.0305
17.1667 0.02979
17.1833 0.02909
17.2 0.0284
17.2167 0.02772
17.2333 0.02705
17.25 0.0264
17.2667 0.02575
17.2833 0.02511
17.3 0.02448
17.3167 0.02386
17.3333 0.02325
17.35 0.02265
17.3667 0.02207
17.3833 0.02149
17.4 0.02092
17.4167 0.02036
17.4333 0.01981
17.45 0.01927
17.4667 0.01874
17.4833 0.01822
17.5 0.01771
17.5167 0.01721
17.5333 0.01671
17.55 0.01623
17.5667 0.01576
17.5833 0.01529
17.6 0.01484
17.6167 0.01439
17.6333 0.01395
17.65 0.01353
17.6667 0.01311
17.6833 0.0127
17.7 0.01229
17.7167 0.0119
17.7333 0.01151
17.75 0.01114
17.7667 0.01077
17.7833 0.01041
17.8 0.01006
17.8167 0.009712
17.8333 0.009376
17.85 0.009047
17.8667 0.008727
17.8833 0.008414
17.9 0.008108
17.9167 0.00781
17.9333 0.007519
17.95 0.007235
17.9667 0.006959
17.9833 0.00669
18.0 0.006427
18.0167 0.006172
18.0333 0.005923
18.05 0.005681
18.0667 0.005445
18.0833 0.005215
18.1 0.004992
18.1167 0.004775
18.1333 0.004564
18.15 0.004359
18.1667 0.00416
18.1833 0.003967
18.2 0.003779
18.2167 0.003597
18.2333 0.00342
18.25 0.003249
18.2667 0.003083
18.2833 0.002922
18.3 0.002766
18.3167 0.002615
18.3333 0.002469
18.35 0.002327
18.3667 0.002191
18.3833 0.002059
18.4 0.001931
18.4167 0.001808
18.4333 0.00169
18.45 0.001576
18.4667 0.001466
18.4833 0.00136
18.5 0.001259
18.5167 0.001162
18.5333 0.00107
18.55 0.000981
18.5667 0.0008969
18.5833 0.0008172
18.6 0.0007421
18.6167 0.0006722
18.6333 0.000598
18.65 0.0005273
18.6667 0.0004681
18.6833 0.0004188
18.7 0.0003658
18.7167 0.0003213
18.7333 0.0002762
18.75 0.0002389
18.7667 0.0002075
18.7833 0.0001756
18.8 0.0001456
18.8167 0.0001205
18.8333 9.988e-05
18.85 8.216e-05
18.8667 6.598e-05
18.8833 5.266e-05
18.9 4.236e-05
18.9167 3.301e-05
18.9333 2.549e-05
18.95 1.95e-05
18.9667 1.445e-05
18.9833 1.066e-05
19.0 7.819e-06
19.0167 5.436e-06
19.0333 3.704e-06
19.05 2.415e-06
19.0667 1.473e-06
19.0833 8.602e-07
19.1 4.886e-07
19.1167 2.671e-07
19.1333 1.34e-07
19.15 5.911e-08
19.1667 1.84e-08
19.1833 3.006e-09
19.2 1.668e-10
19.2167 3.011e-12
19.2333 1.148e-14
19.25 2.798e-18
19.2667 0.0
19.2833 0.0
19.3 0.0
19.3167 0.0
19.3333 0.0
19.35 0.0
19.3667 0.0
19.3833 0.0
19.4 0.0
19.4167 0.0
19.4333 0.0
19.45 0.0
19.4667 0.0
19.4833 0.0
19.5 0.0
19.5167 0.0
19.5333 0.0
19.55 0.0
19.5667 0.0
19.5833 0.0
19.6 0.0
19.6167 0.0
19.6333 0.0
19.65 0.0
19.6667 0.0
19.6833 0.0
19.7 0.0
19.7167 0.0
19.7333 0.0
19.75 0.0
19.7667 0.0
19.7833 0.0
19.8 0.0
19.8167 0.0
19.8333 0.0
19.85 0.0
19.8667 0.0
19.8833 0.0
19.9 0.0
19.9167 0.0
19.9333 0.0
19.95 0.0
19.9667 0.0
19.9833 0.0
20.0 0.0
20.0167 0.0
20.0333 0.0
20.05 0.0
20.0667 0.0
20.0833 0.0
20.1 0.0
20.1167 0.0
20.1333 0.0
20.15 0.0
20.1667 0.0
20.1833 0.0
20.2 0.0
20.2167 0.0
20.2333 0.0
20.25 0.0
20.2667 0.0
20.2833 0.0
20.3 0.0
20.3167 0.0
20.3333 0.0
20.35 0.0
20.3667 0.0
20.3833 0.0
20.4 0.0
20.4167 0.0
20.4333 0.0
20.45 0.0
20.4667 0.0
20.4833 0.0
20.5 0.0
20.5167 0.0
20.5333 0.0
20.55 0.0
20.5667 0.0
20.5833 0.0
20.6 0.0
20.6167 0.0
20.6333 0.0
20.65 0.0
20.6667 0.0
20.6833 0.0
20.7 0.0
20.7167 0.0
20.7333 0.0
20.75 0.0
20.7667 0.0
20.7833 0.0
20.8 0.0
20.8167 0.0
20.8333 0.0
20.85 0.0
20.8667 0.0
20.8833 0.0
20.9 0.0
20.9167 0.0
20.9333 0.0
20.95 0.0
20.9667 0.0
20.9833 0.0
21.0 0.0
21.0167 0.0
21.0333 0.0
21.05 0.0
21.0667 0.0
21.0833 0.0
21.1 0.0
21.1167 0.0
21.1333 0.0
21.15 0.0
21.1667 0.0
21.1833 0.0
21.2 0.0
21.2167 0.0
21.2333 0.0
21.25 0.0
21.2667 0.0
21.2833 0.0
21.3 0.0
21.3167 0.0
21.3333 0.0
21.35 0.0
21.3667 0.0
21.3833 0.0
21.4 0.0
21.4167 0.0
21.4333 0.0
21.45 0.0
21.4667 0.0
21.4833 0.0
21.5 0.0
21.5167 0.0
21.5333 0.0
21.55 0.0
21.5667 0.0
21.5833 0.0
21.6 0.0
21.6167 0.0
21.6333 0.0
21.65 0.0
21.6667 0.0
21.6833 0.0
21.7 0.0
21.7167 0.0
21.7333 0.0
21.75 0.0
21.7667 0.0
21.7833 0.0
21.8 0.0
21.8167 0.0
21.8333 0.0
21.85 0.0
21.8667 0.0
21.8833 0.0
21.9 0.0
21.9167 0.0
21.9333 0.0
21.95 0.0
21.9667 0.0
21.9833 0.0
22.0 0.0
22.0167 0.0
22.0333 0.0
22.05 0.0
22.0667 0.0
22.0833 0.0
22.1 0.0
22.1167 0.0
22.1333 0.0
22.15 0.0
22.1667 0.0
22.1833 0.0
22.2 0.0
22.2167 0.0
22.2333 0.0
22.25 0.0
22.2667 0.0
22.2833 0.0
22.3 0.0
22.3167 0.0
22.3333 0.0
22.35 0.0
22.3667 0.0
22.3833 0.0
22.4 0.0
22.4167 0.0
22.4333 0.0
22.45 0.0
22.4667 0.0
22.4833 0.0
22.5 0.0
22.5167 0.0
22.5333 0.0
22.55 0.0
22.5667 0.0
22.5833 0.0
22.6 0.0
22.6167 0.0
22.6333 0.0
22.65 0.0
22.6667 0.0
22.6833 0.0
22.7 0.0
22.7167 0.0
22.7333 0.0
22.75 0.0
22.7667 0.0
22.7833 0.0
22.8 0.0
22.8167 0.0
22.8333 0.0
22.85 0.0
22.8667 0.0
22.8833 0.0
22.9 0.0
22.9167 0.0
22.9333 0.0
22.95 0.0
22.9667 0.0
22.9833 0.0
23.0 0.0
23.0167 0.0
23.0333 0.0
23.05 0.0
23.0667 0.0
23.0833 0.0
23.1 0.0
23.1167 0.0
23.1333 0.0
23.15 0.0
23.1667 0.0
23.1833 0.0
23.2 0.0
23.2167 0.0
23.2333 0.0
23.25 0.0
23.2667 0.0
23.2833 0.0
23.3 0.0
23.3167 0.0
23.3333 0.0
23.35 0.0
23.3667 0.0
23.3833 0.0
23.4 0.0
23.4167 0.0
23.4333 0.0
23.45 0.0
23.4667 0.0
23.4833 0.0
23.5 0.0
23.5167 0.0
23.5333 0.0
23.55 0.0
23.5667 0.0
23.5833 0.0
23.6 0.0
23.6167 0.0
23.6333 0.0
23.65 0.0
23.6667 0.0
23.6833 0.0
23.7 0.0
23.7167 0.0
23.7333 0.0
23.75 0.0
23.7667 0.0
23.7833 0.0
23.8 0.0
23.8167 0.0
23.8333 0.0
23.85 0.0
23.8667 0.0
23.8833 0.0
23.9 0.0
23.9167 0.0
23.9333 0.0
23.95 0.0
23.9667 0.0
23.9833 0.0
