0.0 0.0
0.0167 0.0
0.0333 0.0
0.05 0.0
0.0667 0.0
0.0833 0.0
0.1 0.0
0.1167 0.0
0.1333 0.0
0.15 0.0
0.1667 0.0
0.1833 0.0
0.2 0.0
0.2167 0.0
0.2333 0.0
0.25 0.0
0.2667 0.0
0.2833 0.0
0.3 0.0
0.3167 0.0
0.3333 0.0
0.35 0.0
0.3667 0.0
0.3833 0.0
0.4 0.0
0.4167 0.0
0.4333 0.0
0.45 0.0
0.4667 0.0
0.4833 0.0
0.5 0.0
0.5167 0.0
0.5333 0.0
0.55 0.0
0.5667 0.0
0.5833 0.0
0.6 0.0
0.6167 0.0
0.6333 0.0
0.65 0.0
0.6667 0.0
0.6833 0.0
0.7 0.0
0.7167 0.0
0.7333 0.0
0.75 0.0
0.7667 0.0
0.7833 0.0
0.8 0.0
0.8167 0.0
0.8333 0.0
0.85 0.0
0.8667 0.0
0.8833 0.0
0.9 0.0
0.9167 0.0
0.9333 0.0
0.95 0.0
0.9667 0.0
0.9833 0.0
1.0 0.0
1.0167 0.0
1.0333 0.0
1.05 0.0
1.0667 0.0
1.0833 0.0
1.1 0.0
1.1167 0.0
1.1333 0.0
1.15 0.0
1.1667 0.0
1.1833 0.0
1.2 0.0
1.2167 0.0
1.2333 0.0
1.25 0.0
1.2667 0.0
1.2833 0.0
1.3 0.0
1.3167 0.0
1.3333 0.0
1.35 0.0
1.3667 0.0
1.3833 0.0
1.4 0.0
1.4167 0.0
1.4333 0.0
1.45 0.0
1.4667 0.0
1.4833 0.0
1.5 0.0
1.5167 0.0
1.5333 0.0
1.55 0.0
1.5667 0.0
1.5833 0.0
1.6 0.0
1.6167 0.0
1.6333 0.0
1.65 0.0
1.6667 0.0
1.6833 0.0
1.7 0.0
1.7167 0.0
1.7333 0.0
1.75 0.0
1.7667 0.0
1.7833 0.0
1.8 0.0
1.8167 0.0
1.8333 0.0
1.85 0.0
1.8667 0.0
1.8833 0.0
1.9 0.0
1.9167 0.0
1.9333 0.0
1.95 0.0
1.9667 0.0
1.9833 0.0
2.0 0.0
2.0167 0.0
2.0333 0.0
2.05 0.0
2.0667 0.0
2.0833 0.0
2.1 0.0
2.1167 0.0
2.1333 0.0
2.15 0.0
2.1667 0.0
2.1833 0.0
2.2 0.0
2.2167 0.0
2.2333 0.0
2.25 0.0
2.2667 0.0
2.2833 0.0
2.3 0.0
2.3167 0.0
2.3333 0.0
2.35 0.0
2.3667 0.0
2.3833 0.0
2.4 0.0
2.4167 0.0
2.4333 0.0
2.45 0.0
2.4667 0.0
2.4833 0.0
2.5 0.0
2.5167 0.0
2.5333 0.0
2.55 0.0
2.5667 0.0
2.5833 0.0
2.6 0.0
2.6167 0.0
2.6333 0.0
2.65 0.0
2.6667 0.0
2.6833 0.0
2.7 0.0
2.7167 0.0
2.7333 0.0
2.75 0.0
2.7667 0.0
2.7833 0.0
2.8 0.0
2.8167 0.0
2.8333 0.0
2.85 0.0
2.8667 0.0
2.8833 0.0
2.9 0.0
2.9167 0.0
2.9333 0.0
2.95 0.0
2.9667 0.0
2.9833 0.0
3.0 0.0
3.0167 0.0
3.0333 0.0
3.05 0.0
3.0667 0.0
3.0833 0.0
3.1 0.0
3.1167 0.0
3.1333 0.0
3.15 0.0
3.1667 0.0
3.1833 0.0
3.2 0.0
3.2167 0.0
3.2333 0.0
3.25 0.0
3.2667 0.0
3.2833 0.0
3.3 0.0
3.3167 0.0
3.3333 0.0
3.35 0.0
3.3667 0.0
3.3833 0.0
3.4 0.0
3.4167 0.0
3.4333 0.0
3.45 0.0
3.4667 0.0
3.4833 0.0
3.5 0.0
3.5167 0.0
3.5333 0.0
3.55 0.0
3.5667 0.0
3.5833 0.0
3.6 0.0
3.6167 0.0
3.6333 0.0
3.65 0.0
3.6667 0.0
3.6833 0.0
3.7 0.0
3.7167 0.0
3.7333 0.0
3.75 0.0
3.7667 0.0
3.7833 0.0
3.8 0.0
3.8167 0.0
3.8333 0.0
3.85 0.0
3.8667 0.0
3.8833 0.0
3.9 0.0
3.9167 0.0
3.9333 0.0
3.95 0.0
3.9667 0.0
3.9833 0.0
4.0 0.0
4.0167 0.0
4.0333 0.0
4.05 0.0
4.0667 0.0
4.0833 0.0
4.1 0.0
4.1167 0.0
4.1333 0.0
4.15 0.0
4.1667 0.0
4.1833 0.0
4.2 0.0
4.2167 0.0
4.2333 0.0
4.25 0.0
4.2667 0.0
4.2833 0.0
4.3 0.0
4.3167 0.0
4.3333 0.0
4.35 0.0
4.3667 0.0
4.3833 0.0
4.4 0.0
4.4167 0.0
4.4333 0.0
4.45 0.0
4.4667 0.0
4.4833 0.0
4.5 0.0
4.5167 0.0
4.5333 0.0
4.55 0.0
4.5667 0.0
4.5833 0.0
4.6 0.0
4.6167 0.0
4.6333 0.0
4.65 0.0
4.6667 0.0
4.6833 0.0
4.7 0.0
4.7167 0.0
4.7333 0.0
4.75 0.0
4.7667 0.0
4.7833 0.0
4.8 0.0
4.8167 0.0
4.8333 0.0
4.85 0.0
4.8667 0.0
4.8833 0.0
4.9 0.0
4.9167 0.0
4.9333 0.0
4.95 0.0
4.9667 0.0
4.9833 0.0
5.0 0.0
5.0167 0.0
5.0333 0.0
5.05 0.0
5.0667 0.0
5.0833 0.0
5.1 0.0
5.1167 0.0
5.1333 0.0
5.15 0.0
5.1667 0.0
5.1833 0.0
5.2 0.0
5.2167 0.0
5.2333 0.0
5.25 0.0
5.2667 0.0
5.2833 0.0
5.3 0.0
5.3167 0.0
5.3333 0.0
5.35 0.0
5.3667 3.512e-18
5.3833 6.893e-15
5.4 9.971e-13
5.4167 5.487e-11
5.4333 8.287e-10
5.45 7.007e-09
5.4667 2.696e-08
5.4833 6.838e-08
5.5 1.393e-07
5.5167 2.497e-07
5.5333 4.214e-07
5.55 6.995e-07
5.5667 1.146e-06
5.5833 1.792e-06
5.6 2.706e-06
5.6167 3.914e-06
5.6333 5.513e-06
5.65 7.444e-06
5.6667 9.903e-06
5.6833 1.3e-05
5.7 1.684e-05
5.7167 2.156e-05
5.7333 2.737e-05
5.75 3.458e-05
5.7667 4.251e-05
5.7833 5.249e-05
5.8 6.38e-05
5.8167 7.784e-05
5.8333 9.265e-05
5.85 0.0001101
5.8667 0.0001301
5.8833 0.0001527
5.9 0.0001778
5.9167 0.000206
5.9333 0.0002387
5.95 0.0002737
5.9667 0.0003078
5.9833 0.0003566
6.0 0.0003927
6.0167 0.0004353
6.0333 0.0004855
6.05 0.0005451
6.0667 0.000609
6.0833 0.0006674
6.1 0.0007299
6.1167 0.0007961
6.1333 0.0008659
6.15 0.000939
6.1667 0.001016
6.1833 0.001096
6.2 0.001179
6.2167 0.001266
6.2333 0.001356
6.25 0.00145
6.2667 0.001547
6.2833 0.001648
6.3 0.001752
6.3167 0.00186
6.3333 0.001971
6.35 0.002087
6.3667 0.002206
6.3833 0.002329
6.4 0.002455
6.4167 0.002586
6.4333 0.002721
6.45 0.00286
6.4667 0.003003
6.4833 0.003151
6.5 0.003303
6.5167 0.003459
6.5333 0.003621
6.55 0.003786
6.5667 0.003957
6.5833 0.004132
6.6 0.004312
6.6167 0.004497
6.6333 0.004688
6.65 0.004883
6.6667 0.005084
6.6833 0.00529
6.7 0.005502
6.7167 0.005719
6.7333 0.005942
6.75 0.006171
6.7667 0.006406
6.7833 0.006646
6.8 0.006893
6.8167 0.007146
6.8333 0.007405
6.85 0.00767
6.8667 0.007942
6.8833 0.00822
6.9 0.008505
6.9167 0.008797
6.9333 0.009095
6.95 0.009401
6.9667 0.009713
6.9833 0.01003
7.0 0.01036
7.0167 0.01069
7.0333 0.01103
7.05 0.01138
7.0667 0.01174
7.0833 0.0121
7.1 0.01247
7.1167 0.01285
7.1333 0.01324
7.15 0.01363
7.1667 0.01404
7.1833 0.01445
7.2 0.01487
7.2167 0.01529
7.2333 0.01573
7.25 0.01617
7.2667 0.01663
7.2833 0.01709
7.3 0.01756
7.3167 0.01803
7.3333 0.01852
7.35 0.01902
7.3667 0.01952
7.3833 0.02004
7.4 0.02056
7.4167 0.02109
7.4333 0.02163
7.45 0.02218
7.4667 0.02274
7.4833 0.02331
7.5 0.02389
7.5167 0.02448
7.5333 0.02507
7.55 0.02568
7.5667 0.02629
7.5833 0.02692
7.6 0.02755
7.6167 0.0282
7.6333 0.02885
7.65 0.02952
7.6667 0.03019
7.6833 0.03088
7.7 0.03157
7.7167 0.03227
7.7333 0.03299
7.75 0.03371
7.7667 0.03444
7.7833 0.03519
7.8 0.03594
7.8167 0.03671
7.8333 0.03748
7.85 0.03826
7.8667 0.03906
7.8833 0.03986
7.9 0.04068
7.9167 0.0415
7.9333 0.04233
7.95 0.04318
7.9667 0.04403
7.9833 0.0449
8.0 0.04578
8.0167 0.04666
8.0333 0.04756
8.05 0.04846
8.0667 0.04938
8.0833 0.0503
8.1 0.05124
8.1167 0.05219
8.1333 0.05314
8.15 0.05411
8.1667 0.05509
8.1833 0.05607
8.2 0.05707
8.2167 0.05808
8.2333 0.05909
8.25 0.06012
8.2667 0.06116
8.2833 0.06221
8.3 0.06326
8.3167 0.06433
8.3333 0.06541
8.35 0.06649
8.3667 0.06759
8.3833 0.06869
8.4 0.06981
8.4167 0.07093
8.4333 0.07207
8.45 0.07321
8.4667 0.07437
8.4833 0.07553
8.5 0.0767
8.5167 0.07788
8.5333 0.07908
8.55 0.08028
8.5667 0.08149
8.5833 0.0827
8.6 0.08393
8.6167 0.08517
8.6333 0.08641
8.65 0.08767
8.6667 0.08893
8.6833 0.0902
8.7 0.09148
8.7167 0.09277
8.7333 0.09407
8.75 0.09537
8.7667 0.09668
8.7833 0.09801
8.8 0.09934
8.8167 0.1007
8.8333 0.102
8.85 0.1034
8.8667 0.1047
8.8833 0.1061
8.9 0.1075
8.9167 0.1089
8.9333 0.1103
8.95 0.1116
8.9667 0.1131
8.9833 0.1145
9.0 0.1159
9.0167 0.1173
9.0333 0.1188
9.05 0.1202
9.0667 0.1217
9.0833 0.1231
9.1 0.1246
9.1167 0.1261
9.1333 0.1275
9.15 0.129
9.1667 0.1305
9.1833 0.132
9.2 0.1335
9.2167 0.135
9.2333 0.1365
9.25 0.138
9.2667 0.1396
9.2833 0.1411
9.3 0.1426
9.3167 0.1442
9.3333 0.1457
9.35 0.1472
9.3667 0.1488
9.3833 0.1504
9.4 0.1519
9.4167 0.1535
9.4333 0.1551
9.45 0.1566
9.4667 0.1582
9.4833 0.1597
9.5 0.1614
9.5167 0.163
9.5333 0.1646
9.55 0.1661
9.5667 0.1677
9.5833 0.1693
9.6 0.171
9.6167 0.1726
9.6333 0.1742
9.65 0.1758
9.6667 0.1774
9.6833 0.179
9.7 0.1806
9.7167 0.1823
9.7333 0.1838
9.75 0.1855
9.7667 0.1871
9.7833 0.1887
9.8 0.1904
9.8167 0.192
9.8333 0.1936
9.85 0.1953
9.8667 0.1969
9.8833 0.1985
9.9 0.2002
9.9167 0.2018
9.9333 0.2034
9.95 0.2051
9.9667 0.2067
9.9833 0.2082
10.0 0.21
10.0167 0.2116
10.0333 0.2132
10.05 0.2149
10.0667 0.2165
10.0833 0.218
10.1 0.2197
10.1167 0.2214
10.1333 0.223
10.15 0.2246
10.1667 0.2262
10.1833 0.2278
10.2 0.2295
10.2167 0.2311
10.2333 0.2327
10.25 0.2343
10.2667 0.2359
10.2833 0.2375
10.3 0.2389
10.3167 0.2407
10.3333 0.2423
10.35 0.2438
10.3667 0.2455
10.3833 0.247
10.4 0.2486
10.4167 0.2502
10.4333 0.2518
10.45 0.2533
10.4667 0.2549
10.4833 0.2564
10.5 0.258
10.5167 0.2595
10.5333 0.2611
10.55 0.2626
10.5667 0.2641
10.5833 0.2657
10.6 0.2672
10.6167 0.2687
10.6333 0.2702
10.65 0.2717
10.6667 0.2732
10.6833 0.2747
10.7 0.2762
10.7167 0.2776
10.7333 0.2791
10.75 0.2806
10.7667 0.282
10.7833 0.2835
10.8 0.2849
10.8167 0.2862
10.8333 0.2878
10.85 0.2891
10.8667 0.2906
10.8833 0.2919
10.9 0.2934
10.9167 0.2948
10.9333 0.2961
10.95 0.2975
10.9667 0.2989
10.9833 0.3002
11.0 0.3016
11.0167 0.3029
11.0333 0.3042
11.05 0.3055
11.0667 0.3068
11.0833 0.3081
11.1 0.3094
11.1167 0.3107
11.1333 0.3119
11.15 0.3132
11.1667 0.3144
11.1833 0.3157
11.2 0.3169
11.2167 0.3181
11.2333 0.3193
11.25 0.3205
11.2667 0.3217
11.2833 0.3229
11.3 0.324
11.3167 0.3252
11.3333 0.3263
11.35 0.3274
11.3667 0.3285
11.3833 0.3297
11.4 0.3307
11.4167 0.3318
11.4333 0.3329
11.45 0.3339
11.4667 0.335
11.4833 0.336
11.5 0.337
11.5167 0.338
11.5333 0.339
11.55 0.34
11.5667 0.3408
11.5833 0.3419
11.6 0.3429
11.6167 0.3438
11.6333 0.3446
11.65 0.3456
11.6667 0.3465
11.6833 0.3474
11.7 0.3483
11.7167 0.3491
11.7333 0.3499
11.75 0.3508
11.7667 0.3516
11.7833 0.3524
11.8 0.3531
11.8167 0.3539
11.8333 0.3547
11.85 0.3552
11.8667 0.3561
11.8833 0.3569
11.9 0.3575
11.9167 0.3582
11.9333 0.3589
11.95 0.3595
11.9667 0.3602
11.9833 0.3608
12.0 0.3613
12.0167 0.362
12.0333 0.3626
12.05 0.3632
12.0667 0.3637
12.0833 0.3642
12.1 0.3648
12.1167 0.3653
12.1333 0.3658
12.15 0.3662
12.1667 0.3667
12.1833 0.3671
12.2 0.3676
12.2167 0.368
12.2333 0.3684
12.25 0.3688
12.2667 0.3691
12.2833 0.3695
12.3 0.3698
12.3167 0.3701
12.3333 0.3704
12.35 0.3707
12.3667 0.3708
12.3833 0.371
12.4 0.3714
12.4167 0.3717
12.4333 0.372
12.45 0.3721
12.4667 0.3723
12.4833 0.3725
12.5 0.3726
12.5167 0.3728
12.5333 0.3729
12.55 0.373
12.5667 0.3731
12.5833 0.3731
12.6 0.3732
12.6167 0.3732
12.6333 0.3733
12.65 0.3733
12.6667 0.3733
12.6833 0.3732
12.7 0.3732
12.7167 0.3731
12.7333 0.3731
12.75 0.373
12.7667 0.3729
12.7833 0.3727
12.8 0.3726
12.8167 0.3724
12.8333 0.3723
12.85 0.3721
12.8667 0.3719
12.8833 0.3717
12.9 0.3713
12.9167 0.3709
12.9333 0.3708
12.95 0.3707
12.9667 0.3704
12.9833 0.3701
13.0 0.3697
13.0167 0.3694
13.0333 0.369
13.05 0.3687
13.0667 0.3683
13.0833 0.3679
13.1 0.3674
13.1167 0.367
13.1333 0.3666
13.15 0.3661
13.1667 0.3656
13.1833 0.3651
13.2 0.3646
13.2167 0.3641
13.2333 0.3636
13.25 0.363
13.2667 0.3624
13.2833 0.3619
13.3 0.361
13.3167 0.3606
13.3333 0.36
13.35 0.3594
13.3667 0.3587
13.3833 0.358
13.4 0.3574
13.4167 0.3567
13.4333 0.3559
13.45 0.3551
13.4667 0.3545
13.4833 0.3537
13.5 0.3529
13.5167 0.3522
13.5333 0.3514
13.55 0.3505
13.5667 0.3496
13.5833 0.3489
13.6 0.3479
13.6167 0.3472
13.6333 0.3463
13.65 0.3454
13.6667 0.3443
13.6833 0.3435
13.7 0.3426
13.7167 0.3417
13.7333 0.3407
13.75 0.3398
13.7667 0.3388
13.7833 0.3378
13.8 0.3368
13.8167 0.3357
13.8333 0.3347
13.85 0.3337
13.8667 0.3326
13.8833 0.3315
13.9 0.3304
13.9167 0.3294
13.9333 0.3282
13.95 0.3271
13.9667 0.326
13.9833 0.3249
14.0 0.3237
14.0167 0.3226
14.0333 0.3214
14.05 0.3199
14.0667 0.3189
14.0833 0.3178
14.1 0.3166
14.1167 0.3153
14.1333 0.3141
14.15 0.3129
14.1667 0.3116
14.1833 0.3103
14.2 0.3091
14.2167 0.3078
14.2333 0.3065
14.25 0.3052
14.2667 0.3039
14.2833 0.3025
14.3 0.3012
14.3167 0.2999
14.3333 0.2985
14.35 0.2971
14.3667 0.2957
14.3833 0.2944
14.4 0.293
14.4167 0.2915
14.4333 0.2902
14.45 0.2887
14.4667 0.2874
14.4833 0.2856
14.5 0.2845
14.5167 0.2831
14.5333 0.2816
14.55 0.2801
14.5667 0.2787
14.5833 0.2772
14.6 0.2758
14.6167 0.2743
14.6333 0.2728
14.65 0.2713
14.6667 0.2698
14.6833 0.2683
14.7 0.2668
14.7167 0.2652
14.7333 0.2636
14.75 0.2622
14.7667 0.2607
14.7833 0.2591
14.8 0.2576
14.8167 0.256
14.8333 0.2545
14.85 0.2527
14.8667 0.2513
14.8833 0.2498
14.9 0.248
14.9167 0.2466
14.9333 0.245
14.95 0.2434
14.9667 0.2419
14.9833 0.2402
15.0 0.2387
15.0167 0.237
15.0333 0.2355
15.05 0.2338
15.0667 0.2322
15.0833 0.2306
15.1 0.229
15.1167 0.2273
15.1333 0.2258
15.15 0.2242
15.1667 0.2225
15.1833 0.2209
15.2 0.2193
15.2167 0.2177
15.2333 0.216
15.25 0.2144
15.2667 0.2128
15.2833 0.2112
15.3 0.2095
15.3167 0.2079
15.3333 0.2063
15.35 0.2046
15.3667 0.2029
15.3833 0.2013
15.4 0.1997
15.4167 0.1981
15.4333 0.1965
15.45 0.1948
15.4667 0.1932
15.4833 0.1916
15.5 0.1899
15.5167 0.1883
15.5333 0.1867
15.55 0.1851
15.5667 0.1834
15.5833 0.1818
15.6 0.1802
15.6167 0.1786
15.6333 0.177
15.65 0.1753
15.6667 0.1737
15.6833 0.1721
15.7 0.1705
15.7167 0.1689
15.7333 0.1673
15.75 0.1657
15.7667 0.1641
15.7833 0.1625
15.8 0.1609
15.8167 0.1593
15.8333 0.1578
15.85 0.1562
15.8667 0.1546
15.8833 0.1531
15.9 0.1515
15.9167 0.1499
15.9333 0.1484
15.95 0.1468
15.9667 0.1453
15.9833 0.1437
16.0 0.1422
16.0167 0.1407
16.0333 0.1392
16.05 0.1376
16.0667 0.1361
16.0833 0.1346
16.1 0.1331
16.1167 0.1316
16.1333 0.1301
16.15 0.1286
16.1667 0.1271
16.1833 0.1257
16.2 0.1242
16.2167 0.1227
16.2333 0.1213
16.25 0.1198
16.2667 0.1184
16.2833 0.117
16.3 0.1155
16.3167 0.1141
16.3333 0.1127
16.35 0.1113
16.3667 0.1099
16.3833 0.1085
16.4 0.1071
16.4167 0.1057
16.4333 0.1044
16.45 0.103
16.4667 0.1017
16.4833 0.1003
16.5 0.09897
16.5167 0.09765
16.5333 0.09632
16.55 0.09502
16.5667 0.09372
16.5833 0.09242
16.6 0.09113
16.6167 0.08985
16.6333 0.08858
16.65 0.08732
16.6667 0.08607
16.6833 0.08483
16.7 0.08359
16.7167 0.08237
16.7333 0.08115
16.75 0.07995
16.7667 0.07875
16.7833 0.07756
16.8 0.07638
16.8167 0.07521
16.8333 0.07405
16.85 0.0729
16.8667 0.07176
16.8833 0.07062
16.9 0.0695
16.9167 0.06839
16.9333 0.06729
16.95 0.06619
16.9667 0.06511
16.9833 0.06404
17.0 0.06297
17.0167 0.06192
17.0333 0.06087
17.05 0.05984
17.0667 0.05881
17.0833 0.0578
17.1 0.0568
17.1167 0.0558
17.1333 0.05482
17.15 0.05384
17.1667 0.05288
17.1833 0.05193
17.2 0.05098
17.2167 0.05005
17.2333 0.04913
17.25 0.04821
17.2667 0.04731
17.2833 0.04642
17.3 0.04553
17.3167 0.04466
17.3333 0.0438
17.35 0.04295
17.3667 0.0421
17.3833 0.04127
17.4 0.04045
17.4167 0.03964
17.4333 0.03884
17.45 0.03805
17.4667 0.03727
17.4833 0.03649
17.5 0.03573
17.5167 0.03498
17.5333 0.03424
17.55 0.03351
17.5667 0.03279
17.5833 0.03208
17.6 0.03138
17.6167 0.03069
17.6333 0.03001
17.65 0.02933
17.6667 0.02867
17.6833 0.02802
17.7 0.02738
17.7167 0.02675
17.7333 0.02612
17.75 0.02551
17.7667 0.02491
17.7833 0.02431
17.8 0.02373
17.8167 0.02315
17.8333 0.02258
17.85 0.02203
17.8667 0.02148
17.8833 0.02094
17.9 0.02041
17.9167 0.01989
17.9333 0.01938
17.95 0.01888
17.9667 0.01839
17.9833 0.0179
18.0 0.01743
18.0167 0.01696
18.0333 0.0165
18.05 0.01605
18.0667 0.01561
18.0833 0.01517
18.1 0.01475
18.1167 0.01433
18.1333 0.01392
18.15 0.01352
18.1667 0.01313
18.1833 0.01275
18.2 0.01237
18.2167 0.012
18.2333 0.01164
18.25 0.01128
18.2667 0.01094
18.2833 0.0106
18.3 0.01027
18.3167 0.009942
18.3333 0.009625
18.35 0.009315
18.3667 0.009011
18.3833 0.008715
18.4 0.008425
18.4167 0.008142
18.4333 0.007865
18.45 0.007595
18.4667 0.007332
18.4833 0.007074
18.5 0.006823
18.5167 0.006579
18.5333 0.00634
18.55 0.006107
18.5667 0.005879
18.5833 0.005658
18.6 0.005442
18.6167 0.005232
18.6333 0.005027
18.65 0.004828
18.6667 0.004634
18.6833 0.004445
18.7 0.004261
18.7167 0.004082
18.7333 0.003908
18.75 0.003739
18.7667 0.003575
18.7833 0.003415
18.8 0.00326
18.8167 0.003109
18.8333 0.002963
18.85 0.002821
18.8667 0.002683
18.8833 0.002549
18.9 0.002419
18.9167 0.002294
18.9333 0.002172
18.95 0.002054
18.9667 0.001939
18.9833 0.001829
19.0 0.001722
19.0167 0.001619
19.0333 0.001519
19.05 0.001423
19.0667 0.00133
19.0833 0.001241
19.1 0.001155
19.1167 0.001073
19.1333 0.0009936
19.15 0.0009179
19.1667 0.0008456
19.1833 0.0007769
19.2 0.0007118
19.2167 0.0006504
19.2333 0.0005932
19.25 0.0005273
19.2667 0.0004705
19.2833 0.0004225
19.3 0.0003818
19.3167 0.0003366
19.3333 0.0002984
19.35 0.0002606
19.3667 0.0002315
19.3833 0.0001989
19.4 0.0001708
19.4167 0.0001462
19.4333 0.0001244
19.45 0.0001054
19.4667 8.899e-05
19.4833 7.313e-05
19.5 6.046e-05
19.5167 4.962e-05
19.5333 4.016e-05
19.55 3.21e-05
19.5667 2.572e-05
19.5833 2.038e-05
19.6 1.583e-05
19.6167 1.218e-05
19.6333 9.268e-06
19.65 6.823e-06
19.6667 4.977e-06
19.6833 3.57e-06
19.7 2.402e-06
19.7167 1.595e-06
19.7333 9.919e-07
19.75 6.062e-07
19.7667 3.686e-07
19.7833 2.132e-07
19.8 1.151e-07
19.8167 5.433e-08
19.8333 1.972e-08
19.85 4.111e-09
19.8667 3.964e-10
19.8833 2.043e-11
19.9 2.583e-13
19.9167 1.216e-15
19.9333 9.588e-20
19.95 0.0
19.9667 0.0
19.9833 0.0
20.0 0.0
20.0167 0.0
20.0333 0.0
20.05 0.0
20.0667 0.0
20.0833 0.0
20.1 0.0
20.1167 0.0
20.1333 0.0
20.15 0.0
20.1667 0.0
20.1833 0.0
20.2 0.0
20.2167 0.0
20.2333 0.0
20.25 0.0
20.2667 0.0
20.2833 0.0
20.3 0.0
20.3167 0.0
20.3333 0.0
20.35 0.0
20.3667 0.0
20.3833 0.0
20.4 0.0
20.4167 0.0
20.4333 0.0
20.45 0.0
20.4667 0.0
20.4833 0.0
20.5 0.0
20.5167 0.0
20.5333 0.0
20.55 0.0
20.5667 0.0
20.5833 0.0
20.6 0.0
20.6167 0.0
20.6333 0.0
20.65 0.0
20.6667 0.0
20.6833 0.0
20.7 0.0
20.7167 0.0
20.7333 0.0
20.75 0.0
20.7667 0.0
20.7833 0.0
20.8 0.0
20.8167 0.0
20.8333 0.0
20.85 0.0
20.8667 0.0
20.8833 0.0
20.9 0.0
20.9167 0.0
20.9333 0.0
20.95 0.0
20.9667 0.0
20.9833 0.0
21.0 0.0
21.0167 0.0
21.0333 0.0
21.05 0.0
21.0667 0.0
21.0833 0.0
21.1 0.0
21.1167 0.0
21.1333 0.0
21.15 0.0
21.1667 0.0
21.1833 0.0
21.2 0.0
21.2167 0.0
21.2333 0.0
21.25 0.0
21.2667 0.0
21.2833 0.0
21.3 0.0
21.3167 0.0
21.3333 0.0
21.35 0.0
21.3667 0.0
21.3833 0.0
21.4 0.0
21.4167 0.0
21.4333 0.0
21.45 0.0
21.4667 0.0
21.4833 0.0
21.5 0.0
21.5167 0.0
21.5333 0.0
21.55 0.0
21.5667 0.0
21.5833 0.0
21.6 0.0
21.6167 0.0
21.6333 0.0
21.65 0.0
21.6667 0.0
21.6833 0.0
21.7 0.0
21.7167 0.0
21.7333 0.0
21.75 0.0
21.7667 0.0
21.7833 0.0
21.8 0.0
21.8167 0.0
21.8333 0.0
21.85 0.0
21.8667 0.0
21.8833 0.0
21.9 0.0
21.9167 0.0
21.9333 0.0
21.95 0.0
21.9667 0.0
21.9833 0.0
22.0 0.0
22.0167 0.0
22.0333 0.0
22.05 0.0
22.0667 0.0
22.0833 0.0
22.1 0.0
22.1167 0.0
22.1333 0.0
22.15 0.0
22.1667 0.0
22.1833 0.0
22.2 0.0
22.2167 0.0
22.2333 0.0
22.25 0.0
22.2667 0.0
22.2833 0.0
22.3 0.0
22.3167 0.0
22.3333 0.0
22.35 0.0
22.3667 0.0
22.3833 0.0
22.4 0.0
22.4167 0.0
22.4333 0.0
22.45 0.0
22.4667 0.0
22.4833 0.0
22.5 0.0
22.5167 0.0
22.5333 0.0
22.55 0.0
22.5667 0.0
22.5833 0.0
22.6 0.0
22.6167 0.0
22.6333 0.0
22.65 0.0
22.6667 0.0
22.6833 0.0
22.7 0.0
22.7167 0.0
22.7333 0.0
22.75 0.0
22.7667 0.0
22.7833 0.0
22.8 0.0
22.8167 0.0
22.8333 0.0
22.85 0.0
22.8667 0.0
22.8833 0.0
22.9 0.0
22.9167 0.0
22.9333 0.0
22.95 0.0
22.9667 0.0
22.9833 0.0
23.0 0.0
23.0167 0.0
23.0333 0.0
23.05 0.0
23.0667 0.0
23.0833 0.0
23.1 0.0
23.1167 0.0
23.1333 0.0
23.15 0.0
23.1667 0.0
23.1833 0.0
23.2 0.0
23.2167 0.0
23.2333 0.0
23.25 0.0
23.2667 0.0
23.2833 0.0
23.3 0.0
23.3167 0.0
23.3333 0.0
23.35 0.0
23.3667 0.0
23.3833 0.0
23.4 0.0
23.4167 0.0
23.4333 0.0
23.45 0.0
23.4667 0.0
23.4833 0.0
23.5 0.0
23.5167 0.0
23.5333 0.0
23.55 0.0
23.5667 0.0
23.5833 0.0
23.6 0.0
23.6167 0.0
23.6333 0.0
23.65 0.0
23.6667 0.0
23.6833 0.0
23.7 0.0
23.7167 0.0
23.7333 0.0
23.75 0.0
23.7667 0.0
23.7833 0.0
23.8 0.0
23.8167 0.0
23.8333 0.0
23.85 0.0
23.8667 0.0
23.8833 0.0
23.9 0.0
23.9167 0.0
23.9333 0.0
23.95 0.0
23.9667 0.0
23.9833 0.0
