0.0 0.0
0.0167 0.0
0.0333 0.0
0.05 0.0
0.0667 0.0
0.0833 0.0
0.1 0.0
0.1167 0.0
0.1333 0.0
0.15 0.0
0.1667 0.0
0.1833 0.0
0.2 0.0
0.2167 0.0
0.2333 0.0
0.25 0.0
0.2667 0.0
0.2833 0.0
0.3 0.0
0.3167 0.0
0.3333 0.0
0.35 0.0
0.3667 0.0
0.3833 0.0
0.4 0.0
0.4167 0.0
0.4333 0.0
0.45 0.0
0.4667 0.0
0.4833 0.0
0.5 0.0
0.5167 0.0
0.5333 0.0
0.55 0.0
0.5667 0.0
0.5833 0.0
0.6 0.0
0.6167 0.0
0.6333 0.0
0.65 0.0
0.6667 0.0
0.6833 0.0
0.7 0.0
0.7167 0.0
0.7333 0.0
0.75 0.0
0.7667 0.0
0.7833 0.0
0.8 0.0
0.8167 0.0
0.8333 0.0
0.85 0.0
0.8667 0.0
0.8833 0.0
0.9 0.0
0.9167 0.0
0.9333 0.0
0.95 0.0
0.9667 0.0
0.9833 0.0
1.0 0.0
1.0167 0.0
1.0333 0.0
1.05 0.0
1.0667 0.0
1.0833 0.0
1.1 0.0
1.1167 0.0
1.1333 0.0
1.15 0.0
1.1667 0.0
1.1833 0.0
1.2 0.0
1.2167 0.0
1.2333 0.0
1.25 0.0
1.2667 0.0
1.2833 0.0
1.3 0.0
1.3167 0.0
1.3333 0.0
1.35 0.0
1.3667 0.0
1.3833 0.0
1.4 0.0
1.4167 0.0
1.4333 0.0
1.45 0.0
1.4667 0.0
1.4833 0.0
1.5 0.0
1.5167 0.0
1.5333 0.0
1.55 0.0
1.5667 0.0
1.5833 0.0
1.6 0.0
1.6167 0.0
1.6333 0.0
1.65 0.0
1.6667 0.0
1.6833 0.0
1.7 0.0
1.7167 0.0
1.7333 0.0
1.75 0.0
1.7667 0.0
1.7833 0.0
1.8 0.0
1.8167 0.0
1.8333 0.0
1.85 0.0
1.8667 0.0
1.8833 0.0
1.9 0.0
1.9167 0.0
1.9333 0.0
1.95 0.0
1.9667 0.0
1.9833 0.0
2.0 0.0
2.0167 0.0
2.0333 0.0
2.05 0.0
2.0667 0.0
2.0833 0.0
2.1 0.0
2.1167 0.0
2.1333 0.0
2.15 0.0
2.1667 0.0
2.1833 0.0
2.2 0.0
2.2167 0.0
2.2333 0.0
2.25 0.0
2.2667 0.0
2.2833 0.0
2.3 0.0
2.3167 0.0
2.3333 0.0
2.35 0.0
2.3667 0.0
2.3833 0.0
2.4 0.0
2.4167 0.0
2.4333 0.0
2.45 0.0
2.4667 0.0
2.4833 0.0
2.5 0.0
2.5167 0.0
2.5333 0.0
2.55 0.0
2.5667 0.0
2.5833 0.0
2.6 0.0
2.6167 0.0
2.6333 0.0
2.65 0.0
2.6667 0.0
2.6833 0.0
2.7 0.0
2.7167 0.0
2.7333 0.0
2.75 0.0
2.7667 0.0
2.7833 0.0
2.8 0.0
2.8167 0.0
2.8333 0.0
2.85 0.0
2.8667 0.0
2.8833 0.0
2.9 0.0
2.9167 0.0
2.9333 0.0
2.95 0.0
2.9667 0.0
2.9833 0.0
3.0 0.0
3.0167 0.0
3.0333 0.0
3.05 0.0
3.0667 0.0
3.0833 0.0
3.1 0.0
3.1167 0.0
3.1333 0.0
3.15 0.0
3.1667 0.0
3.1833 0.0
3.2 0.0
3.2167 0.0
3.2333 0.0
3.25 0.0
3.2667 0.0
3.2833 0.0
3.3 0.0
3.3167 0.0
3.3333 0.0
3.35 0.0
3.3667 0.0
3.3833 0.0
3.4 0.0
3.4167 0.0
3.4333 0.0
3.45 0.0
3.4667 0.0
3.4833 0.0
3.5 0.0
3.5167 0.0
3.5333 0.0
3.55 0.0
3.5667 0.0
3.5833 0.0
3.6 0.0
3.6167 0.0
3.6333 0.0
3.65 0.0
3.6667 0.0
3.6833 0.0
3.7 0.0
3.7167 0.0
3.7333 0.0
3.75 0.0
3.7667 0.0
3.7833 0.0
3.8 0.0
3.8167 0.0
3.8333 0.0
3.85 0.0
3.8667 0.0
3.8833 0.0
3.9 0.0
3.9167 0.0
3.9333 0.0
3.95 0.0
3.9667 0.0
3.9833 0.0
4.0 0.0
4.0167 0.0
4.0333 0.0
4.05 0.0
4.0667 0.0
4.0833 0.0
4.1 0.0
4.1167 0.0
4.1333 0.0
4.15 0.0
4.1667 0.0
4.1833 0.0
4.2 0.0
4.2167 0.0
4.2333 0.0
4.25 0.0
4.2667 0.0
4.2833 0.0
4.3 0.0
4.3167 0.0
4.3333 0.0
4.35 0.0
4.3667 0.0
4.3833 0.0
4.4 0.0
4.4167 0.0
4.4333 0.0
4.45 0.0
4.4667 0.0
4.4833 0.0
4.5 0.0
4.5167 0.0
4.5333 0.0
4.55 0.0
4.5667 0.0
4.5833 0.0
4.6 0.0
4.6167 0.0
4.6333 0.0
4.65 0.0
4.6667 0.0
4.6833 0.0
4.7 0.0
4.7167 0.0
4.7333 0.0
4.75 0.0
4.7667 0.0
4.7833 0.0
4.8 0.0
4.8167 0.0
4.8333 0.0
4.85 0.0
4.8667 0.0
4.8833 0.0
4.9 0.0
4.9167 0.0
4.9333 0.0
4.95 0.0
4.9667 0.0
4.9833 0.0
5.0 0.0
5.0167 0.0
5.0333 0.0
5.05 0.0
5.0667 0.0
5.0833 0.0
5.1 0.0
5.1167 0.0
5.1333 0.0
5.15 0.0
5.1667 0.0
5.1833 0.0
5.2 0.0
5.2167 0.0
5.2333 0.0
5.25 0.0
5.2667 0.0
5.2833 0.0
5.3 0.0
5.3167 0.0
5.3333 0.0
5.35 0.0
5.3667 0.0
5.3833 0.0
5.4 0.0
5.4167 0.0
5.4333 0.0
5.45 0.0
5.4667 0.0
5.4833 0.0
5.5 0.0
5.5167 0.0
5.5333 0.0
5.55 0.0
5.5667 0.0
5.5833 0.0
5.6 0.0
5.6167 0.0
5.6333 0.0
5.65 0.0
5.6667 0.0
5.6833 0.0
5.7 0.0
5.7167 0.0
5.7333 0.0
5.75 0.0
5.7667 0.0
5.7833 0.0
5.8 0.0
5.8167 0.0
5.8333 2.159e-34
5.85 2.767e-16
5.8667 1.891e-13
5.8833 2.408e-11
5.9 6.887e-10
5.9167 7.481e-09
5.9333 3.261e-08
5.95 8.527e-08
5.9667 1.812e-07
5.9833 3.366e-07
6.0 6.002e-07
6.0167 1.042e-06
6.0333 1.74e-06
6.05 2.773e-06
6.0667 4.215e-06
6.0833 6.042e-06
6.1 8.489e-06
6.1167 1.155e-05
6.1333 1.575e-05
6.15 2.076e-05
6.1667 2.704e-05
6.1833 3.489e-05
6.2 4.445e-05
6.2167 5.518e-05
6.2333 6.915e-05
6.25 8.458e-05
6.2667 0.0001044
6.2833 0.000125
6.3 0.0001491
6.3167 0.0001768
6.3333 0.0002082
6.35 0.0002442
6.3667 0.0002867
6.3833 0.0003231
6.4 0.0003756
6.4167 0.0004192
6.4333 0.0004716
6.45 0.0005345
6.4667 0.0006071
6.4833 0.0006716
6.5 0.0007412
6.5167 0.0008152
6.5333 0.0008935
6.55 0.0009761
6.5667 0.001063
6.5833 0.001153
6.6 0.001248
6.6167 0.001347
6.6333 0.00145
6.65 0.001557
6.6667 0.001668
6.6833 0.001784
6.7 0.001904
6.7167 0.002028
6.7333 0.002156
6.75 0.002289
6.7667 0.002427
6.7833 0.002569
6.8 0.002716
6.8167 0.002868
6.8333 0.003025
6.85 0.003187
6.8667 0.003354
6.8833 0.003526
6.9 0.003704
6.9167 0.003887
6.9333 0.004075
6.95 0.00427
6.9667 0.00447
6.9833 0.004676
7.0 0.004887
7.0167 0.005105
7.0333 0.00533
7.05 0.00556
7.0667 0.005797
7.0833 0.00604
7.1 0.00629
7.1167 0.006547
7.1333 0.006811
7.15 0.007081
7.1667 0.007359
7.1833 0.007644
7.2 0.007936
7.2167 0.008235
7.2333 0.008542
7.25 0.008857
7.2667 0.009179
7.2833 0.009509
7.3 0.009847
7.3167 0.01019
7.3333 0.01055
7.35 0.01091
7.3667 0.01128
7.3833 0.01166
7.4 0.01205
7.4167 0.01244
7.4333 0.01285
7.45 0.01326
7.4667 0.01368
7.4833 0.01411
7.5 0.01455
7.5167 0.015
7.5333 0.01546
7.55 0.01593
7.5667 0.0164
7.5833 0.01689
7.6 0.01739
7.6167 0.01789
7.6333 0.01841
7.65 0.01893
7.6667 0.01947
7.6833 0.02001
7.7 0.02056
7.7167 0.02113
7.7333 0.0217
7.75 0.02228
7.7667 0.02288
7.7833 0.02348
7.8 0.0241
7.8167 0.02472
7.8333 0.02536
7.85 0.026
7.8667 0.02666
7.8833 0.02732
7.9 0.028
7.9167 0.02869
7.9333 0.02938
7.95 0.03009
7.9667 0.03081
7.9833 0.03154
8.0 0.03228
8.0167 0.03303
8.0333 0.03379
8.05 0.03456
8.0667 0.03534
8.0833 0.03614
8.1 0.03694
8.1167 0.03775
8.1333 0.03858
8.15 0.03941
8.1667 0.04026
8.1833 0.04112
8.2 0.04199
8.2167 0.04286
8.2333 0.04375
8.25 0.04465
8.2667 0.04556
8.2833 0.04649
8.3 0.04742
8.3167 0.04836
8.3333 0.04931
8.35 0.05028
8.3667 0.05125
8.3833 0.05224
8.4 0.05323
8.4167 0.05424
8.4333 0.05525
8.45 0.05628
8.4667 0.05732
8.4833 0.05836
8.5 0.05942
8.5167 0.06049
8.5333 0.06157
8.55 0.06266
8.5667 0.06375
8.5833 0.06486
8.6 0.06598
8.6167 0.06711
8.6333 0.06825
8.65 0.06939
8.6667 0.07055
8.6833 0.07172
8.7 0.07289
8.7167 0.07408
8.7333 0.07527
8.75 0.07648
8.7667 0.07769
8.7833 0.07892
8.8 0.08015
8.8167 0.08139
8.8333 0.08264
8.85 0.0839
8.8667 0.08517
8.8833 0.08644
8.9 0.08773
8.9167 0.08902
8.9333 0.09033
8.95 0.09164
8.9667 0.09295
8.9833 0.09428
9.0 0.09562
9.0167 0.09696
9.0333 0.0983
9.05 0.09967
9.0667 0.101
9.0833 0.1024
9.1 0.1038
9.1167 0.1052
9.1333 0.1066
9.15 0.108
9.1667 0.1094
9.1833 0.1108
9.2 0.1122
9.2167 0.1136
9.2333 0.1151
9.25 0.1165
9.2667 0.1179
9.2833 0.1194
9.3 0.1209
9.3167 0.1223
9.3333 0.1238
9.35 0.1253
9.3667 0.1268
9.3833 0.1283
9.4 0.1298
9.4167 0.1312
9.4333 0.1328
9.45 0.1343
9.4667 0.1358
9.4833 0.1373
9.5 0.1388
9.5167 0.1404
9.5333 0.1419
9.55 0.1434
9.5667 0.145
9.5833 0.1465
9.6 0.148
9.6167 0.1496
9.6333 0.1511
9.65 0.1527
9.6667 0.1542
9.6833 0.1558
9.7 0.1574
9.7167 0.1589
9.7333 0.1605
9.75 0.1621
9.7667 0.1637
9.7833 0.1651
9.8 0.1668
9.8167 0.1684
9.8333 0.17
9.85 0.1715
9.8667 0.1731
9.8833 0.1747
9.9 0.1763
9.9167 0.1779
9.9333 0.1794
9.95 0.181
9.9667 0.1826
9.9833 0.1841
10.0 0.1858
10.0167 0.1874
10.0333 0.1889
10.05 0.1905
10.0667 0.1921
10.0833 0.1937
10.1 0.1953
10.1167 0.1968
10.1333 0.1984
10.15 0.2
10.1667 0.2016
10.1833 0.2031
10.2 0.2047
10.2167 0.2063
10.2333 0.2078
10.25 0.2094
10.2667 0.2109
10.2833 0.2125
10.3 0.214
10.3167 0.2156
10.3333 0.2171
10.35 0.2187
10.3667 0.2201
10.3833 0.2218
10.4 0.2233
10.4167 0.2248
10.4333 0.2263
10.45 0.2278
10.4667 0.2294
10.4833 0.2309
10.5 0.2324
10.5167 0.2338
10.5333 0.2354
10.55 0.2369
10.5667 0.2383
10.5833 0.2398
10.6 0.2413
10.6167 0.2427
10.6333 0.2442
10.65 0.2456
10.6667 0.2471
10.6833 0.2485
10.7 0.25
10.7167 0.2514
10.7333 0.2528
10.75 0.2542
10.7667 0.2556
10.7833 0.2568
10.8 0.2584
10.8167 0.2598
10.8333 0.2611
10.85 0.2625
10.8667 0.2637
10.8833 0.2652
10.9 0.2665
10.9167 0.2679
10.9333 0.2692
10.95 0.2705
10.9667 0.2718
10.9833 0.273
11.0 0.2743
11.0167 0.2756
11.0333 0.2769
11.05 0.2782
11.0667 0.2793
11.0833 0.2806
11.1 0.2818
11.1167 0.2831
11.1333 0.2843
11.15 0.2855
11.1667 0.2866
11.1833 0.2878
11.2 0.2888
11.2167 0.2901
11.2333 0.2912
11.25 0.2924
11.2667 0.2935
11.2833 0.2946
11.3 0.2957
11.3167 0.2967
11.3333 0.2978
11.35 0.2989
11.3667 0.2999
11.3833 0.3009
11.4 0.302
11.4167 0.303
11.4333 0.3039
11.45 0.3048
11.4667 0.3056
11.4833 0.3069
11.5 0.3078
11.5167 0.3087
11.5333 0.3096
11.55 0.3105
11.5667 0.3114
11.5833 0.3123
11.6 0.3131
11.6167 0.314
11.6333 0.3148
11.65 0.3156
11.6667 0.3164
11.6833 0.3172
11.7 0.318
11.7167 0.3187
11.7333 0.3194
11.75 0.3203
11.7667 0.321
11.7833 0.3217
11.8 0.3224
11.8167 0.323
11.8333 0.3237
11.85 0.3243
11.8667 0.325
11.8833 0.3256
11.9 0.3262
11.9167 0.3268
11.9333 0.3273
11.95 0.3279
11.9667 0.3284
11.9833 0.329
12.0 0.3295
12.0167 0.33
12.0333 0.3304
12.05 0.3309
12.0667 0.3313
12.0833 0.3318
12.1 0.3322
12.1167 0.3326
12.1333 0.333
12.15 0.3333
12.1667 0.3337
12.1833 0.334
12.2 0.3343
12.2167 0.3346
12.2333 0.3349
12.25 0.3352
12.2667 0.3354
12.2833 0.3356
12.3 0.3359
12.3167 0.3361
12.3333 0.3363
12.35 0.3365
12.3667 0.3366
12.3833 0.3368
12.4 0.3369
12.4167 0.337
12.4333 0.3371
12.45 0.3372
12.4667 0.3373
12.4833 0.3373
12.5 0.3373
12.5167 0.3373
12.5333 0.3373
12.55 0.3373
12.5667 0.3373
12.5833 0.3372
12.6 0.3372
12.6167 0.3371
12.6333 0.337
12.65 0.3368
12.6667 0.3367
12.6833 0.3366
12.7 0.3364
12.7167 0.3362
12.7333 0.336
12.75 0.3358
12.7667 0.3355
12.7833 0.3353
12.8 0.335
12.8167 0.3347
12.8333 0.3345
12.85 0.3342
12.8667 0.3338
12.8833 0.3335
12.9 0.3331
12.9167 0.3328
12.9333 0.3324
12.95 0.332
12.9667 0.3315
12.9833 0.331
13.0 0.3306
13.0167 0.3302
13.0333 0.3297
13.05 0.3292
13.0667 0.3287
13.0833 0.3281
13.1 0.3276
13.1167 0.327
13.1333 0.3264
13.15 0.3258
13.1667 0.3252
13.1833 0.3246
13.2 0.324
13.2167 0.3233
13.2333 0.3227
13.25 0.322
13.2667 0.3213
13.2833 0.3206
13.3 0.3195
13.3167 0.3191
13.3333 0.3183
13.35 0.3176
13.3667 0.3168
13.3833 0.316
13.4 0.3152
13.4167 0.3143
13.4333 0.3135
13.45 0.3127
13.4667 0.3118
13.4833 0.3109
13.5 0.31
13.5167 0.3091
13.5333 0.3082
13.55 0.3072
13.5667 0.3063
13.5833 0.3053
13.6 0.3044
13.6167 0.3034
13.6333 0.3024
13.65 0.3014
13.6667 0.3003
13.6833 0.2993
13.7 0.2983
13.7167 0.2972
13.7333 0.2961
13.75 0.295
13.7667 0.2939
13.7833 0.2928
13.8 0.2916
13.8167 0.2906
13.8333 0.2894
13.85 0.2883
13.8667 0.2871
13.8833 0.2857
13.9 0.2848
13.9167 0.2835
13.9333 0.2824
13.95 0.2811
13.9667 0.2799
13.9833 0.2787
14.0 0.2774
14.0167 0.2762
14.0333 0.2749
14.05 0.2736
14.0667 0.2723
14.0833 0.271
14.1 0.2697
14.1167 0.2684
14.1333 0.2671
14.15 0.2657
14.1667 0.2644
14.1833 0.263
14.2 0.2617
14.2167 0.2603
14.2333 0.2589
14.25 0.2576
14.2667 0.2562
14.2833 0.2548
14.3 0.2534
14.3167 0.252
14.3333 0.2505
14.35 0.2491
14.3667 0.2477
14.3833 0.2462
14.4 0.2448
14.4167 0.2433
14.4333 0.2419
14.45 0.2404
14.4667 0.2389
14.4833 0.2374
14.5 0.236
14.5167 0.2345
14.5333 0.233
14.55 0.2315
14.5667 0.23
14.5833 0.2285
14.6 0.227
14.6167 0.2254
14.6333 0.2239
14.65 0.2223
14.6667 0.2209
14.6833 0.2193
14.7 0.2177
14.7167 0.2162
14.7333 0.2147
14.75 0.2131
14.7667 0.2116
14.7833 0.21
14.8 0.2085
14.8167 0.2069
14.8333 0.2053
14.85 0.2038
14.8667 0.2022
14.8833 0.2006
14.9 0.1991
14.9167 0.1975
14.9333 0.1959
14.95 0.1943
14.9667 0.1927
14.9833 0.1912
15.0 0.1896
15.0167 0.188
15.0333 0.1864
15.05 0.1848
15.0667 0.1832
15.0833 0.1817
15.1 0.1801
15.1167 0.1784
15.1333 0.1769
15.15 0.1753
15.1667 0.1737
15.1833 0.1721
15.2 0.1706
15.2167 0.169
15.2333 0.1674
15.25 0.1658
15.2667 0.1643
15.2833 0.1627
15.3 0.1611
15.3167 0.1596
15.3333 0.158
15.35 0.1564
15.3667 0.1549
15.3833 0.1533
15.4 0.1518
15.4167 0.1502
15.4333 0.1487
15.45 0.1471
15.4667 0.1456
15.4833 0.144
15.5 0.1425
15.5167 0.141
15.5333 0.1394
15.55 0.1379
15.5667 0.1364
15.5833 0.1349
15.6 0.1334
15.6167 0.1318
15.6333 0.1304
15.65 0.1289
15.6667 0.1274
15.6833 0.1259
15.7 0.1244
15.7167 0.1229
15.7333 0.1215
15.75 0.12
15.7667 0.1185
15.7833 0.1171
15.8 0.1156
15.8167 0.1142
15.8333 0.1128
15.85 0.1114
15.8667 0.1099
15.8833 0.1085
15.9 0.1071
15.9167 0.1057
15.9333 0.1043
15.95 0.1029
15.9667 0.1016
15.9833 0.1002
16.0 0.09882
16.0167 0.09747
16.0333 0.09613
16.05 0.09479
16.0667 0.09346
16.0833 0.09214
16.1 0.09082
16.1167 0.08952
16.1333 0.08822
16.15 0.08693
16.1667 0.08565
16.1833 0.08438
16.2 0.08312
16.2167 0.08186
16.2333 0.08062
16.25 0.07938
16.2667 0.07815
16.2833 0.07694
16.3 0.07573
16.3167 0.07453
16.3333 0.07334
16.35 0.07216
16.3667 0.07099
16.3833 0.06982
16.4 0.06867
16.4167 0.06753
16.4333 0.0664
16.45 0.06528
16.4667 0.06416
16.4833 0.06306
16.5 0.06197
16.5167 0.06089
16.5333 0.05982
16.55 0.05875
16.5667 0.0577
16.5833 0.05666
16.6 0.05563
16.6167 0.05461
16.6333 0.0536
16.65 0.0526
16.6667 0.05161
16.6833 0.05063
16.7 0.04967
16.7167 0.04871
16.7333 0.04776
16.75 0.04682
16.7667 0.0459
16.7833 0.04498
16.8 0.04408
16.8167 0.04319
16.8333 0.0423
16.85 0.04143
16.8667 0.04057
16.8833 0.03972
16.9 0.03888
16.9167 0.03805
16.9333 0.03723
16.95 0.03642
16.9667 0.03562
16.9833 0.03484
17.0 0.03406
17.0167 0.0333
17.0333 0.03254
17.05 0.0318
17.0667 0.03107
17.0833 0.03034
17.1 0.02963
17.1167 0.02893
17.1333 0.02824
17.15 0.02756
17.1667 0.02689
17.1833 0.02623
17.2 0.02558
17.2167 0.02494
17.2333 0.02431
17.25 0.0237
17.2667 0.02309
17.2833 0.02249
17.3 0.0219
17.3167 0.02132
17.3333 0.02076
17.35 0.0202
17.3667 0.01965
17.3833 0.01911
17.4 0.01858
17.4167 0.01807
17.4333 0.01756
17.45 0.01706
17.4667 0.01657
17.4833 0.01609
17.5 0.01562
17.5167 0.01516
17.5333 0.0147
17.55 0.01426
17.5667 0.01383
17.5833 0.0134
17.6 0.01298
17.6167 0.01258
17.6333 0.01218
17.65 0.01179
17.6667 0.01141
17.6833 0.01103
17.7 0.01067
17.7167 0.01031
17.7333 0.009961
17.75 0.00962
17.7667 0.009286
17.7833 0.008961
17.8 0.008644
17.8167 0.008335
17.8333 0.008033
17.85 0.007738
17.8667 0.00745
17.8833 0.00717
17.9 0.006897
17.9167 0.006631
17.9333 0.006372
17.95 0.00612
17.9667 0.005873
17.9833 0.005635
18.0 0.005402
18.0167 0.005176
18.0333 0.004956
18.05 0.004741
18.0667 0.004534
18.0833 0.004332
18.1 0.004136
18.1167 0.003945
18.1333 0.00376
18.15 0.003581
18.1667 0.003407
18.1833 0.003238
18.2 0.003074
18.2167 0.002916
18.2333 0.002763
18.25 0.002614
18.2667 0.00247
18.2833 0.002331
18.3 0.002196
18.3167 0.002066
18.3333 0.00194
18.35 0.001819
18.3667 0.001702
18.3833 0.00159
18.4 0.001481
18.4167 0.001377
18.4333 0.001277
18.45 0.001181
18.4667 0.001089
18.4833 0.001001
18.5 0.0009172
18.5167 0.0008373
18.5333 0.000762
18.55 0.0006911
18.5667 0.000625
18.5833 0.0005547
18.6 0.0004884
18.6167 0.000433
18.6333 0.000387
18.65 0.0003362
18.6667 0.0002958
18.6833 0.0002533
18.7 0.0002175
18.7167 0.0001858
18.7333 0.0001568
18.75 0.0001306
18.7667 0.0001089
18.7833 9.04e-05
18.8 7.269e-05
18.8167 5.933e-05
18.8333 4.686e-05
18.85 3.684e-05
18.8667 2.871e-05
18.8833 2.208e-05
18.9 1.675e-05
18.9167 1.258e-05
18.9333 9.296e-06
18.95 6.617e-06
18.9667 4.646e-06
18.9833 3.13e-06
19.0 1.978e-06
19.0167 1.197e-06
19.0333 6.956e-07
19.05 3.938e-07
19.0667 2.16e-07
19.0833 1.041e-07
19.1 4.306e-08
19.1167 1.163e-08
19.1333 1.338e-09
19.15 6.268e-11
19.1667 7.263e-13
19.1833 1.721e-15
19.2 4.758e-20
19.2167 0.0
19.2333 0.0
19.25 0.0
19.2667 0.0
19.2833 0.0
19.3 0.0
19.3167 0.0
19.3333 0.0
19.35 0.0
19.3667 0.0
19.3833 0.0
19.4 0.0
19.4167 0.0
19.4333 0.0
19.45 0.0
19.4667 0.0
19.4833 0.0
19.5 0.0
19.5167 0.0
19.5333 0.0
19.55 0.0
19.5667 0.0
19.5833 0.0
19.6 0.0
19.6167 0.0
19.6333 0.0
19.65 0.0
19.6667 0.0
19.6833 0.0
19.7 0.0
19.7167 0.0
19.7333 0.0
19.75 0.0
19.7667 0.0
19.7833 0.0
19.8 0.0
19.8167 0.0
19.8333 0.0
19.85 0.0
19.8667 0.0
19.8833 0.0
19.9 0.0
19.9167 0.0
19.9333 0.0
19.95 0.0
19.9667 0.0
19.9833 0.0
20.0 0.0
20.0167 0.0
20.0333 0.0
20.05 0.0
20.0667 0.0
20.0833 0.0
20.1 0.0
20.1167 0.0
20.1333 0.0
20.15 0.0
20.1667 0.0
20.1833 0.0
20.2 0.0
20.2167 0.0
20.2333 0.0
20.25 0.0
20.2667 0.0
20.2833 0.0
20.3 0.0
20.3167 0.0
20.3333 0.0
20.35 0.0
20.3667 0.0
20.3833 0.0
20.4 0.0
20.4167 0.0
20.4333 0.0
20.45 0.0
20.4667 0.0
20.4833 0.0
20.5 0.0
20.5167 0.0
20.5333 0.0
20.55 0.0
20.5667 0.0
20.5833 0.0
20.6 0.0
20.6167 0.0
20.6333 0.0
20.65 0.0
20.6667 0.0
20.6833 0.0
20.7 0.0
20.7167 0.0
20.7333 0.0
20.75 0.0
20.7667 0.0
20.7833 0.0
20.8 0.0
20.8167 0.0
20.8333 0.0
20.85 0.0
20.8667 0.0
20.8833 0.0
20.9 0.0
20.9167 0.0
20.9333 0.0
20.95 0.0
20.9667 0.0
20.9833 0.0
21.0 0.0
21.0167 0.0
21.0333 0.0
21.05 0.0
21.0667 0.0
21.0833 0.0
21.1 0.0
21.1167 0.0
21.1333 0.0
21.15 0.0
21.1667 0.0
21.1833 0.0
21.2 0.0
21.2167 0.0
21.2333 0.0
21.25 0.0
21.2667 0.0
21.2833 0.0
21.3 0.0
21.3167 0.0
21.3333 0.0
21.35 0.0
21.3667 0.0
21.3833 0.0
21.4 0.0
21.4167 0.0
21.4333 0.0
21.45 0.0
21.4667 0.0
21.4833 0.0
21.5 0.0
21.5167 0.0
21.5333 0.0
21.55 0.0
21.5667 0.0
21.5833 0.0
21.6 0.0
21.6167 0.0
21.6333 0.0
21.65 0.0
21.6667 0.0
21.6833 0.0
21.7 0.0
21.7167 0.0
21.7333 0.0
21.75 0.0
21.7667 0.0
21.7833 0.0
21.8 0.0
21.8167 0.0
21.8333 0.0
21.85 0.0
21.8667 0.0
21.8833 0.0
21.9 0.0
21.9167 0.0
21.9333 0.0
21.95 0.0
21.9667 0.0
21.9833 0.0
22.0 0.0
22.0167 0.0
22.0333 0.0
22.05 0.0
22.0667 0.0
22.0833 0.0
22.1 0.0
22.1167 0.0
22.1333 0.0
22.15 0.0
22.1667 0.0
22.1833 0.0
22.2 0.0
22.2167 0.0
22.2333 0.0
22.25 0.0
22.2667 0.0
22.2833 0.0
22.3 0.0
22.3167 0.0
22.3333 0.0
22.35 0.0
22.3667 0.0
22.3833 0.0
22.4 0.0
22.4167 0.0
22.4333 0.0
22.45 0.0
22.4667 0.0
22.4833 0.0
22.5 0.0
22.5167 0.0
22.5333 0.0
22.55 0.0
22.5667 0.0
22.5833 0.0
22.6 0.0
22.6167 0.0
22.6333 0.0
22.65 0.0
22.6667 0.0
22.6833 0.0
22.7 0.0
22.7167 0.0
22.7333 0.0
22.75 0.0
22.7667 0.0
22.7833 0.0
22.8 0.0
22.8167 0.0
22.8333 0.0
22.85 0.0
22.8667 0.0
22.8833 0.0
22.9 0.0
22.9167 0.0
22.9333 0.0
22.95 0.0
22.9667 0.0
22.9833 0.0
23.0 0.0
23.0167 0.0
23.0333 0.0
23.05 0.0
23.0667 0.0
23.0833 0.0
23.1 0.0
23.1167 0.0
23.1333 0.0
23.15 0.0
23.1667 0.0
23.1833 0.0
23.2 0.0
23.2167 0.0
23.2333 0.0
23.25 0.0
23.2667 0.0
23.2833 0.0
23.3 0.0
23.3167 0.0
23.3333 0.0
23.35 0.0
23.3667 0.0
23.3833 0.0
23.4 0.0
23.4167 0.0
23.4333 0.0
23.45 0.0
23.4667 0.0
23.4833 0.0
23.5 0.0
23.5167 0.0
23.5333 0.0
23.55 0.0
23.5667 0.0
23.5833 0.0
23.6 0.0
23.6167 0.0
23.6333 0.0
23.65 0.0
23.6667 0.0
23.6833 0.0
23.7 0.0
23.7167 0.0
23.7333 0.0
23.75 0.0
23.7667 0.0
23.7833 0.0
23.8 0.0
23.8167 0.0
23.8333 0.0
23.85 0.0
23.8667 0.0
23.8833 0.0
23.9 0.0
23.9167 0.0
23.9333 0.0
23.95 0.0
23.9667 0.0
23.9833 0.0
