0.0 0.0
0.0167 0.0
0.0333 0.0
0.05 0.0
0.0667 0.0
0.0833 0.0
0.1 0.0
0.1167 0.0
0.1333 0.0
0.15 0.0
0.1667 0.0
0.1833 0.0
0.2 0.0
0.2167 0.0
0.2333 0.0
0.25 0.0
0.2667 0.0
0.2833 0.0
0.3 0.0
0.3167 0.0
0.3333 0.0
0.35 0.0
0.3667 0.0
0.3833 0.0
0.4 0.0
0.4167 0.0
0.4333 0.0
0.45 0.0
0.4667 0.0
0.4833 0.0
0.5 0.0
0.5167 0.0
0.5333 0.0
0.55 0.0
0.5667 0.0
0.5833 0.0
0.6 0.0
0.6167 0.0
0.6333 0.0
0.65 0.0
0.6667 0.0
0.6833 0.0
0.7 0.0
0.7167 0.0
0.7333 0.0
0.75 0.0
0.7667 0.0
0.7833 0.0
0.8 0.0
0.8167 0.0
0.8333 0.0
0.85 0.0
0.8667 0.0
0.8833 0.0
0.9 0.0
0.9167 0.0
0.9333 0.0
0.95 0.0
0.9667 0.0
0.9833 0.0
1.0 0.0
1.0167 0.0
1.0333 0.0
1.05 0.0
1.0667 0.0
1.0833 0.0
1.1 0.0
1.1167 0.0
1.1333 0.0
1.15 0.0
1.1667 0.0
1.1833 0.0
1.2 0.0
1.2167 0.0
1.2333 0.0
1.25 0.0
1.2667 0.0
1.2833 0.0
1.3 0.0
1.3167 0.0
1.3333 0.0
1.35 0.0
1.3667 0.0
1.3833 0.0
1.4 0.0
1.4167 0.0
1.4333 0.0
1.45 0.0
1.4667 0.0
1.4833 0.0
1.5 0.0
1.5167 0.0
1.5333 0.0
1.55 0.0
1.5667 0.0
1.5833 0.0
1.6 0.0
1.6167 0.0
1.6333 0.0
1.65 0.0
1.6667 0.0
1.6833 0.0
1.7 0.0
1.7167 0.0
1.7333 0.0
1.75 0.0
1.7667 0.0
1.7833 0.0
1.8 0.0
1.8167 0.0
1.8333 0.0
1.85 0.0
1.8667 0.0
1.8833 0.0
1.9 0.0
1.9167 0.0
1.9333 0.0
1.95 0.0
1.9667 0.0
1.9833 0.0
2.0 0.0
2.0167 0.0
2.0333 0.0
2.05 0.0
2.0667 0.0
2.0833 0.0
2.1 0.0
2.1167 0.0
2.1333 0.0
2.15 0.0
2.1667 0.0
2.1833 0.0
2.2 0.0
2.2167 0.0
2.2333 0.0
2.25 0.0
2.2667 0.0
2.2833 0.0
2.3 0.0
2.3167 0.0
2.3333 0.0
2.35 0.0
2.3667 0.0
2.3833 0.0
2.4 0.0
2.4167 0.0
2.4333 0.0
2.45 0.0
2.4667 0.0
2.4833 0.0
2.5 0.0
2.5167 0.0
2.5333 0.0
2.55 0.0
2.5667 0.0
2.5833 0.0
2.6 0.0
2.6167 0.0
2.6333 0.0
2.65 0.0
2.6667 0.0
2.6833 0.0
2.7 0.0
2.7167 0.0
2.7333 0.0
2.75 0.0
2.7667 0.0
2.7833 0.0
2.8 0.0
2.8167 0.0
2.8333 0.0
2.85 0.0
2.8667 0.0
2.8833 0.0
2.9 0.0
2.9167 0.0
2.9333 0.0
2.95 0.0
2.9667 0.0
2.9833 0.0
3.0 0.0
3.0167 0.0
3.0333 0.0
3.05 0.0
3.0667 0.0
3.0833 0.0
3.1 0.0
3.1167 0.0
3.1333 0.0
3.15 0.0
3.1667 0.0
3.1833 0.0
3.2 0.0
3.2167 0.0
3.2333 0.0
3.25 0.0
3.2667 0.0
3.2833 0.0
3.3 0.0
3.3167 0.0
3.3333 0.0
3.35 0.0
3.3667 0.0
3.3833 0.0
3.4 0.0
3.4167 0.0
3.4333 0.0
3.45 0.0
3.4667 0.0
3.4833 0.0
3.5 0.0
3.5167 0.0
3.5333 0.0
3.55 0.0
3.5667 0.0
3.5833 0.0
3.6 0.0
3.6167 0.0
3.6333 0.0
3.65 0.0
3.6667 0.0
3.6833 0.0
3.7 0.0
3.7167 0.0
3.7333 0.0
3.75 0.0
3.7667 0.0
3.7833 0.0
3.8 0.0
3.8167 0.0
3.8333 0.0
3.85 0.0
3.8667 0.0
3.8833 0.0
3.9 0.0
3.9167 0.0
3.9333 0.0
3.95 0.0
3.9667 0.0
3.9833 0.0
4.0 0.0
4.0167 0.0
4.0333 0.0
4.05 0.0
4.0667 0.0
4.0833 0.0
4.1 0.0
4.1167 0.0
4.1333 0.0
4.15 0.0
4.1667 0.0
4.1833 0.0
4.2 0.0
4.2167 0.0
4.2333 0.0
4.25 0.0
4.2667 0.0
4.2833 0.0
4.3 0.0
4.3167 0.0
4.3333 0.0
4.35 0.0
4.3667 0.0
4.3833 0.0
4.4 0.0
4.4167 0.0
4.4333 0.0
4.45 0.0
4.4667 0.0
4.4833 0.0
4.5 0.0
4.5167 0.0
4.5333 0.0
4.55 0.0
4.5667 0.0
4.5833 0.0
4.6 0.0
4.6167 0.0
4.6333 0.0
4.65 0.0
4.6667 0.0
4.6833 0.0
4.7 0.0
4.7167 0.0
4.7333 0.0
4.75 0.0
4.7667 0.0
4.7833 0.0
4.8 0.0
4.8167 0.0
4.8333 0.0
4.85 0.0
4.8667 0.0
4.8833 0.0
4.9 0.0
4.9167 0.0
4.9333 0.0
4.95 0.0
4.9667 0.0
4.9833 0.0
5.0 0.0
5.0167 0.0
5.0333 0.0
5.05 0.0
5.0667 0.0
5.0833 0.0
5.1 0.0
5.1167 0.0
5.1333 0.0
5.15 0.0
5.1667 0.0
5.1833 0.0
5.2 0.0
5.2167 0.0
5.2333 0.0
5.25 0.0
5.2667 0.0
5.2833 0.0
5.3 0.0
5.3167 0.0
5.3333 0.0
5.35 0.0
5.3667 0.0
5.3833 0.0
5.4 0.0
5.4167 0.0
5.4333 0.0
5.45 0.0
5.4667 0.0
5.4833 0.0
5.5 0.0
5.5167 0.0
5.5333 0.0
5.55 0.0
5.5667 0.0
5.5833 0.0
5.6 0.0
5.6167 0.0
5.6333 0.0
5.65 0.0
5.6667 0.0
5.6833 0.0
5.7 0.0
5.7167 0.0
5.7333 0.0
5.75 0.0
5.7667 0.0
5.7833 0.0
5.8 0.0
5.8167 0.0
5.8333 0.0
5.85 0.0
5.8667 0.0
5.8833 0.0
5.9 0.0
5.9167 0.0
5.9333 0.0
5.95 0.0
5.9667 0.0
5.9833 0.0
6.0 0.0
6.0167 0.0
6.0333 0.0
6.05 0.0
6.0667 0.0
6.0833 0.0
6.1 0.0
6.1167 0.0
6.1333 0.0
6.15 0.0
6.1667 0.0
6.1833 0.0
6.2 0.0
6.2167 0.0
6.2333 0.0
6.25 0.0
6.2667 0.0
6.2833 3.543e-18
6.3 9.873e-15
6.3167 2.2e-12
6.3333 9.979e-11
6.35 1.749e-09
6.3667 1.282e-08
6.3833 4.482e-08
6.4 1.051e-07
6.4167 2.085e-07
6.4333 3.788e-07
6.45 6.623e-07
6.4667 1.132e-06
6.4833 1.875e-06
6.5 2.943e-06
6.5167 4.364e-06
6.5333 6.314e-06
6.55 8.685e-06
6.5667 1.17e-05
6.5833 1.559e-05
6.6 2.049e-05
6.6167 2.643e-05
6.6333 3.364e-05
6.65 4.248e-05
6.6667 5.345e-05
6.6833 6.554e-05
6.7 8.067e-05
6.7167 9.712e-05
6.7333 0.0001186
6.75 0.0001409
6.7667 0.0001661
6.7833 0.0001949
6.8 0.000228
6.8167 0.0002647
6.8333 0.0002989
6.85 0.0003444
6.8667 0.0003878
6.8833 0.0004424
6.9 0.0004898
6.9167 0.0005462
6.9333 0.000613
6.95 0.0006907
6.9667 0.000758
6.9833 0.0008303
7.0 0.0009068
7.0167 0.0009877
7.0333 0.001073
7.05 0.001162
7.0667 0.001255
7.0833 0.001351
7.1 0.001452
7.1167 0.001557
7.1333 0.001665
7.15 0.001778
7.1667 0.001895
7.1833 0.002015
7.2 0.00214
7.2167 0.00227
7.2333 0.002403
7.25 0.002541
7.2667 0.002682
7.2833 0.002829
7.3 0.00298
7.3167 0.003135
7.3333 0.003295
7.35 0.00346
7.3667 0.00363
7.3833 0.003804
7.4 0.003984
7.4167 0.004168
7.4333 0.004358
7.45 0.004553
7.4667 0.004752
7.4833 0.004958
7.5 0.005169
7.5167 0.005385
7.5333 0.005607
7.55 0.005835
7.5667 0.006068
7.5833 0.006308
7.6 0.006553
7.6167 0.006805
7.6333 0.007062
7.65 0.007325
7.6667 0.007595
7.6833 0.007872
7.7 0.008154
7.7167 0.008444
7.7333 0.00874
7.75 0.009041
7.7667 0.00935
7.7833 0.009666
7.8 0.009989
7.8167 0.01032
7.8333 0.01065
7.85 0.011
7.8667 0.01135
7.8833 0.01171
7.9 0.01207
7.9167 0.01244
7.9333 0.01282
7.95 0.01321
7.9667 0.01361
7.9833 0.01401
8.0 0.01442
8.0167 0.01483
8.0333 0.01526
8.05 0.01569
8.0667 0.01613
8.0833 0.01658
8.1 0.01704
8.1167 0.0175
8.1333 0.01797
8.15 0.01845
8.1667 0.01894
8.1833 0.01944
8.2 0.01994
8.2167 0.02045
8.2333 0.02097
8.25 0.0215
8.2667 0.02204
8.2833 0.02258
8.3 0.02313
8.3167 0.02369
8.3333 0.02426
8.35 0.02484
8.3667 0.02542
8.3833 0.02602
8.4 0.02662
8.4167 0.02723
8.4333 0.02785
8.45 0.02847
8.4667 0.02911
8.4833 0.02975
8.5 0.0304
8.5167 0.03106
8.5333 0.03173
8.55 0.0324
8.5667 0.03309
8.5833 0.03378
8.6 0.03448
8.6167 0.03519
8.6333 0.0359
8.65 0.03663
8.6667 0.03736
8.6833 0.0381
8.7 0.03884
8.7167 0.0396
8.7333 0.04037
8.75 0.04114
8.7667 0.04191
8.7833 0.0427
8.8 0.0435
8.8167 0.0443
8.8333 0.04511
8.85 0.04593
8.8667 0.04675
8.8833 0.04758
8.9 0.04842
8.9167 0.04927
8.9333 0.05013
8.95 0.05099
8.9667 0.05185
8.9833 0.05273
9.0 0.05361
9.0167 0.0545
9.0333 0.0554
9.05 0.0563
9.0667 0.05721
9.0833 0.05813
9.1 0.05905
9.1167 0.05998
9.1333 0.06092
9.15 0.06186
9.1667 0.06281
9.1833 0.06377
9.2 0.06473
9.2167 0.0657
9.2333 0.06667
9.25 0.06765
9.2667 0.06863
9.2833 0.06962
9.3 0.07062
9.3167 0.07162
9.3333 0.07262
9.35 0.07364
9.3667 0.07465
9.3833 0.07568
9.4 0.0767
9.4167 0.07774
9.4333 0.07877
9.45 0.07981
9.4667 0.08086
9.4833 0.08191
9.5 0.08296
9.5167 0.08402
9.5333 0.08508
9.55 0.08615
9.5667 0.08722
9.5833 0.08829
9.6 0.08937
9.6167 0.09045
9.6333 0.09154
9.65 0.09263
9.6667 0.09372
9.6833 0.09481
9.7 0.09591
9.7167 0.09701
9.7333 0.09811
9.75 0.09922
9.7667 0.1003
9.7833 0.1014
9.8 0.1025
9.8167 0.1037
9.8333 0.1048
9.85 0.1059
9.8667 0.107
9.8833 0.1081
9.9 0.1093
9.9167 0.1104
9.9333 0.1115
9.95 0.1126
9.9667 0.1138
9.9833 0.1149
10.0 0.116
10.0167 0.1171
10.0333 0.1183
10.05 0.1194
10.0667 0.1205
10.0833 0.1216
10.1 0.1228
10.1167 0.1239
10.1333 0.125
10.15 0.1262
10.1667 0.1273
10.1833 0.1284
10.2 0.1295
10.2167 0.1307
10.2333 0.1318
10.25 0.1329
10.2667 0.134
10.2833 0.1351
10.3 0.1363
10.3167 0.1374
10.3333 0.1385
10.35 0.1396
10.3667 0.1407
10.3833 0.1418
10.4 0.1429
10.4167 0.144
10.4333 0.1451
10.45 0.1462
10.4667 0.1473
10.4833 0.1484
10.5 0.1495
10.5167 0.1505
10.5333 0.1516
10.55 0.1527
10.5667 0.1537
10.5833 0.1548
10.6 0.1559
10.6167 0.1569
10.6333 0.158
10.65 0.159
10.6667 0.1601
10.6833 0.1611
10.7 0.1622
10.7167 0.1632
10.7333 0.1642
10.75 0.1652
10.7667 0.1662
10.7833 0.1672
10.8 0.1682
10.8167 0.1692
10.8333 0.1702
10.85 0.1712
10.8667 0.1722
10.8833 0.1732
10.9 0.1741
10.9167 0.1751
10.9333 0.176
10.95 0.177
10.9667 0.1779
10.9833 0.1788
11.0 0.1798
11.0167 0.1807
11.0333 0.1816
11.05 0.1825
11.0667 0.1834
11.0833 0.1842
11.1 0.1851
11.1167 0.186
11.1333 0.1869
11.15 0.1877
11.1667 0.1885
11.1833 0.1894
11.2 0.1902
11.2167 0.191
11.2333 0.1918
11.25 0.1926
11.2667 0.1934
11.2833 0.1942
11.3 0.195
11.3167 0.1957
11.3333 0.1965
11.35 0.1972
11.3667 0.198
11.3833 0.1987
11.4 0.1994
11.4167 0.2001
11.4333 0.2007
11.45 0.2015
11.4667 0.2022
11.4833 0.2028
11.5 0.2035
11.5167 0.2041
11.5333 0.2048
11.55 0.2053
11.5667 0.206
11.5833 0.2066
11.6 0.2072
11.6167 0.2078
11.6333 0.2084
11.65 0.2089
11.6667 0.2095
11.6833 0.21
11.7 0.2106
11.7167 0.2111
11.7333 0.2116
11.75 0.212
11.7667 0.2126
11.7833 0.213
11.8 0.2135
11.8167 0.2139
11.8333 0.2144
11.85 0.2148
11.8667 0.2152
11.8833 0.2156
11.9 0.216
11.9167 0.2164
11.9333 0.2167
11.95 0.2171
11.9667 0.2174
11.9833 0.2178
12.0 0.2181
12.0167 0.2184
12.0333 0.2187
12.05 0.219
12.0667 0.2192
12.0833 0.2195
12.1 0.2197
12.1167 0.22
12.1333 0.2202
12.15 0.2204
12.1667 0.2206
12.1833 0.2208
12.2 0.2209
12.2167 0.2211
12.2333 0.2212
12.25 0.2214
12.2667 0.2214
12.2833 0.2216
12.3 0.2217
12.3167 0.2218
12.3333 0.2218
12.35 0.2219
12.3667 0.2219
12.3833 0.222
12.4 0.222
12.4167 0.222
12.4333 0.222
12.45 0.222
12.4667 0.2219
12.4833 0.2219
12.5 0.2218
12.5167 0.2218
12.5333 0.2217
12.55 0.2215
12.5667 0.2214
12.5833 0.2214
12.6 0.2212
12.6167 0.2211
12.6333 0.2209
12.65 0.2207
12.6667 0.2206
12.6833 0.2204
12.7 0.2202
12.7167 0.2199
12.7333 0.2197
12.75 0.2195
12.7667 0.2192
12.7833 0.2189
12.8 0.2187
12.8167 0.2184
12.8333 0.2181
12.85 0.2177
12.8667 0.2174
12.8833 0.2171
12.9 0.2167
12.9167 0.2163
12.9333 0.216
12.95 0.2156
12.9667 0.2152
12.9833 0.2147
13.0 0.2143
13.0167 0.2139
13.0333 0.2134
13.05 0.213
13.0667 0.2125
13.0833 0.2119
13.1 0.2115
13.1167 0.211
13.1333 0.2105
13.15 0.21
13.1667 0.2094
13.1833 0.2089
13.2 0.2083
13.2167 0.2077
13.2333 0.2072
13.25 0.2066
13.2667 0.206
13.2833 0.2052
13.3 0.2047
13.3167 0.2041
13.3333 0.2035
13.35 0.2028
13.3667 0.2021
13.3833 0.2014
13.4 0.2007
13.4167 0.2
13.4333 0.1994
13.45 0.1986
13.4667 0.1979
13.4833 0.1971
13.5 0.1964
13.5167 0.1957
13.5333 0.1949
13.55 0.1941
13.5667 0.1934
13.5833 0.1926
13.6 0.1917
13.6167 0.191
13.6333 0.1901
13.65 0.1893
13.6667 0.1885
13.6833 0.1876
13.7 0.1868
13.7167 0.1859
13.7333 0.1851
13.75 0.1841
13.7667 0.1833
13.7833 0.1824
13.8 0.1815
13.8167 0.1806
13.8333 0.1797
13.85 0.1788
13.8667 0.1778
13.8833 0.1769
13.9 0.1759
13.9167 0.175
13.9333 0.174
13.95 0.1731
13.9667 0.1721
13.9833 0.1711
14.0 0.1701
14.0167 0.1691
14.0333 0.1682
14.05 0.1672
14.0667 0.1661
14.0833 0.1651
14.1 0.1641
14.1167 0.1631
14.1333 0.1621
14.15 0.161
14.1667 0.16
14.1833 0.159
14.2 0.1579
14.2167 0.1568
14.2333 0.1558
14.25 0.1547
14.2667 0.1537
14.2833 0.1526
14.3 0.1515
14.3167 0.1505
14.3333 0.1494
14.35 0.1483
14.3667 0.1472
14.3833 0.1461
14.4 0.145
14.4167 0.1439
14.4333 0.1428
14.45 0.1417
14.4667 0.1406
14.4833 0.1395
14.5 0.1384
14.5167 0.1373
14.5333 0.1362
14.55 0.1351
14.5667 0.1339
14.5833 0.1328
14.6 0.1317
14.6167 0.1306
14.6333 0.1295
14.65 0.1283
14.6667 0.1272
14.6833 0.126
14.7 0.1249
14.7167 0.1238
14.7333 0.1227
14.75 0.1216
14.7667 0.1204
14.7833 0.1193
14.8 0.1182
14.8167 0.117
14.8333 0.1159
14.85 0.1148
14.8667 0.1137
14.8833 0.1125
14.9 0.1114
14.9167 0.1103
14.9333 0.1092
14.95 0.108
14.9667 0.1069
14.9833 0.1058
15.0 0.1047
15.0167 0.1036
15.0333 0.1025
15.05 0.1013
15.0667 0.1002
15.0833 0.09913
15.1 0.09802
15.1167 0.09692
15.1333 0.09582
15.15 0.09472
15.1667 0.09363
15.1833 0.09254
15.2 0.09145
15.2167 0.09037
15.2333 0.08929
15.25 0.08821
15.2667 0.08713
15.2833 0.08606
15.3 0.085
15.3167 0.08394
15.3333 0.08288
15.35 0.08182
15.3667 0.08077
15.3833 0.07973
15.4 0.07869
15.4167 0.07765
15.4333 0.07662
15.45 0.07559
15.4667 0.07457
15.4833 0.07356
15.5 0.07255
15.5167 0.07154
15.5333 0.07054
15.55 0.06954
15.5667 0.06855
15.5833 0.06757
15.6 0.06659
15.6167 0.06562
15.6333 0.06465
15.65 0.06369
15.6667 0.06274
15.6833 0.06179
15.7 0.06085
15.7167 0.05991
15.7333 0.05898
15.75 0.05806
15.7667 0.05714
15.7833 0.05623
15.8 0.05533
15.8167 0.05444
15.8333 0.05355
15.85 0.05266
15.8667 0.05179
15.8833 0.05092
15.9 0.05006
15.9167 0.04921
15.9333 0.04836
15.95 0.04752
15.9667 0.04669
15.9833 0.04586
16.0 0.04505
16.0167 0.04424
16.0333 0.04344
16.05 0.04264
16.0667 0.04186
16.0833 0.04108
16.1 0.04031
16.1167 0.03954
16.1333 0.03879
16.15 0.03804
16.1667 0.0373
16.1833 0.03657
16.2 0.03585
16.2167 0.03513
16.2333 0.03443
16.25 0.03373
16.2667 0.03304
16.2833 0.03235
16.3 0.03168
16.3167 0.03101
16.3333 0.03035
16.35 0.0297
16.3667 0.02906
16.3833 0.02843
16.4 0.0278
16.4167 0.02718
16.4333 0.02658
16.45 0.02597
16.4667 0.02538
16.4833 0.0248
16.5 0.02422
16.5167 0.02365
16.5333 0.02309
16.55 0.02254
16.5667 0.022
16.5833 0.02146
16.6 0.02093
16.6167 0.02042
16.6333 0.0199
16.65 0.0194
16.6667 0.01891
16.6833 0.01842
16.7 0.01794
16.7167 0.01747
16.7333 0.01701
16.75 0.01655
16.7667 0.0161
16.7833 0.01566
16.8 0.01523
16.8167 0.01481
16.8333 0.01439
16.85 0.01398
16.8667 0.01358
16.8833 0.01318
16.9 0.0128
16.9167 0.01242
16.9333 0.01205
16.95 0.01168
16.9667 0.01133
16.9833 0.01098
17.0 0.01063
17.0167 0.0103
17.0333 0.009967
17.05 0.009645
17.0667 0.00933
17.0833 0.009021
17.1 0.008719
17.1167 0.008424
17.1333 0.008135
17.15 0.007853
17.1667 0.007577
17.1833 0.007308
17.2 0.007045
17.2167 0.006788
17.2333 0.006537
17.25 0.006292
17.2667 0.006053
17.2833 0.00582
17.3 0.005593
17.3167 0.005371
17.3333 0.005155
17.35 0.004945
17.3667 0.004739
17.3833 0.00454
17.4 0.004345
17.4167 0.004156
17.4333 0.003972
17.45 0.003793
17.4667 0.003619
17.4833 0.00345
17.5 0.003285
17.5167 0.003125
17.5333 0.00297
17.55 0.00282
17.5667 0.002673
17.5833 0.002532
17.6 0.002395
17.6167 0.002261
17.6333 0.002133
17.65 0.002008
17.6667 0.001888
17.6833 0.001771
17.7 0.001659
17.7167 0.00155
17.7333 0.001446
17.75 0.001345
17.7667 0.001249
17.7833 0.001156
17.8 0.001068
17.8167 0.0009828
17.8333 0.0009022
17.85 0.0008257
17.8667 0.0007538
17.8833 0.0006865
17.9 0.0006087
17.9167 0.0005427
17.9333 0.0004869
17.95 0.0004398
17.9667 0.0003846
17.9833 0.0003423
18.0 0.0002966
18.0167 0.0002602
18.0333 0.0002265
18.05 0.0001936
18.0667 0.0001649
18.0833 0.0001399
18.1 0.0001162
18.1167 9.613e-05
18.1333 7.997e-05
18.15 6.47e-05
18.1667 5.297e-05
18.1833 4.202e-05
18.2 3.318e-05
18.2167 2.599e-05
18.2333 2.01e-05
18.25 1.533e-05
18.2667 1.153e-05
18.2833 8.57e-06
18.3 6.134e-06
18.3167 4.291e-06
18.3333 2.849e-06
18.35 1.839e-06
18.3667 1.106e-06
18.3833 6.454e-07
18.4 3.686e-07
18.4167 2.024e-07
18.4333 1.018e-07
18.45 4.186e-08
18.4667 1.187e-08
18.4833 1.584e-09
18.5 8.519e-11
18.5167 1.533e-12
18.5333 7.66e-15
18.55 2.29e-18
18.5667 0.0
18.5833 0.0
18.6 0.0
18.6167 0.0
18.6333 0.0
18.65 0.0
18.6667 0.0
18.6833 0.0
18.7 0.0
18.7167 0.0
18.7333 0.0
18.75 0.0
18.7667 0.0
18.7833 0.0
18.8 0.0
18.8167 0.0
18.8333 0.0
18.85 0.0
18.8667 0.0
18.8833 0.0
18.9 0.0
18.9167 0.0
18.9333 0.0
18.95 0.0
18.9667 0.0
18.9833 0.0
19.0 0.0
19.0167 0.0
19.0333 0.0
19.05 0.0
19.0667 0.0
19.0833 0.0
19.1 0.0
19.1167 0.0
19.1333 0.0
19.15 0.0
19.1667 0.0
19.1833 0.0
19.2 0.0
19.2167 0.0
19.2333 0.0
19.25 0.0
19.2667 0.0
19.2833 0.0
19.3 0.0
19.3167 0.0
19.3333 0.0
19.35 0.0
19.3667 0.0
19.3833 0.0
19.4 0.0
19.4167 0.0
19.4333 0.0
19.45 0.0
19.4667 0.0
19.4833 0.0
19.5 0.0
19.5167 0.0
19.5333 0.0
19.55 0.0
19.5667 0.0
19.5833 0.0
19.6 0.0
19.6167 0.0
19.6333 0.0
19.65 0.0
19.6667 0.0
19.6833 0.0
19.7 0.0
19.7167 0.0
19.7333 0.0
19.75 0.0
19.7667 0.0
19.7833 0.0
19.8 0.0
19.8167 0.0
19.8333 0.0
19.85 0.0
19.8667 0.0
19.8833 0.0
19.9 0.0
19.9167 0.0
19.9333 0.0
19.95 0.0
19.9667 0.0
19.9833 0.0
20.0 0.0
20.0167 0.0
20.0333 0.0
20.05 0.0
20.0667 0.0
20.0833 0.0
20.1 0.0
20.1167 0.0
20.1333 0.0
20.15 0.0
20.1667 0.0
20.1833 0.0
20.2 0.0
20.2167 0.0
20.2333 0.0
20.25 0.0
20.2667 0.0
20.2833 0.0
20.3 0.0
20.3167 0.0
20.3333 0.0
20.35 0.0
20.3667 0.0
20.3833 0.0
20.4 0.0
20.4167 0.0
20.4333 0.0
20.45 0.0
20.4667 0.0
20.4833 0.0
20.5 0.0
20.5167 0.0
20.5333 0.0
20.55 0.0
20.5667 0.0
20.5833 0.0
20.6 0.0
20.6167 0.0
20.6333 0.0
20.65 0.0
20.6667 0.0
20.6833 0.0
20.7 0.0
20.7167 0.0
20.7333 0.0
20.75 0.0
20.7667 0.0
20.7833 0.0
20.8 0.0
20.8167 0.0
20.8333 0.0
20.85 0.0
20.8667 0.0
20.8833 0.0
20.9 0.0
20.9167 0.0
20.9333 0.0
20.95 0.0
20.9667 0.0
20.9833 0.0
21.0 0.0
21.0167 0.0
21.0333 0.0
21.05 0.0
21.0667 0.0
21.0833 0.0
21.1 0.0
21.1167 0.0
21.1333 0.0
21.15 0.0
21.1667 0.0
21.1833 0.0
21.2 0.0
21.2167 0.0
21.2333 0.0
21.25 0.0
21.2667 0.0
21.2833 0.0
21.3 0.0
21.3167 0.0
21.3333 0.0
21.35 0.0
21.3667 0.0
21.3833 0.0
21.4 0.0
21.4167 0.0
21.4333 0.0
21.45 0.0
21.4667 0.0
21.4833 0.0
21.5 0.0
21.5167 0.0
21.5333 0.0
21.55 0.0
21.5667 0.0
21.5833 0.0
21.6 0.0
21.6167 0.0
21.6333 0.0
21.65 0.0
21.6667 0.0
21.6833 0.0
21.7 0.0
21.7167 0.0
21.7333 0.0
21.75 0.0
21.7667 0.0
21.7833 0.0
21.8 0.0
21.8167 0.0
21.8333 0.0
21.85 0.0
21.8667 0.0
21.8833 0.0
21.9 0.0
21.9167 0.0
21.9333 0.0
21.95 0.0
21.9667 0.0
21.9833 0.0
22.0 0.0
22.0167 0.0
22.0333 0.0
22.05 0.0
22.0667 0.0
22.0833 0.0
22.1 0.0
22.1167 0.0
22.1333 0.0
22.15 0.0
22.1667 0.0
22.1833 0.0
22.2 0.0
22.2167 0.0
22.2333 0.0
22.25 0.0
22.2667 0.0
22.2833 0.0
22.3 0.0
22.3167 0.0
22.3333 0.0
22.35 0.0
22.3667 0.0
22.3833 0.0
22.4 0.0
22.4167 0.0
22.4333 0.0
22.45 0.0
22.4667 0.0
22.4833 0.0
22.5 0.0
22.5167 0.0
22.5333 0.0
22.55 0.0
22.5667 0.0
22.5833 0.0
22.6 0.0
22.6167 0.0
22.6333 0.0
22.65 0.0
22.6667 0.0
22.6833 0.0
22.7 0.0
22.7167 0.0
22.7333 0.0
22.75 0.0
22.7667 0.0
22.7833 0.0
22.8 0.0
22.8167 0.0
22.8333 0.0
22.85 0.0
22.8667 0.0
22.8833 0.0
22.9 0.0
22.9167 0.0
22.9333 0.0
22.95 0.0
22.9667 0.0
22.9833 0.0
23.0 0.0
23.0167 0.0
23.0333 0.0
23.05 0.0
23.0667 0.0
23.0833 0.0
23.1 0.0
23.1167 0.0
23.1333 0.0
23.15 0.0
23.1667 0.0
23.1833 0.0
23.2 0.0
23.2167 0.0
23.2333 0.0
23.25 0.0
23.2667 0.0
23.2833 0.0
23.3 0.0
23.3167 0.0
23.3333 0.0
23.35 0.0
23.3667 0.0
23.3833 0.0
23.4 0.0
23.4167 0.0
23.4333 0.0
23.45 0.0
23.4667 0.0
23.4833 0.0
23.5 0.0
23.5167 0.0
23.5333 0.0
23.55 0.0
23.5667 0.0
23.5833 0.0
23.6 0.0
23.6167 0.0
23.6333 0.0
23.65 0.0
23.6667 0.0
23.6833 0.0
23.7 0.0
23.7167 0.0
23.7333 0.0
23.75 0.0
23.7667 0.0
23.7833 0.0
23.8 0.0
23.8167 0.0
23.8333 0.0
23.85 0.0
23.8667 0.0
23.8833 0.0
23.9 0.0
23.9167 0.0
23.9333 0.0
23.95 0.0
23.9667 0.0
23.9833 0.0
