0.0 0.0
0.0167 0.0
0.0333 0.0
0.05 0.0
0.0667 0.0
0.0833 0.0
0.1 0.0
0.1167 0.0
0.1333 0.0
0.15 0.0
0.1667 0.0
0.1833 0.0
0.2 0.0
0.2167 0.0
0.2333 0.0
0.25 0.0
0.2667 0.0
0.2833 0.0
0.3 0.0
0.3167 0.0
0.3333 0.0
0.35 0.0
0.3667 0.0
0.3833 0.0
0.4 0.0
0.4167 0.0
0.4333 0.0
0.45 0.0
0.4667 0.0
0.4833 0.0
0.5 0.0
0.5167 0.0
0.5333 0.0
0.55 0.0
0.5667 0.0
0.5833 0.0
0.6 0.0
0.6167 0.0
0.6333 0.0
0.65 0.0
0.6667 0.0
0.6833 0.0
0.7 0.0
0.7167 0.0
0.7333 0.0
0.75 0.0
0.7667 0.0
0.7833 0.0
0.8 0.0
0.8167 0.0
0.8333 0.0
0.85 0.0
0.8667 0.0
0.8833 0.0
0.9 0.0
0.9167 0.0
0.9333 0.0
0.95 0.0
0.9667 0.0
0.9833 0.0
1.0 0.0
1.0167 0.0
1.0333 0.0
1.05 0.0
1.0667 0.0
1.0833 0.0
1.1 0.0
1.1167 0.0
1.1333 0.0
1.15 0.0
1.1667 0.0
1.1833 0.0
1.2 0.0
1.2167 0.0
1.2333 0.0
1.25 0.0
1.2667 0.0
1.2833 0.0
1.3 0.0
1.3167 0.0
1.3333 0.0
1.35 0.0
1.3667 0.0
1.3833 0.0
1.4 0.0
1.4167 0.0
1.4333 0.0
1.45 0.0
1.4667 0.0
1.4833 0.0
1.5 0.0
1.5167 0.0
1.5333 0.0
1.55 0.0
1.5667 0.0
1.5833 0.0
1.6 0.0
1.6167 0.0
1.6333 0.0
1.65 0.0
1.6667 0.0
1.6833 0.0
1.7 0.0
1.7167 0.0
1.7333 0.0
1.75 0.0
1.7667 0.0
1.7833 0.0
1.8 0.0
1.8167 0.0
1.8333 0.0
1.85 0.0
1.8667 0.0
1.8833 0.0
1.9 0.0
1.9167 0.0
1.9333 0.0
1.95 0.0
1.9667 0.0
1.9833 0.0
2.0 0.0
2.0167 0.0
2.0333 0.0
2.05 0.0
2.0667 0.0
2.0833 0.0
2.1 0.0
2.1167 0.0
2.1333 0.0
2.15 0.0
2.1667 0.0
2.1833 0.0
2.2 0.0
2.2167 0.0
2.2333 0.0
2.25 0.0
2.2667 0.0
2.2833 0.0
2.3 0.0
2.3167 0.0
2.3333 0.0
2.35 0.0
2.3667 0.0
2.3833 0.0
2.4 0.0
2.4167 0.0
2.4333 0.0
2.45 0.0
2.4667 0.0
2.4833 0.0
2.5 0.0
2.5167 0.0
2.5333 0.0
2.55 0.0
2.5667 0.0
2.5833 0.0
2.6 0.0
2.6167 0.0
2.6333 0.0
2.65 0.0
2.6667 0.0
2.6833 0.0
2.7 0.0
2.7167 0.0
2.7333 0.0
2.75 0.0
2.7667 0.0
2.7833 0.0
2.8 0.0
2.8167 0.0
2.8333 0.0
2.85 0.0
2.8667 0.0
2.8833 0.0
2.9 0.0
2.9167 0.0
2.9333 0.0
2.95 0.0
2.9667 0.0
2.9833 0.0
3.0 0.0
3.0167 0.0
3.0333 0.0
3.05 0.0
3.0667 0.0
3.0833 0.0
3.1 0.0
3.1167 0.0
3.1333 0.0
3.15 0.0
3.1667 0.0
3.1833 0.0
3.2 0.0
3.2167 0.0
3.2333 0.0
3.25 0.0
3.2667 0.0
3.2833 0.0
3.3 0.0
3.3167 0.0
3.3333 0.0
3.35 0.0
3.3667 0.0
3.3833 0.0
3.4 0.0
3.4167 0.0
3.4333 0.0
3.45 0.0
3.4667 0.0
3.4833 0.0
3.5 0.0
3.5167 0.0
3.5333 0.0
3.55 0.0
3.5667 0.0
3.5833 0.0
3.6 0.0
3.6167 0.0
3.6333 0.0
3.65 0.0
3.6667 0.0
3.6833 0.0
3.7 0.0
3.7167 0.0
3.7333 0.0
3.75 0.0
3.7667 0.0
3.7833 0.0
3.8 0.0
3.8167 0.0
3.8333 0.0
3.85 0.0
3.8667 0.0
3.8833 0.0
3.9 0.0
3.9167 0.0
3.9333 0.0
3.95 0.0
3.9667 0.0
3.9833 0.0
4.0 0.0
4.0167 0.0
4.0333 0.0
4.05 0.0
4.0667 0.0
4.0833 0.0
4.1 0.0
4.1167 0.0
4.1333 0.0
4.15 0.0
4.1667 0.0
4.1833 0.0
4.2 0.0
4.2167 0.0
4.2333 0.0
4.25 0.0
4.2667 0.0
4.2833 0.0
4.3 0.0
4.3167 0.0
4.3333 0.0
4.35 0.0
4.3667 0.0
4.3833 0.0
4.4 0.0
4.4167 0.0
4.4333 0.0
4.45 0.0
4.4667 0.0
4.4833 0.0
4.5 0.0
4.5167 0.0
4.5333 0.0
4.55 0.0
4.5667 0.0
4.5833 0.0
4.6 0.0
4.6167 0.0
4.6333 0.0
4.65 0.0
4.6667 0.0
4.6833 0.0
4.7 0.0
4.7167 0.0
4.7333 0.0
4.75 0.0
4.7667 0.0
4.7833 0.0
4.8 0.0
4.8167 0.0
4.8333 0.0
4.85 0.0
4.8667 0.0
4.8833 0.0
4.9 0.0
4.9167 0.0
4.9333 0.0
4.95 0.0
4.9667 0.0
4.9833 0.0
5.0 0.0
5.0167 0.0
5.0333 0.0
5.05 0.0
5.0667 0.0
5.0833 0.0
5.1 0.0
5.1167 0.0
5.1333 0.0
5.15 0.0
5.1667 0.0
5.1833 0.0
5.2 0.0
5.2167 0.0
5.2333 0.0
5.25 0.0
5.2667 0.0
5.2833 0.0
5.3 0.0
5.3167 0.0
5.3333 0.0
5.35 0.0
5.3667 0.0
5.3833 7.055e-20
5.4 8.751e-16
5.4167 2.295e-13
5.4333 1.723e-11
5.45 3.748e-10
5.4667 3.913e-09
5.4833 1.886e-08
5.5 5.309e-08
5.5167 1.125e-07
5.5333 2.081e-07
5.55 3.565e-07
5.5667 5.863e-07
5.5833 9.575e-07
5.6 1.536e-06
5.6167 2.307e-06
5.6333 3.428e-06
5.65 4.775e-06
5.6667 6.54e-06
5.6833 8.881e-06
5.7 1.169e-05
5.7167 1.518e-05
5.7333 1.955e-05
5.75 2.468e-05
5.7667 3.081e-05
5.7833 3.856e-05
5.8 4.77e-05
5.8167 5.811e-05
5.8333 7.036e-05
5.85 8.561e-05
5.8667 0.0001015
5.8833 0.0001198
5.9 0.0001409
5.9167 0.0001647
5.9333 0.0001919
5.95 0.0002234
5.9667 0.0002517
5.9833 0.0002882
6.0 0.0003254
6.0167 0.000369
6.0333 0.0004085
6.05 0.0004551
6.0667 0.0005103
6.0833 0.000574
6.1 0.0006295
6.1167 0.0006889
6.1333 0.0007521
6.15 0.0008186
6.1667 0.0008886
6.1833 0.0009619
6.2 0.001039
6.2167 0.001118
6.2333 0.001201
6.25 0.001288
6.2667 0.001377
6.2833 0.00147
6.3 0.001567
6.3167 0.001667
6.3333 0.00177
6.35 0.001877
6.3667 0.001987
6.3833 0.002101
6.4 0.002218
6.4167 0.00234
6.4333 0.002464
6.45 0.002593
6.4667 0.002726
6.4833 0.002863
6.5 0.003004
6.5167 0.003149
6.5333 0.003299
6.55 0.003453
6.5667 0.003611
6.5833 0.003773
6.6 0.003941
6.6167 0.004112
6.6333 0.004289
6.65 0.004471
6.6667 0.004657
6.6833 0.004849
6.7 0.005045
6.7167 0.005247
6.7333 0.005454
6.75 0.005667
6.7667 0.005885
6.7833 0.006108
6.8 0.006337
6.8167 0.006572
6.8333 0.006813
6.85 0.007059
6.8667 0.007312
6.8833 0.007571
6.9 0.007835
6.9167 0.008106
6.9333 0.008384
6.95 0.008667
6.9667 0.008958
6.9833 0.009255
7.0 0.009558
7.0167 0.009869
7.0333 0.01019
7.05 0.01051
7.0667 0.01084
7.0833 0.01118
7.1 0.01152
7.1167 0.01188
7.1333 0.01224
7.15 0.0126
7.1667 0.01298
7.1833 0.01336
7.2 0.01375
7.2167 0.01415
7.2333 0.01456
7.25 0.01497
7.2667 0.01539
7.2833 0.01582
7.3 0.01626
7.3167 0.0167
7.3333 0.01716
7.35 0.01762
7.3667 0.01809
7.3833 0.01857
7.4 0.01905
7.4167 0.01955
7.4333 0.02005
7.45 0.02057
7.4667 0.02109
7.4833 0.02162
7.5 0.02216
7.5167 0.0227
7.5333 0.02326
7.55 0.02383
7.5667 0.0244
7.5833 0.02498
7.6 0.02558
7.6167 0.02618
7.6333 0.02679
7.65 0.02741
7.6667 0.02804
7.6833 0.02868
7.7 0.02932
7.7167 0.02998
7.7333 0.03065
7.75 0.03132
7.7667 0.03201
7.7833 0.0327
7.8 0.03341
7.8167 0.03412
7.8333 0.03484
7.85 0.03557
7.8667 0.03632
7.8833 0.03707
7.9 0.03783
7.9167 0.0386
7.9333 0.03938
7.95 0.04017
7.9667 0.04097
7.9833 0.04178
8.0 0.0426
8.0167 0.04342
8.0333 0.04426
8.05 0.04511
8.0667 0.04597
8.0833 0.04683
8.1 0.04771
8.1167 0.04859
8.1333 0.04949
8.15 0.05039
8.1667 0.05131
8.1833 0.05223
8.2 0.05317
8.2167 0.05411
8.2333 0.05506
8.25 0.05602
8.2667 0.05699
8.2833 0.05797
8.3 0.05896
8.3167 0.05996
8.3333 0.06097
8.35 0.06199
8.3667 0.06302
8.3833 0.06405
8.4 0.0651
8.4167 0.06615
8.4333 0.06722
8.45 0.06829
8.4667 0.06937
8.4833 0.07046
8.5 0.07156
8.5167 0.07267
8.5333 0.07379
8.55 0.07491
8.5667 0.07605
8.5833 0.07719
8.6 0.07834
8.6167 0.0795
8.6333 0.08067
8.65 0.08185
8.6667 0.08303
8.6833 0.08423
8.7 0.08543
8.7167 0.08664
8.7333 0.08786
8.75 0.08909
8.7667 0.09032
8.7833 0.09156
8.8 0.09281
8.8167 0.09407
8.8333 0.09533
8.85 0.09659
8.8667 0.09789
8.8833 0.09918
8.9 0.1004
8.9167 0.1018
8.9333 0.1031
8.95 0.1044
8.9667 0.1057
8.9833 0.1071
9.0 0.1084
9.0167 0.1097
9.0333 0.1111
9.05 0.1124
9.0667 0.1138
9.0833 0.1152
9.1 0.1166
9.1167 0.1179
9.1333 0.1193
9.15 0.1207
9.1667 0.1221
9.1833 0.1235
9.2 0.1249
9.2167 0.1264
9.2333 0.1278
9.25 0.1292
9.2667 0.1306
9.2833 0.1321
9.3 0.1335
9.3167 0.135
9.3333 0.1364
9.35 0.1379
9.3667 0.1393
9.3833 0.1408
9.4 0.1423
9.4167 0.1438
9.4333 0.1452
9.45 0.1467
9.4667 0.1482
9.4833 0.1497
9.5 0.1512
9.5167 0.1526
9.5333 0.1542
9.55 0.1557
9.5667 0.1572
9.5833 0.1587
9.6 0.1602
9.6167 0.1618
9.6333 0.1633
9.65 0.1647
9.6667 0.1663
9.6833 0.1678
9.7 0.1694
9.7167 0.1709
9.7333 0.1724
9.75 0.174
9.7667 0.1755
9.7833 0.177
9.8 0.1786
9.8167 0.1801
9.8333 0.1817
9.85 0.1832
9.8667 0.1847
9.8833 0.1863
9.9 0.1878
9.9167 0.1894
9.9333 0.1909
9.95 0.1925
9.9667 0.194
9.9833 0.1955
10.0 0.1971
10.0167 0.1986
10.0333 0.2001
10.05 0.2017
10.0667 0.2033
10.0833 0.2048
10.1 0.2063
10.1167 0.2079
10.1333 0.2094
10.15 0.2109
10.1667 0.2125
10.1833 0.214
10.2 0.2155
10.2167 0.2171
10.2333 0.2186
10.25 0.2201
10.2667 0.2216
10.2833 0.2232
10.3 0.2247
10.3167 0.226
10.3333 0.2276
10.35 0.2292
10.3667 0.2307
10.3833 0.2321
10.4 0.2337
10.4167 0.2352
10.4333 0.2367
10.45 0.2382
10.4667 0.2396
10.4833 0.2411
10.5 0.2426
10.5167 0.244
10.5333 0.2455
10.55 0.247
10.5667 0.2484
10.5833 0.2499
10.6 0.2513
10.6167 0.2527
10.6333 0.2542
10.65 0.2556
10.6667 0.257
10.6833 0.2584
10.7 0.2598
10.7167 0.2612
10.7333 0.2626
10.75 0.264
10.7667 0.2653
10.7833 0.2667
10.8 0.2682
10.8167 0.2695
10.8333 0.2709
10.85 0.2722
10.8667 0.2736
10.8833 0.2749
10.9 0.2762
10.9167 0.2775
10.9333 0.2787
10.95 0.2801
10.9667 0.2814
10.9833 0.2827
11.0 0.284
11.0167 0.2853
11.0333 0.2865
11.05 0.2878
11.0667 0.289
11.0833 0.2903
11.1 0.2913
11.1167 0.2927
11.1333 0.2939
11.15 0.2951
11.1667 0.2963
11.1833 0.2975
11.2 0.2986
11.2167 0.2998
11.2333 0.3009
11.25 0.3021
11.2667 0.3032
11.2833 0.3043
11.3 0.3054
11.3167 0.3065
11.3333 0.3076
11.35 0.3087
11.3667 0.3098
11.3833 0.3108
11.4 0.3118
11.4167 0.3128
11.4333 0.3139
11.45 0.3149
11.4667 0.3159
11.4833 0.3169
11.5 0.3179
11.5167 0.3186
11.5333 0.3198
11.55 0.3207
11.5667 0.3216
11.5833 0.3226
11.6 0.3235
11.6167 0.3242
11.6333 0.3253
11.65 0.3261
11.6667 0.327
11.6833 0.3278
11.7 0.3287
11.7167 0.3293
11.7333 0.3303
11.75 0.3311
11.7667 0.3318
11.7833 0.3326
11.8 0.3334
11.8167 0.3341
11.8333 0.3348
11.85 0.3355
11.8667 0.3362
11.8833 0.3369
11.9 0.3376
11.9167 0.3382
11.9333 0.3389
11.95 0.3395
11.9667 0.3402
11.9833 0.3408
12.0 0.3414
12.0167 0.3419
12.0333 0.3425
12.05 0.343
12.0667 0.3436
12.0833 0.3441
12.1 0.3446
12.1167 0.3451
12.1333 0.3456
12.15 0.346
12.1667 0.3465
12.1833 0.3469
12.2 0.3473
12.2167 0.3477
12.2333 0.348
12.25 0.3485
12.2667 0.3489
12.2833 0.3492
12.3 0.3496
12.3167 0.3499
12.3333 0.3502
12.35 0.3505
12.3667 0.3508
12.3833 0.351
12.4 0.3513
12.4167 0.3515
12.4333 0.3517
12.45 0.3519
12.4667 0.3521
12.4833 0.3523
12.5 0.3524
12.5167 0.3526
12.5333 0.3527
12.55 0.3528
12.5667 0.3529
12.5833 0.353
12.6 0.353
12.6167 0.3531
12.6333 0.3531
12.65 0.3531
12.6667 0.3531
12.6833 0.3531
12.7 0.3531
12.7167 0.3531
12.7333 0.353
12.75 0.353
12.7667 0.3529
12.7833 0.3528
12.8 0.3527
12.8167 0.3525
12.8333 0.3524
12.85 0.3522
12.8667 0.352
12.8833 0.3519
12.9 0.3517
12.9167 0.3514
12.9333 0.3512
12.95 0.3509
12.9667 0.3507
12.9833 0.3504
13.0 0.3501
13.0167 0.3498
13.0333 0.3495
13.05 0.3491
13.0667 0.3488
13.0833 0.3484
13.1 0.3479
13.1167 0.3476
13.1333 0.3472
13.15 0.3468
13.1667 0.3464
13.1833 0.3459
13.2 0.3455
13.2167 0.345
13.2333 0.3445
13.25 0.344
13.2667 0.3434
13.2833 0.3429
13.3 0.3424
13.3167 0.3418
13.3333 0.3412
13.35 0.3406
13.3667 0.34
13.3833 0.3394
13.4 0.3386
13.4167 0.3381
13.4333 0.3374
13.45 0.3368
13.4667 0.3361
13.4833 0.3354
13.5 0.3346
13.5167 0.3339
13.5333 0.3332
13.55 0.3324
13.5667 0.3316
13.5833 0.3309
13.6 0.3301
13.6167 0.3292
13.6333 0.3284
13.65 0.3276
13.6667 0.3268
13.6833 0.3259
13.7 0.325
13.7167 0.3239
13.7333 0.3233
13.75 0.3223
13.7667 0.3214
13.7833 0.3205
13.8 0.3196
13.8167 0.3186
13.8333 0.3176
13.85 0.3166
13.8667 0.3157
13.8833 0.3145
13.9 0.3136
13.9167 0.3125
13.9333 0.3114
13.95 0.3105
13.9667 0.3095
13.9833 0.3084
14.0 0.3073
14.0167 0.3062
14.0333 0.3051
14.05 0.304
14.0667 0.3028
14.0833 0.3018
14.1 0.3006
14.1167 0.2995
14.1333 0.2983
14.15 0.2971
14.1667 0.296
14.1833 0.2948
14.2 0.2936
14.2167 0.292
14.2333 0.2912
14.25 0.2899
14.2667 0.2887
14.2833 0.2874
14.3 0.2862
14.3167 0.2849
14.3333 0.2837
14.35 0.2824
14.3667 0.2811
14.3833 0.2796
14.4 0.2785
14.4167 0.2772
14.4333 0.2759
14.45 0.2745
14.4667 0.2732
14.4833 0.2719
14.5 0.2704
14.5167 0.2692
14.5333 0.2678
14.55 0.2664
14.5667 0.265
14.5833 0.2637
14.6 0.2622
14.6167 0.2609
14.6333 0.2595
14.65 0.258
14.6667 0.2566
14.6833 0.2552
14.7 0.2538
14.7167 0.2523
14.7333 0.2509
14.75 0.2495
14.7667 0.248
14.7833 0.2466
14.8 0.2451
14.8167 0.2436
14.8333 0.2422
14.85 0.2407
14.8667 0.2392
14.8833 0.2378
14.9 0.2363
14.9167 0.2348
14.9333 0.2333
14.95 0.2318
14.9667 0.2303
14.9833 0.2288
15.0 0.2273
15.0167 0.2258
15.0333 0.2243
15.05 0.2228
15.0667 0.2212
15.0833 0.2196
15.1 0.2182
15.1167 0.2167
15.1333 0.2151
15.15 0.2136
15.1667 0.2121
15.1833 0.2105
15.2 0.209
15.2167 0.2075
15.2333 0.2059
15.25 0.2044
15.2667 0.2028
15.2833 0.2013
15.3 0.1998
15.3167 0.1982
15.3333 0.1967
15.35 0.1951
15.3667 0.1936
15.3833 0.1919
15.4 0.1905
15.4167 0.189
15.4333 0.1874
15.45 0.1859
15.4667 0.1843
15.4833 0.1828
15.5 0.1812
15.5167 0.1797
15.5333 0.1782
15.55 0.1766
15.5667 0.1751
15.5833 0.1735
15.6 0.172
15.6167 0.1705
15.6333 0.169
15.65 0.1674
15.6667 0.1659
15.6833 0.1644
15.7 0.1629
15.7167 0.1613
15.7333 0.1598
15.75 0.1583
15.7667 0.1568
15.7833 0.1553
15.8 0.1538
15.8167 0.1523
15.8333 0.1508
15.85 0.1493
15.8667 0.1478
15.8833 0.1463
15.9 0.1448
15.9167 0.1434
15.9333 0.1419
15.95 0.1404
15.9667 0.139
15.9833 0.1375
16.0 0.136
16.0167 0.1346
16.0333 0.1331
16.05 0.1317
16.0667 0.1303
16.0833 0.1288
16.1 0.1274
16.1167 0.1259
16.1333 0.1246
16.15 0.1231
16.1667 0.1217
16.1833 0.1203
16.2 0.1189
16.2167 0.1175
16.2333 0.1162
16.25 0.1148
16.2667 0.1134
16.2833 0.1121
16.3 0.1107
16.3167 0.1094
16.3333 0.108
16.35 0.1067
16.3667 0.1054
16.3833 0.104
16.4 0.1027
16.4167 0.1014
16.4333 0.1001
16.45 0.09882
16.4667 0.09754
16.4833 0.09625
16.5 0.09498
16.5167 0.09371
16.5333 0.09247
16.55 0.09122
16.5667 0.08998
16.5833 0.08875
16.6 0.08752
16.6167 0.08631
16.6333 0.0851
16.65 0.0839
16.6667 0.08271
16.6833 0.08152
16.7 0.08035
16.7167 0.07918
16.7333 0.07802
16.75 0.07687
16.7667 0.07573
16.7833 0.0746
16.8 0.07347
16.8167 0.07236
16.8333 0.07125
16.85 0.07016
16.8667 0.06907
16.8833 0.06799
16.9 0.06692
16.9167 0.06586
16.9333 0.06481
16.95 0.06376
16.9667 0.06273
16.9833 0.0617
17.0 0.06069
17.0167 0.05968
17.0333 0.05869
17.05 0.0577
17.0667 0.05672
17.0833 0.05575
17.1 0.05479
17.1167 0.05384
17.1333 0.0529
17.15 0.05197
17.1667 0.05105
17.1833 0.05014
17.2 0.04924
17.2167 0.04834
17.2333 0.04746
17.25 0.04659
17.2667 0.04572
17.2833 0.04487
17.3 0.04402
17.3167 0.04319
17.3333 0.04236
17.35 0.04155
17.3667 0.04074
17.3833 0.03994
17.4 0.03916
17.4167 0.03838
17.4333 0.03761
17.45 0.03685
17.4667 0.03611
17.4833 0.03537
17.5 0.03464
17.5167 0.03392
17.5333 0.0332
17.55 0.0325
17.5667 0.03181
17.5833 0.03113
17.6 0.03046
17.6167 0.02979
17.6333 0.02914
17.65 0.02849
17.6667 0.02786
17.6833 0.02723
17.7 0.02661
17.7167 0.026
17.7333 0.02541
17.75 0.02482
17.7667 0.02423
17.7833 0.02366
17.8 0.0231
17.8167 0.02255
17.8333 0.022
17.85 0.02146
17.8667 0.02094
17.8833 0.02042
17.9 0.01991
17.9167 0.01941
17.9333 0.01891
17.95 0.01843
17.9667 0.01795
17.9833 0.01748
18.0 0.01702
18.0167 0.01657
18.0333 0.01613
18.05 0.01569
18.0667 0.01527
18.0833 0.01485
18.1 0.01444
18.1167 0.01403
18.1333 0.01364
18.15 0.01325
18.1667 0.01287
18.1833 0.0125
18.2 0.01213
18.2167 0.01177
18.2333 0.01142
18.25 0.01108
18.2667 0.01074
18.2833 0.01041
18.3 0.01009
18.3167 0.009776
18.3333 0.009468
18.35 0.009166
18.3667 0.008871
18.3833 0.008583
18.4 0.008301
18.4167 0.008025
18.4333 0.007756
18.45 0.007493
18.4667 0.007236
18.4833 0.006985
18.5 0.00674
18.5167 0.006501
18.5333 0.006268
18.55 0.006041
18.5667 0.005819
18.5833 0.005602
18.6 0.005392
18.6167 0.005186
18.6333 0.004986
18.65 0.004791
18.6667 0.004601
18.6833 0.004416
18.7 0.004235
18.7167 0.00406
18.7333 0.00389
18.75 0.003724
18.7667 0.003562
18.7833 0.003406
18.8 0.003253
18.8167 0.003105
18.8333 0.002961
18.85 0.002821
18.8667 0.002686
18.8833 0.002554
18.9 0.002426
18.9167 0.002302
18.9333 0.002182
18.95 0.002066
18.9667 0.001953
18.9833 0.001843
19.0 0.001738
19.0167 0.001636
19.0333 0.001537
19.05 0.001442
19.0667 0.001349
19.0833 0.001261
19.1 0.001175
19.1167 0.001093
19.1333 0.001014
19.15 0.0009389
19.1667 0.0008666
19.1833 0.0007978
19.2 0.0007321
19.2167 0.0006701
19.2333 0.0006118
19.25 0.0005539
19.2667 0.0004922
19.2833 0.0004398
19.3 0.0003954
19.3167 0.000358
19.3333 0.0003119
19.35 0.0002789
19.3667 0.0002414
19.3833 0.0002111
19.4 0.0001852
19.4167 0.0001585
19.4333 0.0001352
19.45 0.0001149
19.4667 9.709e-05
19.4833 7.98e-05
19.5 6.642e-05
19.5167 5.504e-05
19.5333 4.446e-05
19.55 3.589e-05
19.5667 2.902e-05
19.5833 2.285e-05
19.6 1.787e-05
19.6167 1.384e-05
19.6333 1.061e-05
19.65 8.037e-06
19.6667 6.007e-06
19.6833 4.286e-06
19.7 3.022e-06
19.7167 2.029e-06
19.7333 1.322e-06
19.75 8.182e-07
19.7667 4.999e-07
19.7833 3.025e-07
19.8 1.719e-07
19.8167 8.968e-08
19.8333 3.968e-08
19.85 1.229e-08
19.8667 1.94e-09
19.8833 1.565e-10
19.9 4.683e-12
19.9167 4.507e-14
19.9333 8.011e-17
19.95 1.816e-34
19.9667 0.0
19.9833 0.0
20.0 0.0
20.0167 0.0
20.0333 0.0
20.05 0.0
20.0667 0.0
20.0833 0.0
20.1 0.0
20.1167 0.0
20.1333 0.0
20.15 0.0
20.1667 0.0
20.1833 0.0
20.2 0.0
20.2167 0.0
20.2333 0.0
20.25 0.0
20.2667 0.0
20.2833 0.0
20.3 0.0
20.3167 0.0
20.3333 0.0
20.35 0.0
20.3667 0.0
20.3833 0.0
20.4 0.0
20.4167 0.0
20.4333 0.0
20.45 0.0
20.4667 0.0
20.4833 0.0
20.5 0.0
20.5167 0.0
20.5333 0.0
20.55 0.0
20.5667 0.0
20.5833 0.0
20.6 0.0
20.6167 0.0
20.6333 0.0
20.65 0.0
20.6667 0.0
20.6833 0.0
20.7 0.0
20.7167 0.0
20.7333 0.0
20.75 0.0
20.7667 0.0
20.7833 0.0
20.8 0.0
20.8167 0.0
20.8333 0.0
20.85 0.0
20.8667 0.0
20.8833 0.0
20.9 0.0
20.9167 0.0
20.9333 0.0
20.95 0.0
20.9667 0.0
20.9833 0.0
21.0 0.0
21.0167 0.0
21.0333 0.0
21.05 0.0
21.0667 0.0
21.0833 0.0
21.1 0.0
21.1167 0.0
21.1333 0.0
21.15 0.0
21.1667 0.0
21.1833 0.0
21.2 0.0
21.2167 0.0
21.2333 0.0
21.25 0.0
21.2667 0.0
21.2833 0.0
21.3 0.0
21.3167 0.0
21.3333 0.0
21.35 0.0
21.3667 0.0
21.3833 0.0
21.4 0.0
21.4167 0.0
21.4333 0.0
21.45 0.0
21.4667 0.0
21.4833 0.0
21.5 0.0
21.5167 0.0
21.5333 0.0
21.55 0.0
21.5667 0.0
21.5833 0.0
21.6 0.0
21.6167 0.0
21.6333 0.0
21.65 0.0
21.6667 0.0
21.6833 0.0
21.7 0.0
21.7167 0.0
21.7333 0.0
21.75 0.0
21.7667 0.0
21.7833 0.0
21.8 0.0
21.8167 0.0
21.8333 0.0
21.85 0.0
21.8667 0.0
21.8833 0.0
21.9 0.0
21.9167 0.0
21.9333 0.0
21.95 0.0
21.9667 0.0
21.9833 0.0
22.0 0.0
22.0167 0.0
22.0333 0.0
22.05 0.0
22.0667 0.0
22.0833 0.0
22.1 0.0
22.1167 0.0
22.1333 0.0
22.15 0.0
22.1667 0.0
22.1833 0.0
22.2 0.0
22.2167 0.0
22.2333 0.0
22.25 0.0
22.2667 0.0
22.2833 0.0
22.3 0.0
22.3167 0.0
22.3333 0.0
22.35 0.0
22.3667 0.0
22.3833 0.0
22.4 0.0
22.4167 0.0
22.4333 0.0
22.45 0.0
22.4667 0.0
22.4833 0.0
22.5 0.0
22.5167 0.0
22.5333 0.0
22.55 0.0
22.5667 0.0
22.5833 0.0
22.6 0.0
22.6167 0.0
22.6333 0.0
22.65 0.0
22.6667 0.0
22.6833 0.0
22.7 0.0
22.7167 0.0
22.7333 0.0
22.75 0.0
22.7667 0.0
22.7833 0.0
22.8 0.0
22.8167 0.0
22.8333 0.0
22.85 0.0
22.8667 0.0
22.8833 0.0
22.9 0.0
22.9167 0.0
22.9333 0.0
22.95 0.0
22.9667 0.0
22.9833 0.0
23.0 0.0
23.0167 0.0
23.0333 0.0
23.05 0.0
23.0667 0.0
23.0833 0.0
23.1 0.0
23.1167 0.0
23.1333 0.0
23.15 0.0
23.1667 0.0
23.1833 0.0
23.2 0.0
23.2167 0.0
23.2333 0.0
23.25 0.0
23.2667 0.0
23.2833 0.0
23.3 0.0
23.3167 0.0
23.3333 0.0
23.35 0.0
23.3667 0.0
23.3833 0.0
23.4 0.0
23.4167 0.0
23.4333 0.0
23.45 0.0
23.4667 0.0
23.4833 0.0
23.5 0.0
23.5167 0.0
23.5333 0.0
23.55 0.0
23.5667 0.0
23.5833 0.0
23.6 0.0
23.6167 0.0
23.6333 0.0
23.65 0.0
23.6667 0.0
23.6833 0.0
23.7 0.0
23.7167 0.0
23.7333 0.0
23.75 0.0
23.7667 0.0
23.7833 0.0
23.8 0.0
23.8167 0.0
23.8333 0.0
23.85 0.0
23.8667 0.0
23.8833 0.0
23.9 0.0
23.9167 0.0
23.9333 0.0
23.95 0.0
23.9667 0.0
23.9833 0.0
