0.0 0.0
0.0167 0.0
0.0333 0.0
0.05 0.0
0.0667 0.0
0.0833 0.0
0.1 0.0
0.1167 0.0
0.1333 0.0
0.15 0.0
0.1667 0.0
0.1833 0.0
0.2 0.0
0.2167 0.0
0.2333 0.0
0.25 0.0
0.2667 0.0
0.2833 0.0
0.3 0.0
0.3167 0.0
0.3333 0.0
0.35 0.0
0.3667 0.0
0.3833 0.0
0.4 0.0
0.4167 0.0
0.4333 0.0
0.45 0.0
0.4667 0.0
0.4833 0.0
0.5 0.0
0.5167 0.0
0.5333 0.0
0.55 0.0
0.5667 0.0
0.5833 0.0
0.6 0.0
0.6167 0.0
0.6333 0.0
0.65 0.0
0.6667 0.0
0.6833 0.0
0.7 0.0
0.7167 0.0
0.7333 0.0
0.75 0.0
0.7667 0.0
0.7833 0.0
0.8 0.0
0.8167 0.0
0.8333 0.0
0.85 0.0
0.8667 0.0
0.8833 0.0
0.9 0.0
0.9167 0.0
0.9333 0.0
0.95 0.0
0.9667 0.0
0.9833 0.0
1.0 0.0
1.0167 0.0
1.0333 0.0
1.05 0.0
1.0667 0.0
1.0833 0.0
1.1 0.0
1.1167 0.0
1.1333 0.0
1.15 0.0
1.1667 0.0
1.1833 0.0
1.2 0.0
1.2167 0.0
1.2333 0.0
1.25 0.0
1.2667 0.0
1.2833 0.0
1.3 0.0
1.3167 0.0
1.3333 0.0
1.35 0.0
1.3667 0.0
1.3833 0.0
1.4 0.0
1.4167 0.0
1.4333 0.0
1.45 0.0
1.4667 0.0
1.4833 0.0
1.5 0.0
1.5167 0.0
1.5333 0.0
1.55 0.0
1.5667 0.0
1.5833 0.0
1.6 0.0
1.6167 0.0
1.6333 0.0
1.65 0.0
1.6667 0.0
1.6833 0.0
1.7 0.0
1.7167 0.0
1.7333 0.0
1.75 0.0
1.7667 0.0
1.7833 0.0
1.8 0.0
1.8167 0.0
1.8333 0.0
1.85 0.0
1.8667 0.0
1.8833 0.0
1.9 0.0
1.9167 0.0
1.9333 0.0
1.95 0.0
1.9667 0.0
1.9833 0.0
2.0 0.0
2.0167 0.0
2.0333 0.0
2.05 0.0
2.0667 0.0
2.0833 0.0
2.1 0.0
2.1167 0.0
2.1333 0.0
2.15 0.0
2.1667 0.0
2.1833 0.0
2.2 0.0
2.2167 0.0
2.2333 0.0
2.25 0.0
2.2667 0.0
2.2833 0.0
2.3 0.0
2.3167 0.0
2.3333 0.0
2.35 0.0
2.3667 0.0
2.3833 0.0
2.4 0.0
2.4167 0.0
2.4333 0.0
2.45 0.0
2.4667 0.0
2.4833 0.0
2.5 0.0
2.5167 0.0
2.5333 0.0
2.55 0.0
2.5667 0.0
2.5833 0.0
2.6 0.0
2.6167 0.0
2.6333 0.0
2.65 0.0
2.6667 0.0
2.6833 0.0
2.7 0.0
2.7167 0.0
2.7333 0.0
2.75 0.0
2.7667 0.0
2.7833 0.0
2.8 0.0
2.8167 0.0
2.8333 0.0
2.85 0.0
2.8667 0.0
2.8833 0.0
2.9 0.0
2.9167 0.0
2.9333 0.0
2.95 0.0
2.9667 0.0
2.9833 0.0
3.0 0.0
3.0167 0.0
3.0333 0.0
3.05 0.0
3.0667 0.0
3.0833 0.0
3.1 0.0
3.1167 0.0
3.1333 0.0
3.15 0.0
3.1667 0.0
3.1833 0.0
3.2 0.0
3.2167 0.0
3.2333 0.0
3.25 0.0
3.2667 0.0
3.2833 0.0
3.3 0.0
3.3167 0.0
3.3333 0.0
3.35 0.0
3.3667 0.0
3.3833 0.0
3.4 0.0
3.4167 0.0
3.4333 0.0
3.45 0.0
3.4667 0.0
3.4833 0.0
3.5 0.0
3.5167 0.0
3.5333 0.0
3.55 0.0
3.5667 0.0
3.5833 0.0
3.6 0.0
3.6167 0.0
3.6333 0.0
3.65 0.0
3.6667 0.0
3.6833 0.0
3.7 0.0
3.7167 0.0
3.7333 0.0
3.75 0.0
3.7667 0.0
3.7833 0.0
3.8 0.0
3.8167 0.0
3.8333 0.0
3.85 0.0
3.8667 0.0
3.8833 0.0
3.9 0.0
3.9167 0.0
3.9333 0.0
3.95 0.0
3.9667 0.0
3.9833 0.0
4.0 0.0
4.0167 0.0
4.0333 0.0
4.05 0.0
4.0667 0.0
4.0833 0.0
4.1 0.0
4.1167 0.0
4.1333 0.0
4.15 0.0
4.1667 0.0
4.1833 0.0
4.2 0.0
4.2167 0.0
4.2333 0.0
4.25 0.0
4.2667 0.0
4.2833 0.0
4.3 0.0
4.3167 0.0
4.3333 0.0
4.35 0.0
4.3667 0.0
4.3833 0.0
4.4 0.0
4.4167 0.0
4.4333 0.0
4.45 0.0
4.4667 0.0
4.4833 0.0
4.5 0.0
4.5167 0.0
4.5333 0.0
4.55 0.0
4.5667 0.0
4.5833 0.0
4.6 0.0
4.6167 0.0
4.6333 0.0
4.65 0.0
4.6667 0.0
4.6833 0.0
4.7 0.0
4.7167 0.0
4.7333 0.0
4.75 0.0
4.7667 0.0
4.7833 0.0
4.8 0.0
4.8167 0.0
4.8333 0.0
4.85 0.0
4.8667 0.0
4.8833 0.0
4.9 0.0
4.9167 0.0
4.9333 0.0
4.95 0.0
4.9667 0.0
4.9833 0.0
5.0 0.0
5.0167 0.0
5.0333 0.0
5.05 0.0
5.0667 0.0
5.0833 0.0
5.1 0.0
5.1167 0.0
5.1333 0.0
5.15 0.0
5.1667 0.0
5.1833 0.0
5.2 0.0
5.2167 0.0
5.2333 0.0
5.25 0.0
5.2667 0.0
5.2833 0.0
5.3 0.0
5.3167 0.0
5.3333 0.0
5.35 0.0
5.3667 0.0
5.3833 0.0
5.4 0.0
5.4167 0.0
5.4333 0.0
5.45 0.0
5.4667 0.0
5.4833 0.0
5.5 0.0
5.5167 0.0
5.5333 0.0
5.55 0.0
5.5667 0.0
5.5833 0.0
5.6 0.0
5.6167 0.0
5.6333 0.0
5.65 0.0
5.6667 0.0
5.6833 0.0
5.7 0.0
5.7167 0.0
5.7333 0.0
5.75 0.0
5.7667 0.0
5.7833 3.369e-17
5.8 4.318e-14
5.8167 7.659e-12
5.8333 2.758e-10
5.85 3.897e-09
5.8667 2.203e-08
5.8833 6.21e-08
5.9 1.41e-07
5.9167 2.66e-07
5.9333 4.739e-07
5.95 8.228e-07
5.9667 1.388e-06
5.9833 2.247e-06
6.0 3.459e-06
6.0167 4.991e-06
6.0333 7.136e-06
6.05 9.702e-06
6.0667 1.309e-05
6.0833 1.762e-05
6.1 2.303e-05
6.1167 2.979e-05
6.1333 3.768e-05
6.15 4.726e-05
6.1667 5.937e-05
6.1833 7.308e-05
6.2 8.989e-05
6.2167 0.0001082
6.2333 0.00013
6.25 0.0001556
6.2667 0.0001836
6.2833 0.000214
6.3 0.0002488
6.3167 0.0002902
6.3333 0.0003289
6.35 0.0003786
6.3667 0.0004228
6.3833 0.0004758
6.4 0.0005393
6.4167 0.0006084
6.4333 0.0006721
6.45 0.0007404
6.4667 0.0008131
6.4833 0.0008899
6.5 0.0009707
6.5167 0.001055
6.5333 0.001144
6.55 0.001237
6.5667 0.001333
6.5833 0.001434
6.6 0.001538
6.6167 0.001647
6.6333 0.001759
6.65 0.001876
6.6667 0.001997
6.6833 0.002122
6.7 0.002252
6.7167 0.002386
6.7333 0.002525
6.75 0.002668
6.7667 0.002816
6.7833 0.002968
6.8 0.003126
6.8167 0.003288
6.8333 0.003456
6.85 0.003628
6.8667 0.003806
6.8833 0.00399
6.9 0.004178
6.9167 0.004373
6.9333 0.004573
6.95 0.004779
6.9667 0.004991
6.9833 0.005209
7.0 0.005432
7.0167 0.005663
7.0333 0.005899
7.05 0.006142
7.0667 0.006392
7.0833 0.006648
7.1 0.006911
7.1167 0.00718
7.1333 0.007457
7.15 0.007741
7.1667 0.008032
7.1833 0.00833
7.2 0.008636
7.2167 0.008949
7.2333 0.00927
7.25 0.009599
7.2667 0.009935
7.2833 0.01028
7.3 0.01063
7.3167 0.01099
7.3333 0.01136
7.35 0.01174
7.3667 0.01212
7.3833 0.01252
7.4 0.01292
7.4167 0.01333
7.4333 0.01375
7.45 0.01418
7.4667 0.01461
7.4833 0.01506
7.5 0.01551
7.5167 0.01598
7.5333 0.01645
7.55 0.01693
7.5667 0.01743
7.5833 0.01793
7.6 0.01844
7.6167 0.01896
7.6333 0.01949
7.65 0.02003
7.6667 0.02058
7.6833 0.02114
7.7 0.02171
7.7167 0.02229
7.7333 0.02288
7.75 0.02348
7.7667 0.02409
7.7833 0.02471
7.8 0.02534
7.8167 0.02598
7.8333 0.02663
7.85 0.02729
7.8667 0.02796
7.8833 0.02865
7.9 0.02934
7.9167 0.03004
7.9333 0.03076
7.95 0.03148
7.9667 0.03222
7.9833 0.03296
8.0 0.03372
8.0167 0.03448
8.0333 0.03526
8.05 0.03605
8.0667 0.03685
8.0833 0.03766
8.1 0.03848
8.1167 0.03931
8.1333 0.04015
8.15 0.041
8.1667 0.04187
8.1833 0.04274
8.2 0.04363
8.2167 0.04452
8.2333 0.04543
8.25 0.04635
8.2667 0.04727
8.2833 0.04821
8.3 0.04916
8.3167 0.05012
8.3333 0.05109
8.35 0.05207
8.3667 0.05307
8.3833 0.05407
8.4 0.05508
8.4167 0.05611
8.4333 0.05714
8.45 0.05818
8.4667 0.05924
8.4833 0.06031
8.5 0.06138
8.5167 0.06247
8.5333 0.06356
8.55 0.06467
8.5667 0.06579
8.5833 0.06691
8.6 0.06805
8.6167 0.0692
8.6333 0.07035
8.65 0.07152
8.6667 0.0727
8.6833 0.07388
8.7 0.07508
8.7167 0.07629
8.7333 0.0775
8.75 0.07873
8.7667 0.07996
8.7833 0.0812
8.8 0.08246
8.8167 0.08372
8.8333 0.08499
8.85 0.08627
8.8667 0.08756
8.8833 0.08886
8.9 0.09016
8.9167 0.09148
8.9333 0.0928
8.95 0.09414
8.9667 0.09547
8.9833 0.09682
9.0 0.09818
9.0167 0.09953
9.0333 0.1009
9.05 0.1023
9.0667 0.1037
9.0833 0.1051
9.1 0.1065
9.1167 0.1079
9.1333 0.1093
9.15 0.1108
9.1667 0.1122
9.1833 0.1136
9.2 0.1151
9.2167 0.1165
9.2333 0.118
9.25 0.1195
9.2667 0.1209
9.2833 0.1224
9.3 0.1239
9.3167 0.1254
9.3333 0.1269
9.35 0.1284
9.3667 0.1299
9.3833 0.1314
9.4 0.1329
9.4167 0.1345
9.4333 0.136
9.45 0.1376
9.4667 0.1391
9.4833 0.1406
9.5 0.1422
9.5167 0.1438
9.5333 0.1453
9.55 0.1469
9.5667 0.1485
9.5833 0.15
9.6 0.1516
9.6167 0.1532
9.6333 0.1548
9.65 0.1564
9.6667 0.158
9.6833 0.1596
9.7 0.1612
9.7167 0.1627
9.7333 0.1644
9.75 0.166
9.7667 0.1676
9.7833 0.1692
9.8 0.1708
9.8167 0.1724
9.8333 0.174
9.85 0.1756
9.8667 0.1773
9.8833 0.1789
9.9 0.1805
9.9167 0.1821
9.9333 0.1838
9.95 0.1854
9.9667 0.187
9.9833 0.1886
10.0 0.1903
10.0167 0.1919
10.0333 0.1935
10.05 0.1951
10.0667 0.1968
10.0833 0.1983
10.1 0.2
10.1167 0.2016
10.1333 0.2033
10.15 0.2049
10.1667 0.2065
10.1833 0.2081
10.2 0.2096
10.2167 0.2113
10.2333 0.213
10.25 0.2146
10.2667 0.2162
10.2833 0.2178
10.3 0.2194
10.3167 0.221
10.3333 0.2226
10.35 0.2242
10.3667 0.2258
10.3833 0.2273
10.4 0.2289
10.4167 0.2304
10.4333 0.2321
10.45 0.2336
10.4667 0.2352
10.4833 0.2367
10.5 0.2384
10.5167 0.2399
10.5333 0.2415
10.55 0.243
10.5667 0.2446
10.5833 0.2461
10.6 0.2476
10.6167 0.2491
10.6333 0.2507
10.65 0.2522
10.6667 0.2537
10.6833 0.2552
10.7 0.2567
10.7167 0.258
10.7333 0.2596
10.75 0.2611
10.7667 0.2626
10.7833 0.264
10.8 0.2655
10.8167 0.2669
10.8333 0.2684
10.85 0.2698
10.8667 0.271
10.8833 0.2726
10.9 0.274
10.9167 0.2753
10.9333 0.2768
10.95 0.2782
10.9667 0.2796
10.9833 0.2808
11.0 0.2823
11.0167 0.2836
11.0333 0.285
11.05 0.2862
11.0667 0.2876
11.0833 0.2889
11.1 0.2902
11.1167 0.2915
11.1333 0.2928
11.15 0.2941
11.1667 0.2952
11.1833 0.2963
11.2 0.2978
11.2167 0.299
11.2333 0.3002
11.25 0.3014
11.2667 0.3026
11.2833 0.3038
11.3 0.305
11.3167 0.3061
11.3333 0.3073
11.35 0.3084
11.3667 0.3095
11.3833 0.3107
11.4 0.3118
11.4167 0.3128
11.4333 0.3139
11.45 0.315
11.4667 0.316
11.4833 0.3171
11.5 0.3181
11.5167 0.3191
11.5333 0.3201
11.55 0.321
11.5667 0.3221
11.5833 0.323
11.6 0.324
11.6167 0.3249
11.6333 0.3258
11.65 0.3267
11.6667 0.3276
11.6833 0.3285
11.7 0.3294
11.7167 0.33
11.7333 0.331
11.75 0.3318
11.7667 0.3326
11.7833 0.3334
11.8 0.3342
11.8167 0.335
11.8333 0.3358
11.85 0.3363
11.8667 0.3372
11.8833 0.3379
11.9 0.3385
11.9167 0.3393
11.9333 0.34
11.95 0.3406
11.9667 0.3412
11.9833 0.3418
12.0 0.3424
12.0167 0.343
12.0333 0.3436
12.05 0.3439
12.0667 0.3447
12.0833 0.3452
12.1 0.3457
12.1167 0.3462
12.1333 0.3467
12.15 0.3472
12.1667 0.3476
12.1833 0.348
12.2 0.3484
12.2167 0.3488
12.2333 0.3492
12.25 0.3494
12.2667 0.3498
12.2833 0.3503
12.3 0.3506
12.3167 0.3509
12.3333 0.3512
12.35 0.3514
12.3667 0.3517
12.3833 0.3519
12.4 0.3522
12.4167 0.3524
12.4333 0.3525
12.45 0.3527
12.4667 0.3529
12.4833 0.353
12.5 0.3531
12.5167 0.3532
12.5333 0.3533
12.55 0.3534
12.5667 0.3534
12.5833 0.3535
12.6 0.3535
12.6167 0.3535
12.6333 0.3535
12.65 0.3535
12.6667 0.3534
12.6833 0.3534
12.7 0.3533
12.7167 0.3532
12.7333 0.3531
12.75 0.353
12.7667 0.3528
12.7833 0.3527
12.8 0.3525
12.8167 0.3523
12.8333 0.3521
12.85 0.3519
12.8667 0.3516
12.8833 0.3514
12.9 0.3511
12.9167 0.3508
12.9333 0.3505
12.95 0.3502
12.9667 0.3497
12.9833 0.3494
13.0 0.3491
13.0167 0.3487
13.0333 0.3483
13.05 0.3479
13.0667 0.3475
13.0833 0.347
13.1 0.3466
13.1167 0.3461
13.1333 0.3456
13.15 0.3451
13.1667 0.3446
13.1833 0.3438
13.2 0.3434
13.2167 0.3429
13.2333 0.3423
13.25 0.3416
13.2667 0.3411
13.2833 0.3404
13.3 0.3398
13.3167 0.3391
13.3333 0.3381
13.35 0.3377
13.3667 0.337
13.3833 0.3363
13.4 0.3356
13.4167 0.3348
13.4333 0.334
13.45 0.3333
13.4667 0.3324
13.4833 0.3315
13.5 0.3308
13.5167 0.33
13.5333 0.3291
13.55 0.3283
13.5667 0.3274
13.5833 0.3265
13.6 0.3255
13.6167 0.3246
13.6333 0.3237
13.65 0.3228
13.6667 0.3218
13.6833 0.3208
13.7 0.3198
13.7167 0.3188
13.7333 0.3178
13.75 0.3168
13.7667 0.3158
13.7833 0.3147
13.8 0.3136
13.8167 0.3126
13.8333 0.3115
13.85 0.3103
13.8667 0.3092
13.8833 0.3081
13.9 0.307
13.9167 0.3058
13.9333 0.3047
13.95 0.3035
13.9667 0.3023
13.9833 0.3011
14.0 0.2999
14.0167 0.2987
14.0333 0.2975
14.05 0.2962
14.0667 0.295
14.0833 0.2937
14.1 0.2925
14.1167 0.2912
14.1333 0.2899
14.15 0.2886
14.1667 0.2873
14.1833 0.286
14.2 0.2846
14.2167 0.2833
14.2333 0.2819
14.25 0.2806
14.2667 0.2792
14.2833 0.2778
14.3 0.2765
14.3167 0.2751
14.3333 0.2737
14.35 0.2723
14.3667 0.2709
14.3833 0.2694
14.4 0.268
14.4167 0.2665
14.4333 0.2651
14.45 0.2637
14.4667 0.2622
14.4833 0.2607
14.5 0.2592
14.5167 0.2578
14.5333 0.2563
14.55 0.2548
14.5667 0.2533
14.5833 0.2518
14.6 0.2503
14.6167 0.2487
14.6333 0.2472
14.65 0.2456
14.6667 0.2441
14.6833 0.2426
14.7 0.2409
14.7167 0.2395
14.7333 0.2379
14.75 0.2364
14.7667 0.2348
14.7833 0.2332
14.8 0.2317
14.8167 0.2301
14.8333 0.2285
14.85 0.2267
14.8667 0.2253
14.8833 0.2237
14.9 0.2221
14.9167 0.2205
14.9333 0.2189
14.95 0.2173
14.9667 0.2157
14.9833 0.2141
15.0 0.2125
15.0167 0.2109
15.0333 0.2093
15.05 0.2077
15.0667 0.206
15.0833 0.2044
15.1 0.2027
15.1167 0.2011
15.1333 0.1996
15.15 0.1979
15.1667 0.1963
15.1833 0.1947
15.2 0.1931
15.2167 0.1914
15.2333 0.1898
15.25 0.1882
15.2667 0.1865
15.2833 0.1849
15.3 0.1833
15.3167 0.1817
15.3333 0.18
15.35 0.1784
15.3667 0.1767
15.3833 0.1752
15.4 0.1735
15.4167 0.172
15.4333 0.1703
15.45 0.1687
15.4667 0.1671
15.4833 0.1655
15.5 0.1639
15.5167 0.1623
15.5333 0.1606
15.55 0.1591
15.5667 0.1575
15.5833 0.1559
15.6 0.1543
15.6167 0.1527
15.6333 0.1512
15.65 0.1496
15.6667 0.148
15.6833 0.1464
15.7 0.1449
15.7167 0.1433
15.7333 0.1417
15.75 0.1402
15.7667 0.1386
15.7833 0.1371
15.8 0.1356
15.8167 0.134
15.8333 0.1325
15.85 0.131
15.8667 0.1295
15.8833 0.1279
15.9 0.1265
15.9167 0.125
15.9333 0.1235
15.95 0.122
15.9667 0.1205
15.9833 0.119
16.0 0.1176
16.0167 0.1161
16.0333 0.1146
16.05 0.1132
16.0667 0.1118
16.0833 0.1103
16.1 0.1089
16.1167 0.1075
16.1333 0.1061
16.15 0.1047
16.1667 0.1033
16.1833 0.1019
16.2 0.1005
16.2167 0.09912
16.2333 0.09775
16.25 0.09641
16.2667 0.09506
16.2833 0.09372
16.3 0.09239
16.3167 0.09107
16.3333 0.08976
16.35 0.08845
16.3667 0.08715
16.3833 0.08587
16.4 0.08459
16.4167 0.08332
16.4333 0.08206
16.45 0.08081
16.4667 0.07957
16.4833 0.07834
16.5 0.07712
16.5167 0.0759
16.5333 0.0747
16.55 0.0735
16.5667 0.07232
16.5833 0.07115
16.6 0.06998
16.6167 0.06883
16.6333 0.06769
16.65 0.06655
16.6667 0.06542
16.6833 0.06431
16.7 0.06321
16.7167 0.06211
16.7333 0.06103
16.75 0.05996
16.7667 0.05889
16.7833 0.05784
16.8 0.0568
16.8167 0.05577
16.8333 0.05475
16.85 0.05374
16.8667 0.05274
16.8833 0.05175
16.9 0.05077
16.9167 0.0498
16.9333 0.04884
16.95 0.0479
16.9667 0.04696
16.9833 0.04604
17.0 0.04512
17.0167 0.04422
17.0333 0.04333
17.05 0.04245
17.0667 0.04157
17.0833 0.04071
17.1 0.03987
17.1167 0.03902
17.1333 0.0382
17.15 0.03738
17.1667 0.03657
17.1833 0.03578
17.2 0.03499
17.2167 0.03422
17.2333 0.03345
17.25 0.0327
17.2667 0.03196
17.2833 0.03123
17.3 0.03051
17.3167 0.0298
17.3333 0.0291
17.35 0.02841
17.3667 0.02773
17.3833 0.02706
17.4 0.0264
17.4167 0.02575
17.4333 0.02512
17.45 0.02449
17.4667 0.02387
17.4833 0.02327
17.5 0.02267
17.5167 0.02208
17.5333 0.0215
17.55 0.02094
17.5667 0.02038
17.5833 0.01983
17.6 0.0193
17.6167 0.01877
17.6333 0.01825
17.65 0.01774
17.6667 0.01725
17.6833 0.01676
17.7 0.01628
17.7167 0.01581
17.7333 0.01534
17.75 0.01489
17.7667 0.01445
17.7833 0.01401
17.8 0.01359
17.8167 0.01317
17.8333 0.01277
17.85 0.01237
17.8667 0.01197
17.8833 0.01159
17.9 0.01122
17.9167 0.01085
17.9333 0.0105
17.95 0.01015
17.9667 0.009805
17.9833 0.009471
18.0 0.009146
18.0167 0.008828
18.0333 0.008517
18.05 0.008213
18.0667 0.007918
18.0833 0.007629
18.1 0.007348
18.1167 0.007074
18.1333 0.006807
18.15 0.006546
18.1667 0.006292
18.1833 0.006045
18.2 0.005804
18.2167 0.00557
18.2333 0.005342
18.25 0.00512
18.2667 0.004905
18.2833 0.004695
18.3 0.004491
18.3167 0.004294
18.3333 0.004101
18.35 0.003914
18.3667 0.003733
18.3833 0.003557
18.4 0.003386
18.4167 0.003221
18.4333 0.00306
18.45 0.002904
18.4667 0.002754
18.4833 0.002608
18.5 0.002466
18.5167 0.002329
18.5333 0.002197
18.55 0.002069
18.5667 0.001945
18.5833 0.001826
18.6 0.001711
18.6167 0.0016
18.6333 0.001493
18.65 0.00139
18.6667 0.001291
18.6833 0.001196
18.7 0.001105
18.7167 0.001018
18.7333 0.0009349
18.75 0.0008558
18.7667 0.0007808
18.7833 0.0007099
18.8 0.0006433
18.8167 0.0005798
18.8333 0.0005097
18.85 0.000451
18.8667 0.0004021
18.8833 0.0003613
18.9 0.0003096
18.9167 0.0002722
18.9333 0.000235
18.95 0.0002002
18.9667 0.00017
18.9833 0.0001435
19.0 0.0001205
19.0167 0.0001009
19.0333 8.139e-05
19.05 6.698e-05
19.0667 5.336e-05
19.0833 4.258e-05
19.1 3.397e-05
19.1167 2.638e-05
19.1333 2.031e-05
19.15 1.542e-05
19.1667 1.138e-05
19.1833 8.382e-06
19.2 6.048e-06
19.2167 4.205e-06
19.2333 2.799e-06
19.25 1.793e-06
19.2667 1.098e-06
19.2833 6.412e-07
19.3 3.601e-07
19.3167 1.942e-07
19.3333 9.64e-08
19.35 3.941e-08
19.3667 1.053e-08
19.3833 1.131e-09
19.4 5.781e-11
19.4167 6.946e-13
19.4333 1.838e-15
19.45 6.702e-20
19.4667 0.0
19.4833 0.0
19.5 0.0
19.5167 0.0
19.5333 0.0
19.55 0.0
19.5667 0.0
19.5833 0.0
19.6 0.0
19.6167 0.0
19.6333 0.0
19.65 0.0
19.6667 0.0
19.6833 0.0
19.7 0.0
19.7167 0.0
19.7333 0.0
19.75 0.0
19.7667 0.0
19.7833 0.0
19.8 0.0
19.8167 0.0
19.8333 0.0
19.85 0.0
19.8667 0.0
19.8833 0.0
19.9 0.0
19.9167 0.0
19.9333 0.0
19.95 0.0
19.9667 0.0
19.9833 0.0
20.0 0.0
20.0167 0.0
20.0333 0.0
20.05 0.0
20.0667 0.0
20.0833 0.0
20.1 0.0
20.1167 0.0
20.1333 0.0
20.15 0.0
20.1667 0.0
20.1833 0.0
20.2 0.0
20.2167 0.0
20.2333 0.0
20.25 0.0
20.2667 0.0
20.2833 0.0
20.3 0.0
20.3167 0.0
20.3333 0.0
20.35 0.0
20.3667 0.0
20.3833 0.0
20.4 0.0
20.4167 0.0
20.4333 0.0
20.45 0.0
20.4667 0.0
20.4833 0.0
20.5 0.0
20.5167 0.0
20.5333 0.0
20.55 0.0
20.5667 0.0
20.5833 0.0
20.6 0.0
20.6167 0.0
20.6333 0.0
20.65 0.0
20.6667 0.0
20.6833 0.0
20.7 0.0
20.7167 0.0
20.7333 0.0
20.75 0.0
20.7667 0.0
20.7833 0.0
20.8 0.0
20.8167 0.0
20.8333 0.0
20.85 0.0
20.8667 0.0
20.8833 0.0
20.9 0.0
20.9167 0.0
20.9333 0.0
20.95 0.0
20.9667 0.0
20.9833 0.0
21.0 0.0
21.0167 0.0
21.0333 0.0
21.05 0.0
21.0667 0.0
21.0833 0.0
21.1 0.0
21.1167 0.0
21.1333 0.0
21.15 0.0
21.1667 0.0
21.1833 0.0
21.2 0.0
21.2167 0.0
21.2333 0.0
21.25 0.0
21.2667 0.0
21.2833 0.0
21.3 0.0
21.3167 0.0
21.3333 0.0
21.35 0.0
21.3667 0.0
21.3833 0.0
21.4 0.0
21.4167 0.0
21.4333 0.0
21.45 0.0
21.4667 0.0
21.4833 0.0
21.5 0.0
21.5167 0.0
21.5333 0.0
21.55 0.0
21.5667 0.0
21.5833 0.0
21.6 0.0
21.6167 0.0
21.6333 0.0
21.65 0.0
21.6667 0.0
21.6833 0.0
21.7 0.0
21.7167 0.0
21.7333 0.0
21.75 0.0
21.7667 0.0
21.7833 0.0
21.8 0.0
21.8167 0.0
21.8333 0.0
21.85 0.0
21.8667 0.0
21.8833 0.0
21.9 0.0
21.9167 0.0
21.9333 0.0
21.95 0.0
21.9667 0.0
21.9833 0.0
22.0 0.0
22.0167 0.0
22.0333 0.0
22.05 0.0
22.0667 0.0
22.0833 0.0
22.1 0.0
22.1167 0.0
22.1333 0.0
22.15 0.0
22.1667 0.0
22.1833 0.0
22.2 0.0
22.2167 0.0
22.2333 0.0
22.25 0.0
22.2667 0.0
22.2833 0.0
22.3 0.0
22.3167 0.0
22.3333 0.0
22.35 0.0
22.3667 0.0
22.3833 0.0
22.4 0.0
22.4167 0.0
22.4333 0.0
22.45 0.0
22.4667 0.0
22.4833 0.0
22.5 0.0
22.5167 0.0
22.5333 0.0
22.55 0.0
22.5667 0.0
22.5833 0.0
22.6 0.0
22.6167 0.0
22.6333 0.0
22.65 0.0
22.6667 0.0
22.6833 0.0
22.7 0.0
22.7167 0.0
22.7333 0.0
22.75 0.0
22.7667 0.0
22.7833 0.0
22.8 0.0
22.8167 0.0
22.8333 0.0
22.85 0.0
22.8667 0.0
22.8833 0.0
22.9 0.0
22.9167 0.0
22.9333 0.0
22.95 0.0
22.9667 0.0
22.9833 0.0
23.0 0.0
23.0167 0.0
23.0333 0.0
23.05 0.0
23.0667 0.0
23.0833 0.0
23.1 0.0
23.1167 0.0
23.1333 0.0
23.15 0.0
23.1667 0.0
23.1833 0.0
23.2 0.0
23.2167 0.0
23.2333 0.0
23.25 0.0
23.2667 0.0
23.2833 0.0
23.3 0.0
23.3167 0.0
23.3333 0.0
23.35 0.0
23.3667 0.0
23.3833 0.0
23.4 0.0
23.4167 0.0
23.4333 0.0
23.45 0.0
23.4667 0.0
23.4833 0.0
23.5 0.0
23.5167 0.0
23.5333 0.0
23.55 0.0
23.5667 0.0
23.5833 0.0
23.6 0.0
23.6167 0.0
23.6333 0.0
23.65 0.0
23.6667 0.0
23.6833 0.0
23.7 0.0
23.7167 0.0
23.7333 0.0
23.75 0.0
23.7667 0.0
23.7833 0.0
23.8 0.0
23.8167 0.0
23.8333 0.0
23.85 0.0
23.8667 0.0
23.8833 0.0
23.9 0.0
23.9167 0.0
23.9333 0.0
23.95 0.0
23.9667 0.0
23.9833 0.0
