0.0 0.0
0.0167 0.0
0.0333 0.0
0.05 0.0
0.0667 0.0
0.0833 0.0
0.1 0.0
0.1167 0.0
0.1333 0.0
0.15 0.0
0.1667 0.0
0.1833 0.0
0.2 0.0
0.2167 0.0
0.2333 0.0
0.25 0.0
0.2667 0.0
0.2833 0.0
0.3 0.0
0.3167 0.0
0.3333 0.0
0.35 0.0
0.3667 0.0
0.3833 0.0
0.4 0.0
0.4167 0.0
0.4333 0.0
0.45 0.0
0.4667 0.0
0.4833 0.0
0.5 0.0
0.5167 0.0
0.5333 0.0
0.55 0.0
0.5667 0.0
0.5833 0.0
0.6 0.0
0.6167 0.0
0.6333 0.0
0.65 0.0
0.6667 0.0
0.6833 0.0
0.7 0.0
0.7167 0.0
0.7333 0.0
0.75 0.0
0.7667 0.0
0.7833 0.0
0.8 0.0
0.8167 0.0
0.8333 0.0
0.85 0.0
0.8667 0.0
0.8833 0.0
0.9 0.0
0.9167 0.0
0.9333 0.0
0.95 0.0
0.9667 0.0
0.9833 0.0
1.0 0.0
1.0167 0.0
1.0333 0.0
1.05 0.0
1.0667 0.0
1.0833 0.0
1.1 0.0
1.1167 0.0
1.1333 0.0
1.15 0.0
1.1667 0.0
1.1833 0.0
1.2 0.0
1.2167 0.0
1.2333 0.0
1.25 0.0
1.2667 0.0
1.2833 0.0
1.3 0.0
1.3167 0.0
1.3333 0.0
1.35 0.0
1.3667 0.0
1.3833 0.0
1.4 0.0
1.4167 0.0
1.4333 0.0
1.45 0.0
1.4667 0.0
1.4833 0.0
1.5 0.0
1.5167 0.0
1.5333 0.0
1.55 0.0
1.5667 0.0
1.5833 0.0
1.6 0.0
1.6167 0.0
1.6333 0.0
1.65 0.0
1.6667 0.0
1.6833 0.0
1.7 0.0
1.7167 0.0
1.7333 0.0
1.75 0.0
1.7667 0.0
1.7833 0.0
1.8 0.0
1.8167 0.0
1.8333 0.0
1.85 0.0
1.8667 0.0
1.8833 0.0
1.9 0.0
1.9167 0.0
1.9333 0.0
1.95 0.0
1.9667 0.0
1.9833 0.0
2.0 0.0
2.0167 0.0
2.0333 0.0
2.05 0.0
2.0667 0.0
2.0833 0.0
2.1 0.0
2.1167 0.0
2.1333 0.0
2.15 0.0
2.1667 0.0
2.1833 0.0
2.2 0.0
2.2167 0.0
2.2333 0.0
2.25 0.0
2.2667 0.0
2.2833 0.0
2.3 0.0
2.3167 0.0
2.3333 0.0
2.35 0.0
2.3667 0.0
2.3833 0.0
2.4 0.0
2.4167 0.0
2.4333 0.0
2.45 0.0
2.4667 0.0
2.4833 0.0
2.5 0.0
2.5167 0.0
2.5333 0.0
2.55 0.0
2.5667 0.0
2.5833 0.0
2.6 0.0
2.6167 0.0
2.6333 0.0
2.65 0.0
2.6667 0.0
2.6833 0.0
2.7 0.0
2.7167 0.0
2.7333 0.0
2.75 0.0
2.7667 0.0
2.7833 0.0
2.8 0.0
2.8167 0.0
2.8333 0.0
2.85 0.0
2.8667 0.0
2.8833 0.0
2.9 0.0
2.9167 0.0
2.9333 0.0
2.95 0.0
2.9667 0.0
2.9833 0.0
3.0 0.0
3.0167 0.0
3.0333 0.0
3.05 0.0
3.0667 0.0
3.0833 0.0
3.1 0.0
3.1167 0.0
3.1333 0.0
3.15 0.0
3.1667 0.0
3.1833 0.0
3.2 0.0
3.2167 0.0
3.2333 0.0
3.25 0.0
3.2667 0.0
3.2833 0.0
3.3 0.0
3.3167 0.0
3.3333 0.0
3.35 0.0
3.3667 0.0
3.3833 0.0
3.4 0.0
3.4167 0.0
3.4333 0.0
3.45 0.0
3.4667 0.0
3.4833 0.0
3.5 0.0
3.5167 0.0
3.5333 0.0
3.55 0.0
3.5667 0.0
3.5833 0.0
3.6 0.0
3.6167 0.0
3.6333 0.0
3.65 0.0
3.6667 0.0
3.6833 0.0
3.7 0.0
3.7167 0.0
3.7333 0.0
3.75 0.0
3.7667 0.0
3.7833 0.0
3.8 0.0
3.8167 0.0
3.8333 0.0
3.85 0.0
3.8667 0.0
3.8833 0.0
3.9 0.0
3.9167 0.0
3.9333 0.0
3.95 0.0
3.9667 0.0
3.9833 0.0
4.0 0.0
4.0167 0.0
4.0333 0.0
4.05 0.0
4.0667 0.0
4.0833 0.0
4.1 0.0
4.1167 0.0
4.1333 0.0
4.15 0.0
4.1667 0.0
4.1833 0.0
4.2 0.0
4.2167 0.0
4.2333 0.0
4.25 0.0
4.2667 0.0
4.2833 0.0
4.3 0.0
4.3167 0.0
4.3333 0.0
4.35 0.0
4.3667 0.0
4.3833 0.0
4.4 0.0
4.4167 0.0
4.4333 0.0
4.45 0.0
4.4667 0.0
4.4833 0.0
4.5 0.0
4.5167 0.0
4.5333 0.0
4.55 0.0
4.5667 0.0
4.5833 0.0
4.6 0.0
4.6167 0.0
4.6333 0.0
4.65 0.0
4.6667 0.0
4.6833 0.0
4.7 0.0
4.7167 0.0
4.7333 0.0
4.75 0.0
4.7667 0.0
4.7833 0.0
4.8 0.0
4.8167 0.0
4.8333 0.0
4.85 0.0
4.8667 0.0
4.8833 0.0
4.9 0.0
4.9167 0.0
4.9333 0.0
4.95 0.0
4.9667 0.0
4.9833 0.0
5.0 0.0
5.0167 0.0
5.0333 0.0
5.05 0.0
5.0667 0.0
5.0833 0.0
5.1 0.0
5.1167 0.0
5.1333 0.0
5.15 0.0
5.1667 0.0
5.1833 0.0
5.2 0.0
5.2167 0.0
5.2333 0.0
5.25 0.0
5.2667 0.0
5.2833 0.0
5.3 0.0
5.3167 0.0
5.3333 0.0
5.35 0.0
5.3667 0.0
5.3833 0.0
5.4 0.0
5.4167 0.0
5.4333 0.0
5.45 0.0
5.4667 7.765e-20
5.4833 1.493e-15
5.5 4.253e-13
5.5167 3.205e-11
5.5333 7.198e-10
5.55 6.883e-09
5.5667 2.897e-08
5.5833 7.431e-08
5.6 1.526e-07
5.6167 2.804e-07
5.6333 4.888e-07
5.65 8.316e-07
5.6667 1.382e-06
5.6833 2.199e-06
5.7 3.286e-06
5.7167 4.818e-06
5.7333 6.66e-06
5.75 9.102e-06
5.7667 1.232e-05
5.7833 1.616e-05
5.8 2.1e-05
5.8167 2.703e-05
5.8333 3.452e-05
5.85 4.268e-05
5.8667 5.331e-05
5.8833 6.573e-05
5.9 8.019e-05
5.9167 9.646e-05
5.9333 0.0001164
5.95 0.00014
5.9667 0.000165
5.9833 0.0001939
6.0 0.000222
6.0167 0.0002553
6.0333 0.0002961
6.05 0.0003339
6.0667 0.000383
6.0833 0.0004256
6.1 0.0004763
6.1167 0.0005366
6.1333 0.0006059
6.15 0.0006672
6.1667 0.0007329
6.1833 0.0008027
6.2 0.0008765
6.2167 0.0009542
6.2333 0.001036
6.25 0.001121
6.2667 0.00121
6.2833 0.001303
6.3 0.001399
6.3167 0.001499
6.3333 0.001603
6.35 0.001711
6.3667 0.001823
6.3833 0.001939
6.4 0.002059
6.4167 0.002183
6.4333 0.002312
6.45 0.002444
6.4667 0.002581
6.4833 0.002723
6.5 0.002868
6.5167 0.003019
6.5333 0.003174
6.55 0.003334
6.5667 0.003499
6.5833 0.003669
6.6 0.003844
6.6167 0.004024
6.6333 0.00421
6.65 0.004401
6.6667 0.004597
6.6833 0.004799
6.7 0.005007
6.7167 0.00522
6.7333 0.00544
6.75 0.005665
6.7667 0.005897
6.7833 0.006134
6.8 0.006379
6.8167 0.006629
6.8333 0.006886
6.85 0.00715
6.8667 0.00742
6.8833 0.007698
6.9 0.007982
6.9167 0.008274
6.9333 0.008572
6.95 0.008878
6.9667 0.009191
6.9833 0.009511
7.0 0.00984
7.0167 0.01018
7.0333 0.01052
7.05 0.01087
7.0667 0.01123
7.0833 0.0116
7.1 0.01197
7.1167 0.01236
7.1333 0.01275
7.15 0.01315
7.1667 0.01356
7.1833 0.01398
7.2 0.0144
7.2167 0.01484
7.2333 0.01528
7.25 0.01574
7.2667 0.0162
7.2833 0.01667
7.3 0.01715
7.3167 0.01764
7.3333 0.01814
7.35 0.01865
7.3667 0.01916
7.3833 0.01969
7.4 0.02023
7.4167 0.02077
7.4333 0.02133
7.45 0.0219
7.4667 0.02247
7.4833 0.02306
7.5 0.02366
7.5167 0.02426
7.5333 0.02488
7.55 0.02551
7.5667 0.02614
7.5833 0.02679
7.6 0.02745
7.6167 0.02811
7.6333 0.02879
7.65 0.02948
7.6667 0.03018
7.6833 0.03089
7.7 0.03161
7.7167 0.03234
7.7333 0.03308
7.75 0.03384
7.7667 0.0346
7.7833 0.03537
7.8 0.03616
7.8167 0.03695
7.8333 0.03776
7.85 0.03858
7.8667 0.0394
7.8833 0.04024
7.9 0.04109
7.9167 0.04195
7.9333 0.04282
7.95 0.04371
7.9667 0.0446
7.9833 0.0455
8.0 0.04642
8.0167 0.04734
8.0333 0.04828
8.05 0.04923
8.0667 0.05019
8.0833 0.05115
8.1 0.05213
8.1167 0.05313
8.1333 0.05413
8.15 0.05514
8.1667 0.05616
8.1833 0.0572
8.2 0.05824
8.2167 0.0593
8.2333 0.06036
8.25 0.06144
8.2667 0.06253
8.2833 0.06363
8.3 0.06474
8.3167 0.06585
8.3333 0.06698
8.35 0.06812
8.3667 0.06927
8.3833 0.07043
8.4 0.07161
8.4167 0.07279
8.4333 0.07398
8.45 0.07518
8.4667 0.07639
8.4833 0.07761
8.5 0.07885
8.5167 0.08009
8.5333 0.08134
8.55 0.0826
8.5667 0.08387
8.5833 0.08515
8.6 0.08644
8.6167 0.08774
8.6333 0.08905
8.65 0.09037
8.6667 0.09169
8.6833 0.09303
8.7 0.09438
8.7167 0.09573
8.7333 0.09709
8.75 0.09846
8.7667 0.09983
8.7833 0.1012
8.8 0.1026
8.8167 0.104
8.8333 0.1055
8.85 0.1069
8.8667 0.1083
8.8833 0.1098
8.9 0.1112
8.9167 0.1127
8.9333 0.1141
8.95 0.1156
8.9667 0.1171
8.9833 0.1186
9.0 0.12
9.0167 0.1216
9.0333 0.1231
9.05 0.1246
9.0667 0.1261
9.0833 0.1276
9.1 0.1292
9.1167 0.1307
9.1333 0.1323
9.15 0.1338
9.1667 0.1354
9.1833 0.1369
9.2 0.1385
9.2167 0.1401
9.2333 0.1417
9.25 0.1433
9.2667 0.1448
9.2833 0.1465
9.3 0.1481
9.3167 0.1497
9.3333 0.1513
9.35 0.1529
9.3667 0.1546
9.3833 0.1562
9.4 0.1578
9.4167 0.1595
9.4333 0.1611
9.45 0.1628
9.4667 0.1644
9.4833 0.1661
9.5 0.1677
9.5167 0.1694
9.5333 0.1711
9.55 0.1727
9.5667 0.1744
9.5833 0.1761
9.6 0.1777
9.6167 0.1794
9.6333 0.1811
9.65 0.1828
9.6667 0.1845
9.6833 0.1862
9.7 0.1879
9.7167 0.1895
9.7333 0.1912
9.75 0.1929
9.7667 0.1946
9.7833 0.1963
9.8 0.198
9.8167 0.1997
9.8333 0.2014
9.85 0.2031
9.8667 0.2048
9.8833 0.2065
9.9 0.2082
9.9167 0.2099
9.9333 0.2116
9.95 0.2132
9.9667 0.215
9.9833 0.2167
10.0 0.2183
10.0167 0.2201
10.0333 0.2218
10.05 0.2235
10.0667 0.2251
10.0833 0.2269
10.1 0.2286
10.1167 0.2302
10.1333 0.2319
10.15 0.2336
10.1667 0.2353
10.1833 0.2369
10.2 0.2386
10.2167 0.2403
10.2333 0.242
10.25 0.2435
10.2667 0.2453
10.2833 0.2469
10.3 0.2486
10.3167 0.2502
10.3333 0.2519
10.35 0.2535
10.3667 0.2552
10.3833 0.2568
10.4 0.2584
10.4167 0.26
10.4333 0.2617
10.45 0.2633
10.4667 0.2649
10.4833 0.2665
10.5 0.2681
10.5167 0.2695
10.5333 0.2712
10.55 0.2728
10.5667 0.2744
10.5833 0.2759
10.6 0.2775
10.6167 0.279
10.6333 0.2806
10.65 0.2821
10.6667 0.2835
10.6833 0.2851
10.7 0.2867
10.7167 0.2882
10.7333 0.2895
10.75 0.2912
10.7667 0.2926
10.7833 0.2941
10.8 0.2955
10.8167 0.2971
10.8333 0.2985
10.85 0.2999
10.8667 0.3014
10.8833 0.3028
10.9 0.3042
10.9167 0.3056
10.9333 0.307
10.95 0.3084
10.9667 0.3098
10.9833 0.3111
11.0 0.3125
11.0167 0.3138
11.0333 0.3152
11.05 0.3165
11.0667 0.3178
11.0833 0.3191
11.1 0.3204
11.1167 0.3217
11.1333 0.3229
11.15 0.3241
11.1667 0.3255
11.1833 0.3267
11.2 0.3279
11.2167 0.3291
11.2333 0.3303
11.25 0.3315
11.2667 0.3327
11.2833 0.3339
11.3 0.335
11.3167 0.3361
11.3333 0.3373
11.35 0.3384
11.3667 0.3395
11.3833 0.3405
11.4 0.3416
11.4167 0.3427
11.4333 0.3438
11.45 0.3448
11.4667 0.3456
11.4833 0.3467
11.5 0.3478
11.5167 0.3488
11.5333 0.3498
11.55 0.3508
11.5667 0.3517
11.5833 0.3524
11.6 0.3535
11.6167 0.3542
11.6333 0.3553
11.65 0.3562
11.6667 0.3571
11.6833 0.3578
11.7 0.3587
11.7167 0.3595
11.7333 0.3601
11.75 0.3611
11.7667 0.3619
11.7833 0.3626
11.8 0.3634
11.8167 0.3641
11.8333 0.3648
11.85 0.3655
11.8667 0.3659
11.8833 0.3668
11.9 0.3675
11.9167 0.3681
11.9333 0.3687
11.95 0.3693
11.9667 0.3699
11.9833 0.3705
12.0 0.371
12.0167 0.3716
12.0333 0.3721
12.05 0.3726
12.0667 0.3731
12.0833 0.3736
12.1 0.374
12.1167 0.3745
12.1333 0.3749
12.15 0.3753
12.1667 0.3757
12.1833 0.3759
12.2 0.3762
12.2167 0.3767
12.2333 0.3771
12.25 0.3774
12.2667 0.3777
12.2833 0.378
12.3 0.3782
12.3167 0.3785
12.3333 0.3787
12.35 0.3789
12.3667 0.3791
12.3833 0.3793
12.4 0.3794
12.4167 0.3796
12.4333 0.3797
12.45 0.3798
12.4667 0.3799
12.4833 0.38
12.5 0.38
12.5167 0.3801
12.5333 0.3801
12.55 0.3801
12.5667 0.3801
12.5833 0.3801
12.6 0.38
12.6167 0.38
12.6333 0.3799
12.65 0.3798
12.6667 0.3797
12.6833 0.3796
12.7 0.3794
12.7167 0.3793
12.7333 0.3791
12.75 0.3789
12.7667 0.3787
12.7833 0.3785
12.8 0.3782
12.8167 0.378
12.8333 0.3777
12.85 0.3774
12.8667 0.3771
12.8833 0.3768
12.9 0.3762
12.9167 0.3759
12.9333 0.3757
12.95 0.3753
12.9667 0.3749
12.9833 0.3745
13.0 0.3741
13.0167 0.3736
13.0333 0.3731
13.05 0.3726
13.0667 0.3721
13.0833 0.3716
13.1 0.3711
13.1167 0.3705
13.1333 0.37
13.15 0.3694
13.1667 0.3688
13.1833 0.3682
13.2 0.3675
13.2167 0.3669
13.2333 0.366
13.25 0.3655
13.2667 0.3649
13.2833 0.3642
13.3 0.3634
13.3167 0.3627
13.3333 0.3619
13.35 0.3612
13.3667 0.3601
13.3833 0.3596
13.4 0.3588
13.4167 0.3579
13.4333 0.3571
13.45 0.3563
13.4667 0.3554
13.4833 0.3543
13.5 0.3536
13.5167 0.3525
13.5333 0.3518
13.55 0.3508
13.5667 0.3499
13.5833 0.3489
13.6 0.3479
13.6167 0.3467
13.6333 0.3457
13.65 0.3449
13.6667 0.3438
13.6833 0.3428
13.7 0.3417
13.7167 0.3406
13.7333 0.3395
13.75 0.3385
13.7667 0.3374
13.7833 0.3362
13.8 0.3351
13.8167 0.3339
13.8333 0.3328
13.85 0.3316
13.8667 0.3304
13.8833 0.3292
13.9 0.328
13.9167 0.3268
13.9333 0.3255
13.95 0.324
13.9667 0.3229
13.9833 0.3218
14.0 0.3205
14.0167 0.3192
14.0333 0.3179
14.05 0.3166
14.0667 0.3152
14.0833 0.3139
14.1 0.3126
14.1167 0.3112
14.1333 0.3099
14.15 0.3085
14.1667 0.3071
14.1833 0.3057
14.2 0.3043
14.2167 0.3029
14.2333 0.3015
14.25 0.3001
14.2667 0.2986
14.2833 0.2972
14.3 0.2956
14.3167 0.2942
14.3333 0.2926
14.35 0.2913
14.3667 0.2895
14.3833 0.2883
14.4 0.2868
14.4167 0.2852
14.4333 0.2837
14.45 0.2822
14.4667 0.2807
14.4833 0.2791
14.5 0.2776
14.5167 0.2761
14.5333 0.2745
14.55 0.2729
14.5667 0.2714
14.5833 0.2697
14.6 0.2682
14.6167 0.2666
14.6333 0.265
14.65 0.2634
14.6667 0.2618
14.6833 0.2602
14.7 0.2586
14.7167 0.2569
14.7333 0.2553
14.75 0.2537
14.7667 0.252
14.7833 0.2504
14.8 0.2487
14.8167 0.247
14.8333 0.2454
14.85 0.2435
14.8667 0.2421
14.8833 0.2403
14.9 0.2388
14.9167 0.2371
14.9333 0.2354
14.95 0.2338
14.9667 0.2321
14.9833 0.2304
15.0 0.2287
15.0167 0.227
15.0333 0.2253
15.05 0.2236
15.0667 0.222
15.0833 0.2203
15.1 0.2184
15.1167 0.2169
15.1333 0.2152
15.15 0.2135
15.1667 0.2118
15.1833 0.2101
15.2 0.2084
15.2167 0.2066
15.2333 0.205
15.25 0.2033
15.2667 0.2016
15.2833 0.1999
15.3 0.1982
15.3167 0.1965
15.3333 0.1948
15.35 0.193
15.3667 0.1913
15.3833 0.1897
15.4 0.188
15.4167 0.1863
15.4333 0.1846
15.45 0.1829
15.4667 0.1813
15.4833 0.1795
15.5 0.1778
15.5167 0.1762
15.5333 0.1746
15.55 0.1729
15.5667 0.1712
15.5833 0.1696
15.6 0.1679
15.6167 0.1662
15.6333 0.1645
15.65 0.1629
15.6667 0.1613
15.6833 0.1596
15.7 0.158
15.7167 0.1564
15.7333 0.1547
15.75 0.1531
15.7667 0.1515
15.7833 0.1499
15.8 0.1483
15.8167 0.1466
15.8333 0.145
15.85 0.1434
15.8667 0.1419
15.8833 0.1403
15.9 0.1387
15.9167 0.1371
15.9333 0.1355
15.95 0.134
15.9667 0.1324
15.9833 0.1309
16.0 0.1293
16.0167 0.1278
16.0333 0.1263
16.05 0.1247
16.0667 0.1232
16.0833 0.1217
16.1 0.1202
16.1167 0.1187
16.1333 0.1172
16.15 0.1158
16.1667 0.1143
16.1833 0.1128
16.2 0.1114
16.2167 0.1099
16.2333 0.1085
16.25 0.1071
16.2667 0.1056
16.2833 0.1042
16.3 0.1028
16.3167 0.1014
16.3333 0.1
16.35 0.09864
16.3667 0.09727
16.3833 0.0959
16.4 0.09455
16.4167 0.0932
16.4333 0.09187
16.45 0.09054
16.4667 0.08922
16.4833 0.08791
16.5 0.08661
16.5167 0.08532
16.5333 0.08404
16.55 0.08277
16.5667 0.08151
16.5833 0.08025
16.6 0.07901
16.6167 0.07778
16.6333 0.07656
16.65 0.07534
16.6667 0.07414
16.6833 0.07295
16.7 0.07177
16.7167 0.0706
16.7333 0.06943
16.75 0.06828
16.7667 0.06714
16.7833 0.06601
16.8 0.06489
16.8167 0.06378
16.8333 0.06269
16.85 0.0616
16.8667 0.06052
16.8833 0.05945
16.9 0.0584
16.9167 0.05735
16.9333 0.05632
16.95 0.05529
16.9667 0.05428
16.9833 0.05328
17.0 0.05228
17.0167 0.0513
17.0333 0.05033
17.05 0.04937
17.0667 0.04842
17.0833 0.04749
17.1 0.04656
17.1167 0.04565
17.1333 0.04474
17.15 0.04385
17.1667 0.04296
17.1833 0.04209
17.2 0.04123
17.2167 0.04038
17.2333 0.03954
17.25 0.03871
17.2667 0.03789
17.2833 0.03708
17.3 0.03629
17.3167 0.0355
17.3333 0.03473
17.35 0.03396
17.3667 0.03321
17.3833 0.03247
17.4 0.03174
17.4167 0.03101
17.4333 0.0303
17.45 0.0296
17.4667 0.02891
17.4833 0.02823
17.5 0.02756
17.5167 0.02691
17.5333 0.02626
17.55 0.02562
17.5667 0.02499
17.5833 0.02437
17.6 0.02377
17.6167 0.02317
17.6333 0.02258
17.65 0.022
17.6667 0.02144
17.6833 0.02088
17.7 0.02033
17.7167 0.01979
17.7333 0.01926
17.75 0.01874
17.7667 0.01823
17.7833 0.01773
17.8 0.01724
17.8167 0.01676
17.8333 0.01629
17.85 0.01583
17.8667 0.01537
17.8833 0.01493
17.9 0.01449
17.9167 0.01406
17.9333 0.01364
17.95 0.01323
17.9667 0.01283
17.9833 0.01244
18.0 0.01205
18.0167 0.01167
18.0333 0.01131
18.05 0.01095
18.0667 0.01059
18.0833 0.01025
18.1 0.00991
18.1167 0.009581
18.1333 0.009259
18.15 0.008945
18.1667 0.008638
18.1833 0.008338
18.2 0.008045
18.2167 0.00776
18.2333 0.007481
18.25 0.00721
18.2667 0.006945
18.2833 0.006686
18.3 0.006435
18.3167 0.006189
18.3333 0.005951
18.35 0.005718
18.3667 0.005491
18.3833 0.005271
18.4 0.005056
18.4167 0.004847
18.4333 0.004644
18.45 0.004447
18.4667 0.004255
18.4833 0.004068
18.5 0.003887
18.5167 0.003711
18.5333 0.00354
18.55 0.003374
18.5667 0.003213
18.5833 0.003057
18.6 0.002906
18.6167 0.002759
18.6333 0.002616
18.65 0.002479
18.6667 0.002345
18.6833 0.002216
18.7 0.002091
18.7167 0.00197
18.7333 0.001853
18.75 0.00174
18.7667 0.001631
18.7833 0.001526
18.8 0.001425
18.8167 0.001328
18.8333 0.001234
18.85 0.001145
18.8667 0.001058
18.8833 0.0009761
18.9 0.0008976
18.9167 0.0008228
18.9333 0.0007519
18.95 0.0006851
18.9667 0.0006227
18.9833 0.0005557
19.0 0.0004924
19.0167 0.0004392
19.0333 0.0003945
19.05 0.0003492
19.0667 0.0003057
19.0833 0.0002663
19.1 0.0002348
19.1167 0.0002007
19.1333 0.0001712
19.15 0.0001455
19.1667 0.000123
19.1833 0.0001036
19.2 8.462e-05
19.2167 6.987e-05
19.2333 5.678e-05
19.25 4.605e-05
19.2667 3.654e-05
19.2833 2.888e-05
19.3 2.263e-05
19.3167 1.749e-05
19.3333 1.329e-05
19.35 9.984e-06
19.3667 7.418e-06
19.3833 5.353e-06
19.4 3.733e-06
19.4167 2.502e-06
19.4333 1.62e-06
19.45 9.866e-07
19.4667 5.847e-07
19.4833 3.388e-07
19.5 1.887e-07
19.5167 9.629e-08
19.5333 4.156e-08
19.55 1.212e-08
19.5667 1.701e-09
19.5833 1.034e-10
19.6 2.372e-12
19.6167 1.206e-14
19.6333 6.03e-18
19.65 0.0
19.6667 0.0
19.6833 0.0
19.7 0.0
19.7167 0.0
19.7333 0.0
19.75 0.0
19.7667 0.0
19.7833 0.0
19.8 0.0
19.8167 0.0
19.8333 0.0
19.85 0.0
19.8667 0.0
19.8833 0.0
19.9 0.0
19.9167 0.0
19.9333 0.0
19.95 0.0
19.9667 0.0
19.9833 0.0
20.0 0.0
20.0167 0.0
20.0333 0.0
20.05 0.0
20.0667 0.0
20.0833 0.0
20.1 0.0
20.1167 0.0
20.1333 0.0
20.15 0.0
20.1667 0.0
20.1833 0.0
20.2 0.0
20.2167 0.0
20.2333 0.0
20.25 0.0
20.2667 0.0
20.2833 0.0
20.3 0.0
20.3167 0.0
20.3333 0.0
20.35 0.0
20.3667 0.0
20.3833 0.0
20.4 0.0
20.4167 0.0
20.4333 0.0
20.45 0.0
20.4667 0.0
20.4833 0.0
20.5 0.0
20.5167 0.0
20.5333 0.0
20.55 0.0
20.5667 0.0
20.5833 0.0
20.6 0.0
20.6167 0.0
20.6333 0.0
20.65 0.0
20.6667 0.0
20.6833 0.0
20.7 0.0
20.7167 0.0
20.7333 0.0
20.75 0.0
20.7667 0.0
20.7833 0.0
20.8 0.0
20.8167 0.0
20.8333 0.0
20.85 0.0
20.8667 0.0
20.8833 0.0
20.9 0.0
20.9167 0.0
20.9333 0.0
20.95 0.0
20.9667 0.0
20.9833 0.0
21.0 0.0
21.0167 0.0
21.0333 0.0
21.05 0.0
21.0667 0.0
21.0833 0.0
21.1 0.0
21.1167 0.0
21.1333 0.0
21.15 0.0
21.1667 0.0
21.1833 0.0
21.2 0.0
21.2167 0.0
21.2333 0.0
21.25 0.0
21.2667 0.0
21.2833 0.0
21.3 0.0
21.3167 0.0
21.3333 0.0
21.35 0.0
21.3667 0.0
21.3833 0.0
21.4 0.0
21.4167 0.0
21.4333 0.0
21.45 0.0
21.4667 0.0
21.4833 0.0
21.5 0.0
21.5167 0.0
21.5333 0.0
21.55 0.0
21.5667 0.0
21.5833 0.0
21.6 0.0
21.6167 0.0
21.6333 0.0
21.65 0.0
21.6667 0.0
21.6833 0.0
21.7 0.0
21.7167 0.0
21.7333 0.0
21.75 0.0
21.7667 0.0
21.7833 0.0
21.8 0.0
21.8167 0.0
21.8333 0.0
21.85 0.0
21.8667 0.0
21.8833 0.0
21.9 0.0
21.9167 0.0
21.9333 0.0
21.95 0.0
21.9667 0.0
21.9833 0.0
22.0 0.0
22.0167 0.0
22.0333 0.0
22.05 0.0
22.0667 0.0
22.0833 0.0
22.1 0.0
22.1167 0.0
22.1333 0.0
22.15 0.0
22.1667 0.0
22.1833 0.0
22.2 0.0
22.2167 0.0
22.2333 0.0
22.25 0.0
22.2667 0.0
22.2833 0.0
22.3 0.0
22.3167 0.0
22.3333 0.0
22.35 0.0
22.3667 0.0
22.3833 0.0
22.4 0.0
22.4167 0.0
22.4333 0.0
22.45 0.0
22.4667 0.0
22.4833 0.0
22.5 0.0
22.5167 0.0
22.5333 0.0
22.55 0.0
22.5667 0.0
22.5833 0.0
22.6 0.0
22.6167 0.0
22.6333 0.0
22.65 0.0
22.6667 0.0
22.6833 0.0
22.7 0.0
22.7167 0.0
22.7333 0.0
22.75 0.0
22.7667 0.0
22.7833 0.0
22.8 0.0
22.8167 0.0
22.8333 0.0
22.85 0.0
22.8667 0.0
22.8833 0.0
22.9 0.0
22.9167 0.0
22.9333 0.0
22.95 0.0
22.9667 0.0
22.9833 0.0
23.0 0.0
23.0167 0.0
23.0333 0.0
23.05 0.0
23.0667 0.0
23.0833 0.0
23.1 0.0
23.1167 0.0
23.1333 0.0
23.15 0.0
23.1667 0.0
23.1833 0.0
23.2 0.0
23.2167 0.0
23.2333 0.0
23.25 0.0
23.2667 0.0
23.2833 0.0
23.3 0.0
23.3167 0.0
23.3333 0.0
23.35 0.0
23.3667 0.0
23.3833 0.0
23.4 0.0
23.4167 0.0
23.4333 0.0
23.45 0.0
23.4667 0.0
23.4833 0.0
23.5 0.0
23.5167 0.0
23.5333 0.0
23.55 0.0
23.5667 0.0
23.5833 0.0
23.6 0.0
23.6167 0.0
23.6333 0.0
23.65 0.0
23.6667 0.0
23.6833 0.0
23.7 0.0
23.7167 0.0
23.7333 0.0
23.75 0.0
23.7667 0.0
23.7833 0.0
23.8 0.0
23.8167 0.0
23.8333 0.0
23.85 0.0
23.8667 0.0
23.8833 0.0
23.9 0.0
23.9167 0.0
23.9333 0.0
23.95 0.0
23.9667 0.0
23.9833 0.0
