0.0 0.0
0.0167 0.0
0.0333 0.0
0.05 0.0
0.0667 0.0
0.0833 0.0
0.1 0.0
0.1167 0.0
0.1333 0.0
0.15 0.0
0.1667 0.0
0.1833 0.0
0.2 0.0
0.2167 0.0
0.2333 0.0
0.25 0.0
0.2667 0.0
0.2833 0.0
0.3 0.0
0.3167 0.0
0.3333 0.0
0.35 0.0
0.3667 0.0
0.3833 0.0
0.4 0.0
0.4167 0.0
0.4333 0.0
0.45 0.0
0.4667 0.0
0.4833 0.0
0.5 0.0
0.5167 0.0
0.5333 0.0
0.55 0.0
0.5667 0.0
0.5833 0.0
0.6 0.0
0.6167 0.0
0.6333 0.0
0.65 0.0
0.6667 0.0
0.6833 0.0
0.7 0.0
0.7167 0.0
0.7333 0.0
0.75 0.0
0.7667 0.0
0.7833 0.0
0.8 0.0
0.8167 0.0
0.8333 0.0
0.85 0.0
0.8667 0.0
0.8833 0.0
0.9 0.0
0.9167 0.0
0.9333 0.0
0.95 0.0
0.9667 0.0
0.9833 0.0
1.0 0.0
1.0167 0.0
1.0333 0.0
1.05 0.0
1.0667 0.0
1.0833 0.0
1.1 0.0
1.1167 0.0
1.1333 0.0
1.15 0.0
1.1667 0.0
1.1833 0.0
1.2 0.0
1.2167 0.0
1.2333 0.0
1.25 0.0
1.2667 0.0
1.2833 0.0
1.3 0.0
1.3167 0.0
1.3333 0.0
1.35 0.0
1.3667 0.0
1.3833 0.0
1.4 0.0
1.4167 0.0
1.4333 0.0
1.45 0.0
1.4667 0.0
1.4833 0.0
1.5 0.0
1.5167 0.0
1.5333 0.0
1.55 0.0
1.5667 0.0
1.5833 0.0
1.6 0.0
1.6167 0.0
1.6333 0.0
1.65 0.0
1.6667 0.0
1.6833 0.0
1.7 0.0
1.7167 0.0
1.7333 0.0
1.75 0.0
1.7667 0.0
1.7833 0.0
1.8 0.0
1.8167 0.0
1.8333 0.0
1.85 0.0
1.8667 0.0
1.8833 0.0
1.9 0.0
1.9167 0.0
1.9333 0.0
1.95 0.0
1.9667 0.0
1.9833 0.0
2.0 0.0
2.0167 0.0
2.0333 0.0
2.05 0.0
2.0667 0.0
2.0833 0.0
2.1 0.0
2.1167 0.0
2.1333 0.0
2.15 0.0
2.1667 0.0
2.1833 0.0
2.2 0.0
2.2167 0.0
2.2333 0.0
2.25 0.0
2.2667 0.0
2.2833 0.0
2.3 0.0
2.3167 0.0
2.3333 0.0
2.35 0.0
2.3667 0.0
2.3833 0.0
2.4 0.0
2.4167 0.0
2.4333 0.0
2.45 0.0
2.4667 0.0
2.4833 0.0
2.5 0.0
2.5167 0.0
2.5333 0.0
2.55 0.0
2.5667 0.0
2.5833 0.0
2.6 0.0
2.6167 0.0
2.6333 0.0
2.65 0.0
2.6667 0.0
2.6833 0.0
2.7 0.0
2.7167 0.0
2.7333 0.0
2.75 0.0
2.7667 0.0
2.7833 0.0
2.8 0.0
2.8167 0.0
2.8333 0.0
2.85 0.0
2.8667 0.0
2.8833 0.0
2.9 0.0
2.9167 0.0
2.9333 0.0
2.95 0.0
2.9667 0.0
2.9833 0.0
3.0 0.0
3.0167 0.0
3.0333 0.0
3.05 0.0
3.0667 0.0
3.0833 0.0
3.1 0.0
3.1167 0.0
3.1333 0.0
3.15 0.0
3.1667 0.0
3.1833 0.0
3.2 0.0
3.2167 0.0
3.2333 0.0
3.25 0.0
3.2667 0.0
3.2833 0.0
3.3 0.0
3.3167 0.0
3.3333 0.0
3.35 0.0
3.3667 0.0
3.3833 0.0
3.4 0.0
3.4167 0.0
3.4333 0.0
3.45 0.0
3.4667 0.0
3.4833 0.0
3.5 0.0
3.5167 0.0
3.5333 0.0
3.55 0.0
3.5667 0.0
3.5833 0.0
3.6 0.0
3.6167 0.0
3.6333 0.0
3.65 0.0
3.6667 0.0
3.6833 0.0
3.7 0.0
3.7167 0.0
3.7333 0.0
3.75 0.0
3.7667 0.0
3.7833 0.0
3.8 0.0
3.8167 0.0
3.8333 0.0
3.85 0.0
3.8667 0.0
3.8833 0.0
3.9 0.0
3.9167 0.0
3.9333 0.0
3.95 0.0
3.9667 0.0
3.9833 0.0
4.0 0.0
4.0167 0.0
4.0333 0.0
4.05 0.0
4.0667 0.0
4.0833 0.0
4.1 0.0
4.1167 0.0
4.1333 0.0
4.15 0.0
4.1667 0.0
4.1833 0.0
4.2 0.0
4.2167 0.0
4.2333 0.0
4.25 0.0
4.2667 0.0
4.2833 0.0
4.3 0.0
4.3167 0.0
4.3333 0.0
4.35 0.0
4.3667 0.0
4.3833 0.0
4.4 0.0
4.4167 0.0
4.4333 0.0
4.45 0.0
4.4667 0.0
4.4833 0.0
4.5 0.0
4.5167 0.0
4.5333 0.0
4.55 0.0
4.5667 0.0
4.5833 0.0
4.6 0.0
4.6167 0.0
4.6333 0.0
4.65 0.0
4.6667 0.0
4.6833 0.0
4.7 0.0
4.7167 0.0
4.7333 0.0
4.75 0.0
4.7667 0.0
4.7833 0.0
4.8 0.0
4.8167 0.0
4.8333 0.0
4.85 0.0
4.8667 0.0
4.8833 0.0
4.9 0.0
4.9167 0.0
4.9333 0.0
4.95 0.0
4.9667 0.0
4.9833 0.0
5.0 0.0
5.0167 0.0
5.0333 0.0
5.05 0.0
5.0667 0.0
5.0833 0.0
5.1 0.0
5.1167 0.0
5.1333 0.0
5.15 0.0
5.1667 0.0
5.1833 0.0
5.2 0.0
5.2167 0.0
5.2333 0.0
5.25 0.0
5.2667 0.0
5.2833 0.0
5.3 0.0
5.3167 0.0
5.3333 0.0
5.35 0.0
5.3667 0.0
5.3833 0.0
5.4 0.0
5.4167 0.0
5.4333 0.0
5.45 0.0
5.4667 0.0
5.4833 0.0
5.5 0.0
5.5167 0.0
5.5333 0.0
5.55 0.0
5.5667 0.0
5.5833 0.0
5.6 0.0
5.6167 0.0
5.6333 0.0
5.65 0.0
5.6667 0.0
5.6833 0.0
5.7 0.0
5.7167 0.0
5.7333 0.0
5.75 0.0
5.7667 0.0
5.7833 0.0
5.8 0.0
5.8167 0.0
5.8333 0.0
5.85 0.0
5.8667 0.0
5.8833 0.0
5.9 2.36e-19
5.9167 3.983e-15
5.9333 1.376e-12
5.95 9.63e-11
5.9667 1.911e-09
5.9833 1.531e-08
6.0 4.971e-08
6.0167 1.204e-07
6.0333 2.366e-07
6.05 4.346e-07
6.0667 7.779e-07
6.0833 1.338e-06
6.1 2.172e-06
6.1167 3.374e-06
6.1333 5.023e-06
6.15 7.161e-06
6.1667 9.914e-06
6.1833 1.34e-05
6.2 1.805e-05
6.2167 2.389e-05
6.2333 3.099e-05
6.25 3.95e-05
6.2667 4.952e-05
6.2833 6.224e-05
6.3 7.747e-05
6.3167 9.454e-05
6.3333 0.0001143
6.35 0.0001383
6.3667 0.0001669
6.3833 0.0001974
6.4 0.0002285
6.4167 0.0002638
6.4333 0.0003068
6.45 0.000351
6.4667 0.0004008
6.4833 0.0004488
6.5 0.0005065
6.5167 0.0005755
6.5333 0.0006456
6.55 0.0007134
6.5667 0.0007861
6.5833 0.0008632
6.6 0.0009445
6.6167 0.00103
6.6333 0.00112
6.65 0.001213
6.6667 0.001311
6.6833 0.001413
6.7 0.00152
6.7167 0.00163
6.7333 0.001744
6.75 0.001863
6.7667 0.001987
6.7833 0.002114
6.8 0.002246
6.8167 0.002383
6.8333 0.002524
6.85 0.00267
6.8667 0.002821
6.8833 0.002977
6.9 0.003137
6.9167 0.003303
6.9333 0.003474
6.95 0.00365
6.9667 0.003832
6.9833 0.004019
7.0 0.004212
7.0167 0.00441
7.0333 0.004615
7.05 0.004825
7.0667 0.005041
7.0833 0.005263
7.1 0.005492
7.1167 0.005727
7.1333 0.005968
7.15 0.006216
7.1667 0.00647
7.1833 0.006731
7.2 0.006999
7.2167 0.007274
7.2333 0.007557
7.25 0.007846
7.2667 0.008142
7.2833 0.008446
7.3 0.008757
7.3167 0.009076
7.3333 0.009403
7.35 0.009737
7.3667 0.01008
7.3833 0.01043
7.4 0.01079
7.4167 0.01115
7.4333 0.01153
7.45 0.01191
7.4667 0.0123
7.4833 0.0127
7.5 0.01311
7.5167 0.01353
7.5333 0.01395
7.55 0.01438
7.5667 0.01483
7.5833 0.01528
7.6 0.01574
7.6167 0.01621
7.6333 0.01669
7.65 0.01718
7.6667 0.01768
7.6833 0.01818
7.7 0.0187
7.7167 0.01923
7.7333 0.01976
7.75 0.02031
7.7667 0.02086
7.7833 0.02142
7.8 0.022
7.8167 0.02258
7.8333 0.02318
7.85 0.02378
7.8667 0.02439
7.8833 0.02502
7.9 0.02565
7.9167 0.02629
7.9333 0.02695
7.95 0.02761
7.9667 0.02828
7.9833 0.02897
8.0 0.02966
8.0167 0.03036
8.0333 0.03108
8.05 0.0318
8.0667 0.03254
8.0833 0.03328
8.1 0.03404
8.1167 0.0348
8.1333 0.03558
8.15 0.03636
8.1667 0.03716
8.1833 0.03797
8.2 0.03878
8.2167 0.03961
8.2333 0.04045
8.25 0.04129
8.2667 0.04215
8.2833 0.04302
8.3 0.04389
8.3167 0.04478
8.3333 0.04568
8.35 0.04659
8.3667 0.04751
8.3833 0.04844
8.4 0.04937
8.4167 0.05032
8.4333 0.05128
8.45 0.05225
8.4667 0.05323
8.4833 0.05421
8.5 0.05521
8.5167 0.05622
8.5333 0.05723
8.55 0.05826
8.5667 0.0593
8.5833 0.06034
8.6 0.0614
8.6167 0.06246
8.6333 0.06353
8.65 0.06462
8.6667 0.06571
8.6833 0.06681
8.7 0.06792
8.7167 0.06904
8.7333 0.07017
8.75 0.07131
8.7667 0.07245
8.7833 0.07361
8.8 0.07477
8.8167 0.07594
8.8333 0.07712
8.85 0.07831
8.8667 0.07951
8.8833 0.08071
8.9 0.08192
8.9167 0.08315
8.9333 0.08438
8.95 0.08561
8.9667 0.08686
8.9833 0.08811
9.0 0.08937
9.0167 0.09064
9.0333 0.09191
9.05 0.09319
9.0667 0.09448
9.0833 0.09578
9.1 0.09708
9.1167 0.09839
9.1333 0.0997
9.15 0.101
9.1667 0.1023
9.1833 0.1037
9.2 0.105
9.2167 0.1064
9.2333 0.1077
9.25 0.1091
9.2667 0.1104
9.2833 0.1118
9.3 0.1132
9.3167 0.1146
9.3333 0.116
9.35 0.1174
9.3667 0.1188
9.3833 0.1202
9.4 0.1216
9.4167 0.123
9.4333 0.1244
9.45 0.1258
9.4667 0.1272
9.4833 0.1287
9.5 0.1301
9.5167 0.1315
9.5333 0.133
9.55 0.1344
9.5667 0.1359
9.5833 0.1373
9.6 0.1388
9.6167 0.1402
9.6333 0.1416
9.65 0.1431
9.6667 0.1446
9.6833 0.1461
9.7 0.1474
9.7167 0.149
9.7333 0.1505
9.75 0.1519
9.7667 0.1533
9.7833 0.1549
9.8 0.1564
9.8167 0.1578
9.8333 0.1593
9.85 0.1608
9.8667 0.1623
9.8833 0.1638
9.9 0.1652
9.9167 0.1667
9.9333 0.1682
9.95 0.1697
9.9667 0.1712
9.9833 0.1726
10.0 0.1741
10.0167 0.1756
10.0333 0.1771
10.05 0.1786
10.0667 0.18
10.0833 0.1815
10.1 0.1829
10.1167 0.1844
10.1333 0.1859
10.15 0.1874
10.1667 0.1888
10.1833 0.1903
10.2 0.1918
10.2167 0.1932
10.2333 0.1947
10.25 0.1961
10.2667 0.1976
10.2833 0.199
10.3 0.2005
10.3167 0.2019
10.3333 0.2033
10.35 0.2048
10.3667 0.2062
10.3833 0.2076
10.4 0.209
10.4167 0.2104
10.4333 0.2118
10.45 0.2132
10.4667 0.2146
10.4833 0.216
10.5 0.2174
10.5167 0.2188
10.5333 0.2202
10.55 0.2215
10.5667 0.2229
10.5833 0.2243
10.6 0.2256
10.6167 0.2269
10.6333 0.2283
10.65 0.2296
10.6667 0.2309
10.6833 0.2323
10.7 0.2336
10.7167 0.2349
10.7333 0.2362
10.75 0.2375
10.7667 0.2388
10.7833 0.24
10.8 0.2413
10.8167 0.2425
10.8333 0.2438
10.85 0.2451
10.8667 0.2463
10.8833 0.2475
10.9 0.2487
10.9167 0.25
10.9333 0.2511
10.95 0.2523
10.9667 0.2535
10.9833 0.2547
11.0 0.2558
11.0167 0.257
11.0333 0.2581
11.05 0.2593
11.0667 0.2604
11.0833 0.2615
11.1 0.2626
11.1167 0.2637
11.1333 0.2648
11.15 0.2658
11.1667 0.2669
11.1833 0.268
11.2 0.269
11.2167 0.27
11.2333 0.271
11.25 0.272
11.2667 0.273
11.2833 0.274
11.3 0.275
11.3167 0.2759
11.3333 0.2769
11.35 0.2778
11.3667 0.2787
11.3833 0.2796
11.4 0.2805
11.4167 0.2814
11.4333 0.2823
11.45 0.2831
11.4667 0.284
11.4833 0.2848
11.5 0.2856
11.5167 0.2864
11.5333 0.2872
11.55 0.288
11.5667 0.2886
11.5833 0.2895
11.6 0.2903
11.6167 0.291
11.6333 0.2917
11.65 0.2924
11.6667 0.293
11.6833 0.2938
11.7 0.2944
11.7167 0.2948
11.7333 0.2956
11.75 0.2963
11.7667 0.2969
11.7833 0.2975
11.8 0.298
11.8167 0.2986
11.8333 0.2991
11.85 0.2997
11.8667 0.3002
11.8833 0.3007
11.9 0.3011
11.9167 0.3017
11.9333 0.3022
11.95 0.3026
11.9667 0.303
11.9833 0.3034
12.0 0.3038
12.0167 0.3042
12.0333 0.3046
12.05 0.3048
12.0667 0.3052
12.0833 0.3056
12.1 0.3059
12.1167 0.3062
12.1333 0.3065
12.15 0.3067
12.1667 0.307
12.1833 0.3072
12.2 0.3074
12.2167 0.3076
12.2333 0.3078
12.25 0.308
12.2667 0.3081
12.2833 0.3082
12.3 0.3084
12.3167 0.3085
12.3333 0.3086
12.35 0.3086
12.3667 0.3087
12.3833 0.3087
12.4 0.3088
12.4167 0.3088
12.4333 0.3088
12.45 0.3088
12.4667 0.3087
12.4833 0.3087
12.5 0.3086
12.5167 0.3085
12.5333 0.3084
12.55 0.3083
12.5667 0.3082
12.5833 0.308
12.6 0.3079
12.6167 0.3077
12.6333 0.3075
12.65 0.3073
12.6667 0.3071
12.6833 0.3069
12.7 0.3066
12.7167 0.3063
12.7333 0.3061
12.75 0.3058
12.7667 0.3055
12.7833 0.305
12.8 0.3047
12.8167 0.3044
12.8333 0.3041
12.85 0.3037
12.8667 0.3033
12.8833 0.3028
12.9 0.3024
12.9167 0.302
12.9333 0.3015
12.95 0.301
12.9667 0.3005
12.9833 0.3
13.0 0.2995
13.0167 0.2989
13.0333 0.2982
13.05 0.2979
13.0667 0.2973
13.0833 0.2967
13.1 0.2961
13.1167 0.2953
13.1333 0.2948
13.15 0.2942
13.1667 0.2935
13.1833 0.2928
13.2 0.2921
13.2167 0.2914
13.2333 0.2907
13.25 0.29
13.2667 0.2892
13.2833 0.2884
13.3 0.2877
13.3167 0.2869
13.3333 0.2861
13.35 0.2853
13.3667 0.2845
13.3833 0.2836
13.4 0.2828
13.4167 0.2819
13.4333 0.2811
13.45 0.2802
13.4667 0.2793
13.4833 0.2783
13.5 0.2774
13.5167 0.2765
13.5333 0.2755
13.55 0.2744
13.5667 0.2736
13.5833 0.2726
13.6 0.2716
13.6167 0.2706
13.6333 0.2696
13.65 0.2686
13.6667 0.2675
13.6833 0.2665
13.7 0.2653
13.7167 0.2643
13.7333 0.2633
13.75 0.2622
13.7667 0.2609
13.7833 0.2599
13.8 0.2588
13.8167 0.2577
13.8333 0.2565
13.85 0.2554
13.8667 0.2541
13.8833 0.253
13.9 0.2519
13.9167 0.2507
13.9333 0.2495
13.95 0.248
13.9667 0.2469
13.9833 0.2458
14.0 0.2446
14.0167 0.2433
14.0333 0.2421
14.05 0.2408
14.0667 0.2395
14.0833 0.2383
14.1 0.237
14.1167 0.2357
14.1333 0.2344
14.15 0.2331
14.1667 0.2317
14.1833 0.2304
14.2 0.2291
14.2167 0.2278
14.2333 0.2264
14.25 0.2251
14.2667 0.2237
14.2833 0.2224
14.3 0.221
14.3167 0.2196
14.3333 0.2182
14.35 0.2168
14.3667 0.2155
14.3833 0.2141
14.4 0.2127
14.4167 0.2113
14.4333 0.2098
14.45 0.2084
14.4667 0.207
14.4833 0.2056
14.5 0.2042
14.5167 0.2027
14.5333 0.2013
14.55 0.1999
14.5667 0.1984
14.5833 0.197
14.6 0.1955
14.6167 0.194
14.6333 0.1926
14.65 0.1912
14.6667 0.1897
14.6833 0.1882
14.7 0.1868
14.7167 0.1853
14.7333 0.1838
14.75 0.1824
14.7667 0.1809
14.7833 0.1794
14.8 0.1779
14.8167 0.1765
14.8333 0.175
14.85 0.1735
14.8667 0.172
14.8833 0.1705
14.9 0.1691
14.9167 0.1676
14.9333 0.1661
14.95 0.1646
14.9667 0.1631
14.9833 0.1617
15.0 0.1602
15.0167 0.1587
15.0333 0.1572
15.05 0.1557
15.0667 0.1543
15.0833 0.1527
15.1 0.1513
15.1167 0.1499
15.1333 0.1484
15.15 0.1469
15.1667 0.1454
15.1833 0.144
15.2 0.1425
15.2167 0.1411
15.2333 0.1396
15.25 0.1382
15.2667 0.1367
15.2833 0.1352
15.3 0.1338
15.3167 0.1324
15.3333 0.1309
15.35 0.1295
15.3667 0.1281
15.3833 0.1266
15.4 0.1252
15.4167 0.1238
15.4333 0.1224
15.45 0.121
15.4667 0.1196
15.4833 0.1182
15.5 0.1168
15.5167 0.1154
15.5333 0.114
15.55 0.1126
15.5667 0.1113
15.5833 0.1099
15.6 0.1085
15.6167 0.1072
15.6333 0.1058
15.65 0.1045
15.6667 0.1031
15.6833 0.1018
15.7 0.1005
15.7167 0.09914
15.7333 0.09783
15.75 0.09653
15.7667 0.09523
15.7833 0.09394
15.8 0.09265
15.8167 0.09137
15.8333 0.0901
15.85 0.08883
15.8667 0.08758
15.8833 0.08633
15.9 0.08508
15.9167 0.08385
15.9333 0.08263
15.95 0.08141
15.9667 0.0802
15.9833 0.079
16.0 0.0778
16.0167 0.07662
16.0333 0.07544
16.05 0.07427
16.0667 0.07311
16.0833 0.07196
16.1 0.07082
16.1167 0.06968
16.1333 0.06856
16.15 0.06745
16.1667 0.06634
16.1833 0.06524
16.2 0.06415
16.2167 0.06307
16.2333 0.062
16.25 0.06094
16.2667 0.05989
16.2833 0.05885
16.3 0.05782
16.3167 0.05679
16.3333 0.05578
16.35 0.05478
16.3667 0.05378
16.3833 0.0528
16.4 0.05183
16.4167 0.05086
16.4333 0.04991
16.45 0.04897
16.4667 0.04803
16.4833 0.04711
16.5 0.04619
16.5167 0.04529
16.5333 0.0444
16.55 0.04351
16.5667 0.04264
16.5833 0.04178
16.6 0.04092
16.6167 0.04008
16.6333 0.03925
16.65 0.03842
16.6667 0.03761
16.6833 0.03681
16.7 0.03602
16.7167 0.03524
16.7333 0.03447
16.75 0.0337
16.7667 0.03295
16.7833 0.03221
16.8 0.03148
16.8167 0.03076
16.8333 0.03005
16.85 0.02935
16.8667 0.02866
16.8833 0.02799
16.9 0.02732
16.9167 0.02666
16.9333 0.02601
16.95 0.02537
16.9667 0.02474
16.9833 0.02412
17.0 0.02351
17.0167 0.02291
17.0333 0.02232
17.05 0.02174
17.0667 0.02117
17.0833 0.02061
17.1 0.02006
17.1167 0.01952
17.1333 0.01899
17.15 0.01847
17.1667 0.01796
17.1833 0.01745
17.2 0.01696
17.2167 0.01647
17.2333 0.016
17.25 0.01553
17.2667 0.01508
17.2833 0.01463
17.3 0.01419
17.3167 0.01376
17.3333 0.01334
17.35 0.01292
17.3667 0.01252
17.3833 0.01212
17.4 0.01174
17.4167 0.01136
17.4333 0.01099
17.45 0.01062
17.4667 0.01027
17.4833 0.009924
17.5 0.009584
17.5167 0.009254
17.5333 0.008931
17.55 0.008615
17.5667 0.008308
17.5833 0.008006
17.6 0.007713
17.6167 0.007427
17.6333 0.007148
17.65 0.006877
17.6667 0.006612
17.6833 0.006353
17.7 0.006101
17.7167 0.005857
17.7333 0.005618
17.75 0.005386
17.7667 0.00516
17.7833 0.004941
17.8 0.004727
17.8167 0.00452
17.8333 0.004318
17.85 0.004123
17.8667 0.003932
17.8833 0.003747
17.9 0.003568
17.9167 0.003394
17.9333 0.003226
17.95 0.003062
17.9667 0.002904
17.9833 0.00275
18.0 0.002602
18.0167 0.002458
18.0333 0.002319
18.05 0.002184
18.0667 0.002054
18.0833 0.001928
18.1 0.001807
18.1167 0.00169
18.1333 0.001578
18.15 0.001469
18.1667 0.001365
18.1833 0.001265
18.2 0.001169
18.2167 0.001077
18.2333 0.0009891
18.25 0.0009053
18.2667 0.000826
18.2833 0.000751
18.3 0.0006806
18.3167 0.0006153
18.3333 0.0005409
18.35 0.0004775
18.3667 0.0004247
18.3833 0.0003808
18.4 0.0003272
18.4167 0.0002908
18.4333 0.0002475
18.45 0.0002109
18.4667 0.000179
18.4833 0.0001509
18.5 0.0001266
18.5167 0.0001057
18.5333 8.536e-05
18.55 6.998e-05
18.5667 5.569e-05
18.5833 4.438e-05
18.6 3.528e-05
18.6167 2.73e-05
18.6333 2.095e-05
18.65 1.561e-05
18.6667 1.158e-05
18.6833 8.526e-06
18.7 6.011e-06
18.7167 4.208e-06
18.7333 2.753e-06
18.75 1.713e-06
18.7667 1.019e-06
18.7833 5.849e-07
18.8 3.273e-07
18.8167 1.72e-07
18.8333 7.963e-08
18.85 2.998e-08
18.8667 6.324e-09
18.8833 4.746e-10
18.9 1.416e-11
18.9167 9.151e-14
18.9333 8.441e-17
18.95 0.0
18.9667 0.0
18.9833 0.0
19.0 0.0
19.0167 0.0
19.0333 0.0
19.05 0.0
19.0667 0.0
19.0833 0.0
19.1 0.0
19.1167 0.0
19.1333 0.0
19.15 0.0
19.1667 0.0
19.1833 0.0
19.2 0.0
19.2167 0.0
19.2333 0.0
19.25 0.0
19.2667 0.0
19.2833 0.0
19.3 0.0
19.3167 0.0
19.3333 0.0
19.35 0.0
19.3667 0.0
19.3833 0.0
19.4 0.0
19.4167 0.0
19.4333 0.0
19.45 0.0
19.4667 0.0
19.4833 0.0
19.5 0.0
19.5167 0.0
19.5333 0.0
19.55 0.0
19.5667 0.0
19.5833 0.0
19.6 0.0
19.6167 0.0
19.6333 0.0
19.65 0.0
19.6667 0.0
19.6833 0.0
19.7 0.0
19.7167 0.0
19.7333 0.0
19.75 0.0
19.7667 0.0
19.7833 0.0
19.8 0.0
19.8167 0.0
19.8333 0.0
19.85 0.0
19.8667 0.0
19.8833 0.0
19.9 0.0
19.9167 0.0
19.9333 0.0
19.95 0.0
19.9667 0.0
19.9833 0.0
20.0 0.0
20.0167 0.0
20.0333 0.0
20.05 0.0
20.0667 0.0
20.0833 0.0
20.1 0.0
20.1167 0.0
20.1333 0.0
20.15 0.0
20.1667 0.0
20.1833 0.0
20.2 0.0
20.2167 0.0
20.2333 0.0
20.25 0.0
20.2667 0.0
20.2833 0.0
20.3 0.0
20.3167 0.0
20.3333 0.0
20.35 0.0
20.3667 0.0
20.3833 0.0
20.4 0.0
20.4167 0.0
20.4333 0.0
20.45 0.0
20.4667 0.0
20.4833 0.0
20.5 0.0
20.5167 0.0
20.5333 0.0
20.55 0.0
20.5667 0.0
20.5833 0.0
20.6 0.0
20.6167 0.0
20.6333 0.0
20.65 0.0
20.6667 0.0
20.6833 0.0
20.7 0.0
20.7167 0.0
20.7333 0.0
20.75 0.0
20.7667 0.0
20.7833 0.0
20.8 0.0
20.8167 0.0
20.8333 0.0
20.85 0.0
20.8667 0.0
20.8833 0.0
20.9 0.0
20.9167 0.0
20.9333 0.0
20.95 0.0
20.9667 0.0
20.9833 0.0
21.0 0.0
21.0167 0.0
21.0333 0.0
21.05 0.0
21.0667 0.0
21.0833 0.0
21.1 0.0
21.1167 0.0
21.1333 0.0
21.15 0.0
21.1667 0.0
21.1833 0.0
21.2 0.0
21.2167 0.0
21.2333 0.0
21.25 0.0
21.2667 0.0
21.2833 0.0
21.3 0.0
21.3167 0.0
21.3333 0.0
21.35 0.0
21.3667 0.0
21.3833 0.0
21.4 0.0
21.4167 0.0
21.4333 0.0
21.45 0.0
21.4667 0.0
21.4833 0.0
21.5 0.0
21.5167 0.0
21.5333 0.0
21.55 0.0
21.5667 0.0
21.5833 0.0
21.6 0.0
21.6167 0.0
21.6333 0.0
21.65 0.0
21.6667 0.0
21.6833 0.0
21.7 0.0
21.7167 0.0
21.7333 0.0
21.75 0.0
21.7667 0.0
21.7833 0.0
21.8 0.0
21.8167 0.0
21.8333 0.0
21.85 0.0
21.8667 0.0
21.8833 0.0
21.9 0.0
21.9167 0.0
21.9333 0.0
21.95 0.0
21.9667 0.0
21.9833 0.0
22.0 0.0
22.0167 0.0
22.0333 0.0
22.05 0.0
22.0667 0.0
22.0833 0.0
22.1 0.0
22.1167 0.0
22.1333 0.0
22.15 0.0
22.1667 0.0
22.1833 0.0
22.2 0.0
22.2167 0.0
22.2333 0.0
22.25 0.0
22.2667 0.0
22.2833 0.0
22.3 0.0
22.3167 0.0
22.3333 0.0
22.35 0.0
22.3667 0.0
22.3833 0.0
22.4 0.0
22.4167 0.0
22.4333 0.0
22.45 0.0
22.4667 0.0
22.4833 0.0
22.5 0.0
22.5167 0.0
22.5333 0.0
22.55 0.0
22.5667 0.0
22.5833 0.0
22.6 0.0
22.6167 0.0
22.6333 0.0
22.65 0.0
22.6667 0.0
22.6833 0.0
22.7 0.0
22.7167 0.0
22.7333 0.0
22.75 0.0
22.7667 0.0
22.7833 0.0
22.8 0.0
22.8167 0.0
22.8333 0.0
22.85 0.0
22.8667 0.0
22.8833 0.0
22.9 0.0
22.9167 0.0
22.9333 0.0
22.95 0.0
22.9667 0.0
22.9833 0.0
23.0 0.0
23.0167 0.0
23.0333 0.0
23.05 0.0
23.0667 0.0
23.0833 0.0
23.1 0.0
23.1167 0.0
23.1333 0.0
23.15 0.0
23.1667 0.0
23.1833 0.0
23.2 0.0
23.2167 0.0
23.2333 0.0
23.25 0.0
23.2667 0.0
23.2833 0.0
23.3 0.0
23.3167 0.0
23.3333 0.0
23.35 0.0
23.3667 0.0
23.3833 0.0
23.4 0.0
23.4167 0.0
23.4333 0.0
23.45 0.0
23.4667 0.0
23.4833 0.0
23.5 0.0
23.5167 0.0
23.5333 0.0
23.55 0.0
23.5667 0.0
23.5833 0.0
23.6 0.0
23.6167 0.0
23.6333 0.0
23.65 0.0
23.6667 0.0
23.6833 0.0
23.7 0.0
23.7167 0.0
23.7333 0.0
23.75 0.0
23.7667 0.0
23.7833 0.0
23.8 0.0
23.8167 0.0
23.8333 0.0
23.85 0.0
23.8667 0.0
23.8833 0.0
23.9 0.0
23.9167 0.0
23.9333 0.0
23.95 0.0
23.9667 0.0
23.9833 0.0
