0.0 0.0
0.0167 0.0
0.0333 0.0
0.05 0.0
0.0667 0.0
0.0833 0.0
0.1 0.0
0.1167 0.0
0.1333 0.0
0.15 0.0
0.1667 0.0
0.1833 0.0
0.2 0.0
0.2167 0.0
0.2333 0.0
0.25 0.0
0.2667 0.0
0.2833 0.0
0.3 0.0
0.3167 0.0
0.3333 0.0
0.35 0.0
0.3667 0.0
0.3833 0.0
0.4 0.0
0.4167 0.0
0.4333 0.0
0.45 0.0
0.4667 0.0
0.4833 0.0
0.5 0.0
0.5167 0.0
0.5333 0.0
0.55 0.0
0.5667 0.0
0.5833 0.0
0.6 0.0
0.6167 0.0
0.6333 0.0
0.65 0.0
0.6667 0.0
0.6833 0.0
0.7 0.0
0.7167 0.0
0.7333 0.0
0.75 0.0
0.7667 0.0
0.7833 0.0
0.8 0.0
0.8167 0.0
0.8333 0.0
0.85 0.0
0.8667 0.0
0.8833 0.0
0.9 0.0
0.9167 0.0
0.9333 0.0
0.95 0.0
0.9667 0.0
0.9833 0.0
1.0 0.0
1.0167 0.0
1.0333 0.0
1.05 0.0
1.0667 0.0
1.0833 0.0
1.1 0.0
1.1167 0.0
1.1333 0.0
1.15 0.0
1.1667 0.0
1.1833 0.0
1.2 0.0
1.2167 0.0
1.2333 0.0
1.25 0.0
1.2667 0.0
1.2833 0.0
1.3 0.0
1.3167 0.0
1.3333 0.0
1.35 0.0
1.3667 0.0
1.3833 0.0
1.4 0.0
1.4167 0.0
1.4333 0.0
1.45 0.0
1.4667 0.0
1.4833 0.0
1.5 0.0
1.5167 0.0
1.5333 0.0
1.55 0.0
1.5667 0.0
1.5833 0.0
1.6 0.0
1.6167 0.0
1.6333 0.0
1.65 0.0
1.6667 0.0
1.6833 0.0
1.7 0.0
1.7167 0.0
1.7333 0.0
1.75 0.0
1.7667 0.0
1.7833 0.0
1.8 0.0
1.8167 0.0
1.8333 0.0
1.85 0.0
1.8667 0.0
1.8833 0.0
1.9 0.0
1.9167 0.0
1.9333 0.0
1.95 0.0
1.9667 0.0
1.9833 0.0
2.0 0.0
2.0167 0.0
2.0333 0.0
2.05 0.0
2.0667 0.0
2.0833 0.0
2.1 0.0
2.1167 0.0
2.1333 0.0
2.15 0.0
2.1667 0.0
2.1833 0.0
2.2 0.0
2.2167 0.0
2.2333 0.0
2.25 0.0
2.2667 0.0
2.2833 0.0
2.3 0.0
2.3167 0.0
2.3333 0.0
2.35 0.0
2.3667 0.0
2.3833 0.0
2.4 0.0
2.4167 0.0
2.4333 0.0
2.45 0.0
2.4667 0.0
2.4833 0.0
2.5 0.0
2.5167 0.0
2.5333 0.0
2.55 0.0
2.5667 0.0
2.5833 0.0
2.6 0.0
2.6167 0.0
2.6333 0.0
2.65 0.0
2.6667 0.0
2.6833 0.0
2.7 0.0
2.7167 0.0
2.7333 0.0
2.75 0.0
2.7667 0.0
2.7833 0.0
2.8 0.0
2.8167 0.0
2.8333 0.0
2.85 0.0
2.8667 0.0
2.8833 0.0
2.9 0.0
2.9167 0.0
2.9333 0.0
2.95 0.0
2.9667 0.0
2.9833 0.0
3.0 0.0
3.0167 0.0
3.0333 0.0
3.05 0.0
3.0667 0.0
3.0833 0.0
3.1 0.0
3.1167 0.0
3.1333 0.0
3.15 0.0
3.1667 0.0
3.1833 0.0
3.2 0.0
3.2167 0.0
3.2333 0.0
3.25 0.0
3.2667 0.0
3.2833 0.0
3.3 0.0
3.3167 0.0
3.3333 0.0
3.35 0.0
3.3667 0.0
3.3833 0.0
3.4 0.0
3.4167 0.0
3.4333 0.0
3.45 0.0
3.4667 0.0
3.4833 0.0
3.5 0.0
3.5167 0.0
3.5333 0.0
3.55 0.0
3.5667 0.0
3.5833 0.0
3.6 0.0
3.6167 0.0
3.6333 0.0
3.65 0.0
3.6667 0.0
3.6833 0.0
3.7 0.0
3.7167 0.0
3.7333 0.0
3.75 0.0
3.7667 0.0
3.7833 0.0
3.8 0.0
3.8167 0.0
3.8333 0.0
3.85 0.0
3.8667 0.0
3.8833 0.0
3.9 0.0
3.9167 0.0
3.9333 0.0
3.95 0.0
3.9667 0.0
3.9833 0.0
4.0 0.0
4.0167 0.0
4.0333 0.0
4.05 0.0
4.0667 0.0
4.0833 0.0
4.1 0.0
4.1167 0.0
4.1333 0.0
4.15 0.0
4.1667 0.0
4.1833 0.0
4.2 0.0
4.2167 0.0
4.2333 0.0
4.25 0.0
4.2667 0.0
4.2833 0.0
4.3 0.0
4.3167 0.0
4.3333 0.0
4.35 0.0
4.3667 0.0
4.3833 0.0
4.4 0.0
4.4167 0.0
4.4333 0.0
4.45 0.0
4.4667 0.0
4.4833 0.0
4.5 0.0
4.5167 0.0
4.5333 0.0
4.55 0.0
4.5667 0.0
4.5833 0.0
4.6 0.0
4.6167 0.0
4.6333 0.0
4.65 0.0
4.6667 0.0
4.6833 0.0
4.7 0.0
4.7167 0.0
4.7333 0.0
4.75 0.0
4.7667 0.0
4.7833 0.0
4.8 0.0
4.8167 0.0
4.8333 0.0
4.85 0.0
4.8667 0.0
4.8833 0.0
4.9 0.0
4.9167 0.0
4.9333 0.0
4.95 0.0
4.9667 0.0
4.9833 0.0
5.0 0.0
5.0167 0.0
5.0333 0.0
5.05 0.0
5.0667 0.0
5.0833 0.0
5.1 0.0
5.1167 0.0
5.1333 0.0
5.15 0.0
5.1667 0.0
5.1833 0.0
5.2 0.0
5.2167 0.0
5.2333 0.0
5.25 0.0
5.2667 0.0
5.2833 0.0
5.3 0.0
5.3167 0.0
5.3333 0.0
5.35 0.0
5.3667 0.0
5.3833 0.0
5.4 0.0
5.4167 0.0
5.4333 0.0
5.45 0.0
5.4667 0.0
5.4833 0.0
5.5 0.0
5.5167 0.0
5.5333 0.0
5.55 0.0
5.5667 0.0
5.5833 0.0
5.6 0.0
5.6167 0.0
5.6333 0.0
5.65 0.0
5.6667 0.0
5.6833 0.0
5.7 0.0
5.7167 0.0
5.7333 0.0
5.75 0.0
5.7667 0.0
5.7833 0.0
5.8 0.0
5.8167 0.0
5.8333 0.0
5.85 0.0
5.8667 0.0
5.8833 0.0
5.9 0.0
5.9167 0.0
5.9333 0.0
5.95 0.0
5.9667 0.0
5.9833 0.0
6.0 1.38e-16
6.0167 1.172e-13
6.0333 1.577e-11
6.05 4.848e-10
6.0667 6.324e-09
6.0833 2.903e-08
6.1 7.922e-08
6.1167 1.688e-07
6.1333 3.261e-07
6.15 5.827e-07
6.1667 1.015e-06
6.1833 1.712e-06
6.2 2.726e-06
6.2167 4.106e-06
6.2333 6.011e-06
6.25 8.363e-06
6.2667 1.16e-05
6.2833 1.547e-05
6.3 2.041e-05
6.3167 2.66e-05
6.3333 3.426e-05
6.35 4.372e-05
6.3667 5.547e-05
6.3833 6.806e-05
6.4 8.461e-05
6.4167 0.0001022
6.4333 0.0001239
6.45 0.00015
6.4667 0.0001775
6.4833 0.0002094
6.5 0.0002446
6.5167 0.0002787
6.5333 0.0003228
6.55 0.0003686
6.5667 0.0004196
6.5833 0.0004686
6.6 0.0005273
6.6167 0.0005973
6.6333 0.0006699
6.65 0.0007389
6.6667 0.0008127
6.6833 0.000891
6.7 0.0009736
6.7167 0.00106
6.7333 0.001151
6.75 0.001246
6.7667 0.001346
6.7833 0.001449
6.8 0.001556
6.8167 0.001668
6.8333 0.001784
6.85 0.001904
6.8667 0.002029
6.8833 0.002158
6.9 0.002291
6.9167 0.002429
6.9333 0.002571
6.95 0.002719
6.9667 0.002871
6.9833 0.003028
7.0 0.003189
7.0167 0.003356
7.0333 0.003528
7.05 0.003705
7.0667 0.003888
7.0833 0.004075
7.1 0.004269
7.1167 0.004468
7.1333 0.004673
7.15 0.004883
7.1667 0.0051
7.1833 0.005322
7.2 0.005551
7.2167 0.005786
7.2333 0.006027
7.25 0.006275
7.2667 0.006528
7.2833 0.006789
7.3 0.007056
7.3167 0.007331
7.3333 0.007612
7.35 0.0079
7.3667 0.008195
7.3833 0.008497
7.4 0.008807
7.4167 0.009124
7.4333 0.009448
7.45 0.00978
7.4667 0.01012
7.4833 0.01047
7.5 0.01082
7.5167 0.01118
7.5333 0.01156
7.55 0.01193
7.5667 0.01232
7.5833 0.01272
7.6 0.01312
7.6167 0.01353
7.6333 0.01395
7.65 0.01438
7.6667 0.01482
7.6833 0.01526
7.7 0.01572
7.7167 0.01618
7.7333 0.01665
7.75 0.01713
7.7667 0.01762
7.7833 0.01812
7.8 0.01863
7.8167 0.01915
7.8333 0.01967
7.85 0.02021
7.8667 0.02075
7.8833 0.02131
7.9 0.02187
7.9167 0.02244
7.9333 0.02302
7.95 0.02361
7.9667 0.02422
7.9833 0.02483
8.0 0.02545
8.0167 0.02607
8.0333 0.02671
8.05 0.02736
8.0667 0.02802
8.0833 0.02869
8.1 0.02936
8.1167 0.03005
8.1333 0.03074
8.15 0.03145
8.1667 0.03217
8.1833 0.03289
8.2 0.03363
8.2167 0.03437
8.2333 0.03512
8.25 0.03589
8.2667 0.03666
8.2833 0.03744
8.3 0.03824
8.3167 0.03904
8.3333 0.03985
8.35 0.04067
8.3667 0.0415
8.3833 0.04234
8.4 0.04319
8.4167 0.04405
8.4333 0.04492
8.45 0.0458
8.4667 0.04668
8.4833 0.04758
8.5 0.04848
8.5167 0.0494
8.5333 0.05032
8.55 0.05126
8.5667 0.0522
8.5833 0.05315
8.6 0.05411
8.6167 0.05508
8.6333 0.05606
8.65 0.05705
8.6667 0.05804
8.6833 0.05904
8.7 0.06006
8.7167 0.06108
8.7333 0.06211
8.75 0.06315
8.7667 0.06419
8.7833 0.06525
8.8 0.06631
8.8167 0.06738
8.8333 0.06846
8.85 0.06955
8.8667 0.07064
8.8833 0.07175
8.9 0.07286
8.9167 0.07398
8.9333 0.0751
8.95 0.07624
8.9667 0.07737
8.9833 0.07852
9.0 0.07968
9.0167 0.08084
9.0333 0.08201
9.05 0.08318
9.0667 0.08436
9.0833 0.08555
9.1 0.08675
9.1167 0.08795
9.1333 0.08916
9.15 0.09037
9.1667 0.09159
9.1833 0.09282
9.2 0.09405
9.2167 0.09529
9.2333 0.09654
9.25 0.09778
9.2667 0.09904
9.2833 0.1003
9.3 0.1016
9.3167 0.1028
9.3333 0.1041
9.35 0.1054
9.3667 0.1067
9.3833 0.108
9.4 0.1093
9.4167 0.1106
9.4333 0.1119
9.45 0.1131
9.4667 0.1144
9.4833 0.1158
9.5 0.1171
9.5167 0.1184
9.5333 0.1197
9.55 0.1211
9.5667 0.1224
9.5833 0.1237
9.6 0.125
9.6167 0.1264
9.6333 0.1277
9.65 0.1291
9.6667 0.1303
9.6833 0.1318
9.7 0.1331
9.7167 0.1345
9.7333 0.1358
9.75 0.1372
9.7667 0.1385
9.7833 0.1399
9.8 0.1413
9.8167 0.1426
9.8333 0.144
9.85 0.1453
9.8667 0.1467
9.8833 0.1481
9.9 0.1494
9.9167 0.1508
9.9333 0.1521
9.95 0.1535
9.9667 0.1549
9.9833 0.1562
10.0 0.1576
10.0167 0.1589
10.0333 0.1602
10.05 0.1616
10.0667 0.163
10.0833 0.1644
10.1 0.1657
10.1167 0.167
10.1333 0.1684
10.15 0.1697
10.1667 0.1711
10.1833 0.1724
10.2 0.1738
10.2167 0.1751
10.2333 0.1764
10.25 0.1778
10.2667 0.179
10.2833 0.1804
10.3 0.1817
10.3167 0.183
10.3333 0.1844
10.35 0.1857
10.3667 0.1869
10.3833 0.1883
10.4 0.1896
10.4167 0.1909
10.4333 0.1921
10.45 0.1934
10.4667 0.1947
10.4833 0.196
10.5 0.1972
10.5167 0.1985
10.5333 0.1998
10.55 0.201
10.5667 0.2022
10.5833 0.2035
10.6 0.2047
10.6167 0.2059
10.6333 0.2071
10.65 0.2084
10.6667 0.2096
10.6833 0.2108
10.7 0.2119
10.7167 0.2132
10.7333 0.2143
10.75 0.2155
10.7667 0.2167
10.7833 0.2178
10.8 0.219
10.8167 0.2201
10.8333 0.2212
10.85 0.2224
10.8667 0.2235
10.8833 0.2246
10.9 0.2257
10.9167 0.2268
10.9333 0.2278
10.95 0.2289
10.9667 0.23
10.9833 0.231
11.0 0.2321
11.0167 0.2331
11.0333 0.2341
11.05 0.2352
11.0667 0.2362
11.0833 0.2372
11.1 0.2381
11.1167 0.2391
11.1333 0.2399
11.15 0.241
11.1667 0.242
11.1833 0.2429
11.2 0.2438
11.2167 0.2447
11.2333 0.2457
11.25 0.2465
11.2667 0.2474
11.2833 0.2483
11.3 0.2491
11.3167 0.25
11.3333 0.2508
11.35 0.2516
11.3667 0.2525
11.3833 0.2533
11.4 0.254
11.4167 0.2548
11.4333 0.2556
11.45 0.2563
11.4667 0.257
11.4833 0.2578
11.5 0.2585
11.5167 0.2592
11.5333 0.2599
11.55 0.2606
11.5667 0.2612
11.5833 0.2619
11.6 0.2625
11.6167 0.2631
11.6333 0.2638
11.65 0.2641
11.6667 0.2649
11.6833 0.2655
11.7 0.2661
11.7167 0.2666
11.7333 0.2671
11.75 0.2677
11.7667 0.2682
11.7833 0.2686
11.8 0.2691
11.8167 0.2696
11.8333 0.27
11.85 0.2705
11.8667 0.2707
11.8833 0.2713
11.9 0.2717
11.9167 0.2721
11.9333 0.2722
11.95 0.2728
11.9667 0.2731
11.9833 0.2735
12.0 0.2738
12.0167 0.2741
12.0333 0.2743
12.05 0.2746
12.0667 0.2749
12.0833 0.2751
12.1 0.2753
12.1167 0.2755
12.1333 0.2757
12.15 0.2759
12.1667 0.2759
12.1833 0.2761
12.2 0.2763
12.2167 0.2765
12.2333 0.2766
12.25 0.2767
12.2667 0.2767
12.2833 0.2768
12.3 0.2768
12.3167 0.2769
12.3333 0.2769
12.35 0.2769
12.3667 0.2769
12.3833 0.2769
12.4 0.2768
12.4167 0.2768
12.4333 0.2767
12.45 0.2766
12.4667 0.2765
12.4833 0.2764
12.5 0.2762
12.5167 0.276
12.5333 0.2759
12.55 0.2758
12.5667 0.2756
12.5833 0.2754
12.6 0.2752
12.6167 0.275
12.6333 0.2747
12.65 0.2745
12.6667 0.2742
12.6833 0.2739
12.7 0.2736
12.7167 0.2733
12.7333 0.2729
12.75 0.2725
12.7667 0.2721
12.7833 0.2719
12.8 0.2715
12.8167 0.2709
12.8333 0.2707
12.85 0.2702
12.8667 0.2698
12.8833 0.2693
12.9 0.2689
12.9167 0.2683
12.9333 0.2679
12.95 0.2673
12.9667 0.2668
12.9833 0.2663
13.0 0.2657
13.0167 0.2652
13.0333 0.2645
13.05 0.264
13.0667 0.2634
13.0833 0.2628
13.1 0.2621
13.1167 0.2615
13.1333 0.2608
13.15 0.2602
13.1667 0.2595
13.1833 0.2588
13.2 0.2581
13.2167 0.2573
13.2333 0.2566
13.25 0.2559
13.2667 0.2551
13.2833 0.2544
13.3 0.2536
13.3167 0.2527
13.3333 0.252
13.35 0.2512
13.3667 0.2503
13.3833 0.2495
13.4 0.2485
13.4167 0.2478
13.4333 0.2469
13.45 0.2459
13.4667 0.2451
13.4833 0.2442
13.5 0.2433
13.5167 0.2424
13.5333 0.2414
13.55 0.2405
13.5667 0.2395
13.5833 0.2385
13.6 0.2375
13.6167 0.2366
13.6333 0.2356
13.65 0.2346
13.6667 0.2335
13.6833 0.2325
13.7 0.2315
13.7167 0.2303
13.7333 0.2292
13.75 0.2283
13.7667 0.2272
13.7833 0.2261
13.8 0.225
13.8167 0.2239
13.8333 0.2228
13.85 0.2217
13.8667 0.2206
13.8833 0.2194
13.9 0.2183
13.9167 0.2171
13.9333 0.216
13.95 0.2148
13.9667 0.2136
13.9833 0.2125
14.0 0.2112
14.0167 0.2101
14.0333 0.2089
14.05 0.2077
14.0667 0.2064
14.0833 0.2052
14.1 0.204
14.1167 0.2028
14.1333 0.2015
14.15 0.2002
14.1667 0.199
14.1833 0.1978
14.2 0.1965
14.2167 0.1952
14.2333 0.194
14.25 0.1927
14.2667 0.1914
14.2833 0.1901
14.3 0.1888
14.3167 0.1875
14.3333 0.1862
14.35 0.1848
14.3667 0.1836
14.3833 0.1822
14.4 0.181
14.4167 0.1796
14.4333 0.1782
14.45 0.177
14.4667 0.1757
14.4833 0.1743
14.5 0.173
14.5167 0.1716
14.5333 0.1703
14.55 0.169
14.5667 0.1676
14.5833 0.1663
14.6 0.1649
14.6167 0.1636
14.6333 0.1622
14.65 0.1608
14.6667 0.1595
14.6833 0.1581
14.7 0.1568
14.7167 0.1554
14.7333 0.1541
14.75 0.1527
14.7667 0.1513
14.7833 0.15
14.8 0.1486
14.8167 0.1473
14.8333 0.1459
14.85 0.1445
14.8667 0.1432
14.8833 0.1418
14.9 0.1405
14.9167 0.1391
14.9333 0.1377
14.95 0.1364
14.9667 0.135
14.9833 0.1337
15.0 0.1323
15.0167 0.131
15.0333 0.1296
15.05 0.1283
15.0667 0.127
15.0833 0.1256
15.1 0.1243
15.1167 0.1229
15.1333 0.1216
15.15 0.1203
15.1667 0.119
15.1833 0.1176
15.2 0.1163
15.2167 0.115
15.2333 0.1137
15.25 0.1124
15.2667 0.1111
15.2833 0.1098
15.3 0.1085
15.3167 0.1072
15.3333 0.1059
15.35 0.1046
15.3667 0.1034
15.3833 0.1021
15.4 0.1008
15.4167 0.09956
15.4333 0.0983
15.45 0.09705
15.4667 0.0958
15.4833 0.09456
15.5 0.09333
15.5167 0.0921
15.5333 0.09087
15.55 0.08966
15.5667 0.08845
15.5833 0.08724
15.6 0.08605
15.6167 0.08485
15.6333 0.08367
15.65 0.08249
15.6667 0.08132
15.6833 0.08015
15.7 0.079
15.7167 0.07784
15.7333 0.0767
15.75 0.07557
15.7667 0.07444
15.7833 0.07332
15.8 0.0722
15.8167 0.0711
15.8333 0.07
15.85 0.06891
15.8667 0.06783
15.8833 0.06675
15.9 0.06568
15.9167 0.06463
15.9333 0.06358
15.95 0.06254
15.9667 0.0615
15.9833 0.06048
16.0 0.05946
16.0167 0.05845
16.0333 0.05745
16.05 0.05646
16.0667 0.05548
16.0833 0.05451
16.1 0.05354
16.1167 0.05259
16.1333 0.05164
16.15 0.05071
16.1667 0.04978
16.1833 0.04886
16.2 0.04795
16.2167 0.04705
16.2333 0.04616
16.25 0.04528
16.2667 0.0444
16.2833 0.04354
16.3 0.04269
16.3167 0.04185
16.3333 0.04101
16.35 0.04019
16.3667 0.03937
16.3833 0.03856
16.4 0.03777
16.4167 0.03698
16.4333 0.0362
16.45 0.03544
16.4667 0.03468
16.4833 0.03393
16.5 0.03319
16.5167 0.03246
16.5333 0.03174
16.55 0.03103
16.5667 0.03033
16.5833 0.02964
16.6 0.02896
16.6167 0.02829
16.6333 0.02763
16.65 0.02698
16.6667 0.02633
16.6833 0.0257
16.7 0.02508
16.7167 0.02446
16.7333 0.02386
16.75 0.02326
16.7667 0.02268
16.7833 0.0221
16.8 0.02154
16.8167 0.02098
16.8333 0.02043
16.85 0.01989
16.8667 0.01936
16.8833 0.01884
16.9 0.01833
16.9167 0.01783
16.9333 0.01733
16.95 0.01685
16.9667 0.01637
16.9833 0.01591
17.0 0.01545
17.0167 0.015
17.0333 0.01456
17.05 0.01413
17.0667 0.0137
17.0833 0.01329
17.1 0.01288
17.1167 0.01248
17.1333 0.01209
17.15 0.01171
17.1667 0.01134
17.1833 0.01097
17.2 0.01061
17.2167 0.01026
17.2333 0.009918
17.25 0.009583
17.2667 0.009255
17.2833 0.008936
17.3 0.008622
17.3167 0.008317
17.3333 0.008019
17.35 0.007729
17.3667 0.007445
17.3833 0.007168
17.4 0.006897
17.4167 0.006634
17.4333 0.006377
17.45 0.006127
17.4667 0.005884
17.4833 0.005646
17.5 0.005415
17.5167 0.00519
17.5333 0.004971
17.55 0.004758
17.5667 0.004551
17.5833 0.004349
17.6 0.004154
17.6167 0.003963
17.6333 0.003779
17.65 0.0036
17.6667 0.003426
17.6833 0.003256
17.7 0.003093
17.7167 0.002934
17.7333 0.00278
17.75 0.002631
17.7667 0.002486
17.7833 0.002346
17.8 0.002211
17.8167 0.00208
17.8333 0.001954
17.85 0.001832
17.8667 0.001714
17.8833 0.001601
17.9 0.001492
17.9167 0.001387
17.9333 0.001286
17.95 0.001189
17.9667 0.001097
17.9833 0.001008
18.0 0.0009239
18.0167 0.0008439
18.0333 0.0007682
18.05 0.0006971
18.0667 0.0006292
18.0833 0.0005541
18.1 0.0004911
18.1167 0.0004383
18.1333 0.0003943
18.15 0.0003388
18.1667 0.0003024
18.1833 0.0002579
18.2 0.0002202
18.2167 0.0001875
18.2333 0.0001586
18.25 0.0001334
18.2667 0.0001117
18.2833 9.092e-05
18.3 7.454e-05
18.3167 5.985e-05
18.3333 4.847e-05
18.35 3.801e-05
18.3667 2.959e-05
18.3833 2.282e-05
18.4 1.74e-05
18.4167 1.313e-05
18.4333 9.512e-06
18.45 6.907e-06
18.4667 4.788e-06
18.4833 3.27e-06
18.5 2.067e-06
18.5167 1.248e-06
18.5333 7.241e-07
18.55 4.099e-07
18.5667 2.249e-07
18.5833 1.091e-07
18.6 4.535e-08
18.6167 1.262e-08
18.6333 1.577e-09
18.65 7.455e-11
18.6667 9.77e-13
18.6833 2.752e-15
18.7 1.321e-19
18.7167 0.0
18.7333 0.0
18.75 0.0
18.7667 0.0
18.7833 0.0
18.8 0.0
18.8167 0.0
18.8333 0.0
18.85 0.0
18.8667 0.0
18.8833 0.0
18.9 0.0
18.9167 0.0
18.9333 0.0
18.95 0.0
18.9667 0.0
18.9833 0.0
19.0 0.0
19.0167 0.0
19.0333 0.0
19.05 0.0
19.0667 0.0
19.0833 0.0
19.1 0.0
19.1167 0.0
19.1333 0.0
19.15 0.0
19.1667 0.0
19.1833 0.0
19.2 0.0
19.2167 0.0
19.2333 0.0
19.25 0.0
19.2667 0.0
19.2833 0.0
19.3 0.0
19.3167 0.0
19.3333 0.0
19.35 0.0
19.3667 0.0
19.3833 0.0
19.4 0.0
19.4167 0.0
19.4333 0.0
19.45 0.0
19.4667 0.0
19.4833 0.0
19.5 0.0
19.5167 0.0
19.5333 0.0
19.55 0.0
19.5667 0.0
19.5833 0.0
19.6 0.0
19.6167 0.0
19.6333 0.0
19.65 0.0
19.6667 0.0
19.6833 0.0
19.7 0.0
19.7167 0.0
19.7333 0.0
19.75 0.0
19.7667 0.0
19.7833 0.0
19.8 0.0
19.8167 0.0
19.8333 0.0
19.85 0.0
19.8667 0.0
19.8833 0.0
19.9 0.0
19.9167 0.0
19.9333 0.0
19.95 0.0
19.9667 0.0
19.9833 0.0
20.0 0.0
20.0167 0.0
20.0333 0.0
20.05 0.0
20.0667 0.0
20.0833 0.0
20.1 0.0
20.1167 0.0
20.1333 0.0
20.15 0.0
20.1667 0.0
20.1833 0.0
20.2 0.0
20.2167 0.0
20.2333 0.0
20.25 0.0
20.2667 0.0
20.2833 0.0
20.3 0.0
20.3167 0.0
20.3333 0.0
20.35 0.0
20.3667 0.0
20.3833 0.0
20.4 0.0
20.4167 0.0
20.4333 0.0
20.45 0.0
20.4667 0.0
20.4833 0.0
20.5 0.0
20.5167 0.0
20.5333 0.0
20.55 0.0
20.5667 0.0
20.5833 0.0
20.6 0.0
20.6167 0.0
20.6333 0.0
20.65 0.0
20.6667 0.0
20.6833 0.0
20.7 0.0
20.7167 0.0
20.7333 0.0
20.75 0.0
20.7667 0.0
20.7833 0.0
20.8 0.0
20.8167 0.0
20.8333 0.0
20.85 0.0
20.8667 0.0
20.8833 0.0
20.9 0.0
20.9167 0.0
20.9333 0.0
20.95 0.0
20.9667 0.0
20.9833 0.0
21.0 0.0
21.0167 0.0
21.0333 0.0
21.05 0.0
21.0667 0.0
21.0833 0.0
21.1 0.0
21.1167 0.0
21.1333 0.0
21.15 0.0
21.1667 0.0
21.1833 0.0
21.2 0.0
21.2167 0.0
21.2333 0.0
21.25 0.0
21.2667 0.0
21.2833 0.0
21.3 0.0
21.3167 0.0
21.3333 0.0
21.35 0.0
21.3667 0.0
21.3833 0.0
21.4 0.0
21.4167 0.0
21.4333 0.0
21.45 0.0
21.4667 0.0
21.4833 0.0
21.5 0.0
21.5167 0.0
21.5333 0.0
21.55 0.0
21.5667 0.0
21.5833 0.0
21.6 0.0
21.6167 0.0
21.6333 0.0
21.65 0.0
21.6667 0.0
21.6833 0.0
21.7 0.0
21.7167 0.0
21.7333 0.0
21.75 0.0
21.7667 0.0
21.7833 0.0
21.8 0.0
21.8167 0.0
21.8333 0.0
21.85 0.0
21.8667 0.0
21.8833 0.0
21.9 0.0
21.9167 0.0
21.9333 0.0
21.95 0.0
21.9667 0.0
21.9833 0.0
22.0 0.0
22.0167 0.0
22.0333 0.0
22.05 0.0
22.0667 0.0
22.0833 0.0
22.1 0.0
22.1167 0.0
22.1333 0.0
22.15 0.0
22.1667 0.0
22.1833 0.0
22.2 0.0
22.2167 0.0
22.2333 0.0
22.25 0.0
22.2667 0.0
22.2833 0.0
22.3 0.0
22.3167 0.0
22.3333 0.0
22.35 0.0
22.3667 0.0
22.3833 0.0
22.4 0.0
22.4167 0.0
22.4333 0.0
22.45 0.0
22.4667 0.0
22.4833 0.0
22.5 0.0
22.5167 0.0
22.5333 0.0
22.55 0.0
22.5667 0.0
22.5833 0.0
22.6 0.0
22.6167 0.0
22.6333 0.0
22.65 0.0
22.6667 0.0
22.6833 0.0
22.7 0.0
22.7167 0.0
22.7333 0.0
22.75 0.0
22.7667 0.0
22.7833 0.0
22.8 0.0
22.8167 0.0
22.8333 0.0
22.85 0.0
22.8667 0.0
22.8833 0.0
22.9 0.0
22.9167 0.0
22.9333 0.0
22.95 0.0
22.9667 0.0
22.9833 0.0
23.0 0.0
23.0167 0.0
23.0333 0.0
23.05 0.0
23.0667 0.0
23.0833 0.0
23.1 0.0
23.1167 0.0
23.1333 0.0
23.15 0.0
23.1667 0.0
23.1833 0.0
23.2 0.0
23.2167 0.0
23.2333 0.0
23.25 0.0
23.2667 0.0
23.2833 0.0
23.3 0.0
23.3167 0.0
23.3333 0.0
23.35 0.0
23.3667 0.0
23.3833 0.0
23.4 0.0
23.4167 0.0
23.4333 0.0
23.45 0.0
23.4667 0.0
23.4833 0.0
23.5 0.0
23.5167 0.0
23.5333 0.0
23.55 0.0
23.5667 0.0
23.5833 0.0
23.6 0.0
23.6167 0.0
23.6333 0.0
23.65 0.0
23.6667 0.0
23.6833 0.0
23.7 0.0
23.7167 0.0
23.7333 0.0
23.75 0.0
23.7667 0.0
23.7833 0.0
23.8 0.0
23.8167 0.0
23.8333 0.0
23.85 0.0
23.8667 0.0
23.8833 0.0
23.9 0.0
23.9167 0.0
23.9333 0.0
23.95 0.0
23.9667 0.0
23.9833 0.0
