0.0 0.0
0.0167 0.0
0.0333 0.0
0.05 0.0
0.0667 0.0
0.0833 0.0
0.1 0.0
0.1167 0.0
0.1333 0.0
0.15 0.0
0.1667 0.0
0.1833 0.0
0.2 0.0
0.2167 0.0
0.2333 0.0
0.25 0.0
0.2667 0.0
0.2833 0.0
0.3 0.0
0.3167 0.0
0.3333 0.0
0.35 0.0
0.3667 0.0
0.3833 0.0
0.4 0.0
0.4167 0.0
0.4333 0.0
0.45 0.0
0.4667 0.0
0.4833 0.0
0.5 0.0
0.5167 0.0
0.5333 0.0
0.55 0.0
0.5667 0.0
0.5833 0.0
0.6 0.0
0.6167 0.0
0.6333 0.0
0.65 0.0
0.6667 0.0
0.6833 0.0
0.7 0.0
0.7167 0.0
0.7333 0.0
0.75 0.0
0.7667 0.0
0.7833 0.0
0.8 0.0
0.8167 0.0
0.8333 0.0
0.85 0.0
0.8667 0.0
0.8833 0.0
0.9 0.0
0.9167 0.0
0.9333 0.0
0.95 0.0
0.9667 0.0
0.9833 0.0
1.0 0.0
1.0167 0.0
1.0333 0.0
1.05 0.0
1.0667 0.0
1.0833 0.0
1.1 0.0
1.1167 0.0
1.1333 0.0
1.15 0.0
1.1667 0.0
1.1833 0.0
1.2 0.0
1.2167 0.0
1.2333 0.0
1.25 0.0
1.2667 0.0
1.2833 0.0
1.3 0.0
1.3167 0.0
1.3333 0.0
1.35 0.0
1.3667 0.0
1.3833 0.0
1.4 0.0
1.4167 0.0
1.4333 0.0
1.45 0.0
1.4667 0.0
1.4833 0.0
1.5 0.0
1.5167 0.0
1.5333 0.0
1.55 0.0
1.5667 0.0
1.5833 0.0
1.6 0.0
1.6167 0.0
1.6333 0.0
1.65 0.0
1.6667 0.0
1.6833 0.0
1.7 0.0
1.7167 0.0
1.7333 0.0
1.75 0.0
1.7667 0.0
1.7833 0.0
1.8 0.0
1.8167 0.0
1.8333 0.0
1.85 0.0
1.8667 0.0
1.8833 0.0
1.9 0.0
1.9167 0.0
1.9333 0.0
1.95 0.0
1.9667 0.0
1.9833 0.0
2.0 0.0
2.0167 0.0
2.0333 0.0
2.05 0.0
2.0667 0.0
2.0833 0.0
2.1 0.0
2.1167 0.0
2.1333 0.0
2.15 0.0
2.1667 0.0
2.1833 0.0
2.2 0.0
2.2167 0.0
2.2333 0.0
2.25 0.0
2.2667 0.0
2.2833 0.0
2.3 0.0
2.3167 0.0
2.3333 0.0
2.35 0.0
2.3667 0.0
2.3833 0.0
2.4 0.0
2.4167 0.0
2.4333 0.0
2.45 0.0
2.4667 0.0
2.4833 0.0
2.5 0.0
2.5167 0.0
2.5333 0.0
2.55 0.0
2.5667 0.0
2.5833 0.0
2.6 0.0
2.6167 0.0
2.6333 0.0
2.65 0.0
2.6667 0.0
2.6833 0.0
2.7 0.0
2.7167 0.0
2.7333 0.0
2.75 0.0
2.7667 0.0
2.7833 0.0
2.8 0.0
2.8167 0.0
2.8333 0.0
2.85 0.0
2.8667 0.0
2.8833 0.0
2.9 0.0
2.9167 0.0
2.9333 0.0
2.95 0.0
2.9667 0.0
2.9833 0.0
3.0 0.0
3.0167 0.0
3.0333 0.0
3.05 0.0
3.0667 0.0
3.0833 0.0
3.1 0.0
3.1167 0.0
3.1333 0.0
3.15 0.0
3.1667 0.0
3.1833 0.0
3.2 0.0
3.2167 0.0
3.2333 0.0
3.25 0.0
3.2667 0.0
3.2833 0.0
3.3 0.0
3.3167 0.0
3.3333 0.0
3.35 0.0
3.3667 0.0
3.3833 0.0
3.4 0.0
3.4167 0.0
3.4333 0.0
3.45 0.0
3.4667 0.0
3.4833 0.0
3.5 0.0
3.5167 0.0
3.5333 0.0
3.55 0.0
3.5667 0.0
3.5833 0.0
3.6 0.0
3.6167 0.0
3.6333 0.0
3.65 0.0
3.6667 0.0
3.6833 0.0
3.7 0.0
3.7167 0.0
3.7333 0.0
3.75 0.0
3.7667 0.0
3.7833 0.0
3.8 0.0
3.8167 0.0
3.8333 0.0
3.85 0.0
3.8667 0.0
3.8833 0.0
3.9 0.0
3.9167 0.0
3.9333 0.0
3.95 0.0
3.9667 0.0
3.9833 0.0
4.0 0.0
4.0167 0.0
4.0333 0.0
4.05 0.0
4.0667 0.0
4.0833 0.0
4.1 0.0
4.1167 0.0
4.1333 0.0
4.15 0.0
4.1667 0.0
4.1833 0.0
4.2 0.0
4.2167 0.0
4.2333 0.0
4.25 0.0
4.2667 0.0
4.2833 0.0
4.3 0.0
4.3167 0.0
4.3333 0.0
4.35 0.0
4.3667 0.0
4.3833 0.0
4.4 0.0
4.4167 0.0
4.4333 0.0
4.45 0.0
4.4667 0.0
4.4833 0.0
4.5 0.0
4.5167 0.0
4.5333 0.0
4.55 0.0
4.5667 0.0
4.5833 0.0
4.6 0.0
4.6167 0.0
4.6333 0.0
4.65 0.0
4.6667 0.0
4.6833 0.0
4.7 0.0
4.7167 0.0
4.7333 0.0
4.75 0.0
4.7667 0.0
4.7833 0.0
4.8 0.0
4.8167 0.0
4.8333 0.0
4.85 0.0
4.8667 0.0
4.8833 0.0
4.9 0.0
4.9167 0.0
4.9333 0.0
4.95 0.0
4.9667 0.0
4.9833 0.0
5.0 0.0
5.0167 0.0
5.0333 0.0
5.05 0.0
5.0667 0.0
5.0833 0.0
5.1 0.0
5.1167 0.0
5.1333 0.0
5.15 0.0
5.1667 0.0
5.1833 0.0
5.2 0.0
5.2167 0.0
5.2333 0.0
5.25 0.0
5.2667 0.0
5.2833 0.0
5.3 0.0
5.3167 0.0
5.3333 0.0
5.35 0.0
5.3667 0.0
5.3833 0.0
5.4 0.0
5.4167 0.0
5.4333 0.0
5.45 0.0
5.4667 0.0
5.4833 0.0
5.5 0.0
5.5167 0.0
5.5333 0.0
5.55 0.0
5.5667 0.0
5.5833 0.0
5.6 0.0
5.6167 0.0
5.6333 0.0
5.65 0.0
5.6667 0.0
5.6833 0.0
5.7 0.0
5.7167 0.0
5.7333 0.0
5.75 0.0
5.7667 0.0
5.7833 1.245e-17
5.8 2.426e-14
5.8167 4.69e-12
5.8333 2.065e-10
5.85 3.323e-09
5.8667 1.948e-08
5.8833 5.912e-08
5.9 1.322e-07
5.9167 2.608e-07
5.9333 4.699e-07
5.95 8.202e-07
5.9667 1.397e-06
5.9833 2.266e-06
6.0 3.445e-06
6.0167 5.085e-06
6.0333 7.197e-06
6.05 9.954e-06
6.0667 1.337e-05
6.0833 1.78e-05
6.1 2.341e-05
6.1167 3.023e-05
6.1333 3.849e-05
6.15 4.87e-05
6.1667 6.14e-05
6.1833 7.508e-05
6.2 9.3e-05
6.2167 0.0001117
6.2333 0.0001339
6.25 0.0001598
6.2667 0.0001888
6.2833 0.0002208
6.3 0.0002572
6.3167 0.0003005
6.3333 0.0003397
6.35 0.0003922
6.3667 0.0004375
6.3833 0.0004919
6.4 0.0005571
6.4167 0.0006299
6.4333 0.0006961
6.45 0.000767
6.4667 0.0008425
6.4833 0.0009222
6.5 0.001006
6.5167 0.001095
6.5333 0.001187
6.55 0.001283
6.5667 0.001384
6.5833 0.001488
6.6 0.001597
6.6167 0.001711
6.6333 0.001828
6.65 0.00195
6.6667 0.002076
6.6833 0.002207
6.7 0.002342
6.7167 0.002482
6.7333 0.002627
6.75 0.002777
6.7667 0.002931
6.7833 0.003091
6.8 0.003256
6.8167 0.003426
6.8333 0.003601
6.85 0.003782
6.8667 0.003969
6.8833 0.004161
6.9 0.004359
6.9167 0.004563
6.9333 0.004772
6.95 0.004988
6.9667 0.005211
6.9833 0.005439
7.0 0.005675
7.0167 0.005916
7.0333 0.006165
7.05 0.00642
7.0667 0.006682
7.0833 0.006952
7.1 0.007228
7.1167 0.007512
7.1333 0.007803
7.15 0.008101
7.1667 0.008407
7.1833 0.008722
7.2 0.009044
7.2167 0.009373
7.2333 0.009711
7.25 0.01006
7.2667 0.01041
7.2833 0.01077
7.3 0.01115
7.3167 0.01153
7.3333 0.01191
7.35 0.01231
7.3667 0.01272
7.3833 0.01313
7.4 0.01356
7.4167 0.01399
7.4333 0.01443
7.45 0.01489
7.4667 0.01535
7.4833 0.01582
7.5 0.0163
7.5167 0.01679
7.5333 0.01729
7.55 0.0178
7.5667 0.01832
7.5833 0.01885
7.6 0.01939
7.6167 0.01994
7.6333 0.0205
7.65 0.02108
7.6667 0.02166
7.6833 0.02225
7.7 0.02285
7.7167 0.02347
7.7333 0.02409
7.75 0.02473
7.7667 0.02537
7.7833 0.02603
7.8 0.0267
7.8167 0.02737
7.8333 0.02806
7.85 0.02876
7.8667 0.02948
7.8833 0.0302
7.9 0.03093
7.9167 0.03168
7.9333 0.03244
7.95 0.0332
7.9667 0.03398
7.9833 0.03477
8.0 0.03557
8.0167 0.03639
8.0333 0.03721
8.05 0.03805
8.0667 0.0389
8.0833 0.03975
8.1 0.04062
8.1167 0.04151
8.1333 0.0424
8.15 0.04331
8.1667 0.04422
8.1833 0.04515
8.2 0.04609
8.2167 0.04704
8.2333 0.048
8.25 0.04898
8.2667 0.04996
8.2833 0.05096
8.3 0.05197
8.3167 0.05299
8.3333 0.05402
8.35 0.05506
8.3667 0.05611
8.3833 0.05718
8.4 0.05826
8.4167 0.05935
8.4333 0.06044
8.45 0.06155
8.4667 0.06267
8.4833 0.06381
8.5 0.06495
8.5167 0.06611
8.5333 0.06727
8.55 0.06845
8.5667 0.06963
8.5833 0.07083
8.6 0.07204
8.6167 0.07326
8.6333 0.07449
8.65 0.07573
8.6667 0.07698
8.6833 0.07825
8.7 0.07952
8.7167 0.0808
8.7333 0.08209
8.75 0.08339
8.7667 0.08471
8.7833 0.08603
8.8 0.08736
8.8167 0.08871
8.8333 0.09006
8.85 0.09142
8.8667 0.09279
8.8833 0.09418
8.9 0.09557
8.9167 0.09696
8.9333 0.09837
8.95 0.09979
8.9667 0.1012
8.9833 0.1027
9.0 0.1041
9.0167 0.1055
9.0333 0.107
9.05 0.1085
9.0667 0.11
9.0833 0.1115
9.1 0.1129
9.1167 0.1145
9.1333 0.116
9.15 0.1175
9.1667 0.119
9.1833 0.1205
9.2 0.1221
9.2167 0.1236
9.2333 0.1252
9.25 0.1268
9.2667 0.1283
9.2833 0.1299
9.3 0.1315
9.3167 0.1331
9.3333 0.1347
9.35 0.1363
9.3667 0.1379
9.3833 0.1395
9.4 0.1411
9.4167 0.1427
9.4333 0.1444
9.45 0.146
9.4667 0.1477
9.4833 0.1493
9.5 0.1509
9.5167 0.1526
9.5333 0.1543
9.55 0.156
9.5667 0.1576
9.5833 0.1593
9.6 0.161
9.6167 0.1627
9.6333 0.1644
9.65 0.1661
9.6667 0.1678
9.6833 0.1695
9.7 0.1712
9.7167 0.1729
9.7333 0.1745
9.75 0.1763
9.7667 0.178
9.7833 0.1797
9.8 0.1814
9.8167 0.1832
9.8333 0.1849
9.85 0.1866
9.8667 0.1883
9.8833 0.19
9.9 0.1917
9.9167 0.1935
9.9333 0.1953
9.95 0.197
9.9667 0.1987
9.9833 0.2004
10.0 0.2022
10.0167 0.2039
10.0333 0.2056
10.05 0.2074
10.0667 0.2091
10.0833 0.2107
10.1 0.2126
10.1167 0.2143
10.1333 0.216
10.15 0.2178
10.1667 0.2195
10.1833 0.2212
10.2 0.2229
10.2167 0.2245
10.2333 0.2264
10.25 0.2281
10.2667 0.2298
10.2833 0.2315
10.3 0.2332
10.3167 0.2349
10.3333 0.2366
10.35 0.2383
10.3667 0.2401
10.3833 0.2417
10.4 0.2434
10.4167 0.2451
10.4333 0.2468
10.45 0.2485
10.4667 0.2501
10.4833 0.2518
10.5 0.2535
10.5167 0.2551
10.5333 0.2568
10.55 0.2584
10.5667 0.2601
10.5833 0.2617
10.6 0.2634
10.6167 0.265
10.6333 0.2666
10.65 0.2682
10.6667 0.2698
10.6833 0.2714
10.7 0.273
10.7167 0.2746
10.7333 0.2762
10.75 0.2778
10.7667 0.2791
10.7833 0.2809
10.8 0.2824
10.8167 0.284
10.8333 0.2855
10.85 0.287
10.8667 0.2885
10.8833 0.2901
10.9 0.2915
10.9167 0.293
10.9333 0.2945
10.95 0.2959
10.9667 0.2975
10.9833 0.2989
11.0 0.3003
11.0167 0.3018
11.0333 0.3031
11.05 0.3046
11.0667 0.3059
11.0833 0.3074
11.1 0.3088
11.1167 0.3102
11.1333 0.3116
11.15 0.3128
11.1667 0.3143
11.1833 0.3156
11.2 0.3169
11.2167 0.3182
11.2333 0.3195
11.25 0.3208
11.2667 0.3221
11.2833 0.3233
11.3 0.3244
11.3167 0.3258
11.3333 0.3271
11.35 0.3283
11.3667 0.3295
11.3833 0.3307
11.4 0.3318
11.4167 0.333
11.4333 0.3342
11.45 0.3353
11.4667 0.3364
11.4833 0.3375
11.5 0.3386
11.5167 0.3396
11.5333 0.3408
11.55 0.3418
11.5667 0.3429
11.5833 0.3439
11.6 0.3449
11.6167 0.3459
11.6333 0.3469
11.65 0.3479
11.6667 0.3488
11.6833 0.3498
11.7 0.3507
11.7167 0.3516
11.7333 0.3525
11.75 0.3534
11.7667 0.3542
11.7833 0.3551
11.8 0.3558
11.8167 0.3567
11.8333 0.3575
11.85 0.3583
11.8667 0.3591
11.8833 0.3599
11.9 0.3606
11.9167 0.3612
11.9333 0.362
11.95 0.3626
11.9667 0.3634
11.9833 0.3641
12.0 0.3647
12.0167 0.3652
12.0333 0.366
12.05 0.3666
12.0667 0.3671
12.0833 0.3677
12.1 0.3683
12.1167 0.3685
12.1333 0.3693
12.15 0.3698
12.1667 0.3702
12.1833 0.3705
12.2 0.3712
12.2167 0.3716
12.2333 0.372
12.25 0.3724
12.2667 0.3728
12.2833 0.3732
12.3 0.3735
12.3167 0.3738
12.3333 0.3741
12.35 0.3743
12.3667 0.3747
12.3833 0.375
12.4 0.3752
12.4167 0.3754
12.4333 0.3756
12.45 0.3758
12.4667 0.376
12.4833 0.3762
12.5 0.3763
12.5167 0.3764
12.5333 0.3765
12.55 0.3766
12.5667 0.3767
12.5833 0.3767
12.6 0.3767
12.6167 0.3767
12.6333 0.3767
12.65 0.3767
12.6667 0.3767
12.6833 0.3766
12.7 0.3766
12.7167 0.3765
12.7333 0.3764
12.75 0.3762
12.7667 0.3761
12.7833 0.3759
12.8 0.3757
12.8167 0.3755
12.8333 0.3753
12.85 0.3751
12.8667 0.3748
12.8833 0.3745
12.9 0.3742
12.9167 0.374
12.9333 0.3737
12.95 0.3734
12.9667 0.373
12.9833 0.3726
13.0 0.3723
13.0167 0.3719
13.0333 0.3714
13.05 0.371
13.0667 0.3702
13.0833 0.3701
13.1 0.3696
13.1167 0.3689
13.1333 0.3684
13.15 0.368
13.1667 0.3675
13.1833 0.3669
13.2 0.3663
13.2167 0.3657
13.2333 0.365
13.25 0.3645
13.2667 0.3638
13.2833 0.363
13.3 0.3624
13.3167 0.3615
13.3333 0.361
13.35 0.3603
13.3667 0.3596
13.3833 0.3588
13.4 0.358
13.4167 0.3572
13.4333 0.3564
13.45 0.3556
13.4667 0.3547
13.4833 0.3539
13.5 0.353
13.5167 0.3521
13.5333 0.3511
13.55 0.3503
13.5667 0.3494
13.5833 0.3484
13.6 0.3475
13.6167 0.3465
13.6333 0.3455
13.65 0.3445
13.6667 0.3435
13.6833 0.3424
13.7 0.3414
13.7167 0.3403
13.7333 0.3389
13.75 0.3382
13.7667 0.3371
13.7833 0.336
13.8 0.3348
13.8167 0.3337
13.8333 0.3325
13.85 0.3314
13.8667 0.3302
13.8833 0.329
13.9 0.3278
13.9167 0.3266
13.9333 0.3253
13.95 0.324
13.9667 0.3227
13.9833 0.3216
14.0 0.3203
14.0167 0.319
14.0333 0.3177
14.05 0.3164
14.0667 0.3151
14.0833 0.3137
14.1 0.3124
14.1167 0.311
14.1333 0.3097
14.15 0.3083
14.1667 0.3068
14.1833 0.3055
14.2 0.3041
14.2167 0.3026
14.2333 0.3012
14.25 0.2998
14.2667 0.2983
14.2833 0.2969
14.3 0.2954
14.3167 0.2939
14.3333 0.2925
14.35 0.291
14.3667 0.2895
14.3833 0.2879
14.4 0.2864
14.4167 0.2849
14.4333 0.2834
14.45 0.2818
14.4667 0.2803
14.4833 0.2787
14.5 0.2771
14.5167 0.2756
14.5333 0.2739
14.55 0.2724
14.5667 0.2708
14.5833 0.2692
14.6 0.2675
14.6167 0.266
14.6333 0.2643
14.65 0.2626
14.6667 0.2611
14.6833 0.2594
14.7 0.2577
14.7167 0.2562
14.7333 0.2543
14.75 0.2528
14.7667 0.2512
14.7833 0.2495
14.8 0.2478
14.8167 0.2461
14.8333 0.2445
14.85 0.2428
14.8667 0.2411
14.8833 0.2394
14.9 0.2377
14.9167 0.236
14.9333 0.2343
14.95 0.2324
14.9667 0.2309
14.9833 0.2292
15.0 0.2274
15.0167 0.2257
15.0333 0.224
15.05 0.2222
15.0667 0.2206
15.0833 0.2188
15.1 0.2171
15.1167 0.2154
15.1333 0.2136
15.15 0.2119
15.1667 0.2102
15.1833 0.2085
15.2 0.2067
15.2167 0.205
15.2333 0.2033
15.25 0.2015
15.2667 0.1998
15.2833 0.1981
15.3 0.1963
15.3167 0.1946
15.3333 0.1929
15.35 0.1911
15.3667 0.1894
15.3833 0.1877
15.4 0.1859
15.4167 0.1842
15.4333 0.1825
15.45 0.1808
15.4667 0.1791
15.4833 0.1774
15.5 0.1755
15.5167 0.1739
15.5333 0.1722
15.55 0.1705
15.5667 0.1688
15.5833 0.1671
15.6 0.1654
15.6167 0.1638
15.6333 0.162
15.65 0.1604
15.6667 0.1587
15.6833 0.157
15.7 0.1554
15.7167 0.1537
15.7333 0.152
15.75 0.1503
15.7667 0.1487
15.7833 0.1471
15.8 0.1454
15.8167 0.1438
15.8333 0.1422
15.85 0.1405
15.8667 0.1389
15.8833 0.1373
15.9 0.1357
15.9167 0.1341
15.9333 0.1325
15.95 0.1309
15.9667 0.1293
15.9833 0.1278
16.0 0.1262
16.0167 0.1246
16.0333 0.1231
16.05 0.1215
16.0667 0.12
16.0833 0.1184
16.1 0.1169
16.1167 0.1154
16.1333 0.1139
16.15 0.1124
16.1667 0.1109
16.1833 0.1094
16.2 0.108
16.2167 0.1065
16.2333 0.105
16.25 0.1036
16.2667 0.1021
16.2833 0.1007
16.3 0.0993
16.3167 0.09788
16.3333 0.09648
16.35 0.09508
16.3667 0.0937
16.3833 0.09232
16.4 0.09095
16.4167 0.08959
16.4333 0.08824
16.45 0.0869
16.4667 0.08558
16.4833 0.08426
16.5 0.08295
16.5167 0.08165
16.5333 0.08036
16.55 0.07908
16.5667 0.07782
16.5833 0.07656
16.6 0.07531
16.6167 0.07407
16.6333 0.07285
16.65 0.07163
16.6667 0.07043
16.6833 0.06924
16.7 0.06805
16.7167 0.06688
16.7333 0.06572
16.75 0.06457
16.7667 0.06343
16.7833 0.0623
16.8 0.06119
16.8167 0.06008
16.8333 0.05899
16.85 0.0579
16.8667 0.05683
16.8833 0.05577
16.9 0.05472
16.9167 0.05368
16.9333 0.05266
16.95 0.05164
16.9667 0.05064
16.9833 0.04964
17.0 0.04866
17.0167 0.04769
17.0333 0.04674
17.05 0.04579
17.0667 0.04485
17.0833 0.04393
17.1 0.04302
17.1167 0.04212
17.1333 0.04123
17.15 0.04035
17.1667 0.03948
17.1833 0.03863
17.2 0.03779
17.2167 0.03695
17.2333 0.03613
17.25 0.03532
17.2667 0.03453
17.2833 0.03374
17.3 0.03296
17.3167 0.0322
17.3333 0.03145
17.35 0.03071
17.3667 0.02998
17.3833 0.02926
17.4 0.02855
17.4167 0.02785
17.4333 0.02717
17.45 0.02649
17.4667 0.02583
17.4833 0.02518
17.5 0.02453
17.5167 0.0239
17.5333 0.02328
17.55 0.02267
17.5667 0.02207
17.5833 0.02149
17.6 0.02091
17.6167 0.02034
17.6333 0.01978
17.65 0.01923
17.6667 0.0187
17.6833 0.01817
17.7 0.01765
17.7167 0.01715
17.7333 0.01665
17.75 0.01616
17.7667 0.01568
17.7833 0.01522
17.8 0.01476
17.8167 0.01431
17.8333 0.01387
17.85 0.01344
17.8667 0.01302
17.8833 0.0126
17.9 0.0122
17.9167 0.01181
17.9333 0.01142
17.95 0.01104
17.9667 0.01067
17.9833 0.01031
18.0 0.009963
18.0167 0.009619
18.0333 0.009284
18.05 0.008957
18.0667 0.008637
18.0833 0.008326
18.1 0.008022
18.1167 0.007725
18.1333 0.007436
18.15 0.007155
18.1667 0.006881
18.1833 0.006614
18.2 0.006353
18.2167 0.0061
18.2333 0.005854
18.25 0.005614
18.2667 0.005381
18.2833 0.005154
18.3 0.004934
18.3167 0.004719
18.3333 0.004511
18.35 0.004309
18.3667 0.004113
18.3833 0.003922
18.4 0.003737
18.4167 0.003558
18.4333 0.003384
18.45 0.003216
18.4667 0.003052
18.4833 0.002894
18.5 0.002741
18.5167 0.002593
18.5333 0.002449
18.55 0.00231
18.5667 0.002176
18.5833 0.002047
18.6 0.001921
18.6167 0.001801
18.6333 0.001684
18.65 0.001572
18.6667 0.001465
18.6833 0.001361
18.7 0.001261
18.7167 0.001166
18.7333 0.001075
18.75 0.0009877
18.7667 0.0009047
18.7833 0.0008259
18.8 0.0007515
18.8167 0.0006817
18.8333 0.0006168
18.85 0.0005426
18.8667 0.0004799
18.8833 0.0004275
18.9 0.0003838
18.9167 0.0003304
18.9333 0.000294
18.95 0.0002508
18.9667 0.0002143
18.9833 0.0001825
19.0 0.0001543
19.0167 0.0001296
19.0333 0.0001085
19.05 8.886e-05
19.0667 7.24e-05
19.0833 5.848e-05
19.1 4.705e-05
19.1167 3.695e-05
19.1333 2.881e-05
19.15 2.223e-05
19.1667 1.696e-05
19.1833 1.28e-05
19.2 9.395e-06
19.2167 6.777e-06
19.2333 4.783e-06
19.25 3.236e-06
19.2667 2.064e-06
19.2833 1.262e-06
19.3 7.394e-07
19.3167 4.211e-07
19.3333 2.323e-07
19.35 1.195e-07
19.3667 5.019e-08
19.3833 1.584e-08
19.4 2.18e-09
19.4167 1.371e-10
19.4333 2.462e-12
19.45 9.74e-15
19.4667 2.613e-18
19.4833 0.0
19.5 0.0
19.5167 0.0
19.5333 0.0
19.55 0.0
19.5667 0.0
19.5833 0.0
19.6 0.0
19.6167 0.0
19.6333 0.0
19.65 0.0
19.6667 0.0
19.6833 0.0
19.7 0.0
19.7167 0.0
19.7333 0.0
19.75 0.0
19.7667 0.0
19.7833 0.0
19.8 0.0
19.8167 0.0
19.8333 0.0
19.85 0.0
19.8667 0.0
19.8833 0.0
19.9 0.0
19.9167 0.0
19.9333 0.0
19.95 0.0
19.9667 0.0
19.9833 0.0
20.0 0.0
20.0167 0.0
20.0333 0.0
20.05 0.0
20.0667 0.0
20.0833 0.0
20.1 0.0
20.1167 0.0
20.1333 0.0
20.15 0.0
20.1667 0.0
20.1833 0.0
20.2 0.0
20.2167 0.0
20.2333 0.0
20.25 0.0
20.2667 0.0
20.2833 0.0
20.3 0.0
20.3167 0.0
20.3333 0.0
20.35 0.0
20.3667 0.0
20.3833 0.0
20.4 0.0
20.4167 0.0
20.4333 0.0
20.45 0.0
20.4667 0.0
20.4833 0.0
20.5 0.0
20.5167 0.0
20.5333 0.0
20.55 0.0
20.5667 0.0
20.5833 0.0
20.6 0.0
20.6167 0.0
20.6333 0.0
20.65 0.0
20.6667 0.0
20.6833 0.0
20.7 0.0
20.7167 0.0
20.7333 0.0
20.75 0.0
20.7667 0.0
20.7833 0.0
20.8 0.0
20.8167 0.0
20.8333 0.0
20.85 0.0
20.8667 0.0
20.8833 0.0
20.9 0.0
20.9167 0.0
20.9333 0.0
20.95 0.0
20.9667 0.0
20.9833 0.0
21.0 0.0
21.0167 0.0
21.0333 0.0
21.05 0.0
21.0667 0.0
21.0833 0.0
21.1 0.0
21.1167 0.0
21.1333 0.0
21.15 0.0
21.1667 0.0
21.1833 0.0
21.2 0.0
21.2167 0.0
21.2333 0.0
21.25 0.0
21.2667 0.0
21.2833 0.0
21.3 0.0
21.3167 0.0
21.3333 0.0
21.35 0.0
21.3667 0.0
21.3833 0.0
21.4 0.0
21.4167 0.0
21.4333 0.0
21.45 0.0
21.4667 0.0
21.4833 0.0
21.5 0.0
21.5167 0.0
21.5333 0.0
21.55 0.0
21.5667 0.0
21.5833 0.0
21.6 0.0
21.6167 0.0
21.6333 0.0
21.65 0.0
21.6667 0.0
21.6833 0.0
21.7 0.0
21.7167 0.0
21.7333 0.0
21.75 0.0
21.7667 0.0
21.7833 0.0
21.8 0.0
21.8167 0.0
21.8333 0.0
21.85 0.0
21.8667 0.0
21.8833 0.0
21.9 0.0
21.9167 0.0
21.9333 0.0
21.95 0.0
21.9667 0.0
21.9833 0.0
22.0 0.0
22.0167 0.0
22.0333 0.0
22.05 0.0
22.0667 0.0
22.0833 0.0
22.1 0.0
22.1167 0.0
22.1333 0.0
22.15 0.0
22.1667 0.0
22.1833 0.0
22.2 0.0
22.2167 0.0
22.2333 0.0
22.25 0.0
22.2667 0.0
22.2833 0.0
22.3 0.0
22.3167 0.0
22.3333 0.0
22.35 0.0
22.3667 0.0
22.3833 0.0
22.4 0.0
22.4167 0.0
22.4333 0.0
22.45 0.0
22.4667 0.0
22.4833 0.0
22.5 0.0
22.5167 0.0
22.5333 0.0
22.55 0.0
22.5667 0.0
22.5833 0.0
22.6 0.0
22.6167 0.0
22.6333 0.0
22.65 0.0
22.6667 0.0
22.6833 0.0
22.7 0.0
22.7167 0.0
22.7333 0.0
22.75 0.0
22.7667 0.0
22.7833 0.0
22.8 0.0
22.8167 0.0
22.8333 0.0
22.85 0.0
22.8667 0.0
22.8833 0.0
22.9 0.0
22.9167 0.0
22.9333 0.0
22.95 0.0
22.9667 0.0
22.9833 0.0
23.0 0.0
23.0167 0.0
23.0333 0.0
23.05 0.0
23.0667 0.0
23.0833 0.0
23.1 0.0
23.1167 0.0
23.1333 0.0
23.15 0.0
23.1667 0.0
23.1833 0.0
23.2 0.0
23.2167 0.0
23.2333 0.0
23.25 0.0
23.2667 0.0
23.2833 0.0
23.3 0.0
23.3167 0.0
23.3333 0.0
23.35 0.0
23.3667 0.0
23.3833 0.0
23.4 0.0
23.4167 0.0
23.4333 0.0
23.45 0.0
23.4667 0.0
23.4833 0.0
23.5 0.0
23.5167 0.0
23.5333 0.0
23.55 0.0
23.5667 0.0
23.5833 0.0
23.6 0.0
23.6167 0.0
23.6333 0.0
23.65 0.0
23.6667 0.0
23.6833 0.0
23.7 0.0
23.7167 0.0
23.7333 0.0
23.75 0.0
23.7667 0.0
23.7833 0.0
23.8 0.0
23.8167 0.0
23.8333 0.0
23.85 0.0
23.8667 0.0
23.8833 0.0
23.9 0.0
23.9167 0.0
23.9333 0.0
23.95 0.0
23.9667 0.0
23.9833 0.0
