0.0 0.0
0.0167 0.0
0.0333 0.0
0.05 0.0
0.0667 0.0
0.0833 0.0
0.1 0.0
0.1167 0.0
0.1333 0.0
0.15 0.0
0.1667 0.0
0.1833 0.0
0.2 0.0
0.2167 0.0
0.2333 0.0
0.25 0.0
0.2667 0.0
0.2833 0.0
0.3 0.0
0.3167 0.0
0.3333 0.0
0.35 0.0
0.3667 0.0
0.3833 0.0
0.4 0.0
0.4167 0.0
0.4333 0.0
0.45 0.0
0.4667 0.0
0.4833 0.0
0.5 0.0
0.5167 0.0
0.5333 0.0
0.55 0.0
0.5667 0.0
0.5833 0.0
0.6 0.0
0.6167 0.0
0.6333 0.0
0.65 0.0
0.6667 0.0
0.6833 0.0
0.7 0.0
0.7167 0.0
0.7333 0.0
0.75 0.0
0.7667 0.0
0.7833 0.0
0.8 0.0
0.8167 0.0
0.8333 0.0
0.85 0.0
0.8667 0.0
0.8833 0.0
0.9 0.0
0.9167 0.0
0.9333 0.0
0.95 0.0
0.9667 0.0
0.9833 0.0
1.0 0.0
1.0167 0.0
1.0333 0.0
1.05 0.0
1.0667 0.0
1.0833 0.0
1.1 0.0
1.1167 0.0
1.1333 0.0
1.15 0.0
1.1667 0.0
1.1833 0.0
1.2 0.0
1.2167 0.0
1.2333 0.0
1.25 0.0
1.2667 0.0
1.2833 0.0
1.3 0.0
1.3167 0.0
1.3333 0.0
1.35 0.0
1.3667 0.0
1.3833 0.0
1.4 0.0
1.4167 0.0
1.4333 0.0
1.45 0.0
1.4667 0.0
1.4833 0.0
1.5 0.0
1.5167 0.0
1.5333 0.0
1.55 0.0
1.5667 0.0
1.5833 0.0
1.6 0.0
1.6167 0.0
1.6333 0.0
1.65 0.0
1.6667 0.0
1.6833 0.0
1.7 0.0
1.7167 0.0
1.7333 0.0
1.75 0.0
1.7667 0.0
1.7833 0.0
1.8 0.0
1.8167 0.0
1.8333 0.0
1.85 0.0
1.8667 0.0
1.8833 0.0
1.9 0.0
1.9167 0.0
1.9333 0.0
1.95 0.0
1.9667 0.0
1.9833 0.0
2.0 0.0
2.0167 0.0
2.0333 0.0
2.05 0.0
2.0667 0.0
2.0833 0.0
2.1 0.0
2.1167 0.0
2.1333 0.0
2.15 0.0
2.1667 0.0
2.1833 0.0
2.2 0.0
2.2167 0.0
2.2333 0.0
2.25 0.0
2.2667 0.0
2.2833 0.0
2.3 0.0
2.3167 0.0
2.3333 0.0
2.35 0.0
2.3667 0.0
2.3833 0.0
2.4 0.0
2.4167 0.0
2.4333 0.0
2.45 0.0
2.4667 0.0
2.4833 0.0
2.5 0.0
2.5167 0.0
2.5333 0.0
2.55 0.0
2.5667 0.0
2.5833 0.0
2.6 0.0
2.6167 0.0
2.6333 0.0
2.65 0.0
2.6667 0.0
2.6833 0.0
2.7 0.0
2.7167 0.0
2.7333 0.0
2.75 0.0
2.7667 0.0
2.7833 0.0
2.8 0.0
2.8167 0.0
2.8333 0.0
2.85 0.0
2.8667 0.0
2.8833 0.0
2.9 0.0
2.9167 0.0
2.9333 0.0
2.95 0.0
2.9667 0.0
2.9833 0.0
3.0 0.0
3.0167 0.0
3.0333 0.0
3.05 0.0
3.0667 0.0
3.0833 0.0
3.1 0.0
3.1167 0.0
3.1333 0.0
3.15 0.0
3.1667 0.0
3.1833 0.0
3.2 0.0
3.2167 0.0
3.2333 0.0
3.25 0.0
3.2667 0.0
3.2833 0.0
3.3 0.0
3.3167 0.0
3.3333 0.0
3.35 0.0
3.3667 0.0
3.3833 0.0
3.4 0.0
3.4167 0.0
3.4333 0.0
3.45 0.0
3.4667 0.0
3.4833 0.0
3.5 0.0
3.5167 0.0
3.5333 0.0
3.55 0.0
3.5667 0.0
3.5833 0.0
3.6 0.0
3.6167 0.0
3.6333 0.0
3.65 0.0
3.6667 0.0
3.6833 0.0
3.7 0.0
3.7167 0.0
3.7333 0.0
3.75 0.0
3.7667 0.0
3.7833 0.0
3.8 0.0
3.8167 0.0
3.8333 0.0
3.85 0.0
3.8667 0.0
3.8833 0.0
3.9 0.0
3.9167 0.0
3.9333 0.0
3.95 0.0
3.9667 0.0
3.9833 0.0
4.0 0.0
4.0167 0.0
4.0333 0.0
4.05 0.0
4.0667 0.0
4.0833 0.0
4.1 0.0
4.1167 0.0
4.1333 0.0
4.15 0.0
4.1667 0.0
4.1833 0.0
4.2 0.0
4.2167 0.0
4.2333 0.0
4.25 0.0
4.2667 0.0
4.2833 0.0
4.3 0.0
4.3167 0.0
4.3333 0.0
4.35 0.0
4.3667 0.0
4.3833 0.0
4.4 0.0
4.4167 0.0
4.4333 0.0
4.45 0.0
4.4667 0.0
4.4833 0.0
4.5 0.0
4.5167 0.0
4.5333 0.0
4.55 0.0
4.5667 0.0
4.5833 0.0
4.6 0.0
4.6167 0.0
4.6333 0.0
4.65 0.0
4.6667 0.0
4.6833 0.0
4.7 0.0
4.7167 0.0
4.7333 0.0
4.75 0.0
4.7667 0.0
4.7833 0.0
4.8 0.0
4.8167 0.0
4.8333 0.0
4.85 0.0
4.8667 0.0
4.8833 0.0
4.9 0.0
4.9167 0.0
4.9333 0.0
4.95 0.0
4.9667 0.0
4.9833 0.0
5.0 0.0
5.0167 0.0
5.0333 0.0
5.05 0.0
5.0667 0.0
5.0833 0.0
5.1 0.0
5.1167 0.0
5.1333 0.0
5.15 0.0
5.1667 0.0
5.1833 0.0
5.2 0.0
5.2167 0.0
5.2333 0.0
5.25 0.0
5.2667 0.0
5.2833 0.0
5.3 0.0
5.3167 0.0
5.3333 0.0
5.35 0.0
5.3667 0.0
5.3833 0.0
5.4 0.0
5.4167 0.0
5.4333 0.0
5.45 0.0
5.4667 7.667e-19
5.4833 2.929e-15
5.5 6.584e-13
5.5167 3.604e-11
5.5333 7.051e-10
5.55 6.314e-09
5.5667 2.521e-08
5.5833 6.458e-08
5.6 1.34e-07
5.6167 2.435e-07
5.6333 4.145e-07
5.65 6.894e-07
5.6667 1.129e-06
5.6833 1.792e-06
5.7 2.673e-06
5.7167 3.933e-06
5.7333 5.443e-06
5.75 7.385e-06
5.7667 9.888e-06
5.7833 1.312e-05
5.8 1.704e-05
5.8167 2.167e-05
5.8333 2.736e-05
5.85 3.442e-05
5.8667 4.322e-05
5.8833 5.254e-05
5.9 6.497e-05
5.9167 7.78e-05
5.9333 9.329e-05
5.95 0.0001124
5.9667 0.0001336
5.9833 0.0001569
6.0 0.0001822
6.0167 0.0002081
6.0333 0.0002396
6.05 0.0002778
6.0667 0.0003103
6.0833 0.0003573
6.1 0.0003949
6.1167 0.0004395
6.1333 0.000492
6.15 0.0005544
6.1667 0.0006136
6.1833 0.0006727
6.2 0.0007356
6.2167 0.0008022
6.2333 0.0008723
6.25 0.0009456
6.2667 0.001022
6.2833 0.001103
6.3 0.001186
6.3167 0.001273
6.3333 0.001363
6.35 0.001457
6.3667 0.001554
6.3833 0.001655
6.4 0.001759
6.4167 0.001866
6.4333 0.001978
6.45 0.002093
6.4667 0.002211
6.4833 0.002334
6.5 0.002461
6.5167 0.002591
6.5333 0.002725
6.55 0.002864
6.5667 0.003007
6.5833 0.003154
6.6 0.003305
6.6167 0.003461
6.6333 0.003621
6.65 0.003786
6.6667 0.003956
6.6833 0.00413
6.7 0.00431
6.7167 0.004494
6.7333 0.004683
6.75 0.004878
6.7667 0.005077
6.7833 0.005282
6.8 0.005493
6.8167 0.005709
6.8333 0.00593
6.85 0.006158
6.8667 0.006391
6.8833 0.00663
6.9 0.006874
6.9167 0.007125
6.9333 0.007383
6.95 0.007646
6.9667 0.007916
6.9833 0.008192
7.0 0.008474
7.0167 0.008763
7.0333 0.009059
7.05 0.009362
7.0667 0.009672
7.0833 0.009988
7.1 0.01031
7.1167 0.01064
7.1333 0.01098
7.15 0.01133
7.1667 0.01168
7.1833 0.01204
7.2 0.0124
7.2167 0.01278
7.2333 0.01316
7.25 0.01355
7.2667 0.01395
7.2833 0.01436
7.3 0.01477
7.3167 0.01519
7.3333 0.01562
7.35 0.01606
7.3667 0.01651
7.3833 0.01697
7.4 0.01743
7.4167 0.0179
7.4333 0.01838
7.45 0.01887
7.4667 0.01937
7.4833 0.01988
7.5 0.02039
7.5167 0.02092
7.5333 0.02145
7.55 0.02199
7.5667 0.02254
7.5833 0.0231
7.6 0.02367
7.6167 0.02425
7.6333 0.02484
7.65 0.02543
7.6667 0.02604
7.6833 0.02666
7.7 0.02728
7.7167 0.02791
7.7333 0.02856
7.75 0.02921
7.7667 0.02987
7.7833 0.03055
7.8 0.03123
7.8167 0.03192
7.8333 0.03262
7.85 0.03333
7.8667 0.03405
7.8833 0.03478
7.9 0.03552
7.9167 0.03627
7.9333 0.03703
7.95 0.0378
7.9667 0.03858
7.9833 0.03937
8.0 0.04017
8.0167 0.04097
8.0333 0.04179
8.05 0.04262
8.0667 0.04346
8.0833 0.04431
8.1 0.04516
8.1167 0.04603
8.1333 0.04691
8.15 0.04779
8.1667 0.04869
8.1833 0.0496
8.2 0.05051
8.2167 0.05144
8.2333 0.05237
8.25 0.05332
8.2667 0.05428
8.2833 0.05524
8.3 0.05621
8.3167 0.0572
8.3333 0.05819
8.35 0.0592
8.3667 0.06021
8.3833 0.06123
8.4 0.06226
8.4167 0.06331
8.4333 0.06436
8.45 0.06542
8.4667 0.06649
8.4833 0.06757
8.5 0.06865
8.5167 0.06975
8.5333 0.07086
8.55 0.07197
8.5667 0.0731
8.5833 0.07423
8.6 0.07537
8.6167 0.07653
8.6333 0.07769
8.65 0.07886
8.6667 0.08003
8.6833 0.08122
8.7 0.08242
8.7167 0.08362
8.7333 0.08483
8.75 0.08605
8.7667 0.08728
8.7833 0.08852
8.8 0.08977
8.8167 0.09102
8.8333 0.09228
8.85 0.09355
8.8667 0.09483
8.8833 0.09612
8.9 0.09741
8.9167 0.0987
8.9333 0.09999
8.95 0.1013
8.9667 0.1026
8.9833 0.104
9.0 0.1053
9.0167 0.1067
9.0333 0.108
9.05 0.1094
9.0667 0.1108
9.0833 0.1121
9.1 0.1135
9.1167 0.1149
9.1333 0.1163
9.15 0.1177
9.1667 0.1191
9.1833 0.1205
9.2 0.1219
9.2167 0.1233
9.2333 0.1248
9.25 0.1262
9.2667 0.1277
9.2833 0.1291
9.3 0.1306
9.3167 0.132
9.3333 0.1335
9.35 0.1349
9.3667 0.1364
9.3833 0.1379
9.4 0.1394
9.4167 0.1408
9.4333 0.1424
9.45 0.1438
9.4667 0.1454
9.4833 0.1469
9.5 0.1484
9.5167 0.1498
9.5333 0.1514
9.55 0.1529
9.5667 0.1544
9.5833 0.156
9.6 0.1575
9.6167 0.159
9.6333 0.1606
9.65 0.1621
9.6667 0.1636
9.6833 0.1652
9.7 0.1667
9.7167 0.1683
9.7333 0.1698
9.75 0.1714
9.7667 0.173
9.7833 0.1745
9.8 0.1761
9.8167 0.1776
9.8333 0.1792
9.85 0.1808
9.8667 0.1823
9.8833 0.1839
9.9 0.1855
9.9167 0.187
9.9333 0.1886
9.95 0.1902
9.9667 0.1917
9.9833 0.1933
10.0 0.1949
10.0167 0.1963
10.0333 0.198
10.05 0.1996
10.0667 0.201
10.0833 0.2027
10.1 0.2043
10.1167 0.2059
10.1333 0.2074
10.15 0.209
10.1667 0.2106
10.1833 0.2121
10.2 0.2137
10.2167 0.2152
10.2333 0.2168
10.25 0.2184
10.2667 0.2199
10.2833 0.2215
10.3 0.223
10.3167 0.2246
10.3333 0.2261
10.35 0.2276
10.3667 0.2291
10.3833 0.2307
10.4 0.2322
10.4167 0.2338
10.4333 0.2352
10.45 0.2368
10.4667 0.2383
10.4833 0.2398
10.5 0.2414
10.5167 0.2429
10.5333 0.2444
10.55 0.2458
10.5667 0.2472
10.5833 0.2488
10.6 0.2503
10.6167 0.2518
10.6333 0.2532
10.65 0.2547
10.6667 0.2562
10.6833 0.2576
10.7 0.2591
10.7167 0.2605
10.7333 0.262
10.75 0.2634
10.7667 0.2648
10.7833 0.2662
10.8 0.2676
10.8167 0.269
10.8333 0.2704
10.85 0.2718
10.8667 0.2732
10.8833 0.2746
10.9 0.2759
10.9167 0.2773
10.9333 0.2787
10.95 0.28
10.9667 0.2813
10.9833 0.2827
11.0 0.2837
11.0167 0.2853
11.0333 0.2866
11.05 0.2879
11.0667 0.2892
11.0833 0.2905
11.1 0.2917
11.1167 0.293
11.1333 0.2943
11.15 0.2955
11.1667 0.2964
11.1833 0.298
11.2 0.2992
11.2167 0.3004
11.2333 0.3016
11.25 0.3027
11.2667 0.3039
11.2833 0.3051
11.3 0.3062
11.3167 0.3073
11.3333 0.3085
11.35 0.3096
11.3667 0.3107
11.3833 0.3118
11.4 0.3129
11.4167 0.314
11.4333 0.3151
11.45 0.3159
11.4667 0.3171
11.4833 0.3182
11.5 0.3191
11.5167 0.3202
11.5333 0.3212
11.55 0.322
11.5667 0.3232
11.5833 0.3242
11.6 0.3251
11.6167 0.3261
11.6333 0.3269
11.65 0.3279
11.6667 0.3288
11.6833 0.3297
11.7 0.3306
11.7167 0.3314
11.7333 0.3323
11.75 0.3331
11.7667 0.3339
11.7833 0.3346
11.8 0.3355
11.8167 0.3363
11.8333 0.3371
11.85 0.3379
11.8667 0.3386
11.8833 0.3393
11.9 0.34
11.9167 0.3408
11.9333 0.3415
11.95 0.3421
11.9667 0.3428
11.9833 0.3433
12.0 0.344
12.0167 0.3447
12.0333 0.3453
12.05 0.3459
12.0667 0.3465
12.0833 0.347
12.1 0.3476
12.1167 0.3481
12.1333 0.3486
12.15 0.3491
12.1667 0.3496
12.1833 0.3501
12.2 0.3506
12.2167 0.351
12.2333 0.3515
12.25 0.3519
12.2667 0.3523
12.2833 0.3527
12.3 0.353
12.3167 0.3533
12.3333 0.3537
12.35 0.3541
12.3667 0.3544
12.3833 0.3547
12.4 0.355
12.4167 0.3553
12.4333 0.3555
12.45 0.3557
12.4667 0.356
12.4833 0.3562
12.5 0.3564
12.5167 0.3566
12.5333 0.3567
12.55 0.3569
12.5667 0.357
12.5833 0.3571
12.6 0.3572
12.6167 0.3573
12.6333 0.3574
12.65 0.3574
12.6667 0.3575
12.6833 0.3575
12.7 0.3575
12.7167 0.3575
12.7333 0.3575
12.75 0.3574
12.7667 0.3574
12.7833 0.3573
12.8 0.3572
12.8167 0.3571
12.8333 0.357
12.85 0.3569
12.8667 0.3568
12.8833 0.3566
12.9 0.3564
12.9167 0.3562
12.9333 0.356
12.95 0.3558
12.9667 0.3556
12.9833 0.3553
13.0 0.3551
13.0167 0.3548
13.0333 0.3545
13.05 0.3542
13.0667 0.3539
13.0833 0.3534
13.1 0.3531
13.1167 0.3528
13.1333 0.3524
13.15 0.352
13.1667 0.3516
13.1833 0.3512
13.2 0.3507
13.2167 0.3503
13.2333 0.3498
13.25 0.3493
13.2667 0.3488
13.2833 0.3483
13.3 0.3478
13.3167 0.3472
13.3333 0.3466
13.35 0.3461
13.3667 0.3455
13.3833 0.3449
13.4 0.3443
13.4167 0.3434
13.4333 0.343
13.45 0.3423
13.4667 0.3417
13.4833 0.341
13.5 0.3402
13.5167 0.3395
13.5333 0.3388
13.55 0.3381
13.5667 0.3373
13.5833 0.3366
13.6 0.3358
13.6167 0.335
13.6333 0.3342
13.65 0.3334
13.6667 0.3325
13.6833 0.3317
13.7 0.3308
13.7167 0.3299
13.7333 0.3289
13.75 0.3282
13.7667 0.3273
13.7833 0.3263
13.8 0.3254
13.8167 0.3245
13.8333 0.3234
13.85 0.3225
13.8667 0.3215
13.8833 0.3205
13.9 0.3195
13.9167 0.3185
13.9333 0.3174
13.95 0.3164
13.9667 0.3154
13.9833 0.3143
14.0 0.3133
14.0167 0.3122
14.0333 0.3111
14.05 0.31
14.0667 0.3088
14.0833 0.3077
14.1 0.3066
14.1167 0.3054
14.1333 0.3043
14.15 0.3031
14.1667 0.3019
14.1833 0.3007
14.2 0.2995
14.2167 0.2983
14.2333 0.2971
14.25 0.2957
14.2667 0.2946
14.2833 0.2934
14.3 0.2921
14.3167 0.2908
14.3333 0.2896
14.35 0.2883
14.3667 0.287
14.3833 0.2857
14.4 0.2844
14.4167 0.2829
14.4333 0.2817
14.45 0.2804
14.4667 0.2791
14.4833 0.2777
14.5 0.2763
14.5167 0.275
14.5333 0.2736
14.55 0.2722
14.5667 0.2708
14.5833 0.2694
14.6 0.268
14.6167 0.2666
14.6333 0.2652
14.65 0.2637
14.6667 0.2624
14.6833 0.2609
14.7 0.2595
14.7167 0.258
14.7333 0.2566
14.75 0.2551
14.7667 0.2537
14.7833 0.2522
14.8 0.2507
14.8167 0.2493
14.8333 0.2478
14.85 0.2463
14.8667 0.2448
14.8833 0.2433
14.9 0.2418
14.9167 0.2403
14.9333 0.2388
14.95 0.2372
14.9667 0.2357
14.9833 0.2342
15.0 0.2327
15.0167 0.2311
15.0333 0.2296
15.05 0.2281
15.0667 0.2265
15.0833 0.225
15.1 0.2235
15.1167 0.2219
15.1333 0.2203
15.15 0.2188
15.1667 0.2172
15.1833 0.2157
15.2 0.2141
15.2167 0.2126
15.2333 0.211
15.25 0.2094
15.2667 0.2079
15.2833 0.2063
15.3 0.2047
15.3167 0.2032
15.3333 0.2016
15.35 0.2
15.3667 0.1985
15.3833 0.1969
15.4 0.1953
15.4167 0.1938
15.4333 0.1922
15.45 0.1905
15.4667 0.189
15.4833 0.1875
15.5 0.1859
15.5167 0.1843
15.5333 0.1828
15.55 0.1812
15.5667 0.1796
15.5833 0.1781
15.6 0.1765
15.6167 0.1749
15.6333 0.1734
15.65 0.1718
15.6667 0.1702
15.6833 0.1687
15.7 0.1672
15.7167 0.1656
15.7333 0.1641
15.75 0.1625
15.7667 0.161
15.7833 0.1595
15.8 0.1579
15.8167 0.1564
15.8333 0.1549
15.85 0.1533
15.8667 0.1518
15.8833 0.1503
15.9 0.1488
15.9167 0.1473
15.9333 0.1457
15.95 0.1443
15.9667 0.1428
15.9833 0.1412
16.0 0.1398
16.0167 0.1383
16.0333 0.1368
16.05 0.1353
16.0667 0.1339
16.0833 0.1324
16.1 0.1309
16.1167 0.1295
16.1333 0.128
16.15 0.1266
16.1667 0.1251
16.1833 0.1237
16.2 0.1223
16.2167 0.1209
16.2333 0.1195
16.25 0.118
16.2667 0.1167
16.2833 0.1152
16.3 0.1139
16.3167 0.1125
16.3333 0.1111
16.35 0.1097
16.3667 0.1084
16.3833 0.107
16.4 0.1057
16.4167 0.1043
16.4333 0.103
16.45 0.1017
16.4667 0.1004
16.4833 0.09905
16.5 0.09774
16.5167 0.09643
16.5333 0.09516
16.55 0.09388
16.5667 0.0926
16.5833 0.09135
16.6 0.09009
16.6167 0.08884
16.6333 0.0876
16.65 0.08637
16.6667 0.08515
16.6833 0.08393
16.7 0.08272
16.7167 0.08153
16.7333 0.08034
16.75 0.07916
16.7667 0.07798
16.7833 0.07682
16.8 0.07567
16.8167 0.07452
16.8333 0.07338
16.85 0.07226
16.8667 0.07114
16.8833 0.07003
16.9 0.06893
16.9167 0.06784
16.9333 0.06676
16.95 0.06568
16.9667 0.06462
16.9833 0.06357
17.0 0.06252
17.0167 0.06149
17.0333 0.06046
17.05 0.05945
17.0667 0.05844
17.0833 0.05744
17.1 0.05646
17.1167 0.05548
17.1333 0.05451
17.15 0.05355
17.1667 0.05261
17.1833 0.05167
17.2 0.05074
17.2167 0.04982
17.2333 0.04891
17.25 0.04801
17.2667 0.04712
17.2833 0.04624
17.3 0.04537
17.3167 0.04451
17.3333 0.04366
17.35 0.04282
17.3667 0.04199
17.3833 0.04117
17.4 0.04036
17.4167 0.03956
17.4333 0.03877
17.45 0.03798
17.4667 0.03721
17.4833 0.03645
17.5 0.0357
17.5167 0.03496
17.5333 0.03422
17.55 0.0335
17.5667 0.03279
17.5833 0.03208
17.6 0.03139
17.6167 0.0307
17.6333 0.03003
17.65 0.02936
17.6667 0.02871
17.6833 0.02806
17.7 0.02742
17.7167 0.0268
17.7333 0.02618
17.75 0.02557
17.7667 0.02497
17.7833 0.02438
17.8 0.0238
17.8167 0.02323
17.8333 0.02267
17.85 0.02211
17.8667 0.02157
17.8833 0.02103
17.9 0.02051
17.9167 0.01999
17.9333 0.01948
17.95 0.01898
17.9667 0.01849
17.9833 0.01801
18.0 0.01753
18.0167 0.01707
18.0333 0.01661
18.05 0.01616
18.0667 0.01572
18.0833 0.01529
18.1 0.01486
18.1167 0.01445
18.1333 0.01404
18.15 0.01364
18.1667 0.01325
18.1833 0.01286
18.2 0.01248
18.2167 0.01211
18.2333 0.01175
18.25 0.0114
18.2667 0.01105
18.2833 0.01071
18.3 0.01038
18.3167 0.01005
18.3333 0.009736
18.35 0.009425
18.3667 0.009121
18.3833 0.008824
18.4 0.008533
18.4167 0.008249
18.4333 0.007971
18.45 0.0077
18.4667 0.007435
18.4833 0.007177
18.5 0.006924
18.5167 0.006678
18.5333 0.006438
18.55 0.006203
18.5667 0.005975
18.5833 0.005752
18.6 0.005535
18.6167 0.005323
18.6333 0.005117
18.65 0.004916
18.6667 0.00472
18.6833 0.00453
18.7 0.004344
18.7167 0.004164
18.7333 0.003988
18.75 0.003818
18.7667 0.003652
18.7833 0.003491
18.8 0.003334
18.8167 0.003181
18.8333 0.003033
18.85 0.00289
18.8667 0.00275
18.8833 0.002615
18.9 0.002484
18.9167 0.002357
18.9333 0.002233
18.95 0.002114
18.9667 0.001998
18.9833 0.001886
19.0 0.001777
19.0167 0.001673
19.0333 0.001571
19.05 0.001474
19.0667 0.001379
19.0833 0.001288
19.1 0.001201
19.1167 0.001117
19.1333 0.001036
19.15 0.0009584
19.1667 0.0008843
19.1833 0.0008137
19.2 0.0007464
19.2167 0.0006828
19.2333 0.000623
19.25 0.0005656
19.2667 0.0005015
19.2833 0.0004473
19.3 0.0004016
19.3167 0.0003629
19.3333 0.0003166
19.35 0.0002823
19.3667 0.0002443
19.3833 0.0002138
19.4 0.0001869
19.4167 0.0001597
19.4333 0.0001361
19.45 0.0001155
19.4667 9.679e-05
19.4833 7.983e-05
19.5 6.641e-05
19.5167 5.434e-05
19.5333 4.425e-05
19.55 3.545e-05
19.5667 2.866e-05
19.5833 2.257e-05
19.6 1.758e-05
19.6167 1.357e-05
19.6333 1.037e-05
19.65 7.792e-06
19.6667 5.663e-06
19.6833 4.085e-06
19.7 2.831e-06
19.7167 1.881e-06
19.7333 1.195e-06
19.75 7.49e-07
19.7667 4.483e-07
19.7833 2.617e-07
19.8 1.453e-07
19.8167 7.24e-08
19.8333 2.984e-08
19.85 7.777e-09
19.8667 9.138e-10
19.8833 5.914e-11
19.9 1.071e-12
19.9167 6.92e-15
19.9333 3.106e-18
19.95 0.0
19.9667 0.0
19.9833 0.0
20.0 0.0
20.0167 0.0
20.0333 0.0
20.05 0.0
20.0667 0.0
20.0833 0.0
20.1 0.0
20.1167 0.0
20.1333 0.0
20.15 0.0
20.1667 0.0
20.1833 0.0
20.2 0.0
20.2167 0.0
20.2333 0.0
20.25 0.0
20.2667 0.0
20.2833 0.0
20.3 0.0
20.3167 0.0
20.3333 0.0
20.35 0.0
20.3667 0.0
20.3833 0.0
20.4 0.0
20.4167 0.0
20.4333 0.0
20.45 0.0
20.4667 0.0
20.4833 0.0
20.5 0.0
20.5167 0.0
20.5333 0.0
20.55 0.0
20.5667 0.0
20.5833 0.0
20.6 0.0
20.6167 0.0
20.6333 0.0
20.65 0.0
20.6667 0.0
20.6833 0.0
20.7 0.0
20.7167 0.0
20.7333 0.0
20.75 0.0
20.7667 0.0
20.7833 0.0
20.8 0.0
20.8167 0.0
20.8333 0.0
20.85 0.0
20.8667 0.0
20.8833 0.0
20.9 0.0
20.9167 0.0
20.9333 0.0
20.95 0.0
20.9667 0.0
20.9833 0.0
21.0 0.0
21.0167 0.0
21.0333 0.0
21.05 0.0
21.0667 0.0
21.0833 0.0
21.1 0.0
21.1167 0.0
21.1333 0.0
21.15 0.0
21.1667 0.0
21.1833 0.0
21.2 0.0
21.2167 0.0
21.2333 0.0
21.25 0.0
21.2667 0.0
21.2833 0.0
21.3 0.0
21.3167 0.0
21.3333 0.0
21.35 0.0
21.3667 0.0
21.3833 0.0
21.4 0.0
21.4167 0.0
21.4333 0.0
21.45 0.0
21.4667 0.0
21.4833 0.0
21.5 0.0
21.5167 0.0
21.5333 0.0
21.55 0.0
21.5667 0.0
21.5833 0.0
21.6 0.0
21.6167 0.0
21.6333 0.0
21.65 0.0
21.6667 0.0
21.6833 0.0
21.7 0.0
21.7167 0.0
21.7333 0.0
21.75 0.0
21.7667 0.0
21.7833 0.0
21.8 0.0
21.8167 0.0
21.8333 0.0
21.85 0.0
21.8667 0.0
21.8833 0.0
21.9 0.0
21.9167 0.0
21.9333 0.0
21.95 0.0
21.9667 0.0
21.9833 0.0
22.0 0.0
22.0167 0.0
22.0333 0.0
22.05 0.0
22.0667 0.0
22.0833 0.0
22.1 0.0
22.1167 0.0
22.1333 0.0
22.15 0.0
22.1667 0.0
22.1833 0.0
22.2 0.0
22.2167 0.0
22.2333 0.0
22.25 0.0
22.2667 0.0
22.2833 0.0
22.3 0.0
22.3167 0.0
22.3333 0.0
22.35 0.0
22.3667 0.0
22.3833 0.0
22.4 0.0
22.4167 0.0
22.4333 0.0
22.45 0.0
22.4667 0.0
22.4833 0.0
22.5 0.0
22.5167 0.0
22.5333 0.0
22.55 0.0
22.5667 0.0
22.5833 0.0
22.6 0.0
22.6167 0.0
22.6333 0.0
22.65 0.0
22.6667 0.0
22.6833 0.0
22.7 0.0
22.7167 0.0
22.7333 0.0
22.75 0.0
22.7667 0.0
22.7833 0.0
22.8 0.0
22.8167 0.0
22.8333 0.0
22.85 0.0
22.8667 0.0
22.8833 0.0
22.9 0.0
22.9167 0.0
22.9333 0.0
22.95 0.0
22.9667 0.0
22.9833 0.0
23.0 0.0
23.0167 0.0
23.0333 0.0
23.05 0.0
23.0667 0.0
23.0833 0.0
23.1 0.0
23.1167 0.0
23.1333 0.0
23.15 0.0
23.1667 0.0
23.1833 0.0
23.2 0.0
23.2167 0.0
23.2333 0.0
23.25 0.0
23.2667 0.0
23.2833 0.0
23.3 0.0
23.3167 0.0
23.3333 0.0
23.35 0.0
23.3667 0.0
23.3833 0.0
23.4 0.0
23.4167 0.0
23.4333 0.0
23.45 0.0
23.4667 0.0
23.4833 0.0
23.5 0.0
23.5167 0.0
23.5333 0.0
23.55 0.0
23.5667 0.0
23.5833 0.0
23.6 0.0
23.6167 0.0
23.6333 0.0
23.65 0.0
23.6667 0.0
23.6833 0.0
23.7 0.0
23.7167 0.0
23.7333 0.0
23.75 0.0
23.7667 0.0
23.7833 0.0
23.8 0.0
23.8167 0.0
23.8333 0.0
23.85 0.0
23.8667 0.0
23.8833 0.0
23.9 0.0
23.9167 0.0
23.9333 0.0
23.95 0.0
23.9667 0.0
23.9833 0.0
