0.0 0.0
0.0167 0.0
0.0333 0.0
0.05 0.0
0.0667 0.0
0.0833 0.0
0.1 0.0
0.1167 0.0
0.1333 0.0
0.15 0.0
0.1667 0.0
0.1833 0.0
0.2 0.0
0.2167 0.0
0.2333 0.0
0.25 0.0
0.2667 0.0
0.2833 0.0
0.3 0.0
0.3167 0.0
0.3333 0.0
0.35 0.0
0.3667 0.0
0.3833 0.0
0.4 0.0
0.4167 0.0
0.4333 0.0
0.45 0.0
0.4667 0.0
0.4833 0.0
0.5 0.0
0.5167 0.0
0.5333 0.0
0.55 0.0
0.5667 0.0
0.5833 0.0
0.6 0.0
0.6167 0.0
0.6333 0.0
0.65 0.0
0.6667 0.0
0.6833 0.0
0.7 0.0
0.7167 0.0
0.7333 0.0
0.75 0.0
0.7667 0.0
0.7833 0.0
0.8 0.0
0.8167 0.0
0.8333 0.0
0.85 0.0
0.8667 0.0
0.8833 0.0
0.9 0.0
0.9167 0.0
0.9333 0.0
0.95 0.0
0.9667 0.0
0.9833 0.0
1.0 0.0
1.0167 0.0
1.0333 0.0
1.05 0.0
1.0667 0.0
1.0833 0.0
1.1 0.0
1.1167 0.0
1.1333 0.0
1.15 0.0
1.1667 0.0
1.1833 0.0
1.2 0.0
1.2167 0.0
1.2333 0.0
1.25 0.0
1.2667 0.0
1.2833 0.0
1.3 0.0
1.3167 0.0
1.3333 0.0
1.35 0.0
1.3667 0.0
1.3833 0.0
1.4 0.0
1.4167 0.0
1.4333 0.0
1.45 0.0
1.4667 0.0
1.4833 0.0
1.5 0.0
1.5167 0.0
1.5333 0.0
1.55 0.0
1.5667 0.0
1.5833 0.0
1.6 0.0
1.6167 0.0
1.6333 0.0
1.65 0.0
1.6667 0.0
1.6833 0.0
1.7 0.0
1.7167 0.0
1.7333 0.0
1.75 0.0
1.7667 0.0
1.7833 0.0
1.8 0.0
1.8167 0.0
1.8333 0.0
1.85 0.0
1.8667 0.0
1.8833 0.0
1.9 0.0
1.9167 0.0
1.9333 0.0
1.95 0.0
1.9667 0.0
1.9833 0.0
2.0 0.0
2.0167 0.0
2.0333 0.0
2.05 0.0
2.0667 0.0
2.0833 0.0
2.1 0.0
2.1167 0.0
2.1333 0.0
2.15 0.0
2.1667 0.0
2.1833 0.0
2.2 0.0
2.2167 0.0
2.2333 0.0
2.25 0.0
2.2667 0.0
2.2833 0.0
2.3 0.0
2.3167 0.0
2.3333 0.0
2.35 0.0
2.3667 0.0
2.3833 0.0
2.4 0.0
2.4167 0.0
2.4333 0.0
2.45 0.0
2.4667 0.0
2.4833 0.0
2.5 0.0
2.5167 0.0
2.5333 0.0
2.55 0.0
2.5667 0.0
2.5833 0.0
2.6 0.0
2.6167 0.0
2.6333 0.0
2.65 0.0
2.6667 0.0
2.6833 0.0
2.7 0.0
2.7167 0.0
2.7333 0.0
2.75 0.0
2.7667 0.0
2.7833 0.0
2.8 0.0
2.8167 0.0
2.8333 0.0
2.85 0.0
2.8667 0.0
2.8833 0.0
2.9 0.0
2.9167 0.0
2.9333 0.0
2.95 0.0
2.9667 0.0
2.9833 0.0
3.0 0.0
3.0167 0.0
3.0333 0.0
3.05 0.0
3.0667 0.0
3.0833 0.0
3.1 0.0
3.1167 0.0
3.1333 0.0
3.15 0.0
3.1667 0.0
3.1833 0.0
3.2 0.0
3.2167 0.0
3.2333 0.0
3.25 0.0
3.2667 0.0
3.2833 0.0
3.3 0.0
3.3167 0.0
3.3333 0.0
3.35 0.0
3.3667 0.0
3.3833 0.0
3.4 0.0
3.4167 0.0
3.4333 0.0
3.45 0.0
3.4667 0.0
3.4833 0.0
3.5 0.0
3.5167 0.0
3.5333 0.0
3.55 0.0
3.5667 0.0
3.5833 0.0
3.6 0.0
3.6167 0.0
3.6333 0.0
3.65 0.0
3.6667 0.0
3.6833 0.0
3.7 0.0
3.7167 0.0
3.7333 0.0
3.75 0.0
3.7667 0.0
3.7833 0.0
3.8 0.0
3.8167 0.0
3.8333 0.0
3.85 0.0
3.8667 0.0
3.8833 0.0
3.9 0.0
3.9167 0.0
3.9333 0.0
3.95 0.0
3.9667 0.0
3.9833 0.0
4.0 0.0
4.0167 0.0
4.0333 0.0
4.05 0.0
4.0667 0.0
4.0833 0.0
4.1 0.0
4.1167 0.0
4.1333 0.0
4.15 0.0
4.1667 0.0
4.1833 0.0
4.2 0.0
4.2167 0.0
4.2333 0.0
4.25 0.0
4.2667 0.0
4.2833 0.0
4.3 0.0
4.3167 0.0
4.3333 0.0
4.35 0.0
4.3667 0.0
4.3833 0.0
4.4 0.0
4.4167 0.0
4.4333 0.0
4.45 0.0
4.4667 0.0
4.4833 0.0
4.5 0.0
4.5167 0.0
4.5333 0.0
4.55 0.0
4.5667 0.0
4.5833 0.0
4.6 0.0
4.6167 0.0
4.6333 0.0
4.65 0.0
4.6667 0.0
4.6833 0.0
4.7 0.0
4.7167 0.0
4.7333 0.0
4.75 0.0
4.7667 0.0
4.7833 0.0
4.8 0.0
4.8167 0.0
4.8333 0.0
4.85 0.0
4.8667 0.0
4.8833 0.0
4.9 0.0
4.9167 0.0
4.9333 0.0
4.95 0.0
4.9667 0.0
4.9833 0.0
5.0 0.0
5.0167 0.0
5.0333 0.0
5.05 0.0
5.0667 0.0
5.0833 0.0
5.1 0.0
5.1167 0.0
5.1333 0.0
5.15 0.0
5.1667 0.0
5.1833 0.0
5.2 0.0
5.2167 0.0
5.2333 0.0
5.25 0.0
5.2667 0.0
5.2833 0.0
5.3 0.0
5.3167 0.0
5.3333 0.0
5.35 0.0
5.3667 0.0
5.3833 0.0
5.4 0.0
5.4167 0.0
5.4333 0.0
5.45 0.0
5.4667 0.0
5.4833 0.0
5.5 0.0
5.5167 0.0
5.5333 0.0
5.55 0.0
5.5667 0.0
5.5833 0.0
5.6 3.145e-33
5.6167 4.552e-16
5.6333 1.899e-13
5.65 1.744e-11
5.6667 4.194e-10
5.6833 4.876e-09
5.7 2.249e-08
5.7167 6.01e-08
5.7333 1.281e-07
5.75 2.391e-07
5.7667 4.158e-07
5.7833 6.993e-07
5.8 1.151e-06
5.8167 1.837e-06
5.8333 2.808e-06
5.85 4.056e-06
5.8667 5.71e-06
5.8833 7.843e-06
5.9 1.046e-05
5.9167 1.378e-05
5.9333 1.795e-05
5.95 2.31e-05
5.9667 2.945e-05
5.9833 3.733e-05
6.0 4.617e-05
6.0167 5.707e-05
6.0333 6.974e-05
6.05 8.509e-05
6.0667 0.0001015
6.0833 0.0001208
6.1 0.0001429
6.1167 0.0001678
6.1333 0.0001957
6.15 0.0002279
6.1667 0.0002662
6.1833 0.000297
6.2 0.0003448
6.2167 0.0003818
6.2333 0.0004258
6.25 0.0004782
6.2667 0.0005403
6.2833 0.0006006
6.3 0.0006602
6.3167 0.0007238
6.3333 0.0007911
6.35 0.000862
6.3667 0.0009365
6.3833 0.001014
6.4 0.001096
6.4167 0.001181
6.4333 0.001269
6.45 0.00136
6.4667 0.001456
6.4833 0.001554
6.5 0.001657
6.5167 0.001763
6.5333 0.001872
6.55 0.001986
6.5667 0.002103
6.5833 0.002224
6.6 0.002349
6.6167 0.002478
6.6333 0.002611
6.65 0.002748
6.6667 0.002889
6.6833 0.003035
6.7 0.003185
6.7167 0.00334
6.7333 0.003499
6.75 0.003663
6.7667 0.003831
6.7833 0.004005
6.8 0.004183
6.8167 0.004366
6.8333 0.004555
6.85 0.004749
6.8667 0.004948
6.8833 0.005152
6.9 0.005362
6.9167 0.005577
6.9333 0.005798
6.95 0.006025
6.9667 0.006258
6.9833 0.006497
7.0 0.006741
7.0167 0.006992
7.0333 0.007249
7.05 0.007513
7.0667 0.007782
7.0833 0.008059
7.1 0.008341
7.1167 0.008631
7.1333 0.008927
7.15 0.009231
7.1667 0.009541
7.1833 0.009858
7.2 0.01018
7.2167 0.01051
7.2333 0.01085
7.25 0.0112
7.2667 0.01155
7.2833 0.01191
7.3 0.01228
7.3167 0.01266
7.3333 0.01304
7.35 0.01343
7.3667 0.01383
7.3833 0.01424
7.4 0.01466
7.4167 0.01508
7.4333 0.01551
7.45 0.01596
7.4667 0.0164
7.4833 0.01686
7.5 0.01733
7.5167 0.0178
7.5333 0.01828
7.55 0.01878
7.5667 0.01928
7.5833 0.01979
7.6 0.0203
7.6167 0.02083
7.6333 0.02137
7.65 0.02191
7.6667 0.02247
7.6833 0.02303
7.7 0.0236
7.7167 0.02418
7.7333 0.02477
7.75 0.02537
7.7667 0.02598
7.7833 0.0266
7.8 0.02723
7.8167 0.02787
7.8333 0.02851
7.85 0.02917
7.8667 0.02984
7.8833 0.03051
7.9 0.0312
7.9167 0.03189
7.9333 0.0326
7.95 0.03331
7.9667 0.03403
7.9833 0.03477
8.0 0.03551
8.0167 0.03626
8.0333 0.03703
8.05 0.0378
8.0667 0.03858
8.0833 0.03938
8.1 0.04018
8.1167 0.04099
8.1333 0.04181
8.15 0.04264
8.1667 0.04348
8.1833 0.04433
8.2 0.04519
8.2167 0.04606
8.2333 0.04695
8.25 0.04784
8.2667 0.04874
8.2833 0.04964
8.3 0.05056
8.3167 0.05149
8.3333 0.05243
8.35 0.05338
8.3667 0.05434
8.3833 0.0553
8.4 0.05628
8.4167 0.05727
8.4333 0.05826
8.45 0.05927
8.4667 0.06029
8.4833 0.06131
8.5 0.06234
8.5167 0.06339
8.5333 0.06444
8.55 0.0655
8.5667 0.06657
8.5833 0.06765
8.6 0.06874
8.6167 0.06984
8.6333 0.07095
8.65 0.07206
8.6667 0.07319
8.6833 0.07432
8.7 0.07547
8.7167 0.07662
8.7333 0.07778
8.75 0.07895
8.7667 0.08012
8.7833 0.08131
8.8 0.08251
8.8167 0.08371
8.8333 0.08492
8.85 0.08614
8.8667 0.08737
8.8833 0.0886
8.9 0.08984
8.9167 0.09109
8.9333 0.09235
8.95 0.09362
8.9667 0.09489
8.9833 0.09618
9.0 0.09747
9.0167 0.09875
9.0333 0.1001
9.05 0.1014
9.0667 0.1027
9.0833 0.104
9.1 0.1054
9.1167 0.1067
9.1333 0.108
9.15 0.1094
9.1667 0.1108
9.1833 0.1121
9.2 0.1135
9.2167 0.1149
9.2333 0.1162
9.25 0.1177
9.2667 0.119
9.2833 0.1205
9.3 0.1218
9.3167 0.1233
9.3333 0.1247
9.35 0.1261
9.3667 0.1276
9.3833 0.129
9.4 0.1304
9.4167 0.1319
9.4333 0.1333
9.45 0.1348
9.4667 0.1363
9.4833 0.1377
9.5 0.1392
9.5167 0.1406
9.5333 0.1421
9.55 0.1435
9.5667 0.1451
9.5833 0.1466
9.6 0.1481
9.6167 0.1496
9.6333 0.1511
9.65 0.1526
9.6667 0.1541
9.6833 0.1556
9.7 0.157
9.7167 0.1586
9.7333 0.1602
9.75 0.1617
9.7667 0.1632
9.7833 0.1647
9.8 0.1662
9.8167 0.1678
9.8333 0.1693
9.85 0.1708
9.8667 0.1724
9.8833 0.1739
9.9 0.1754
9.9167 0.177
9.9333 0.1785
9.95 0.1801
9.9667 0.1816
9.9833 0.1831
10.0 0.1847
10.0167 0.1862
10.0333 0.1878
10.05 0.1893
10.0667 0.1909
10.0833 0.1924
10.1 0.1939
10.1167 0.1955
10.1333 0.197
10.15 0.1986
10.1667 0.2001
10.1833 0.2016
10.2 0.2032
10.2167 0.2047
10.2333 0.2062
10.25 0.2078
10.2667 0.2093
10.2833 0.2108
10.3 0.2124
10.3167 0.2139
10.3333 0.2154
10.35 0.2169
10.3667 0.2184
10.3833 0.22
10.4 0.2215
10.4167 0.223
10.4333 0.2245
10.45 0.226
10.4667 0.2275
10.4833 0.229
10.5 0.2305
10.5167 0.2319
10.5333 0.2334
10.55 0.2349
10.5667 0.2364
10.5833 0.2378
10.6 0.2393
10.6167 0.2407
10.6333 0.2422
10.65 0.2437
10.6667 0.2451
10.6833 0.2465
10.7 0.248
10.7167 0.2494
10.7333 0.2508
10.75 0.2523
10.7667 0.2537
10.7833 0.255
10.8 0.2564
10.8167 0.2579
10.8333 0.2592
10.85 0.2606
10.8667 0.262
10.8833 0.2634
10.9 0.2647
10.9167 0.2661
10.9333 0.2674
10.95 0.2687
10.9667 0.2701
10.9833 0.2714
11.0 0.2727
11.0167 0.274
11.0333 0.2753
11.05 0.2766
11.0667 0.2779
11.0833 0.2792
11.1 0.2804
11.1167 0.2817
11.1333 0.2829
11.15 0.2842
11.1667 0.2854
11.1833 0.2866
11.2 0.2878
11.2167 0.289
11.2333 0.2902
11.25 0.2914
11.2667 0.2926
11.2833 0.2937
11.3 0.2948
11.3167 0.296
11.3333 0.2971
11.35 0.2983
11.3667 0.2993
11.3833 0.3003
11.4 0.3015
11.4167 0.3026
11.4333 0.3037
11.45 0.3046
11.4667 0.3058
11.4833 0.3068
11.5 0.3079
11.5167 0.3088
11.5333 0.3099
11.55 0.3108
11.5667 0.3118
11.5833 0.3128
11.6 0.3137
11.6167 0.3147
11.6333 0.3156
11.65 0.3163
11.6667 0.3174
11.6833 0.3183
11.7 0.3192
11.7167 0.3201
11.7333 0.3209
11.75 0.3217
11.7667 0.3226
11.7833 0.3234
11.8 0.3242
11.8167 0.3247
11.8333 0.3258
11.85 0.3265
11.8667 0.3273
11.8833 0.328
11.9 0.3287
11.9167 0.3294
11.9333 0.3301
11.95 0.3308
11.9667 0.3315
11.9833 0.3321
12.0 0.3328
12.0167 0.3334
12.0333 0.3339
12.05 0.3346
12.0667 0.3352
12.0833 0.3358
12.1 0.3363
12.1167 0.3369
12.1333 0.3374
12.15 0.3379
12.1667 0.3384
12.1833 0.3389
12.2 0.3394
12.2167 0.3398
12.2333 0.3403
12.25 0.3407
12.2667 0.3411
12.2833 0.3413
12.3 0.3417
12.3167 0.3422
12.3333 0.3426
12.35 0.3429
12.3667 0.3429
12.3833 0.3435
12.4 0.3439
12.4167 0.3442
12.4333 0.3444
12.45 0.3447
12.4667 0.3449
12.4833 0.3451
12.5 0.3453
12.5167 0.3455
12.5333 0.3457
12.55 0.3459
12.5667 0.346
12.5833 0.3461
12.6 0.3463
12.6167 0.3464
12.6333 0.3464
12.65 0.3465
12.6667 0.3466
12.6833 0.3466
12.7 0.3466
12.7167 0.3466
12.7333 0.3466
12.75 0.3466
12.7667 0.3466
12.7833 0.3465
12.8 0.3464
12.8167 0.3463
12.8333 0.3462
12.85 0.3461
12.8667 0.346
12.8833 0.3459
12.9 0.3457
12.9167 0.3455
12.9333 0.3453
12.95 0.3451
12.9667 0.3449
12.9833 0.3447
13.0 0.3444
13.0167 0.3442
13.0333 0.3439
13.05 0.3434
13.0667 0.3429
13.0833 0.3429
13.1 0.3426
13.1167 0.3422
13.1333 0.3417
13.15 0.3413
13.1667 0.3411
13.1833 0.3407
13.2 0.3402
13.2167 0.3398
13.2333 0.3393
13.25 0.3389
13.2667 0.3384
13.2833 0.3379
13.3 0.3374
13.3167 0.3368
13.3333 0.3363
13.35 0.3357
13.3667 0.3352
13.3833 0.3346
13.4 0.3339
13.4167 0.3334
13.4333 0.3327
13.45 0.3321
13.4667 0.3314
13.4833 0.3308
13.5 0.3301
13.5167 0.3294
13.5333 0.3287
13.55 0.328
13.5667 0.3272
13.5833 0.3265
13.6 0.3257
13.6167 0.3246
13.6333 0.3241
13.65 0.3233
13.6667 0.3225
13.6833 0.3217
13.7 0.3208
13.7167 0.32
13.7333 0.3191
13.75 0.3182
13.7667 0.3173
13.7833 0.3162
13.8 0.3155
13.8167 0.3146
13.8333 0.3137
13.85 0.3127
13.8667 0.3117
13.8833 0.3108
13.9 0.3098
13.9167 0.3087
13.9333 0.3078
13.95 0.3067
13.9667 0.3057
13.9833 0.3044
14.0 0.3036
14.0167 0.3025
14.0333 0.3014
14.05 0.3002
14.0667 0.2991
14.0833 0.2982
14.1 0.297
14.1167 0.2959
14.1333 0.2947
14.15 0.2936
14.1667 0.2924
14.1833 0.2912
14.2 0.2901
14.2167 0.2889
14.2333 0.2877
14.25 0.2865
14.2667 0.2853
14.2833 0.284
14.3 0.2828
14.3167 0.2816
14.3333 0.2802
14.35 0.279
14.3667 0.2778
14.3833 0.2765
14.4 0.2752
14.4167 0.2739
14.4333 0.2726
14.45 0.2713
14.4667 0.27
14.4833 0.2686
14.5 0.2673
14.5167 0.2659
14.5333 0.2646
14.55 0.2632
14.5667 0.2619
14.5833 0.2605
14.6 0.2591
14.6167 0.2577
14.6333 0.2563
14.65 0.2549
14.6667 0.2535
14.6833 0.2521
14.7 0.2507
14.7167 0.2493
14.7333 0.2478
14.75 0.2462
14.7667 0.245
14.7833 0.2435
14.8 0.2421
14.8167 0.2406
14.8333 0.2392
14.85 0.2377
14.8667 0.2362
14.8833 0.2346
14.9 0.2333
14.9167 0.2318
14.9333 0.2303
14.95 0.2288
14.9667 0.2273
14.9833 0.2258
15.0 0.2243
15.0167 0.2228
15.0333 0.2213
15.05 0.2198
15.0667 0.2183
15.0833 0.2168
15.1 0.2152
15.1167 0.2137
15.1333 0.2122
15.15 0.2107
15.1667 0.2091
15.1833 0.2076
15.2 0.2061
15.2167 0.2045
15.2333 0.203
15.25 0.2015
15.2667 0.1999
15.2833 0.1983
15.3 0.1968
15.3167 0.1952
15.3333 0.1937
15.35 0.1922
15.3667 0.1907
15.3833 0.1891
15.4 0.1876
15.4167 0.1861
15.4333 0.1845
15.45 0.183
15.4667 0.1813
15.4833 0.1799
15.5 0.1783
15.5167 0.1768
15.5333 0.1753
15.55 0.1737
15.5667 0.1722
15.5833 0.1707
15.6 0.1691
15.6167 0.1676
15.6333 0.1661
15.65 0.1645
15.6667 0.163
15.6833 0.1615
15.7 0.16
15.7167 0.1584
15.7333 0.1569
15.75 0.1554
15.7667 0.1539
15.7833 0.1524
15.8 0.1509
15.8167 0.1493
15.8333 0.1479
15.85 0.1464
15.8667 0.1449
15.8833 0.1434
15.9 0.1419
15.9167 0.1404
15.9333 0.139
15.95 0.1375
15.9667 0.1361
15.9833 0.1346
16.0 0.1331
16.0167 0.1317
16.0333 0.1302
16.05 0.1288
16.0667 0.1274
16.0833 0.1259
16.1 0.1245
16.1167 0.1231
16.1333 0.1217
16.15 0.1203
16.1667 0.1189
16.1833 0.1175
16.2 0.1161
16.2167 0.1147
16.2333 0.1133
16.25 0.1119
16.2667 0.1106
16.2833 0.1092
16.3 0.1079
16.3167 0.1065
16.3333 0.1052
16.35 0.1038
16.3667 0.1025
16.3833 0.1012
16.4 0.09988
16.4167 0.09858
16.4333 0.09727
16.45 0.09599
16.4667 0.09471
16.4833 0.09344
16.5 0.09216
16.5167 0.0909
16.5333 0.08966
16.55 0.08842
16.5667 0.08718
16.5833 0.08596
16.6 0.08474
16.6167 0.08353
16.6333 0.08233
16.65 0.08113
16.6667 0.07995
16.6833 0.07877
16.7 0.0776
16.7167 0.07644
16.7333 0.07529
16.75 0.07415
16.7667 0.07301
16.7833 0.07189
16.8 0.07077
16.8167 0.06967
16.8333 0.06857
16.85 0.06748
16.8667 0.0664
16.8833 0.06533
16.9 0.06427
16.9167 0.06322
16.9333 0.06218
16.95 0.06114
16.9667 0.06012
16.9833 0.05911
17.0 0.0581
17.0167 0.05711
17.0333 0.05612
17.05 0.05514
17.0667 0.05418
17.0833 0.05322
17.1 0.05227
17.1167 0.05133
17.1333 0.05041
17.15 0.04949
17.1667 0.04858
17.1833 0.04768
17.2 0.04679
17.2167 0.04591
17.2333 0.04504
17.25 0.04418
17.2667 0.04334
17.2833 0.0425
17.3 0.04166
17.3167 0.04084
17.3333 0.04003
17.35 0.03923
17.3667 0.03844
17.3833 0.03766
17.4 0.03689
17.4167 0.03613
17.4333 0.03538
17.45 0.03463
17.4667 0.0339
17.4833 0.03318
17.5 0.03246
17.5167 0.03176
17.5333 0.03107
17.55 0.03038
17.5667 0.02971
17.5833 0.02904
17.6 0.02839
17.6167 0.02774
17.6333 0.02711
17.65 0.02648
17.6667 0.02586
17.6833 0.02525
17.7 0.02466
17.7167 0.02407
17.7333 0.02349
17.75 0.02292
17.7667 0.02235
17.7833 0.0218
17.8 0.02126
17.8167 0.02072
17.8333 0.0202
17.85 0.01968
17.8667 0.01917
17.8833 0.01867
17.9 0.01818
17.9167 0.0177
17.9333 0.01723
17.95 0.01676
17.9667 0.01631
17.9833 0.01586
18.0 0.01542
18.0167 0.01499
18.0333 0.01457
18.05 0.01415
18.0667 0.01375
18.0833 0.01335
18.1 0.01296
18.1167 0.01258
18.1333 0.0122
18.15 0.01183
18.1667 0.01147
18.1833 0.01112
18.2 0.01078
18.2167 0.01044
18.2333 0.01011
18.25 0.009785
18.2667 0.009469
18.2833 0.009161
18.3 0.008859
18.3167 0.008564
18.3333 0.008275
18.35 0.007993
18.3667 0.007718
18.3833 0.00745
18.4 0.007188
18.4167 0.006932
18.4333 0.006682
18.45 0.006439
18.4667 0.006201
18.4833 0.00597
18.5 0.005744
18.5167 0.005524
18.5333 0.00531
18.55 0.005101
18.5667 0.004898
18.5833 0.0047
18.6 0.004507
18.6167 0.00432
18.6333 0.004137
18.65 0.00396
18.6667 0.003788
18.6833 0.00362
18.7 0.003457
18.7167 0.003299
18.7333 0.003146
18.75 0.002996
18.7667 0.002852
18.7833 0.002711
18.8 0.002575
18.8167 0.002443
18.8333 0.002315
18.85 0.002191
18.8667 0.002071
18.8833 0.001955
18.9 0.001842
18.9167 0.001733
18.9333 0.001628
18.95 0.001527
18.9667 0.001429
18.9833 0.001334
19.0 0.001243
19.0167 0.001156
19.0333 0.001072
19.05 0.0009918
19.0667 0.0009148
19.0833 0.0008412
19.1 0.0007712
19.1167 0.0007049
19.1333 0.0006423
19.15 0.0005839
19.1667 0.0005209
19.1833 0.0004616
19.2 0.0004118
19.2167 0.00037
19.2333 0.0003274
19.25 0.0002867
19.2667 0.0002497
19.2833 0.0002202
19.3 0.0001882
19.3167 0.0001605
19.3333 0.0001364
19.35 0.0001153
19.3667 9.71e-05
19.3833 7.948e-05
19.4 6.553e-05
19.4167 5.355e-05
19.4333 4.322e-05
19.45 3.438e-05
19.4667 2.727e-05
19.4833 2.157e-05
19.5 1.672e-05
19.5167 1.267e-05
19.5333 9.489e-06
19.55 7.041e-06
19.5667 5.162e-06
19.5833 3.583e-06
19.6 2.467e-06
19.6167 1.575e-06
19.6333 9.743e-07
19.65 5.862e-07
19.6667 3.448e-07
19.6833 1.942e-07
19.7 1.004e-07
19.7167 4.413e-08
19.7333 1.462e-08
19.75 2.175e-09
19.7667 1.579e-10
19.7833 3.866e-12
19.8 2.781e-14
19.8167 2.927e-17
19.8333 0.0
19.85 0.0
19.8667 0.0
19.8833 0.0
19.9 0.0
19.9167 0.0
19.9333 0.0
19.95 0.0
19.9667 0.0
19.9833 0.0
20.0 0.0
20.0167 0.0
20.0333 0.0
20.05 0.0
20.0667 0.0
20.0833 0.0
20.1 0.0
20.1167 0.0
20.1333 0.0
20.15 0.0
20.1667 0.0
20.1833 0.0
20.2 0.0
20.2167 0.0
20.2333 0.0
20.25 0.0
20.2667 0.0
20.2833 0.0
20.3 0.0
20.3167 0.0
20.3333 0.0
20.35 0.0
20.3667 0.0
20.3833 0.0
20.4 0.0
20.4167 0.0
20.4333 0.0
20.45 0.0
20.4667 0.0
20.4833 0.0
20.5 0.0
20.5167 0.0
20.5333 0.0
20.55 0.0
20.5667 0.0
20.5833 0.0
20.6 0.0
20.6167 0.0
20.6333 0.0
20.65 0.0
20.6667 0.0
20.6833 0.0
20.7 0.0
20.7167 0.0
20.7333 0.0
20.75 0.0
20.7667 0.0
20.7833 0.0
20.8 0.0
20.8167 0.0
20.8333 0.0
20.85 0.0
20.8667 0.0
20.8833 0.0
20.9 0.0
20.9167 0.0
20.9333 0.0
20.95 0.0
20.9667 0.0
20.9833 0.0
21.0 0.0
21.0167 0.0
21.0333 0.0
21.05 0.0
21.0667 0.0
21.0833 0.0
21.1 0.0
21.1167 0.0
21.1333 0.0
21.15 0.0
21.1667 0.0
21.1833 0.0
21.2 0.0
21.2167 0.0
21.2333 0.0
21.25 0.0
21.2667 0.0
21.2833 0.0
21.3 0.0
21.3167 0.0
21.3333 0.0
21.35 0.0
21.3667 0.0
21.3833 0.0
21.4 0.0
21.4167 0.0
21.4333 0.0
21.45 0.0
21.4667 0.0
21.4833 0.0
21.5 0.0
21.5167 0.0
21.5333 0.0
21.55 0.0
21.5667 0.0
21.5833 0.0
21.6 0.0
21.6167 0.0
21.6333 0.0
21.65 0.0
21.6667 0.0
21.6833 0.0
21.7 0.0
21.7167 0.0
21.7333 0.0
21.75 0.0
21.7667 0.0
21.7833 0.0
21.8 0.0
21.8167 0.0
21.8333 0.0
21.85 0.0
21.8667 0.0
21.8833 0.0
21.9 0.0
21.9167 0.0
21.9333 0.0
21.95 0.0
21.9667 0.0
21.9833 0.0
22.0 0.0
22.0167 0.0
22.0333 0.0
22.05 0.0
22.0667 0.0
22.0833 0.0
22.1 0.0
22.1167 0.0
22.1333 0.0
22.15 0.0
22.1667 0.0
22.1833 0.0
22.2 0.0
22.2167 0.0
22.2333 0.0
22.25 0.0
22.2667 0.0
22.2833 0.0
22.3 0.0
22.3167 0.0
22.3333 0.0
22.35 0.0
22.3667 0.0
22.3833 0.0
22.4 0.0
22.4167 0.0
22.4333 0.0
22.45 0.0
22.4667 0.0
22.4833 0.0
22.5 0.0
22.5167 0.0
22.5333 0.0
22.55 0.0
22.5667 0.0
22.5833 0.0
22.6 0.0
22.6167 0.0
22.6333 0.0
22.65 0.0
22.6667 0.0
22.6833 0.0
22.7 0.0
22.7167 0.0
22.7333 0.0
22.75 0.0
22.7667 0.0
22.7833 0.0
22.8 0.0
22.8167 0.0
22.8333 0.0
22.85 0.0
22.8667 0.0
22.8833 0.0
22.9 0.0
22.9167 0.0
22.9333 0.0
22.95 0.0
22.9667 0.0
22.9833 0.0
23.0 0.0
23.0167 0.0
23.0333 0.0
23.05 0.0
23.0667 0.0
23.0833 0.0
23.1 0.0
23.1167 0.0
23.1333 0.0
23.15 0.0
23.1667 0.0
23.1833 0.0
23.2 0.0
23.2167 0.0
23.2333 0.0
23.25 0.0
23.2667 0.0
23.2833 0.0
23.3 0.0
23.3167 0.0
23.3333 0.0
23.35 0.0
23.3667 0.0
23.3833 0.0
23.4 0.0
23.4167 0.0
23.4333 0.0
23.45 0.0
23.4667 0.0
23.4833 0.0
23.5 0.0
23.5167 0.0
23.5333 0.0
23.55 0.0
23.5667 0.0
23.5833 0.0
23.6 0.0
23.6167 0.0
23.6333 0.0
23.65 0.0
23.6667 0.0
23.6833 0.0
23.7 0.0
23.7167 0.0
23.7333 0.0
23.75 0.0
23.7667 0.0
23.7833 0.0
23.8 0.0
23.8167 0.0
23.8333 0.0
23.85 0.0
23.8667 0.0
23.8833 0.0
23.9 0.0
23.9167 0.0
23.9333 0.0
23.95 0.0
23.9667 0.0
23.9833 0.0
