0.0 0.0
0.0167 0.0
0.0333 0.0
0.05 0.0
0.0667 0.0
0.0833 0.0
0.1 0.0
0.1167 0.0
0.1333 0.0
0.15 0.0
0.1667 0.0
0.1833 0.0
0.2 0.0
0.2167 0.0
0.2333 0.0
0.25 0.0
0.2667 0.0
0.2833 0.0
0.3 0.0
0.3167 0.0
0.3333 0.0
0.35 0.0
0.3667 0.0
0.3833 0.0
0.4 0.0
0.4167 0.0
0.4333 0.0
0.45 0.0
0.4667 0.0
0.4833 0.0
0.5 0.0
0.5167 0.0
0.5333 0.0
0.55 0.0
0.5667 0.0
0.5833 0.0
0.6 0.0
0.6167 0.0
0.6333 0.0
0.65 0.0
0.6667 0.0
0.6833 0.0
0.7 0.0
0.7167 0.0
0.7333 0.0
0.75 0.0
0.7667 0.0
0.7833 0.0
0.8 0.0
0.8167 0.0
0.8333 0.0
0.85 0.0
0.8667 0.0
0.8833 0.0
0.9 0.0
0.9167 0.0
0.9333 0.0
0.95 0.0
0.9667 0.0
0.9833 0.0
1.0 0.0
1.0167 0.0
1.0333 0.0
1.05 0.0
1.0667 0.0
1.0833 0.0
1.1 0.0
1.1167 0.0
1.1333 0.0
1.15 0.0
1.1667 0.0
1.1833 0.0
1.2 0.0
1.2167 0.0
1.2333 0.0
1.25 0.0
1.2667 0.0
1.2833 0.0
1.3 0.0
1.3167 0.0
1.3333 0.0
1.35 0.0
1.3667 0.0
1.3833 0.0
1.4 0.0
1.4167 0.0
1.4333 0.0
1.45 0.0
1.4667 0.0
1.4833 0.0
1.5 0.0
1.5167 0.0
1.5333 0.0
1.55 0.0
1.5667 0.0
1.5833 0.0
1.6 0.0
1.6167 0.0
1.6333 0.0
1.65 0.0
1.6667 0.0
1.6833 0.0
1.7 0.0
1.7167 0.0
1.7333 0.0
1.75 0.0
1.7667 0.0
1.7833 0.0
1.8 0.0
1.8167 0.0
1.8333 0.0
1.85 0.0
1.8667 0.0
1.8833 0.0
1.9 0.0
1.9167 0.0
1.9333 0.0
1.95 0.0
1.9667 0.0
1.9833 0.0
2.0 0.0
2.0167 0.0
2.0333 0.0
2.05 0.0
2.0667 0.0
2.0833 0.0
2.1 0.0
2.1167 0.0
2.1333 0.0
2.15 0.0
2.1667 0.0
2.1833 0.0
2.2 0.0
2.2167 0.0
2.2333 0.0
2.25 0.0
2.2667 0.0
2.2833 0.0
2.3 0.0
2.3167 0.0
2.3333 0.0
2.35 0.0
2.3667 0.0
2.3833 0.0
2.4 0.0
2.4167 0.0
2.4333 0.0
2.45 0.0
2.4667 0.0
2.4833 0.0
2.5 0.0
2.5167 0.0
2.5333 0.0
2.55 0.0
2.5667 0.0
2.5833 0.0
2.6 0.0
2.6167 0.0
2.6333 0.0
2.65 0.0
2.6667 0.0
2.6833 0.0
2.7 0.0
2.7167 0.0
2.7333 0.0
2.75 0.0
2.7667 0.0
2.7833 0.0
2.8 0.0
2.8167 0.0
2.8333 0.0
2.85 0.0
2.8667 0.0
2.8833 0.0
2.9 0.0
2.9167 0.0
2.9333 0.0
2.95 0.0
2.9667 0.0
2.9833 0.0
3.0 0.0
3.0167 0.0
3.0333 0.0
3.05 0.0
3.0667 0.0
3.0833 0.0
3.1 0.0
3.1167 0.0
3.1333 0.0
3.15 0.0
3.1667 0.0
3.1833 0.0
3.2 0.0
3.2167 0.0
3.2333 0.0
3.25 0.0
3.2667 0.0
3.2833 0.0
3.3 0.0
3.3167 0.0
3.3333 0.0
3.35 0.0
3.3667 0.0
3.3833 0.0
3.4 0.0
3.4167 0.0
3.4333 0.0
3.45 0.0
3.4667 0.0
3.4833 0.0
3.5 0.0
3.5167 0.0
3.5333 0.0
3.55 0.0
3.5667 0.0
3.5833 0.0
3.6 0.0
3.6167 0.0
3.6333 0.0
3.65 0.0
3.6667 0.0
3.6833 0.0
3.7 0.0
3.7167 0.0
3.7333 0.0
3.75 0.0
3.7667 0.0
3.7833 0.0
3.8 0.0
3.8167 0.0
3.8333 0.0
3.85 0.0
3.8667 0.0
3.8833 0.0
3.9 0.0
3.9167 0.0
3.9333 0.0
3.95 0.0
3.9667 0.0
3.9833 0.0
4.0 0.0
4.0167 0.0
4.0333 0.0
4.05 0.0
4.0667 0.0
4.0833 0.0
4.1 0.0
4.1167 0.0
4.1333 0.0
4.15 0.0
4.1667 0.0
4.1833 0.0
4.2 0.0
4.2167 0.0
4.2333 0.0
4.25 0.0
4.2667 0.0
4.2833 0.0
4.3 0.0
4.3167 0.0
4.3333 0.0
4.35 0.0
4.3667 0.0
4.3833 0.0
4.4 0.0
4.4167 0.0
4.4333 0.0
4.45 0.0
4.4667 0.0
4.4833 0.0
4.5 0.0
4.5167 0.0
4.5333 0.0
4.55 0.0
4.5667 0.0
4.5833 0.0
4.6 0.0
4.6167 0.0
4.6333 0.0
4.65 0.0
4.6667 0.0
4.6833 0.0
4.7 0.0
4.7167 0.0
4.7333 0.0
4.75 0.0
4.7667 0.0
4.7833 0.0
4.8 0.0
4.8167 0.0
4.8333 0.0
4.85 0.0
4.8667 0.0
4.8833 0.0
4.9 0.0
4.9167 0.0
4.9333 0.0
4.95 0.0
4.9667 0.0
4.9833 0.0
5.0 0.0
5.0167 0.0
5.0333 0.0
5.05 0.0
5.0667 0.0
5.0833 0.0
5.1 0.0
5.1167 0.0
5.1333 0.0
5.15 0.0
5.1667 0.0
5.1833 0.0
5.2 0.0
5.2167 0.0
5.2333 0.0
5.25 0.0
5.2667 0.0
5.2833 0.0
5.3 0.0
5.3167 0.0
5.3333 0.0
5.35 0.0
5.3667 0.0
5.3833 0.0
5.4 0.0
5.4167 0.0
5.4333 0.0
5.45 0.0
5.4667 0.0
5.4833 0.0
5.5 0.0
5.5167 0.0
5.5333 0.0
5.55 0.0
5.5667 0.0
5.5833 0.0
5.6 0.0
5.6167 0.0
5.6333 0.0
5.65 0.0
5.6667 0.0
5.6833 0.0
5.7 0.0
5.7167 0.0
5.7333 0.0
5.75 0.0
5.7667 3.111e-17
5.7833 3.98e-14
5.8 7.102e-12
5.8167 2.479e-10
5.8333 3.639e-09
5.85 2.125e-08
5.8667 5.977e-08
5.8833 1.33e-07
5.9 2.591e-07
5.9167 4.608e-07
5.9333 7.992e-07
5.95 1.351e-06
5.9667 2.188e-06
5.9833 3.306e-06
6.0 4.862e-06
6.0167 6.867e-06
6.0333 9.478e-06
6.05 1.271e-05
6.0667 1.688e-05
6.0833 2.214e-05
6.1 2.858e-05
6.1167 3.643e-05
6.1333 4.611e-05
6.15 5.819e-05
6.1667 7.095e-05
6.1833 8.815e-05
6.2 0.0001057
6.2167 0.0001266
6.2333 0.0001508
6.25 0.0001781
6.2667 0.0002087
6.2833 0.0002436
6.3 0.0002849
6.3167 0.0003211
6.3333 0.0003717
6.35 0.0004143
6.3667 0.0004653
6.3833 0.0005264
6.4 0.0005969
6.4167 0.0006593
6.4333 0.0007265
6.45 0.0007981
6.4667 0.0008737
6.4833 0.0009534
6.5 0.001037
6.5167 0.001124
6.5333 0.001216
6.55 0.001311
6.5667 0.001411
6.5833 0.001514
6.6 0.001621
6.6167 0.001732
6.6333 0.001848
6.65 0.001967
6.6667 0.002091
6.6833 0.002219
6.7 0.002352
6.7167 0.002489
6.7333 0.00263
6.75 0.002777
6.7667 0.002928
6.7833 0.003083
6.8 0.003244
6.8167 0.00341
6.8333 0.003581
6.85 0.003757
6.8667 0.003938
6.8833 0.004125
6.9 0.004317
6.9167 0.004515
6.9333 0.004719
6.95 0.004929
6.9667 0.005144
6.9833 0.005366
7.0 0.005594
7.0167 0.005828
7.0333 0.006068
7.05 0.006315
7.0667 0.006569
7.0833 0.006829
7.1 0.007096
7.1167 0.007371
7.1333 0.007652
7.15 0.00794
7.1667 0.008235
7.1833 0.008538
7.2 0.008849
7.2167 0.009166
7.2333 0.009492
7.25 0.009825
7.2667 0.01017
7.2833 0.01052
7.3 0.01087
7.3167 0.01124
7.3333 0.01161
7.35 0.01199
7.3667 0.01238
7.3833 0.01278
7.4 0.01319
7.4167 0.01361
7.4333 0.01403
7.45 0.01446
7.4667 0.01491
7.4833 0.01536
7.5 0.01582
7.5167 0.01629
7.5333 0.01677
7.55 0.01726
7.5667 0.01775
7.5833 0.01826
7.6 0.01878
7.6167 0.01931
7.6333 0.01984
7.65 0.02039
7.6667 0.02094
7.6833 0.02151
7.7 0.02209
7.7167 0.02267
7.7333 0.02327
7.75 0.02387
7.7667 0.02449
7.7833 0.02512
7.8 0.02575
7.8167 0.0264
7.8333 0.02706
7.85 0.02773
7.8667 0.0284
7.8833 0.02909
7.9 0.02979
7.9167 0.0305
7.9333 0.03122
7.95 0.03195
7.9667 0.0327
7.9833 0.03345
8.0 0.03421
8.0167 0.03499
8.0333 0.03577
8.05 0.03657
8.0667 0.03737
8.0833 0.03819
8.1 0.03902
8.1167 0.03986
8.1333 0.04071
8.15 0.04157
8.1667 0.04244
8.1833 0.04332
8.2 0.04421
8.2167 0.04511
8.2333 0.04603
8.25 0.04695
8.2667 0.04789
8.2833 0.04884
8.3 0.04979
8.3167 0.05076
8.3333 0.05174
8.35 0.05273
8.3667 0.05373
8.3833 0.05474
8.4 0.05576
8.4167 0.0568
8.4333 0.05784
8.45 0.05889
8.4667 0.05995
8.4833 0.06103
8.5 0.06211
8.5167 0.06321
8.5333 0.06431
8.55 0.06543
8.5667 0.06655
8.5833 0.06769
8.6 0.06884
8.6167 0.06999
8.6333 0.07116
8.65 0.07233
8.6667 0.07352
8.6833 0.07472
8.7 0.07592
8.7167 0.07714
8.7333 0.07836
8.75 0.0796
8.7667 0.08084
8.7833 0.08209
8.8 0.08335
8.8167 0.08463
8.8333 0.08591
8.85 0.0872
8.8667 0.0885
8.8833 0.08981
8.9 0.09112
8.9167 0.09245
8.9333 0.09378
8.95 0.09512
8.9667 0.09646
8.9833 0.09783
9.0 0.09918
9.0167 0.1006
9.0333 0.102
9.05 0.1034
9.0667 0.1047
9.0833 0.1061
9.1 0.1076
9.1167 0.109
9.1333 0.1104
9.15 0.1119
9.1667 0.1133
9.1833 0.1148
9.2 0.1162
9.2167 0.1177
9.2333 0.1192
9.25 0.1206
9.2667 0.1221
9.2833 0.1236
9.3 0.1251
9.3167 0.1266
9.3333 0.1282
9.35 0.1296
9.3667 0.1312
9.3833 0.1327
9.4 0.1343
9.4167 0.1358
9.4333 0.1373
9.45 0.1389
9.4667 0.1404
9.4833 0.142
9.5 0.1436
9.5167 0.1451
9.5333 0.1467
9.55 0.1483
9.5667 0.1499
9.5833 0.1515
9.6 0.153
9.6167 0.1547
9.6333 0.1562
9.65 0.1579
9.6667 0.1595
9.6833 0.1611
9.7 0.1627
9.7167 0.1643
9.7333 0.1659
9.75 0.1675
9.7667 0.1692
9.7833 0.1708
9.8 0.1724
9.8167 0.174
9.8333 0.1757
9.85 0.1773
9.8667 0.1789
9.8833 0.1806
9.9 0.1822
9.9167 0.1838
9.9333 0.1855
9.95 0.1871
9.9667 0.1888
9.9833 0.1904
10.0 0.192
10.0167 0.1937
10.0333 0.1953
10.05 0.197
10.0667 0.1985
10.0833 0.2003
10.1 0.2019
10.1167 0.2035
10.1333 0.2052
10.15 0.2068
10.1667 0.2084
10.1833 0.2101
10.2 0.2117
10.2167 0.2133
10.2333 0.2148
10.25 0.2166
10.2667 0.2182
10.2833 0.2198
10.3 0.2215
10.3167 0.2231
10.3333 0.2247
10.35 0.2263
10.3667 0.2279
10.3833 0.2295
10.4 0.2311
10.4167 0.2327
10.4333 0.2343
10.45 0.2359
10.4667 0.2375
10.4833 0.2391
10.5 0.2406
10.5167 0.242
10.5333 0.2438
10.55 0.2454
10.5667 0.2467
10.5833 0.2485
10.6 0.25
10.6167 0.2516
10.6333 0.2531
10.65 0.2546
10.6667 0.2562
10.6833 0.2577
10.7 0.2592
10.7167 0.2607
10.7333 0.2622
10.75 0.2637
10.7667 0.2652
10.7833 0.2666
10.8 0.2681
10.8167 0.2696
10.8333 0.271
10.85 0.2725
10.8667 0.2739
10.8833 0.2754
10.9 0.2767
10.9167 0.2782
10.9333 0.2796
10.95 0.281
10.9667 0.2824
10.9833 0.2838
11.0 0.2852
11.0167 0.2865
11.0333 0.2878
11.05 0.2892
11.0667 0.2906
11.0833 0.2919
11.1 0.2932
11.1167 0.2945
11.1333 0.2958
11.15 0.297
11.1667 0.2981
11.1833 0.2996
11.2 0.3009
11.2167 0.3021
11.2333 0.3034
11.25 0.3046
11.2667 0.3058
11.2833 0.307
11.3 0.3082
11.3167 0.3094
11.3333 0.3105
11.35 0.3114
11.3667 0.3129
11.3833 0.314
11.4 0.3151
11.4167 0.3162
11.4333 0.3173
11.45 0.3184
11.4667 0.3195
11.4833 0.3205
11.5 0.3216
11.5167 0.3226
11.5333 0.3236
11.55 0.3246
11.5667 0.3256
11.5833 0.3266
11.6 0.3275
11.6167 0.3285
11.6333 0.3295
11.65 0.3304
11.6667 0.3313
11.6833 0.332
11.7 0.3331
11.7167 0.3339
11.7333 0.3348
11.75 0.3355
11.7667 0.3365
11.7833 0.3373
11.8 0.3381
11.8167 0.3387
11.8333 0.3397
11.85 0.3401
11.8667 0.3411
11.8833 0.3419
11.9 0.3426
11.9167 0.3433
11.9333 0.3439
11.95 0.3446
11.9667 0.3453
11.9833 0.3458
12.0 0.3465
12.0167 0.3472
12.0333 0.3477
12.05 0.3483
12.0667 0.3489
12.0833 0.3494
12.1 0.35
12.1167 0.3505
12.1333 0.351
12.15 0.3514
12.1667 0.3517
12.1833 0.3524
12.2 0.3528
12.2167 0.3532
12.2333 0.3536
12.25 0.354
12.2667 0.3544
12.2833 0.3547
12.3 0.3551
12.3167 0.3554
12.3333 0.3557
12.35 0.356
12.3667 0.3562
12.3833 0.3565
12.4 0.3567
12.4167 0.357
12.4333 0.3572
12.45 0.3574
12.4667 0.3575
12.4833 0.3577
12.5 0.3578
12.5167 0.3579
12.5333 0.358
12.55 0.3581
12.5667 0.3582
12.5833 0.3583
12.6 0.3583
12.6167 0.3583
12.6333 0.3584
12.65 0.3583
12.6667 0.3583
12.6833 0.3583
12.7 0.3582
12.7167 0.3581
12.7333 0.358
12.75 0.3579
12.7667 0.3578
12.7833 0.3577
12.8 0.3575
12.8167 0.3574
12.8333 0.3572
12.85 0.357
12.8667 0.3567
12.8833 0.3565
12.9 0.3562
12.9167 0.356
12.9333 0.3557
12.95 0.3554
12.9667 0.3551
12.9833 0.3547
13.0 0.3544
13.0167 0.354
13.0333 0.3536
13.05 0.3532
13.0667 0.3528
13.0833 0.3524
13.1 0.3517
13.1167 0.3514
13.1333 0.351
13.15 0.3505
13.1667 0.35
13.1833 0.3494
13.2 0.3489
13.2167 0.3483
13.2333 0.3478
13.25 0.3472
13.2667 0.3465
13.2833 0.3458
13.3 0.3453
13.3167 0.3446
13.3333 0.3439
13.35 0.3433
13.3667 0.3426
13.3833 0.3419
13.4 0.3412
13.4167 0.3401
13.4333 0.3397
13.45 0.3387
13.4667 0.3381
13.4833 0.3373
13.5 0.3365
13.5167 0.3355
13.5333 0.3348
13.55 0.3339
13.5667 0.3331
13.5833 0.332
13.6 0.3313
13.6167 0.3304
13.6333 0.3295
13.65 0.3285
13.6667 0.3275
13.6833 0.3266
13.7 0.3256
13.7167 0.3246
13.7333 0.3236
13.75 0.3226
13.7667 0.3216
13.7833 0.3205
13.8 0.3195
13.8167 0.3184
13.8333 0.3173
13.85 0.3162
13.8667 0.3151
13.8833 0.314
13.9 0.3129
13.9167 0.3114
13.9333 0.3105
13.95 0.3094
13.9667 0.3082
13.9833 0.307
14.0 0.3058
14.0167 0.3046
14.0333 0.3034
14.05 0.3022
14.0667 0.3009
14.0833 0.2997
14.1 0.2981
14.1167 0.297
14.1333 0.2958
14.15 0.2945
14.1667 0.2932
14.1833 0.2919
14.2 0.2906
14.2167 0.2892
14.2333 0.2878
14.25 0.2865
14.2667 0.2852
14.2833 0.2838
14.3 0.2824
14.3167 0.281
14.3333 0.2796
14.35 0.2782
14.3667 0.2767
14.3833 0.2754
14.4 0.2739
14.4167 0.2725
14.4333 0.271
14.45 0.2696
14.4667 0.2681
14.4833 0.2666
14.5 0.2652
14.5167 0.2637
14.5333 0.2622
14.55 0.2607
14.5667 0.2592
14.5833 0.2577
14.6 0.2562
14.6167 0.2546
14.6333 0.2531
14.65 0.2516
14.6667 0.25
14.6833 0.2485
14.7 0.2467
14.7167 0.2454
14.7333 0.2438
14.75 0.2421
14.7667 0.2406
14.7833 0.2391
14.8 0.2375
14.8167 0.2359
14.8333 0.2343
14.85 0.2327
14.8667 0.2311
14.8833 0.2295
14.9 0.2279
14.9167 0.2263
14.9333 0.2247
14.95 0.2231
14.9667 0.2215
14.9833 0.2198
15.0 0.2182
15.0167 0.2166
15.0333 0.2148
15.05 0.2132
15.0667 0.2117
15.0833 0.2101
15.1 0.2084
15.1167 0.2068
15.1333 0.2052
15.15 0.2035
15.1667 0.2019
15.1833 0.2002
15.2 0.1985
15.2167 0.1969
15.2333 0.1953
15.25 0.1937
15.2667 0.192
15.2833 0.1904
15.3 0.1887
15.3167 0.1871
15.3333 0.1855
15.35 0.1838
15.3667 0.1822
15.3833 0.1805
15.4 0.1789
15.4167 0.1773
15.4333 0.1756
15.45 0.174
15.4667 0.1724
15.4833 0.1708
15.5 0.1691
15.5167 0.1675
15.5333 0.1659
15.55 0.1643
15.5667 0.1627
15.5833 0.161
15.6 0.1594
15.6167 0.1578
15.6333 0.1562
15.65 0.1546
15.6667 0.153
15.6833 0.1514
15.7 0.1499
15.7167 0.1483
15.7333 0.1467
15.75 0.1451
15.7667 0.1435
15.7833 0.142
15.8 0.1403
15.8167 0.1389
15.8333 0.1373
15.85 0.1358
15.8667 0.1342
15.8833 0.1326
15.9 0.1311
15.9167 0.1296
15.9333 0.1281
15.95 0.1266
15.9667 0.1251
15.9833 0.1236
16.0 0.1221
16.0167 0.1206
16.0333 0.1191
16.05 0.1177
16.0667 0.1162
16.0833 0.1147
16.1 0.1133
16.1167 0.1118
16.1333 0.1104
16.15 0.109
16.1667 0.1075
16.1833 0.1061
16.2 0.1047
16.2167 0.1033
16.2333 0.1019
16.25 0.1005
16.2667 0.09915
16.2833 0.09778
16.3 0.09642
16.3167 0.09507
16.3333 0.09373
16.35 0.09239
16.3667 0.09106
16.3833 0.08975
16.4 0.08844
16.4167 0.08714
16.4333 0.08585
16.45 0.08457
16.4667 0.0833
16.4833 0.08203
16.5 0.08078
16.5167 0.07954
16.5333 0.0783
16.55 0.07707
16.5667 0.07586
16.5833 0.07465
16.6 0.07346
16.6167 0.07227
16.6333 0.0711
16.65 0.06993
16.6667 0.06877
16.6833 0.06763
16.7 0.06649
16.7167 0.06537
16.7333 0.06425
16.75 0.06314
16.7667 0.06205
16.7833 0.06097
16.8 0.05989
16.8167 0.05883
16.8333 0.05777
16.85 0.05673
16.8667 0.0557
16.8833 0.05468
16.9 0.05367
16.9167 0.05267
16.9333 0.05168
16.95 0.0507
16.9667 0.04973
16.9833 0.04877
17.0 0.04783
17.0167 0.04689
17.0333 0.04597
17.05 0.04505
17.0667 0.04415
17.0833 0.04326
17.1 0.04238
17.1167 0.0415
17.1333 0.04064
17.15 0.03979
17.1667 0.03896
17.1833 0.03813
17.2 0.03731
17.2167 0.0365
17.2333 0.03571
17.25 0.03493
17.2667 0.03415
17.2833 0.03339
17.3 0.03264
17.3167 0.03189
17.3333 0.03116
17.35 0.03044
17.3667 0.02973
17.3833 0.02904
17.4 0.02835
17.4167 0.02767
17.4333 0.027
17.45 0.02634
17.4667 0.0257
17.4833 0.02506
17.5 0.02443
17.5167 0.02382
17.5333 0.02321
17.55 0.02262
17.5667 0.02203
17.5833 0.02146
17.6 0.02089
17.6167 0.02034
17.6333 0.01979
17.65 0.01925
17.6667 0.01873
17.6833 0.01821
17.7 0.0177
17.7167 0.01721
17.7333 0.01672
17.75 0.01624
17.7667 0.01577
17.7833 0.01531
17.8 0.01486
17.8167 0.01442
17.8333 0.01398
17.85 0.01356
17.8667 0.01314
17.8833 0.01274
17.9 0.01234
17.9167 0.01195
17.9333 0.01157
17.95 0.0112
17.9667 0.01083
17.9833 0.01047
18.0 0.01013
18.0167 0.009785
18.0333 0.009453
18.05 0.009127
18.0667 0.00881
18.0833 0.0085
18.1 0.008198
18.1167 0.007903
18.1333 0.007616
18.15 0.007335
18.1667 0.007061
18.1833 0.006795
18.2 0.006535
18.2167 0.006282
18.2333 0.006036
18.25 0.005796
18.2667 0.005562
18.2833 0.005335
18.3 0.005114
18.3167 0.004899
18.3333 0.00469
18.35 0.004487
18.3667 0.004289
18.3833 0.004098
18.4 0.003912
18.4167 0.003731
18.4333 0.003555
18.45 0.003385
18.4667 0.00322
18.4833 0.00306
18.5 0.002904
18.5167 0.002754
18.5333 0.002608
18.55 0.002467
18.5667 0.002331
18.5833 0.002199
18.6 0.002071
18.6167 0.001948
18.6333 0.001829
18.65 0.001714
18.6667 0.001603
18.6833 0.001496
18.7 0.001394
18.7167 0.001295
18.7333 0.0012
18.75 0.001109
18.7667 0.001022
18.7833 0.0009393
18.8 0.00086
18.8167 0.000785
18.8333 0.0007141
18.85 0.0006477
18.8667 0.0005852
18.8833 0.0005145
18.9 0.0004551
18.9167 0.0004058
18.9333 0.0003646
18.95 0.0003132
18.9667 0.0002792
18.9833 0.0002379
19.0 0.000203
19.0167 0.0001726
19.0333 0.000146
19.05 0.0001227
19.0667 0.0001027
19.0833 8.35e-05
19.1 6.84e-05
19.1167 5.493e-05
19.1333 4.447e-05
19.15 3.489e-05
19.1667 2.718e-05
19.1833 2.096e-05
19.2 1.6e-05
19.2167 1.209e-05
19.2333 8.811e-06
19.25 6.398e-06
19.2667 4.471e-06
19.2833 3.059e-06
19.3 1.949e-06
19.3167 1.193e-06
19.3333 7.015e-07
19.35 4.017e-07
19.3667 2.224e-07
19.3833 1.148e-07
19.4 4.787e-08
19.4167 1.517e-08
19.4333 2.051e-09
19.45 1.224e-10
19.4667 2.303e-12
19.4833 9.092e-15
19.5 2.397e-18
19.5167 0.0
19.5333 0.0
19.55 0.0
19.5667 0.0
19.5833 0.0
19.6 0.0
19.6167 0.0
19.6333 0.0
19.65 0.0
19.6667 0.0
19.6833 0.0
19.7 0.0
19.7167 0.0
19.7333 0.0
19.75 0.0
19.7667 0.0
19.7833 0.0
19.8 0.0
19.8167 0.0
19.8333 0.0
19.85 0.0
19.8667 0.0
19.8833 0.0
19.9 0.0
19.9167 0.0
19.9333 0.0
19.95 0.0
19.9667 0.0
19.9833 0.0
20.0 0.0
20.0167 0.0
20.0333 0.0
20.05 0.0
20.0667 0.0
20.0833 0.0
20.1 0.0
20.1167 0.0
20.1333 0.0
20.15 0.0
20.1667 0.0
20.1833 0.0
20.2 0.0
20.2167 0.0
20.2333 0.0
20.25 0.0
20.2667 0.0
20.2833 0.0
20.3 0.0
20.3167 0.0
20.3333 0.0
20.35 0.0
20.3667 0.0
20.3833 0.0
20.4 0.0
20.4167 0.0
20.4333 0.0
20.45 0.0
20.4667 0.0
20.4833 0.0
20.5 0.0
20.5167 0.0
20.5333 0.0
20.55 0.0
20.5667 0.0
20.5833 0.0
20.6 0.0
20.6167 0.0
20.6333 0.0
20.65 0.0
20.6667 0.0
20.6833 0.0
20.7 0.0
20.7167 0.0
20.7333 0.0
20.75 0.0
20.7667 0.0
20.7833 0.0
20.8 0.0
20.8167 0.0
20.8333 0.0
20.85 0.0
20.8667 0.0
20.8833 0.0
20.9 0.0
20.9167 0.0
20.9333 0.0
20.95 0.0
20.9667 0.0
20.9833 0.0
21.0 0.0
21.0167 0.0
21.0333 0.0
21.05 0.0
21.0667 0.0
21.0833 0.0
21.1 0.0
21.1167 0.0
21.1333 0.0
21.15 0.0
21.1667 0.0
21.1833 0.0
21.2 0.0
21.2167 0.0
21.2333 0.0
21.25 0.0
21.2667 0.0
21.2833 0.0
21.3 0.0
21.3167 0.0
21.3333 0.0
21.35 0.0
21.3667 0.0
21.3833 0.0
21.4 0.0
21.4167 0.0
21.4333 0.0
21.45 0.0
21.4667 0.0
21.4833 0.0
21.5 0.0
21.5167 0.0
21.5333 0.0
21.55 0.0
21.5667 0.0
21.5833 0.0
21.6 0.0
21.6167 0.0
21.6333 0.0
21.65 0.0
21.6667 0.0
21.6833 0.0
21.7 0.0
21.7167 0.0
21.7333 0.0
21.75 0.0
21.7667 0.0
21.7833 0.0
21.8 0.0
21.8167 0.0
21.8333 0.0
21.85 0.0
21.8667 0.0
21.8833 0.0
21.9 0.0
21.9167 0.0
21.9333 0.0
21.95 0.0
21.9667 0.0
21.9833 0.0
22.0 0.0
22.0167 0.0
22.0333 0.0
22.05 0.0
22.0667 0.0
22.0833 0.0
22.1 0.0
22.1167 0.0
22.1333 0.0
22.15 0.0
22.1667 0.0
22.1833 0.0
22.2 0.0
22.2167 0.0
22.2333 0.0
22.25 0.0
22.2667 0.0
22.2833 0.0
22.3 0.0
22.3167 0.0
22.3333 0.0
22.35 0.0
22.3667 0.0
22.3833 0.0
22.4 0.0
22.4167 0.0
22.4333 0.0
22.45 0.0
22.4667 0.0
22.4833 0.0
22.5 0.0
22.5167 0.0
22.5333 0.0
22.55 0.0
22.5667 0.0
22.5833 0.0
22.6 0.0
22.6167 0.0
22.6333 0.0
22.65 0.0
22.6667 0.0
22.6833 0.0
22.7 0.0
22.7167 0.0
22.7333 0.0
22.75 0.0
22.7667 0.0
22.7833 0.0
22.8 0.0
22.8167 0.0
22.8333 0.0
22.85 0.0
22.8667 0.0
22.8833 0.0
22.9 0.0
22.9167 0.0
22.9333 0.0
22.95 0.0
22.9667 0.0
22.9833 0.0
23.0 0.0
23.0167 0.0
23.0333 0.0
23.05 0.0
23.0667 0.0
23.0833 0.0
23.1 0.0
23.1167 0.0
23.1333 0.0
23.15 0.0
23.1667 0.0
23.1833 0.0
23.2 0.0
23.2167 0.0
23.2333 0.0
23.25 0.0
23.2667 0.0
23.2833 0.0
23.3 0.0
23.3167 0.0
23.3333 0.0
23.35 0.0
23.3667 0.0
23.3833 0.0
23.4 0.0
23.4167 0.0
23.4333 0.0
23.45 0.0
23.4667 0.0
23.4833 0.0
23.5 0.0
23.5167 0.0
23.5333 0.0
23.55 0.0
23.5667 0.0
23.5833 0.0
23.6 0.0
23.6167 0.0
23.6333 0.0
23.65 0.0
23.6667 0.0
23.6833 0.0
23.7 0.0
23.7167 0.0
23.7333 0.0
23.75 0.0
23.7667 0.0
23.7833 0.0
23.8 0.0
23.8167 0.0
23.8333 0.0
23.85 0.0
23.8667 0.0
23.8833 0.0
23.9 0.0
23.9167 0.0
23.9333 0.0
23.95 0.0
23.9667 0.0
23.9833 0.0
