0.0 0.0
0.0167 0.0
0.0333 0.0
0.05 0.0
0.0667 0.0
0.0833 0.0
0.1 0.0
0.1167 0.0
0.1333 0.0
0.15 0.0
0.1667 0.0
0.1833 0.0
0.2 0.0
0.2167 0.0
0.2333 0.0
0.25 0.0
0.2667 0.0
0.2833 0.0
0.3 0.0
0.3167 0.0
0.3333 0.0
0.35 0.0
0.3667 0.0
0.3833 0.0
0.4 0.0
0.4167 0.0
0.4333 0.0
0.45 0.0
0.4667 0.0
0.4833 0.0
0.5 0.0
0.5167 0.0
0.5333 0.0
0.55 0.0
0.5667 0.0
0.5833 0.0
0.6 0.0
0.6167 0.0
0.6333 0.0
0.65 0.0
0.6667 0.0
0.6833 0.0
0.7 0.0
0.7167 0.0
0.7333 0.0
0.75 0.0
0.7667 0.0
0.7833 0.0
0.8 0.0
0.8167 0.0
0.8333 0.0
0.85 0.0
0.8667 0.0
0.8833 0.0
0.9 0.0
0.9167 0.0
0.9333 0.0
0.95 0.0
0.9667 0.0
0.9833 0.0
1.0 0.0
1.0167 0.0
1.0333 0.0
1.05 0.0
1.0667 0.0
1.0833 0.0
1.1 0.0
1.1167 0.0
1.1333 0.0
1.15 0.0
1.1667 0.0
1.1833 0.0
1.2 0.0
1.2167 0.0
1.2333 0.0
1.25 0.0
1.2667 0.0
1.2833 0.0
1.3 0.0
1.3167 0.0
1.3333 0.0
1.35 0.0
1.3667 0.0
1.3833 0.0
1.4 0.0
1.4167 0.0
1.4333 0.0
1.45 0.0
1.4667 0.0
1.4833 0.0
1.5 0.0
1.5167 0.0
1.5333 0.0
1.55 0.0
1.5667 0.0
1.5833 0.0
1.6 0.0
1.6167 0.0
1.6333 0.0
1.65 0.0
1.6667 0.0
1.6833 0.0
1.7 0.0
1.7167 0.0
1.7333 0.0
1.75 0.0
1.7667 0.0
1.7833 0.0
1.8 0.0
1.8167 0.0
1.8333 0.0
1.85 0.0
1.8667 0.0
1.8833 0.0
1.9 0.0
1.9167 0.0
1.9333 0.0
1.95 0.0
1.9667 0.0
1.9833 0.0
2.0 0.0
2.0167 0.0
2.0333 0.0
2.05 0.0
2.0667 0.0
2.0833 0.0
2.1 0.0
2.1167 0.0
2.1333 0.0
2.15 0.0
2.1667 0.0
2.1833 0.0
2.2 0.0
2.2167 0.0
2.2333 0.0
2.25 0.0
2.2667 0.0
2.2833 0.0
2.3 0.0
2.3167 0.0
2.3333 0.0
2.35 0.0
2.3667 0.0
2.3833 0.0
2.4 0.0
2.4167 0.0
2.4333 0.0
2.45 0.0
2.4667 0.0
2.4833 0.0
2.5 0.0
2.5167 0.0
2.5333 0.0
2.55 0.0
2.5667 0.0
2.5833 0.0
2.6 0.0
2.6167 0.0
2.6333 0.0
2.65 0.0
2.6667 0.0
2.6833 0.0
2.7 0.0
2.7167 0.0
2.7333 0.0
2.75 0.0
2.7667 0.0
2.7833 0.0
2.8 0.0
2.8167 0.0
2.8333 0.0
2.85 0.0
2.8667 0.0
2.8833 0.0
2.9 0.0
2.9167 0.0
2.9333 0.0
2.95 0.0
2.9667 0.0
2.9833 0.0
3.0 0.0
3.0167 0.0
3.0333 0.0
3.05 0.0
3.0667 0.0
3.0833 0.0
3.1 0.0
3.1167 0.0
3.1333 0.0
3.15 0.0
3.1667 0.0
3.1833 0.0
3.2 0.0
3.2167 0.0
3.2333 0.0
3.25 0.0
3.2667 0.0
3.2833 0.0
3.3 0.0
3.3167 0.0
3.3333 0.0
3.35 0.0
3.3667 0.0
3.3833 0.0
3.4 0.0
3.4167 0.0
3.4333 0.0
3.45 0.0
3.4667 0.0
3.4833 0.0
3.5 0.0
3.5167 0.0
3.5333 0.0
3.55 0.0
3.5667 0.0
3.5833 0.0
3.6 0.0
3.6167 0.0
3.6333 0.0
3.65 0.0
3.6667 0.0
3.6833 0.0
3.7 0.0
3.7167 0.0
3.7333 0.0
3.75 0.0
3.7667 0.0
3.7833 0.0
3.8 0.0
3.8167 0.0
3.8333 0.0
3.85 0.0
3.8667 0.0
3.8833 0.0
3.9 0.0
3.9167 0.0
3.9333 0.0
3.95 0.0
3.9667 0.0
3.9833 0.0
4.0 0.0
4.0167 0.0
4.0333 0.0
4.05 0.0
4.0667 0.0
4.0833 0.0
4.1 0.0
4.1167 0.0
4.1333 0.0
4.15 0.0
4.1667 0.0
4.1833 0.0
4.2 0.0
4.2167 0.0
4.2333 0.0
4.25 0.0
4.2667 0.0
4.2833 0.0
4.3 0.0
4.3167 0.0
4.3333 0.0
4.35 0.0
4.3667 0.0
4.3833 0.0
4.4 0.0
4.4167 0.0
4.4333 0.0
4.45 0.0
4.4667 0.0
4.4833 0.0
4.5 0.0
4.5167 0.0
4.5333 0.0
4.55 0.0
4.5667 0.0
4.5833 0.0
4.6 0.0
4.6167 0.0
4.6333 0.0
4.65 0.0
4.6667 0.0
4.6833 0.0
4.7 0.0
4.7167 0.0
4.7333 0.0
4.75 0.0
4.7667 0.0
4.7833 0.0
4.8 0.0
4.8167 0.0
4.8333 0.0
4.85 0.0
4.8667 0.0
4.8833 0.0
4.9 0.0
4.9167 0.0
4.9333 0.0
4.95 0.0
4.9667 0.0
4.9833 0.0
5.0 0.0
5.0167 0.0
5.0333 0.0
5.05 0.0
5.0667 0.0
5.0833 0.0
5.1 0.0
5.1167 0.0
5.1333 0.0
5.15 0.0
5.1667 0.0
5.1833 0.0
5.2 0.0
5.2167 0.0
5.2333 0.0
5.25 0.0
5.2667 0.0
5.2833 0.0
5.3 0.0
5.3167 0.0
5.3333 0.0
5.35 0.0
5.3667 0.0
5.3833 0.0
5.4 0.0
5.4167 0.0
5.4333 0.0
5.45 0.0
5.4667 0.0
5.4833 0.0
5.5 0.0
5.5167 0.0
5.5333 0.0
5.55 0.0
5.5667 0.0
5.5833 0.0
5.6 0.0
5.6167 0.0
5.6333 0.0
5.65 0.0
5.6667 0.0
5.6833 0.0
5.7 0.0
5.7167 0.0
5.7333 0.0
5.75 0.0
5.7667 0.0
5.7833 0.0
5.8 0.0
5.8167 0.0
5.8333 0.0
5.85 0.0
5.8667 0.0
5.8833 0.0
5.9 0.0
5.9167 0.0
5.9333 0.0
5.95 0.0
5.9667 0.0
5.9833 0.0
6.0 0.0
6.0167 1.594e-19
6.0333 2.934e-15
6.05 9.966e-13
6.0667 7.456e-11
6.0833 1.565e-09
6.1 1.245e-08
6.1167 4.491e-08
6.1333 1.077e-07
6.15 2.21e-07
6.1667 4.063e-07
6.1833 7.17e-07
6.2 1.236e-06
6.2167 2.048e-06
6.2333 3.184e-06
6.25 4.728e-06
6.2667 6.857e-06
6.2833 9.399e-06
6.3 1.279e-05
6.3167 1.727e-05
6.3333 2.261e-05
6.35 2.932e-05
6.3667 3.769e-05
6.3833 4.725e-05
6.4 5.895e-05
6.4167 7.383e-05
6.4333 8.945e-05
6.45 0.0001101
6.4667 0.000132
6.4833 0.0001567
6.5 0.0001852
6.5167 0.0002177
6.5333 0.0002553
6.55 0.000292
6.5667 0.0003345
6.5833 0.0003904
6.6 0.0004331
6.6167 0.0004841
6.6333 0.0005451
6.65 0.0006177
6.6667 0.0006884
6.6833 0.0007584
6.7 0.0008332
6.7167 0.0009122
6.7333 0.0009957
6.75 0.001083
6.7667 0.001175
6.7833 0.001271
6.8 0.001371
6.8167 0.001475
6.8333 0.001583
6.85 0.001695
6.8667 0.001812
6.8833 0.001933
6.9 0.002058
6.9167 0.002187
6.9333 0.002321
6.95 0.00246
6.9667 0.002603
6.9833 0.002751
7.0 0.002903
7.0167 0.00306
7.0333 0.003223
7.05 0.00339
7.0667 0.003562
7.0833 0.00374
7.1 0.003923
7.1167 0.004111
7.1333 0.004305
7.15 0.004504
7.1667 0.004709
7.1833 0.004919
7.2 0.005136
7.2167 0.005359
7.2333 0.005587
7.25 0.005822
7.2667 0.006063
7.2833 0.00631
7.3 0.006564
7.3167 0.006824
7.3333 0.007092
7.35 0.007365
7.3667 0.007645
7.3833 0.007933
7.4 0.008228
7.4167 0.008529
7.4333 0.008838
7.45 0.009154
7.4667 0.009477
7.4833 0.009808
7.5 0.01015
7.5167 0.01049
7.5333 0.01085
7.55 0.01121
7.5667 0.01158
7.5833 0.01195
7.6 0.01234
7.6167 0.01273
7.6333 0.01313
7.65 0.01354
7.6667 0.01396
7.6833 0.01439
7.7 0.01482
7.7167 0.01527
7.7333 0.01572
7.75 0.01618
7.7667 0.01665
7.7833 0.01713
7.8 0.01761
7.8167 0.01811
7.8333 0.01861
7.85 0.01912
7.8667 0.01965
7.8833 0.02018
7.9 0.02072
7.9167 0.02127
7.9333 0.02183
7.95 0.02239
7.9667 0.02297
7.9833 0.02356
8.0 0.02415
8.0167 0.02476
8.0333 0.02537
8.05 0.02599
8.0667 0.02663
8.0833 0.02727
8.1 0.02792
8.1167 0.02858
8.1333 0.02925
8.15 0.02993
8.1667 0.03062
8.1833 0.03132
8.2 0.03203
8.2167 0.03274
8.2333 0.03347
8.25 0.03421
8.2667 0.03495
8.2833 0.03571
8.3 0.03647
8.3167 0.03725
8.3333 0.03803
8.35 0.03882
8.3667 0.03963
8.3833 0.04044
8.4 0.04126
8.4167 0.04209
8.4333 0.04293
8.45 0.04378
8.4667 0.04463
8.4833 0.0455
8.5 0.04637
8.5167 0.04726
8.5333 0.04815
8.55 0.04906
8.5667 0.04997
8.5833 0.05089
8.6 0.05182
8.6167 0.05276
8.6333 0.0537
8.65 0.05466
8.6667 0.05562
8.6833 0.0566
8.7 0.05758
8.7167 0.05857
8.7333 0.05957
8.75 0.06057
8.7667 0.06158
8.7833 0.06261
8.8 0.06364
8.8167 0.06468
8.8333 0.06572
8.85 0.06678
8.8667 0.06784
8.8833 0.06891
8.9 0.06999
8.9167 0.07107
8.9333 0.07217
8.95 0.07327
8.9667 0.07437
8.9833 0.07549
9.0 0.07661
9.0167 0.07774
9.0333 0.07887
9.05 0.08001
9.0667 0.08116
9.0833 0.08232
9.1 0.08348
9.1167 0.08465
9.1333 0.08582
9.15 0.087
9.1667 0.08818
9.1833 0.08938
9.2 0.09058
9.2167 0.09178
9.2333 0.09299
9.25 0.0942
9.2667 0.09542
9.2833 0.09665
9.3 0.09788
9.3167 0.09911
9.3333 0.1004
9.35 0.1016
9.3667 0.1028
9.3833 0.1041
9.4 0.1054
9.4167 0.1066
9.4333 0.1079
9.45 0.1092
9.4667 0.1104
9.4833 0.1117
9.5 0.113
9.5167 0.1143
9.5333 0.1156
9.55 0.1168
9.5667 0.1182
9.5833 0.1194
9.6 0.1208
9.6167 0.1221
9.6333 0.1233
9.65 0.1247
9.6667 0.126
9.6833 0.1273
9.7 0.1286
9.7167 0.1299
9.7333 0.1312
9.75 0.1326
9.7667 0.1339
9.7833 0.1352
9.8 0.1365
9.8167 0.1378
9.8333 0.1392
9.85 0.1405
9.8667 0.1418
9.8833 0.1432
9.9 0.1445
9.9167 0.1458
9.9333 0.1471
9.95 0.1484
9.9667 0.1498
9.9833 0.1511
10.0 0.1524
10.0167 0.1538
10.0333 0.1551
10.05 0.1564
10.0667 0.1577
10.0833 0.159
10.1 0.1604
10.1167 0.1617
10.1333 0.163
10.15 0.1643
10.1667 0.1656
10.1833 0.1669
10.2 0.1682
10.2167 0.1695
10.2333 0.1708
10.25 0.1721
10.2667 0.1734
10.2833 0.1747
10.3 0.176
10.3167 0.1773
10.3333 0.1785
10.35 0.1798
10.3667 0.1811
10.3833 0.1824
10.4 0.1836
10.4167 0.1849
10.4333 0.1861
10.45 0.1874
10.4667 0.1886
10.4833 0.1899
10.5 0.1911
10.5167 0.1923
10.5333 0.1936
10.55 0.1948
10.5667 0.1959
10.5833 0.1972
10.6 0.1984
10.6167 0.1996
10.6333 0.2008
10.65 0.202
10.6667 0.2031
10.6833 0.2043
10.7 0.2055
10.7167 0.2066
10.7333 0.2078
10.75 0.2089
10.7667 0.2101
10.7833 0.2112
10.8 0.2123
10.8167 0.2134
10.8333 0.2145
10.85 0.2155
10.8667 0.2166
10.8833 0.2178
10.9 0.2188
10.9167 0.2199
10.9333 0.221
10.95 0.222
10.9667 0.223
10.9833 0.2241
11.0 0.2251
11.0167 0.2261
11.0333 0.2271
11.05 0.2281
11.0667 0.2289
11.0833 0.23
11.1 0.231
11.1167 0.2319
11.1333 0.2329
11.15 0.2338
11.1667 0.2347
11.1833 0.2356
11.2 0.2365
11.2167 0.2374
11.2333 0.2383
11.25 0.2392
11.2667 0.24
11.2833 0.2409
11.3 0.2416
11.3167 0.2425
11.3333 0.2433
11.35 0.2441
11.3667 0.2449
11.3833 0.2457
11.4 0.2465
11.4167 0.2472
11.4333 0.2478
11.45 0.2487
11.4667 0.2494
11.4833 0.2501
11.5 0.2508
11.5167 0.2515
11.5333 0.2521
11.55 0.2528
11.5667 0.2535
11.5833 0.2541
11.6 0.2547
11.6167 0.2553
11.6333 0.2558
11.65 0.2565
11.6667 0.257
11.6833 0.2576
11.7 0.2581
11.7167 0.2587
11.7333 0.2592
11.75 0.2597
11.7667 0.2602
11.7833 0.2606
11.8 0.2611
11.8167 0.2615
11.8333 0.262
11.85 0.2624
11.8667 0.2628
11.8833 0.2632
11.9 0.2636
11.9167 0.2639
11.9333 0.2643
11.95 0.2646
11.9667 0.2649
11.9833 0.2653
12.0 0.2656
12.0167 0.2658
12.0333 0.2661
12.05 0.2664
12.0667 0.2666
12.0833 0.2668
12.1 0.267
12.1167 0.2672
12.1333 0.2674
12.15 0.2676
12.1667 0.2677
12.1833 0.2679
12.2 0.268
12.2167 0.2681
12.2333 0.2682
12.25 0.2683
12.2667 0.2684
12.2833 0.2684
12.3 0.2685
12.3167 0.2685
12.3333 0.2685
12.35 0.2685
12.3667 0.2685
12.3833 0.2684
12.4 0.2684
12.4167 0.2683
12.4333 0.2683
12.45 0.2682
12.4667 0.2681
12.4833 0.2679
12.5 0.2678
12.5167 0.2676
12.5333 0.2675
12.55 0.2673
12.5667 0.2671
12.5833 0.2669
12.6 0.2667
12.6167 0.2665
12.6333 0.2662
12.65 0.266
12.6667 0.2657
12.6833 0.2654
12.7 0.2651
12.7167 0.2648
12.7333 0.2645
12.75 0.2641
12.7667 0.2638
12.7833 0.2634
12.8 0.263
12.8167 0.2626
12.8333 0.2622
12.85 0.2617
12.8667 0.2613
12.8833 0.2609
12.9 0.2604
12.9167 0.2599
12.9333 0.2594
12.95 0.2589
12.9667 0.2584
12.9833 0.2579
13.0 0.2572
13.0167 0.2567
13.0333 0.2562
13.05 0.2556
13.0667 0.255
13.0833 0.2544
13.1 0.2538
13.1167 0.253
13.1333 0.2525
13.15 0.2518
13.1667 0.2511
13.1833 0.2504
13.2 0.2497
13.2167 0.249
13.2333 0.2483
13.25 0.2476
13.2667 0.2468
13.2833 0.2461
13.3 0.2453
13.3167 0.2445
13.3333 0.2437
13.35 0.2429
13.3667 0.2421
13.3833 0.2413
13.4 0.2404
13.4167 0.2395
13.4333 0.2387
13.45 0.2378
13.4667 0.237
13.4833 0.236
13.5 0.2352
13.5167 0.2341
13.5333 0.2332
13.55 0.2324
13.5667 0.2314
13.5833 0.2304
13.6 0.2295
13.6167 0.2285
13.6333 0.2276
13.65 0.2266
13.6667 0.2256
13.6833 0.2245
13.7 0.2235
13.7167 0.2225
13.7333 0.2215
13.75 0.2204
13.7667 0.2194
13.7833 0.2182
13.8 0.2172
13.8167 0.2161
13.8333 0.215
13.85 0.2139
13.8667 0.2128
13.8833 0.2117
13.9 0.2105
13.9167 0.2095
13.9333 0.2083
13.95 0.2072
13.9667 0.206
13.9833 0.2049
14.0 0.2037
14.0167 0.2025
14.0333 0.2014
14.05 0.2002
14.0667 0.199
14.0833 0.1978
14.1 0.1966
14.1167 0.1954
14.1333 0.1941
14.15 0.1929
14.1667 0.1917
14.1833 0.1905
14.2 0.1892
14.2167 0.1879
14.2333 0.1867
14.25 0.1855
14.2667 0.1842
14.2833 0.183
14.3 0.1817
14.3167 0.1804
14.3333 0.1792
14.35 0.1779
14.3667 0.1766
14.3833 0.1753
14.4 0.174
14.4167 0.1727
14.4333 0.1714
14.45 0.1701
14.4667 0.1689
14.4833 0.1675
14.5 0.1662
14.5167 0.1649
14.5333 0.1636
14.55 0.1623
14.5667 0.161
14.5833 0.1597
14.6 0.1584
14.6167 0.157
14.6333 0.1557
14.65 0.1544
14.6667 0.1531
14.6833 0.1517
14.7 0.1504
14.7167 0.149
14.7333 0.1477
14.75 0.1464
14.7667 0.1451
14.7833 0.1438
14.8 0.1425
14.8167 0.1411
14.8333 0.1398
14.85 0.1385
14.8667 0.1372
14.8833 0.1358
14.9 0.1345
14.9167 0.1332
14.9333 0.1319
14.95 0.1306
14.9667 0.1292
14.9833 0.1279
15.0 0.1266
15.0167 0.1253
15.0333 0.124
15.05 0.1227
15.0667 0.1214
15.0833 0.1201
15.1 0.1188
15.1167 0.1175
15.1333 0.1162
15.15 0.1149
15.1667 0.1136
15.1833 0.1123
15.2 0.111
15.2167 0.1098
15.2333 0.1085
15.25 0.1072
15.2667 0.106
15.2833 0.1047
15.3 0.1035
15.3167 0.1022
15.3333 0.101
15.35 0.09971
15.3667 0.09848
15.3833 0.09724
15.4 0.09602
15.4167 0.0948
15.4333 0.09357
15.45 0.09236
15.4667 0.09116
15.4833 0.08996
15.5 0.08876
15.5167 0.08757
15.5333 0.08639
15.55 0.08521
15.5667 0.08404
15.5833 0.08288
15.6 0.08172
15.6167 0.08057
15.6333 0.07942
15.65 0.07828
15.6667 0.07715
15.6833 0.07603
15.7 0.07491
15.7167 0.0738
15.7333 0.0727
15.75 0.0716
15.7667 0.07051
15.7833 0.06943
15.8 0.06836
15.8167 0.06729
15.8333 0.06623
15.85 0.06518
15.8667 0.06414
15.8833 0.06311
15.9 0.06208
15.9167 0.06106
15.9333 0.06005
15.95 0.05905
15.9667 0.05806
15.9833 0.05707
16.0 0.05609
16.0167 0.05513
16.0333 0.05417
16.05 0.05322
16.0667 0.05227
16.0833 0.05134
16.1 0.05041
16.1167 0.0495
16.1333 0.04859
16.15 0.04769
16.1667 0.04681
16.1833 0.04592
16.2 0.04505
16.2167 0.04419
16.2333 0.04334
16.25 0.0425
16.2667 0.04166
16.2833 0.04083
16.3 0.04002
16.3167 0.03921
16.3333 0.03842
16.35 0.03763
16.3667 0.03685
16.3833 0.03608
16.4 0.03532
16.4167 0.03457
16.4333 0.03383
16.45 0.0331
16.4667 0.03237
16.4833 0.03166
16.5 0.03096
16.5167 0.03027
16.5333 0.02958
16.55 0.02891
16.5667 0.02824
16.5833 0.02758
16.6 0.02694
16.6167 0.0263
16.6333 0.02567
16.65 0.02505
16.6667 0.02444
16.6833 0.02385
16.7 0.02325
16.7167 0.02267
16.7333 0.0221
16.75 0.02154
16.7667 0.02098
16.7833 0.02044
16.8 0.0199
16.8167 0.01938
16.8333 0.01886
16.85 0.01835
16.8667 0.01785
16.8833 0.01736
16.9 0.01688
16.9167 0.01641
16.9333 0.01594
16.95 0.01548
16.9667 0.01504
16.9833 0.0146
17.0 0.01417
17.0167 0.01375
17.0333 0.01333
17.05 0.01293
17.0667 0.01253
17.0833 0.01214
17.1 0.01176
17.1167 0.01139
17.1333 0.01102
17.15 0.01066
17.1667 0.01031
17.1833 0.009972
17.2 0.009638
17.2167 0.00931
17.2333 0.008991
17.25 0.008679
17.2667 0.008374
17.2833 0.008076
17.3 0.007784
17.3167 0.007501
17.3333 0.007224
17.35 0.006954
17.3667 0.00669
17.3833 0.006433
17.4 0.006182
17.4167 0.005938
17.4333 0.005701
17.45 0.005469
17.4667 0.005244
17.4833 0.005024
17.5 0.00481
17.5167 0.004603
17.5333 0.004401
17.55 0.004204
17.5667 0.004014
17.5833 0.003828
17.6 0.003648
17.6167 0.003473
17.6333 0.003303
17.65 0.003139
17.6667 0.002979
17.6833 0.002824
17.7 0.002674
17.7167 0.002529
17.7333 0.002388
17.75 0.002252
17.7667 0.00212
17.7833 0.001993
17.8 0.00187
17.8167 0.001751
17.8333 0.001637
17.85 0.001527
17.8667 0.001421
17.8833 0.001319
17.9 0.001221
17.9167 0.001127
17.9333 0.001038
17.95 0.0009524
17.9667 0.000871
17.9833 0.0007941
18.0 0.0007217
18.0167 0.0006544
18.0333 0.0005788
18.05 0.0005123
18.0667 0.0004567
18.0833 0.0004102
18.1 0.0003558
18.1167 0.0003155
18.1333 0.0002707
18.15 0.000233
18.1667 0.0002
18.1833 0.0001699
18.2 0.0001427
18.2167 0.000119
18.2333 9.914e-05
18.25 8.084e-05
18.2667 6.577e-05
18.2833 5.255e-05
18.3 4.233e-05
18.3167 3.319e-05
18.3333 2.57e-05
18.35 1.972e-05
18.3667 1.485e-05
18.3833 1.092e-05
18.4 8.01e-06
18.4167 5.65e-06
18.4333 3.914e-06
18.45 2.533e-06
18.4667 1.567e-06
18.4833 9.272e-07
18.5 5.304e-07
18.5167 2.949e-07
18.5333 1.556e-07
18.55 7.076e-08
18.5667 2.487e-08
18.5833 4.819e-09
18.6 3.617e-10
18.6167 9.934e-12
18.6333 6.08e-14
18.65 5.363e-17
18.6667 0.0
18.6833 0.0
18.7 0.0
18.7167 0.0
18.7333 0.0
18.75 0.0
18.7667 0.0
18.7833 0.0
18.8 0.0
18.8167 0.0
18.8333 0.0
18.85 0.0
18.8667 0.0
18.8833 0.0
18.9 0.0
18.9167 0.0
18.9333 0.0
18.95 0.0
18.9667 0.0
18.9833 0.0
19.0 0.0
19.0167 0.0
19.0333 0.0
19.05 0.0
19.0667 0.0
19.0833 0.0
19.1 0.0
19.1167 0.0
19.1333 0.0
19.15 0.0
19.1667 0.0
19.1833 0.0
19.2 0.0
19.2167 0.0
19.2333 0.0
19.25 0.0
19.2667 0.0
19.2833 0.0
19.3 0.0
19.3167 0.0
19.3333 0.0
19.35 0.0
19.3667 0.0
19.3833 0.0
19.4 0.0
19.4167 0.0
19.4333 0.0
19.45 0.0
19.4667 0.0
19.4833 0.0
19.5 0.0
19.5167 0.0
19.5333 0.0
19.55 0.0
19.5667 0.0
19.5833 0.0
19.6 0.0
19.6167 0.0
19.6333 0.0
19.65 0.0
19.6667 0.0
19.6833 0.0
19.7 0.0
19.7167 0.0
19.7333 0.0
19.75 0.0
19.7667 0.0
19.7833 0.0
19.8 0.0
19.8167 0.0
19.8333 0.0
19.85 0.0
19.8667 0.0
19.8833 0.0
19.9 0.0
19.9167 0.0
19.9333 0.0
19.95 0.0
19.9667 0.0
19.9833 0.0
20.0 0.0
20.0167 0.0
20.0333 0.0
20.05 0.0
20.0667 0.0
20.0833 0.0
20.1 0.0
20.1167 0.0
20.1333 0.0
20.15 0.0
20.1667 0.0
20.1833 0.0
20.2 0.0
20.2167 0.0
20.2333 0.0
20.25 0.0
20.2667 0.0
20.2833 0.0
20.3 0.0
20.3167 0.0
20.3333 0.0
20.35 0.0
20.3667 0.0
20.3833 0.0
20.4 0.0
20.4167 0.0
20.4333 0.0
20.45 0.0
20.4667 0.0
20.4833 0.0
20.5 0.0
20.5167 0.0
20.5333 0.0
20.55 0.0
20.5667 0.0
20.5833 0.0
20.6 0.0
20.6167 0.0
20.6333 0.0
20.65 0.0
20.6667 0.0
20.6833 0.0
20.7 0.0
20.7167 0.0
20.7333 0.0
20.75 0.0
20.7667 0.0
20.7833 0.0
20.8 0.0
20.8167 0.0
20.8333 0.0
20.85 0.0
20.8667 0.0
20.8833 0.0
20.9 0.0
20.9167 0.0
20.9333 0.0
20.95 0.0
20.9667 0.0
20.9833 0.0
21.0 0.0
21.0167 0.0
21.0333 0.0
21.05 0.0
21.0667 0.0
21.0833 0.0
21.1 0.0
21.1167 0.0
21.1333 0.0
21.15 0.0
21.1667 0.0
21.1833 0.0
21.2 0.0
21.2167 0.0
21.2333 0.0
21.25 0.0
21.2667 0.0
21.2833 0.0
21.3 0.0
21.3167 0.0
21.3333 0.0
21.35 0.0
21.3667 0.0
21.3833 0.0
21.4 0.0
21.4167 0.0
21.4333 0.0
21.45 0.0
21.4667 0.0
21.4833 0.0
21.5 0.0
21.5167 0.0
21.5333 0.0
21.55 0.0
21.5667 0.0
21.5833 0.0
21.6 0.0
21.6167 0.0
21.6333 0.0
21.65 0.0
21.6667 0.0
21.6833 0.0
21.7 0.0
21.7167 0.0
21.7333 0.0
21.75 0.0
21.7667 0.0
21.7833 0.0
21.8 0.0
21.8167 0.0
21.8333 0.0
21.85 0.0
21.8667 0.0
21.8833 0.0
21.9 0.0
21.9167 0.0
21.9333 0.0
21.95 0.0
21.9667 0.0
21.9833 0.0
22.0 0.0
22.0167 0.0
22.0333 0.0
22.05 0.0
22.0667 0.0
22.0833 0.0
22.1 0.0
22.1167 0.0
22.1333 0.0
22.15 0.0
22.1667 0.0
22.1833 0.0
22.2 0.0
22.2167 0.0
22.2333 0.0
22.25 0.0
22.2667 0.0
22.2833 0.0
22.3 0.0
22.3167 0.0
22.3333 0.0
22.35 0.0
22.3667 0.0
22.3833 0.0
22.4 0.0
22.4167 0.0
22.4333 0.0
22.45 0.0
22.4667 0.0
22.4833 0.0
22.5 0.0
22.5167 0.0
22.5333 0.0
22.55 0.0
22.5667 0.0
22.5833 0.0
22.6 0.0
22.6167 0.0
22.6333 0.0
22.65 0.0
22.6667 0.0
22.6833 0.0
22.7 0.0
22.7167 0.0
22.7333 0.0
22.75 0.0
22.7667 0.0
22.7833 0.0
22.8 0.0
22.8167 0.0
22.8333 0.0
22.85 0.0
22.8667 0.0
22.8833 0.0
22.9 0.0
22.9167 0.0
22.9333 0.0
22.95 0.0
22.9667 0.0
22.9833 0.0
23.0 0.0
23.0167 0.0
23.0333 0.0
23.05 0.0
23.0667 0.0
23.0833 0.0
23.1 0.0
23.1167 0.0
23.1333 0.0
23.15 0.0
23.1667 0.0
23.1833 0.0
23.2 0.0
23.2167 0.0
23.2333 0.0
23.25 0.0
23.2667 0.0
23.2833 0.0
23.3 0.0
23.3167 0.0
23.3333 0.0
23.35 0.0
23.3667 0.0
23.3833 0.0
23.4 0.0
23.4167 0.0
23.4333 0.0
23.45 0.0
23.4667 0.0
23.4833 0.0
23.5 0.0
23.5167 0.0
23.5333 0.0
23.55 0.0
23.5667 0.0
23.5833 0.0
23.6 0.0
23.6167 0.0
23.6333 0.0
23.65 0.0
23.6667 0.0
23.6833 0.0
23.7 0.0
23.7167 0.0
23.7333 0.0
23.75 0.0
23.7667 0.0
23.7833 0.0
23.8 0.0
23.8167 0.0
23.8333 0.0
23.85 0.0
23.8667 0.0
23.8833 0.0
23.9 0.0
23.9167 0.0
23.9333 0.0
23.95 0.0
23.9667 0.0
23.9833 0.0
