0.0 0.0
0.0167 0.0
0.0333 0.0
0.05 0.0
0.0667 0.0
0.0833 0.0
0.1 0.0
0.1167 0.0
0.1333 0.0
0.15 0.0
0.1667 0.0
0.1833 0.0
0.2 0.0
0.2167 0.0
0.2333 0.0
0.25 0.0
0.2667 0.0
0.2833 0.0
0.3 0.0
0.3167 0.0
0.3333 0.0
0.35 0.0
0.3667 0.0
0.3833 0.0
0.4 0.0
0.4167 0.0
0.4333 0.0
0.45 0.0
0.4667 0.0
0.4833 0.0
0.5 0.0
0.5167 0.0
0.5333 0.0
0.55 0.0
0.5667 0.0
0.5833 0.0
0.6 0.0
0.6167 0.0
0.6333 0.0
0.65 0.0
0.6667 0.0
0.6833 0.0
0.7 0.0
0.7167 0.0
0.7333 0.0
0.75 0.0
0.7667 0.0
0.7833 0.0
0.8 0.0
0.8167 0.0
0.8333 0.0
0.85 0.0
0.8667 0.0
0.8833 0.0
0.9 0.0
0.9167 0.0
0.9333 0.0
0.95 0.0
0.9667 0.0
0.9833 0.0
1.0 0.0
1.0167 0.0
1.0333 0.0
1.05 0.0
1.0667 0.0
1.0833 0.0
1.1 0.0
1.1167 0.0
1.1333 0.0
1.15 0.0
1.1667 0.0
1.1833 0.0
1.2 0.0
1.2167 0.0
1.2333 0.0
1.25 0.0
1.2667 0.0
1.2833 0.0
1.3 0.0
1.3167 0.0
1.3333 0.0
1.35 0.0
1.3667 0.0
1.3833 0.0
1.4 0.0
1.4167 0.0
1.4333 0.0
1.45 0.0
1.4667 0.0
1.4833 0.0
1.5 0.0
1.5167 0.0
1.5333 0.0
1.55 0.0
1.5667 0.0
1.5833 0.0
1.6 0.0
1.6167 0.0
1.6333 0.0
1.65 0.0
1.6667 0.0
1.6833 0.0
1.7 0.0
1.7167 0.0
1.7333 0.0
1.75 0.0
1.7667 0.0
1.7833 0.0
1.8 0.0
1.8167 0.0
1.8333 0.0
1.85 0.0
1.8667 0.0
1.8833 0.0
1.9 0.0
1.9167 0.0
1.9333 0.0
1.95 0.0
1.9667 0.0
1.9833 0.0
2.0 0.0
2.0167 0.0
2.0333 0.0
2.05 0.0
2.0667 0.0
2.0833 0.0
2.1 0.0
2.1167 0.0
2.1333 0.0
2.15 0.0
2.1667 0.0
2.1833 0.0
2.2 0.0
2.2167 0.0
2.2333 0.0
2.25 0.0
2.2667 0.0
2.2833 0.0
2.3 0.0
2.3167 0.0
2.3333 0.0
2.35 0.0
2.3667 0.0
2.3833 0.0
2.4 0.0
2.4167 0.0
2.4333 0.0
2.45 0.0
2.4667 0.0
2.4833 0.0
2.5 0.0
2.5167 0.0
2.5333 0.0
2.55 0.0
2.5667 0.0
2.5833 0.0
2.6 0.0
2.6167 0.0
2.6333 0.0
2.65 0.0
2.6667 0.0
2.6833 0.0
2.7 0.0
2.7167 0.0
2.7333 0.0
2.75 0.0
2.7667 0.0
2.7833 0.0
2.8 0.0
2.8167 0.0
2.8333 0.0
2.85 0.0
2.8667 0.0
2.8833 0.0
2.9 0.0
2.9167 0.0
2.9333 0.0
2.95 0.0
2.9667 0.0
2.9833 0.0
3.0 0.0
3.0167 0.0
3.0333 0.0
3.05 0.0
3.0667 0.0
3.0833 0.0
3.1 0.0
3.1167 0.0
3.1333 0.0
3.15 0.0
3.1667 0.0
3.1833 0.0
3.2 0.0
3.2167 0.0
3.2333 0.0
3.25 0.0
3.2667 0.0
3.2833 0.0
3.3 0.0
3.3167 0.0
3.3333 0.0
3.35 0.0
3.3667 0.0
3.3833 0.0
3.4 0.0
3.4167 0.0
3.4333 0.0
3.45 0.0
3.4667 0.0
3.4833 0.0
3.5 0.0
3.5167 0.0
3.5333 0.0
3.55 0.0
3.5667 0.0
3.5833 0.0
3.6 0.0
3.6167 0.0
3.6333 0.0
3.65 0.0
3.6667 0.0
3.6833 0.0
3.7 0.0
3.7167 0.0
3.7333 0.0
3.75 0.0
3.7667 0.0
3.7833 0.0
3.8 0.0
3.8167 0.0
3.8333 0.0
3.85 0.0
3.8667 0.0
3.8833 0.0
3.9 0.0
3.9167 0.0
3.9333 0.0
3.95 0.0
3.9667 0.0
3.9833 0.0
4.0 0.0
4.0167 0.0
4.0333 0.0
4.05 0.0
4.0667 0.0
4.0833 0.0
4.1 0.0
4.1167 0.0
4.1333 0.0
4.15 0.0
4.1667 0.0
4.1833 0.0
4.2 0.0
4.2167 0.0
4.2333 0.0
4.25 0.0
4.2667 0.0
4.2833 0.0
4.3 0.0
4.3167 0.0
4.3333 0.0
4.35 0.0
4.3667 0.0
4.3833 0.0
4.4 0.0
4.4167 0.0
4.4333 0.0
4.45 0.0
4.4667 0.0
4.4833 0.0
4.5 0.0
4.5167 0.0
4.5333 0.0
4.55 0.0
4.5667 0.0
4.5833 0.0
4.6 0.0
4.6167 0.0
4.6333 0.0
4.65 0.0
4.6667 0.0
4.6833 0.0
4.7 0.0
4.7167 0.0
4.7333 0.0
4.75 0.0
4.7667 0.0
4.7833 0.0
4.8 0.0
4.8167 0.0
4.8333 0.0
4.85 0.0
4.8667 0.0
4.8833 0.0
4.9 0.0
4.9167 0.0
4.9333 0.0
4.95 0.0
4.9667 0.0
4.9833 0.0
5.0 0.0
5.0167 0.0
5.0333 0.0
5.05 0.0
5.0667 0.0
5.0833 0.0
5.1 0.0
5.1167 0.0
5.1333 0.0
5.15 0.0
5.1667 0.0
5.1833 0.0
5.2 0.0
5.2167 0.0
5.2333 0.0
5.25 0.0
5.2667 0.0
5.2833 0.0
5.3 0.0
5.3167 0.0
5.3333 0.0
5.35 0.0
5.3667 4.265e-17
5.3833 3.457e-14
5.4 3.981e-12
5.4167 1.523e-10
5.4333 1.994e-09
5.45 1.32e-08
5.4667 4.212e-08
5.4833 9.58e-08
5.5 1.854e-07
5.5167 3.294e-07
5.5333 5.638e-07
5.55 9.484e-07
5.5667 1.505e-06
5.5833 2.35e-06
5.6 3.509e-06
5.6167 4.994e-06
5.6333 6.871e-06
5.65 9.382e-06
5.6667 1.248e-05
5.6833 1.628e-05
5.7 2.105e-05
5.7167 2.698e-05
5.7333 3.361e-05
5.75 4.198e-05
5.7667 5.253e-05
5.7833 6.364e-05
5.8 7.858e-05
5.8167 9.369e-05
5.8333 0.0001115
5.85 0.000132
5.8667 0.0001558
5.8833 0.000182
5.9 0.0002115
5.9167 0.0002454
5.9333 0.0002859
5.95 0.000318
5.9667 0.0003686
5.9833 0.0004069
6.0 0.0004525
6.0167 0.0005065
6.0333 0.0005703
6.05 0.0006352
6.0667 0.000697
6.0833 0.0007632
6.1 0.0008332
6.1167 0.0009069
6.1333 0.0009844
6.15 0.001066
6.1667 0.00115
6.1833 0.001238
6.2 0.00133
6.2167 0.001426
6.2333 0.001525
6.25 0.001628
6.2667 0.001735
6.2833 0.001846
6.3 0.00196
6.3167 0.002079
6.3333 0.002201
6.35 0.002328
6.3667 0.002458
6.3833 0.002593
6.4 0.002732
6.4167 0.002876
6.4333 0.003024
6.45 0.003176
6.4667 0.003334
6.4833 0.003496
6.5 0.003662
6.5167 0.003834
6.5333 0.004011
6.55 0.004193
6.5667 0.00438
6.5833 0.004573
6.6 0.00477
6.6167 0.004974
6.6333 0.005183
6.65 0.005398
6.6667 0.005618
6.6833 0.005845
6.7 0.006078
6.7167 0.006317
6.7333 0.006561
6.75 0.006813
6.7667 0.007071
6.7833 0.007335
6.8 0.007606
6.8167 0.007884
6.8333 0.008168
6.85 0.00846
6.8667 0.008758
6.8833 0.009064
6.9 0.009377
6.9167 0.009697
6.9333 0.01002
6.95 0.01036
6.9667 0.0107
6.9833 0.01105
7.0 0.01141
7.0167 0.01178
7.0333 0.01215
7.05 0.01254
7.0667 0.01293
7.0833 0.01332
7.1 0.01373
7.1167 0.01415
7.1333 0.01457
7.15 0.01501
7.1667 0.01545
7.1833 0.0159
7.2 0.01636
7.2167 0.01682
7.2333 0.0173
7.25 0.01779
7.2667 0.01828
7.2833 0.01879
7.3 0.0193
7.3167 0.01983
7.3333 0.02036
7.35 0.0209
7.3667 0.02146
7.3833 0.02202
7.4 0.02259
7.4167 0.02317
7.4333 0.02376
7.45 0.02436
7.4667 0.02497
7.4833 0.0256
7.5 0.02623
7.5167 0.02687
7.5333 0.02752
7.55 0.02818
7.5667 0.02885
7.5833 0.02954
7.6 0.03023
7.6167 0.03093
7.6333 0.03165
7.65 0.03237
7.6667 0.0331
7.6833 0.03385
7.7 0.03461
7.7167 0.03537
7.7333 0.03615
7.75 0.03694
7.7667 0.03773
7.7833 0.03854
7.8 0.03936
7.8167 0.04019
7.8333 0.04103
7.85 0.04189
7.8667 0.04275
7.8833 0.04362
7.9 0.04451
7.9167 0.0454
7.9333 0.04631
7.95 0.04722
7.9667 0.04815
7.9833 0.04909
8.0 0.05004
8.0167 0.051
8.0333 0.05197
8.05 0.05295
8.0667 0.05394
8.0833 0.05495
8.1 0.05596
8.1167 0.05698
8.1333 0.05802
8.15 0.05906
8.1667 0.06012
8.1833 0.06119
8.2 0.06227
8.2167 0.06335
8.2333 0.06445
8.25 0.06556
8.2667 0.06668
8.2833 0.06781
8.3 0.06895
8.3167 0.0701
8.3333 0.07126
8.35 0.07243
8.3667 0.07361
8.3833 0.0748
8.4 0.07601
8.4167 0.07722
8.4333 0.07844
8.45 0.07967
8.4667 0.08091
8.4833 0.08216
8.5 0.08342
8.5167 0.08469
8.5333 0.08597
8.55 0.08726
8.5667 0.08856
8.5833 0.08987
8.6 0.09119
8.6167 0.09252
8.6333 0.09385
8.65 0.0952
8.6667 0.09655
8.6833 0.09791
8.7 0.09928
8.7167 0.1007
8.7333 0.1021
8.75 0.1035
8.7667 0.1049
8.7833 0.1063
8.8 0.1077
8.8167 0.1091
8.8333 0.1105
8.85 0.112
8.8667 0.1135
8.8833 0.1149
8.9 0.1164
8.9167 0.1179
8.9333 0.1194
8.95 0.1209
8.9667 0.1224
8.9833 0.1239
9.0 0.1254
9.0167 0.1269
9.0333 0.1285
9.05 0.13
9.0667 0.1315
9.0833 0.1331
9.1 0.1346
9.1167 0.1362
9.1333 0.1378
9.15 0.1393
9.1667 0.1409
9.1833 0.1425
9.2 0.1441
9.2167 0.1457
9.2333 0.1473
9.25 0.1488
9.2667 0.1505
9.2833 0.1522
9.3 0.1538
9.3167 0.1554
9.3333 0.157
9.35 0.1587
9.3667 0.1603
9.3833 0.162
9.4 0.1636
9.4167 0.1652
9.4333 0.1669
9.45 0.1686
9.4667 0.1703
9.4833 0.1719
9.5 0.1736
9.5167 0.1753
9.5333 0.177
9.55 0.1786
9.5667 0.1803
9.5833 0.182
9.6 0.1837
9.6167 0.1853
9.6333 0.1871
9.65 0.1888
9.6667 0.1905
9.6833 0.1922
9.7 0.1939
9.7167 0.1956
9.7333 0.1973
9.75 0.199
9.7667 0.2007
9.7833 0.2024
9.8 0.2041
9.8167 0.2058
9.8333 0.2075
9.85 0.2091
9.8667 0.211
9.8833 0.2126
9.9 0.2144
9.9167 0.2161
9.9333 0.2178
9.95 0.2194
9.9667 0.2212
9.9833 0.2229
10.0 0.2246
10.0167 0.2263
10.0333 0.228
10.05 0.2297
10.0667 0.2314
10.0833 0.2331
10.1 0.2348
10.1167 0.2365
10.1333 0.2382
10.15 0.2399
10.1667 0.2416
10.1833 0.2432
10.2 0.2449
10.2167 0.2466
10.2333 0.2483
10.25 0.2499
10.2667 0.2516
10.2833 0.2533
10.3 0.2549
10.3167 0.2566
10.3333 0.2582
10.35 0.2599
10.3667 0.2615
10.3833 0.2631
10.4 0.2648
10.4167 0.2664
10.4333 0.268
10.45 0.2696
10.4667 0.2712
10.4833 0.2728
10.5 0.2744
10.5167 0.276
10.5333 0.2776
10.55 0.2792
10.5667 0.2808
10.5833 0.2823
10.6 0.2839
10.6167 0.2854
10.6333 0.287
10.65 0.2885
10.6667 0.2901
10.6833 0.2916
10.7 0.2931
10.7167 0.2946
10.7333 0.2961
10.75 0.2976
10.7667 0.2987
10.7833 0.3006
10.8 0.302
10.8167 0.3035
10.8333 0.305
10.85 0.3064
10.8667 0.3078
10.8833 0.3091
10.9 0.3107
10.9167 0.3121
10.9333 0.3135
10.95 0.3149
10.9667 0.3162
10.9833 0.3176
11.0 0.3187
11.0167 0.32
11.0333 0.3216
11.05 0.323
11.0667 0.3243
11.0833 0.3256
11.1 0.3269
11.1167 0.3282
11.1333 0.3294
11.15 0.3307
11.1667 0.3319
11.1833 0.3332
11.2 0.3344
11.2167 0.3356
11.2333 0.3368
11.25 0.338
11.2667 0.3392
11.2833 0.3404
11.3 0.3415
11.3167 0.3427
11.3333 0.3438
11.35 0.3449
11.3667 0.346
11.3833 0.3471
11.4 0.3482
11.4167 0.3493
11.4333 0.3503
11.45 0.3513
11.4667 0.3524
11.4833 0.3534
11.5 0.3544
11.5167 0.3554
11.5333 0.3563
11.55 0.3571
11.5667 0.3581
11.5833 0.3591
11.6 0.3601
11.6167 0.3609
11.6333 0.3619
11.65 0.3628
11.6667 0.3636
11.6833 0.3643
11.7 0.3653
11.7167 0.3658
11.7333 0.3669
11.75 0.3677
11.7667 0.3685
11.7833 0.3692
11.8 0.3699
11.8167 0.3707
11.8333 0.3714
11.85 0.3721
11.8667 0.3727
11.8833 0.3735
11.9 0.3741
11.9167 0.3748
11.9333 0.3754
11.95 0.376
11.9667 0.3766
11.9833 0.3771
12.0 0.3777
12.0167 0.378
12.0333 0.3788
12.05 0.3793
12.0667 0.3798
12.0833 0.3803
12.1 0.3807
12.1167 0.3812
12.1333 0.3816
12.15 0.382
12.1667 0.3824
12.1833 0.3828
12.2 0.3831
12.2167 0.3835
12.2333 0.3838
12.25 0.3841
12.2667 0.3844
12.2833 0.3847
12.3 0.385
12.3167 0.3852
12.3333 0.3854
12.35 0.3857
12.3667 0.3859
12.3833 0.3861
12.4 0.3862
12.4167 0.3864
12.4333 0.3865
12.45 0.3866
12.4667 0.3867
12.4833 0.3868
12.5 0.3869
12.5167 0.3869
12.5333 0.387
12.55 0.387
12.5667 0.387
12.5833 0.387
12.6 0.3869
12.6167 0.3869
12.6333 0.3868
12.65 0.3867
12.6667 0.3866
12.6833 0.3865
12.7 0.3864
12.7167 0.3862
12.7333 0.3861
12.75 0.3859
12.7667 0.3857
12.7833 0.3854
12.8 0.3852
12.8167 0.385
12.8333 0.3847
12.85 0.3844
12.8667 0.3841
12.8833 0.3838
12.9 0.3835
12.9167 0.3831
12.9333 0.3828
12.95 0.3824
12.9667 0.382
12.9833 0.3816
13.0 0.3812
13.0167 0.3807
13.0333 0.3802
13.05 0.3798
13.0667 0.3793
13.0833 0.3788
13.1 0.378
13.1167 0.3777
13.1333 0.3771
13.15 0.3766
13.1667 0.376
13.1833 0.3754
13.2 0.3747
13.2167 0.3741
13.2333 0.3735
13.25 0.3727
13.2667 0.372
13.2833 0.3714
13.3 0.3707
13.3167 0.3699
13.3333 0.3692
13.35 0.3685
13.3667 0.3677
13.3833 0.3669
13.4 0.3658
13.4167 0.3653
13.4333 0.3643
13.45 0.3636
13.4667 0.3628
13.4833 0.3619
13.5 0.3609
13.5167 0.3601
13.5333 0.3591
13.55 0.358
13.5667 0.3571
13.5833 0.3563
13.6 0.3554
13.6167 0.3544
13.6333 0.3534
13.65 0.3524
13.6667 0.3513
13.6833 0.3503
13.7 0.3492
13.7167 0.3482
13.7333 0.3471
13.75 0.346
13.7667 0.3449
13.7833 0.3438
13.8 0.3427
13.8167 0.3415
13.8333 0.3404
13.85 0.3392
13.8667 0.338
13.8833 0.3368
13.9 0.3356
13.9167 0.3344
13.9333 0.3332
13.95 0.3319
13.9667 0.3307
13.9833 0.3294
14.0 0.3282
14.0167 0.3269
14.0333 0.3256
14.05 0.3243
14.0667 0.323
14.0833 0.3216
14.1 0.32
14.1167 0.3187
14.1333 0.3176
14.15 0.3162
14.1667 0.3148
14.1833 0.3135
14.2 0.3121
14.2167 0.3107
14.2333 0.3091
14.25 0.3078
14.2667 0.3064
14.2833 0.3049
14.3 0.3035
14.3167 0.3019
14.3333 0.3006
14.35 0.2987
14.3667 0.2976
14.3833 0.2961
14.4 0.2946
14.4167 0.2931
14.4333 0.2916
14.45 0.2901
14.4667 0.2885
14.4833 0.287
14.5 0.2854
14.5167 0.2839
14.5333 0.2823
14.55 0.2808
14.5667 0.2792
14.5833 0.2776
14.6 0.276
14.6167 0.2744
14.6333 0.2728
14.65 0.2712
14.6667 0.2696
14.6833 0.268
14.7 0.2664
14.7167 0.2648
14.7333 0.2631
14.75 0.2615
14.7667 0.2599
14.7833 0.2582
14.8 0.2566
14.8167 0.2549
14.8333 0.2533
14.85 0.2516
14.8667 0.2499
14.8833 0.2483
14.9 0.2466
14.9167 0.2449
14.9333 0.2433
14.95 0.2416
14.9667 0.2399
14.9833 0.2382
15.0 0.2365
15.0167 0.2348
15.0333 0.2331
15.05 0.2314
15.0667 0.2297
15.0833 0.228
15.1 0.2263
15.1167 0.2246
15.1333 0.2229
15.15 0.2212
15.1667 0.2194
15.1833 0.2178
15.2 0.2161
15.2167 0.2144
15.2333 0.2125
15.25 0.211
15.2667 0.2091
15.2833 0.2075
15.3 0.2058
15.3167 0.2041
15.3333 0.2024
15.35 0.2007
15.3667 0.199
15.3833 0.1973
15.4 0.1956
15.4167 0.1939
15.4333 0.1922
15.45 0.1905
15.4667 0.1888
15.4833 0.1871
15.5 0.1854
15.5167 0.1837
15.5333 0.182
15.55 0.1803
15.5667 0.1786
15.5833 0.177
15.6 0.1753
15.6167 0.1736
15.6333 0.1719
15.65 0.1703
15.6667 0.1686
15.6833 0.167
15.7 0.1652
15.7167 0.1636
15.7333 0.162
15.75 0.1603
15.7667 0.1587
15.7833 0.1571
15.8 0.1554
15.8167 0.1538
15.8333 0.1522
15.85 0.1506
15.8667 0.1489
15.8833 0.1473
15.9 0.1457
15.9167 0.1441
15.9333 0.1425
15.95 0.1409
15.9667 0.1394
15.9833 0.1378
16.0 0.1362
16.0167 0.1347
16.0333 0.1331
16.05 0.1316
16.0667 0.13
16.0833 0.1285
16.1 0.127
16.1167 0.1254
16.1333 0.1239
16.15 0.1224
16.1667 0.1209
16.1833 0.1194
16.2 0.1179
16.2167 0.1165
16.2333 0.115
16.25 0.1135
16.2667 0.1121
16.2833 0.1106
16.3 0.1092
16.3167 0.1077
16.3333 0.1063
16.35 0.1049
16.3667 0.1035
16.3833 0.1021
16.4 0.1007
16.4167 0.09933
16.4333 0.09796
16.45 0.0966
16.4667 0.09525
16.4833 0.0939
16.5 0.09257
16.5167 0.09124
16.5333 0.08992
16.55 0.08861
16.5667 0.08731
16.5833 0.08603
16.6 0.08475
16.6167 0.08348
16.6333 0.08221
16.65 0.08096
16.6667 0.07972
16.6833 0.07849
16.7 0.07727
16.7167 0.07606
16.7333 0.07486
16.75 0.07367
16.7667 0.07249
16.7833 0.07132
16.8 0.07015
16.8167 0.069
16.8333 0.06786
16.85 0.06673
16.8667 0.06562
16.8833 0.06451
16.9 0.06341
16.9167 0.06232
16.9333 0.06124
16.95 0.06018
16.9667 0.05912
16.9833 0.05807
17.0 0.05704
17.0167 0.05602
17.0333 0.055
17.05 0.054
17.0667 0.05301
17.0833 0.05203
17.1 0.05105
17.1167 0.0501
17.1333 0.04915
17.15 0.04821
17.1667 0.04728
17.1833 0.04636
17.2 0.04546
17.2167 0.04456
17.2333 0.04368
17.25 0.0428
17.2667 0.04194
17.2833 0.04109
17.3 0.04025
17.3167 0.03942
17.3333 0.0386
17.35 0.03779
17.3667 0.03699
17.3833 0.0362
17.4 0.03542
17.4167 0.03466
17.4333 0.0339
17.45 0.03316
17.4667 0.03242
17.4833 0.0317
17.5 0.03098
17.5167 0.03028
17.5333 0.02959
17.55 0.0289
17.5667 0.02823
17.5833 0.02757
17.6 0.02692
17.6167 0.02628
17.6333 0.02564
17.65 0.02502
17.6667 0.02441
17.6833 0.02381
17.7 0.02322
17.7167 0.02264
17.7333 0.02206
17.75 0.0215
17.7667 0.02095
17.7833 0.02041
17.8 0.01987
17.8167 0.01935
17.8333 0.01883
17.85 0.01833
17.8667 0.01783
17.8833 0.01735
17.9 0.01687
17.9167 0.0164
17.9333 0.01594
17.95 0.01549
17.9667 0.01505
17.9833 0.01461
18.0 0.01419
18.0167 0.01377
18.0333 0.01336
18.05 0.01296
18.0667 0.01257
18.0833 0.01219
18.1 0.01182
18.1167 0.01145
18.1333 0.01109
18.15 0.01074
18.1667 0.0104
18.1833 0.01006
18.2 0.009731
18.2167 0.00941
18.2333 0.009097
18.25 0.008791
18.2667 0.008492
18.2833 0.0082
18.3 0.007915
18.3167 0.007636
18.3333 0.007365
18.35 0.0071
18.3667 0.006842
18.3833 0.00659
18.4 0.006344
18.4167 0.006105
18.4333 0.005872
18.45 0.005645
18.4667 0.005424
18.4833 0.005209
18.5 0.004999
18.5167 0.004795
18.5333 0.004597
18.55 0.004404
18.5667 0.004216
18.5833 0.004034
18.6 0.003856
18.6167 0.003684
18.6333 0.003517
18.65 0.003355
18.6667 0.003197
18.6833 0.003044
18.7 0.002895
18.7167 0.002751
18.7333 0.002612
18.75 0.002476
18.7667 0.002345
18.7833 0.002218
18.8 0.002096
18.8167 0.001977
18.8333 0.001862
18.85 0.001751
18.8667 0.001644
18.8833 0.00154
18.9 0.00144
18.9167 0.001344
18.9333 0.001252
18.95 0.001163
18.9667 0.001078
18.9833 0.0009965
19.0 0.0009187
19.0167 0.0008444
19.0333 0.0007739
19.05 0.0007072
19.0667 0.0006446
19.0833 0.0005817
19.1 0.0005161
19.1167 0.0004606
19.1333 0.0004138
19.15 0.0003744
19.1667 0.0003244
19.1833 0.0002907
19.2 0.0002503
19.2167 0.0002166
19.2333 0.0001875
19.25 0.0001616
19.2667 0.0001371
19.2833 0.0001151
19.3 9.633e-05
19.3167 8.057e-05
19.3333 6.624e-05
19.35 5.406e-05
19.3667 4.369e-05
19.3833 3.537e-05
19.4 2.788e-05
19.4167 2.184e-05
19.4333 1.694e-05
19.45 1.299e-05
19.4667 9.854e-06
19.4833 7.378e-06
19.5 5.307e-06
19.5167 3.757e-06
19.5333 2.549e-06
19.55 1.66e-06
19.5667 1.027e-06
19.5833 6.209e-07
19.6 3.708e-07
19.6167 2.123e-07
19.6333 1.115e-07
19.65 4.989e-08
19.6667 1.724e-08
19.6833 3.306e-09
19.7 2.664e-10
19.7167 9.731e-12
19.7333 9.677e-14
19.75 2.567e-16
19.7667 8.893e-34
19.7833 0.0
19.8 0.0
19.8167 0.0
19.8333 0.0
19.85 0.0
19.8667 0.0
19.8833 0.0
19.9 0.0
19.9167 0.0
19.9333 0.0
19.95 0.0
19.9667 0.0
19.9833 0.0
20.0 0.0
20.0167 0.0
20.0333 0.0
20.05 0.0
20.0667 0.0
20.0833 0.0
20.1 0.0
20.1167 0.0
20.1333 0.0
20.15 0.0
20.1667 0.0
20.1833 0.0
20.2 0.0
20.2167 0.0
20.2333 0.0
20.25 0.0
20.2667 0.0
20.2833 0.0
20.3 0.0
20.3167 0.0
20.3333 0.0
20.35 0.0
20.3667 0.0
20.3833 0.0
20.4 0.0
20.4167 0.0
20.4333 0.0
20.45 0.0
20.4667 0.0
20.4833 0.0
20.5 0.0
20.5167 0.0
20.5333 0.0
20.55 0.0
20.5667 0.0
20.5833 0.0
20.6 0.0
20.6167 0.0
20.6333 0.0
20.65 0.0
20.6667 0.0
20.6833 0.0
20.7 0.0
20.7167 0.0
20.7333 0.0
20.75 0.0
20.7667 0.0
20.7833 0.0
20.8 0.0
20.8167 0.0
20.8333 0.0
20.85 0.0
20.8667 0.0
20.8833 0.0
20.9 0.0
20.9167 0.0
20.9333 0.0
20.95 0.0
20.9667 0.0
20.9833 0.0
21.0 0.0
21.0167 0.0
21.0333 0.0
21.05 0.0
21.0667 0.0
21.0833 0.0
21.1 0.0
21.1167 0.0
21.1333 0.0
21.15 0.0
21.1667 0.0
21.1833 0.0
21.2 0.0
21.2167 0.0
21.2333 0.0
21.25 0.0
21.2667 0.0
21.2833 0.0
21.3 0.0
21.3167 0.0
21.3333 0.0
21.35 0.0
21.3667 0.0
21.3833 0.0
21.4 0.0
21.4167 0.0
21.4333 0.0
21.45 0.0
21.4667 0.0
21.4833 0.0
21.5 0.0
21.5167 0.0
21.5333 0.0
21.55 0.0
21.5667 0.0
21.5833 0.0
21.6 0.0
21.6167 0.0
21.6333 0.0
21.65 0.0
21.6667 0.0
21.6833 0.0
21.7 0.0
21.7167 0.0
21.7333 0.0
21.75 0.0
21.7667 0.0
21.7833 0.0
21.8 0.0
21.8167 0.0
21.8333 0.0
21.85 0.0
21.8667 0.0
21.8833 0.0
21.9 0.0
21.9167 0.0
21.9333 0.0
21.95 0.0
21.9667 0.0
21.9833 0.0
22.0 0.0
22.0167 0.0
22.0333 0.0
22.05 0.0
22.0667 0.0
22.0833 0.0
22.1 0.0
22.1167 0.0
22.1333 0.0
22.15 0.0
22.1667 0.0
22.1833 0.0
22.2 0.0
22.2167 0.0
22.2333 0.0
22.25 0.0
22.2667 0.0
22.2833 0.0
22.3 0.0
22.3167 0.0
22.3333 0.0
22.35 0.0
22.3667 0.0
22.3833 0.0
22.4 0.0
22.4167 0.0
22.4333 0.0
22.45 0.0
22.4667 0.0
22.4833 0.0
22.5 0.0
22.5167 0.0
22.5333 0.0
22.55 0.0
22.5667 0.0
22.5833 0.0
22.6 0.0
22.6167 0.0
22.6333 0.0
22.65 0.0
22.6667 0.0
22.6833 0.0
22.7 0.0
22.7167 0.0
22.7333 0.0
22.75 0.0
22.7667 0.0
22.7833 0.0
22.8 0.0
22.8167 0.0
22.8333 0.0
22.85 0.0
22.8667 0.0
22.8833 0.0
22.9 0.0
22.9167 0.0
22.9333 0.0
22.95 0.0
22.9667 0.0
22.9833 0.0
23.0 0.0
23.0167 0.0
23.0333 0.0
23.05 0.0
23.0667 0.0
23.0833 0.0
23.1 0.0
23.1167 0.0
23.1333 0.0
23.15 0.0
23.1667 0.0
23.1833 0.0
23.2 0.0
23.2167 0.0
23.2333 0.0
23.25 0.0
23.2667 0.0
23.2833 0.0
23.3 0.0
23.3167 0.0
23.3333 0.0
23.35 0.0
23.3667 0.0
23.3833 0.0
23.4 0.0
23.4167 0.0
23.4333 0.0
23.45 0.0
23.4667 0.0
23.4833 0.0
23.5 0.0
23.5167 0.0
23.5333 0.0
23.55 0.0
23.5667 0.0
23.5833 0.0
23.6 0.0
23.6167 0.0
23.6333 0.0
23.65 0.0
23.6667 0.0
23.6833 0.0
23.7 0.0
23.7167 0.0
23.7333 0.0
23.75 0.0
23.7667 0.0
23.7833 0.0
23.8 0.0
23.8167 0.0
23.8333 0.0
23.85 0.0
23.8667 0.0
23.8833 0.0
23.9 0.0
23.9167 0.0
23.9333 0.0
23.95 0.0
23.9667 0.0
23.9833 0.0
