0.0 0.0
0.0167 0.0
0.0333 0.0
0.05 0.0
0.0667 0.0
0.0833 0.0
0.1 0.0
0.1167 0.0
0.1333 0.0
0.15 0.0
0.1667 0.0
0.1833 0.0
0.2 0.0
0.2167 0.0
0.2333 0.0
0.25 0.0
0.2667 0.0
0.2833 0.0
0.3 0.0
0.3167 0.0
0.3333 0.0
0.35 0.0
0.3667 0.0
0.3833 0.0
0.4 0.0
0.4167 0.0
0.4333 0.0
0.45 0.0
0.4667 0.0
0.4833 0.0
0.5 0.0
0.5167 0.0
0.5333 0.0
0.55 0.0
0.5667 0.0
0.5833 0.0
0.6 0.0
0.6167 0.0
0.6333 0.0
0.65 0.0
0.6667 0.0
0.6833 0.0
0.7 0.0
0.7167 0.0
0.7333 0.0
0.75 0.0
0.7667 0.0
0.7833 0.0
0.8 0.0
0.8167 0.0
0.8333 0.0
0.85 0.0
0.8667 0.0
0.8833 0.0
0.9 0.0
0.9167 0.0
0.9333 0.0
0.95 0.0
0.9667 0.0
0.9833 0.0
1.0 0.0
1.0167 0.0
1.0333 0.0
1.05 0.0
1.0667 0.0
1.0833 0.0
1.1 0.0
1.1167 0.0
1.1333 0.0
1.15 0.0
1.1667 0.0
1.1833 0.0
1.2 0.0
1.2167 0.0
1.2333 0.0
1.25 0.0
1.2667 0.0
1.2833 0.0
1.3 0.0
1.3167 0.0
1.3333 0.0
1.35 0.0
1.3667 0.0
1.3833 0.0
1.4 0.0
1.4167 0.0
1.4333 0.0
1.45 0.0
1.4667 0.0
1.4833 0.0
1.5 0.0
1.5167 0.0
1.5333 0.0
1.55 0.0
1.5667 0.0
1.5833 0.0
1.6 0.0
1.6167 0.0
1.6333 0.0
1.65 0.0
1.6667 0.0
1.6833 0.0
1.7 0.0
1.7167 0.0
1.7333 0.0
1.75 0.0
1.7667 0.0
1.7833 0.0
1.8 0.0
1.8167 0.0
1.8333 0.0
1.85 0.0
1.8667 0.0
1.8833 0.0
1.9 0.0
1.9167 0.0
1.9333 0.0
1.95 0.0
1.9667 0.0
1.9833 0.0
2.0 0.0
2.0167 0.0
2.0333 0.0
2.05 0.0
2.0667 0.0
2.0833 0.0
2.1 0.0
2.1167 0.0
2.1333 0.0
2.15 0.0
2.1667 0.0
2.1833 0.0
2.2 0.0
2.2167 0.0
2.2333 0.0
2.25 0.0
2.2667 0.0
2.2833 0.0
2.3 0.0
2.3167 0.0
2.3333 0.0
2.35 0.0
2.3667 0.0
2.3833 0.0
2.4 0.0
2.4167 0.0
2.4333 0.0
2.45 0.0
2.4667 0.0
2.4833 0.0
2.5 0.0
2.5167 0.0
2.5333 0.0
2.55 0.0
2.5667 0.0
2.5833 0.0
2.6 0.0
2.6167 0.0
2.6333 0.0
2.65 0.0
2.6667 0.0
2.6833 0.0
2.7 0.0
2.7167 0.0
2.7333 0.0
2.75 0.0
2.7667 0.0
2.7833 0.0
2.8 0.0
2.8167 0.0
2.8333 0.0
2.85 0.0
2.8667 0.0
2.8833 0.0
2.9 0.0
2.9167 0.0
2.9333 0.0
2.95 0.0
2.9667 0.0
2.9833 0.0
3.0 0.0
3.0167 0.0
3.0333 0.0
3.05 0.0
3.0667 0.0
3.0833 0.0
3.1 0.0
3.1167 0.0
3.1333 0.0
3.15 0.0
3.1667 0.0
3.1833 0.0
3.2 0.0
3.2167 0.0
3.2333 0.0
3.25 0.0
3.2667 0.0
3.2833 0.0
3.3 0.0
3.3167 0.0
3.3333 0.0
3.35 0.0
3.3667 0.0
3.3833 0.0
3.4 0.0
3.4167 0.0
3.4333 0.0
3.45 0.0
3.4667 0.0
3.4833 0.0
3.5 0.0
3.5167 0.0
3.5333 0.0
3.55 0.0
3.5667 0.0
3.5833 0.0
3.6 0.0
3.6167 0.0
3.6333 0.0
3.65 0.0
3.6667 0.0
3.6833 0.0
3.7 0.0
3.7167 0.0
3.7333 0.0
3.75 0.0
3.7667 0.0
3.7833 0.0
3.8 0.0
3.8167 0.0
3.8333 0.0
3.85 0.0
3.8667 0.0
3.8833 0.0
3.9 0.0
3.9167 0.0
3.9333 0.0
3.95 0.0
3.9667 0.0
3.9833 0.0
4.0 0.0
4.0167 0.0
4.0333 0.0
4.05 0.0
4.0667 0.0
4.0833 0.0
4.1 0.0
4.1167 0.0
4.1333 0.0
4.15 0.0
4.1667 0.0
4.1833 0.0
4.2 0.0
4.2167 0.0
4.2333 0.0
4.25 0.0
4.2667 0.0
4.2833 0.0
4.3 0.0
4.3167 0.0
4.3333 0.0
4.35 0.0
4.3667 0.0
4.3833 0.0
4.4 0.0
4.4167 0.0
4.4333 0.0
4.45 0.0
4.4667 0.0
4.4833 0.0
4.5 0.0
4.5167 0.0
4.5333 0.0
4.55 0.0
4.5667 0.0
4.5833 0.0
4.6 0.0
4.6167 0.0
4.6333 0.0
4.65 0.0
4.6667 0.0
4.6833 0.0
4.7 0.0
4.7167 0.0
4.7333 0.0
4.75 0.0
4.7667 0.0
4.7833 0.0
4.8 0.0
4.8167 0.0
4.8333 0.0
4.85 0.0
4.8667 0.0
4.8833 0.0
4.9 0.0
4.9167 0.0
4.9333 0.0
4.95 0.0
4.9667 0.0
4.9833 0.0
5.0 0.0
5.0167 0.0
5.0333 0.0
5.05 0.0
5.0667 0.0
5.0833 0.0
5.1 0.0
5.1167 0.0
5.1333 0.0
5.15 0.0
5.1667 0.0
5.1833 0.0
5.2 0.0
5.2167 0.0
5.2333 0.0
5.25 0.0
5.2667 0.0
5.2833 0.0
5.3 0.0
5.3167 0.0
5.3333 0.0
5.35 4.032e-33
5.3667 3.621e-16
5.3833 1.282e-13
5.4 1.013e-11
5.4167 2.563e-10
5.4333 3.125e-09
5.45 1.617e-08
5.4667 4.644e-08
5.4833 1.026e-07
5.5 1.945e-07
5.5167 3.411e-07
5.5333 5.786e-07
5.55 9.67e-07
5.5667 1.523e-06
5.5833 2.37e-06
5.6 3.481e-06
5.6167 5.005e-06
5.6333 6.83e-06
5.65 9.163e-06
5.6667 1.212e-05
5.6833 1.581e-05
5.7 2.033e-05
5.7167 2.586e-05
5.7333 3.268e-05
5.75 4.115e-05
5.7667 5.009e-05
5.7833 6.197e-05
5.8 7.443e-05
5.8167 9.003e-05
5.8333 0.0001083
5.85 0.0001277
5.8667 0.00015
5.8833 0.0001754
5.9 0.0002046
5.9167 0.0002366
5.9333 0.0002667
5.95 0.0003069
5.9667 0.000344
5.9833 0.0003929
6.0 0.0004341
6.0167 0.0004828
6.0333 0.0005397
6.05 0.0006081
6.0667 0.0006692
6.0833 0.0007324
6.1 0.0007998
6.1167 0.0008709
6.1333 0.0009457
6.15 0.001024
6.1667 0.001106
6.1833 0.001192
6.2 0.001281
6.2167 0.001373
6.2333 0.00147
6.25 0.00157
6.2667 0.001673
6.2833 0.001781
6.3 0.001892
6.3167 0.002007
6.3333 0.002126
6.35 0.002249
6.3667 0.002376
6.3833 0.002508
6.4 0.002643
6.4167 0.002783
6.4333 0.002927
6.45 0.003075
6.4667 0.003228
6.4833 0.003386
6.5 0.003549
6.5167 0.003716
6.5333 0.003888
6.55 0.004065
6.5667 0.004247
6.5833 0.004435
6.6 0.004628
6.6167 0.004826
6.6333 0.00503
6.65 0.005239
6.6667 0.005454
6.6833 0.005675
6.7 0.005902
6.7167 0.006134
6.7333 0.006373
6.75 0.006618
6.7667 0.00687
6.7833 0.007128
6.8 0.007392
6.8167 0.007663
6.8333 0.007941
6.85 0.008225
6.8667 0.008517
6.8833 0.008815
6.9 0.009121
6.9167 0.009434
6.9333 0.009754
6.95 0.01008
6.9667 0.01042
6.9833 0.01076
7.0 0.01111
7.0167 0.01147
7.0333 0.01183
7.05 0.01221
7.0667 0.01259
7.0833 0.01298
7.1 0.01338
7.1167 0.01379
7.1333 0.0142
7.15 0.01463
7.1667 0.01506
7.1833 0.0155
7.2 0.01595
7.2167 0.01641
7.2333 0.01688
7.25 0.01736
7.2667 0.01784
7.2833 0.01834
7.3 0.01884
7.3167 0.01936
7.3333 0.01988
7.35 0.02041
7.3667 0.02096
7.3833 0.02151
7.4 0.02207
7.4167 0.02264
7.4333 0.02323
7.45 0.02382
7.4667 0.02442
7.4833 0.02503
7.5 0.02565
7.5167 0.02628
7.5333 0.02693
7.55 0.02758
7.5667 0.02824
7.5833 0.02891
7.6 0.0296
7.6167 0.03029
7.6333 0.031
7.65 0.03171
7.6667 0.03243
7.6833 0.03317
7.7 0.03392
7.7167 0.03468
7.7333 0.03544
7.75 0.03622
7.7667 0.03701
7.7833 0.03781
7.8 0.03862
7.8167 0.03944
7.8333 0.04028
7.85 0.04112
7.8667 0.04198
7.8833 0.04284
7.9 0.04372
7.9167 0.04461
7.9333 0.0455
7.95 0.04641
7.9667 0.04733
7.9833 0.04826
8.0 0.04921
8.0167 0.05016
8.0333 0.05112
8.05 0.0521
8.0667 0.05308
8.0833 0.05408
8.1 0.05509
8.1167 0.05611
8.1333 0.05714
8.15 0.05818
8.1667 0.05923
8.1833 0.06029
8.2 0.06136
8.2167 0.06245
8.2333 0.06354
8.25 0.06465
8.2667 0.06576
8.2833 0.06689
8.3 0.06803
8.3167 0.06917
8.3333 0.07033
8.35 0.0715
8.3667 0.07268
8.3833 0.07387
8.4 0.07507
8.4167 0.07628
8.4333 0.0775
8.45 0.07873
8.4667 0.07997
8.4833 0.08123
8.5 0.08249
8.5167 0.08376
8.5333 0.08504
8.55 0.08633
8.5667 0.08763
8.5833 0.08894
8.6 0.09026
8.6167 0.09159
8.6333 0.09293
8.65 0.09428
8.6667 0.09564
8.6833 0.09701
8.7 0.09839
8.7167 0.09977
8.7333 0.1012
8.75 0.1026
8.7667 0.104
8.7833 0.1054
8.8 0.1068
8.8167 0.1083
8.8333 0.1097
8.85 0.1112
8.8667 0.1126
8.8833 0.1141
8.9 0.1156
8.9167 0.1171
8.9333 0.1186
8.95 0.1201
8.9667 0.1216
8.9833 0.1231
9.0 0.1247
9.0167 0.1262
9.0333 0.1277
9.05 0.1293
9.0667 0.1309
9.0833 0.1324
9.1 0.134
9.1167 0.1355
9.1333 0.1372
9.15 0.1387
9.1667 0.1403
9.1833 0.142
9.2 0.1436
9.2167 0.1452
9.2333 0.1468
9.25 0.1484
9.2667 0.1501
9.2833 0.1517
9.3 0.1534
9.3167 0.155
9.3333 0.1566
9.35 0.1583
9.3667 0.16
9.3833 0.1616
9.4 0.1633
9.4167 0.165
9.4333 0.1667
9.45 0.1684
9.4667 0.1701
9.4833 0.1718
9.5 0.1735
9.5167 0.1752
9.5333 0.1769
9.55 0.1786
9.5667 0.1803
9.5833 0.182
9.6 0.1838
9.6167 0.1855
9.6333 0.1872
9.65 0.1889
9.6667 0.1906
9.6833 0.1924
9.7 0.1941
9.7167 0.1958
9.7333 0.1976
9.75 0.1994
9.7667 0.2011
9.7833 0.2029
9.8 0.2046
9.8167 0.2064
9.8333 0.2081
9.85 0.2098
9.8667 0.2116
9.8833 0.2134
9.9 0.2151
9.9167 0.2168
9.9333 0.2186
9.95 0.2203
9.9667 0.2221
9.9833 0.2238
10.0 0.2254
10.0167 0.2273
10.0333 0.2291
10.05 0.2308
10.0667 0.2326
10.0833 0.2343
10.1 0.2361
10.1167 0.2378
10.1333 0.2396
10.15 0.2413
10.1667 0.243
10.1833 0.2448
10.2 0.2464
10.2167 0.2482
10.2333 0.2499
10.25 0.2517
10.2667 0.2534
10.2833 0.2551
10.3 0.2568
10.3167 0.2585
10.3333 0.2602
10.35 0.2619
10.3667 0.2636
10.3833 0.2653
10.4 0.2668
10.4167 0.2687
10.4333 0.2704
10.45 0.272
10.4667 0.2735
10.4833 0.2754
10.5 0.277
10.5167 0.2787
10.5333 0.2803
10.55 0.282
10.5667 0.2836
10.5833 0.2852
10.6 0.2868
10.6167 0.2885
10.6333 0.2901
10.65 0.2917
10.6667 0.2933
10.6833 0.2949
10.7 0.2964
10.7167 0.298
10.7333 0.2996
10.75 0.3012
10.7667 0.3027
10.7833 0.3043
10.8 0.3058
10.8167 0.3073
10.8333 0.3088
10.85 0.3104
10.8667 0.3118
10.8833 0.3133
10.9 0.3148
10.9167 0.3162
10.9333 0.3178
10.95 0.3192
10.9667 0.3207
10.9833 0.3219
11.0 0.3236
11.0167 0.325
11.0333 0.3264
11.05 0.3278
11.0667 0.3292
11.0833 0.3306
11.1 0.3319
11.1167 0.3333
11.1333 0.3347
11.15 0.336
11.1667 0.3373
11.1833 0.3386
11.2 0.3399
11.2167 0.3412
11.2333 0.3425
11.25 0.3438
11.2667 0.345
11.2833 0.3463
11.3 0.3475
11.3167 0.3488
11.3333 0.35
11.35 0.3512
11.3667 0.3524
11.3833 0.3535
11.4 0.3547
11.4167 0.3557
11.4333 0.357
11.45 0.3579
11.4667 0.3592
11.4833 0.3603
11.5 0.3614
11.5167 0.3625
11.5333 0.3635
11.55 0.3646
11.5667 0.3656
11.5833 0.3666
11.6 0.3676
11.6167 0.3686
11.6333 0.3696
11.65 0.3705
11.6667 0.3715
11.6833 0.3724
11.7 0.3733
11.7167 0.3742
11.7333 0.3751
11.75 0.376
11.7667 0.3768
11.7833 0.3777
11.8 0.3785
11.8167 0.3793
11.8333 0.3801
11.85 0.3809
11.8667 0.3815
11.8833 0.3822
11.9 0.3831
11.9167 0.3839
11.9333 0.3846
11.95 0.3851
11.9667 0.386
11.9833 0.3866
12.0 0.3873
12.0167 0.3879
12.0333 0.3885
12.05 0.3888
12.0667 0.3896
12.0833 0.3902
12.1 0.3906
12.1167 0.3912
12.1333 0.3918
12.15 0.3923
12.1667 0.3928
12.1833 0.3933
12.2 0.3937
12.2167 0.3942
12.2333 0.3946
12.25 0.395
12.2667 0.3952
12.2833 0.3957
12.3 0.3961
12.3167 0.3964
12.3333 0.3968
12.35 0.3971
12.3667 0.3973
12.3833 0.3976
12.4 0.3977
12.4167 0.3978
12.4333 0.398
12.45 0.3984
12.4667 0.3987
12.4833 0.3989
12.5 0.399
12.5167 0.3991
12.5333 0.3993
12.55 0.3994
12.5667 0.3994
12.5833 0.3995
12.6 0.3996
12.6167 0.3996
12.6333 0.3996
12.65 0.3996
12.6667 0.3996
12.6833 0.3995
12.7 0.3995
12.7167 0.3994
12.7333 0.3993
12.75 0.3992
12.7667 0.3991
12.7833 0.399
12.8 0.3988
12.8167 0.3986
12.8333 0.3983
12.85 0.3979
12.8667 0.3978
12.8833 0.3977
12.9 0.3975
12.9167 0.3973
12.9333 0.397
12.95 0.3967
12.9667 0.3963
12.9833 0.396
13.0 0.3955
13.0167 0.3952
13.0333 0.3949
13.05 0.3945
13.0667 0.394
13.0833 0.3936
13.1 0.3932
13.1167 0.3927
13.1333 0.3922
13.15 0.3917
13.1667 0.3909
13.1833 0.3906
13.2 0.3901
13.2167 0.3893
13.2333 0.3888
13.25 0.3883
13.2667 0.3877
13.2833 0.3871
13.3 0.3864
13.3167 0.3858
13.3333 0.3849
13.35 0.3844
13.3667 0.3836
13.3833 0.3829
13.4 0.3821
13.4167 0.3811
13.4333 0.3806
13.45 0.3799
13.4667 0.3791
13.4833 0.3783
13.5 0.3774
13.5167 0.3766
13.5333 0.3757
13.55 0.3748
13.5667 0.3739
13.5833 0.373
13.6 0.3721
13.6167 0.3712
13.6333 0.3702
13.65 0.3692
13.6667 0.3683
13.6833 0.3673
13.7 0.3663
13.7167 0.3653
13.7333 0.3642
13.75 0.3632
13.7667 0.3621
13.7833 0.3611
13.8 0.36
13.8167 0.3589
13.8333 0.3573
13.85 0.3566
13.8667 0.3555
13.8833 0.3543
13.9 0.3532
13.9167 0.352
13.9333 0.3508
13.95 0.3496
13.9667 0.3484
13.9833 0.3472
14.0 0.3459
14.0167 0.3447
14.0333 0.3434
14.05 0.3421
14.0667 0.3408
14.0833 0.3395
14.1 0.3382
14.1167 0.3369
14.1333 0.3356
14.15 0.3342
14.1667 0.3329
14.1833 0.3315
14.2 0.3302
14.2167 0.3288
14.2333 0.3274
14.25 0.3259
14.2667 0.3246
14.2833 0.3231
14.3 0.3217
14.3167 0.3203
14.3333 0.3185
14.35 0.3173
14.3667 0.3159
14.3833 0.3144
14.4 0.3129
14.4167 0.3113
14.4333 0.3099
14.45 0.3084
14.4667 0.3069
14.4833 0.3053
14.5 0.3037
14.5167 0.3022
14.5333 0.3007
14.55 0.2991
14.5667 0.2975
14.5833 0.2959
14.6 0.2944
14.6167 0.2928
14.6333 0.2912
14.65 0.2896
14.6667 0.2879
14.6833 0.2864
14.7 0.2847
14.7167 0.2831
14.7333 0.2814
14.75 0.2798
14.7667 0.2782
14.7833 0.2765
14.8 0.2749
14.8167 0.2732
14.8333 0.2715
14.85 0.2698
14.8667 0.2682
14.8833 0.2665
14.9 0.2648
14.9167 0.263
14.9333 0.2614
14.95 0.2597
14.9667 0.258
14.9833 0.2563
15.0 0.2546
15.0167 0.2529
15.0333 0.2511
15.05 0.2494
15.0667 0.2476
15.0833 0.246
15.1 0.2442
15.1167 0.2425
15.1333 0.2408
15.15 0.239
15.1667 0.2373
15.1833 0.2355
15.2 0.2338
15.2167 0.2321
15.2333 0.2303
15.25 0.2285
15.2667 0.2268
15.2833 0.2251
15.3 0.2233
15.3167 0.2215
15.3333 0.2198
15.35 0.2181
15.3667 0.2163
15.3833 0.2146
15.4 0.2128
15.4167 0.2111
15.4333 0.2093
15.45 0.2075
15.4667 0.2058
15.4833 0.2041
15.5 0.2023
15.5167 0.2006
15.5333 0.1988
15.55 0.1971
15.5667 0.1954
15.5833 0.1936
15.6 0.1919
15.6167 0.1902
15.6333 0.1884
15.65 0.1867
15.6667 0.185
15.6833 0.1832
15.7 0.1815
15.7167 0.1798
15.7333 0.1781
15.75 0.1764
15.7667 0.1746
15.7833 0.173
15.8 0.1713
15.8167 0.1696
15.8333 0.1679
15.85 0.1662
15.8667 0.1645
15.8833 0.1628
15.9 0.1612
15.9167 0.1595
15.9333 0.1578
15.95 0.1562
15.9667 0.1545
15.9833 0.1528
16.0 0.1512
16.0167 0.1495
16.0333 0.1479
16.05 0.1463
16.0667 0.1447
16.0833 0.143
16.1 0.1415
16.1167 0.1398
16.1333 0.1383
16.15 0.1367
16.1667 0.1351
16.1833 0.1335
16.2 0.1319
16.2167 0.1304
16.2333 0.1288
16.25 0.1273
16.2667 0.1257
16.2833 0.1242
16.3 0.1227
16.3167 0.1211
16.3333 0.1196
16.35 0.1181
16.3667 0.1166
16.3833 0.1152
16.4 0.1137
16.4167 0.1122
16.4333 0.1107
16.45 0.1093
16.4667 0.1078
16.4833 0.1064
16.5 0.105
16.5167 0.1035
16.5333 0.1021
16.55 0.1007
16.5667 0.09935
16.5833 0.09797
16.6 0.09659
16.6167 0.09523
16.6333 0.09387
16.65 0.09253
16.6667 0.09119
16.6833 0.08986
16.7 0.08854
16.7167 0.08724
16.7333 0.08594
16.75 0.08465
16.7667 0.08337
16.7833 0.0821
16.8 0.08085
16.8167 0.0796
16.8333 0.07836
16.85 0.07713
16.8667 0.07591
16.8833 0.07471
16.9 0.07351
16.9167 0.07232
16.9333 0.07115
16.95 0.06998
16.9667 0.06883
16.9833 0.06768
17.0 0.06655
17.0167 0.06542
17.0333 0.06431
17.05 0.06321
17.0667 0.06212
17.0833 0.06104
17.1 0.05997
17.1167 0.05891
17.1333 0.05786
17.15 0.05682
17.1667 0.0558
17.1833 0.05478
17.2 0.05378
17.2167 0.05278
17.2333 0.0518
17.25 0.05083
17.2667 0.04987
17.2833 0.04892
17.3 0.04798
17.3167 0.04705
17.3333 0.04614
17.35 0.04523
17.3667 0.04434
17.3833 0.04345
17.4 0.04258
17.4167 0.04172
17.4333 0.04086
17.45 0.04002
17.4667 0.03919
17.4833 0.03838
17.5 0.03757
17.5167 0.03677
17.5333 0.03599
17.55 0.03521
17.5667 0.03444
17.5833 0.03369
17.6 0.03295
17.6167 0.03221
17.6333 0.03149
17.65 0.03078
17.6667 0.03008
17.6833 0.02939
17.7 0.02871
17.7167 0.02804
17.7333 0.02738
17.75 0.02673
17.7667 0.02609
17.7833 0.02546
17.8 0.02484
17.8167 0.02424
17.8333 0.02364
17.85 0.02305
17.8667 0.02247
17.8833 0.0219
17.9 0.02134
17.9167 0.02079
17.9333 0.02025
17.95 0.01972
17.9667 0.0192
17.9833 0.01869
18.0 0.01819
18.0167 0.01769
18.0333 0.01721
18.05 0.01674
18.0667 0.01627
18.0833 0.01581
18.1 0.01537
18.1167 0.01493
18.1333 0.0145
18.15 0.01408
18.1667 0.01366
18.1833 0.01326
18.2 0.01286
18.2167 0.01247
18.2333 0.01209
18.25 0.01172
18.2667 0.01136
18.2833 0.011
18.3 0.01066
18.3167 0.01031
18.3333 0.009982
18.35 0.009656
18.3667 0.009338
18.3833 0.009028
18.4 0.008724
18.4167 0.008428
18.4333 0.008139
18.45 0.007856
18.4667 0.00758
18.4833 0.007311
18.5 0.007049
18.5167 0.006793
18.5333 0.006544
18.55 0.006301
18.5667 0.006064
18.5833 0.005833
18.6 0.005608
18.6167 0.005389
18.6333 0.005175
18.65 0.004968
18.6667 0.004766
18.6833 0.004569
18.7 0.004378
18.7167 0.004192
18.7333 0.004011
18.75 0.003836
18.7667 0.003665
18.7833 0.003499
18.8 0.003338
18.8167 0.003182
18.8333 0.00303
18.85 0.002883
18.8667 0.00274
18.8833 0.002602
18.9 0.002468
18.9167 0.002338
18.9333 0.002212
18.95 0.00209
18.9667 0.001972
18.9833 0.001858
19.0 0.001748
19.0167 0.001642
19.0333 0.001539
19.05 0.00144
19.0667 0.001345
19.0833 0.001254
19.1 0.001165
19.1167 0.001081
19.1333 0.001
19.15 0.0009228
19.1667 0.0008491
19.1833 0.0007791
19.2 0.000713
19.2167 0.000651
19.2333 0.0005866
19.25 0.000522
19.2667 0.0004673
19.2833 0.000421
19.3 0.0003818
19.3167 0.0003314
19.3333 0.0002977
19.35 0.000257
19.3667 0.0002233
19.3833 0.0001949
19.4 0.0001694
19.4167 0.0001446
19.4333 0.0001218
19.45 0.0001015
19.4667 8.488e-05
19.4833 7.103e-05
19.5 5.775e-05
19.5167 4.752e-05
19.5333 3.803e-05
19.55 3.051e-05
19.5667 2.442e-05
19.5833 1.905e-05
19.6 1.473e-05
19.6167 1.128e-05
19.6333 8.516e-06
19.65 6.205e-06
19.6667 4.48e-06
19.6833 3.159e-06
19.7 2.074e-06
19.7167 1.341e-06
19.7333 8.262e-07
19.75 4.932e-07
19.7667 2.893e-07
19.7833 1.623e-07
19.8 8.238e-08
19.8167 3.498e-08
19.8333 1.063e-08
19.85 1.574e-09
19.8667 1.088e-10
19.8833 3.031e-12
19.9 2.498e-14
19.9167 3.756e-17
19.9333 0.0
19.95 0.0
19.9667 0.0
19.9833 0.0
20.0 0.0
20.0167 0.0
20.0333 0.0
20.05 0.0
20.0667 0.0
20.0833 0.0
20.1 0.0
20.1167 0.0
20.1333 0.0
20.15 0.0
20.1667 0.0
20.1833 0.0
20.2 0.0
20.2167 0.0
20.2333 0.0
20.25 0.0
20.2667 0.0
20.2833 0.0
20.3 0.0
20.3167 0.0
20.3333 0.0
20.35 0.0
20.3667 0.0
20.3833 0.0
20.4 0.0
20.4167 0.0
20.4333 0.0
20.45 0.0
20.4667 0.0
20.4833 0.0
20.5 0.0
20.5167 0.0
20.5333 0.0
20.55 0.0
20.5667 0.0
20.5833 0.0
20.6 0.0
20.6167 0.0
20.6333 0.0
20.65 0.0
20.6667 0.0
20.6833 0.0
20.7 0.0
20.7167 0.0
20.7333 0.0
20.75 0.0
20.7667 0.0
20.7833 0.0
20.8 0.0
20.8167 0.0
20.8333 0.0
20.85 0.0
20.8667 0.0
20.8833 0.0
20.9 0.0
20.9167 0.0
20.9333 0.0
20.95 0.0
20.9667 0.0
20.9833 0.0
21.0 0.0
21.0167 0.0
21.0333 0.0
21.05 0.0
21.0667 0.0
21.0833 0.0
21.1 0.0
21.1167 0.0
21.1333 0.0
21.15 0.0
21.1667 0.0
21.1833 0.0
21.2 0.0
21.2167 0.0
21.2333 0.0
21.25 0.0
21.2667 0.0
21.2833 0.0
21.3 0.0
21.3167 0.0
21.3333 0.0
21.35 0.0
21.3667 0.0
21.3833 0.0
21.4 0.0
21.4167 0.0
21.4333 0.0
21.45 0.0
21.4667 0.0
21.4833 0.0
21.5 0.0
21.5167 0.0
21.5333 0.0
21.55 0.0
21.5667 0.0
21.5833 0.0
21.6 0.0
21.6167 0.0
21.6333 0.0
21.65 0.0
21.6667 0.0
21.6833 0.0
21.7 0.0
21.7167 0.0
21.7333 0.0
21.75 0.0
21.7667 0.0
21.7833 0.0
21.8 0.0
21.8167 0.0
21.8333 0.0
21.85 0.0
21.8667 0.0
21.8833 0.0
21.9 0.0
21.9167 0.0
21.9333 0.0
21.95 0.0
21.9667 0.0
21.9833 0.0
22.0 0.0
22.0167 0.0
22.0333 0.0
22.05 0.0
22.0667 0.0
22.0833 0.0
22.1 0.0
22.1167 0.0
22.1333 0.0
22.15 0.0
22.1667 0.0
22.1833 0.0
22.2 0.0
22.2167 0.0
22.2333 0.0
22.25 0.0
22.2667 0.0
22.2833 0.0
22.3 0.0
22.3167 0.0
22.3333 0.0
22.35 0.0
22.3667 0.0
22.3833 0.0
22.4 0.0
22.4167 0.0
22.4333 0.0
22.45 0.0
22.4667 0.0
22.4833 0.0
22.5 0.0
22.5167 0.0
22.5333 0.0
22.55 0.0
22.5667 0.0
22.5833 0.0
22.6 0.0
22.6167 0.0
22.6333 0.0
22.65 0.0
22.6667 0.0
22.6833 0.0
22.7 0.0
22.7167 0.0
22.7333 0.0
22.75 0.0
22.7667 0.0
22.7833 0.0
22.8 0.0
22.8167 0.0
22.8333 0.0
22.85 0.0
22.8667 0.0
22.8833 0.0
22.9 0.0
22.9167 0.0
22.9333 0.0
22.95 0.0
22.9667 0.0
22.9833 0.0
23.0 0.0
23.0167 0.0
23.0333 0.0
23.05 0.0
23.0667 0.0
23.0833 0.0
23.1 0.0
23.1167 0.0
23.1333 0.0
23.15 0.0
23.1667 0.0
23.1833 0.0
23.2 0.0
23.2167 0.0
23.2333 0.0
23.25 0.0
23.2667 0.0
23.2833 0.0
23.3 0.0
23.3167 0.0
23.3333 0.0
23.35 0.0
23.3667 0.0
23.3833 0.0
23.4 0.0
23.4167 0.0
23.4333 0.0
23.45 0.0
23.4667 0.0
23.4833 0.0
23.5 0.0
23.5167 0.0
23.5333 0.0
23.55 0.0
23.5667 0.0
23.5833 0.0
23.6 0.0
23.6167 0.0
23.6333 0.0
23.65 0.0
23.6667 0.0
23.6833 0.0
23.7 0.0
23.7167 0.0
23.7333 0.0
23.75 0.0
23.7667 0.0
23.7833 0.0
23.8 0.0
23.8167 0.0
23.8333 0.0
23.85 0.0
23.8667 0.0
23.8833 0.0
23.9 0.0
23.9167 0.0
23.9333 0.0
23.95 0.0
23.9667 0.0
23.9833 0.0
