0.0 0.0
0.0167 0.0
0.0333 0.0
0.05 0.0
0.0667 0.0
0.0833 0.0
0.1 0.0
0.1167 0.0
0.1333 0.0
0.15 0.0
0.1667 0.0
0.1833 0.0
0.2 0.0
0.2167 0.0
0.2333 0.0
0.25 0.0
0.2667 0.0
0.2833 0.0
0.3 0.0
0.3167 0.0
0.3333 0.0
0.35 0.0
0.3667 0.0
0.3833 0.0
0.4 0.0
0.4167 0.0
0.4333 0.0
0.45 0.0
0.4667 0.0
0.4833 0.0
0.5 0.0
0.5167 0.0
0.5333 0.0
0.55 0.0
0.5667 0.0
0.5833 0.0
0.6 0.0
0.6167 0.0
0.6333 0.0
0.65 0.0
0.6667 0.0
0.6833 0.0
0.7 0.0
0.7167 0.0
0.7333 0.0
0.75 0.0
0.7667 0.0
0.7833 0.0
0.8 0.0
0.8167 0.0
0.8333 0.0
0.85 0.0
0.8667 0.0
0.8833 0.0
0.9 0.0
0.9167 0.0
0.9333 0.0
0.95 0.0
0.9667 0.0
0.9833 0.0
1.0 0.0
1.0167 0.0
1.0333 0.0
1.05 0.0
1.0667 0.0
1.0833 0.0
1.1 0.0
1.1167 0.0
1.1333 0.0
1.15 0.0
1.1667 0.0
1.1833 0.0
1.2 0.0
1.2167 0.0
1.2333 0.0
1.25 0.0
1.2667 0.0
1.2833 0.0
1.3 0.0
1.3167 0.0
1.3333 0.0
1.35 0.0
1.3667 0.0
1.3833 0.0
1.4 0.0
1.4167 0.0
1.4333 0.0
1.45 0.0
1.4667 0.0
1.4833 0.0
1.5 0.0
1.5167 0.0
1.5333 0.0
1.55 0.0
1.5667 0.0
1.5833 0.0
1.6 0.0
1.6167 0.0
1.6333 0.0
1.65 0.0
1.6667 0.0
1.6833 0.0
1.7 0.0
1.7167 0.0
1.7333 0.0
1.75 0.0
1.7667 0.0
1.7833 0.0
1.8 0.0
1.8167 0.0
1.8333 0.0
1.85 0.0
1.8667 0.0
1.8833 0.0
1.9 0.0
1.9167 0.0
1.9333 0.0
1.95 0.0
1.9667 0.0
1.9833 0.0
2.0 0.0
2.0167 0.0
2.0333 0.0
2.05 0.0
2.0667 0.0
2.0833 0.0
2.1 0.0
2.1167 0.0
2.1333 0.0
2.15 0.0
2.1667 0.0
2.1833 0.0
2.2 0.0
2.2167 0.0
2.2333 0.0
2.25 0.0
2.2667 0.0
2.2833 0.0
2.3 0.0
2.3167 0.0
2.3333 0.0
2.35 0.0
2.3667 0.0
2.3833 0.0
2.4 0.0
2.4167 0.0
2.4333 0.0
2.45 0.0
2.4667 0.0
2.4833 0.0
2.5 0.0
2.5167 0.0
2.5333 0.0
2.55 0.0
2.5667 0.0
2.5833 0.0
2.6 0.0
2.6167 0.0
2.6333 0.0
2.65 0.0
2.6667 0.0
2.6833 0.0
2.7 0.0
2.7167 0.0
2.7333 0.0
2.75 0.0
2.7667 0.0
2.7833 0.0
2.8 0.0
2.8167 0.0
2.8333 0.0
2.85 0.0
2.8667 0.0
2.8833 0.0
2.9 0.0
2.9167 0.0
2.9333 0.0
2.95 0.0
2.9667 0.0
2.9833 0.0
3.0 0.0
3.0167 0.0
3.0333 0.0
3.05 0.0
3.0667 0.0
3.0833 0.0
3.1 0.0
3.1167 0.0
3.1333 0.0
3.15 0.0
3.1667 0.0
3.1833 0.0
3.2 0.0
3.2167 0.0
3.2333 0.0
3.25 0.0
3.2667 0.0
3.2833 0.0
3.3 0.0
3.3167 0.0
3.3333 0.0
3.35 0.0
3.3667 0.0
3.3833 0.0
3.4 0.0
3.4167 0.0
3.4333 0.0
3.45 0.0
3.4667 0.0
3.4833 0.0
3.5 0.0
3.5167 0.0
3.5333 0.0
3.55 0.0
3.5667 0.0
3.5833 0.0
3.6 0.0
3.6167 0.0
3.6333 0.0
3.65 0.0
3.6667 0.0
3.6833 0.0
3.7 0.0
3.7167 0.0
3.7333 0.0
3.75 0.0
3.7667 0.0
3.7833 0.0
3.8 0.0
3.8167 0.0
3.8333 0.0
3.85 0.0
3.8667 0.0
3.8833 0.0
3.9 0.0
3.9167 0.0
3.9333 0.0
3.95 0.0
3.9667 0.0
3.9833 0.0
4.0 0.0
4.0167 0.0
4.0333 0.0
4.05 0.0
4.0667 0.0
4.0833 0.0
4.1 0.0
4.1167 0.0
4.1333 0.0
4.15 0.0
4.1667 0.0
4.1833 0.0
4.2 0.0
4.2167 0.0
4.2333 0.0
4.25 0.0
4.2667 0.0
4.2833 0.0
4.3 0.0
4.3167 0.0
4.3333 0.0
4.35 0.0
4.3667 0.0
4.3833 0.0
4.4 0.0
4.4167 0.0
4.4333 0.0
4.45 0.0
4.4667 0.0
4.4833 0.0
4.5 0.0
4.5167 0.0
4.5333 0.0
4.55 0.0
4.5667 0.0
4.5833 0.0
4.6 0.0
4.6167 0.0
4.6333 0.0
4.65 0.0
4.6667 0.0
4.6833 0.0
4.7 0.0
4.7167 0.0
4.7333 0.0
4.75 0.0
4.7667 0.0
4.7833 0.0
4.8 0.0
4.8167 0.0
4.8333 0.0
4.85 0.0
4.8667 0.0
4.8833 0.0
4.9 0.0
4.9167 0.0
4.9333 0.0
4.95 0.0
4.9667 0.0
4.9833 0.0
5.0 0.0
5.0167 0.0
5.0333 0.0
5.05 0.0
5.0667 0.0
5.0833 0.0
5.1 0.0
5.1167 0.0
5.1333 0.0
5.15 0.0
5.1667 0.0
5.1833 0.0
5.2 0.0
5.2167 0.0
5.2333 0.0
5.25 0.0
5.2667 0.0
5.2833 0.0
5.3 0.0
5.3167 0.0
5.3333 0.0
5.35 0.0
5.3667 0.0
5.3833 0.0
5.4 0.0
5.4167 0.0
5.4333 0.0
5.45 0.0
5.4667 0.0
5.4833 0.0
5.5 0.0
5.5167 0.0
5.5333 0.0
5.55 0.0
5.5667 0.0
5.5833 0.0
5.6 0.0
5.6167 0.0
5.6333 0.0
5.65 0.0
5.6667 0.0
5.6833 0.0
5.7 0.0
5.7167 0.0
5.7333 0.0
5.75 0.0
5.7667 0.0
5.7833 0.0
5.8 0.0
5.8167 0.0
5.8333 0.0
5.85 0.0
5.8667 0.0
5.8833 0.0
5.9 0.0
5.9167 0.0
5.9333 0.0
5.95 0.0
5.9667 0.0
5.9833 0.0
6.0 0.0
6.0167 0.0
6.0333 0.0
6.05 0.0
6.0667 0.0
6.0833 0.0
6.1 0.0
6.1167 0.0
6.1333 0.0
6.15 0.0
6.1667 0.0
6.1833 0.0
6.2 0.0
6.2167 0.0
6.2333 0.0
6.25 0.0
6.2667 0.0
6.2833 0.0
6.3 0.0
6.3167 0.0
6.3333 0.0
6.35 0.0
6.3667 0.0
6.3833 0.0
6.4 0.0
6.4167 0.0
6.4333 0.0
6.45 0.0
6.4667 0.0
6.4833 0.0
6.5 0.0
6.5167 0.0
6.5333 0.0
6.55 0.0
6.5667 4.637e-20
6.5833 1.05e-15
6.6 3.394e-13
6.6167 2.888e-11
6.6333 6.46e-10
6.65 6.712e-09
6.6667 2.82e-08
6.6833 7.584e-08
6.7 1.562e-07
6.7167 2.87e-07
6.7333 5.004e-07
6.75 8.527e-07
6.7667 1.414e-06
6.7833 2.201e-06
6.8 3.364e-06
6.8167 4.84e-06
6.8333 6.833e-06
6.85 9.233e-06
6.8667 1.232e-05
6.8833 1.623e-05
6.9 2.106e-05
6.9167 2.695e-05
6.9333 3.416e-05
6.95 4.308e-05
6.9667 5.337e-05
6.9833 6.543e-05
7.0 7.966e-05
7.0167 9.685e-05
7.0333 0.0001151
7.05 0.0001363
7.0667 0.0001606
7.0833 0.0001879
7.1 0.0002187
7.1167 0.0002544
7.1333 0.0002895
7.15 0.0003289
7.1667 0.0003761
7.1833 0.0004208
7.2 0.0004667
7.2167 0.0005209
7.2333 0.0005849
7.25 0.0006544
7.2667 0.0007173
7.2833 0.0007846
7.3 0.0008558
7.3167 0.0009309
7.3333 0.001009
7.35 0.001092
7.3667 0.001177
7.3833 0.001266
7.4 0.001359
7.4167 0.001455
7.4333 0.001555
7.45 0.001659
7.4667 0.001765
7.4833 0.001876
7.5 0.00199
7.5167 0.002108
7.5333 0.002229
7.55 0.002354
7.5667 0.002483
7.5833 0.002616
7.6 0.002753
7.6167 0.002894
7.6333 0.003039
7.65 0.003188
7.6667 0.003341
7.6833 0.003499
7.7 0.003661
7.7167 0.003827
7.7333 0.003997
7.75 0.004172
7.7667 0.004352
7.7833 0.004537
7.8 0.004726
7.8167 0.00492
7.8333 0.005118
7.85 0.005322
7.8667 0.00553
7.8833 0.005744
7.9 0.005963
7.9167 0.006187
7.9333 0.006416
7.95 0.00665
7.9667 0.00689
7.9833 0.007136
8.0 0.007387
8.0167 0.007643
8.0333 0.007905
8.05 0.008173
8.0667 0.008446
8.0833 0.008726
8.1 0.009011
8.1167 0.009301
8.1333 0.009598
8.15 0.009902
8.1667 0.01021
8.1833 0.01053
8.2 0.01085
8.2167 0.01117
8.2333 0.01151
8.25 0.01185
8.2667 0.01219
8.2833 0.01255
8.3 0.01291
8.3167 0.01327
8.3333 0.01364
8.35 0.01402
8.3667 0.01441
8.3833 0.0148
8.4 0.0152
8.4167 0.0156
8.4333 0.01602
8.45 0.01643
8.4667 0.01686
8.4833 0.01729
8.5 0.01773
8.5167 0.01818
8.5333 0.01863
8.55 0.01909
8.5667 0.01955
8.5833 0.02003
8.6 0.02051
8.6167 0.02099
8.6333 0.02149
8.65 0.02199
8.6667 0.02249
8.6833 0.02301
8.7 0.02353
8.7167 0.02406
8.7333 0.02459
8.75 0.02513
8.7667 0.02568
8.7833 0.02624
8.8 0.0268
8.8167 0.02737
8.8333 0.02794
8.85 0.02853
8.8667 0.02912
8.8833 0.02971
8.9 0.03032
8.9167 0.03093
8.9333 0.03154
8.95 0.03217
8.9667 0.0328
8.9833 0.03343
9.0 0.03408
9.0167 0.03473
9.0333 0.03538
9.05 0.03605
9.0667 0.03671
9.0833 0.03739
9.1 0.03807
9.1167 0.03876
9.1333 0.03946
9.15 0.04016
9.1667 0.04086
9.1833 0.04158
9.2 0.0423
9.2167 0.04302
9.2333 0.04376
9.25 0.04449
9.2667 0.04524
9.2833 0.04599
9.3 0.04674
9.3167 0.0475
9.3333 0.04827
9.35 0.04904
9.3667 0.04982
9.3833 0.0506
9.4 0.05139
9.4167 0.05218
9.4333 0.05298
9.45 0.05379
9.4667 0.0546
9.4833 0.05541
9.5 0.05623
9.5167 0.05706
9.5333 0.05789
9.55 0.05872
9.5667 0.05956
9.5833 0.0604
9.6 0.06125
9.6167 0.0621
9.6333 0.06296
9.65 0.06382
9.6667 0.06469
9.6833 0.06556
9.7 0.06643
9.7167 0.06731
9.7333 0.06819
9.75 0.06907
9.7667 0.06996
9.7833 0.07085
9.8 0.07175
9.8167 0.07265
9.8333 0.07355
9.85 0.07445
9.8667 0.07536
9.8833 0.07627
9.9 0.07719
9.9167 0.0781
9.9333 0.07902
9.95 0.07994
9.9667 0.08087
9.9833 0.0818
10.0 0.08273
10.0167 0.08366
10.0333 0.08459
10.05 0.08553
10.0667 0.08646
10.0833 0.0874
10.1 0.08834
10.1167 0.08928
10.1333 0.09023
10.15 0.09117
10.1667 0.09212
10.1833 0.09307
10.2 0.09401
10.2167 0.09496
10.2333 0.09591
10.25 0.09686
10.2667 0.09781
10.2833 0.09877
10.3 0.09972
10.3167 0.1007
10.3333 0.1016
10.35 0.1026
10.3667 0.1035
10.3833 0.1045
10.4 0.1054
10.4167 0.1064
10.4333 0.1073
10.45 0.1083
10.4667 0.1092
10.4833 0.1102
10.5 0.1111
10.5167 0.1121
10.5333 0.113
10.55 0.1139
10.5667 0.1149
10.5833 0.1158
10.6 0.1168
10.6167 0.1177
10.6333 0.1186
10.65 0.1196
10.6667 0.1205
10.6833 0.1214
10.7 0.1224
10.7167 0.1233
10.7333 0.1242
10.75 0.1251
10.7667 0.126
10.7833 0.1269
10.8 0.1278
10.8167 0.1288
10.8333 0.1297
10.85 0.1305
10.8667 0.1314
10.8833 0.1323
10.9 0.1332
10.9167 0.1341
10.9333 0.135
10.95 0.1359
10.9667 0.1367
10.9833 0.1376
11.0 0.1385
11.0167 0.1393
11.0333 0.1402
11.05 0.141
11.0667 0.1419
11.0833 0.1426
11.1 0.1435
11.1167 0.1444
11.1333 0.1452
11.15 0.146
11.1667 0.1468
11.1833 0.1476
11.2 0.1484
11.2167 0.1492
11.2333 0.15
11.25 0.1508
11.2667 0.1516
11.2833 0.1523
11.3 0.1531
11.3167 0.1539
11.3333 0.1546
11.35 0.1553
11.3667 0.156
11.3833 0.1568
11.4 0.1576
11.4167 0.1583
11.4333 0.159
11.45 0.1597
11.4667 0.1604
11.4833 0.161
11.5 0.1617
11.5167 0.1624
11.5333 0.1631
11.55 0.1638
11.5667 0.1644
11.5833 0.165
11.6 0.1657
11.6167 0.1663
11.6333 0.1669
11.65 0.1675
11.6667 0.1681
11.6833 0.1687
11.7 0.1693
11.7167 0.1698
11.7333 0.1705
11.75 0.171
11.7667 0.1716
11.7833 0.1721
11.8 0.1727
11.8167 0.1731
11.8333 0.1737
11.85 0.1742
11.8667 0.1747
11.8833 0.1752
11.9 0.1757
11.9167 0.1762
11.9333 0.1766
11.95 0.1771
11.9667 0.1775
11.9833 0.1779
12.0 0.1784
12.0167 0.1788
12.0333 0.1792
12.05 0.1796
12.0667 0.18
12.0833 0.1803
12.1 0.1807
12.1167 0.1811
12.1333 0.1813
12.15 0.1817
12.1667 0.1821
12.1833 0.1824
12.2 0.1827
12.2167 0.183
12.2333 0.1833
12.25 0.1835
12.2667 0.1838
12.2833 0.1841
12.3 0.1843
12.3167 0.1845
12.3333 0.1848
12.35 0.185
12.3667 0.1852
12.3833 0.1854
12.4 0.1856
12.4167 0.1857
12.4333 0.1859
12.45 0.186
12.4667 0.1862
12.4833 0.1863
12.5 0.1864
12.5167 0.1865
12.5333 0.1866
12.55 0.1867
12.5667 0.1868
12.5833 0.1868
12.6 0.1869
12.6167 0.1869
12.6333 0.1869
12.65 0.187
12.6667 0.187
12.6833 0.187
12.7 0.187
12.7167 0.187
12.7333 0.1869
12.75 0.1869
12.7667 0.1869
12.7833 0.1868
12.8 0.1867
12.8167 0.1866
12.8333 0.1865
12.85 0.1864
12.8667 0.1863
12.8833 0.1862
12.9 0.186
12.9167 0.1859
12.9333 0.1857
12.95 0.1856
12.9667 0.1854
12.9833 0.1852
13.0 0.185
13.0167 0.1848
13.0333 0.1846
13.05 0.1843
13.0667 0.1841
13.0833 0.1838
13.1 0.1836
13.1167 0.1833
13.1333 0.183
13.15 0.1827
13.1667 0.1824
13.1833 0.1821
13.2 0.1818
13.2167 0.1813
13.2333 0.1811
13.25 0.1807
13.2667 0.1803
13.2833 0.18
13.3 0.1796
13.3167 0.1792
13.3333 0.1788
13.35 0.1784
13.3667 0.178
13.3833 0.1775
13.4 0.1771
13.4167 0.1766
13.4333 0.1762
13.45 0.1757
13.4667 0.1752
13.4833 0.1748
13.5 0.1743
13.5167 0.1737
13.5333 0.1732
13.55 0.1727
13.5667 0.1721
13.5833 0.1716
13.6 0.1711
13.6167 0.1705
13.6333 0.1699
13.65 0.1694
13.6667 0.1688
13.6833 0.1682
13.7 0.1676
13.7167 0.167
13.7333 0.1664
13.75 0.1657
13.7667 0.1651
13.7833 0.1645
13.8 0.1638
13.8167 0.1631
13.8333 0.1624
13.85 0.1617
13.8667 0.1611
13.8833 0.1604
13.9 0.1597
13.9167 0.159
13.9333 0.1583
13.95 0.1576
13.9667 0.1569
13.9833 0.1561
14.0 0.1554
14.0167 0.1547
14.0333 0.1539
14.05 0.1532
14.0667 0.1524
14.0833 0.1516
14.1 0.1509
14.1167 0.1501
14.1333 0.1492
14.15 0.1485
14.1667 0.1477
14.1833 0.1469
14.2 0.1461
14.2167 0.1453
14.2333 0.1444
14.25 0.1436
14.2667 0.1427
14.2833 0.1419
14.3 0.1411
14.3167 0.1402
14.3333 0.1394
14.35 0.1385
14.3667 0.1377
14.3833 0.1368
14.4 0.1359
14.4167 0.1351
14.4333 0.1342
14.45 0.1333
14.4667 0.1324
14.4833 0.1315
14.5 0.1306
14.5167 0.1297
14.5333 0.1288
14.55 0.1279
14.5667 0.127
14.5833 0.1261
14.6 0.1252
14.6167 0.1243
14.6333 0.1233
14.65 0.1224
14.6667 0.1215
14.6833 0.1206
14.7 0.1196
14.7167 0.1187
14.7333 0.1178
14.75 0.1168
14.7667 0.1159
14.7833 0.115
14.8 0.114
14.8167 0.1131
14.8333 0.1121
14.85 0.1112
14.8667 0.1102
14.8833 0.1093
14.9 0.1083
14.9167 0.1074
14.9333 0.1064
14.95 0.1055
14.9667 0.1046
14.9833 0.1036
15.0 0.1026
15.0167 0.1017
15.0333 0.1007
15.05 0.09979
15.0667 0.09884
15.0833 0.09789
15.1 0.09694
15.1167 0.09599
15.1333 0.09504
15.15 0.09409
15.1667 0.09314
15.1833 0.09219
15.2 0.09125
15.2167 0.0903
15.2333 0.08936
15.25 0.08842
15.2667 0.08747
15.2833 0.08653
15.3 0.0856
15.3167 0.08466
15.3333 0.08373
15.35 0.0828
15.3667 0.08187
15.3833 0.08094
15.4 0.08001
15.4167 0.07909
15.4333 0.07817
15.45 0.07726
15.4667 0.07634
15.4833 0.07543
15.5 0.07452
15.5167 0.07362
15.5333 0.07271
15.55 0.07182
15.5667 0.07092
15.5833 0.07003
15.6 0.06914
15.6167 0.06825
15.6333 0.06737
15.65 0.06649
15.6667 0.06562
15.6833 0.06475
15.7 0.06388
15.7167 0.06303
15.7333 0.06217
15.75 0.06131
15.7667 0.06047
15.7833 0.05962
15.8 0.05878
15.8167 0.05795
15.8333 0.05712
15.85 0.05629
15.8667 0.05547
15.8833 0.05466
15.9 0.05385
15.9167 0.05304
15.9333 0.05224
15.95 0.05145
15.9667 0.05066
15.9833 0.04988
16.0 0.0491
16.0167 0.04833
16.0333 0.04756
16.05 0.0468
16.0667 0.04604
16.0833 0.04529
16.1 0.04455
16.1167 0.04381
16.1333 0.04308
16.15 0.04235
16.1667 0.04163
16.1833 0.04092
16.2 0.04021
16.2167 0.03951
16.2333 0.03881
16.25 0.03812
16.2667 0.03744
16.2833 0.03676
16.3 0.03609
16.3167 0.03543
16.3333 0.03477
16.35 0.03412
16.3667 0.03348
16.3833 0.03284
16.4 0.03221
16.4167 0.03159
16.4333 0.03097
16.45 0.03036
16.4667 0.02976
16.4833 0.02916
16.5 0.02857
16.5167 0.02799
16.5333 0.02741
16.55 0.02684
16.5667 0.02628
16.5833 0.02572
16.6 0.02517
16.6167 0.02463
16.6333 0.02409
16.65 0.02357
16.6667 0.02304
16.6833 0.02253
16.7 0.02202
16.7167 0.02152
16.7333 0.02103
16.75 0.02054
16.7667 0.02006
16.7833 0.01959
16.8 0.01912
16.8167 0.01866
16.8333 0.01821
16.85 0.01776
16.8667 0.01732
16.8833 0.01689
16.9 0.01646
16.9167 0.01604
16.9333 0.01563
16.95 0.01523
16.9667 0.01483
16.9833 0.01443
17.0 0.01405
17.0167 0.01367
17.0333 0.0133
17.05 0.01293
17.0667 0.01257
17.0833 0.01222
17.1 0.01187
17.1167 0.01153
17.1333 0.0112
17.15 0.01087
17.1667 0.01055
17.1833 0.01023
17.2 0.009922
17.2167 0.009619
17.2333 0.009321
17.25 0.00903
17.2667 0.008744
17.2833 0.008464
17.3 0.008191
17.3167 0.007923
17.3333 0.00766
17.35 0.007403
17.3667 0.007152
17.3833 0.006906
17.4 0.006666
17.4167 0.006431
17.4333 0.006202
17.45 0.005977
17.4667 0.005758
17.4833 0.005544
17.5 0.005335
17.5167 0.005131
17.5333 0.004932
17.55 0.004738
17.5667 0.004548
17.5833 0.004364
17.6 0.004184
17.6167 0.004009
17.6333 0.003838
17.65 0.003671
17.6667 0.003509
17.6833 0.003351
17.7 0.003198
17.7167 0.003048
17.7333 0.002903
17.75 0.002762
17.7667 0.002625
17.7833 0.002492
17.8 0.002362
17.8167 0.002237
17.8333 0.002115
17.85 0.001997
17.8667 0.001883
17.8833 0.001772
17.9 0.001665
17.9167 0.001561
17.9333 0.001461
17.95 0.001365
17.9667 0.001272
17.9833 0.001183
18.0 0.001097
18.0167 0.001014
18.0333 0.0009355
18.05 0.0008604
18.0667 0.0007889
18.0833 0.0007213
18.1 0.000658
18.1167 0.000589
18.1333 0.0005244
18.15 0.0004697
18.1667 0.0004234
18.1833 0.0003825
18.2 0.0003311
18.2167 0.0002927
18.2333 0.000256
18.25 0.0002204
18.2667 0.0001895
18.2833 0.0001621
18.3 0.0001376
18.3167 0.0001161
18.3333 9.766e-05
18.35 8.109e-05
18.3667 6.609e-05
18.3833 5.461e-05
18.4 4.351e-05
18.4167 3.458e-05
18.4333 2.74e-05
18.45 2.155e-05
18.4667 1.66e-05
18.4833 1.254e-05
18.5 9.374e-06
18.5167 6.931e-06
18.5333 4.982e-06
18.55 3.425e-06
18.5667 2.262e-06
18.5833 1.448e-06
18.6 8.719e-07
18.6167 5.134e-07
18.6333 2.95e-07
18.65 1.608e-07
18.6667 7.838e-08
18.6833 3.071e-08
18.7 7.306e-09
18.7167 7.693e-10
18.7333 3.446e-11
18.75 4.611e-13
18.7667 1.604e-15
18.7833 8.167e-20
18.8 0.0
18.8167 0.0
18.8333 0.0
18.85 0.0
18.8667 0.0
18.8833 0.0
18.9 0.0
18.9167 0.0
18.9333 0.0
18.95 0.0
18.9667 0.0
18.9833 0.0
19.0 0.0
19.0167 0.0
19.0333 0.0
19.05 0.0
19.0667 0.0
19.0833 0.0
19.1 0.0
19.1167 0.0
19.1333 0.0
19.15 0.0
19.1667 0.0
19.1833 0.0
19.2 0.0
19.2167 0.0
19.2333 0.0
19.25 0.0
19.2667 0.0
19.2833 0.0
19.3 0.0
19.3167 0.0
19.3333 0.0
19.35 0.0
19.3667 0.0
19.3833 0.0
19.4 0.0
19.4167 0.0
19.4333 0.0
19.45 0.0
19.4667 0.0
19.4833 0.0
19.5 0.0
19.5167 0.0
19.5333 0.0
19.55 0.0
19.5667 0.0
19.5833 0.0
19.6 0.0
19.6167 0.0
19.6333 0.0
19.65 0.0
19.6667 0.0
19.6833 0.0
19.7 0.0
19.7167 0.0
19.7333 0.0
19.75 0.0
19.7667 0.0
19.7833 0.0
19.8 0.0
19.8167 0.0
19.8333 0.0
19.85 0.0
19.8667 0.0
19.8833 0.0
19.9 0.0
19.9167 0.0
19.9333 0.0
19.95 0.0
19.9667 0.0
19.9833 0.0
20.0 0.0
20.0167 0.0
20.0333 0.0
20.05 0.0
20.0667 0.0
20.0833 0.0
20.1 0.0
20.1167 0.0
20.1333 0.0
20.15 0.0
20.1667 0.0
20.1833 0.0
20.2 0.0
20.2167 0.0
20.2333 0.0
20.25 0.0
20.2667 0.0
20.2833 0.0
20.3 0.0
20.3167 0.0
20.3333 0.0
20.35 0.0
20.3667 0.0
20.3833 0.0
20.4 0.0
20.4167 0.0
20.4333 0.0
20.45 0.0
20.4667 0.0
20.4833 0.0
20.5 0.0
20.5167 0.0
20.5333 0.0
20.55 0.0
20.5667 0.0
20.5833 0.0
20.6 0.0
20.6167 0.0
20.6333 0.0
20.65 0.0
20.6667 0.0
20.6833 0.0
20.7 0.0
20.7167 0.0
20.7333 0.0
20.75 0.0
20.7667 0.0
20.7833 0.0
20.8 0.0
20.8167 0.0
20.8333 0.0
20.85 0.0
20.8667 0.0
20.8833 0.0
20.9 0.0
20.9167 0.0
20.9333 0.0
20.95 0.0
20.9667 0.0
20.9833 0.0
21.0 0.0
21.0167 0.0
21.0333 0.0
21.05 0.0
21.0667 0.0
21.0833 0.0
21.1 0.0
21.1167 0.0
21.1333 0.0
21.15 0.0
21.1667 0.0
21.1833 0.0
21.2 0.0
21.2167 0.0
21.2333 0.0
21.25 0.0
21.2667 0.0
21.2833 0.0
21.3 0.0
21.3167 0.0
21.3333 0.0
21.35 0.0
21.3667 0.0
21.3833 0.0
21.4 0.0
21.4167 0.0
21.4333 0.0
21.45 0.0
21.4667 0.0
21.4833 0.0
21.5 0.0
21.5167 0.0
21.5333 0.0
21.55 0.0
21.5667 0.0
21.5833 0.0
21.6 0.0
21.6167 0.0
21.6333 0.0
21.65 0.0
21.6667 0.0
21.6833 0.0
21.7 0.0
21.7167 0.0
21.7333 0.0
21.75 0.0
21.7667 0.0
21.7833 0.0
21.8 0.0
21.8167 0.0
21.8333 0.0
21.85 0.0
21.8667 0.0
21.8833 0.0
21.9 0.0
21.9167 0.0
21.9333 0.0
21.95 0.0
21.9667 0.0
21.9833 0.0
22.0 0.0
22.0167 0.0
22.0333 0.0
22.05 0.0
22.0667 0.0
22.0833 0.0
22.1 0.0
22.1167 0.0
22.1333 0.0
22.15 0.0
22.1667 0.0
22.1833 0.0
22.2 0.0
22.2167 0.0
22.2333 0.0
22.25 0.0
22.2667 0.0
22.2833 0.0
22.3 0.0
22.3167 0.0
22.3333 0.0
22.35 0.0
22.3667 0.0
22.3833 0.0
22.4 0.0
22.4167 0.0
22.4333 0.0
22.45 0.0
22.4667 0.0
22.4833 0.0
22.5 0.0
22.5167 0.0
22.5333 0.0
22.55 0.0
22.5667 0.0
22.5833 0.0
22.6 0.0
22.6167 0.0
22.6333 0.0
22.65 0.0
22.6667 0.0
22.6833 0.0
22.7 0.0
22.7167 0.0
22.7333 0.0
22.75 0.0
22.7667 0.0
22.7833 0.0
22.8 0.0
22.8167 0.0
22.8333 0.0
22.85 0.0
22.8667 0.0
22.8833 0.0
22.9 0.0
22.9167 0.0
22.9333 0.0
22.95 0.0
22.9667 0.0
22.9833 0.0
23.0 0.0
23.0167 0.0
23.0333 0.0
23.05 0.0
23.0667 0.0
23.0833 0.0
23.1 0.0
23.1167 0.0
23.1333 0.0
23.15 0.0
23.1667 0.0
23.1833 0.0
23.2 0.0
23.2167 0.0
23.2333 0.0
23.25 0.0
23.2667 0.0
23.2833 0.0
23.3 0.0
23.3167 0.0
23.3333 0.0
23.35 0.0
23.3667 0.0
23.3833 0.0
23.4 0.0
23.4167 0.0
23.4333 0.0
23.45 0.0
23.4667 0.0
23.4833 0.0
23.5 0.0
23.5167 0.0
23.5333 0.0
23.55 0.0
23.5667 0.0
23.5833 0.0
23.6 0.0
23.6167 0.0
23.6333 0.0
23.65 0.0
23.6667 0.0
23.6833 0.0
23.7 0.0
23.7167 0.0
23.7333 0.0
23.75 0.0
23.7667 0.0
23.7833 0.0
23.8 0.0
23.8167 0.0
23.8333 0.0
23.85 0.0
23.8667 0.0
23.8833 0.0
23.9 0.0
23.9167 0.0
23.9333 0.0
23.95 0.0
23.9667 0.0
23.9833 0.0
