0.0 0.0
0.0167 0.0
0.0333 0.0
0.05 0.0
0.0667 0.0
0.0833 0.0
0.1 0.0
0.1167 0.0
0.1333 0.0
0.15 0.0
0.1667 0.0
0.1833 0.0
0.2 0.0
0.2167 0.0
0.2333 0.0
0.25 0.0
0.2667 0.0
0.2833 0.0
0.3 0.0
0.3167 0.0
0.3333 0.0
0.35 0.0
0.3667 0.0
0.3833 0.0
0.4 0.0
0.4167 0.0
0.4333 0.0
0.45 0.0
0.4667 0.0
0.4833 0.0
0.5 0.0
0.5167 0.0
0.5333 0.0
0.55 0.0
0.5667 0.0
0.5833 0.0
0.6 0.0
0.6167 0.0
0.6333 0.0
0.65 0.0
0.6667 0.0
0.6833 0.0
0.7 0.0
0.7167 0.0
0.7333 0.0
0.75 0.0
0.7667 0.0
0.7833 0.0
0.8 0.0
0.8167 0.0
0.8333 0.0
0.85 0.0
0.8667 0.0
0.8833 0.0
0.9 0.0
0.9167 0.0
0.9333 0.0
0.95 0.0
0.9667 0.0
0.9833 0.0
1.0 0.0
1.0167 0.0
1.0333 0.0
1.05 0.0
1.0667 0.0
1.0833 0.0
1.1 0.0
1.1167 0.0
1.1333 0.0
1.15 0.0
1.1667 0.0
1.1833 0.0
1.2 0.0
1.2167 0.0
1.2333 0.0
1.25 0.0
1.2667 0.0
1.2833 0.0
1.3 0.0
1.3167 0.0
1.3333 0.0
1.35 0.0
1.3667 0.0
1.3833 0.0
1.4 0.0
1.4167 0.0
1.4333 0.0
1.45 0.0
1.4667 0.0
1.4833 0.0
1.5 0.0
1.5167 0.0
1.5333 0.0
1.55 0.0
1.5667 0.0
1.5833 0.0
1.6 0.0
1.6167 0.0
1.6333 0.0
1.65 0.0
1.6667 0.0
1.6833 0.0
1.7 0.0
1.7167 0.0
1.7333 0.0
1.75 0.0
1.7667 0.0
1.7833 0.0
1.8 0.0
1.8167 0.0
1.8333 0.0
1.85 0.0
1.8667 0.0
1.8833 0.0
1.9 0.0
1.9167 0.0
1.9333 0.0
1.95 0.0
1.9667 0.0
1.9833 0.0
2.0 0.0
2.0167 0.0
2.0333 0.0
2.05 0.0
2.0667 0.0
2.0833 0.0
2.1 0.0
2.1167 0.0
2.1333 0.0
2.15 0.0
2.1667 0.0
2.1833 0.0
2.2 0.0
2.2167 0.0
2.2333 0.0
2.25 0.0
2.2667 0.0
2.2833 0.0
2.3 0.0
2.3167 0.0
2.3333 0.0
2.35 0.0
2.3667 0.0
2.3833 0.0
2.4 0.0
2.4167 0.0
2.4333 0.0
2.45 0.0
2.4667 0.0
2.4833 0.0
2.5 0.0
2.5167 0.0
2.5333 0.0
2.55 0.0
2.5667 0.0
2.5833 0.0
2.6 0.0
2.6167 0.0
2.6333 0.0
2.65 0.0
2.6667 0.0
2.6833 0.0
2.7 0.0
2.7167 0.0
2.7333 0.0
2.75 0.0
2.7667 0.0
2.7833 0.0
2.8 0.0
2.8167 0.0
2.8333 0.0
2.85 0.0
2.8667 0.0
2.8833 0.0
2.9 0.0
2.9167 0.0
2.9333 0.0
2.95 0.0
2.9667 0.0
2.9833 0.0
3.0 0.0
3.0167 0.0
3.0333 0.0
3.05 0.0
3.0667 0.0
3.0833 0.0
3.1 0.0
3.1167 0.0
3.1333 0.0
3.15 0.0
3.1667 0.0
3.1833 0.0
3.2 0.0
3.2167 0.0
3.2333 0.0
3.25 0.0
3.2667 0.0
3.2833 0.0
3.3 0.0
3.3167 0.0
3.3333 0.0
3.35 0.0
3.3667 0.0
3.3833 0.0
3.4 0.0
3.4167 0.0
3.4333 0.0
3.45 0.0
3.4667 0.0
3.4833 0.0
3.5 0.0
3.5167 0.0
3.5333 0.0
3.55 0.0
3.5667 0.0
3.5833 0.0
3.6 0.0
3.6167 0.0
3.6333 0.0
3.65 0.0
3.6667 0.0
3.6833 0.0
3.7 0.0
3.7167 0.0
3.7333 0.0
3.75 0.0
3.7667 0.0
3.7833 0.0
3.8 0.0
3.8167 0.0
3.8333 0.0
3.85 0.0
3.8667 0.0
3.8833 0.0
3.9 0.0
3.9167 0.0
3.9333 0.0
3.95 0.0
3.9667 0.0
3.9833 0.0
4.0 0.0
4.0167 0.0
4.0333 0.0
4.05 0.0
4.0667 0.0
4.0833 0.0
4.1 0.0
4.1167 0.0
4.1333 0.0
4.15 0.0
4.1667 0.0
4.1833 0.0
4.2 0.0
4.2167 0.0
4.2333 0.0
4.25 0.0
4.2667 0.0
4.2833 0.0
4.3 0.0
4.3167 0.0
4.3333 0.0
4.35 0.0
4.3667 0.0
4.3833 0.0
4.4 0.0
4.4167 0.0
4.4333 0.0
4.45 0.0
4.4667 0.0
4.4833 0.0
4.5 0.0
4.5167 0.0
4.5333 0.0
4.55 0.0
4.5667 0.0
4.5833 0.0
4.6 0.0
4.6167 0.0
4.6333 0.0
4.65 0.0
4.6667 0.0
4.6833 0.0
4.7 0.0
4.7167 0.0
4.7333 0.0
4.75 0.0
4.7667 0.0
4.7833 0.0
4.8 0.0
4.8167 0.0
4.8333 0.0
4.85 0.0
4.8667 0.0
4.8833 0.0
4.9 0.0
4.9167 0.0
4.9333 0.0
4.95 0.0
4.9667 0.0
4.9833 0.0
5.0 0.0
5.0167 0.0
5.0333 0.0
5.05 0.0
5.0667 0.0
5.0833 0.0
5.1 0.0
5.1167 0.0
5.1333 0.0
5.15 0.0
5.1667 0.0
5.1833 0.0
5.2 0.0
5.2167 0.0
5.2333 0.0
5.25 0.0
5.2667 0.0
5.2833 0.0
5.3 0.0
5.3167 0.0
5.3333 0.0
5.35 0.0
5.3667 0.0
5.3833 0.0
5.4 0.0
5.4167 0.0
5.4333 0.0
5.45 0.0
5.4667 0.0
5.4833 0.0
5.5 0.0
5.5167 0.0
5.5333 0.0
5.55 0.0
5.5667 0.0
5.5833 0.0
5.6 0.0
5.6167 0.0
5.6333 0.0
5.65 0.0
5.6667 0.0
5.6833 0.0
5.7 0.0
5.7167 0.0
5.7333 0.0
5.75 0.0
5.7667 0.0
5.7833 0.0
5.8 0.0
5.8167 0.0
5.8333 0.0
5.85 0.0
5.8667 0.0
5.8833 0.0
5.9 0.0
5.9167 0.0
5.9333 0.0
5.95 0.0
5.9667 0.0
5.9833 0.0
6.0 0.0
6.0167 0.0
6.0333 0.0
6.05 0.0
6.0667 0.0
6.0833 0.0
6.1 0.0
6.1167 0.0
6.1333 0.0
6.15 0.0
6.1667 0.0
6.1833 0.0
6.2 0.0
6.2167 0.0
6.2333 0.0
6.25 0.0
6.2667 0.0
6.2833 0.0
6.3 0.0
6.3167 0.0
6.3333 0.0
6.35 0.0
6.3667 0.0
6.3833 0.0
6.4 0.0
6.4167 0.0
6.4333 0.0
6.45 0.0
6.4667 0.0
6.4833 0.0
6.5 0.0
6.5167 0.0
6.5333 0.0
6.55 0.0
6.5667 0.0
6.5833 0.0
6.6 0.0
6.6167 1.174e-16
6.6333 7.82e-14
6.65 1.008e-11
6.6667 3.307e-10
6.6833 3.986e-09
6.7 2.16e-08
6.7167 6.137e-08
6.7333 1.337e-07
6.75 2.539e-07
6.7667 4.504e-07
6.7833 7.748e-07
6.8 1.302e-06
6.8167 2.113e-06
6.8333 3.215e-06
6.85 4.735e-06
6.8667 6.65e-06
6.8833 9.231e-06
6.9 1.231e-05
6.9167 1.622e-05
6.9333 2.111e-05
6.95 2.718e-05
6.9667 3.467e-05
6.9833 4.395e-05
7.0 5.391e-05
7.0167 6.689e-05
7.0333 8.104e-05
7.05 9.945e-05
7.0667 0.0001182
7.0833 0.00014
7.1 0.000165
7.1167 0.0001934
7.1333 0.0002255
7.15 0.0002625
7.1667 0.0002983
7.1833 0.0003398
7.2 0.000388
7.2167 0.0004354
7.2333 0.0004832
7.25 0.0005397
7.2667 0.0006064
7.2833 0.0006787
7.3 0.0007444
7.3167 0.0008146
7.3333 0.0008892
7.35 0.0009677
7.3667 0.00105
7.3833 0.001136
7.4 0.001226
7.4167 0.001319
7.4333 0.001416
7.45 0.001517
7.4667 0.001622
7.4833 0.00173
7.5 0.001842
7.5167 0.001958
7.5333 0.002078
7.55 0.002202
7.5667 0.00233
7.5833 0.002462
7.6 0.002598
7.6167 0.002738
7.6333 0.002883
7.65 0.003031
7.6667 0.003184
7.6833 0.003342
7.7 0.003504
7.7167 0.00367
7.7333 0.003841
7.75 0.004017
7.7667 0.004198
7.7833 0.004383
7.8 0.004574
7.8167 0.004769
7.8333 0.00497
7.85 0.005175
7.8667 0.005386
7.8833 0.005603
7.9 0.005824
7.9167 0.006051
7.9333 0.006284
7.95 0.006522
7.9667 0.006766
7.9833 0.007016
8.0 0.007272
8.0167 0.007533
8.0333 0.007801
8.05 0.008074
8.0667 0.008354
8.0833 0.008639
8.1 0.008931
8.1167 0.00923
8.1333 0.009534
8.15 0.009845
8.1667 0.01016
8.1833 0.01049
8.2 0.01082
8.2167 0.01115
8.2333 0.0115
8.25 0.01185
8.2667 0.01221
8.2833 0.01257
8.3 0.01294
8.3167 0.01332
8.3333 0.01371
8.35 0.0141
8.3667 0.0145
8.3833 0.0149
8.4 0.01532
8.4167 0.01574
8.4333 0.01617
8.45 0.0166
8.4667 0.01705
8.4833 0.0175
8.5 0.01795
8.5167 0.01842
8.5333 0.01889
8.55 0.01937
8.5667 0.01986
8.5833 0.02035
8.6 0.02085
8.6167 0.02136
8.6333 0.02188
8.65 0.0224
8.6667 0.02294
8.6833 0.02348
8.7 0.02402
8.7167 0.02458
8.7333 0.02514
8.75 0.02571
8.7667 0.02629
8.7833 0.02687
8.8 0.02747
8.8167 0.02807
8.8333 0.02867
8.85 0.02929
8.8667 0.02991
8.8833 0.03054
8.9 0.03118
8.9167 0.03182
8.9333 0.03248
8.95 0.03314
8.9667 0.0338
8.9833 0.03448
9.0 0.03516
9.0167 0.03585
9.0333 0.03655
9.05 0.03725
9.0667 0.03796
9.0833 0.03868
9.1 0.03941
9.1167 0.04014
9.1333 0.04088
9.15 0.04162
9.1667 0.04238
9.1833 0.04314
9.2 0.04391
9.2167 0.04468
9.2333 0.04546
9.25 0.04625
9.2667 0.04704
9.2833 0.04784
9.3 0.04865
9.3167 0.04947
9.3333 0.05029
9.35 0.05111
9.3667 0.05195
9.3833 0.05278
9.4 0.05363
9.4167 0.05448
9.4333 0.05534
9.45 0.0562
9.4667 0.05707
9.4833 0.05795
9.5 0.05883
9.5167 0.05971
9.5333 0.0606
9.55 0.0615
9.5667 0.0624
9.5833 0.06331
9.6 0.06423
9.6167 0.06514
9.6333 0.06607
9.65 0.067
9.6667 0.06793
9.6833 0.06887
9.7 0.06981
9.7167 0.07076
9.7333 0.07171
9.75 0.07266
9.7667 0.07362
9.7833 0.07459
9.8 0.07556
9.8167 0.07653
9.8333 0.07751
9.85 0.07849
9.8667 0.07947
9.8833 0.08046
9.9 0.08145
9.9167 0.08244
9.9333 0.08344
9.95 0.08444
9.9667 0.08545
9.9833 0.08645
10.0 0.08746
10.0167 0.08848
10.0333 0.08949
10.05 0.09051
10.0667 0.09153
10.0833 0.09255
10.1 0.09358
10.1167 0.0946
10.1333 0.09563
10.15 0.09666
10.1667 0.09769
10.1833 0.09872
10.2 0.09976
10.2167 0.1008
10.2333 0.1018
10.25 0.1029
10.2667 0.1039
10.2833 0.105
10.3 0.106
10.3167 0.107
10.3333 0.1081
10.35 0.1091
10.3667 0.1102
10.3833 0.1112
10.4 0.1122
10.4167 0.1133
10.4333 0.1143
10.45 0.1154
10.4667 0.1164
10.4833 0.1174
10.5 0.1185
10.5167 0.1195
10.5333 0.1206
10.55 0.1216
10.5667 0.1226
10.5833 0.1237
10.6 0.1247
10.6167 0.1257
10.6333 0.1268
10.65 0.1278
10.6667 0.1288
10.6833 0.1299
10.7 0.1309
10.7167 0.1319
10.7333 0.1329
10.75 0.1339
10.7667 0.1349
10.7833 0.1359
10.8 0.1369
10.8167 0.1379
10.8333 0.1389
10.85 0.1399
10.8667 0.1409
10.8833 0.1419
10.9 0.1429
10.9167 0.1439
10.9333 0.1448
10.95 0.1458
10.9667 0.1468
10.9833 0.1478
11.0 0.1487
11.0167 0.1497
11.0333 0.1506
11.05 0.1516
11.0667 0.1524
11.0833 0.1535
11.1 0.1544
11.1167 0.1553
11.1333 0.1562
11.15 0.1572
11.1667 0.158
11.1833 0.159
11.2 0.1599
11.2167 0.1608
11.2333 0.1616
11.25 0.1625
11.2667 0.1634
11.2833 0.1642
11.3 0.1651
11.3167 0.166
11.3333 0.1668
11.35 0.1676
11.3667 0.1685
11.3833 0.1693
11.4 0.1701
11.4167 0.1709
11.4333 0.1717
11.45 0.1725
11.4667 0.1733
11.4833 0.1741
11.5 0.1748
11.5167 0.1757
11.5333 0.1764
11.55 0.1772
11.5667 0.1779
11.5833 0.1786
11.6 0.1794
11.6167 0.18
11.6333 0.1808
11.65 0.1815
11.6667 0.1822
11.6833 0.1829
11.7 0.1835
11.7167 0.1842
11.7333 0.1848
11.75 0.1855
11.7667 0.1861
11.7833 0.1867
11.8 0.1874
11.8167 0.188
11.8333 0.1886
11.85 0.1892
11.8667 0.1898
11.8833 0.1903
11.9 0.1909
11.9167 0.1914
11.9333 0.192
11.95 0.1925
11.9667 0.1929
11.9833 0.1935
12.0 0.1939
12.0167 0.1945
12.0333 0.195
12.05 0.1955
12.0667 0.1959
12.0833 0.1964
12.1 0.1968
12.1167 0.1973
12.1333 0.1977
12.15 0.1981
12.1667 0.1985
12.1833 0.1989
12.2 0.1992
12.2167 0.1996
12.2333 0.1999
12.25 0.2003
12.2667 0.2006
12.2833 0.2009
12.3 0.2012
12.3167 0.2015
12.3333 0.2018
12.35 0.2021
12.3667 0.2024
12.3833 0.2026
12.4 0.2028
12.4167 0.2031
12.4333 0.2033
12.45 0.2035
12.4667 0.2036
12.4833 0.2039
12.5 0.204
12.5167 0.2042
12.5333 0.2043
12.55 0.2045
12.5667 0.2046
12.5833 0.2047
12.6 0.2048
12.6167 0.2049
12.6333 0.205
12.65 0.2051
12.6667 0.2051
12.6833 0.2052
12.7 0.2052
12.7167 0.2052
12.7333 0.2052
12.75 0.2052
12.7667 0.2052
12.7833 0.2052
12.8 0.2051
12.8167 0.2051
12.8333 0.205
12.85 0.2049
12.8667 0.2049
12.8833 0.2048
12.9 0.2047
12.9167 0.2045
12.9333 0.2044
12.95 0.2043
12.9667 0.2041
12.9833 0.2039
13.0 0.2037
13.0167 0.2035
13.0333 0.2034
13.05 0.2032
13.0667 0.2029
13.0833 0.2027
13.1 0.2024
13.1167 0.2022
13.1333 0.2019
13.15 0.2016
13.1667 0.2013
13.1833 0.201
13.2 0.2007
13.2167 0.2004
13.2333 0.2001
13.25 0.1997
13.2667 0.1994
13.2833 0.199
13.3 0.1986
13.3167 0.1982
13.3333 0.1978
13.35 0.1974
13.3667 0.197
13.3833 0.1965
13.4 0.1961
13.4167 0.1956
13.4333 0.1952
13.45 0.1947
13.4667 0.1942
13.4833 0.1937
13.5 0.1931
13.5167 0.1927
13.5333 0.1922
13.55 0.1916
13.5667 0.1911
13.5833 0.1905
13.6 0.19
13.6167 0.1894
13.6333 0.1888
13.65 0.1882
13.6667 0.1876
13.6833 0.1869
13.7 0.1864
13.7167 0.1857
13.7333 0.185
13.75 0.1844
13.7667 0.1838
13.7833 0.183
13.8 0.1824
13.8167 0.1817
13.8333 0.181
13.85 0.1803
13.8667 0.1796
13.8833 0.1789
13.9 0.1782
13.9167 0.1774
13.9333 0.1767
13.95 0.1759
13.9667 0.1752
13.9833 0.1743
14.0 0.1735
14.0167 0.1728
14.0333 0.172
14.05 0.1712
14.0667 0.1704
14.0833 0.1696
14.1 0.1688
14.1167 0.168
14.1333 0.1671
14.15 0.1663
14.1667 0.1654
14.1833 0.1646
14.2 0.1637
14.2167 0.1628
14.2333 0.1619
14.25 0.1611
14.2667 0.1602
14.2833 0.1593
14.3 0.1584
14.3167 0.1575
14.3333 0.1566
14.35 0.1556
14.3667 0.1547
14.3833 0.1538
14.4 0.1528
14.4167 0.1519
14.4333 0.151
14.45 0.15
14.4667 0.1491
14.4833 0.1481
14.5 0.1472
14.5167 0.1462
14.5333 0.1452
14.55 0.1442
14.5667 0.1433
14.5833 0.1423
14.6 0.1413
14.6167 0.1403
14.6333 0.1393
14.65 0.1383
14.6667 0.1373
14.6833 0.1363
14.7 0.1353
14.7167 0.1343
14.7333 0.1333
14.75 0.1322
14.7667 0.1312
14.7833 0.1302
14.8 0.1292
14.8167 0.1281
14.8333 0.1271
14.85 0.1261
14.8667 0.1251
14.8833 0.124
14.9 0.123
14.9167 0.122
14.9333 0.1209
14.95 0.1199
14.9667 0.1189
14.9833 0.1178
15.0 0.1168
15.0167 0.1157
15.0333 0.1147
15.05 0.1136
15.0667 0.1126
15.0833 0.1116
15.1 0.1105
15.1167 0.1095
15.1333 0.1084
15.15 0.1074
15.1667 0.1064
15.1833 0.1053
15.2 0.1043
15.2167 0.1032
15.2333 0.1022
15.25 0.1012
15.2667 0.1001
15.2833 0.09909
15.3 0.09805
15.3167 0.09702
15.3333 0.09599
15.35 0.09496
15.3667 0.09394
15.3833 0.09291
15.4 0.09189
15.4167 0.09086
15.4333 0.08985
15.45 0.08883
15.4667 0.08782
15.4833 0.08681
15.5 0.0858
15.5167 0.0848
15.5333 0.08379
15.55 0.08279
15.5667 0.0818
15.5833 0.0808
15.6 0.07981
15.6167 0.07883
15.6333 0.07785
15.65 0.07687
15.6667 0.0759
15.6833 0.07493
15.7 0.07396
15.7167 0.073
15.7333 0.07204
15.75 0.07109
15.7667 0.07014
15.7833 0.06919
15.8 0.06826
15.8167 0.06732
15.8333 0.06639
15.85 0.06546
15.8667 0.06454
15.8833 0.06363
15.9 0.06272
15.9167 0.06182
15.9333 0.06092
15.95 0.06002
15.9667 0.05913
15.9833 0.05825
16.0 0.05737
16.0167 0.0565
16.0333 0.05564
16.05 0.05478
16.0667 0.05392
16.0833 0.05308
16.1 0.05224
16.1167 0.0514
16.1333 0.05057
16.15 0.04975
16.1667 0.04893
16.1833 0.04812
16.2 0.04732
16.2167 0.04652
16.2333 0.04573
16.25 0.04495
16.2667 0.04417
16.2833 0.0434
16.3 0.04264
16.3167 0.04188
16.3333 0.04113
16.35 0.04039
16.3667 0.03966
16.3833 0.03893
16.4 0.03821
16.4167 0.03749
16.4333 0.03679
16.45 0.03609
16.4667 0.0354
16.4833 0.03471
16.5 0.03403
16.5167 0.03336
16.5333 0.0327
16.55 0.03205
16.5667 0.0314
16.5833 0.03076
16.6 0.03013
16.6167 0.0295
16.6333 0.02888
16.65 0.02827
16.6667 0.02767
16.6833 0.02707
16.7 0.02649
16.7167 0.02591
16.7333 0.02533
16.75 0.02477
16.7667 0.02421
16.7833 0.02366
16.8 0.02312
16.8167 0.02258
16.8333 0.02206
16.85 0.02154
16.8667 0.02103
16.8833 0.02052
16.9 0.02002
16.9167 0.01953
16.9333 0.01905
16.95 0.01858
16.9667 0.01811
16.9833 0.01765
17.0 0.0172
17.0167 0.01675
17.0333 0.01631
17.05 0.01588
17.0667 0.01546
17.0833 0.01504
17.1 0.01463
17.1167 0.01423
17.1333 0.01384
17.15 0.01345
17.1667 0.01307
17.1833 0.0127
17.2 0.01233
17.2167 0.01197
17.2333 0.01162
17.25 0.01127
17.2667 0.01093
17.2833 0.0106
17.3 0.01027
17.3167 0.009952
17.3333 0.009638
17.35 0.009331
17.3667 0.009031
17.3833 0.008736
17.4 0.008449
17.4167 0.008167
17.4333 0.007892
17.45 0.007622
17.4667 0.007358
17.4833 0.007101
17.5 0.00685
17.5167 0.006603
17.5333 0.006363
17.55 0.006128
17.5667 0.005899
17.5833 0.005676
17.6 0.005458
17.6167 0.005245
17.6333 0.005038
17.65 0.004835
17.6667 0.004638
17.6833 0.004446
17.7 0.004259
17.7167 0.004077
17.7333 0.003899
17.75 0.003726
17.7667 0.003558
17.7833 0.003395
17.8 0.003236
17.8167 0.003081
17.8333 0.002931
17.85 0.002785
17.8667 0.002644
17.8833 0.002507
17.9 0.002373
17.9167 0.002244
17.9333 0.002119
17.95 0.001997
17.9667 0.00188
17.9833 0.001767
18.0 0.001657
18.0167 0.001551
18.0333 0.001449
18.05 0.001351
18.0667 0.001256
18.0833 0.001165
18.1 0.001078
18.1167 0.0009941
18.1333 0.0009144
18.15 0.0008388
18.1667 0.000767
18.1833 0.0006997
18.2 0.0006307
18.2167 0.0005602
18.2333 0.0005005
18.25 0.0004502
18.2667 0.0004075
18.2833 0.0003529
18.3 0.0003165
18.3167 0.0002723
18.3333 0.0002354
18.35 0.0002034
18.3667 0.0001746
18.3833 0.0001489
18.4 0.0001244
18.4167 0.0001042
18.4333 8.722e-05
18.45 7.093e-05
18.4667 5.823e-05
18.4833 4.657e-05
18.5 3.735e-05
18.5167 2.975e-05
18.5333 2.314e-05
18.55 1.784e-05
18.5667 1.362e-05
18.5833 1.007e-05
18.6 7.382e-06
18.6167 5.346e-06
18.6333 3.651e-06
18.65 2.452e-06
18.6667 1.53e-06
18.6833 9.178e-07
18.7 5.37e-07
18.7167 3.069e-07
18.7333 1.662e-07
18.75 8.055e-08
18.7667 3.204e-08
18.7833 7.48e-09
18.8 7.771e-10
18.8167 3.404e-11
18.8333 4.298e-13
18.85 1.459e-15
18.8667 6.202e-20
18.8833 0.0
18.9 0.0
18.9167 0.0
18.9333 0.0
18.95 0.0
18.9667 0.0
18.9833 0.0
19.0 0.0
19.0167 0.0
19.0333 0.0
19.05 0.0
19.0667 0.0
19.0833 0.0
19.1 0.0
19.1167 0.0
19.1333 0.0
19.15 0.0
19.1667 0.0
19.1833 0.0
19.2 0.0
19.2167 0.0
19.2333 0.0
19.25 0.0
19.2667 0.0
19.2833 0.0
19.3 0.0
19.3167 0.0
19.3333 0.0
19.35 0.0
19.3667 0.0
19.3833 0.0
19.4 0.0
19.4167 0.0
19.4333 0.0
19.45 0.0
19.4667 0.0
19.4833 0.0
19.5 0.0
19.5167 0.0
19.5333 0.0
19.55 0.0
19.5667 0.0
19.5833 0.0
19.6 0.0
19.6167 0.0
19.6333 0.0
19.65 0.0
19.6667 0.0
19.6833 0.0
19.7 0.0
19.7167 0.0
19.7333 0.0
19.75 0.0
19.7667 0.0
19.7833 0.0
19.8 0.0
19.8167 0.0
19.8333 0.0
19.85 0.0
19.8667 0.0
19.8833 0.0
19.9 0.0
19.9167 0.0
19.9333 0.0
19.95 0.0
19.9667 0.0
19.9833 0.0
20.0 0.0
20.0167 0.0
20.0333 0.0
20.05 0.0
20.0667 0.0
20.0833 0.0
20.1 0.0
20.1167 0.0
20.1333 0.0
20.15 0.0
20.1667 0.0
20.1833 0.0
20.2 0.0
20.2167 0.0
20.2333 0.0
20.25 0.0
20.2667 0.0
20.2833 0.0
20.3 0.0
20.3167 0.0
20.3333 0.0
20.35 0.0
20.3667 0.0
20.3833 0.0
20.4 0.0
20.4167 0.0
20.4333 0.0
20.45 0.0
20.4667 0.0
20.4833 0.0
20.5 0.0
20.5167 0.0
20.5333 0.0
20.55 0.0
20.5667 0.0
20.5833 0.0
20.6 0.0
20.6167 0.0
20.6333 0.0
20.65 0.0
20.6667 0.0
20.6833 0.0
20.7 0.0
20.7167 0.0
20.7333 0.0
20.75 0.0
20.7667 0.0
20.7833 0.0
20.8 0.0
20.8167 0.0
20.8333 0.0
20.85 0.0
20.8667 0.0
20.8833 0.0
20.9 0.0
20.9167 0.0
20.9333 0.0
20.95 0.0
20.9667 0.0
20.9833 0.0
21.0 0.0
21.0167 0.0
21.0333 0.0
21.05 0.0
21.0667 0.0
21.0833 0.0
21.1 0.0
21.1167 0.0
21.1333 0.0
21.15 0.0
21.1667 0.0
21.1833 0.0
21.2 0.0
21.2167 0.0
21.2333 0.0
21.25 0.0
21.2667 0.0
21.2833 0.0
21.3 0.0
21.3167 0.0
21.3333 0.0
21.35 0.0
21.3667 0.0
21.3833 0.0
21.4 0.0
21.4167 0.0
21.4333 0.0
21.45 0.0
21.4667 0.0
21.4833 0.0
21.5 0.0
21.5167 0.0
21.5333 0.0
21.55 0.0
21.5667 0.0
21.5833 0.0
21.6 0.0
21.6167 0.0
21.6333 0.0
21.65 0.0
21.6667 0.0
21.6833 0.0
21.7 0.0
21.7167 0.0
21.7333 0.0
21.75 0.0
21.7667 0.0
21.7833 0.0
21.8 0.0
21.8167 0.0
21.8333 0.0
21.85 0.0
21.8667 0.0
21.8833 0.0
21.9 0.0
21.9167 0.0
21.9333 0.0
21.95 0.0
21.9667 0.0
21.9833 0.0
22.0 0.0
22.0167 0.0
22.0333 0.0
22.05 0.0
22.0667 0.0
22.0833 0.0
22.1 0.0
22.1167 0.0
22.1333 0.0
22.15 0.0
22.1667 0.0
22.1833 0.0
22.2 0.0
22.2167 0.0
22.2333 0.0
22.25 0.0
22.2667 0.0
22.2833 0.0
22.3 0.0
22.3167 0.0
22.3333 0.0
22.35 0.0
22.3667 0.0
22.3833 0.0
22.4 0.0
22.4167 0.0
22.4333 0.0
22.45 0.0
22.4667 0.0
22.4833 0.0
22.5 0.0
22.5167 0.0
22.5333 0.0
22.55 0.0
22.5667 0.0
22.5833 0.0
22.6 0.0
22.6167 0.0
22.6333 0.0
22.65 0.0
22.6667 0.0
22.6833 0.0
22.7 0.0
22.7167 0.0
22.7333 0.0
22.75 0.0
22.7667 0.0
22.7833 0.0
22.8 0.0
22.8167 0.0
22.8333 0.0
22.85 0.0
22.8667 0.0
22.8833 0.0
22.9 0.0
22.9167 0.0
22.9333 0.0
22.95 0.0
22.9667 0.0
22.9833 0.0
23.0 0.0
23.0167 0.0
23.0333 0.0
23.05 0.0
23.0667 0.0
23.0833 0.0
23.1 0.0
23.1167 0.0
23.1333 0.0
23.15 0.0
23.1667 0.0
23.1833 0.0
23.2 0.0
23.2167 0.0
23.2333 0.0
23.25 0.0
23.2667 0.0
23.2833 0.0
23.3 0.0
23.3167 0.0
23.3333 0.0
23.35 0.0
23.3667 0.0
23.3833 0.0
23.4 0.0
23.4167 0.0
23.4333 0.0
23.45 0.0
23.4667 0.0
23.4833 0.0
23.5 0.0
23.5167 0.0
23.5333 0.0
23.55 0.0
23.5667 0.0
23.5833 0.0
23.6 0.0
23.6167 0.0
23.6333 0.0
23.65 0.0
23.6667 0.0
23.6833 0.0
23.7 0.0
23.7167 0.0
23.7333 0.0
23.75 0.0
23.7667 0.0
23.7833 0.0
23.8 0.0
23.8167 0.0
23.8333 0.0
23.85 0.0
23.8667 0.0
23.8833 0.0
23.9 0.0
23.9167 0.0
23.9333 0.0
23.95 0.0
23.9667 0.0
23.9833 0.0
