0.0 0.0
0.0167 0.0
0.0333 0.0
0.05 0.0
0.0667 0.0
0.0833 0.0
0.1 0.0
0.1167 0.0
0.1333 0.0
0.15 0.0
0.1667 0.0
0.1833 0.0
0.2 0.0
0.2167 0.0
0.2333 0.0
0.25 0.0
0.2667 0.0
0.2833 0.0
0.3 0.0
0.3167 0.0
0.3333 0.0
0.35 0.0
0.3667 0.0
0.3833 0.0
0.4 0.0
0.4167 0.0
0.4333 0.0
0.45 0.0
0.4667 0.0
0.4833 0.0
0.5 0.0
0.5167 0.0
0.5333 0.0
0.55 0.0
0.5667 0.0
0.5833 0.0
0.6 0.0
0.6167 0.0
0.6333 0.0
0.65 0.0
0.6667 0.0
0.6833 0.0
0.7 0.0
0.7167 0.0
0.7333 0.0
0.75 0.0
0.7667 0.0
0.7833 0.0
0.8 0.0
0.8167 0.0
0.8333 0.0
0.85 0.0
0.8667 0.0
0.8833 0.0
0.9 0.0
0.9167 0.0
0.9333 0.0
0.95 0.0
0.9667 0.0
0.9833 0.0
1.0 0.0
1.0167 0.0
1.0333 0.0
1.05 0.0
1.0667 0.0
1.0833 0.0
1.1 0.0
1.1167 0.0
1.1333 0.0
1.15 0.0
1.1667 0.0
1.1833 0.0
1.2 0.0
1.2167 0.0
1.2333 0.0
1.25 0.0
1.2667 0.0
1.2833 0.0
1.3 0.0
1.3167 0.0
1.3333 0.0
1.35 0.0
1.3667 0.0
1.3833 0.0
1.4 0.0
1.4167 0.0
1.4333 0.0
1.45 0.0
1.4667 0.0
1.4833 0.0
1.5 0.0
1.5167 0.0
1.5333 0.0
1.55 0.0
1.5667 0.0
1.5833 0.0
1.6 0.0
1.6167 0.0
1.6333 0.0
1.65 0.0
1.6667 0.0
1.6833 0.0
1.7 0.0
1.7167 0.0
1.7333 0.0
1.75 0.0
1.7667 0.0
1.7833 0.0
1.8 0.0
1.8167 0.0
1.8333 0.0
1.85 0.0
1.8667 0.0
1.8833 0.0
1.9 0.0
1.9167 0.0
1.9333 0.0
1.95 0.0
1.9667 0.0
1.9833 0.0
2.0 0.0
2.0167 0.0
2.0333 0.0
2.05 0.0
2.0667 0.0
2.0833 0.0
2.1 0.0
2.1167 0.0
2.1333 0.0
2.15 0.0
2.1667 0.0
2.1833 0.0
2.2 0.0
2.2167 0.0
2.2333 0.0
2.25 0.0
2.2667 0.0
2.2833 0.0
2.3 0.0
2.3167 0.0
2.3333 0.0
2.35 0.0
2.3667 0.0
2.3833 0.0
2.4 0.0
2.4167 0.0
2.4333 0.0
2.45 0.0
2.4667 0.0
2.4833 0.0
2.5 0.0
2.5167 0.0
2.5333 0.0
2.55 0.0
2.5667 0.0
2.5833 0.0
2.6 0.0
2.6167 0.0
2.6333 0.0
2.65 0.0
2.6667 0.0
2.6833 0.0
2.7 0.0
2.7167 0.0
2.7333 0.0
2.75 0.0
2.7667 0.0
2.7833 0.0
2.8 0.0
2.8167 0.0
2.8333 0.0
2.85 0.0
2.8667 0.0
2.8833 0.0
2.9 0.0
2.9167 0.0
2.9333 0.0
2.95 0.0
2.9667 0.0
2.9833 0.0
3.0 0.0
3.0167 0.0
3.0333 0.0
3.05 0.0
3.0667 0.0
3.0833 0.0
3.1 0.0
3.1167 0.0
3.1333 0.0
3.15 0.0
3.1667 0.0
3.1833 0.0
3.2 0.0
3.2167 0.0
3.2333 0.0
3.25 0.0
3.2667 0.0
3.2833 0.0
3.3 0.0
3.3167 0.0
3.3333 0.0
3.35 0.0
3.3667 0.0
3.3833 0.0
3.4 0.0
3.4167 0.0
3.4333 0.0
3.45 0.0
3.4667 0.0
3.4833 0.0
3.5 0.0
3.5167 0.0
3.5333 0.0
3.55 0.0
3.5667 0.0
3.5833 0.0
3.6 0.0
3.6167 0.0
3.6333 0.0
3.65 0.0
3.6667 0.0
3.6833 0.0
3.7 0.0
3.7167 0.0
3.7333 0.0
3.75 0.0
3.7667 0.0
3.7833 0.0
3.8 0.0
3.8167 0.0
3.8333 0.0
3.85 0.0
3.8667 0.0
3.8833 0.0
3.9 0.0
3.9167 0.0
3.9333 0.0
3.95 0.0
3.9667 0.0
3.9833 0.0
4.0 0.0
4.0167 0.0
4.0333 0.0
4.05 0.0
4.0667 0.0
4.0833 0.0
4.1 0.0
4.1167 0.0
4.1333 0.0
4.15 0.0
4.1667 0.0
4.1833 0.0
4.2 0.0
4.2167 0.0
4.2333 0.0
4.25 0.0
4.2667 0.0
4.2833 0.0
4.3 0.0
4.3167 0.0
4.3333 0.0
4.35 0.0
4.3667 0.0
4.3833 0.0
4.4 0.0
4.4167 0.0
4.4333 0.0
4.45 0.0
4.4667 0.0
4.4833 0.0
4.5 0.0
4.5167 0.0
4.5333 0.0
4.55 0.0
4.5667 0.0
4.5833 0.0
4.6 0.0
4.6167 0.0
4.6333 0.0
4.65 0.0
4.6667 0.0
4.6833 0.0
4.7 0.0
4.7167 0.0
4.7333 0.0
4.75 0.0
4.7667 0.0
4.7833 0.0
4.8 0.0
4.8167 0.0
4.8333 0.0
4.85 0.0
4.8667 0.0
4.8833 0.0
4.9 0.0
4.9167 0.0
4.9333 0.0
4.95 0.0
4.9667 0.0
4.9833 0.0
5.0 0.0
5.0167 0.0
5.0333 0.0
5.05 0.0
5.0667 0.0
5.0833 0.0
5.1 0.0
5.1167 0.0
5.1333 0.0
5.15 0.0
5.1667 0.0
5.1833 0.0
5.2 0.0
5.2167 0.0
5.2333 0.0
5.25 0.0
5.2667 0.0
5.2833 0.0
5.3 0.0
5.3167 0.0
5.3333 0.0
5.35 0.0
5.3667 0.0
5.3833 0.0
5.4 0.0
5.4167 0.0
5.4333 0.0
5.45 0.0
5.4667 0.0
5.4833 0.0
5.5 0.0
5.5167 0.0
5.5333 0.0
5.55 0.0
5.5667 0.0
5.5833 0.0
5.6 0.0
5.6167 0.0
5.6333 0.0
5.65 0.0
5.6667 0.0
5.6833 0.0
5.7 0.0
5.7167 0.0
5.7333 0.0
5.75 0.0
5.7667 0.0
5.7833 0.0
5.8 0.0
5.8167 0.0
5.8333 0.0
5.85 0.0
5.8667 0.0
5.8833 0.0
5.9 0.0
5.9167 0.0
5.9333 0.0
5.95 0.0
5.9667 0.0
5.9833 0.0
6.0 0.0
6.0167 0.0
6.0333 0.0
6.05 0.0
6.0667 0.0
6.0833 0.0
6.1 0.0
6.1167 0.0
6.1333 0.0
6.15 0.0
6.1667 0.0
6.1833 0.0
6.2 0.0
6.2167 0.0
6.2333 0.0
6.25 0.0
6.2667 0.0
6.2833 0.0
6.3 0.0
6.3167 0.0
6.3333 0.0
6.35 0.0
6.3667 0.0
6.3833 0.0
6.4 0.0
6.4167 0.0
6.4333 0.0
6.45 0.0
6.4667 0.0
6.4833 0.0
6.5 0.0
6.5167 0.0
6.5333 0.0
6.55 0.0
6.5667 0.0
6.5833 0.0
6.6 0.0
6.6167 1.193e-19
6.6333 2.028e-15
6.65 6.512e-13
6.6667 4.371e-11
6.6833 9.136e-10
6.7 8.802e-09
6.7167 3.457e-08
6.7333 8.666e-08
6.75 1.793e-07
6.7667 3.34e-07
6.7833 5.881e-07
6.8 1.001e-06
6.8167 1.66e-06
6.8333 2.653e-06
6.85 4.022e-06
6.8667 5.774e-06
6.8833 8.05e-06
6.9 1.106e-05
6.9167 1.467e-05
6.9333 1.924e-05
6.95 2.495e-05
6.9667 3.201e-05
6.9833 4.075e-05
7.0 5.062e-05
7.0167 6.263e-05
7.0333 7.796e-05
7.05 9.357e-05
7.0667 0.0001123
7.0833 0.0001352
7.1 0.0001616
7.1167 0.00019
7.1333 0.0002227
7.15 0.0002531
7.1667 0.000291
7.1833 0.000337
7.2 0.0003775
7.2167 0.0004335
7.2333 0.0004797
7.25 0.0005344
7.2667 0.0005991
7.2833 0.0006755
7.3 0.0007445
7.3167 0.000816
7.3333 0.000892
7.35 0.0009722
7.3667 0.001057
7.3833 0.001145
7.4 0.001237
7.4167 0.001333
7.4333 0.001434
7.45 0.001538
7.4667 0.001646
7.4833 0.001758
7.5 0.001874
7.5167 0.001994
7.5333 0.002118
7.55 0.002247
7.5667 0.00238
7.5833 0.002517
7.6 0.002658
7.6167 0.002804
7.6333 0.002954
7.65 0.003109
7.6667 0.003268
7.6833 0.003433
7.7 0.003601
7.7167 0.003775
7.7333 0.003954
7.75 0.004138
7.7667 0.004327
7.7833 0.004521
7.8 0.00472
7.8167 0.004925
7.8333 0.005135
7.85 0.005351
7.8667 0.005572
7.8833 0.005799
7.9 0.006032
7.9167 0.006271
7.9333 0.006516
7.95 0.006766
7.9667 0.007023
7.9833 0.007286
8.0 0.007555
8.0167 0.00783
8.0333 0.008112
8.05 0.008401
8.0667 0.008696
8.0833 0.008997
8.1 0.009306
8.1167 0.009621
8.1333 0.009943
8.15 0.01027
8.1667 0.01061
8.1833 0.01095
8.2 0.0113
8.2167 0.01166
8.2333 0.01202
8.25 0.01239
8.2667 0.01277
8.2833 0.01316
8.3 0.01355
8.3167 0.01395
8.3333 0.01436
8.35 0.01478
8.3667 0.0152
8.3833 0.01564
8.4 0.01608
8.4167 0.01652
8.4333 0.01698
8.45 0.01744
8.4667 0.01791
8.4833 0.01839
8.5 0.01888
8.5167 0.01938
8.5333 0.01988
8.55 0.02039
8.5667 0.02091
8.5833 0.02144
8.6 0.02197
8.6167 0.02252
8.6333 0.02307
8.65 0.02363
8.6667 0.0242
8.6833 0.02478
8.7 0.02536
8.7167 0.02595
8.7333 0.02656
8.75 0.02716
8.7667 0.02778
8.7833 0.02841
8.8 0.02904
8.8167 0.02969
8.8333 0.03034
8.85 0.031
8.8667 0.03166
8.8833 0.03234
8.9 0.03302
8.9167 0.03371
8.9333 0.03441
8.95 0.03512
8.9667 0.03584
8.9833 0.03656
9.0 0.0373
9.0167 0.03804
9.0333 0.03878
9.05 0.03954
9.0667 0.0403
9.0833 0.04108
9.1 0.04186
9.1167 0.04264
9.1333 0.04344
9.15 0.04424
9.1667 0.04505
9.1833 0.04587
9.2 0.0467
9.2167 0.04753
9.2333 0.04837
9.25 0.04922
9.2667 0.05007
9.2833 0.05094
9.3 0.05181
9.3167 0.05268
9.3333 0.05357
9.35 0.05446
9.3667 0.05536
9.3833 0.05626
9.4 0.05717
9.4167 0.05809
9.4333 0.05902
9.45 0.05995
9.4667 0.06089
9.4833 0.06183
9.5 0.06278
9.5167 0.06374
9.5333 0.0647
9.55 0.06567
9.5667 0.06665
9.5833 0.06763
9.6 0.06861
9.6167 0.06961
9.6333 0.0706
9.65 0.07161
9.6667 0.07262
9.6833 0.07363
9.7 0.07465
9.7167 0.07567
9.7333 0.0767
9.75 0.07774
9.7667 0.07878
9.7833 0.07982
9.8 0.08087
9.8167 0.08192
9.8333 0.08298
9.85 0.08404
9.8667 0.08511
9.8833 0.08618
9.9 0.08725
9.9167 0.08833
9.9333 0.08941
9.95 0.09049
9.9667 0.09158
9.9833 0.09267
10.0 0.09377
10.0167 0.09487
10.0333 0.09597
10.05 0.09707
10.0667 0.09818
10.0833 0.09929
10.1 0.1004
10.1167 0.1015
10.1333 0.1026
10.15 0.1037
10.1667 0.1049
10.1833 0.106
10.2 0.1071
10.2167 0.1082
10.2333 0.1094
10.25 0.1105
10.2667 0.1116
10.2833 0.1128
10.3 0.1139
10.3167 0.115
10.3333 0.1161
10.35 0.1173
10.3667 0.1184
10.3833 0.1195
10.4 0.1207
10.4167 0.1218
10.4333 0.1229
10.45 0.1241
10.4667 0.1252
10.4833 0.1264
10.5 0.1275
10.5167 0.1286
10.5333 0.1297
10.55 0.1309
10.5667 0.132
10.5833 0.1331
10.6 0.1343
10.6167 0.1354
10.6333 0.1365
10.65 0.1376
10.6667 0.1387
10.6833 0.1399
10.7 0.141
10.7167 0.1421
10.7333 0.1432
10.75 0.1443
10.7667 0.1454
10.7833 0.1465
10.8 0.1476
10.8167 0.1487
10.8333 0.1498
10.85 0.1509
10.8667 0.152
10.8833 0.153
10.9 0.1541
10.9167 0.1552
10.9333 0.1563
10.95 0.1573
10.9667 0.1584
10.9833 0.1594
11.0 0.1605
11.0167 0.1615
11.0333 0.1626
11.05 0.1636
11.0667 0.1645
11.0833 0.1657
11.1 0.1667
11.1167 0.1677
11.1333 0.1687
11.15 0.1697
11.1667 0.1707
11.1833 0.1717
11.2 0.1726
11.2167 0.1737
11.2333 0.1746
11.25 0.1756
11.2667 0.1765
11.2833 0.1775
11.3 0.1784
11.3167 0.1794
11.3333 0.1802
11.35 0.1812
11.3667 0.1821
11.3833 0.1831
11.4 0.184
11.4167 0.1848
11.4333 0.1857
11.45 0.1866
11.4667 0.1875
11.4833 0.1883
11.5 0.1891
11.5167 0.19
11.5333 0.1909
11.55 0.1917
11.5667 0.1925
11.5833 0.1933
11.6 0.1941
11.6167 0.1949
11.6333 0.1957
11.65 0.1965
11.6667 0.1972
11.6833 0.198
11.7 0.1987
11.7167 0.1994
11.7333 0.2002
11.75 0.2009
11.7667 0.2016
11.7833 0.2023
11.8 0.203
11.8167 0.2037
11.8333 0.2043
11.85 0.205
11.8667 0.2056
11.8833 0.2063
11.9 0.2069
11.9167 0.2075
11.9333 0.2081
11.95 0.2087
11.9667 0.2093
11.9833 0.2099
12.0 0.2104
12.0167 0.211
12.0333 0.2115
12.05 0.212
12.0667 0.2125
12.0833 0.213
12.1 0.2135
12.1167 0.214
12.1333 0.2145
12.15 0.2149
12.1667 0.2154
12.1833 0.2158
12.2 0.2162
12.2167 0.2167
12.2333 0.2171
12.25 0.2174
12.2667 0.2178
12.2833 0.2182
12.3 0.2185
12.3167 0.2189
12.3333 0.2192
12.35 0.2195
12.3667 0.2198
12.3833 0.2201
12.4 0.2204
12.4167 0.2206
12.4333 0.2209
12.45 0.2211
12.4667 0.2214
12.4833 0.2216
12.5 0.2218
12.5167 0.222
12.5333 0.2221
12.55 0.2223
12.5667 0.2225
12.5833 0.2226
12.6 0.2227
12.6167 0.2229
12.6333 0.223
12.65 0.2231
12.6667 0.2231
12.6833 0.2232
12.7 0.2232
12.7167 0.2233
12.7333 0.2233
12.75 0.2233
12.7667 0.2233
12.7833 0.2233
12.8 0.2233
12.8167 0.2233
12.8333 0.2232
12.85 0.2231
12.8667 0.2231
12.8833 0.223
12.9 0.2229
12.9167 0.2228
12.9333 0.2226
12.95 0.2225
12.9667 0.2224
12.9833 0.2221
13.0 0.222
13.0167 0.2218
13.0333 0.2216
13.05 0.2214
13.0667 0.2212
13.0833 0.221
13.1 0.2207
13.1167 0.2204
13.1333 0.2202
13.15 0.2199
13.1667 0.2196
13.1833 0.2193
13.2 0.219
13.2167 0.2186
13.2333 0.2183
13.25 0.2179
13.2667 0.2175
13.2833 0.2172
13.3 0.2168
13.3167 0.2164
13.3333 0.2159
13.35 0.2155
13.3667 0.2151
13.3833 0.2146
13.4 0.2141
13.4167 0.2137
13.4333 0.2132
13.45 0.2125
13.4667 0.2122
13.4833 0.2116
13.5 0.2111
13.5167 0.2106
13.5333 0.2099
13.55 0.2094
13.5667 0.2089
13.5833 0.2083
13.6 0.2077
13.6167 0.2071
13.6333 0.2064
13.65 0.2058
13.6667 0.2052
13.6833 0.2045
13.7 0.2038
13.7167 0.2031
13.7333 0.2024
13.75 0.2018
13.7667 0.2011
13.7833 0.2004
13.8 0.1997
13.8167 0.1989
13.8333 0.1981
13.85 0.1974
13.8667 0.1967
13.8833 0.1959
13.9 0.1951
13.9167 0.1943
13.9333 0.1935
13.95 0.1927
13.9667 0.1919
13.9833 0.1911
14.0 0.1902
14.0167 0.1894
14.0333 0.1886
14.05 0.1877
14.0667 0.1868
14.0833 0.186
14.1 0.1851
14.1167 0.1842
14.1333 0.1833
14.15 0.1824
14.1667 0.1815
14.1833 0.1805
14.2 0.1796
14.2167 0.1787
14.2333 0.1777
14.25 0.1768
14.2667 0.1758
14.2833 0.1749
14.3 0.1739
14.3167 0.1729
14.3333 0.1719
14.35 0.1709
14.3667 0.17
14.3833 0.1689
14.4 0.1679
14.4167 0.1669
14.4333 0.1659
14.45 0.1649
14.4667 0.1639
14.4833 0.1628
14.5 0.1618
14.5167 0.1608
14.5333 0.1597
14.55 0.1587
14.5667 0.1576
14.5833 0.1565
14.6 0.1555
14.6167 0.1544
14.6333 0.1533
14.65 0.1522
14.6667 0.1512
14.6833 0.1501
14.7 0.149
14.7167 0.1479
14.7333 0.1468
14.75 0.1457
14.7667 0.1446
14.7833 0.1435
14.8 0.1423
14.8167 0.1413
14.8333 0.1401
14.85 0.139
14.8667 0.1379
14.8833 0.1368
14.9 0.1357
14.9167 0.1345
14.9333 0.1334
14.95 0.1323
14.9667 0.1312
14.9833 0.13
15.0 0.1289
15.0167 0.1278
15.0333 0.1266
15.05 0.1255
15.0667 0.1244
15.0833 0.1232
15.1 0.1221
15.1167 0.121
15.1333 0.1198
15.15 0.1187
15.1667 0.1176
15.1833 0.1164
15.2 0.1153
15.2167 0.1142
15.2333 0.113
15.25 0.1119
15.2667 0.1108
15.2833 0.1097
15.3 0.1085
15.3167 0.1074
15.3333 0.1063
15.35 0.1052
15.3667 0.104
15.3833 0.1029
15.4 0.1018
15.4167 0.1007
15.4333 0.09957
15.45 0.09846
15.4667 0.09735
15.4833 0.09625
15.5 0.09514
15.5167 0.09405
15.5333 0.09295
15.55 0.09186
15.5667 0.09077
15.5833 0.08968
15.6 0.0886
15.6167 0.08752
15.6333 0.08645
15.65 0.08538
15.6667 0.08431
15.6833 0.08325
15.7 0.08219
15.7167 0.08114
15.7333 0.08009
15.75 0.07904
15.7667 0.078
15.7833 0.07696
15.8 0.07593
15.8167 0.07491
15.8333 0.07389
15.85 0.07287
15.8667 0.07186
15.8833 0.07085
15.9 0.06986
15.9167 0.06886
15.9333 0.06787
15.95 0.06689
15.9667 0.06591
15.9833 0.06494
16.0 0.06398
16.0167 0.06302
16.0333 0.06207
16.05 0.06112
16.0667 0.06018
16.0833 0.05925
16.1 0.05832
16.1167 0.0574
16.1333 0.05649
16.15 0.05558
16.1667 0.05468
16.1833 0.05379
16.2 0.0529
16.2167 0.05202
16.2333 0.05115
16.25 0.05029
16.2667 0.04943
16.2833 0.04858
16.3 0.04774
16.3167 0.0469
16.3333 0.04607
16.35 0.04525
16.3667 0.04444
16.3833 0.04364
16.4 0.04284
16.4167 0.04205
16.4333 0.04127
16.45 0.04049
16.4667 0.03973
16.4833 0.03897
16.5 0.03822
16.5167 0.03748
16.5333 0.03674
16.55 0.03602
16.5667 0.0353
16.5833 0.03459
16.6 0.03389
16.6167 0.03319
16.6333 0.0325
16.65 0.03183
16.6667 0.03116
16.6833 0.0305
16.7 0.02984
16.7167 0.0292
16.7333 0.02856
16.75 0.02794
16.7667 0.02731
16.7833 0.0267
16.8 0.0261
16.8167 0.0255
16.8333 0.02492
16.85 0.02434
16.8667 0.02377
16.8833 0.0232
16.9 0.02265
16.9167 0.0221
16.9333 0.02157
16.95 0.02104
16.9667 0.02052
16.9833 0.02
17.0 0.0195
17.0167 0.019
17.0333 0.01851
17.05 0.01803
17.0667 0.01756
17.0833 0.01709
17.1 0.01663
17.1167 0.01618
17.1333 0.01574
17.15 0.01531
17.1667 0.01488
17.1833 0.01446
17.2 0.01405
17.2167 0.01365
17.2333 0.01325
17.25 0.01286
17.2667 0.01248
17.2833 0.01211
17.3 0.01174
17.3167 0.01138
17.3333 0.01103
17.35 0.01069
17.3667 0.01035
17.3833 0.01002
17.4 0.009697
17.4167 0.00938
17.4333 0.00907
17.45 0.008766
17.4667 0.00847
17.4833 0.008179
17.5 0.007897
17.5167 0.007619
17.5333 0.007349
17.55 0.007084
17.5667 0.006826
17.5833 0.006574
17.6 0.006328
17.6167 0.006088
17.6333 0.005853
17.65 0.005625
17.6667 0.005402
17.6833 0.005185
17.7 0.004974
17.7167 0.004768
17.7333 0.004567
17.75 0.004371
17.7667 0.004182
17.7833 0.003997
17.8 0.003816
17.8167 0.003641
17.8333 0.003471
17.85 0.003306
17.8667 0.003146
17.8833 0.00299
17.9 0.002838
17.9167 0.002691
17.9333 0.002549
17.95 0.002411
17.9667 0.002277
17.9833 0.002148
18.0 0.002022
18.0167 0.001901
18.0333 0.001784
18.05 0.001671
18.0667 0.001562
18.0833 0.001457
18.1 0.001356
18.1167 0.001259
18.1333 0.001165
18.15 0.001076
18.1667 0.0009911
18.1833 0.0009099
18.2 0.0008329
18.2167 0.0007603
18.2333 0.0006926
18.25 0.0006154
18.2667 0.0005481
18.2833 0.0004913
18.3 0.0004433
18.3167 0.0003891
18.3333 0.0003451
18.35 0.0002997
18.3667 0.0002667
18.3833 0.0002283
18.4 0.0001951
18.4167 0.0001662
18.4333 0.000141
18.45 0.0001191
18.4667 9.724e-05
18.4833 8.066e-05
18.5 6.558e-05
18.5167 5.342e-05
18.5333 4.247e-05
18.55 3.363e-05
18.5667 2.642e-05
18.5833 2.046e-05
18.6 1.555e-05
18.6167 1.168e-05
18.6333 8.661e-06
18.65 6.29e-06
18.6667 4.348e-06
18.6833 2.919e-06
18.7 1.865e-06
18.7167 1.126e-06
18.7333 6.584e-07
18.75 3.763e-07
18.7667 2.068e-07
18.7833 1.041e-07
18.8 4.434e-08
18.8167 1.244e-08
18.8333 1.677e-09
18.85 9.234e-11
18.8667 1.76e-12
18.8833 8.466e-15
18.9 2.711e-18
18.9167 0.0
18.9333 0.0
18.95 0.0
18.9667 0.0
18.9833 0.0
19.0 0.0
19.0167 0.0
19.0333 0.0
19.05 0.0
19.0667 0.0
19.0833 0.0
19.1 0.0
19.1167 0.0
19.1333 0.0
19.15 0.0
19.1667 0.0
19.1833 0.0
19.2 0.0
19.2167 0.0
19.2333 0.0
19.25 0.0
19.2667 0.0
19.2833 0.0
19.3 0.0
19.3167 0.0
19.3333 0.0
19.35 0.0
19.3667 0.0
19.3833 0.0
19.4 0.0
19.4167 0.0
19.4333 0.0
19.45 0.0
19.4667 0.0
19.4833 0.0
19.5 0.0
19.5167 0.0
19.5333 0.0
19.55 0.0
19.5667 0.0
19.5833 0.0
19.6 0.0
19.6167 0.0
19.6333 0.0
19.65 0.0
19.6667 0.0
19.6833 0.0
19.7 0.0
19.7167 0.0
19.7333 0.0
19.75 0.0
19.7667 0.0
19.7833 0.0
19.8 0.0
19.8167 0.0
19.8333 0.0
19.85 0.0
19.8667 0.0
19.8833 0.0
19.9 0.0
19.9167 0.0
19.9333 0.0
19.95 0.0
19.9667 0.0
19.9833 0.0
20.0 0.0
20.0167 0.0
20.0333 0.0
20.05 0.0
20.0667 0.0
20.0833 0.0
20.1 0.0
20.1167 0.0
20.1333 0.0
20.15 0.0
20.1667 0.0
20.1833 0.0
20.2 0.0
20.2167 0.0
20.2333 0.0
20.25 0.0
20.2667 0.0
20.2833 0.0
20.3 0.0
20.3167 0.0
20.3333 0.0
20.35 0.0
20.3667 0.0
20.3833 0.0
20.4 0.0
20.4167 0.0
20.4333 0.0
20.45 0.0
20.4667 0.0
20.4833 0.0
20.5 0.0
20.5167 0.0
20.5333 0.0
20.55 0.0
20.5667 0.0
20.5833 0.0
20.6 0.0
20.6167 0.0
20.6333 0.0
20.65 0.0
20.6667 0.0
20.6833 0.0
20.7 0.0
20.7167 0.0
20.7333 0.0
20.75 0.0
20.7667 0.0
20.7833 0.0
20.8 0.0
20.8167 0.0
20.8333 0.0
20.85 0.0
20.8667 0.0
20.8833 0.0
20.9 0.0
20.9167 0.0
20.9333 0.0
20.95 0.0
20.9667 0.0
20.9833 0.0
21.0 0.0
21.0167 0.0
21.0333 0.0
21.05 0.0
21.0667 0.0
21.0833 0.0
21.1 0.0
21.1167 0.0
21.1333 0.0
21.15 0.0
21.1667 0.0
21.1833 0.0
21.2 0.0
21.2167 0.0
21.2333 0.0
21.25 0.0
21.2667 0.0
21.2833 0.0
21.3 0.0
21.3167 0.0
21.3333 0.0
21.35 0.0
21.3667 0.0
21.3833 0.0
21.4 0.0
21.4167 0.0
21.4333 0.0
21.45 0.0
21.4667 0.0
21.4833 0.0
21.5 0.0
21.5167 0.0
21.5333 0.0
21.55 0.0
21.5667 0.0
21.5833 0.0
21.6 0.0
21.6167 0.0
21.6333 0.0
21.65 0.0
21.6667 0.0
21.6833 0.0
21.7 0.0
21.7167 0.0
21.7333 0.0
21.75 0.0
21.7667 0.0
21.7833 0.0
21.8 0.0
21.8167 0.0
21.8333 0.0
21.85 0.0
21.8667 0.0
21.8833 0.0
21.9 0.0
21.9167 0.0
21.9333 0.0
21.95 0.0
21.9667 0.0
21.9833 0.0
22.0 0.0
22.0167 0.0
22.0333 0.0
22.05 0.0
22.0667 0.0
22.0833 0.0
22.1 0.0
22.1167 0.0
22.1333 0.0
22.15 0.0
22.1667 0.0
22.1833 0.0
22.2 0.0
22.2167 0.0
22.2333 0.0
22.25 0.0
22.2667 0.0
22.2833 0.0
22.3 0.0
22.3167 0.0
22.3333 0.0
22.35 0.0
22.3667 0.0
22.3833 0.0
22.4 0.0
22.4167 0.0
22.4333 0.0
22.45 0.0
22.4667 0.0
22.4833 0.0
22.5 0.0
22.5167 0.0
22.5333 0.0
22.55 0.0
22.5667 0.0
22.5833 0.0
22.6 0.0
22.6167 0.0
22.6333 0.0
22.65 0.0
22.6667 0.0
22.6833 0.0
22.7 0.0
22.7167 0.0
22.7333 0.0
22.75 0.0
22.7667 0.0
22.7833 0.0
22.8 0.0
22.8167 0.0
22.8333 0.0
22.85 0.0
22.8667 0.0
22.8833 0.0
22.9 0.0
22.9167 0.0
22.9333 0.0
22.95 0.0
22.9667 0.0
22.9833 0.0
23.0 0.0
23.0167 0.0
23.0333 0.0
23.05 0.0
23.0667 0.0
23.0833 0.0
23.1 0.0
23.1167 0.0
23.1333 0.0
23.15 0.0
23.1667 0.0
23.1833 0.0
23.2 0.0
23.2167 0.0
23.2333 0.0
23.25 0.0
23.2667 0.0
23.2833 0.0
23.3 0.0
23.3167 0.0
23.3333 0.0
23.35 0.0
23.3667 0.0
23.3833 0.0
23.4 0.0
23.4167 0.0
23.4333 0.0
23.45 0.0
23.4667 0.0
23.4833 0.0
23.5 0.0
23.5167 0.0
23.5333 0.0
23.55 0.0
23.5667 0.0
23.5833 0.0
23.6 0.0
23.6167 0.0
23.6333 0.0
23.65 0.0
23.6667 0.0
23.6833 0.0
23.7 0.0
23.7167 0.0
23.7333 0.0
23.75 0.0
23.7667 0.0
23.7833 0.0
23.8 0.0
23.8167 0.0
23.8333 0.0
23.85 0.0
23.8667 0.0
23.8833 0.0
23.9 0.0
23.9167 0.0
23.9333 0.0
23.95 0.0
23.9667 0.0
23.9833 0.0
