0.0 0.0
0.0167 0.0
0.0333 0.0
0.05 0.0
0.0667 0.0
0.0833 0.0
0.1 0.0
0.1167 0.0
0.1333 0.0
0.15 0.0
0.1667 0.0
0.1833 0.0
0.2 0.0
0.2167 0.0
0.2333 0.0
0.25 0.0
0.2667 0.0
0.2833 0.0
0.3 0.0
0.3167 0.0
0.3333 0.0
0.35 0.0
0.3667 0.0
0.3833 0.0
0.4 0.0
0.4167 0.0
0.4333 0.0
0.45 0.0
0.4667 0.0
0.4833 0.0
0.5 0.0
0.5167 0.0
0.5333 0.0
0.55 0.0
0.5667 0.0
0.5833 0.0
0.6 0.0
0.6167 0.0
0.6333 0.0
0.65 0.0
0.6667 0.0
0.6833 0.0
0.7 0.0
0.7167 0.0
0.7333 0.0
0.75 0.0
0.7667 0.0
0.7833 0.0
0.8 0.0
0.8167 0.0
0.8333 0.0
0.85 0.0
0.8667 0.0
0.8833 0.0
0.9 0.0
0.9167 0.0
0.9333 0.0
0.95 0.0
0.9667 0.0
0.9833 0.0
1.0 0.0
1.0167 0.0
1.0333 0.0
1.05 0.0
1.0667 0.0
1.0833 0.0
1.1 0.0
1.1167 0.0
1.1333 0.0
1.15 0.0
1.1667 0.0
1.1833 0.0
1.2 0.0
1.2167 0.0
1.2333 0.0
1.25 0.0
1.2667 0.0
1.2833 0.0
1.3 0.0
1.3167 0.0
1.3333 0.0
1.35 0.0
1.3667 0.0
1.3833 0.0
1.4 0.0
1.4167 0.0
1.4333 0.0
1.45 0.0
1.4667 0.0
1.4833 0.0
1.5 0.0
1.5167 0.0
1.5333 0.0
1.55 0.0
1.5667 0.0
1.5833 0.0
1.6 0.0
1.6167 0.0
1.6333 0.0
1.65 0.0
1.6667 0.0
1.6833 0.0
1.7 0.0
1.7167 0.0
1.7333 0.0
1.75 0.0
1.7667 0.0
1.7833 0.0
1.8 0.0
1.8167 0.0
1.8333 0.0
1.85 0.0
1.8667 0.0
1.8833 0.0
1.9 0.0
1.9167 0.0
1.9333 0.0
1.95 0.0
1.9667 0.0
1.9833 0.0
2.0 0.0
2.0167 0.0
2.0333 0.0
2.05 0.0
2.0667 0.0
2.0833 0.0
2.1 0.0
2.1167 0.0
2.1333 0.0
2.15 0.0
2.1667 0.0
2.1833 0.0
2.2 0.0
2.2167 0.0
2.2333 0.0
2.25 0.0
2.2667 0.0
2.2833 0.0
2.3 0.0
2.3167 0.0
2.3333 0.0
2.35 0.0
2.3667 0.0
2.3833 0.0
2.4 0.0
2.4167 0.0
2.4333 0.0
2.45 0.0
2.4667 0.0
2.4833 0.0
2.5 0.0
2.5167 0.0
2.5333 0.0
2.55 0.0
2.5667 0.0
2.5833 0.0
2.6 0.0
2.6167 0.0
2.6333 0.0
2.65 0.0
2.6667 0.0
2.6833 0.0
2.7 0.0
2.7167 0.0
2.7333 0.0
2.75 0.0
2.7667 0.0
2.7833 0.0
2.8 0.0
2.8167 0.0
2.8333 0.0
2.85 0.0
2.8667 0.0
2.8833 0.0
2.9 0.0
2.9167 0.0
2.9333 0.0
2.95 0.0
2.9667 0.0
2.9833 0.0
3.0 0.0
3.0167 0.0
3.0333 0.0
3.05 0.0
3.0667 0.0
3.0833 0.0
3.1 0.0
3.1167 0.0
3.1333 0.0
3.15 0.0
3.1667 0.0
3.1833 0.0
3.2 0.0
3.2167 0.0
3.2333 0.0
3.25 0.0
3.2667 0.0
3.2833 0.0
3.3 0.0
3.3167 0.0
3.3333 0.0
3.35 0.0
3.3667 0.0
3.3833 0.0
3.4 0.0
3.4167 0.0
3.4333 0.0
3.45 0.0
3.4667 0.0
3.4833 0.0
3.5 0.0
3.5167 0.0
3.5333 0.0
3.55 0.0
3.5667 0.0
3.5833 0.0
3.6 0.0
3.6167 0.0
3.6333 0.0
3.65 0.0
3.6667 0.0
3.6833 0.0
3.7 0.0
3.7167 0.0
3.7333 0.0
3.75 0.0
3.7667 0.0
3.7833 0.0
3.8 0.0
3.8167 0.0
3.8333 0.0
3.85 0.0
3.8667 0.0
3.8833 0.0
3.9 0.0
3.9167 0.0
3.9333 0.0
3.95 0.0
3.9667 0.0
3.9833 0.0
4.0 0.0
4.0167 0.0
4.0333 0.0
4.05 0.0
4.0667 0.0
4.0833 0.0
4.1 0.0
4.1167 0.0
4.1333 0.0
4.15 0.0
4.1667 0.0
4.1833 0.0
4.2 0.0
4.2167 0.0
4.2333 0.0
4.25 0.0
4.2667 0.0
4.2833 0.0
4.3 0.0
4.3167 0.0
4.3333 0.0
4.35 0.0
4.3667 0.0
4.3833 0.0
4.4 0.0
4.4167 0.0
4.4333 0.0
4.45 0.0
4.4667 0.0
4.4833 0.0
4.5 0.0
4.5167 0.0
4.5333 0.0
4.55 0.0
4.5667 0.0
4.5833 0.0
4.6 0.0
4.6167 0.0
4.6333 0.0
4.65 0.0
4.6667 0.0
4.6833 0.0
4.7 0.0
4.7167 0.0
4.7333 0.0
4.75 0.0
4.7667 0.0
4.7833 0.0
4.8 0.0
4.8167 0.0
4.8333 0.0
4.85 0.0
4.8667 0.0
4.8833 0.0
4.9 0.0
4.9167 0.0
4.9333 0.0
4.95 0.0
4.9667 0.0
4.9833 0.0
5.0 0.0
5.0167 0.0
5.0333 0.0
5.05 0.0
5.0667 0.0
5.0833 0.0
5.1 0.0
5.1167 0.0
5.1333 0.0
5.15 0.0
5.1667 0.0
5.1833 0.0
5.2 0.0
5.2167 0.0
5.2333 0.0
5.25 0.0
5.2667 0.0
5.2833 0.0
5.3 0.0
5.3167 0.0
5.3333 0.0
5.35 0.0
5.3667 0.0
5.3833 0.0
5.4 0.0
5.4167 0.0
5.4333 0.0
5.45 0.0
5.4667 0.0
5.4833 0.0
5.5 0.0
5.5167 0.0
5.5333 0.0
5.55 0.0
5.5667 0.0
5.5833 0.0
5.6 0.0
5.6167 0.0
5.6333 0.0
5.65 0.0
5.6667 0.0
5.6833 0.0
5.7 0.0
5.7167 0.0
5.7333 0.0
5.75 0.0
5.7667 0.0
5.7833 0.0
5.8 0.0
5.8167 0.0
5.8333 0.0
5.85 0.0
5.8667 0.0
5.8833 0.0
5.9 0.0
5.9167 0.0
5.9333 0.0
5.95 0.0
5.9667 0.0
5.9833 0.0
6.0 0.0
6.0167 0.0
6.0333 0.0
6.05 0.0
6.0667 0.0
6.0833 0.0
6.1 0.0
6.1167 0.0
6.1333 0.0
6.15 0.0
6.1667 0.0
6.1833 0.0
6.2 1.3e-33
6.2167 6.045e-16
6.2333 3.474e-13
6.25 3.772e-11
6.2667 9.554e-10
6.2833 1.023e-08
6.3 3.905e-08
6.3167 1.006e-07
6.3333 2.071e-07
6.35 3.954e-07
6.3667 7.068e-07
6.3833 1.229e-06
6.4 2.054e-06
6.4167 3.254e-06
6.4333 4.825e-06
6.45 6.994e-06
6.4667 9.701e-06
6.4833 1.339e-05
6.5 1.782e-05
6.5167 2.348e-05
6.5333 3.056e-05
6.55 3.931e-05
6.5667 5.011e-05
6.5833 6.357e-05
6.6 7.763e-05
6.6167 9.686e-05
6.6333 0.0001165
6.65 0.0001399
6.6667 0.0001672
6.6833 0.000198
6.7 0.000232
6.7167 0.0002708
6.7333 0.0003165
6.75 0.0003588
6.7667 0.0004138
6.7833 0.0004626
6.8 0.0005214
6.8167 0.0005918
6.8333 0.0006677
6.85 0.0007382
6.8667 0.0008139
6.8833 0.0008944
6.9 0.0009798
6.9167 0.001069
6.9333 0.001163
6.95 0.001262
6.9667 0.001364
6.9833 0.001472
7.0 0.001584
7.0167 0.0017
7.0333 0.00182
7.05 0.001946
7.0667 0.002075
7.0833 0.002211
7.1 0.00235
7.1167 0.002494
7.1333 0.002644
7.15 0.002798
7.1667 0.002958
7.1833 0.003123
7.2 0.003293
7.2167 0.003469
7.2333 0.00365
7.25 0.003838
7.2667 0.004031
7.2833 0.00423
7.3 0.004435
7.3167 0.004646
7.3333 0.004863
7.35 0.005087
7.3667 0.005318
7.3833 0.005554
7.4 0.005798
7.4167 0.006049
7.4333 0.006306
7.45 0.006571
7.4667 0.006843
7.4833 0.007122
7.5 0.007409
7.5167 0.007703
7.5333 0.008005
7.55 0.008315
7.5667 0.008633
7.5833 0.008958
7.6 0.009292
7.6167 0.009634
7.6333 0.009984
7.65 0.01034
7.6667 0.01071
7.6833 0.01109
7.7 0.01147
7.7167 0.01187
7.7333 0.01227
7.75 0.01268
7.7667 0.0131
7.7833 0.01353
7.8 0.01397
7.8167 0.01442
7.8333 0.01488
7.85 0.01535
7.8667 0.01583
7.8833 0.01631
7.9 0.01681
7.9167 0.01732
7.9333 0.01784
7.95 0.01836
7.9667 0.0189
7.9833 0.01945
8.0 0.02001
8.0167 0.02058
8.0333 0.02116
8.05 0.02175
8.0667 0.02235
8.0833 0.02296
8.1 0.02358
8.1167 0.02422
8.1333 0.02486
8.15 0.02551
8.1667 0.02618
8.1833 0.02686
8.2 0.02754
8.2167 0.02824
8.2333 0.02895
8.25 0.02967
8.2667 0.0304
8.2833 0.03115
8.3 0.0319
8.3167 0.03267
8.3333 0.03345
8.35 0.03423
8.3667 0.03503
8.3833 0.03584
8.4 0.03667
8.4167 0.0375
8.4333 0.03835
8.45 0.0392
8.4667 0.04007
8.4833 0.04095
8.5 0.04184
8.5167 0.04274
8.5333 0.04365
8.55 0.04458
8.5667 0.04551
8.5833 0.04646
8.6 0.04742
8.6167 0.04839
8.6333 0.04937
8.65 0.05036
8.6667 0.05137
8.6833 0.05238
8.7 0.05341
8.7167 0.05444
8.7333 0.05549
8.75 0.05655
8.7667 0.05762
8.7833 0.0587
8.8 0.0598
8.8167 0.0609
8.8333 0.06201
8.85 0.06313
8.8667 0.06427
8.8833 0.06542
8.9 0.06657
8.9167 0.06774
8.9333 0.06891
8.95 0.0701
8.9667 0.0713
8.9833 0.07251
9.0 0.07373
9.0167 0.07496
9.0333 0.07619
9.05 0.07744
9.0667 0.0787
9.0833 0.07997
9.1 0.08125
9.1167 0.08253
9.1333 0.08383
9.15 0.08514
9.1667 0.08645
9.1833 0.08778
9.2 0.08911
9.2167 0.09045
9.2333 0.0918
9.25 0.09317
9.2667 0.09454
9.2833 0.09591
9.3 0.0973
9.3167 0.09869
9.3333 0.1001
9.35 0.1015
9.3667 0.1029
9.3833 0.1044
9.4 0.1058
9.4167 0.1072
9.4333 0.1087
9.45 0.1101
9.4667 0.1116
9.4833 0.1131
9.5 0.1145
9.5167 0.116
9.5333 0.1175
9.55 0.119
9.5667 0.1205
9.5833 0.1221
9.6 0.1236
9.6167 0.1251
9.6333 0.1266
9.65 0.1282
9.6667 0.1297
9.6833 0.1313
9.7 0.1328
9.7167 0.1344
9.7333 0.1359
9.75 0.1375
9.7667 0.1391
9.7833 0.1406
9.8 0.1422
9.8167 0.1438
9.8333 0.1454
9.85 0.147
9.8667 0.1486
9.8833 0.1502
9.9 0.1518
9.9167 0.1534
9.9333 0.155
9.95 0.1567
9.9667 0.1583
9.9833 0.1599
10.0 0.1615
10.0167 0.1632
10.0333 0.1648
10.05 0.1664
10.0667 0.1681
10.0833 0.1697
10.1 0.1713
10.1167 0.173
10.1333 0.1746
10.15 0.1763
10.1667 0.1779
10.1833 0.1795
10.2 0.1812
10.2167 0.1828
10.2333 0.1845
10.25 0.1861
10.2667 0.1877
10.2833 0.1894
10.3 0.1911
10.3167 0.1927
10.3333 0.1943
10.35 0.196
10.3667 0.1976
10.3833 0.1993
10.4 0.2009
10.4167 0.2025
10.4333 0.2042
10.45 0.2058
10.4667 0.2074
10.4833 0.2091
10.5 0.2107
10.5167 0.2123
10.5333 0.2139
10.55 0.2156
10.5667 0.2172
10.5833 0.2188
10.6 0.2204
10.6167 0.222
10.6333 0.2236
10.65 0.2252
10.6667 0.2268
10.6833 0.2284
10.7 0.2299
10.7167 0.2315
10.7333 0.233
10.75 0.2347
10.7667 0.2362
10.7833 0.2378
10.8 0.2393
10.8167 0.2409
10.8333 0.2424
10.85 0.2438
10.8667 0.2455
10.8833 0.247
10.9 0.2485
10.9167 0.2499
10.9333 0.2515
10.95 0.253
10.9667 0.2545
10.9833 0.256
11.0 0.2575
11.0167 0.259
11.0333 0.2604
11.05 0.2619
11.0667 0.2633
11.0833 0.2647
11.1 0.2662
11.1167 0.2676
11.1333 0.2689
11.15 0.2704
11.1667 0.2717
11.1833 0.2731
11.2 0.2745
11.2167 0.2759
11.2333 0.2771
11.25 0.2786
11.2667 0.2799
11.2833 0.2812
11.3 0.2825
11.3167 0.2837
11.3333 0.2851
11.35 0.2864
11.3667 0.2877
11.3833 0.2889
11.4 0.2902
11.4167 0.2913
11.4333 0.2926
11.45 0.2939
11.4667 0.2951
11.4833 0.2962
11.5 0.2974
11.5167 0.2985
11.5333 0.2997
11.55 0.3009
11.5667 0.302
11.5833 0.3031
11.6 0.3042
11.6167 0.3053
11.6333 0.3064
11.65 0.3074
11.6667 0.3085
11.6833 0.3096
11.7 0.3106
11.7167 0.3116
11.7333 0.3126
11.75 0.3136
11.7667 0.3146
11.7833 0.3155
11.8 0.3164
11.8167 0.3174
11.8333 0.3183
11.85 0.3192
11.8667 0.3201
11.8833 0.3209
11.9 0.3218
11.9167 0.3226
11.9333 0.3235
11.95 0.3243
11.9667 0.325
11.9833 0.3259
12.0 0.3266
12.0167 0.3274
12.0333 0.328
12.05 0.3289
12.0667 0.3296
12.0833 0.3302
12.1 0.3309
12.1167 0.3316
12.1333 0.3322
12.15 0.3328
12.1667 0.3335
12.1833 0.3338
12.2 0.3345
12.2167 0.3352
12.2333 0.3357
12.25 0.3363
12.2667 0.3368
12.2833 0.3373
12.3 0.3377
12.3167 0.3382
12.3333 0.3387
12.35 0.3391
12.3667 0.3395
12.3833 0.3399
12.4 0.3403
12.4167 0.3407
12.4333 0.341
12.45 0.3413
12.4667 0.3414
12.4833 0.3419
12.5 0.3422
12.5167 0.3425
12.5333 0.3428
12.55 0.343
12.5667 0.3432
12.5833 0.3434
12.6 0.3436
12.6167 0.3437
12.6333 0.3439
12.65 0.344
12.6667 0.3441
12.6833 0.3442
12.7 0.3443
12.7167 0.3444
12.7333 0.3444
12.75 0.3444
12.7667 0.3444
12.7833 0.3444
12.8 0.3444
12.8167 0.3443
12.8333 0.3443
12.85 0.3442
12.8667 0.3441
12.8833 0.344
12.9 0.3439
12.9167 0.3437
12.9333 0.3436
12.95 0.3434
12.9667 0.3432
12.9833 0.343
13.0 0.3427
13.0167 0.3425
13.0333 0.3422
13.05 0.3418
13.0667 0.3414
13.0833 0.3413
13.1 0.341
13.1167 0.3406
13.1333 0.3403
13.15 0.3399
13.1667 0.3395
13.1833 0.3391
13.2 0.3386
13.2167 0.3382
13.2333 0.3376
13.25 0.3372
13.2667 0.3367
13.2833 0.3362
13.3 0.3357
13.3167 0.3351
13.3333 0.3345
13.35 0.3337
13.3667 0.3334
13.3833 0.3328
13.4 0.3321
13.4167 0.3315
13.4333 0.3308
13.45 0.3302
13.4667 0.3295
13.4833 0.3288
13.5 0.3279
13.5167 0.3273
13.5333 0.3265
13.55 0.3258
13.5667 0.3249
13.5833 0.3242
13.6 0.3234
13.6167 0.3226
13.6333 0.3217
13.65 0.3209
13.6667 0.32
13.6833 0.3191
13.7 0.3182
13.7167 0.3173
13.7333 0.3163
13.75 0.3154
13.7667 0.3144
13.7833 0.3135
13.8 0.3125
13.8167 0.3115
13.8333 0.3105
13.85 0.3095
13.8667 0.3084
13.8833 0.3073
13.9 0.3063
13.9167 0.3052
13.9333 0.3041
13.95 0.303
13.9667 0.3019
13.9833 0.3008
14.0 0.2996
14.0167 0.2984
14.0333 0.2973
14.05 0.2961
14.0667 0.2949
14.0833 0.2937
14.1 0.2925
14.1167 0.2913
14.1333 0.2901
14.15 0.2888
14.1667 0.2875
14.1833 0.2863
14.2 0.285
14.2167 0.2835
14.2333 0.2824
14.25 0.2811
14.2667 0.2798
14.2833 0.2784
14.3 0.277
14.3167 0.2757
14.3333 0.2744
14.35 0.2729
14.3667 0.2716
14.3833 0.2702
14.4 0.2686
14.4167 0.2674
14.4333 0.266
14.45 0.2646
14.4667 0.2631
14.4833 0.2617
14.5 0.2603
14.5167 0.2588
14.5333 0.2573
14.55 0.2559
14.5667 0.2544
14.5833 0.2529
14.6 0.2514
14.6167 0.2498
14.6333 0.2484
14.65 0.2469
14.6667 0.2453
14.6833 0.2438
14.7 0.2423
14.7167 0.2407
14.7333 0.2391
14.75 0.2376
14.7667 0.2361
14.7833 0.2345
14.8 0.2328
14.8167 0.2314
14.8333 0.2298
14.85 0.2282
14.8667 0.2266
14.8833 0.225
14.9 0.2234
14.9167 0.2218
14.9333 0.2202
14.95 0.2186
14.9667 0.217
14.9833 0.2154
15.0 0.2138
15.0167 0.2122
15.0333 0.2105
15.05 0.2089
15.0667 0.2071
15.0833 0.2055
15.1 0.204
15.1167 0.2022
15.1333 0.2007
15.15 0.1991
15.1667 0.1975
15.1833 0.1958
15.2 0.1942
15.2167 0.1925
15.2333 0.1909
15.25 0.1893
15.2667 0.1875
15.2833 0.186
15.3 0.1843
15.3167 0.1827
15.3333 0.181
15.35 0.1794
15.3667 0.1777
15.3833 0.1761
15.4 0.1745
15.4167 0.1728
15.4333 0.1712
15.45 0.1695
15.4667 0.1678
15.4833 0.1663
15.5 0.1646
15.5167 0.1629
15.5333 0.1614
15.55 0.1597
15.5667 0.1581
15.5833 0.1565
15.6 0.1549
15.6167 0.1533
15.6333 0.1517
15.65 0.1501
15.6667 0.1485
15.6833 0.1469
15.7 0.1453
15.7167 0.1437
15.7333 0.1421
15.75 0.1405
15.7667 0.1389
15.7833 0.1374
15.8 0.1358
15.8167 0.1342
15.8333 0.1327
15.85 0.1311
15.8667 0.1296
15.8833 0.128
15.9 0.1265
15.9167 0.125
15.9333 0.1234
15.95 0.1219
15.9667 0.1204
15.9833 0.1189
16.0 0.1174
16.0167 0.1159
16.0333 0.1144
16.05 0.1129
16.0667 0.1115
16.0833 0.11
16.1 0.1086
16.1167 0.1071
16.1333 0.1057
16.15 0.1042
16.1667 0.1028
16.1833 0.1014
16.2 0.09998
16.2167 0.09858
16.2333 0.09719
16.25 0.0958
16.2667 0.09442
16.2833 0.09306
16.3 0.0917
16.3167 0.09034
16.3333 0.089
16.35 0.08767
16.3667 0.08635
16.3833 0.08503
16.4 0.08373
16.4167 0.08243
16.4333 0.08114
16.45 0.07987
16.4667 0.0786
16.4833 0.07734
16.5 0.0761
16.5167 0.07486
16.5333 0.07363
16.55 0.07242
16.5667 0.07121
16.5833 0.07001
16.6 0.06883
16.6167 0.06765
16.6333 0.06648
16.65 0.06533
16.6667 0.06418
16.6833 0.06305
16.7 0.06193
16.7167 0.06081
16.7333 0.05971
16.75 0.05862
16.7667 0.05754
16.7833 0.05647
16.8 0.05542
16.8167 0.05437
16.8333 0.05333
16.85 0.05231
16.8667 0.0513
16.8833 0.05029
16.9 0.0493
16.9167 0.04832
16.9333 0.04735
16.95 0.0464
16.9667 0.04545
16.9833 0.04451
17.0 0.04359
17.0167 0.04268
17.0333 0.04178
17.05 0.04089
17.0667 0.04001
17.0833 0.03914
17.1 0.03829
17.1167 0.03745
17.1333 0.03661
17.15 0.03579
17.1667 0.03498
17.1833 0.03418
17.2 0.03339
17.2167 0.03262
17.2333 0.03185
17.25 0.0311
17.2667 0.03036
17.2833 0.02963
17.3 0.02891
17.3167 0.0282
17.3333 0.0275
17.35 0.02681
17.3667 0.02614
17.3833 0.02547
17.4 0.02482
17.4167 0.02418
17.4333 0.02355
17.45 0.02292
17.4667 0.02231
17.4833 0.02171
17.5 0.02112
17.5167 0.02055
17.5333 0.01998
17.55 0.01942
17.5667 0.01887
17.5833 0.01833
17.6 0.01781
17.6167 0.01729
17.6333 0.01678
17.65 0.01629
17.6667 0.0158
17.6833 0.01532
17.7 0.01485
17.7167 0.0144
17.7333 0.01395
17.75 0.01351
17.7667 0.01308
17.7833 0.01266
17.8 0.01225
17.8167 0.01185
17.8333 0.01145
17.85 0.01107
17.8667 0.01069
17.8833 0.01033
17.9 0.009968
17.9167 0.009618
17.9333 0.009276
17.95 0.008943
17.9667 0.008618
17.9833 0.008301
18.0 0.007992
18.0167 0.00769
18.0333 0.007396
18.05 0.00711
18.0667 0.006831
18.0833 0.00656
18.1 0.006296
18.1167 0.006038
18.1333 0.005788
18.15 0.005545
18.1667 0.005308
18.1833 0.005078
18.2 0.004855
18.2167 0.004638
18.2333 0.004427
18.25 0.004222
18.2667 0.004024
18.2833 0.003831
18.3 0.003644
18.3167 0.003463
18.3333 0.003288
18.35 0.003118
18.3667 0.002953
18.3833 0.002793
18.4 0.002639
18.4167 0.00249
18.4333 0.002346
18.45 0.002206
18.4667 0.002072
18.4833 0.001942
18.5 0.001817
18.5167 0.001697
18.5333 0.001581
18.55 0.001469
18.5667 0.001362
18.5833 0.001259
18.6 0.001161
18.6167 0.001067
18.6333 0.0009779
18.65 0.0008929
18.6667 0.0008125
18.6833 0.0007368
18.7 0.0006664
18.7167 0.0005904
18.7333 0.0005203
18.75 0.0004618
18.7667 0.0004132
18.7833 0.000358
18.8 0.000316
18.8167 0.0002702
18.8333 0.0002316
18.85 0.0001976
18.8667 0.0001668
18.8833 0.0001395
18.9 0.0001163
18.9167 9.671e-05
18.9333 7.753e-05
18.95 6.349e-05
18.9667 5.005e-05
18.9833 3.925e-05
19.0 3.052e-05
19.0167 2.345e-05
19.0333 1.781e-05
19.05 1.338e-05
19.0667 9.692e-06
19.0833 6.991e-06
19.1 4.822e-06
19.1167 3.258e-06
19.1333 2.055e-06
19.15 1.23e-06
19.1667 7.072e-07
19.1833 3.963e-07
19.2 2.075e-07
19.2167 1.01e-07
19.2333 3.937e-08
19.25 1.031e-08
19.2667 9.737e-10
19.2833 3.882e-11
19.3 3.695e-13
19.3167 6.561e-16
19.3333 1.594e-33
19.35 0.0
19.3667 0.0
19.3833 0.0
19.4 0.0
19.4167 0.0
19.4333 0.0
19.45 0.0
19.4667 0.0
19.4833 0.0
19.5 0.0
19.5167 0.0
19.5333 0.0
19.55 0.0
19.5667 0.0
19.5833 0.0
19.6 0.0
19.6167 0.0
19.6333 0.0
19.65 0.0
19.6667 0.0
19.6833 0.0
19.7 0.0
19.7167 0.0
19.7333 0.0
19.75 0.0
19.7667 0.0
19.7833 0.0
19.8 0.0
19.8167 0.0
19.8333 0.0
19.85 0.0
19.8667 0.0
19.8833 0.0
19.9 0.0
19.9167 0.0
19.9333 0.0
19.95 0.0
19.9667 0.0
19.9833 0.0
20.0 0.0
20.0167 0.0
20.0333 0.0
20.05 0.0
20.0667 0.0
20.0833 0.0
20.1 0.0
20.1167 0.0
20.1333 0.0
20.15 0.0
20.1667 0.0
20.1833 0.0
20.2 0.0
20.2167 0.0
20.2333 0.0
20.25 0.0
20.2667 0.0
20.2833 0.0
20.3 0.0
20.3167 0.0
20.3333 0.0
20.35 0.0
20.3667 0.0
20.3833 0.0
20.4 0.0
20.4167 0.0
20.4333 0.0
20.45 0.0
20.4667 0.0
20.4833 0.0
20.5 0.0
20.5167 0.0
20.5333 0.0
20.55 0.0
20.5667 0.0
20.5833 0.0
20.6 0.0
20.6167 0.0
20.6333 0.0
20.65 0.0
20.6667 0.0
20.6833 0.0
20.7 0.0
20.7167 0.0
20.7333 0.0
20.75 0.0
20.7667 0.0
20.7833 0.0
20.8 0.0
20.8167 0.0
20.8333 0.0
20.85 0.0
20.8667 0.0
20.8833 0.0
20.9 0.0
20.9167 0.0
20.9333 0.0
20.95 0.0
20.9667 0.0
20.9833 0.0
21.0 0.0
21.0167 0.0
21.0333 0.0
21.05 0.0
21.0667 0.0
21.0833 0.0
21.1 0.0
21.1167 0.0
21.1333 0.0
21.15 0.0
21.1667 0.0
21.1833 0.0
21.2 0.0
21.2167 0.0
21.2333 0.0
21.25 0.0
21.2667 0.0
21.2833 0.0
21.3 0.0
21.3167 0.0
21.3333 0.0
21.35 0.0
21.3667 0.0
21.3833 0.0
21.4 0.0
21.4167 0.0
21.4333 0.0
21.45 0.0
21.4667 0.0
21.4833 0.0
21.5 0.0
21.5167 0.0
21.5333 0.0
21.55 0.0
21.5667 0.0
21.5833 0.0
21.6 0.0
21.6167 0.0
21.6333 0.0
21.65 0.0
21.6667 0.0
21.6833 0.0
21.7 0.0
21.7167 0.0
21.7333 0.0
21.75 0.0
21.7667 0.0
21.7833 0.0
21.8 0.0
21.8167 0.0
21.8333 0.0
21.85 0.0
21.8667 0.0
21.8833 0.0
21.9 0.0
21.9167 0.0
21.9333 0.0
21.95 0.0
21.9667 0.0
21.9833 0.0
22.0 0.0
22.0167 0.0
22.0333 0.0
22.05 0.0
22.0667 0.0
22.0833 0.0
22.1 0.0
22.1167 0.0
22.1333 0.0
22.15 0.0
22.1667 0.0
22.1833 0.0
22.2 0.0
22.2167 0.0
22.2333 0.0
22.25 0.0
22.2667 0.0
22.2833 0.0
22.3 0.0
22.3167 0.0
22.3333 0.0
22.35 0.0
22.3667 0.0
22.3833 0.0
22.4 0.0
22.4167 0.0
22.4333 0.0
22.45 0.0
22.4667 0.0
22.4833 0.0
22.5 0.0
22.5167 0.0
22.5333 0.0
22.55 0.0
22.5667 0.0
22.5833 0.0
22.6 0.0
22.6167 0.0
22.6333 0.0
22.65 0.0
22.6667 0.0
22.6833 0.0
22.7 0.0
22.7167 0.0
22.7333 0.0
22.75 0.0
22.7667 0.0
22.7833 0.0
22.8 0.0
22.8167 0.0
22.8333 0.0
22.85 0.0
22.8667 0.0
22.8833 0.0
22.9 0.0
22.9167 0.0
22.9333 0.0
22.95 0.0
22.9667 0.0
22.9833 0.0
23.0 0.0
23.0167 0.0
23.0333 0.0
23.05 0.0
23.0667 0.0
23.0833 0.0
23.1 0.0
23.1167 0.0
23.1333 0.0
23.15 0.0
23.1667 0.0
23.1833 0.0
23.2 0.0
23.2167 0.0
23.2333 0.0
23.25 0.0
23.2667 0.0
23.2833 0.0
23.3 0.0
23.3167 0.0
23.3333 0.0
23.35 0.0
23.3667 0.0
23.3833 0.0
23.4 0.0
23.4167 0.0
23.4333 0.0
23.45 0.0
23.4667 0.0
23.4833 0.0
23.5 0.0
23.5167 0.0
23.5333 0.0
23.55 0.0
23.5667 0.0
23.5833 0.0
23.6 0.0
23.6167 0.0
23.6333 0.0
23.65 0.0
23.6667 0.0
23.6833 0.0
23.7 0.0
23.7167 0.0
23.7333 0.0
23.75 0.0
23.7667 0.0
23.7833 0.0
23.8 0.0
23.8167 0.0
23.8333 0.0
23.85 0.0
23.8667 0.0
23.8833 0.0
23.9 0.0
23.9167 0.0
23.9333 0.0
23.95 0.0
23.9667 0.0
23.9833 0.0
