0.0 0.0
0.0167 0.0
0.0333 0.0
0.05 0.0
0.0667 0.0
0.0833 0.0
0.1 0.0
0.1167 0.0
0.1333 0.0
0.15 0.0
0.1667 0.0
0.1833 0.0
0.2 0.0
0.2167 0.0
0.2333 0.0
0.25 0.0
0.2667 0.0
0.2833 0.0
0.3 0.0
0.3167 0.0
0.3333 0.0
0.35 0.0
0.3667 0.0
0.3833 0.0
0.4 0.0
0.4167 0.0
0.4333 0.0
0.45 0.0
0.4667 0.0
0.4833 0.0
0.5 0.0
0.5167 0.0
0.5333 0.0
0.55 0.0
0.5667 0.0
0.5833 0.0
0.6 0.0
0.6167 0.0
0.6333 0.0
0.65 0.0
0.6667 0.0
0.6833 0.0
0.7 0.0
0.7167 0.0
0.7333 0.0
0.75 0.0
0.7667 0.0
0.7833 0.0
0.8 0.0
0.8167 0.0
0.8333 0.0
0.85 0.0
0.8667 0.0
0.8833 0.0
0.9 0.0
0.9167 0.0
0.9333 0.0
0.95 0.0
0.9667 0.0
0.9833 0.0
1.0 0.0
1.0167 0.0
1.0333 0.0
1.05 0.0
1.0667 0.0
1.0833 0.0
1.1 0.0
1.1167 0.0
1.1333 0.0
1.15 0.0
1.1667 0.0
1.1833 0.0
1.2 0.0
1.2167 0.0
1.2333 0.0
1.25 0.0
1.2667 0.0
1.2833 0.0
1.3 0.0
1.3167 0.0
1.3333 0.0
1.35 0.0
1.3667 0.0
1.3833 0.0
1.4 0.0
1.4167 0.0
1.4333 0.0
1.45 0.0
1.4667 0.0
1.4833 0.0
1.5 0.0
1.5167 0.0
1.5333 0.0
1.55 0.0
1.5667 0.0
1.5833 0.0
1.6 0.0
1.6167 0.0
1.6333 0.0
1.65 0.0
1.6667 0.0
1.6833 0.0
1.7 0.0
1.7167 0.0
1.7333 0.0
1.75 0.0
1.7667 0.0
1.7833 0.0
1.8 0.0
1.8167 0.0
1.8333 0.0
1.85 0.0
1.8667 0.0
1.8833 0.0
1.9 0.0
1.9167 0.0
1.9333 0.0
1.95 0.0
1.9667 0.0
1.9833 0.0
2.0 0.0
2.0167 0.0
2.0333 0.0
2.05 0.0
2.0667 0.0
2.0833 0.0
2.1 0.0
2.1167 0.0
2.1333 0.0
2.15 0.0
2.1667 0.0
2.1833 0.0
2.2 0.0
2.2167 0.0
2.2333 0.0
2.25 0.0
2.2667 0.0
2.2833 0.0
2.3 0.0
2.3167 0.0
2.3333 0.0
2.35 0.0
2.3667 0.0
2.3833 0.0
2.4 0.0
2.4167 0.0
2.4333 0.0
2.45 0.0
2.4667 0.0
2.4833 0.0
2.5 0.0
2.5167 0.0
2.5333 0.0
2.55 0.0
2.5667 0.0
2.5833 0.0
2.6 0.0
2.6167 0.0
2.6333 0.0
2.65 0.0
2.6667 0.0
2.6833 0.0
2.7 0.0
2.7167 0.0
2.7333 0.0
2.75 0.0
2.7667 0.0
2.7833 0.0
2.8 0.0
2.8167 0.0
2.8333 0.0
2.85 0.0
2.8667 0.0
2.8833 0.0
2.9 0.0
2.9167 0.0
2.9333 0.0
2.95 0.0
2.9667 0.0
2.9833 0.0
3.0 0.0
3.0167 0.0
3.0333 0.0
3.05 0.0
3.0667 0.0
3.0833 0.0
3.1 0.0
3.1167 0.0
3.1333 0.0
3.15 0.0
3.1667 0.0
3.1833 0.0
3.2 0.0
3.2167 0.0
3.2333 0.0
3.25 0.0
3.2667 0.0
3.2833 0.0
3.3 0.0
3.3167 0.0
3.3333 0.0
3.35 0.0
3.3667 0.0
3.3833 0.0
3.4 0.0
3.4167 0.0
3.4333 0.0
3.45 0.0
3.4667 0.0
3.4833 0.0
3.5 0.0
3.5167 0.0
3.5333 0.0
3.55 0.0
3.5667 0.0
3.5833 0.0
3.6 0.0
3.6167 0.0
3.6333 0.0
3.65 0.0
3.6667 0.0
3.6833 0.0
3.7 0.0
3.7167 0.0
3.7333 0.0
3.75 0.0
3.7667 0.0
3.7833 0.0
3.8 0.0
3.8167 0.0
3.8333 0.0
3.85 0.0
3.8667 0.0
3.8833 0.0
3.9 0.0
3.9167 0.0
3.9333 0.0
3.95 0.0
3.9667 0.0
3.9833 0.0
4.0 0.0
4.0167 0.0
4.0333 0.0
4.05 0.0
4.0667 0.0
4.0833 0.0
4.1 0.0
4.1167 0.0
4.1333 0.0
4.15 0.0
4.1667 0.0
4.1833 0.0
4.2 0.0
4.2167 0.0
4.2333 0.0
4.25 0.0
4.2667 0.0
4.2833 0.0
4.3 0.0
4.3167 0.0
4.3333 0.0
4.35 0.0
4.3667 0.0
4.3833 0.0
4.4 0.0
4.4167 0.0
4.4333 0.0
4.45 0.0
4.4667 0.0
4.4833 0.0
4.5 0.0
4.5167 0.0
4.5333 0.0
4.55 0.0
4.5667 0.0
4.5833 0.0
4.6 0.0
4.6167 0.0
4.6333 0.0
4.65 0.0
4.6667 0.0
4.6833 0.0
4.7 0.0
4.7167 0.0
4.7333 0.0
4.75 0.0
4.7667 0.0
4.7833 0.0
4.8 0.0
4.8167 0.0
4.8333 0.0
4.85 0.0
4.8667 0.0
4.8833 0.0
4.9 0.0
4.9167 0.0
4.9333 0.0
4.95 0.0
4.9667 0.0
4.9833 0.0
5.0 0.0
5.0167 0.0
5.0333 0.0
5.05 0.0
5.0667 0.0
5.0833 0.0
5.1 0.0
5.1167 0.0
5.1333 0.0
5.15 0.0
5.1667 0.0
5.1833 0.0
5.2 0.0
5.2167 0.0
5.2333 0.0
5.25 0.0
5.2667 0.0
5.2833 0.0
5.3 0.0
5.3167 0.0
5.3333 0.0
5.35 0.0
5.3667 0.0
5.3833 0.0
5.4 0.0
5.4167 0.0
5.4333 0.0
5.45 0.0
5.4667 0.0
5.4833 0.0
5.5 0.0
5.5167 0.0
5.5333 0.0
5.55 0.0
5.5667 0.0
5.5833 0.0
5.6 0.0
5.6167 0.0
5.6333 0.0
5.65 0.0
5.6667 0.0
5.6833 0.0
5.7 0.0
5.7167 0.0
5.7333 0.0
5.75 0.0
5.7667 0.0
5.7833 0.0
5.8 0.0
5.8167 4.006e-19
5.8333 4.429e-15
5.85 1.337e-12
5.8667 8.969e-11
5.8833 1.759e-09
5.9 1.401e-08
5.9167 4.672e-08
5.9333 1.126e-07
5.95 2.274e-07
5.9667 4.152e-07
5.9833 7.338e-07
6.0 1.264e-06
6.0167 2.088e-06
6.0333 3.303e-06
6.05 4.855e-06
6.0667 6.965e-06
6.0833 9.63e-06
6.1 1.322e-05
6.1167 1.753e-05
6.1333 2.301e-05
6.15 2.987e-05
6.1667 3.835e-05
6.1833 4.886e-05
6.2 6.075e-05
6.2167 7.526e-05
6.2333 9.249e-05
6.25 0.0001128
6.2667 0.0001349
6.2833 0.0001607
6.3 0.00019
6.3167 0.0002231
6.3333 0.0002611
6.35 0.0003058
6.3667 0.0003442
6.3833 0.0003993
6.4 0.000445
6.4167 0.0004999
6.4333 0.0005659
6.45 0.0006423
6.4667 0.0007099
6.4833 0.0007827
6.5 0.0008602
6.5167 0.0009425
6.5333 0.001029
6.55 0.00112
6.5667 0.001215
6.5833 0.001314
6.6 0.001418
6.6167 0.001526
6.6333 0.001639
6.65 0.001756
6.6667 0.001877
6.6833 0.002003
6.7 0.002134
6.7167 0.002269
6.7333 0.00241
6.75 0.002555
6.7667 0.002705
6.7833 0.00286
6.8 0.003021
6.8167 0.003186
6.8333 0.003357
6.85 0.003534
6.8667 0.003716
6.8833 0.003904
6.9 0.004098
6.9167 0.004297
6.9333 0.004503
6.95 0.004715
6.9667 0.004934
6.9833 0.005158
7.0 0.00539
7.0167 0.005628
7.0333 0.005873
7.05 0.006125
7.0667 0.006384
7.0833 0.006651
7.1 0.006924
7.1167 0.007205
7.1333 0.007493
7.15 0.007789
7.1667 0.008093
7.1833 0.008405
7.2 0.008725
7.2167 0.009053
7.2333 0.009389
7.25 0.009733
7.2667 0.01009
7.2833 0.01045
7.3 0.01082
7.3167 0.0112
7.3333 0.01159
7.35 0.01198
7.3667 0.01239
7.3833 0.01281
7.4 0.01323
7.4167 0.01367
7.4333 0.01411
7.45 0.01456
7.4667 0.01503
7.4833 0.0155
7.5 0.01599
7.5167 0.01648
7.5333 0.01698
7.55 0.0175
7.5667 0.01802
7.5833 0.01856
7.6 0.0191
7.6167 0.01966
7.6333 0.02023
7.65 0.02081
7.6667 0.02139
7.6833 0.02199
7.7 0.0226
7.7167 0.02323
7.7333 0.02386
7.75 0.0245
7.7667 0.02516
7.7833 0.02582
7.8 0.0265
7.8167 0.02719
7.8333 0.02789
7.85 0.02861
7.8667 0.02933
7.8833 0.03007
7.9 0.03081
7.9167 0.03157
7.9333 0.03235
7.95 0.03313
7.9667 0.03392
7.9833 0.03473
8.0 0.03555
8.0167 0.03638
8.0333 0.03722
8.05 0.03808
8.0667 0.03894
8.0833 0.03982
8.1 0.04071
8.1167 0.04162
8.1333 0.04253
8.15 0.04346
8.1667 0.0444
8.1833 0.04535
8.2 0.04631
8.2167 0.04729
8.2333 0.04828
8.25 0.04928
8.2667 0.05029
8.2833 0.05131
8.3 0.05235
8.3167 0.0534
8.3333 0.05446
8.35 0.05553
8.3667 0.05662
8.3833 0.05771
8.4 0.05882
8.4167 0.05994
8.4333 0.06107
8.45 0.06222
8.4667 0.06337
8.4833 0.06454
8.5 0.06572
8.5167 0.06691
8.5333 0.06811
8.55 0.06933
8.5667 0.07055
8.5833 0.07179
8.6 0.07304
8.6167 0.0743
8.6333 0.07557
8.65 0.07685
8.6667 0.07815
8.6833 0.07945
8.7 0.08077
8.7167 0.0821
8.7333 0.08343
8.75 0.08478
8.7667 0.08614
8.7833 0.08751
8.8 0.08889
8.8167 0.09028
8.8333 0.09168
8.85 0.09309
8.8667 0.09452
8.8833 0.09595
8.9 0.09739
8.9167 0.09884
8.9333 0.1003
8.95 0.1018
8.9667 0.1033
8.9833 0.1048
9.0 0.1062
9.0167 0.1078
9.0333 0.1093
9.05 0.1108
9.0667 0.1123
9.0833 0.1139
9.1 0.1154
9.1167 0.117
9.1333 0.1186
9.15 0.1202
9.1667 0.1217
9.1833 0.1233
9.2 0.1249
9.2167 0.1266
9.2333 0.1282
9.25 0.1298
9.2667 0.1314
9.2833 0.1331
9.3 0.1347
9.3167 0.1363
9.3333 0.1381
9.35 0.1397
9.3667 0.1414
9.3833 0.1431
9.4 0.1448
9.4167 0.1465
9.4333 0.1482
9.45 0.1499
9.4667 0.1516
9.4833 0.1533
9.5 0.155
9.5167 0.1568
9.5333 0.1585
9.55 0.1603
9.5667 0.162
9.5833 0.1638
9.6 0.1655
9.6167 0.1672
9.6333 0.169
9.65 0.1708
9.6667 0.1726
9.6833 0.1743
9.7 0.1761
9.7167 0.1779
9.7333 0.1796
9.75 0.1815
9.7667 0.1833
9.7833 0.1851
9.8 0.1869
9.8167 0.1886
9.8333 0.1905
9.85 0.1923
9.8667 0.194
9.8833 0.1959
9.9 0.1977
9.9167 0.1995
9.9333 0.2013
9.95 0.2031
9.9667 0.2049
9.9833 0.2068
10.0 0.2085
10.0167 0.2104
10.0333 0.2122
10.05 0.214
10.0667 0.2158
10.0833 0.2176
10.1 0.2195
10.1167 0.2213
10.1333 0.2231
10.15 0.2249
10.1667 0.2267
10.1833 0.2285
10.2 0.2303
10.2167 0.2319
10.2333 0.2339
10.25 0.2357
10.2667 0.2375
10.2833 0.2393
10.3 0.2411
10.3167 0.2429
10.3333 0.2447
10.35 0.2465
10.3667 0.2483
10.3833 0.25
10.4 0.2518
10.4167 0.2535
10.4333 0.2553
10.45 0.2571
10.4667 0.2589
10.4833 0.2606
10.5 0.2624
10.5167 0.2641
10.5333 0.2658
10.55 0.2676
10.5667 0.2693
10.5833 0.271
10.6 0.2727
10.6167 0.2744
10.6333 0.2761
10.65 0.2778
10.6667 0.2795
10.6833 0.2812
10.7 0.2829
10.7167 0.2846
10.7333 0.2862
10.75 0.2879
10.7667 0.2894
10.7833 0.2912
10.8 0.2928
10.8167 0.2943
10.8333 0.2959
10.85 0.2976
10.8667 0.2992
10.8833 0.3008
10.9 0.3022
10.9167 0.304
10.9333 0.3055
10.95 0.3071
10.9667 0.3086
10.9833 0.3102
11.0 0.3117
11.0167 0.3132
11.0333 0.3147
11.05 0.3162
11.0667 0.3177
11.0833 0.3191
11.1 0.3203
11.1167 0.3221
11.1333 0.3235
11.15 0.3249
11.1667 0.3263
11.1833 0.3277
11.2 0.3291
11.2167 0.3305
11.2333 0.3319
11.25 0.3332
11.2667 0.3346
11.2833 0.3359
11.3 0.3372
11.3167 0.3385
11.3333 0.3398
11.35 0.3411
11.3667 0.3424
11.3833 0.3436
11.4 0.3449
11.4167 0.3461
11.4333 0.3473
11.45 0.3485
11.4667 0.3497
11.4833 0.3509
11.5 0.352
11.5167 0.3532
11.5333 0.3543
11.55 0.3554
11.5667 0.3565
11.5833 0.3576
11.6 0.3587
11.6167 0.3598
11.6333 0.3608
11.65 0.3618
11.6667 0.3628
11.6833 0.3638
11.7 0.3648
11.7167 0.3658
11.7333 0.3667
11.75 0.3676
11.7667 0.3685
11.7833 0.3695
11.8 0.3704
11.8167 0.3713
11.8333 0.3721
11.85 0.373
11.8667 0.3738
11.8833 0.3746
11.9 0.3754
11.9167 0.3762
11.9333 0.3769
11.95 0.3776
11.9667 0.3784
11.9833 0.3791
12.0 0.3797
12.0167 0.3804
12.0333 0.381
12.05 0.3817
12.0667 0.3824
12.0833 0.383
12.1 0.3835
12.1167 0.3841
12.1333 0.3846
12.15 0.3852
12.1667 0.3857
12.1833 0.3862
12.2 0.3867
12.2167 0.3872
12.2333 0.3876
12.25 0.388
12.2667 0.3884
12.2833 0.3888
12.3 0.3892
12.3167 0.3896
12.3333 0.3899
12.35 0.3902
12.3667 0.3905
12.3833 0.3908
12.4 0.3911
12.4167 0.3913
12.4333 0.3915
12.45 0.3917
12.4667 0.3919
12.4833 0.392
12.5 0.3921
12.5167 0.3921
12.5333 0.3922
12.55 0.3924
12.5667 0.3926
12.5833 0.3927
12.6 0.3927
12.6167 0.3928
12.6333 0.3928
12.65 0.3928
12.6667 0.3927
12.6833 0.3927
12.7 0.3926
12.7167 0.3924
12.7333 0.3923
12.75 0.3921
12.7667 0.3921
12.7833 0.392
12.8 0.3919
12.8167 0.3917
12.8333 0.3915
12.85 0.3913
12.8667 0.3911
12.8833 0.3908
12.9 0.3905
12.9167 0.3902
12.9333 0.3899
12.95 0.3896
12.9667 0.3892
12.9833 0.3888
13.0 0.3884
13.0167 0.388
13.0333 0.3876
13.05 0.3872
13.0667 0.3867
13.0833 0.3862
13.1 0.3857
13.1167 0.3852
13.1333 0.3846
13.15 0.3841
13.1667 0.3836
13.1833 0.383
13.2 0.3824
13.2167 0.3817
13.2333 0.3811
13.25 0.3804
13.2667 0.3797
13.2833 0.3791
13.3 0.3784
13.3167 0.3777
13.3333 0.3769
13.35 0.3762
13.3667 0.3754
13.3833 0.3746
13.4 0.3738
13.4167 0.373
13.4333 0.3721
13.45 0.3713
13.4667 0.3704
13.4833 0.3695
13.5 0.3685
13.5167 0.3676
13.5333 0.3668
13.55 0.3658
13.5667 0.3649
13.5833 0.3639
13.6 0.3629
13.6167 0.3619
13.6333 0.3608
13.65 0.3598
13.6667 0.3587
13.6833 0.3577
13.7 0.3566
13.7167 0.3555
13.7333 0.3544
13.75 0.3532
13.7667 0.3521
13.7833 0.3509
13.8 0.3497
13.8167 0.3486
13.8333 0.3474
13.85 0.3461
13.8667 0.3449
13.8833 0.3437
13.9 0.3424
13.9167 0.3412
13.9333 0.3399
13.95 0.3386
13.9667 0.3373
13.9833 0.336
14.0 0.3346
14.0167 0.3333
14.0333 0.3319
14.05 0.3306
14.0667 0.3292
14.0833 0.3278
14.1 0.3264
14.1167 0.3249
14.1333 0.3235
14.15 0.3221
14.1667 0.3203
14.1833 0.3192
14.2 0.3177
14.2167 0.3162
14.2333 0.3147
14.25 0.3132
14.2667 0.3117
14.2833 0.3102
14.3 0.3087
14.3167 0.3071
14.3333 0.3056
14.35 0.304
14.3667 0.3023
14.3833 0.3009
14.4 0.2993
14.4167 0.2977
14.4333 0.2959
14.45 0.2944
14.4667 0.2928
14.4833 0.2912
14.5 0.2895
14.5167 0.2879
14.5333 0.2863
14.55 0.2846
14.5667 0.283
14.5833 0.2813
14.6 0.2796
14.6167 0.2779
14.6333 0.2762
14.65 0.2745
14.6667 0.2728
14.6833 0.2711
14.7 0.2694
14.7167 0.2676
14.7333 0.2659
14.75 0.2642
14.7667 0.2624
14.7833 0.2607
14.8 0.2589
14.8167 0.2572
14.8333 0.2554
14.85 0.2536
14.8667 0.2519
14.8833 0.2501
14.9 0.2483
14.9167 0.2466
14.9333 0.2448
14.95 0.243
14.9667 0.2412
14.9833 0.2394
15.0 0.2376
15.0167 0.2358
15.0333 0.234
15.05 0.2321
15.0667 0.2304
15.0833 0.2286
15.1 0.2267
15.1167 0.225
15.1333 0.2232
15.15 0.2214
15.1667 0.2195
15.1833 0.2177
15.2 0.2159
15.2167 0.2141
15.2333 0.2123
15.25 0.2105
15.2667 0.2086
15.2833 0.2068
15.3 0.205
15.3167 0.2032
15.3333 0.2014
15.35 0.1996
15.3667 0.1978
15.3833 0.196
15.4 0.1941
15.4167 0.1924
15.4333 0.1906
15.45 0.1887
15.4667 0.1869
15.4833 0.1852
15.5 0.1833
15.5167 0.1816
15.5333 0.1798
15.55 0.178
15.5667 0.1762
15.5833 0.1745
15.6 0.1727
15.6167 0.1709
15.6333 0.1691
15.65 0.1674
15.6667 0.1656
15.6833 0.1639
15.7 0.1621
15.7167 0.1603
15.7333 0.1586
15.75 0.1569
15.7667 0.1552
15.7833 0.1534
15.8 0.1517
15.8167 0.15
15.8333 0.1483
15.85 0.1466
15.8667 0.1449
15.8833 0.1432
15.9 0.1415
15.9167 0.1398
15.9333 0.1382
15.95 0.1365
15.9667 0.1348
15.9833 0.1332
16.0 0.1316
16.0167 0.1299
16.0333 0.1283
16.05 0.1267
16.0667 0.1251
16.0833 0.1235
16.1 0.1219
16.1167 0.1203
16.1333 0.1187
16.15 0.1171
16.1667 0.1155
16.1833 0.114
16.2 0.1125
16.2167 0.1109
16.2333 0.1094
16.25 0.1079
16.2667 0.1064
16.2833 0.1049
16.3 0.1034
16.3167 0.1019
16.3333 0.1004
16.35 0.09896
16.3667 0.09751
16.3833 0.09607
16.4 0.09463
16.4167 0.09321
16.4333 0.0918
16.45 0.0904
16.4667 0.08901
16.4833 0.08763
16.5 0.08626
16.5167 0.0849
16.5333 0.08355
16.55 0.08221
16.5667 0.08088
16.5833 0.07957
16.6 0.07826
16.6167 0.07697
16.6333 0.07569
16.65 0.07441
16.6667 0.07315
16.6833 0.0719
16.7 0.07067
16.7167 0.06944
16.7333 0.06823
16.75 0.06702
16.7667 0.06583
16.7833 0.06465
16.8 0.06348
16.8167 0.06233
16.8333 0.06118
16.85 0.06005
16.8667 0.05893
16.8833 0.05782
16.9 0.05673
16.9167 0.05564
16.9333 0.05457
16.95 0.05351
16.9667 0.05246
16.9833 0.05142
17.0 0.0504
17.0167 0.04938
17.0333 0.04838
17.05 0.04739
17.0667 0.04642
17.0833 0.04545
17.1 0.0445
17.1167 0.04356
17.1333 0.04263
17.15 0.04172
17.1667 0.04081
17.1833 0.03992
17.2 0.03904
17.2167 0.03818
17.2333 0.03732
17.25 0.03648
17.2667 0.03564
17.2833 0.03482
17.3 0.03402
17.3167 0.03322
17.3333 0.03244
17.35 0.03167
17.3667 0.0309
17.3833 0.03016
17.4 0.02942
17.4167 0.02869
17.4333 0.02798
17.45 0.02728
17.4667 0.02659
17.4833 0.02591
17.5 0.02524
17.5167 0.02459
17.5333 0.02394
17.55 0.02331
17.5667 0.02268
17.5833 0.02207
17.6 0.02147
17.6167 0.02088
17.6333 0.0203
17.65 0.01974
17.6667 0.01918
17.6833 0.01863
17.7 0.0181
17.7167 0.01757
17.7333 0.01706
17.75 0.01655
17.7667 0.01606
17.7833 0.01557
17.8 0.0151
17.8167 0.01463
17.8333 0.01418
17.85 0.01373
17.8667 0.0133
17.8833 0.01287
17.9 0.01245
17.9167 0.01204
17.9333 0.01165
17.95 0.01126
17.9667 0.01088
17.9833 0.0105
18.0 0.01014
18.0167 0.009788
18.0333 0.009442
18.05 0.009105
18.0667 0.008776
18.0833 0.008455
18.1 0.008142
18.1167 0.007838
18.1333 0.00754
18.15 0.007251
18.1667 0.006969
18.1833 0.006695
18.2 0.006428
18.2167 0.006168
18.2333 0.005915
18.25 0.005669
18.2667 0.00543
18.2833 0.005198
18.3 0.004972
18.3167 0.004753
18.3333 0.00454
18.35 0.004333
18.3667 0.004133
18.3833 0.003938
18.4 0.003749
18.4167 0.003566
18.4333 0.003389
18.45 0.003217
18.4667 0.00305
18.4833 0.002889
18.5 0.002733
18.5167 0.002583
18.5333 0.002437
18.55 0.002296
18.5667 0.002159
18.5833 0.002028
18.6 0.001901
18.6167 0.001779
18.6333 0.001661
18.65 0.001548
18.6667 0.001439
18.6833 0.001335
18.7 0.001235
18.7167 0.001139
18.7333 0.001047
18.75 0.0009599
18.7667 0.0008769
18.7833 0.0007985
18.8 0.0007248
18.8167 0.0006561
18.8333 0.0005815
18.85 0.0005131
18.8667 0.0004561
18.8833 0.0004085
18.9 0.0003547
18.9167 0.0003133
18.9333 0.0002685
18.95 0.0002309
18.9667 0.0001979
18.9833 0.0001676
19.0 0.0001404
19.0167 0.0001169
19.0333 9.726e-05
19.05 7.881e-05
19.0667 6.425e-05
19.0833 5.107e-05
19.1 4.05e-05
19.1167 3.202e-05
19.1333 2.48e-05
19.15 1.875e-05
19.1667 1.404e-05
19.1833 1.043e-05
19.2 7.616e-06
19.2167 5.325e-06
19.2333 3.616e-06
19.25 2.377e-06
19.2667 1.453e-06
19.2833 8.508e-07
19.3 4.848e-07
19.3167 2.697e-07
19.3333 1.357e-07
19.35 6.033e-08
19.3667 2e-08
19.3833 3.405e-09
19.4 2.116e-10
19.4167 4.8e-12
19.4333 2.45e-14
19.45 1.21e-17
19.4667 0.0
19.4833 0.0
19.5 0.0
19.5167 0.0
19.5333 0.0
19.55 0.0
19.5667 0.0
19.5833 0.0
19.6 0.0
19.6167 0.0
19.6333 0.0
19.65 0.0
19.6667 0.0
19.6833 0.0
19.7 0.0
19.7167 0.0
19.7333 0.0
19.75 0.0
19.7667 0.0
19.7833 0.0
19.8 0.0
19.8167 0.0
19.8333 0.0
19.85 0.0
19.8667 0.0
19.8833 0.0
19.9 0.0
19.9167 0.0
19.9333 0.0
19.95 0.0
19.9667 0.0
19.9833 0.0
20.0 0.0
20.0167 0.0
20.0333 0.0
20.05 0.0
20.0667 0.0
20.0833 0.0
20.1 0.0
20.1167 0.0
20.1333 0.0
20.15 0.0
20.1667 0.0
20.1833 0.0
20.2 0.0
20.2167 0.0
20.2333 0.0
20.25 0.0
20.2667 0.0
20.2833 0.0
20.3 0.0
20.3167 0.0
20.3333 0.0
20.35 0.0
20.3667 0.0
20.3833 0.0
20.4 0.0
20.4167 0.0
20.4333 0.0
20.45 0.0
20.4667 0.0
20.4833 0.0
20.5 0.0
20.5167 0.0
20.5333 0.0
20.55 0.0
20.5667 0.0
20.5833 0.0
20.6 0.0
20.6167 0.0
20.6333 0.0
20.65 0.0
20.6667 0.0
20.6833 0.0
20.7 0.0
20.7167 0.0
20.7333 0.0
20.75 0.0
20.7667 0.0
20.7833 0.0
20.8 0.0
20.8167 0.0
20.8333 0.0
20.85 0.0
20.8667 0.0
20.8833 0.0
20.9 0.0
20.9167 0.0
20.9333 0.0
20.95 0.0
20.9667 0.0
20.9833 0.0
21.0 0.0
21.0167 0.0
21.0333 0.0
21.05 0.0
21.0667 0.0
21.0833 0.0
21.1 0.0
21.1167 0.0
21.1333 0.0
21.15 0.0
21.1667 0.0
21.1833 0.0
21.2 0.0
21.2167 0.0
21.2333 0.0
21.25 0.0
21.2667 0.0
21.2833 0.0
21.3 0.0
21.3167 0.0
21.3333 0.0
21.35 0.0
21.3667 0.0
21.3833 0.0
21.4 0.0
21.4167 0.0
21.4333 0.0
21.45 0.0
21.4667 0.0
21.4833 0.0
21.5 0.0
21.5167 0.0
21.5333 0.0
21.55 0.0
21.5667 0.0
21.5833 0.0
21.6 0.0
21.6167 0.0
21.6333 0.0
21.65 0.0
21.6667 0.0
21.6833 0.0
21.7 0.0
21.7167 0.0
21.7333 0.0
21.75 0.0
21.7667 0.0
21.7833 0.0
21.8 0.0
21.8167 0.0
21.8333 0.0
21.85 0.0
21.8667 0.0
21.8833 0.0
21.9 0.0
21.9167 0.0
21.9333 0.0
21.95 0.0
21.9667 0.0
21.9833 0.0
22.0 0.0
22.0167 0.0
22.0333 0.0
22.05 0.0
22.0667 0.0
22.0833 0.0
22.1 0.0
22.1167 0.0
22.1333 0.0
22.15 0.0
22.1667 0.0
22.1833 0.0
22.2 0.0
22.2167 0.0
22.2333 0.0
22.25 0.0
22.2667 0.0
22.2833 0.0
22.3 0.0
22.3167 0.0
22.3333 0.0
22.35 0.0
22.3667 0.0
22.3833 0.0
22.4 0.0
22.4167 0.0
22.4333 0.0
22.45 0.0
22.4667 0.0
22.4833 0.0
22.5 0.0
22.5167 0.0
22.5333 0.0
22.55 0.0
22.5667 0.0
22.5833 0.0
22.6 0.0
22.6167 0.0
22.6333 0.0
22.65 0.0
22.6667 0.0
22.6833 0.0
22.7 0.0
22.7167 0.0
22.7333 0.0
22.75 0.0
22.7667 0.0
22.7833 0.0
22.8 0.0
22.8167 0.0
22.8333 0.0
22.85 0.0
22.8667 0.0
22.8833 0.0
22.9 0.0
22.9167 0.0
22.9333 0.0
22.95 0.0
22.9667 0.0
22.9833 0.0
23.0 0.0
23.0167 0.0
23.0333 0.0
23.05 0.0
23.0667 0.0
23.0833 0.0
23.1 0.0
23.1167 0.0
23.1333 0.0
23.15 0.0
23.1667 0.0
23.1833 0.0
23.2 0.0
23.2167 0.0
23.2333 0.0
23.25 0.0
23.2667 0.0
23.2833 0.0
23.3 0.0
23.3167 0.0
23.3333 0.0
23.35 0.0
23.3667 0.0
23.3833 0.0
23.4 0.0
23.4167 0.0
23.4333 0.0
23.45 0.0
23.4667 0.0
23.4833 0.0
23.5 0.0
23.5167 0.0
23.5333 0.0
23.55 0.0
23.5667 0.0
23.5833 0.0
23.6 0.0
23.6167 0.0
23.6333 0.0
23.65 0.0
23.6667 0.0
23.6833 0.0
23.7 0.0
23.7167 0.0
23.7333 0.0
23.75 0.0
23.7667 0.0
23.7833 0.0
23.8 0.0
23.8167 0.0
23.8333 0.0
23.85 0.0
23.8667 0.0
23.8833 0.0
23.9 0.0
23.9167 0.0
23.9333 0.0
23.95 0.0
23.9667 0.0
23.9833 0.0
