0.0 0.0
0.0167 0.0
0.0333 0.0
0.05 0.0
0.0667 0.0
0.0833 0.0
0.1 0.0
0.1167 0.0
0.1333 0.0
0.15 0.0
0.1667 0.0
0.1833 0.0
0.2 0.0
0.2167 0.0
0.2333 0.0
0.25 0.0
0.2667 0.0
0.2833 0.0
0.3 0.0
0.3167 0.0
0.3333 0.0
0.35 0.0
0.3667 0.0
0.3833 0.0
0.4 0.0
0.4167 0.0
0.4333 0.0
0.45 0.0
0.4667 0.0
0.4833 0.0
0.5 0.0
0.5167 0.0
0.5333 0.0
0.55 0.0
0.5667 0.0
0.5833 0.0
0.6 0.0
0.6167 0.0
0.6333 0.0
0.65 0.0
0.6667 0.0
0.6833 0.0
0.7 0.0
0.7167 0.0
0.7333 0.0
0.75 0.0
0.7667 0.0
0.7833 0.0
0.8 0.0
0.8167 0.0
0.8333 0.0
0.85 0.0
0.8667 0.0
0.8833 0.0
0.9 0.0
0.9167 0.0
0.9333 0.0
0.95 0.0
0.9667 0.0
0.9833 0.0
1.0 0.0
1.0167 0.0
1.0333 0.0
1.05 0.0
1.0667 0.0
1.0833 0.0
1.1 0.0
1.1167 0.0
1.1333 0.0
1.15 0.0
1.1667 0.0
1.1833 0.0
1.2 0.0
1.2167 0.0
1.2333 0.0
1.25 0.0
1.2667 0.0
1.2833 0.0
1.3 0.0
1.3167 0.0
1.3333 0.0
1.35 0.0
1.3667 0.0
1.3833 0.0
1.4 0.0
1.4167 0.0
1.4333 0.0
1.45 0.0
1.4667 0.0
1.4833 0.0
1.5 0.0
1.5167 0.0
1.5333 0.0
1.55 0.0
1.5667 0.0
1.5833 0.0
1.6 0.0
1.6167 0.0
1.6333 0.0
1.65 0.0
1.6667 0.0
1.6833 0.0
1.7 0.0
1.7167 0.0
1.7333 0.0
1.75 0.0
1.7667 0.0
1.7833 0.0
1.8 0.0
1.8167 0.0
1.8333 0.0
1.85 0.0
1.8667 0.0
1.8833 0.0
1.9 0.0
1.9167 0.0
1.9333 0.0
1.95 0.0
1.9667 0.0
1.9833 0.0
2.0 0.0
2.0167 0.0
2.0333 0.0
2.05 0.0
2.0667 0.0
2.0833 0.0
2.1 0.0
2.1167 0.0
2.1333 0.0
2.15 0.0
2.1667 0.0
2.1833 0.0
2.2 0.0
2.2167 0.0
2.2333 0.0
2.25 0.0
2.2667 0.0
2.2833 0.0
2.3 0.0
2.3167 0.0
2.3333 0.0
2.35 0.0
2.3667 0.0
2.3833 0.0
2.4 0.0
2.4167 0.0
2.4333 0.0
2.45 0.0
2.4667 0.0
2.4833 0.0
2.5 0.0
2.5167 0.0
2.5333 0.0
2.55 0.0
2.5667 0.0
2.5833 0.0
2.6 0.0
2.6167 0.0
2.6333 0.0
2.65 0.0
2.6667 0.0
2.6833 0.0
2.7 0.0
2.7167 0.0
2.7333 0.0
2.75 0.0
2.7667 0.0
2.7833 0.0
2.8 0.0
2.8167 0.0
2.8333 0.0
2.85 0.0
2.8667 0.0
2.8833 0.0
2.9 0.0
2.9167 0.0
2.9333 0.0
2.95 0.0
2.9667 0.0
2.9833 0.0
3.0 0.0
3.0167 0.0
3.0333 0.0
3.05 0.0
3.0667 0.0
3.0833 0.0
3.1 0.0
3.1167 0.0
3.1333 0.0
3.15 0.0
3.1667 0.0
3.1833 0.0
3.2 0.0
3.2167 0.0
3.2333 0.0
3.25 0.0
3.2667 0.0
3.2833 0.0
3.3 0.0
3.3167 0.0
3.3333 0.0
3.35 0.0
3.3667 0.0
3.3833 0.0
3.4 0.0
3.4167 0.0
3.4333 0.0
3.45 0.0
3.4667 0.0
3.4833 0.0
3.5 0.0
3.5167 0.0
3.5333 0.0
3.55 0.0
3.5667 0.0
3.5833 0.0
3.6 0.0
3.6167 0.0
3.6333 0.0
3.65 0.0
3.6667 0.0
3.6833 0.0
3.7 0.0
3.7167 0.0
3.7333 0.0
3.75 0.0
3.7667 0.0
3.7833 0.0
3.8 0.0
3.8167 0.0
3.8333 0.0
3.85 0.0
3.8667 0.0
3.8833 0.0
3.9 0.0
3.9167 0.0
3.9333 0.0
3.95 0.0
3.9667 0.0
3.9833 0.0
4.0 0.0
4.0167 0.0
4.0333 0.0
4.05 0.0
4.0667 0.0
4.0833 0.0
4.1 0.0
4.1167 0.0
4.1333 0.0
4.15 0.0
4.1667 0.0
4.1833 0.0
4.2 0.0
4.2167 0.0
4.2333 0.0
4.25 0.0
4.2667 0.0
4.2833 0.0
4.3 0.0
4.3167 0.0
4.3333 0.0
4.35 0.0
4.3667 0.0
4.3833 0.0
4.4 0.0
4.4167 0.0
4.4333 0.0
4.45 0.0
4.4667 0.0
4.4833 0.0
4.5 0.0
4.5167 0.0
4.5333 0.0
4.55 0.0
4.5667 0.0
4.5833 0.0
4.6 0.0
4.6167 0.0
4.6333 0.0
4.65 0.0
4.6667 0.0
4.6833 0.0
4.7 0.0
4.7167 0.0
4.7333 0.0
4.75 0.0
4.7667 0.0
4.7833 0.0
4.8 0.0
4.8167 0.0
4.8333 0.0
4.85 0.0
4.8667 0.0
4.8833 0.0
4.9 0.0
4.9167 0.0
4.9333 0.0
4.95 0.0
4.9667 0.0
4.9833 0.0
5.0 0.0
5.0167 0.0
5.0333 0.0
5.05 0.0
5.0667 0.0
5.0833 0.0
5.1 0.0
5.1167 0.0
5.1333 0.0
5.15 0.0
5.1667 0.0
5.1833 0.0
5.2 0.0
5.2167 0.0
5.2333 0.0
5.25 0.0
5.2667 0.0
5.2833 0.0
5.3 0.0
5.3167 0.0
5.3333 0.0
5.35 0.0
5.3667 0.0
5.3833 0.0
5.4 0.0
5.4167 0.0
5.4333 0.0
5.45 0.0
5.4667 0.0
5.4833 0.0
5.5 0.0
5.5167 0.0
5.5333 0.0
5.55 0.0
5.5667 0.0
5.5833 0.0
5.6 0.0
5.6167 0.0
5.6333 0.0
5.65 0.0
5.6667 0.0
5.6833 0.0
5.7 0.0
5.7167 0.0
5.7333 0.0
5.75 0.0
5.7667 6.756e-34
5.7833 3.819e-16
5.8 2.173e-13
5.8167 2.475e-11
5.8333 6.628e-10
5.85 7.019e-09
5.8667 3.088e-08
5.8833 7.926e-08
5.9 1.684e-07
5.9167 3.147e-07
5.9333 5.542e-07
5.95 9.541e-07
5.9667 1.591e-06
5.9833 2.537e-06
6.0 3.773e-06
6.0167 5.492e-06
6.0333 7.638e-06
6.05 1.056e-05
6.0667 1.406e-05
6.0833 1.854e-05
6.1 2.416e-05
6.1167 3.111e-05
6.1333 3.971e-05
6.15 5.039e-05
6.1667 6.189e-05
6.1833 7.698e-05
6.2 9.309e-05
6.2167 0.0001132
6.2333 0.0001369
6.25 0.0001622
6.2667 0.0001915
6.2833 0.0002256
6.3 0.0002559
6.3167 0.0002964
6.3333 0.0003398
6.35 0.000386
6.3667 0.0004318
6.3833 0.0004868
6.4 0.0005525
6.4167 0.000619
6.4333 0.0006833
6.45 0.0007522
6.4667 0.0008253
6.4833 0.0009024
6.5 0.0009835
6.5167 0.001068
6.5333 0.001157
6.55 0.00125
6.5667 0.001347
6.5833 0.001447
6.6 0.001552
6.6167 0.001661
6.6333 0.001773
6.65 0.00189
6.6667 0.002011
6.6833 0.002136
6.7 0.002266
6.7167 0.0024
6.7333 0.002538
6.75 0.002681
6.7667 0.002829
6.7833 0.002981
6.8 0.003138
6.8167 0.0033
6.8333 0.003467
6.85 0.00364
6.8667 0.003817
6.8833 0.004
6.9 0.004188
6.9167 0.004382
6.9333 0.004582
6.95 0.004787
6.9667 0.004998
6.9833 0.005216
7.0 0.005439
7.0167 0.005668
7.0333 0.005904
7.05 0.006146
7.0667 0.006395
7.0833 0.00665
7.1 0.006912
7.1167 0.00718
7.1333 0.007456
7.15 0.007739
7.1667 0.008029
7.1833 0.008325
7.2 0.00863
7.2167 0.008942
7.2333 0.009261
7.25 0.009588
7.2667 0.009922
7.2833 0.01026
7.3 0.01062
7.3167 0.01097
7.3333 0.01134
7.35 0.01172
7.3667 0.0121
7.3833 0.01249
7.4 0.01289
7.4167 0.0133
7.4333 0.01371
7.45 0.01414
7.4667 0.01458
7.4833 0.01502
7.5 0.01547
7.5167 0.01593
7.5333 0.0164
7.55 0.01688
7.5667 0.01737
7.5833 0.01787
7.6 0.01838
7.6167 0.0189
7.6333 0.01942
7.65 0.01996
7.6667 0.02051
7.6833 0.02106
7.7 0.02163
7.7167 0.0222
7.7333 0.02279
7.75 0.02339
7.7667 0.02399
7.7833 0.02461
7.8 0.02523
7.8167 0.02587
7.8333 0.02652
7.85 0.02717
7.8667 0.02784
7.8833 0.02852
7.9 0.0292
7.9167 0.0299
7.9333 0.03061
7.95 0.03133
7.9667 0.03206
7.9833 0.0328
8.0 0.03355
8.0167 0.03431
8.0333 0.03508
8.05 0.03586
8.0667 0.03666
8.0833 0.03746
8.1 0.03828
8.1167 0.0391
8.1333 0.03994
8.15 0.04078
8.1667 0.04164
8.1833 0.04251
8.2 0.04338
8.2167 0.04427
8.2333 0.04517
8.25 0.04608
8.2667 0.047
8.2833 0.04793
8.3 0.04888
8.3167 0.04983
8.3333 0.05079
8.35 0.05176
8.3667 0.05275
8.3833 0.05374
8.4 0.05475
8.4167 0.05576
8.4333 0.05679
8.45 0.05783
8.4667 0.05887
8.4833 0.05993
8.5 0.061
8.5167 0.06207
8.5333 0.06316
8.55 0.06426
8.5667 0.06537
8.5833 0.06648
8.6 0.06761
8.6167 0.06875
8.6333 0.0699
8.65 0.07105
8.6667 0.07222
8.6833 0.0734
8.7 0.07458
8.7167 0.07578
8.7333 0.07698
8.75 0.0782
8.7667 0.07942
8.7833 0.08065
8.8 0.0819
8.8167 0.08315
8.8333 0.08441
8.85 0.08568
8.8667 0.08696
8.8833 0.08824
8.9 0.08954
8.9167 0.09084
8.9333 0.09216
8.95 0.09348
8.9667 0.0948
8.9833 0.09613
9.0 0.09748
9.0167 0.09885
9.0333 0.1002
9.05 0.1016
9.0667 0.103
9.0833 0.1043
9.1 0.1057
9.1167 0.1071
9.1333 0.1085
9.15 0.11
9.1667 0.1113
9.1833 0.1128
9.2 0.1142
9.2167 0.1157
9.2333 0.1171
9.25 0.1186
9.2667 0.1201
9.2833 0.1215
9.3 0.123
9.3167 0.1245
9.3333 0.126
9.35 0.1275
9.3667 0.129
9.3833 0.1305
9.4 0.132
9.4167 0.1335
9.4333 0.135
9.45 0.1365
9.4667 0.138
9.4833 0.1396
9.5 0.1411
9.5167 0.1427
9.5333 0.1442
9.55 0.1458
9.5667 0.1474
9.5833 0.1489
9.6 0.1504
9.6167 0.152
9.6333 0.1536
9.65 0.1552
9.6667 0.1568
9.6833 0.1584
9.7 0.1599
9.7167 0.1615
9.7333 0.1631
9.75 0.1647
9.7667 0.1663
9.7833 0.1679
9.8 0.1695
9.8167 0.1711
9.8333 0.1727
9.85 0.1743
9.8667 0.1759
9.8833 0.1775
9.9 0.1791
9.9167 0.1807
9.9333 0.1824
9.95 0.184
9.9667 0.1856
9.9833 0.1872
10.0 0.1888
10.0167 0.1904
10.0333 0.192
10.05 0.1937
10.0667 0.1953
10.0833 0.1969
10.1 0.1984
10.1167 0.2001
10.1333 0.2017
10.15 0.2033
10.1667 0.2049
10.1833 0.2065
10.2 0.2081
10.2167 0.2097
10.2333 0.2113
10.25 0.2129
10.2667 0.2145
10.2833 0.2161
10.3 0.2177
10.3167 0.2193
10.3333 0.2209
10.35 0.2225
10.3667 0.224
10.3833 0.2256
10.4 0.2271
10.4167 0.2287
10.4333 0.2303
10.45 0.2319
10.4667 0.2334
10.4833 0.235
10.5 0.2366
10.5167 0.2381
10.5333 0.2396
10.55 0.2412
10.5667 0.2427
10.5833 0.2442
10.6 0.2456
10.6167 0.2472
10.6333 0.2488
10.65 0.2503
10.6667 0.2518
10.6833 0.2533
10.7 0.2547
10.7167 0.2562
10.7333 0.2577
10.75 0.2592
10.7667 0.2606
10.7833 0.2621
10.8 0.2635
10.8167 0.2649
10.8333 0.2663
10.85 0.2677
10.8667 0.2692
10.8833 0.2706
10.9 0.272
10.9167 0.2733
10.9333 0.2748
10.95 0.276
10.9667 0.2775
10.9833 0.2789
11.0 0.2802
11.0167 0.2815
11.0333 0.2829
11.05 0.2842
11.0667 0.2855
11.0833 0.2868
11.1 0.2881
11.1167 0.2894
11.1333 0.2906
11.15 0.2918
11.1667 0.2931
11.1833 0.2944
11.2 0.2956
11.2167 0.2968
11.2333 0.298
11.25 0.2992
11.2667 0.3004
11.2833 0.3016
11.3 0.3028
11.3167 0.3039
11.3333 0.3049
11.35 0.3062
11.3667 0.3073
11.3833 0.3084
11.4 0.3095
11.4167 0.3106
11.4333 0.3117
11.45 0.3127
11.4667 0.3138
11.4833 0.3148
11.5 0.3158
11.5167 0.3168
11.5333 0.3178
11.55 0.3188
11.5667 0.3197
11.5833 0.3207
11.6 0.3217
11.6167 0.3226
11.6333 0.3235
11.65 0.3244
11.6667 0.3251
11.6833 0.3261
11.7 0.327
11.7167 0.3279
11.7333 0.3286
11.75 0.3295
11.7667 0.3303
11.7833 0.3311
11.8 0.3319
11.8167 0.3327
11.8333 0.3334
11.85 0.3342
11.8667 0.3349
11.8833 0.3356
11.9 0.3362
11.9167 0.337
11.9333 0.3376
11.95 0.3382
11.9667 0.3387
11.9833 0.3395
12.0 0.3401
12.0167 0.3407
12.0333 0.3413
12.05 0.3418
12.0667 0.3424
12.0833 0.3429
12.1 0.3434
12.1167 0.3438
12.1333 0.3442
12.15 0.3448
12.1667 0.3453
12.1833 0.3457
12.2 0.3461
12.2167 0.3465
12.2333 0.3469
12.25 0.3473
12.2667 0.3476
12.2833 0.348
12.3 0.3483
12.3167 0.3486
12.3333 0.3489
12.35 0.3491
12.3667 0.3494
12.3833 0.3496
12.4 0.3499
12.4167 0.3501
12.4333 0.3503
12.45 0.3504
12.4667 0.3506
12.4833 0.3507
12.5 0.3509
12.5167 0.351
12.5333 0.3511
12.55 0.3512
12.5667 0.3512
12.5833 0.3513
12.6 0.3513
12.6167 0.3513
12.6333 0.3513
12.65 0.3513
12.6667 0.3512
12.6833 0.3512
12.7 0.3511
12.7167 0.351
12.7333 0.3509
12.75 0.3508
12.7667 0.3507
12.7833 0.3505
12.8 0.3503
12.8167 0.3502
12.8333 0.35
12.85 0.3498
12.8667 0.3495
12.8833 0.3493
12.9 0.349
12.9167 0.3487
12.9333 0.3484
12.95 0.3481
12.9667 0.3478
12.9833 0.3475
13.0 0.3471
13.0167 0.3467
13.0333 0.3463
13.05 0.3459
13.0667 0.3455
13.0833 0.3451
13.1 0.3446
13.1167 0.3439
13.1333 0.3436
13.15 0.3431
13.1667 0.3426
13.1833 0.3421
13.2 0.3415
13.2167 0.341
13.2333 0.3404
13.25 0.3398
13.2667 0.3392
13.2833 0.3384
13.3 0.3379
13.3167 0.3373
13.3333 0.3366
13.35 0.3359
13.3667 0.3352
13.3833 0.3345
13.4 0.3338
13.4167 0.3328
13.4333 0.3323
13.45 0.3313
13.4667 0.3307
13.4833 0.3299
13.5 0.3291
13.5167 0.3282
13.5333 0.3274
13.55 0.3265
13.5667 0.3257
13.5833 0.3249
13.6 0.324
13.6167 0.323
13.6333 0.3221
13.65 0.3212
13.6667 0.3202
13.6833 0.3193
13.7 0.3183
13.7167 0.3173
13.7333 0.3162
13.75 0.3153
13.7667 0.3143
13.7833 0.3132
13.8 0.3122
13.8167 0.3111
13.8333 0.31
13.85 0.309
13.8667 0.3079
13.8833 0.3067
13.9 0.3056
13.9167 0.3044
13.9333 0.3033
13.95 0.3022
13.9667 0.301
13.9833 0.2998
14.0 0.2986
14.0167 0.2974
14.0333 0.2962
14.05 0.295
14.0667 0.2938
14.0833 0.2925
14.1 0.2912
14.1167 0.29
14.1333 0.2887
14.15 0.2874
14.1667 0.2861
14.1833 0.2848
14.2 0.2835
14.2167 0.282
14.2333 0.2809
14.25 0.2795
14.2667 0.2782
14.2833 0.2767
14.3 0.2754
14.3167 0.2741
14.3333 0.2727
14.35 0.2712
14.3667 0.2699
14.3833 0.2685
14.4 0.2669
14.4167 0.2656
14.4333 0.2642
14.45 0.2628
14.4667 0.2613
14.4833 0.2599
14.5 0.2584
14.5167 0.2569
14.5333 0.2555
14.55 0.254
14.5667 0.2525
14.5833 0.251
14.6 0.2495
14.6167 0.248
14.6333 0.2465
14.65 0.245
14.6667 0.2434
14.6833 0.2418
14.7 0.2404
14.7167 0.2388
14.7333 0.2372
14.75 0.2356
14.7667 0.2342
14.7833 0.2327
14.8 0.2311
14.8167 0.2295
14.8333 0.228
14.85 0.2264
14.8667 0.2248
14.8833 0.2232
14.9 0.2217
14.9167 0.2201
14.9333 0.2185
14.95 0.2169
14.9667 0.2153
14.9833 0.2137
15.0 0.2121
15.0167 0.2105
15.0333 0.2089
15.05 0.2073
15.0667 0.2057
15.0833 0.2041
15.1 0.2025
15.1167 0.2009
15.1333 0.1993
15.15 0.1976
15.1667 0.196
15.1833 0.1944
15.2 0.1927
15.2167 0.1912
15.2333 0.1896
15.25 0.188
15.2667 0.1863
15.2833 0.1847
15.3 0.183
15.3167 0.1813
15.3333 0.1799
15.35 0.1783
15.3667 0.1766
15.3833 0.1751
15.4 0.1735
15.4167 0.1719
15.4333 0.1703
15.45 0.1687
15.4667 0.1671
15.4833 0.1655
15.5 0.1639
15.5167 0.1623
15.5333 0.1607
15.55 0.1591
15.5667 0.1575
15.5833 0.1559
15.6 0.1544
15.6167 0.1528
15.6333 0.1512
15.65 0.1496
15.6667 0.1481
15.6833 0.1465
15.7 0.1449
15.7167 0.1434
15.7333 0.1419
15.75 0.1403
15.7667 0.1388
15.7833 0.1372
15.8 0.1357
15.8167 0.1342
15.8333 0.1327
15.85 0.1312
15.8667 0.1297
15.8833 0.1282
15.9 0.1267
15.9167 0.1252
15.9333 0.1237
15.95 0.1222
15.9667 0.1207
15.9833 0.1193
16.0 0.1178
16.0167 0.1163
16.0333 0.1149
16.05 0.1135
16.0667 0.112
16.0833 0.1106
16.1 0.1092
16.1167 0.1078
16.1333 0.1063
16.15 0.105
16.1667 0.1036
16.1833 0.1022
16.2 0.1008
16.2167 0.09944
16.2333 0.09809
16.25 0.09674
16.2667 0.0954
16.2833 0.09406
16.3 0.09274
16.3167 0.09143
16.3333 0.09012
16.35 0.08882
16.3667 0.08753
16.3833 0.08624
16.4 0.08497
16.4167 0.0837
16.4333 0.08245
16.45 0.0812
16.4667 0.07996
16.4833 0.07873
16.5 0.07751
16.5167 0.07631
16.5333 0.07511
16.55 0.07391
16.5667 0.07273
16.5833 0.07156
16.6 0.0704
16.6167 0.06925
16.6333 0.0681
16.65 0.06697
16.6667 0.06585
16.6833 0.06474
16.7 0.06363
16.7167 0.06254
16.7333 0.06146
16.75 0.06038
16.7667 0.05932
16.7833 0.05827
16.8 0.05723
16.8167 0.0562
16.8333 0.05518
16.85 0.05417
16.8667 0.05317
16.8833 0.05218
16.9 0.0512
16.9167 0.05024
16.9333 0.04928
16.95 0.04833
16.9667 0.04739
16.9833 0.04647
17.0 0.04555
17.0167 0.04465
17.0333 0.04375
17.05 0.04287
17.0667 0.042
17.0833 0.04114
17.1 0.04029
17.1167 0.03944
17.1333 0.03861
17.15 0.0378
17.1667 0.03699
17.1833 0.03619
17.2 0.0354
17.2167 0.03463
17.2333 0.03386
17.25 0.0331
17.2667 0.03236
17.2833 0.03163
17.3 0.0309
17.3167 0.03019
17.3333 0.02949
17.35 0.02879
17.3667 0.02811
17.3833 0.02744
17.4 0.02678
17.4167 0.02613
17.4333 0.02549
17.45 0.02486
17.4667 0.02424
17.4833 0.02363
17.5 0.02302
17.5167 0.02244
17.5333 0.02186
17.55 0.02129
17.5667 0.02072
17.5833 0.02017
17.6 0.01963
17.6167 0.0191
17.6333 0.01858
17.65 0.01807
17.6667 0.01757
17.6833 0.01707
17.7 0.01659
17.7167 0.01611
17.7333 0.01565
17.75 0.01519
17.7667 0.01474
17.7833 0.01431
17.8 0.01388
17.8167 0.01346
17.8333 0.01304
17.85 0.01264
17.8667 0.01224
17.8833 0.01186
17.9 0.01148
17.9167 0.01111
17.9333 0.01075
17.95 0.01039
17.9667 0.01005
17.9833 0.009711
18.0 0.009381
18.0167 0.009058
18.0333 0.008744
18.05 0.008436
18.0667 0.008136
18.0833 0.007843
18.1 0.007558
18.1167 0.00728
18.1333 0.007008
18.15 0.006743
18.1667 0.006485
18.1833 0.006234
18.2 0.00599
18.2167 0.005751
18.2333 0.00552
18.25 0.005293
18.2667 0.005074
18.2833 0.004861
18.3 0.004653
18.3167 0.004452
18.3333 0.004255
18.35 0.004065
18.3667 0.00388
18.3833 0.0037
18.4 0.003526
18.4167 0.003357
18.4333 0.003193
18.45 0.003034
18.4667 0.00288
18.4833 0.00273
18.5 0.002586
18.5167 0.002445
18.5333 0.00231
18.55 0.002179
18.5667 0.002052
18.5833 0.00193
18.6 0.001811
18.6167 0.001697
18.6333 0.001587
18.65 0.001481
18.6667 0.001379
18.6833 0.001281
18.7 0.001187
18.7167 0.001096
18.7333 0.00101
18.75 0.0009276
18.7667 0.0008492
18.7833 0.0007748
18.8 0.0007042
18.8167 0.0006384
18.8333 0.0005752
18.85 0.0005058
18.8667 0.0004476
18.8833 0.0003992
18.9 0.0003586
18.9167 0.0003074
18.9333 0.0002701
18.95 0.0002334
18.9667 0.0001988
18.9833 0.0001688
19.0 0.0001425
19.0167 0.0001198
19.0333 0.0001003
19.05 8.091e-05
19.0667 6.658e-05
19.0833 5.304e-05
19.1 4.241e-05
19.1167 3.379e-05
19.1333 2.625e-05
19.15 2.022e-05
19.1667 1.542e-05
19.1833 1.135e-05
19.2 8.365e-06
19.2167 6.078e-06
19.2333 4.205e-06
19.25 2.811e-06
19.2667 1.813e-06
19.2833 1.109e-06
19.3 6.48e-07
19.3167 3.692e-07
19.3333 1.98e-07
19.35 9.835e-08
19.3667 4.112e-08
19.3833 1.108e-08
19.4 1.295e-09
19.4167 6.463e-11
19.4333 8.327e-13
19.45 2.381e-15
19.4667 1.113e-19
19.4833 0.0
19.5 0.0
19.5167 0.0
19.5333 0.0
19.55 0.0
19.5667 0.0
19.5833 0.0
19.6 0.0
19.6167 0.0
19.6333 0.0
19.65 0.0
19.6667 0.0
19.6833 0.0
19.7 0.0
19.7167 0.0
19.7333 0.0
19.75 0.0
19.7667 0.0
19.7833 0.0
19.8 0.0
19.8167 0.0
19.8333 0.0
19.85 0.0
19.8667 0.0
19.8833 0.0
19.9 0.0
19.9167 0.0
19.9333 0.0
19.95 0.0
19.9667 0.0
19.9833 0.0
20.0 0.0
20.0167 0.0
20.0333 0.0
20.05 0.0
20.0667 0.0
20.0833 0.0
20.1 0.0
20.1167 0.0
20.1333 0.0
20.15 0.0
20.1667 0.0
20.1833 0.0
20.2 0.0
20.2167 0.0
20.2333 0.0
20.25 0.0
20.2667 0.0
20.2833 0.0
20.3 0.0
20.3167 0.0
20.3333 0.0
20.35 0.0
20.3667 0.0
20.3833 0.0
20.4 0.0
20.4167 0.0
20.4333 0.0
20.45 0.0
20.4667 0.0
20.4833 0.0
20.5 0.0
20.5167 0.0
20.5333 0.0
20.55 0.0
20.5667 0.0
20.5833 0.0
20.6 0.0
20.6167 0.0
20.6333 0.0
20.65 0.0
20.6667 0.0
20.6833 0.0
20.7 0.0
20.7167 0.0
20.7333 0.0
20.75 0.0
20.7667 0.0
20.7833 0.0
20.8 0.0
20.8167 0.0
20.8333 0.0
20.85 0.0
20.8667 0.0
20.8833 0.0
20.9 0.0
20.9167 0.0
20.9333 0.0
20.95 0.0
20.9667 0.0
20.9833 0.0
21.0 0.0
21.0167 0.0
21.0333 0.0
21.05 0.0
21.0667 0.0
21.0833 0.0
21.1 0.0
21.1167 0.0
21.1333 0.0
21.15 0.0
21.1667 0.0
21.1833 0.0
21.2 0.0
21.2167 0.0
21.2333 0.0
21.25 0.0
21.2667 0.0
21.2833 0.0
21.3 0.0
21.3167 0.0
21.3333 0.0
21.35 0.0
21.3667 0.0
21.3833 0.0
21.4 0.0
21.4167 0.0
21.4333 0.0
21.45 0.0
21.4667 0.0
21.4833 0.0
21.5 0.0
21.5167 0.0
21.5333 0.0
21.55 0.0
21.5667 0.0
21.5833 0.0
21.6 0.0
21.6167 0.0
21.6333 0.0
21.65 0.0
21.6667 0.0
21.6833 0.0
21.7 0.0
21.7167 0.0
21.7333 0.0
21.75 0.0
21.7667 0.0
21.7833 0.0
21.8 0.0
21.8167 0.0
21.8333 0.0
21.85 0.0
21.8667 0.0
21.8833 0.0
21.9 0.0
21.9167 0.0
21.9333 0.0
21.95 0.0
21.9667 0.0
21.9833 0.0
22.0 0.0
22.0167 0.0
22.0333 0.0
22.05 0.0
22.0667 0.0
22.0833 0.0
22.1 0.0
22.1167 0.0
22.1333 0.0
22.15 0.0
22.1667 0.0
22.1833 0.0
22.2 0.0
22.2167 0.0
22.2333 0.0
22.25 0.0
22.2667 0.0
22.2833 0.0
22.3 0.0
22.3167 0.0
22.3333 0.0
22.35 0.0
22.3667 0.0
22.3833 0.0
22.4 0.0
22.4167 0.0
22.4333 0.0
22.45 0.0
22.4667 0.0
22.4833 0.0
22.5 0.0
22.5167 0.0
22.5333 0.0
22.55 0.0
22.5667 0.0
22.5833 0.0
22.6 0.0
22.6167 0.0
22.6333 0.0
22.65 0.0
22.6667 0.0
22.6833 0.0
22.7 0.0
22.7167 0.0
22.7333 0.0
22.75 0.0
22.7667 0.0
22.7833 0.0
22.8 0.0
22.8167 0.0
22.8333 0.0
22.85 0.0
22.8667 0.0
22.8833 0.0
22.9 0.0
22.9167 0.0
22.9333 0.0
22.95 0.0
22.9667 0.0
22.9833 0.0
23.0 0.0
23.0167 0.0
23.0333 0.0
23.05 0.0
23.0667 0.0
23.0833 0.0
23.1 0.0
23.1167 0.0
23.1333 0.0
23.15 0.0
23.1667 0.0
23.1833 0.0
23.2 0.0
23.2167 0.0
23.2333 0.0
23.25 0.0
23.2667 0.0
23.2833 0.0
23.3 0.0
23.3167 0.0
23.3333 0.0
23.35 0.0
23.3667 0.0
23.3833 0.0
23.4 0.0
23.4167 0.0
23.4333 0.0
23.45 0.0
23.4667 0.0
23.4833 0.0
23.5 0.0
23.5167 0.0
23.5333 0.0
23.55 0.0
23.5667 0.0
23.5833 0.0
23.6 0.0
23.6167 0.0
23.6333 0.0
23.65 0.0
23.6667 0.0
23.6833 0.0
23.7 0.0
23.7167 0.0
23.7333 0.0
23.75 0.0
23.7667 0.0
23.7833 0.0
23.8 0.0
23.8167 0.0
23.8333 0.0
23.85 0.0
23.8667 0.0
23.8833 0.0
23.9 0.0
23.9167 0.0
23.9333 0.0
23.95 0.0
23.9667 0.0
23.9833 0.0
