0.0 0.0
0.0167 0.0
0.0333 0.0
0.05 0.0
0.0667 0.0
0.0833 0.0
0.1 0.0
0.1167 0.0
0.1333 0.0
0.15 0.0
0.1667 0.0
0.1833 0.0
0.2 0.0
0.2167 0.0
0.2333 0.0
0.25 0.0
0.2667 0.0
0.2833 0.0
0.3 0.0
0.3167 0.0
0.3333 0.0
0.35 0.0
0.3667 0.0
0.3833 0.0
0.4 0.0
0.4167 0.0
0.4333 0.0
0.45 0.0
0.4667 0.0
0.4833 0.0
0.5 0.0
0.5167 0.0
0.5333 0.0
0.55 0.0
0.5667 0.0
0.5833 0.0
0.6 0.0
0.6167 0.0
0.6333 0.0
0.65 0.0
0.6667 0.0
0.6833 0.0
0.7 0.0
0.7167 0.0
0.7333 0.0
0.75 0.0
0.7667 0.0
0.7833 0.0
0.8 0.0
0.8167 0.0
0.8333 0.0
0.85 0.0
0.8667 0.0
0.8833 0.0
0.9 0.0
0.9167 0.0
0.9333 0.0
0.95 0.0
0.9667 0.0
0.9833 0.0
1.0 0.0
1.0167 0.0
1.0333 0.0
1.05 0.0
1.0667 0.0
1.0833 0.0
1.1 0.0
1.1167 0.0
1.1333 0.0
1.15 0.0
1.1667 0.0
1.1833 0.0
1.2 0.0
1.2167 0.0
1.2333 0.0
1.25 0.0
1.2667 0.0
1.2833 0.0
1.3 0.0
1.3167 0.0
1.3333 0.0
1.35 0.0
1.3667 0.0
1.3833 0.0
1.4 0.0
1.4167 0.0
1.4333 0.0
1.45 0.0
1.4667 0.0
1.4833 0.0
1.5 0.0
1.5167 0.0
1.5333 0.0
1.55 0.0
1.5667 0.0
1.5833 0.0
1.6 0.0
1.6167 0.0
1.6333 0.0
1.65 0.0
1.6667 0.0
1.6833 0.0
1.7 0.0
1.7167 0.0
1.7333 0.0
1.75 0.0
1.7667 0.0
1.7833 0.0
1.8 0.0
1.8167 0.0
1.8333 0.0
1.85 0.0
1.8667 0.0
1.8833 0.0
1.9 0.0
1.9167 0.0
1.9333 0.0
1.95 0.0
1.9667 0.0
1.9833 0.0
2.0 0.0
2.0167 0.0
2.0333 0.0
2.05 0.0
2.0667 0.0
2.0833 0.0
2.1 0.0
2.1167 0.0
2.1333 0.0
2.15 0.0
2.1667 0.0
2.1833 0.0
2.2 0.0
2.2167 0.0
2.2333 0.0
2.25 0.0
2.2667 0.0
2.2833 0.0
2.3 0.0
2.3167 0.0
2.3333 0.0
2.35 0.0
2.3667 0.0
2.3833 0.0
2.4 0.0
2.4167 0.0
2.4333 0.0
2.45 0.0
2.4667 0.0
2.4833 0.0
2.5 0.0
2.5167 0.0
2.5333 0.0
2.55 0.0
2.5667 0.0
2.5833 0.0
2.6 0.0
2.6167 0.0
2.6333 0.0
2.65 0.0
2.6667 0.0
2.6833 0.0
2.7 0.0
2.7167 0.0
2.7333 0.0
2.75 0.0
2.7667 0.0
2.7833 0.0
2.8 0.0
2.8167 0.0
2.8333 0.0
2.85 0.0
2.8667 0.0
2.8833 0.0
2.9 0.0
2.9167 0.0
2.9333 0.0
2.95 0.0
2.9667 0.0
2.9833 0.0
3.0 0.0
3.0167 0.0
3.0333 0.0
3.05 0.0
3.0667 0.0
3.0833 0.0
3.1 0.0
3.1167 0.0
3.1333 0.0
3.15 0.0
3.1667 0.0
3.1833 0.0
3.2 0.0
3.2167 0.0
3.2333 0.0
3.25 0.0
3.2667 0.0
3.2833 0.0
3.3 0.0
3.3167 0.0
3.3333 0.0
3.35 0.0
3.3667 0.0
3.3833 0.0
3.4 0.0
3.4167 0.0
3.4333 0.0
3.45 0.0
3.4667 0.0
3.4833 0.0
3.5 0.0
3.5167 0.0
3.5333 0.0
3.55 0.0
3.5667 0.0
3.5833 0.0
3.6 0.0
3.6167 0.0
3.6333 0.0
3.65 0.0
3.6667 0.0
3.6833 0.0
3.7 0.0
3.7167 0.0
3.7333 0.0
3.75 0.0
3.7667 0.0
3.7833 0.0
3.8 0.0
3.8167 0.0
3.8333 0.0
3.85 0.0
3.8667 0.0
3.8833 0.0
3.9 0.0
3.9167 0.0
3.9333 0.0
3.95 0.0
3.9667 0.0
3.9833 0.0
4.0 0.0
4.0167 0.0
4.0333 0.0
4.05 0.0
4.0667 0.0
4.0833 0.0
4.1 0.0
4.1167 0.0
4.1333 0.0
4.15 0.0
4.1667 0.0
4.1833 0.0
4.2 0.0
4.2167 0.0
4.2333 0.0
4.25 0.0
4.2667 0.0
4.2833 0.0
4.3 0.0
4.3167 0.0
4.3333 0.0
4.35 0.0
4.3667 0.0
4.3833 0.0
4.4 0.0
4.4167 0.0
4.4333 0.0
4.45 0.0
4.4667 0.0
4.4833 0.0
4.5 0.0
4.5167 0.0
4.5333 0.0
4.55 0.0
4.5667 0.0
4.5833 0.0
4.6 0.0
4.6167 0.0
4.6333 0.0
4.65 0.0
4.6667 0.0
4.6833 0.0
4.7 0.0
4.7167 0.0
4.7333 0.0
4.75 0.0
4.7667 0.0
4.7833 0.0
4.8 0.0
4.8167 0.0
4.8333 0.0
4.85 0.0
4.8667 0.0
4.8833 0.0
4.9 0.0
4.9167 0.0
4.9333 0.0
4.95 0.0
4.9667 0.0
4.9833 0.0
5.0 0.0
5.0167 0.0
5.0333 0.0
5.05 0.0
5.0667 0.0
5.0833 0.0
5.1 0.0
5.1167 0.0
5.1333 0.0
5.15 0.0
5.1667 0.0
5.1833 0.0
5.2 0.0
5.2167 0.0
5.2333 0.0
5.25 0.0
5.2667 0.0
5.2833 0.0
5.3 0.0
5.3167 0.0
5.3333 0.0
5.35 0.0
5.3667 0.0
5.3833 0.0
5.4 0.0
5.4167 0.0
5.4333 0.0
5.45 0.0
5.4667 0.0
5.4833 0.0
5.5 0.0
5.5167 0.0
5.5333 0.0
5.55 0.0
5.5667 0.0
5.5833 0.0
5.6 0.0
5.6167 0.0
5.6333 0.0
5.65 0.0
5.6667 0.0
5.6833 0.0
5.7 0.0
5.7167 0.0
5.7333 0.0
5.75 0.0
5.7667 0.0
5.7833 0.0
5.8 0.0
5.8167 0.0
5.8333 0.0
5.85 0.0
5.8667 0.0
5.8833 0.0
5.9 0.0
5.9167 0.0
5.9333 0.0
5.95 0.0
5.9667 0.0
5.9833 0.0
6.0 0.0
6.0167 0.0
6.0333 0.0
6.05 0.0
6.0667 0.0
6.0833 0.0
6.1 0.0
6.1167 0.0
6.1333 0.0
6.15 0.0
6.1667 0.0
6.1833 0.0
6.2 0.0
6.2167 0.0
6.2333 0.0
6.25 0.0
6.2667 0.0
6.2833 0.0
6.3 0.0
6.3167 0.0
6.3333 0.0
6.35 0.0
6.3667 0.0
6.3833 0.0
6.4 0.0
6.4167 0.0
6.4333 0.0
6.45 0.0
6.4667 0.0
6.4833 0.0
6.5 0.0
6.5167 0.0
6.5333 0.0
6.55 0.0
6.5667 0.0
6.5833 0.0
6.6 0.0
6.6167 3.762e-33
6.6333 5.929e-16
6.65 2.559e-13
6.6667 2.532e-11
6.6833 5.804e-10
6.7 6.522e-09
6.7167 2.794e-08
6.7333 7.592e-08
6.75 1.572e-07
6.7667 2.904e-07
6.7833 5.082e-07
6.8 8.677e-07
6.8167 1.446e-06
6.8333 2.292e-06
6.85 3.444e-06
6.8667 5.058e-06
6.8833 6.989e-06
6.9 9.535e-06
6.9167 1.292e-05
6.9333 1.695e-05
6.95 2.2e-05
6.9667 2.831e-05
6.9833 3.579e-05
7.0 4.449e-05
7.0167 5.562e-05
7.0333 6.802e-05
7.05 8.349e-05
7.0667 0.0001
7.0833 0.0001198
7.1 0.0001433
7.1167 0.0001697
7.1333 0.0001969
7.15 0.0002274
7.1667 0.0002628
7.1833 0.0003052
7.2 0.0003414
7.2167 0.0003936
7.2333 0.0004355
7.25 0.0004852
7.2667 0.0005441
7.2833 0.0006136
7.3 0.0006785
7.3167 0.0007441
7.3333 0.0008138
7.35 0.0008875
7.3667 0.000965
7.3833 0.001046
7.4 0.001131
7.4167 0.001219
7.4333 0.001311
7.45 0.001407
7.4667 0.001506
7.4833 0.001608
7.5 0.001715
7.5167 0.001825
7.5333 0.001939
7.55 0.002056
7.5667 0.002177
7.5833 0.002303
7.6 0.002432
7.6167 0.002565
7.6333 0.002702
7.65 0.002843
7.6667 0.002988
7.6833 0.003137
7.7 0.003291
7.7167 0.003449
7.7333 0.003611
7.75 0.003778
7.7667 0.00395
7.7833 0.004126
7.8 0.004307
7.8167 0.004492
7.8333 0.004683
7.85 0.004878
7.8667 0.005078
7.8833 0.005284
7.9 0.005494
7.9167 0.00571
7.9333 0.005931
7.95 0.006157
7.9667 0.006389
7.9833 0.006626
8.0 0.006869
8.0167 0.007117
8.0333 0.007371
8.05 0.007631
8.0667 0.007896
8.0833 0.008168
8.1 0.008445
8.1167 0.008729
8.1333 0.009018
8.15 0.009314
8.1667 0.009615
8.1833 0.009923
8.2 0.01024
8.2167 0.01056
8.2333 0.01088
8.25 0.01122
8.2667 0.01156
8.2833 0.0119
8.3 0.01226
8.3167 0.01262
8.3333 0.01298
8.35 0.01336
8.3667 0.01374
8.3833 0.01412
8.4 0.01452
8.4167 0.01492
8.4333 0.01532
8.45 0.01574
8.4667 0.01616
8.4833 0.01659
8.5 0.01702
8.5167 0.01746
8.5333 0.01791
8.55 0.01837
8.5667 0.01883
8.5833 0.0193
8.6 0.01978
8.6167 0.02027
8.6333 0.02076
8.65 0.02126
8.6667 0.02176
8.6833 0.02228
8.7 0.0228
8.7167 0.02333
8.7333 0.02386
8.75 0.0244
8.7667 0.02495
8.7833 0.02551
8.8 0.02608
8.8167 0.02665
8.8333 0.02723
8.85 0.02781
8.8667 0.02841
8.8833 0.02901
8.9 0.02961
8.9167 0.03023
8.9333 0.03085
8.95 0.03148
8.9667 0.03212
8.9833 0.03276
9.0 0.03341
9.0167 0.03407
9.0333 0.03473
9.05 0.0354
9.0667 0.03608
9.0833 0.03676
9.1 0.03746
9.1167 0.03816
9.1333 0.03886
9.15 0.03957
9.1667 0.04029
9.1833 0.04102
9.2 0.04175
9.2167 0.04249
9.2333 0.04323
9.25 0.04399
9.2667 0.04474
9.2833 0.04551
9.3 0.04628
9.3167 0.04706
9.3333 0.04784
9.35 0.04863
9.3667 0.04943
9.3833 0.05023
9.4 0.05103
9.4167 0.05185
9.4333 0.05267
9.45 0.05349
9.4667 0.05432
9.4833 0.05516
9.5 0.056
9.5167 0.05685
9.5333 0.0577
9.55 0.05856
9.5667 0.05942
9.5833 0.06029
9.6 0.06116
9.6167 0.06204
9.6333 0.06293
9.65 0.06381
9.6667 0.06471
9.6833 0.0656
9.7 0.06651
9.7167 0.06741
9.7333 0.06833
9.75 0.06924
9.7667 0.07016
9.7833 0.07108
9.8 0.07201
9.8167 0.07294
9.8333 0.07388
9.85 0.07482
9.8667 0.07576
9.8833 0.07671
9.9 0.07766
9.9167 0.07861
9.9333 0.07957
9.95 0.08053
9.9667 0.08149
9.9833 0.08246
10.0 0.08343
10.0167 0.0844
10.0333 0.08537
10.05 0.08635
10.0667 0.08733
10.0833 0.08831
10.1 0.08929
10.1167 0.09028
10.1333 0.09126
10.15 0.09225
10.1667 0.09324
10.1833 0.09424
10.2 0.09523
10.2167 0.09623
10.2333 0.09722
10.25 0.09822
10.2667 0.09922
10.2833 0.1002
10.3 0.1012
10.3167 0.1022
10.3333 0.1032
10.35 0.1042
10.3667 0.1052
10.3833 0.1062
10.4 0.1072
10.4167 0.1082
10.4333 0.1092
10.45 0.1102
10.4667 0.1113
10.4833 0.1122
10.5 0.1133
10.5167 0.1142
10.5333 0.1152
10.55 0.1163
10.5667 0.1173
10.5833 0.1183
10.6 0.1192
10.6167 0.1202
10.6333 0.1212
10.65 0.1222
10.6667 0.1232
10.6833 0.1242
10.7 0.1251
10.7167 0.1262
10.7333 0.1272
10.75 0.1281
10.7667 0.1291
10.7833 0.13
10.8 0.1311
10.8167 0.132
10.8333 0.133
10.85 0.1339
10.8667 0.1349
10.8833 0.1359
10.9 0.1368
10.9167 0.1378
10.9333 0.1387
10.95 0.1397
10.9667 0.1406
10.9833 0.1416
11.0 0.1425
11.0167 0.1434
11.0333 0.1443
11.05 0.1452
11.0667 0.1462
11.0833 0.1471
11.1 0.148
11.1167 0.1489
11.1333 0.1498
11.15 0.1507
11.1667 0.1515
11.1833 0.1524
11.2 0.1533
11.2167 0.1542
11.2333 0.155
11.25 0.1559
11.2667 0.1567
11.2833 0.1576
11.3 0.1584
11.3167 0.1592
11.3333 0.1601
11.35 0.1609
11.3667 0.1617
11.3833 0.1625
11.4 0.1633
11.4167 0.1641
11.4333 0.1649
11.45 0.1657
11.4667 0.1664
11.4833 0.1672
11.5 0.168
11.5167 0.1687
11.5333 0.1694
11.55 0.1702
11.5667 0.1709
11.5833 0.1716
11.6 0.1723
11.6167 0.173
11.6333 0.1737
11.65 0.1744
11.6667 0.1751
11.6833 0.1757
11.7 0.1764
11.7167 0.1771
11.7333 0.1777
11.75 0.1784
11.7667 0.179
11.7833 0.1796
11.8 0.1802
11.8167 0.1808
11.8333 0.1814
11.85 0.182
11.8667 0.1826
11.8833 0.1832
11.9 0.1837
11.9167 0.1843
11.9333 0.1848
11.95 0.1853
11.9667 0.1858
11.9833 0.1864
12.0 0.1869
12.0167 0.1873
12.0333 0.1878
12.05 0.1883
12.0667 0.1888
12.0833 0.1891
12.1 0.1896
12.1167 0.19
12.1333 0.1905
12.15 0.1909
12.1667 0.1913
12.1833 0.1917
12.2 0.192
12.2167 0.1924
12.2333 0.1928
12.25 0.1931
12.2667 0.1935
12.2833 0.1938
12.3 0.1941
12.3167 0.1944
12.3333 0.1947
12.35 0.195
12.3667 0.1953
12.3833 0.1955
12.4 0.1958
12.4167 0.196
12.4333 0.1962
12.45 0.1965
12.4667 0.1967
12.4833 0.1969
12.5 0.1971
12.5167 0.1973
12.5333 0.1974
12.55 0.1976
12.5667 0.1977
12.5833 0.1978
12.6 0.198
12.6167 0.1981
12.6333 0.1982
12.65 0.1982
12.6667 0.1983
12.6833 0.1984
12.7 0.1984
12.7167 0.1985
12.7333 0.1985
12.75 0.1985
12.7667 0.1985
12.7833 0.1985
12.8 0.1985
12.8167 0.1985
12.8333 0.1985
12.85 0.1984
12.8667 0.1983
12.8833 0.1983
12.9 0.1982
12.9167 0.1981
12.9333 0.198
12.95 0.1979
12.9667 0.1978
12.9833 0.1976
13.0 0.1975
13.0167 0.1973
13.0333 0.1971
13.05 0.197
13.0667 0.1968
13.0833 0.1966
13.1 0.1963
13.1167 0.1961
13.1333 0.1959
13.15 0.1956
13.1667 0.1954
13.1833 0.1951
13.2 0.1948
13.2167 0.1945
13.2333 0.1942
13.25 0.1939
13.2667 0.1935
13.2833 0.1933
13.3 0.1929
13.3167 0.1926
13.3333 0.1921
13.35 0.1918
13.3667 0.1914
13.3833 0.191
13.4 0.1906
13.4167 0.1902
13.4333 0.1898
13.45 0.1894
13.4667 0.1889
13.4833 0.1885
13.5 0.188
13.5167 0.1875
13.5333 0.187
13.55 0.1865
13.5667 0.186
13.5833 0.1855
13.6 0.1849
13.6167 0.1844
13.6333 0.1839
13.65 0.1833
13.6667 0.1828
13.6833 0.1822
13.7 0.1816
13.7167 0.181
13.7333 0.1804
13.75 0.1798
13.7667 0.1792
13.7833 0.1786
13.8 0.178
13.8167 0.1773
13.8333 0.1766
13.85 0.176
13.8667 0.1753
13.8833 0.1747
13.9 0.174
13.9167 0.1733
13.9333 0.1726
13.95 0.1719
13.9667 0.1712
13.9833 0.1703
14.0 0.1696
14.0167 0.1689
14.0333 0.1682
14.05 0.1674
14.0667 0.1667
14.0833 0.1659
14.1 0.1651
14.1167 0.1643
14.1333 0.1636
14.15 0.1628
14.1667 0.162
14.1833 0.1612
14.2 0.1603
14.2167 0.1595
14.2333 0.1586
14.25 0.1578
14.2667 0.157
14.2833 0.1562
14.3 0.1553
14.3167 0.1544
14.3333 0.1535
14.35 0.1527
14.3667 0.1518
14.3833 0.151
14.4 0.1501
14.4167 0.1492
14.4333 0.1483
14.45 0.1474
14.4667 0.1464
14.4833 0.1456
14.5 0.1446
14.5167 0.1437
14.5333 0.1428
14.55 0.1419
14.5667 0.1409
14.5833 0.14
14.6 0.1391
14.6167 0.1381
14.6333 0.1372
14.65 0.1362
14.6667 0.1352
14.6833 0.1343
14.7 0.1333
14.7167 0.1324
14.7333 0.1314
14.75 0.1304
14.7667 0.1295
14.7833 0.1285
14.8 0.1275
14.8167 0.1265
14.8333 0.1255
14.85 0.1245
14.8667 0.1236
14.8833 0.1225
14.9 0.1216
14.9167 0.1206
14.9333 0.1196
14.95 0.1186
14.9667 0.1176
14.9833 0.1166
15.0 0.1156
15.0167 0.1146
15.0333 0.1136
15.05 0.1126
15.0667 0.1116
15.0833 0.1106
15.1 0.1096
15.1167 0.1086
15.1333 0.1076
15.15 0.1066
15.1667 0.1056
15.1833 0.1046
15.2 0.1035
15.2167 0.1026
15.2333 0.1016
15.25 0.1006
15.2667 0.09955
15.2833 0.09855
15.3 0.09755
15.3167 0.09655
15.3333 0.09556
15.35 0.09457
15.3667 0.09357
15.3833 0.09258
15.4 0.09159
15.4167 0.0906
15.4333 0.08962
15.45 0.08863
15.4667 0.08765
15.4833 0.08667
15.5 0.08569
15.5167 0.08472
15.5333 0.08375
15.55 0.08278
15.5667 0.08181
15.5833 0.08084
15.6 0.07988
15.6167 0.07893
15.6333 0.07797
15.65 0.07702
15.6667 0.07607
15.6833 0.07513
15.7 0.07419
15.7167 0.07325
15.7333 0.07232
15.75 0.07139
15.7667 0.07046
15.7833 0.06954
15.8 0.06863
15.8167 0.06771
15.8333 0.0668
15.85 0.0659
15.8667 0.065
15.8833 0.0641
15.9 0.06322
15.9167 0.06233
15.9333 0.06145
15.95 0.06057
15.9667 0.0597
15.9833 0.05884
16.0 0.05798
16.0167 0.05713
16.0333 0.05628
16.05 0.05543
16.0667 0.05459
16.0833 0.05376
16.1 0.05294
16.1167 0.05211
16.1333 0.0513
16.15 0.05049
16.1667 0.04968
16.1833 0.04889
16.2 0.0481
16.2167 0.04731
16.2333 0.04653
16.25 0.04576
16.2667 0.04499
16.2833 0.04423
16.3 0.04348
16.3167 0.04273
16.3333 0.04199
16.35 0.04125
16.3667 0.04053
16.3833 0.03981
16.4 0.03909
16.4167 0.03838
16.4333 0.03768
16.45 0.03699
16.4667 0.0363
16.4833 0.03562
16.5 0.03495
16.5167 0.03428
16.5333 0.03362
16.55 0.03297
16.5667 0.03232
16.5833 0.03168
16.6 0.03105
16.6167 0.03043
16.6333 0.02981
16.65 0.0292
16.6667 0.0286
16.6833 0.028
16.7 0.02741
16.7167 0.02683
16.7333 0.02626
16.75 0.02569
16.7667 0.02513
16.7833 0.02458
16.8 0.02403
16.8167 0.0235
16.8333 0.02297
16.85 0.02244
16.8667 0.02193
16.8833 0.02142
16.9 0.02092
16.9167 0.02042
16.9333 0.01994
16.95 0.01945
16.9667 0.01898
16.9833 0.01852
17.0 0.01806
17.0167 0.01761
17.0333 0.01716
17.05 0.01672
17.0667 0.01629
17.0833 0.01587
17.1 0.01545
17.1167 0.01505
17.1333 0.01464
17.15 0.01425
17.1667 0.01386
17.1833 0.01348
17.2 0.0131
17.2167 0.01273
17.2333 0.01237
17.25 0.01202
17.2667 0.01167
17.2833 0.01132
17.3 0.01099
17.3167 0.01066
17.3333 0.01034
17.35 0.01002
17.3667 0.009711
17.3833 0.009407
17.4 0.00911
17.4167 0.008819
17.4333 0.008533
17.45 0.008254
17.4667 0.007981
17.4833 0.007713
17.5 0.007452
17.5167 0.007196
17.5333 0.006946
17.55 0.006701
17.5667 0.006462
17.5833 0.006229
17.6 0.006001
17.6167 0.005778
17.6333 0.005561
17.65 0.005348
17.6667 0.005141
17.6833 0.00494
17.7 0.004743
17.7167 0.004551
17.7333 0.004364
17.75 0.004181
17.7667 0.004004
17.7833 0.003831
17.8 0.003663
17.8167 0.003499
17.8333 0.003339
17.85 0.003184
17.8667 0.003034
17.8833 0.002887
17.9 0.002745
17.9167 0.002606
17.9333 0.002472
17.95 0.002342
17.9667 0.002216
17.9833 0.002093
18.0 0.001974
18.0167 0.001859
18.0333 0.001748
18.05 0.001641
18.0667 0.001537
18.0833 0.001437
18.1 0.00134
18.1167 0.001247
18.1333 0.001158
18.15 0.001072
18.1667 0.0009894
18.1833 0.0009108
18.2 0.0008358
18.2167 0.0007648
18.2333 0.0006979
18.25 0.0006356
18.2667 0.000564
18.2833 0.000502
18.3 0.0004497
18.3167 0.0004055
18.3333 0.0003554
18.35 0.0003151
18.3667 0.0002732
18.3833 0.0002418
18.4 0.0002078
18.4167 0.0001773
18.4333 0.0001508
18.45 0.0001278
18.4667 0.0001067
18.4833 8.767e-05
18.5 7.273e-05
18.5167 5.888e-05
18.5333 4.805e-05
18.55 3.809e-05
18.5667 3.006e-05
18.5833 2.353e-05
18.6 1.818e-05
18.6167 1.385e-05
18.6333 1.042e-05
18.65 7.745e-06
18.6667 5.535e-06
18.6833 3.884e-06
18.7 2.578e-06
18.7167 1.679e-06
18.7333 1.017e-06
18.75 5.99e-07
18.7667 3.452e-07
18.7833 1.909e-07
18.8 9.657e-08
18.8167 3.854e-08
18.8333 1.092e-08
18.85 1.285e-09
18.8667 7.167e-11
18.8833 1.108e-12
18.9 4.412e-15
18.9167 7.425e-19
18.9333 0.0
18.95 0.0
18.9667 0.0
18.9833 0.0
19.0 0.0
19.0167 0.0
19.0333 0.0
19.05 0.0
19.0667 0.0
19.0833 0.0
19.1 0.0
19.1167 0.0
19.1333 0.0
19.15 0.0
19.1667 0.0
19.1833 0.0
19.2 0.0
19.2167 0.0
19.2333 0.0
19.25 0.0
19.2667 0.0
19.2833 0.0
19.3 0.0
19.3167 0.0
19.3333 0.0
19.35 0.0
19.3667 0.0
19.3833 0.0
19.4 0.0
19.4167 0.0
19.4333 0.0
19.45 0.0
19.4667 0.0
19.4833 0.0
19.5 0.0
19.5167 0.0
19.5333 0.0
19.55 0.0
19.5667 0.0
19.5833 0.0
19.6 0.0
19.6167 0.0
19.6333 0.0
19.65 0.0
19.6667 0.0
19.6833 0.0
19.7 0.0
19.7167 0.0
19.7333 0.0
19.75 0.0
19.7667 0.0
19.7833 0.0
19.8 0.0
19.8167 0.0
19.8333 0.0
19.85 0.0
19.8667 0.0
19.8833 0.0
19.9 0.0
19.9167 0.0
19.9333 0.0
19.95 0.0
19.9667 0.0
19.9833 0.0
20.0 0.0
20.0167 0.0
20.0333 0.0
20.05 0.0
20.0667 0.0
20.0833 0.0
20.1 0.0
20.1167 0.0
20.1333 0.0
20.15 0.0
20.1667 0.0
20.1833 0.0
20.2 0.0
20.2167 0.0
20.2333 0.0
20.25 0.0
20.2667 0.0
20.2833 0.0
20.3 0.0
20.3167 0.0
20.3333 0.0
20.35 0.0
20.3667 0.0
20.3833 0.0
20.4 0.0
20.4167 0.0
20.4333 0.0
20.45 0.0
20.4667 0.0
20.4833 0.0
20.5 0.0
20.5167 0.0
20.5333 0.0
20.55 0.0
20.5667 0.0
20.5833 0.0
20.6 0.0
20.6167 0.0
20.6333 0.0
20.65 0.0
20.6667 0.0
20.6833 0.0
20.7 0.0
20.7167 0.0
20.7333 0.0
20.75 0.0
20.7667 0.0
20.7833 0.0
20.8 0.0
20.8167 0.0
20.8333 0.0
20.85 0.0
20.8667 0.0
20.8833 0.0
20.9 0.0
20.9167 0.0
20.9333 0.0
20.95 0.0
20.9667 0.0
20.9833 0.0
21.0 0.0
21.0167 0.0
21.0333 0.0
21.05 0.0
21.0667 0.0
21.0833 0.0
21.1 0.0
21.1167 0.0
21.1333 0.0
21.15 0.0
21.1667 0.0
21.1833 0.0
21.2 0.0
21.2167 0.0
21.2333 0.0
21.25 0.0
21.2667 0.0
21.2833 0.0
21.3 0.0
21.3167 0.0
21.3333 0.0
21.35 0.0
21.3667 0.0
21.3833 0.0
21.4 0.0
21.4167 0.0
21.4333 0.0
21.45 0.0
21.4667 0.0
21.4833 0.0
21.5 0.0
21.5167 0.0
21.5333 0.0
21.55 0.0
21.5667 0.0
21.5833 0.0
21.6 0.0
21.6167 0.0
21.6333 0.0
21.65 0.0
21.6667 0.0
21.6833 0.0
21.7 0.0
21.7167 0.0
21.7333 0.0
21.75 0.0
21.7667 0.0
21.7833 0.0
21.8 0.0
21.8167 0.0
21.8333 0.0
21.85 0.0
21.8667 0.0
21.8833 0.0
21.9 0.0
21.9167 0.0
21.9333 0.0
21.95 0.0
21.9667 0.0
21.9833 0.0
22.0 0.0
22.0167 0.0
22.0333 0.0
22.05 0.0
22.0667 0.0
22.0833 0.0
22.1 0.0
22.1167 0.0
22.1333 0.0
22.15 0.0
22.1667 0.0
22.1833 0.0
22.2 0.0
22.2167 0.0
22.2333 0.0
22.25 0.0
22.2667 0.0
22.2833 0.0
22.3 0.0
22.3167 0.0
22.3333 0.0
22.35 0.0
22.3667 0.0
22.3833 0.0
22.4 0.0
22.4167 0.0
22.4333 0.0
22.45 0.0
22.4667 0.0
22.4833 0.0
22.5 0.0
22.5167 0.0
22.5333 0.0
22.55 0.0
22.5667 0.0
22.5833 0.0
22.6 0.0
22.6167 0.0
22.6333 0.0
22.65 0.0
22.6667 0.0
22.6833 0.0
22.7 0.0
22.7167 0.0
22.7333 0.0
22.75 0.0
22.7667 0.0
22.7833 0.0
22.8 0.0
22.8167 0.0
22.8333 0.0
22.85 0.0
22.8667 0.0
22.8833 0.0
22.9 0.0
22.9167 0.0
22.9333 0.0
22.95 0.0
22.9667 0.0
22.9833 0.0
23.0 0.0
23.0167 0.0
23.0333 0.0
23.05 0.0
23.0667 0.0
23.0833 0.0
23.1 0.0
23.1167 0.0
23.1333 0.0
23.15 0.0
23.1667 0.0
23.1833 0.0
23.2 0.0
23.2167 0.0
23.2333 0.0
23.25 0.0
23.2667 0.0
23.2833 0.0
23.3 0.0
23.3167 0.0
23.3333 0.0
23.35 0.0
23.3667 0.0
23.3833 0.0
23.4 0.0
23.4167 0.0
23.4333 0.0
23.45 0.0
23.4667 0.0
23.4833 0.0
23.5 0.0
23.5167 0.0
23.5333 0.0
23.55 0.0
23.5667 0.0
23.5833 0.0
23.6 0.0
23.6167 0.0
23.6333 0.0
23.65 0.0
23.6667 0.0
23.6833 0.0
23.7 0.0
23.7167 0.0
23.7333 0.0
23.75 0.0
23.7667 0.0
23.7833 0.0
23.8 0.0
23.8167 0.0
23.8333 0.0
23.85 0.0
23.8667 0.0
23.8833 0.0
23.9 0.0
23.9167 0.0
23.9333 0.0
23.95 0.0
23.9667 0.0
23.9833 0.0
