0.0 0.0
0.0167 0.0
0.0333 0.0
0.05 0.0
0.0667 0.0
0.0833 0.0
0.1 0.0
0.1167 0.0
0.1333 0.0
0.15 0.0
0.1667 0.0
0.1833 0.0
0.2 0.0
0.2167 0.0
0.2333 0.0
0.25 0.0
0.2667 0.0
0.2833 0.0
0.3 0.0
0.3167 0.0
0.3333 0.0
0.35 0.0
0.3667 0.0
0.3833 0.0
0.4 0.0
0.4167 0.0
0.4333 0.0
0.45 0.0
0.4667 0.0
0.4833 0.0
0.5 0.0
0.5167 0.0
0.5333 0.0
0.55 0.0
0.5667 0.0
0.5833 0.0
0.6 0.0
0.6167 0.0
0.6333 0.0
0.65 0.0
0.6667 0.0
0.6833 0.0
0.7 0.0
0.7167 0.0
0.7333 0.0
0.75 0.0
0.7667 0.0
0.7833 0.0
0.8 0.0
0.8167 0.0
0.8333 0.0
0.85 0.0
0.8667 0.0
0.8833 0.0
0.9 0.0
0.9167 0.0
0.9333 0.0
0.95 0.0
0.9667 0.0
0.9833 0.0
1.0 0.0
1.0167 0.0
1.0333 0.0
1.05 0.0
1.0667 0.0
1.0833 0.0
1.1 0.0
1.1167 0.0
1.1333 0.0
1.15 0.0
1.1667 0.0
1.1833 0.0
1.2 0.0
1.2167 0.0
1.2333 0.0
1.25 0.0
1.2667 0.0
1.2833 0.0
1.3 0.0
1.3167 0.0
1.3333 0.0
1.35 0.0
1.3667 0.0
1.3833 0.0
1.4 0.0
1.4167 0.0
1.4333 0.0
1.45 0.0
1.4667 0.0
1.4833 0.0
1.5 0.0
1.5167 0.0
1.5333 0.0
1.55 0.0
1.5667 0.0
1.5833 0.0
1.6 0.0
1.6167 0.0
1.6333 0.0
1.65 0.0
1.6667 0.0
1.6833 0.0
1.7 0.0
1.7167 0.0
1.7333 0.0
1.75 0.0
1.7667 0.0
1.7833 0.0
1.8 0.0
1.8167 0.0
1.8333 0.0
1.85 0.0
1.8667 0.0
1.8833 0.0
1.9 0.0
1.9167 0.0
1.9333 0.0
1.95 0.0
1.9667 0.0
1.9833 0.0
2.0 0.0
2.0167 0.0
2.0333 0.0
2.05 0.0
2.0667 0.0
2.0833 0.0
2.1 0.0
2.1167 0.0
2.1333 0.0
2.15 0.0
2.1667 0.0
2.1833 0.0
2.2 0.0
2.2167 0.0
2.2333 0.0
2.25 0.0
2.2667 0.0
2.2833 0.0
2.3 0.0
2.3167 0.0
2.3333 0.0
2.35 0.0
2.3667 0.0
2.3833 0.0
2.4 0.0
2.4167 0.0
2.4333 0.0
2.45 0.0
2.4667 0.0
2.4833 0.0
2.5 0.0
2.5167 0.0
2.5333 0.0
2.55 0.0
2.5667 0.0
2.5833 0.0
2.6 0.0
2.6167 0.0
2.6333 0.0
2.65 0.0
2.6667 0.0
2.6833 0.0
2.7 0.0
2.7167 0.0
2.7333 0.0
2.75 0.0
2.7667 0.0
2.7833 0.0
2.8 0.0
2.8167 0.0
2.8333 0.0
2.85 0.0
2.8667 0.0
2.8833 0.0
2.9 0.0
2.9167 0.0
2.9333 0.0
2.95 0.0
2.9667 0.0
2.9833 0.0
3.0 0.0
3.0167 0.0
3.0333 0.0
3.05 0.0
3.0667 0.0
3.0833 0.0
3.1 0.0
3.1167 0.0
3.1333 0.0
3.15 0.0
3.1667 0.0
3.1833 0.0
3.2 0.0
3.2167 0.0
3.2333 0.0
3.25 0.0
3.2667 0.0
3.2833 0.0
3.3 0.0
3.3167 0.0
3.3333 0.0
3.35 0.0
3.3667 0.0
3.3833 0.0
3.4 0.0
3.4167 0.0
3.4333 0.0
3.45 0.0
3.4667 0.0
3.4833 0.0
3.5 0.0
3.5167 0.0
3.5333 0.0
3.55 0.0
3.5667 0.0
3.5833 0.0
3.6 0.0
3.6167 0.0
3.6333 0.0
3.65 0.0
3.6667 0.0
3.6833 0.0
3.7 0.0
3.7167 0.0
3.7333 0.0
3.75 0.0
3.7667 0.0
3.7833 0.0
3.8 0.0
3.8167 0.0
3.8333 0.0
3.85 0.0
3.8667 0.0
3.8833 0.0
3.9 0.0
3.9167 0.0
3.9333 0.0
3.95 0.0
3.9667 0.0
3.9833 0.0
4.0 0.0
4.0167 0.0
4.0333 0.0
4.05 0.0
4.0667 0.0
4.0833 0.0
4.1 0.0
4.1167 0.0
4.1333 0.0
4.15 0.0
4.1667 0.0
4.1833 0.0
4.2 0.0
4.2167 0.0
4.2333 0.0
4.25 0.0
4.2667 0.0
4.2833 0.0
4.3 0.0
4.3167 0.0
4.3333 0.0
4.35 0.0
4.3667 0.0
4.3833 0.0
4.4 0.0
4.4167 0.0
4.4333 0.0
4.45 0.0
4.4667 0.0
4.4833 0.0
4.5 0.0
4.5167 0.0
4.5333 0.0
4.55 0.0
4.5667 0.0
4.5833 0.0
4.6 0.0
4.6167 0.0
4.6333 0.0
4.65 0.0
4.6667 0.0
4.6833 0.0
4.7 0.0
4.7167 0.0
4.7333 0.0
4.75 0.0
4.7667 0.0
4.7833 0.0
4.8 0.0
4.8167 0.0
4.8333 0.0
4.85 0.0
4.8667 0.0
4.8833 0.0
4.9 0.0
4.9167 0.0
4.9333 0.0
4.95 0.0
4.9667 0.0
4.9833 0.0
5.0 0.0
5.0167 0.0
5.0333 0.0
5.05 0.0
5.0667 0.0
5.0833 0.0
5.1 0.0
5.1167 0.0
5.1333 0.0
5.15 0.0
5.1667 0.0
5.1833 0.0
5.2 0.0
5.2167 0.0
5.2333 0.0
5.25 0.0
5.2667 0.0
5.2833 0.0
5.3 0.0
5.3167 0.0
5.3333 0.0
5.35 0.0
5.3667 0.0
5.3833 0.0
5.4 0.0
5.4167 0.0
5.4333 0.0
5.45 0.0
5.4667 0.0
5.4833 0.0
5.5 0.0
5.5167 0.0
5.5333 0.0
5.55 0.0
5.5667 0.0
5.5833 0.0
5.6 0.0
5.6167 0.0
5.6333 0.0
5.65 0.0
5.6667 0.0
5.6833 0.0
5.7 0.0
5.7167 0.0
5.7333 0.0
5.75 0.0
5.7667 0.0
5.7833 0.0
5.8 0.0
5.8167 0.0
5.8333 0.0
5.85 0.0
5.8667 0.0
5.8833 0.0
5.9 0.0
5.9167 0.0
5.9333 0.0
5.95 0.0
5.9667 0.0
5.9833 0.0
6.0 0.0
6.0167 0.0
6.0333 0.0
6.05 0.0
6.0667 0.0
6.0833 0.0
6.1 0.0
6.1167 0.0
6.1333 0.0
6.15 0.0
6.1667 0.0
6.1833 0.0
6.2 0.0
6.2167 0.0
6.2333 0.0
6.25 0.0
6.2667 0.0
6.2833 0.0
6.3 0.0
6.3167 0.0
6.3333 0.0
6.35 0.0
6.3667 0.0
6.3833 7.34e-20
6.4 1.521e-15
6.4167 4.317e-13
6.4333 3.307e-11
6.45 7.542e-10
6.4667 7.284e-09
6.4833 3.069e-08
6.5 8.025e-08
6.5167 1.662e-07
6.5333 3.084e-07
6.55 5.438e-07
6.5667 9.375e-07
6.5833 1.578e-06
6.6 2.48e-06
6.6167 3.786e-06
6.6333 5.5e-06
6.65 7.714e-06
6.6667 1.045e-05
6.6833 1.398e-05
6.7 1.847e-05
6.7167 2.396e-05
6.7333 3.056e-05
6.75 3.864e-05
6.7667 4.862e-05
6.7833 6.078e-05
6.8 7.369e-05
6.8167 9.002e-05
6.8333 0.0001087
6.85 0.0001291
6.8667 0.0001529
6.8833 0.0001798
6.9 0.0002099
6.9167 0.000244
6.9333 0.0002833
6.95 0.0003231
6.9667 0.0003657
6.9833 0.00042
7.0 0.0004669
7.0167 0.0005176
7.0333 0.0005776
7.05 0.0006484
7.0667 0.0007243
7.0833 0.0007936
7.1 0.0008677
7.1167 0.0009463
7.1333 0.001029
7.15 0.001116
7.1667 0.001206
7.1833 0.001301
7.2 0.001399
7.2167 0.001502
7.2333 0.001608
7.25 0.001719
7.2667 0.001833
7.2833 0.001951
7.3 0.002074
7.3167 0.002201
7.3333 0.002331
7.35 0.002467
7.3667 0.002606
7.3833 0.002749
7.4 0.002898
7.4167 0.00305
7.4333 0.003208
7.45 0.00337
7.4667 0.003536
7.4833 0.003707
7.5 0.003884
7.5167 0.004065
7.5333 0.004251
7.55 0.004442
7.5667 0.004639
7.5833 0.004841
7.6 0.005048
7.6167 0.005261
7.6333 0.005479
7.65 0.005702
7.6667 0.005932
7.6833 0.006167
7.7 0.006408
7.7167 0.006655
7.7333 0.006908
7.75 0.007167
7.7667 0.007432
7.7833 0.007704
7.8 0.007982
7.8167 0.008266
7.8333 0.008556
7.85 0.008853
7.8667 0.009157
7.8833 0.009467
7.9 0.009784
7.9167 0.01011
7.9333 0.01044
7.95 0.01078
7.9667 0.01112
7.9833 0.01147
8.0 0.01183
8.0167 0.0122
8.0333 0.01257
8.05 0.01295
8.0667 0.01334
8.0833 0.01373
8.1 0.01414
8.1167 0.01455
8.1333 0.01496
8.15 0.01539
8.1667 0.01582
8.1833 0.01626
8.2 0.01671
8.2167 0.01717
8.2333 0.01763
8.25 0.0181
8.2667 0.01858
8.2833 0.01907
8.3 0.01956
8.3167 0.02007
8.3333 0.02058
8.35 0.0211
8.3667 0.02163
8.3833 0.02216
8.4 0.0227
8.4167 0.02325
8.4333 0.02381
8.45 0.02438
8.4667 0.02496
8.4833 0.02554
8.5 0.02613
8.5167 0.02673
8.5333 0.02734
8.55 0.02795
8.5667 0.02858
8.5833 0.02921
8.6 0.02985
8.6167 0.0305
8.6333 0.03115
8.65 0.03182
8.6667 0.03249
8.6833 0.03317
8.7 0.03386
8.7167 0.03456
8.7333 0.03526
8.75 0.03597
8.7667 0.03669
8.7833 0.03742
8.8 0.03815
8.8167 0.0389
8.8333 0.03965
8.85 0.04041
8.8667 0.04117
8.8833 0.04195
8.9 0.04273
8.9167 0.04352
8.9333 0.04431
8.95 0.04512
8.9667 0.04593
8.9833 0.04675
9.0 0.04757
9.0167 0.04841
9.0333 0.04925
9.05 0.05009
9.0667 0.05095
9.0833 0.05181
9.1 0.05268
9.1167 0.05355
9.1333 0.05443
9.15 0.05532
9.1667 0.05622
9.1833 0.05712
9.2 0.05803
9.2167 0.05894
9.2333 0.05986
9.25 0.06079
9.2667 0.06172
9.2833 0.06266
9.3 0.0636
9.3167 0.06456
9.3333 0.06551
9.35 0.06647
9.3667 0.06744
9.3833 0.06841
9.4 0.06939
9.4167 0.07038
9.4333 0.07137
9.45 0.07236
9.4667 0.07336
9.4833 0.07437
9.5 0.07537
9.5167 0.07639
9.5333 0.07741
9.55 0.07843
9.5667 0.07946
9.5833 0.08049
9.6 0.08153
9.6167 0.08256
9.6333 0.08361
9.65 0.08466
9.6667 0.08571
9.6833 0.08676
9.7 0.08782
9.7167 0.08888
9.7333 0.08995
9.75 0.09102
9.7667 0.09209
9.7833 0.09316
9.8 0.09424
9.8167 0.09532
9.8333 0.0964
9.85 0.09749
9.8667 0.09857
9.8833 0.09966
9.9 0.1008
9.9167 0.1018
9.9333 0.1029
9.95 0.104
9.9667 0.1051
9.9833 0.1062
10.0 0.1073
10.0167 0.1084
10.0333 0.1095
10.05 0.1106
10.0667 0.1118
10.0833 0.1129
10.1 0.114
10.1167 0.1151
10.1333 0.1162
10.15 0.1173
10.1667 0.1184
10.1833 0.1195
10.2 0.1206
10.2167 0.1217
10.2333 0.1228
10.25 0.1239
10.2667 0.125
10.2833 0.1261
10.3 0.1272
10.3167 0.1283
10.3333 0.1294
10.35 0.1305
10.3667 0.1316
10.3833 0.1327
10.4 0.1338
10.4167 0.1349
10.4333 0.136
10.45 0.1371
10.4667 0.1381
10.4833 0.1392
10.5 0.1403
10.5167 0.1414
10.5333 0.1425
10.55 0.1435
10.5667 0.1446
10.5833 0.1457
10.6 0.1467
10.6167 0.1478
10.6333 0.1488
10.65 0.1499
10.6667 0.1509
10.6833 0.152
10.7 0.153
10.7167 0.154
10.7333 0.1551
10.75 0.1561
10.7667 0.1571
10.7833 0.1581
10.8 0.1591
10.8167 0.1601
10.8333 0.1611
10.85 0.1621
10.8667 0.1631
10.8833 0.1641
10.9 0.1651
10.9167 0.166
10.9333 0.167
10.95 0.1679
10.9667 0.1689
10.9833 0.1698
11.0 0.1708
11.0167 0.1717
11.0333 0.1726
11.05 0.1735
11.0667 0.1745
11.0833 0.1754
11.1 0.1763
11.1167 0.1771
11.1333 0.178
11.15 0.1788
11.1667 0.1798
11.1833 0.1806
11.2 0.1815
11.2167 0.1823
11.2333 0.1831
11.25 0.184
11.2667 0.1848
11.2833 0.1856
11.3 0.1864
11.3167 0.1872
11.3333 0.1879
11.35 0.1887
11.3667 0.1895
11.3833 0.1902
11.4 0.191
11.4167 0.1918
11.4333 0.1925
11.45 0.1932
11.4667 0.1939
11.4833 0.1946
11.5 0.1952
11.5167 0.196
11.5333 0.1967
11.55 0.1973
11.5667 0.198
11.5833 0.1986
11.6 0.1992
11.6167 0.1999
11.6333 0.2005
11.65 0.2011
11.6667 0.2017
11.6833 0.2022
11.7 0.2028
11.7167 0.2034
11.7333 0.2039
11.75 0.2045
11.7667 0.205
11.7833 0.2055
11.8 0.206
11.8167 0.2065
11.8333 0.207
11.85 0.2074
11.8667 0.2079
11.8833 0.2083
11.9 0.2088
11.9167 0.2092
11.9333 0.2096
11.95 0.21
11.9667 0.2104
11.9833 0.2108
12.0 0.2111
12.0167 0.2115
12.0333 0.2118
12.05 0.2122
12.0667 0.2125
12.0833 0.2128
12.1 0.2131
12.1167 0.2133
12.1333 0.2136
12.15 0.2139
12.1667 0.2141
12.1833 0.2144
12.2 0.2146
12.2167 0.2148
12.2333 0.215
12.25 0.2152
12.2667 0.2154
12.2833 0.2155
12.3 0.2157
12.3167 0.2158
12.3333 0.2159
12.35 0.216
12.3667 0.2161
12.3833 0.2162
12.4 0.2163
12.4167 0.2164
12.4333 0.2164
12.45 0.2165
12.4667 0.2165
12.4833 0.2165
12.5 0.2165
12.5167 0.2165
12.5333 0.2164
12.55 0.2164
12.5667 0.2164
12.5833 0.2163
12.6 0.2162
12.6167 0.2161
12.6333 0.216
12.65 0.2159
12.6667 0.2158
12.6833 0.2157
12.7 0.2155
12.7167 0.2153
12.7333 0.2152
12.75 0.215
12.7667 0.2148
12.7833 0.2146
12.8 0.2143
12.8167 0.2141
12.8333 0.2138
12.85 0.2136
12.8667 0.2133
12.8833 0.213
12.9 0.2127
12.9167 0.2124
12.9333 0.2121
12.95 0.2118
12.9667 0.2114
12.9833 0.2111
13.0 0.2107
13.0167 0.2103
13.0333 0.21
13.05 0.2095
13.0667 0.2091
13.0833 0.2087
13.1 0.2083
13.1167 0.2078
13.1333 0.2074
13.15 0.2069
13.1667 0.2064
13.1833 0.2059
13.2 0.2054
13.2167 0.2049
13.2333 0.2044
13.25 0.2038
13.2667 0.2033
13.2833 0.2027
13.3 0.2022
13.3167 0.2016
13.3333 0.201
13.35 0.2004
13.3667 0.1998
13.3833 0.1992
13.4 0.1985
13.4167 0.1979
13.4333 0.1972
13.45 0.1966
13.4667 0.1959
13.4833 0.1952
13.5 0.1945
13.5167 0.1938
13.5333 0.1931
13.55 0.1924
13.5667 0.1916
13.5833 0.1909
13.6 0.1902
13.6167 0.1894
13.6333 0.1886
13.65 0.1879
13.6667 0.1871
13.6833 0.1863
13.7 0.1855
13.7167 0.1847
13.7333 0.1839
13.75 0.183
13.7667 0.1822
13.7833 0.1813
13.8 0.1805
13.8167 0.1796
13.8333 0.1788
13.85 0.1779
13.8667 0.177
13.8833 0.1761
13.9 0.1752
13.9167 0.1743
13.9333 0.1734
13.95 0.1724
13.9667 0.1716
13.9833 0.1706
14.0 0.1697
14.0167 0.1688
14.0333 0.1678
14.05 0.1668
14.0667 0.1659
14.0833 0.1649
14.1 0.1639
14.1167 0.1629
14.1333 0.162
14.15 0.161
14.1667 0.16
14.1833 0.1589
14.2 0.1579
14.2167 0.1569
14.2333 0.1559
14.25 0.1549
14.2667 0.1539
14.2833 0.1528
14.3 0.1518
14.3167 0.1508
14.3333 0.1497
14.35 0.1487
14.3667 0.1476
14.3833 0.1466
14.4 0.1455
14.4167 0.1444
14.4333 0.1434
14.45 0.1423
14.4667 0.1412
14.4833 0.1401
14.5 0.1391
14.5167 0.138
14.5333 0.1369
14.55 0.1358
14.5667 0.1347
14.5833 0.1336
14.6 0.1326
14.6167 0.1314
14.6333 0.1304
14.65 0.1293
14.6667 0.1281
14.6833 0.1271
14.7 0.126
14.7167 0.1249
14.7333 0.1238
14.75 0.1226
14.7667 0.1215
14.7833 0.1204
14.8 0.1193
14.8167 0.1182
14.8333 0.1171
14.85 0.116
14.8667 0.1149
14.8833 0.1138
14.9 0.1127
14.9167 0.1116
14.9333 0.1105
14.95 0.1094
14.9667 0.1083
14.9833 0.1072
15.0 0.1061
15.0167 0.105
15.0333 0.1039
15.05 0.1028
15.0667 0.1017
15.0833 0.1006
15.1 0.0995
15.1167 0.09841
15.1333 0.09732
15.15 0.09624
15.1667 0.09516
15.1833 0.09408
15.2 0.093
15.2167 0.09193
15.2333 0.09086
15.25 0.08979
15.2667 0.08872
15.2833 0.08766
15.3 0.0866
15.3167 0.08555
15.3333 0.0845
15.35 0.08345
15.3667 0.08241
15.3833 0.08137
15.4 0.08033
15.4167 0.0793
15.4333 0.07828
15.45 0.07725
15.4667 0.07624
15.4833 0.07522
15.5 0.07421
15.5167 0.07321
15.5333 0.07221
15.55 0.07122
15.5667 0.07023
15.5833 0.06925
15.6 0.06827
15.6167 0.0673
15.6333 0.06633
15.65 0.06537
15.6667 0.06441
15.6833 0.06346
15.7 0.06252
15.7167 0.06158
15.7333 0.06065
15.75 0.05972
15.7667 0.0588
15.7833 0.05789
15.8 0.05698
15.8167 0.05608
15.8333 0.05519
15.85 0.0543
15.8667 0.05342
15.8833 0.05255
15.9 0.05168
15.9167 0.05082
15.9333 0.04997
15.95 0.04912
15.9667 0.04828
15.9833 0.04745
16.0 0.04663
16.0167 0.04581
16.0333 0.045
16.05 0.0442
16.0667 0.0434
16.0833 0.04261
16.1 0.04183
16.1167 0.04106
16.1333 0.04029
16.15 0.03954
16.1667 0.03879
16.1833 0.03805
16.2 0.03731
16.2167 0.03659
16.2333 0.03587
16.25 0.03516
16.2667 0.03445
16.2833 0.03376
16.3 0.03307
16.3167 0.03239
16.3333 0.03172
16.35 0.03106
16.3667 0.0304
16.3833 0.02976
16.4 0.02912
16.4167 0.02849
16.4333 0.02786
16.45 0.02725
16.4667 0.02664
16.4833 0.02604
16.5 0.02545
16.5167 0.02487
16.5333 0.0243
16.55 0.02373
16.5667 0.02317
16.5833 0.02262
16.6 0.02208
16.6167 0.02155
16.6333 0.02102
16.65 0.0205
16.6667 0.01999
16.6833 0.01949
16.7 0.019
16.7167 0.01851
16.7333 0.01803
16.75 0.01756
16.7667 0.0171
16.7833 0.01665
16.8 0.0162
16.8167 0.01576
16.8333 0.01533
16.85 0.0149
16.8667 0.01449
16.8833 0.01408
16.9 0.01368
16.9167 0.01328
16.9333 0.0129
16.95 0.01252
16.9667 0.01214
16.9833 0.01178
17.0 0.01142
17.0167 0.01107
17.0333 0.01073
17.05 0.01039
17.0667 0.01006
17.0833 0.009738
17.1 0.009422
17.1167 0.009113
17.1333 0.00881
17.15 0.008514
17.1667 0.008225
17.1833 0.007942
17.2 0.007665
17.2167 0.007394
17.2333 0.00713
17.25 0.006872
17.2667 0.00662
17.2833 0.006374
17.3 0.006134
17.3167 0.005899
17.3333 0.005671
17.35 0.005448
17.3667 0.00523
17.3833 0.005018
17.4 0.004812
17.4167 0.004611
17.4333 0.004415
17.45 0.004225
17.4667 0.004039
17.4833 0.003858
17.5 0.003683
17.5167 0.003512
17.5333 0.003346
17.55 0.003185
17.5667 0.003029
17.5833 0.002877
17.6 0.002729
17.6167 0.002586
17.6333 0.002447
17.65 0.002313
17.6667 0.002183
17.6833 0.002057
17.7 0.001935
17.7167 0.001817
17.7333 0.001703
17.75 0.001593
17.7667 0.001487
17.7833 0.001385
17.8 0.001287
17.8167 0.001193
17.8333 0.001103
17.85 0.001017
17.8667 0.0009352
17.8833 0.0008573
17.9 0.0007838
17.9167 0.0007151
17.9333 0.0006378
17.95 0.0005687
17.9667 0.0005101
17.9833 0.0004606
18.0 0.0004084
18.0167 0.0003601
18.0333 0.0003155
18.05 0.0002791
18.0667 0.0002399
18.0833 0.000206
18.1 0.0001761
18.1167 0.0001497
18.1333 0.0001266
18.15 0.0001067
18.1667 8.715e-05
18.1833 7.207e-05
18.2 5.826e-05
18.2167 4.752e-05
18.2333 3.758e-05
18.25 2.955e-05
18.2667 2.302e-05
18.2833 1.771e-05
18.3 1.346e-05
18.3167 1.009e-05
18.3333 7.427e-06
18.35 5.219e-06
18.3667 3.636e-06
18.3833 2.336e-06
18.4 1.451e-06
18.4167 8.775e-07
18.4333 5.132e-07
18.45 2.9e-07
18.4667 1.534e-07
18.4833 7.03e-08
18.5 2.603e-08
18.5167 5.984e-09
18.5333 4.95e-10
18.55 2.222e-11
18.5667 2.205e-13
18.5833 5.176e-16
18.6 3.282e-33
18.6167 0.0
18.6333 0.0
18.65 0.0
18.6667 0.0
18.6833 0.0
18.7 0.0
18.7167 0.0
18.7333 0.0
18.75 0.0
18.7667 0.0
18.7833 0.0
18.8 0.0
18.8167 0.0
18.8333 0.0
18.85 0.0
18.8667 0.0
18.8833 0.0
18.9 0.0
18.9167 0.0
18.9333 0.0
18.95 0.0
18.9667 0.0
18.9833 0.0
19.0 0.0
19.0167 0.0
19.0333 0.0
19.05 0.0
19.0667 0.0
19.0833 0.0
19.1 0.0
19.1167 0.0
19.1333 0.0
19.15 0.0
19.1667 0.0
19.1833 0.0
19.2 0.0
19.2167 0.0
19.2333 0.0
19.25 0.0
19.2667 0.0
19.2833 0.0
19.3 0.0
19.3167 0.0
19.3333 0.0
19.35 0.0
19.3667 0.0
19.3833 0.0
19.4 0.0
19.4167 0.0
19.4333 0.0
19.45 0.0
19.4667 0.0
19.4833 0.0
19.5 0.0
19.5167 0.0
19.5333 0.0
19.55 0.0
19.5667 0.0
19.5833 0.0
19.6 0.0
19.6167 0.0
19.6333 0.0
19.65 0.0
19.6667 0.0
19.6833 0.0
19.7 0.0
19.7167 0.0
19.7333 0.0
19.75 0.0
19.7667 0.0
19.7833 0.0
19.8 0.0
19.8167 0.0
19.8333 0.0
19.85 0.0
19.8667 0.0
19.8833 0.0
19.9 0.0
19.9167 0.0
19.9333 0.0
19.95 0.0
19.9667 0.0
19.9833 0.0
20.0 0.0
20.0167 0.0
20.0333 0.0
20.05 0.0
20.0667 0.0
20.0833 0.0
20.1 0.0
20.1167 0.0
20.1333 0.0
20.15 0.0
20.1667 0.0
20.1833 0.0
20.2 0.0
20.2167 0.0
20.2333 0.0
20.25 0.0
20.2667 0.0
20.2833 0.0
20.3 0.0
20.3167 0.0
20.3333 0.0
20.35 0.0
20.3667 0.0
20.3833 0.0
20.4 0.0
20.4167 0.0
20.4333 0.0
20.45 0.0
20.4667 0.0
20.4833 0.0
20.5 0.0
20.5167 0.0
20.5333 0.0
20.55 0.0
20.5667 0.0
20.5833 0.0
20.6 0.0
20.6167 0.0
20.6333 0.0
20.65 0.0
20.6667 0.0
20.6833 0.0
20.7 0.0
20.7167 0.0
20.7333 0.0
20.75 0.0
20.7667 0.0
20.7833 0.0
20.8 0.0
20.8167 0.0
20.8333 0.0
20.85 0.0
20.8667 0.0
20.8833 0.0
20.9 0.0
20.9167 0.0
20.9333 0.0
20.95 0.0
20.9667 0.0
20.9833 0.0
21.0 0.0
21.0167 0.0
21.0333 0.0
21.05 0.0
21.0667 0.0
21.0833 0.0
21.1 0.0
21.1167 0.0
21.1333 0.0
21.15 0.0
21.1667 0.0
21.1833 0.0
21.2 0.0
21.2167 0.0
21.2333 0.0
21.25 0.0
21.2667 0.0
21.2833 0.0
21.3 0.0
21.3167 0.0
21.3333 0.0
21.35 0.0
21.3667 0.0
21.3833 0.0
21.4 0.0
21.4167 0.0
21.4333 0.0
21.45 0.0
21.4667 0.0
21.4833 0.0
21.5 0.0
21.5167 0.0
21.5333 0.0
21.55 0.0
21.5667 0.0
21.5833 0.0
21.6 0.0
21.6167 0.0
21.6333 0.0
21.65 0.0
21.6667 0.0
21.6833 0.0
21.7 0.0
21.7167 0.0
21.7333 0.0
21.75 0.0
21.7667 0.0
21.7833 0.0
21.8 0.0
21.8167 0.0
21.8333 0.0
21.85 0.0
21.8667 0.0
21.8833 0.0
21.9 0.0
21.9167 0.0
21.9333 0.0
21.95 0.0
21.9667 0.0
21.9833 0.0
22.0 0.0
22.0167 0.0
22.0333 0.0
22.05 0.0
22.0667 0.0
22.0833 0.0
22.1 0.0
22.1167 0.0
22.1333 0.0
22.15 0.0
22.1667 0.0
22.1833 0.0
22.2 0.0
22.2167 0.0
22.2333 0.0
22.25 0.0
22.2667 0.0
22.2833 0.0
22.3 0.0
22.3167 0.0
22.3333 0.0
22.35 0.0
22.3667 0.0
22.3833 0.0
22.4 0.0
22.4167 0.0
22.4333 0.0
22.45 0.0
22.4667 0.0
22.4833 0.0
22.5 0.0
22.5167 0.0
22.5333 0.0
22.55 0.0
22.5667 0.0
22.5833 0.0
22.6 0.0
22.6167 0.0
22.6333 0.0
22.65 0.0
22.6667 0.0
22.6833 0.0
22.7 0.0
22.7167 0.0
22.7333 0.0
22.75 0.0
22.7667 0.0
22.7833 0.0
22.8 0.0
22.8167 0.0
22.8333 0.0
22.85 0.0
22.8667 0.0
22.8833 0.0
22.9 0.0
22.9167 0.0
22.9333 0.0
22.95 0.0
22.9667 0.0
22.9833 0.0
23.0 0.0
23.0167 0.0
23.0333 0.0
23.05 0.0
23.0667 0.0
23.0833 0.0
23.1 0.0
23.1167 0.0
23.1333 0.0
23.15 0.0
23.1667 0.0
23.1833 0.0
23.2 0.0
23.2167 0.0
23.2333 0.0
23.25 0.0
23.2667 0.0
23.2833 0.0
23.3 0.0
23.3167 0.0
23.3333 0.0
23.35 0.0
23.3667 0.0
23.3833 0.0
23.4 0.0
23.4167 0.0
23.4333 0.0
23.45 0.0
23.4667 0.0
23.4833 0.0
23.5 0.0
23.5167 0.0
23.5333 0.0
23.55 0.0
23.5667 0.0
23.5833 0.0
23.6 0.0
23.6167 0.0
23.6333 0.0
23.65 0.0
23.6667 0.0
23.6833 0.0
23.7 0.0
23.7167 0.0
23.7333 0.0
23.75 0.0
23.7667 0.0
23.7833 0.0
23.8 0.0
23.8167 0.0
23.8333 0.0
23.85 0.0
23.8667 0.0
23.8833 0.0
23.9 0.0
23.9167 0.0
23.9333 0.0
23.95 0.0
23.9667 0.0
23.9833 0.0
