0.0 0.0
0.0167 0.0
0.0333 0.0
0.05 0.0
0.0667 0.0
0.0833 0.0
0.1 0.0
0.1167 0.0
0.1333 0.0
0.15 0.0
0.1667 0.0
0.1833 0.0
0.2 0.0
0.2167 0.0
0.2333 0.0
0.25 0.0
0.2667 0.0
0.2833 0.0
0.3 0.0
0.3167 0.0
0.3333 0.0
0.35 0.0
0.3667 0.0
0.3833 0.0
0.4 0.0
0.4167 0.0
0.4333 0.0
0.45 0.0
0.4667 0.0
0.4833 0.0
0.5 0.0
0.5167 0.0
0.5333 0.0
0.55 0.0
0.5667 0.0
0.5833 0.0
0.6 0.0
0.6167 0.0
0.6333 0.0
0.65 0.0
0.6667 0.0
0.6833 0.0
0.7 0.0
0.7167 0.0
0.7333 0.0
0.75 0.0
0.7667 0.0
0.7833 0.0
0.8 0.0
0.8167 0.0
0.8333 0.0
0.85 0.0
0.8667 0.0
0.8833 0.0
0.9 0.0
0.9167 0.0
0.9333 0.0
0.95 0.0
0.9667 0.0
0.9833 0.0
1.0 0.0
1.0167 0.0
1.0333 0.0
1.05 0.0
1.0667 0.0
1.0833 0.0
1.1 0.0
1.1167 0.0
1.1333 0.0
1.15 0.0
1.1667 0.0
1.1833 0.0
1.2 0.0
1.2167 0.0
1.2333 0.0
1.25 0.0
1.2667 0.0
1.2833 0.0
1.3 0.0
1.3167 0.0
1.3333 0.0
1.35 0.0
1.3667 0.0
1.3833 0.0
1.4 0.0
1.4167 0.0
1.4333 0.0
1.45 0.0
1.4667 0.0
1.4833 0.0
1.5 0.0
1.5167 0.0
1.5333 0.0
1.55 0.0
1.5667 0.0
1.5833 0.0
1.6 0.0
1.6167 0.0
1.6333 0.0
1.65 0.0
1.6667 0.0
1.6833 0.0
1.7 0.0
1.7167 0.0
1.7333 0.0
1.75 0.0
1.7667 0.0
1.7833 0.0
1.8 0.0
1.8167 0.0
1.8333 0.0
1.85 0.0
1.8667 0.0
1.8833 0.0
1.9 0.0
1.9167 0.0
1.9333 0.0
1.95 0.0
1.9667 0.0
1.9833 0.0
2.0 0.0
2.0167 0.0
2.0333 0.0
2.05 0.0
2.0667 0.0
2.0833 0.0
2.1 0.0
2.1167 0.0
2.1333 0.0
2.15 0.0
2.1667 0.0
2.1833 0.0
2.2 0.0
2.2167 0.0
2.2333 0.0
2.25 0.0
2.2667 0.0
2.2833 0.0
2.3 0.0
2.3167 0.0
2.3333 0.0
2.35 0.0
2.3667 0.0
2.3833 0.0
2.4 0.0
2.4167 0.0
2.4333 0.0
2.45 0.0
2.4667 0.0
2.4833 0.0
2.5 0.0
2.5167 0.0
2.5333 0.0
2.55 0.0
2.5667 0.0
2.5833 0.0
2.6 0.0
2.6167 0.0
2.6333 0.0
2.65 0.0
2.6667 0.0
2.6833 0.0
2.7 0.0
2.7167 0.0
2.7333 0.0
2.75 0.0
2.7667 0.0
2.7833 0.0
2.8 0.0
2.8167 0.0
2.8333 0.0
2.85 0.0
2.8667 0.0
2.8833 0.0
2.9 0.0
2.9167 0.0
2.9333 0.0
2.95 0.0
2.9667 0.0
2.9833 0.0
3.0 0.0
3.0167 0.0
3.0333 0.0
3.05 0.0
3.0667 0.0
3.0833 0.0
3.1 0.0
3.1167 0.0
3.1333 0.0
3.15 0.0
3.1667 0.0
3.1833 0.0
3.2 0.0
3.2167 0.0
3.2333 0.0
3.25 0.0
3.2667 0.0
3.2833 0.0
3.3 0.0
3.3167 0.0
3.3333 0.0
3.35 0.0
3.3667 0.0
3.3833 0.0
3.4 0.0
3.4167 0.0
3.4333 0.0
3.45 0.0
3.4667 0.0
3.4833 0.0
3.5 0.0
3.5167 0.0
3.5333 0.0
3.55 0.0
3.5667 0.0
3.5833 0.0
3.6 0.0
3.6167 0.0
3.6333 0.0
3.65 0.0
3.6667 0.0
3.6833 0.0
3.7 0.0
3.7167 0.0
3.7333 0.0
3.75 0.0
3.7667 0.0
3.7833 0.0
3.8 0.0
3.8167 0.0
3.8333 0.0
3.85 0.0
3.8667 0.0
3.8833 0.0
3.9 0.0
3.9167 0.0
3.9333 0.0
3.95 0.0
3.9667 0.0
3.9833 0.0
4.0 0.0
4.0167 0.0
4.0333 0.0
4.05 0.0
4.0667 0.0
4.0833 0.0
4.1 0.0
4.1167 0.0
4.1333 0.0
4.15 0.0
4.1667 0.0
4.1833 0.0
4.2 0.0
4.2167 0.0
4.2333 0.0
4.25 0.0
4.2667 0.0
4.2833 0.0
4.3 0.0
4.3167 0.0
4.3333 0.0
4.35 0.0
4.3667 0.0
4.3833 0.0
4.4 0.0
4.4167 0.0
4.4333 0.0
4.45 0.0
4.4667 0.0
4.4833 0.0
4.5 0.0
4.5167 0.0
4.5333 0.0
4.55 0.0
4.5667 0.0
4.5833 0.0
4.6 0.0
4.6167 0.0
4.6333 0.0
4.65 0.0
4.6667 0.0
4.6833 0.0
4.7 0.0
4.7167 0.0
4.7333 0.0
4.75 0.0
4.7667 0.0
4.7833 0.0
4.8 0.0
4.8167 0.0
4.8333 0.0
4.85 0.0
4.8667 0.0
4.8833 0.0
4.9 0.0
4.9167 0.0
4.9333 0.0
4.95 0.0
4.9667 0.0
4.9833 0.0
5.0 0.0
5.0167 0.0
5.0333 0.0
5.05 0.0
5.0667 0.0
5.0833 0.0
5.1 0.0
5.1167 0.0
5.1333 0.0
5.15 0.0
5.1667 0.0
5.1833 0.0
5.2 0.0
5.2167 0.0
5.2333 0.0
5.25 0.0
5.2667 0.0
5.2833 0.0
5.3 0.0
5.3167 0.0
5.3333 0.0
5.35 0.0
5.3667 0.0
5.3833 0.0
5.4 0.0
5.4167 0.0
5.4333 0.0
5.45 0.0
5.4667 0.0
5.4833 0.0
5.5 0.0
5.5167 0.0
5.5333 0.0
5.55 0.0
5.5667 0.0
5.5833 0.0
5.6 0.0
5.6167 0.0
5.6333 0.0
5.65 0.0
5.6667 0.0
5.6833 0.0
5.7 0.0
5.7167 0.0
5.7333 0.0
5.75 0.0
5.7667 0.0
5.7833 0.0
5.8 0.0
5.8167 0.0
5.8333 0.0
5.85 0.0
5.8667 0.0
5.8833 0.0
5.9 0.0
5.9167 0.0
5.9333 0.0
5.95 0.0
5.9667 0.0
5.9833 0.0
6.0 0.0
6.0167 0.0
6.0333 0.0
6.05 0.0
6.0667 0.0
6.0833 0.0
6.1 0.0
6.1167 0.0
6.1333 0.0
6.15 0.0
6.1667 0.0
6.1833 0.0
6.2 0.0
6.2167 0.0
6.2333 0.0
6.25 0.0
6.2667 0.0
6.2833 0.0
6.3 0.0
6.3167 0.0
6.3333 0.0
6.35 0.0
6.3667 0.0
6.3833 0.0
6.4 0.0
6.4167 0.0
6.4333 0.0
6.45 0.0
6.4667 0.0
6.4833 0.0
6.5 0.0
6.5167 0.0
6.5333 0.0
6.55 0.0
6.5667 0.0
6.5833 0.0
6.6 0.0
6.6167 3.236e-34
6.6333 2.456e-16
6.65 1.315e-13
6.6667 1.4e-11
6.6833 4.142e-10
6.7 5.13e-09
6.7167 2.544e-08
6.7333 7.037e-08
6.75 1.564e-07
6.7667 3.03e-07
6.7833 5.45e-07
6.8 9.592e-07
6.8167 1.609e-06
6.8333 2.596e-06
6.85 4.046e-06
6.8667 5.89e-06
6.8833 8.371e-06
6.9 1.139e-05
6.9167 1.534e-05
6.9333 2.048e-05
6.95 2.676e-05
6.9667 3.418e-05
6.9833 4.303e-05
7.0 5.405e-05
7.0167 6.778e-05
7.0333 8.237e-05
7.05 0.0001016
7.0667 0.0001213
7.0833 0.0001448
7.1 0.0001722
7.1167 0.0002031
7.1333 0.0002366
7.15 0.0002738
7.1667 0.0003166
7.1833 0.0003676
7.2 0.0004102
7.2167 0.000473
7.2333 0.0005228
7.25 0.0005818
7.2667 0.0006517
7.2833 0.0007343
7.3 0.0008127
7.3167 0.0008911
7.3333 0.0009747
7.35 0.001063
7.3667 0.001156
7.3833 0.001253
7.4 0.001355
7.4167 0.001462
7.4333 0.001573
7.45 0.001688
7.4667 0.001808
7.4833 0.001932
7.5 0.002061
7.5167 0.002195
7.5333 0.002334
7.55 0.002477
7.5667 0.002625
7.5833 0.002778
7.6 0.002936
7.6167 0.003099
7.6333 0.003268
7.65 0.003441
7.6667 0.00362
7.6833 0.003805
7.7 0.003995
7.7167 0.00419
7.7333 0.004392
7.75 0.004599
7.7667 0.004812
7.7833 0.005031
7.8 0.005257
7.8167 0.005488
7.8333 0.005726
7.85 0.005971
7.8667 0.006222
7.8833 0.006479
7.9 0.006743
7.9167 0.007014
7.9333 0.007293
7.95 0.007578
7.9667 0.00787
7.9833 0.008169
8.0 0.008476
8.0167 0.008791
8.0333 0.009112
8.05 0.009442
8.0667 0.009779
8.0833 0.01012
8.1 0.01048
8.1167 0.01084
8.1333 0.01121
8.15 0.01158
8.1667 0.01197
8.1833 0.01236
8.2 0.01276
8.2167 0.01317
8.2333 0.01359
8.25 0.01402
8.2667 0.01446
8.2833 0.0149
8.3 0.01535
8.3167 0.01582
8.3333 0.01629
8.35 0.01677
8.3667 0.01726
8.3833 0.01776
8.4 0.01826
8.4167 0.01878
8.4333 0.01931
8.45 0.01984
8.4667 0.02039
8.4833 0.02094
8.5 0.02151
8.5167 0.02208
8.5333 0.02266
8.55 0.02326
8.5667 0.02386
8.5833 0.02447
8.6 0.02509
8.6167 0.02573
8.6333 0.02637
8.65 0.02702
8.6667 0.02768
8.6833 0.02835
8.7 0.02903
8.7167 0.02972
8.7333 0.03042
8.75 0.03113
8.7667 0.03185
8.7833 0.03258
8.8 0.03332
8.8167 0.03406
8.8333 0.03482
8.85 0.03559
8.8667 0.03637
8.8833 0.03716
8.9 0.03796
8.9167 0.03876
8.9333 0.03958
8.95 0.04041
8.9667 0.04124
8.9833 0.04209
9.0 0.04295
9.0167 0.04381
9.0333 0.04469
9.05 0.04557
9.0667 0.04647
9.0833 0.04737
9.1 0.04828
9.1167 0.0492
9.1333 0.05013
9.15 0.05108
9.1667 0.05202
9.1833 0.05298
9.2 0.05395
9.2167 0.05493
9.2333 0.05591
9.25 0.05691
9.2667 0.05791
9.2833 0.05892
9.3 0.05994
9.3167 0.06097
9.3333 0.06201
9.35 0.06306
9.3667 0.06411
9.3833 0.06517
9.4 0.06624
9.4167 0.06732
9.4333 0.06841
9.45 0.0695
9.4667 0.0706
9.4833 0.07171
9.5 0.07283
9.5167 0.07396
9.5333 0.07509
9.55 0.07623
9.5667 0.07738
9.5833 0.07853
9.6 0.07969
9.6167 0.08086
9.6333 0.08203
9.65 0.08321
9.6667 0.0844
9.6833 0.0856
9.7 0.0868
9.7167 0.088
9.7333 0.08922
9.75 0.09043
9.7667 0.09166
9.7833 0.09289
9.8 0.09413
9.8167 0.09537
9.8333 0.09661
9.85 0.09786
9.8667 0.09912
9.8833 0.1004
9.9 0.1016
9.9167 0.1029
9.9333 0.1042
9.95 0.1055
9.9667 0.1068
9.9833 0.108
10.0 0.1093
10.0167 0.1106
10.0333 0.1119
10.05 0.1132
10.0667 0.1145
10.0833 0.1159
10.1 0.1172
10.1167 0.1185
10.1333 0.1198
10.15 0.1211
10.1667 0.1224
10.1833 0.1238
10.2 0.1251
10.2167 0.1264
10.2333 0.1278
10.25 0.1291
10.2667 0.1304
10.2833 0.1318
10.3 0.1331
10.3167 0.1344
10.3333 0.1358
10.35 0.1371
10.3667 0.1385
10.3833 0.1398
10.4 0.1411
10.4167 0.1425
10.4333 0.1438
10.45 0.1452
10.4667 0.1465
10.4833 0.1478
10.5 0.1492
10.5167 0.1505
10.5333 0.1519
10.55 0.1532
10.5667 0.1545
10.5833 0.1559
10.6 0.1572
10.6167 0.1585
10.6333 0.1599
10.65 0.1612
10.6667 0.1625
10.6833 0.1638
10.7 0.1651
10.7167 0.1665
10.7333 0.1677
10.75 0.1691
10.7667 0.1704
10.7833 0.1717
10.8 0.173
10.8167 0.1743
10.8333 0.1756
10.85 0.1769
10.8667 0.1782
10.8833 0.1795
10.9 0.1807
10.9167 0.182
10.9333 0.1833
10.95 0.1846
10.9667 0.1858
10.9833 0.1871
11.0 0.1883
11.0167 0.1895
11.0333 0.1908
11.05 0.192
11.0667 0.1932
11.0833 0.1944
11.1 0.1957
11.1167 0.1968
11.1333 0.1981
11.15 0.1993
11.1667 0.2004
11.1833 0.2016
11.2 0.2028
11.2167 0.204
11.2333 0.2051
11.25 0.2063
11.2667 0.2074
11.2833 0.2085
11.3 0.2097
11.3167 0.2108
11.3333 0.2119
11.35 0.213
11.3667 0.2141
11.3833 0.2151
11.4 0.2162
11.4167 0.2173
11.4333 0.2183
11.45 0.2193
11.4667 0.2204
11.4833 0.2214
11.5 0.2225
11.5167 0.2235
11.5333 0.2244
11.55 0.2254
11.5667 0.2264
11.5833 0.2273
11.6 0.2284
11.6167 0.2293
11.6333 0.2302
11.65 0.2311
11.6667 0.2321
11.6833 0.233
11.7 0.2339
11.7167 0.2347
11.7333 0.2356
11.75 0.2365
11.7667 0.2373
11.7833 0.2381
11.8 0.239
11.8167 0.2398
11.8333 0.2406
11.85 0.2414
11.8667 0.2421
11.8833 0.2429
11.9 0.2437
11.9167 0.2444
11.9333 0.2451
11.95 0.2458
11.9667 0.2465
11.9833 0.2472
12.0 0.2479
12.0167 0.2484
12.0333 0.2492
12.05 0.2498
12.0667 0.2505
12.0833 0.2511
12.1 0.2516
12.1167 0.2522
12.1333 0.2528
12.15 0.2534
12.1667 0.2538
12.1833 0.2544
12.2 0.2549
12.2167 0.2554
12.2333 0.2559
12.25 0.2564
12.2667 0.2569
12.2833 0.2572
12.3 0.2577
12.3167 0.2581
12.3333 0.2586
12.35 0.2588
12.3667 0.2593
12.3833 0.2596
12.4 0.26
12.4167 0.2603
12.4333 0.2606
12.45 0.2608
12.4667 0.2612
12.4833 0.2615
12.5 0.2616
12.5167 0.262
12.5333 0.2622
12.55 0.2624
12.5667 0.2626
12.5833 0.2628
12.6 0.263
12.6167 0.2632
12.6333 0.2633
12.65 0.2634
12.6667 0.2635
12.6833 0.2636
12.7 0.2637
12.7167 0.2638
12.7333 0.2638
12.75 0.2638
12.7667 0.2639
12.7833 0.2639
12.8 0.2639
12.8167 0.2638
12.8333 0.2638
12.85 0.2637
12.8667 0.2637
12.8833 0.2636
12.9 0.2635
12.9167 0.2634
12.9333 0.2632
12.95 0.2631
12.9667 0.2629
12.9833 0.2627
13.0 0.2625
13.0167 0.2623
13.0333 0.2621
13.05 0.2618
13.0667 0.2616
13.0833 0.2614
13.1 0.2611
13.1167 0.2607
13.1333 0.2605
13.15 0.2602
13.1667 0.2598
13.1833 0.2595
13.2 0.2591
13.2167 0.2587
13.2333 0.2583
13.25 0.2579
13.2667 0.2575
13.2833 0.2571
13.3 0.2566
13.3167 0.2562
13.3333 0.2557
13.35 0.2552
13.3667 0.2547
13.3833 0.2542
13.4 0.2537
13.4167 0.2531
13.4333 0.2525
13.45 0.252
13.4667 0.2514
13.4833 0.2508
13.5 0.2502
13.5167 0.2495
13.5333 0.2488
13.55 0.2482
13.5667 0.2474
13.5833 0.2469
13.6 0.2462
13.6167 0.2454
13.6333 0.2448
13.65 0.244
13.6667 0.2432
13.6833 0.2425
13.7 0.2417
13.7167 0.241
13.7333 0.2402
13.75 0.2394
13.7667 0.2385
13.7833 0.2378
13.8 0.2369
13.8167 0.2361
13.8333 0.2352
13.85 0.2343
13.8667 0.2334
13.8833 0.2325
13.9 0.2316
13.9167 0.2306
13.9333 0.2298
13.95 0.2287
13.9667 0.2279
13.9833 0.2269
14.0 0.226
14.0167 0.225
14.0333 0.224
14.05 0.223
14.0667 0.222
14.0833 0.221
14.1 0.2198
14.1167 0.2189
14.1333 0.2178
14.15 0.2168
14.1667 0.2157
14.1833 0.2146
14.2 0.2135
14.2167 0.2125
14.2333 0.2114
14.25 0.2102
14.2667 0.2091
14.2833 0.208
14.3 0.2069
14.3167 0.2057
14.3333 0.2046
14.35 0.2034
14.3667 0.2022
14.3833 0.2011
14.4 0.1999
14.4167 0.1987
14.4333 0.1975
14.45 0.1963
14.4667 0.1951
14.4833 0.1939
14.5 0.1927
14.5167 0.1914
14.5333 0.1902
14.55 0.1889
14.5667 0.1877
14.5833 0.1865
14.6 0.1852
14.6167 0.184
14.6333 0.1827
14.65 0.1814
14.6667 0.1801
14.6833 0.1789
14.7 0.1776
14.7167 0.1762
14.7333 0.175
14.75 0.1737
14.7667 0.1724
14.7833 0.1711
14.8 0.1697
14.8167 0.1684
14.8333 0.1672
14.85 0.1659
14.8667 0.1645
14.8833 0.1632
14.9 0.1619
14.9167 0.1606
14.9333 0.1592
14.95 0.1579
14.9667 0.1565
14.9833 0.1552
15.0 0.1539
15.0167 0.1525
15.0333 0.1512
15.05 0.1499
15.0667 0.1485
15.0833 0.1472
15.1 0.1459
15.1167 0.1445
15.1333 0.1431
15.15 0.1418
15.1667 0.1405
15.1833 0.1392
15.2 0.1378
15.2167 0.1365
15.2333 0.1351
15.25 0.1338
15.2667 0.1325
15.2833 0.1311
15.3 0.1298
15.3167 0.1284
15.3333 0.1271
15.35 0.1258
15.3667 0.1245
15.3833 0.1231
15.4 0.1218
15.4167 0.1205
15.4333 0.1192
15.45 0.1178
15.4667 0.1165
15.4833 0.1152
15.5 0.1139
15.5167 0.1126
15.5333 0.1113
15.55 0.11
15.5667 0.1087
15.5833 0.1074
15.6 0.1061
15.6167 0.1049
15.6333 0.1036
15.65 0.1023
15.6667 0.101
15.6833 0.09977
15.7 0.09851
15.7167 0.09726
15.7333 0.09601
15.75 0.09477
15.7667 0.09353
15.7833 0.09229
15.8 0.09107
15.8167 0.08985
15.8333 0.08863
15.85 0.08742
15.8667 0.08622
15.8833 0.08502
15.9 0.08383
15.9167 0.08265
15.9333 0.08147
15.95 0.08029
15.9667 0.07913
15.9833 0.07797
16.0 0.07682
16.0167 0.07568
16.0333 0.07454
16.05 0.07341
16.0667 0.07229
16.0833 0.07118
16.1 0.07007
16.1167 0.06897
16.1333 0.06788
16.15 0.0668
16.1667 0.06572
16.1833 0.06466
16.2 0.0636
16.2167 0.06255
16.2333 0.0615
16.25 0.06047
16.2667 0.05945
16.2833 0.05843
16.3 0.05742
16.3167 0.05642
16.3333 0.05543
16.35 0.05445
16.3667 0.05348
16.3833 0.05252
16.4 0.05156
16.4167 0.05062
16.4333 0.04968
16.45 0.04875
16.4667 0.04784
16.4833 0.04693
16.5 0.04603
16.5167 0.04514
16.5333 0.04426
16.55 0.04339
16.5667 0.04253
16.5833 0.04168
16.6 0.04084
16.6167 0.04
16.6333 0.03918
16.65 0.03837
16.6667 0.03757
16.6833 0.03677
16.7 0.03599
16.7167 0.03521
16.7333 0.03445
16.75 0.0337
16.7667 0.03295
16.7833 0.03222
16.8 0.03149
16.8167 0.03078
16.8333 0.03008
16.85 0.02938
16.8667 0.02869
16.8833 0.02802
16.9 0.02735
16.9167 0.0267
16.9333 0.02605
16.95 0.02541
16.9667 0.02479
16.9833 0.02417
17.0 0.02356
17.0167 0.02297
17.0333 0.02238
17.05 0.0218
17.0667 0.02123
17.0833 0.02067
17.1 0.02012
17.1167 0.01958
17.1333 0.01905
17.15 0.01853
17.1667 0.01801
17.1833 0.01751
17.2 0.01701
17.2167 0.01653
17.2333 0.01605
17.25 0.01559
17.2667 0.01513
17.2833 0.01468
17.3 0.01424
17.3167 0.01381
17.3333 0.01338
17.35 0.01297
17.3667 0.01256
17.3833 0.01216
17.4 0.01178
17.4167 0.0114
17.4333 0.01102
17.45 0.01066
17.4667 0.0103
17.4833 0.009951
17.5 0.009611
17.5167 0.009277
17.5333 0.008951
17.55 0.008633
17.5667 0.008322
17.5833 0.00802
17.6 0.007724
17.6167 0.007435
17.6333 0.007153
17.65 0.006878
17.6667 0.00661
17.6833 0.00635
17.7 0.006096
17.7167 0.005848
17.7333 0.005606
17.75 0.005372
17.7667 0.005144
17.7833 0.004921
17.8 0.004705
17.8167 0.004495
17.8333 0.00429
17.85 0.004091
17.8667 0.003899
17.8833 0.003712
17.9 0.00353
17.9167 0.003354
17.9333 0.003182
17.95 0.003017
17.9667 0.002856
17.9833 0.002701
18.0 0.00255
18.0167 0.002404
18.0333 0.002263
18.05 0.002127
18.0667 0.001996
18.0833 0.001869
18.1 0.001747
18.1167 0.001629
18.1333 0.001516
18.15 0.001408
18.1667 0.001303
18.1833 0.001204
18.2 0.001108
18.2167 0.001018
18.2333 0.0009317
18.25 0.0008509
18.2667 0.0007752
18.2833 0.0006908
18.3 0.0006148
18.3167 0.0005506
18.3333 0.0004966
18.35 0.0004383
18.3667 0.000387
18.3833 0.0003374
18.4 0.0002992
18.4167 0.0002565
18.4333 0.0002196
18.45 0.0001872
18.4667 0.0001588
18.4833 0.0001342
18.5 0.0001102
18.5167 9.119e-05
18.5333 7.471e-05
18.55 6.043e-05
18.5667 4.813e-05
18.5833 3.821e-05
18.6 3.018e-05
18.6167 2.337e-05
18.6333 1.766e-05
18.65 1.319e-05
18.6667 9.752e-06
18.6833 7.095e-06
18.7 4.868e-06
18.7167 3.265e-06
18.7333 2.06e-06
18.75 1.227e-06
18.7667 7.069e-07
18.7833 3.978e-07
18.8 2.157e-07
18.8167 1.071e-07
18.8333 4.424e-08
18.85 1.225e-08
18.8667 1.609e-09
18.8833 8.43e-11
18.9 1.45e-12
18.9167 7.078e-15
18.9333 1.889e-18
18.95 0.0
18.9667 0.0
18.9833 0.0
19.0 0.0
19.0167 0.0
19.0333 0.0
19.05 0.0
19.0667 0.0
19.0833 0.0
19.1 0.0
19.1167 0.0
19.1333 0.0
19.15 0.0
19.1667 0.0
19.1833 0.0
19.2 0.0
19.2167 0.0
19.2333 0.0
19.25 0.0
19.2667 0.0
19.2833 0.0
19.3 0.0
19.3167 0.0
19.3333 0.0
19.35 0.0
19.3667 0.0
19.3833 0.0
19.4 0.0
19.4167 0.0
19.4333 0.0
19.45 0.0
19.4667 0.0
19.4833 0.0
19.5 0.0
19.5167 0.0
19.5333 0.0
19.55 0.0
19.5667 0.0
19.5833 0.0
19.6 0.0
19.6167 0.0
19.6333 0.0
19.65 0.0
19.6667 0.0
19.6833 0.0
19.7 0.0
19.7167 0.0
19.7333 0.0
19.75 0.0
19.7667 0.0
19.7833 0.0
19.8 0.0
19.8167 0.0
19.8333 0.0
19.85 0.0
19.8667 0.0
19.8833 0.0
19.9 0.0
19.9167 0.0
19.9333 0.0
19.95 0.0
19.9667 0.0
19.9833 0.0
20.0 0.0
20.0167 0.0
20.0333 0.0
20.05 0.0
20.0667 0.0
20.0833 0.0
20.1 0.0
20.1167 0.0
20.1333 0.0
20.15 0.0
20.1667 0.0
20.1833 0.0
20.2 0.0
20.2167 0.0
20.2333 0.0
20.25 0.0
20.2667 0.0
20.2833 0.0
20.3 0.0
20.3167 0.0
20.3333 0.0
20.35 0.0
20.3667 0.0
20.3833 0.0
20.4 0.0
20.4167 0.0
20.4333 0.0
20.45 0.0
20.4667 0.0
20.4833 0.0
20.5 0.0
20.5167 0.0
20.5333 0.0
20.55 0.0
20.5667 0.0
20.5833 0.0
20.6 0.0
20.6167 0.0
20.6333 0.0
20.65 0.0
20.6667 0.0
20.6833 0.0
20.7 0.0
20.7167 0.0
20.7333 0.0
20.75 0.0
20.7667 0.0
20.7833 0.0
20.8 0.0
20.8167 0.0
20.8333 0.0
20.85 0.0
20.8667 0.0
20.8833 0.0
20.9 0.0
20.9167 0.0
20.9333 0.0
20.95 0.0
20.9667 0.0
20.9833 0.0
21.0 0.0
21.0167 0.0
21.0333 0.0
21.05 0.0
21.0667 0.0
21.0833 0.0
21.1 0.0
21.1167 0.0
21.1333 0.0
21.15 0.0
21.1667 0.0
21.1833 0.0
21.2 0.0
21.2167 0.0
21.2333 0.0
21.25 0.0
21.2667 0.0
21.2833 0.0
21.3 0.0
21.3167 0.0
21.3333 0.0
21.35 0.0
21.3667 0.0
21.3833 0.0
21.4 0.0
21.4167 0.0
21.4333 0.0
21.45 0.0
21.4667 0.0
21.4833 0.0
21.5 0.0
21.5167 0.0
21.5333 0.0
21.55 0.0
21.5667 0.0
21.5833 0.0
21.6 0.0
21.6167 0.0
21.6333 0.0
21.65 0.0
21.6667 0.0
21.6833 0.0
21.7 0.0
21.7167 0.0
21.7333 0.0
21.75 0.0
21.7667 0.0
21.7833 0.0
21.8 0.0
21.8167 0.0
21.8333 0.0
21.85 0.0
21.8667 0.0
21.8833 0.0
21.9 0.0
21.9167 0.0
21.9333 0.0
21.95 0.0
21.9667 0.0
21.9833 0.0
22.0 0.0
22.0167 0.0
22.0333 0.0
22.05 0.0
22.0667 0.0
22.0833 0.0
22.1 0.0
22.1167 0.0
22.1333 0.0
22.15 0.0
22.1667 0.0
22.1833 0.0
22.2 0.0
22.2167 0.0
22.2333 0.0
22.25 0.0
22.2667 0.0
22.2833 0.0
22.3 0.0
22.3167 0.0
22.3333 0.0
22.35 0.0
22.3667 0.0
22.3833 0.0
22.4 0.0
22.4167 0.0
22.4333 0.0
22.45 0.0
22.4667 0.0
22.4833 0.0
22.5 0.0
22.5167 0.0
22.5333 0.0
22.55 0.0
22.5667 0.0
22.5833 0.0
22.6 0.0
22.6167 0.0
22.6333 0.0
22.65 0.0
22.6667 0.0
22.6833 0.0
22.7 0.0
22.7167 0.0
22.7333 0.0
22.75 0.0
22.7667 0.0
22.7833 0.0
22.8 0.0
22.8167 0.0
22.8333 0.0
22.85 0.0
22.8667 0.0
22.8833 0.0
22.9 0.0
22.9167 0.0
22.9333 0.0
22.95 0.0
22.9667 0.0
22.9833 0.0
23.0 0.0
23.0167 0.0
23.0333 0.0
23.05 0.0
23.0667 0.0
23.0833 0.0
23.1 0.0
23.1167 0.0
23.1333 0.0
23.15 0.0
23.1667 0.0
23.1833 0.0
23.2 0.0
23.2167 0.0
23.2333 0.0
23.25 0.0
23.2667 0.0
23.2833 0.0
23.3 0.0
23.3167 0.0
23.3333 0.0
23.35 0.0
23.3667 0.0
23.3833 0.0
23.4 0.0
23.4167 0.0
23.4333 0.0
23.45 0.0
23.4667 0.0
23.4833 0.0
23.5 0.0
23.5167 0.0
23.5333 0.0
23.55 0.0
23.5667 0.0
23.5833 0.0
23.6 0.0
23.6167 0.0
23.6333 0.0
23.65 0.0
23.6667 0.0
23.6833 0.0
23.7 0.0
23.7167 0.0
23.7333 0.0
23.75 0.0
23.7667 0.0
23.7833 0.0
23.8 0.0
23.8167 0.0
23.8333 0.0
23.85 0.0
23.8667 0.0
23.8833 0.0
23.9 0.0
23.9167 0.0
23.9333 0.0
23.95 0.0
23.9667 0.0
23.9833 0.0
