0.0 0.0
0.0167 0.0
0.0333 0.0
0.05 0.0
0.0667 0.0
0.0833 0.0
0.1 0.0
0.1167 0.0
0.1333 0.0
0.15 0.0
0.1667 0.0
0.1833 0.0
0.2 0.0
0.2167 0.0
0.2333 0.0
0.25 0.0
0.2667 0.0
0.2833 0.0
0.3 0.0
0.3167 0.0
0.3333 0.0
0.35 0.0
0.3667 0.0
0.3833 0.0
0.4 0.0
0.4167 0.0
0.4333 0.0
0.45 0.0
0.4667 0.0
0.4833 0.0
0.5 0.0
0.5167 0.0
0.5333 0.0
0.55 0.0
0.5667 0.0
0.5833 0.0
0.6 0.0
0.6167 0.0
0.6333 0.0
0.65 0.0
0.6667 0.0
0.6833 0.0
0.7 0.0
0.7167 0.0
0.7333 0.0
0.75 0.0
0.7667 0.0
0.7833 0.0
0.8 0.0
0.8167 0.0
0.8333 0.0
0.85 0.0
0.8667 0.0
0.8833 0.0
0.9 0.0
0.9167 0.0
0.9333 0.0
0.95 0.0
0.9667 0.0
0.9833 0.0
1.0 0.0
1.0167 0.0
1.0333 0.0
1.05 0.0
1.0667 0.0
1.0833 0.0
1.1 0.0
1.1167 0.0
1.1333 0.0
1.15 0.0
1.1667 0.0
1.1833 0.0
1.2 0.0
1.2167 0.0
1.2333 0.0
1.25 0.0
1.2667 0.0
1.2833 0.0
1.3 0.0
1.3167 0.0
1.3333 0.0
1.35 0.0
1.3667 0.0
1.3833 0.0
1.4 0.0
1.4167 0.0
1.4333 0.0
1.45 0.0
1.4667 0.0
1.4833 0.0
1.5 0.0
1.5167 0.0
1.5333 0.0
1.55 0.0
1.5667 0.0
1.5833 0.0
1.6 0.0
1.6167 0.0
1.6333 0.0
1.65 0.0
1.6667 0.0
1.6833 0.0
1.7 0.0
1.7167 0.0
1.7333 0.0
1.75 0.0
1.7667 0.0
1.7833 0.0
1.8 0.0
1.8167 0.0
1.8333 0.0
1.85 0.0
1.8667 0.0
1.8833 0.0
1.9 0.0
1.9167 0.0
1.9333 0.0
1.95 0.0
1.9667 0.0
1.9833 0.0
2.0 0.0
2.0167 0.0
2.0333 0.0
2.05 0.0
2.0667 0.0
2.0833 0.0
2.1 0.0
2.1167 0.0
2.1333 0.0
2.15 0.0
2.1667 0.0
2.1833 0.0
2.2 0.0
2.2167 0.0
2.2333 0.0
2.25 0.0
2.2667 0.0
2.2833 0.0
2.3 0.0
2.3167 0.0
2.3333 0.0
2.35 0.0
2.3667 0.0
2.3833 0.0
2.4 0.0
2.4167 0.0
2.4333 0.0
2.45 0.0
2.4667 0.0
2.4833 0.0
2.5 0.0
2.5167 0.0
2.5333 0.0
2.55 0.0
2.5667 0.0
2.5833 0.0
2.6 0.0
2.6167 0.0
2.6333 0.0
2.65 0.0
2.6667 0.0
2.6833 0.0
2.7 0.0
2.7167 0.0
2.7333 0.0
2.75 0.0
2.7667 0.0
2.7833 0.0
2.8 0.0
2.8167 0.0
2.8333 0.0
2.85 0.0
2.8667 0.0
2.8833 0.0
2.9 0.0
2.9167 0.0
2.9333 0.0
2.95 0.0
2.9667 0.0
2.9833 0.0
3.0 0.0
3.0167 0.0
3.0333 0.0
3.05 0.0
3.0667 0.0
3.0833 0.0
3.1 0.0
3.1167 0.0
3.1333 0.0
3.15 0.0
3.1667 0.0
3.1833 0.0
3.2 0.0
3.2167 0.0
3.2333 0.0
3.25 0.0
3.2667 0.0
3.2833 0.0
3.3 0.0
3.3167 0.0
3.3333 0.0
3.35 0.0
3.3667 0.0
3.3833 0.0
3.4 0.0
3.4167 0.0
3.4333 0.0
3.45 0.0
3.4667 0.0
3.4833 0.0
3.5 0.0
3.5167 0.0
3.5333 0.0
3.55 0.0
3.5667 0.0
3.5833 0.0
3.6 0.0
3.6167 0.0
3.6333 0.0
3.65 0.0
3.6667 0.0
3.6833 0.0
3.7 0.0
3.7167 0.0
3.7333 0.0
3.75 0.0
3.7667 0.0
3.7833 0.0
3.8 0.0
3.8167 0.0
3.8333 0.0
3.85 0.0
3.8667 0.0
3.8833 0.0
3.9 0.0
3.9167 0.0
3.9333 0.0
3.95 0.0
3.9667 0.0
3.9833 0.0
4.0 0.0
4.0167 0.0
4.0333 0.0
4.05 0.0
4.0667 0.0
4.0833 0.0
4.1 0.0
4.1167 0.0
4.1333 0.0
4.15 0.0
4.1667 0.0
4.1833 0.0
4.2 0.0
4.2167 0.0
4.2333 0.0
4.25 0.0
4.2667 0.0
4.2833 0.0
4.3 0.0
4.3167 0.0
4.3333 0.0
4.35 0.0
4.3667 0.0
4.3833 0.0
4.4 0.0
4.4167 0.0
4.4333 0.0
4.45 0.0
4.4667 0.0
4.4833 0.0
4.5 0.0
4.5167 0.0
4.5333 0.0
4.55 0.0
4.5667 0.0
4.5833 0.0
4.6 0.0
4.6167 0.0
4.6333 0.0
4.65 0.0
4.6667 0.0
4.6833 0.0
4.7 0.0
4.7167 0.0
4.7333 0.0
4.75 0.0
4.7667 0.0
4.7833 0.0
4.8 0.0
4.8167 0.0
4.8333 0.0
4.85 0.0
4.8667 0.0
4.8833 0.0
4.9 0.0
4.9167 0.0
4.9333 0.0
4.95 0.0
4.9667 0.0
4.9833 0.0
5.0 0.0
5.0167 0.0
5.0333 0.0
5.05 0.0
5.0667 0.0
5.0833 0.0
5.1 0.0
5.1167 0.0
5.1333 0.0
5.15 0.0
5.1667 0.0
5.1833 0.0
5.2 0.0
5.2167 0.0
5.2333 0.0
5.25 0.0
5.2667 0.0
5.2833 0.0
5.3 0.0
5.3167 0.0
5.3333 0.0
5.35 0.0
5.3667 0.0
5.3833 0.0
5.4 0.0
5.4167 0.0
5.4333 0.0
5.45 0.0
5.4667 0.0
5.4833 0.0
5.5 0.0
5.5167 0.0
5.5333 0.0
5.55 0.0
5.5667 0.0
5.5833 0.0
5.6 0.0
5.6167 0.0
5.6333 0.0
5.65 0.0
5.6667 0.0
5.6833 0.0
5.7 0.0
5.7167 0.0
5.7333 0.0
5.75 0.0
5.7667 0.0
5.7833 0.0
5.8 0.0
5.8167 0.0
5.8333 0.0
5.85 0.0
5.8667 0.0
5.8833 0.0
5.9 0.0
5.9167 0.0
5.9333 0.0
5.95 0.0
5.9667 0.0
5.9833 0.0
6.0 0.0
6.0167 3.762e-17
6.0333 4.848e-14
6.05 8.514e-12
6.0667 3.27e-10
6.0833 4.349e-09
6.1 2.392e-08
6.1167 6.791e-08
6.1333 1.53e-07
6.15 2.903e-07
6.1667 5.222e-07
6.1833 9.152e-07
6.2 1.553e-06
6.2167 2.521e-06
6.2333 3.909e-06
6.25 5.626e-06
6.2667 8.012e-06
6.2833 1.092e-05
6.3 1.479e-05
6.3167 1.978e-05
6.3333 2.579e-05
6.35 3.331e-05
6.3667 4.231e-05
6.3833 5.274e-05
6.4 6.608e-05
6.4167 8.119e-05
6.4333 9.963e-05
6.45 0.0001196
6.4667 0.0001429
6.4833 0.0001709
6.5 0.0002012
6.5167 0.0002344
6.5333 0.0002723
6.55 0.0003175
6.5667 0.0003582
6.5833 0.0004129
6.6 0.0004599
6.6167 0.0005159
6.6333 0.000583
6.65 0.0006591
6.6667 0.000727
6.6833 0.0008
6.7 0.0008776
6.7167 0.0009595
6.7333 0.001046
6.75 0.001136
6.7667 0.001231
6.7833 0.001329
6.8 0.001432
6.8167 0.001539
6.8333 0.00165
6.85 0.001766
6.8667 0.001886
6.8833 0.00201
6.9 0.002138
6.9167 0.002271
6.9333 0.002409
6.95 0.002551
6.9667 0.002698
6.9833 0.002849
7.0 0.003005
7.0167 0.003167
7.0333 0.003333
7.05 0.003505
7.0667 0.003682
7.0833 0.003864
7.1 0.004051
7.1167 0.004244
7.1333 0.004443
7.15 0.004647
7.1667 0.004857
7.1833 0.005073
7.2 0.005295
7.2167 0.005523
7.2333 0.005758
7.25 0.005998
7.2667 0.006245
7.2833 0.006499
7.3 0.006759
7.3167 0.007026
7.3333 0.007299
7.35 0.00758
7.3667 0.007867
7.3833 0.008162
7.4 0.008463
7.4167 0.008772
7.4333 0.009089
7.45 0.009413
7.4667 0.009744
7.4833 0.01008
7.5 0.01043
7.5167 0.01078
7.5333 0.01115
7.55 0.01152
7.5667 0.01189
7.5833 0.01228
7.6 0.01267
7.6167 0.01308
7.6333 0.01349
7.65 0.01391
7.6667 0.01434
7.6833 0.01477
7.7 0.01522
7.7167 0.01567
7.7333 0.01613
7.75 0.0166
7.7667 0.01709
7.7833 0.01757
7.8 0.01807
7.8167 0.01858
7.8333 0.0191
7.85 0.01962
7.8667 0.02015
7.8833 0.0207
7.9 0.02125
7.9167 0.02181
7.9333 0.02238
7.95 0.02297
7.9667 0.02356
7.9833 0.02416
8.0 0.02476
8.0167 0.02538
8.0333 0.02601
8.05 0.02665
8.0667 0.0273
8.0833 0.02795
8.1 0.02862
8.1167 0.02929
8.1333 0.02998
8.15 0.03067
8.1667 0.03138
8.1833 0.03209
8.2 0.03282
8.2167 0.03355
8.2333 0.03429
8.25 0.03505
8.2667 0.03581
8.2833 0.03658
8.3 0.03736
8.3167 0.03815
8.3333 0.03895
8.35 0.03977
8.3667 0.04059
8.3833 0.04142
8.4 0.04225
8.4167 0.0431
8.4333 0.04396
8.45 0.04483
8.4667 0.0457
8.4833 0.04659
8.5 0.04748
8.5167 0.04839
8.5333 0.0493
8.55 0.05022
8.5667 0.05115
8.5833 0.05209
8.6 0.05304
8.6167 0.054
8.6333 0.05497
8.65 0.05594
8.6667 0.05693
8.6833 0.05792
8.7 0.05892
8.7167 0.05994
8.7333 0.06096
8.75 0.06198
8.7667 0.06302
8.7833 0.06406
8.8 0.06511
8.8167 0.06618
8.8333 0.06724
8.85 0.06832
8.8667 0.0694
8.8833 0.0705
8.9 0.0716
8.9167 0.07271
8.9333 0.07382
8.95 0.07495
8.9667 0.07607
8.9833 0.07721
9.0 0.07836
9.0167 0.07951
9.0333 0.08067
9.05 0.08183
9.0667 0.083
9.0833 0.08418
9.1 0.08537
9.1167 0.08656
9.1333 0.08776
9.15 0.08896
9.1667 0.09017
9.1833 0.09139
9.2 0.09261
9.2167 0.09384
9.2333 0.09508
9.25 0.09631
9.2667 0.09756
9.2833 0.09881
9.3 0.1001
9.3167 0.1013
9.3333 0.1026
9.35 0.1039
9.3667 0.1051
9.3833 0.1064
9.4 0.1077
9.4167 0.109
9.4333 0.1103
9.45 0.1116
9.4667 0.1129
9.4833 0.1142
9.5 0.1155
9.5167 0.1168
9.5333 0.1181
9.55 0.1194
9.5667 0.1207
9.5833 0.1221
9.6 0.1234
9.6167 0.1247
9.6333 0.1261
9.65 0.1274
9.6667 0.1287
9.6833 0.1301
9.7 0.1314
9.7167 0.1328
9.7333 0.1341
9.75 0.1354
9.7667 0.1368
9.7833 0.1381
9.8 0.1395
9.8167 0.1408
9.8333 0.1422
9.85 0.1435
9.8667 0.1449
9.8833 0.1462
9.9 0.1476
9.9167 0.1489
9.9333 0.1503
9.95 0.1516
9.9667 0.153
9.9833 0.1544
10.0 0.1557
10.0167 0.1571
10.0333 0.1584
10.05 0.1598
10.0667 0.1611
10.0833 0.1624
10.1 0.1638
10.1167 0.1651
10.1333 0.1665
10.15 0.1678
10.1667 0.1691
10.1833 0.1705
10.2 0.1718
10.2167 0.1731
10.2333 0.1745
10.25 0.1758
10.2667 0.1771
10.2833 0.1784
10.3 0.1797
10.3167 0.181
10.3333 0.1823
10.35 0.1836
10.3667 0.1849
10.3833 0.1862
10.4 0.1875
10.4167 0.1888
10.4333 0.1901
10.45 0.1912
10.4667 0.1925
10.4833 0.1938
10.5 0.1951
10.5167 0.1964
10.5333 0.1976
10.55 0.1989
10.5667 0.2001
10.5833 0.2014
10.6 0.2026
10.6167 0.2038
10.6333 0.205
10.65 0.2062
10.6667 0.2074
10.6833 0.2085
10.7 0.2098
10.7167 0.211
10.7333 0.2121
10.75 0.2133
10.7667 0.2145
10.7833 0.2156
10.8 0.2167
10.8167 0.2179
10.8333 0.219
10.85 0.2201
10.8667 0.2212
10.8833 0.2223
10.9 0.2234
10.9167 0.2245
10.9333 0.2256
10.95 0.2266
10.9667 0.2276
10.9833 0.2287
11.0 0.2298
11.0167 0.2308
11.0333 0.2318
11.05 0.2328
11.0667 0.2338
11.0833 0.2348
11.1 0.2358
11.1167 0.2367
11.1333 0.2376
11.15 0.2387
11.1667 0.2396
11.1833 0.2405
11.2 0.2415
11.2167 0.2424
11.2333 0.2432
11.25 0.2441
11.2667 0.245
11.2833 0.2459
11.3 0.2467
11.3167 0.2476
11.3333 0.2484
11.35 0.2492
11.3667 0.25
11.3833 0.2508
11.4 0.2514
11.4167 0.2523
11.4333 0.2531
11.45 0.2538
11.4667 0.2544
11.4833 0.2553
11.5 0.256
11.5167 0.2565
11.5333 0.2574
11.55 0.258
11.5667 0.2587
11.5833 0.2593
11.6 0.26
11.6167 0.2606
11.6333 0.2612
11.65 0.2618
11.6667 0.2624
11.6833 0.2629
11.7 0.2635
11.7167 0.264
11.7333 0.2646
11.75 0.2651
11.7667 0.2655
11.7833 0.266
11.8 0.2665
11.8167 0.267
11.8333 0.2674
11.85 0.2678
11.8667 0.2682
11.8833 0.2687
11.9 0.269
11.9167 0.2694
11.9333 0.2698
11.95 0.2701
11.9667 0.2705
11.9833 0.2707
12.0 0.2711
12.0167 0.2714
12.0333 0.2716
12.05 0.2719
12.0667 0.2721
12.0833 0.2724
12.1 0.2726
12.1167 0.2728
12.1333 0.2728
12.15 0.2729
12.1667 0.2732
12.1833 0.2734
12.2 0.2736
12.2167 0.2737
12.2333 0.2738
12.25 0.2739
12.2667 0.2739
12.2833 0.274
12.3 0.274
12.3167 0.2741
12.3333 0.2741
12.35 0.2741
12.3667 0.2741
12.3833 0.274
12.4 0.274
12.4167 0.2739
12.4333 0.2738
12.45 0.2738
12.4667 0.2737
12.4833 0.2735
12.5 0.2734
12.5167 0.2731
12.5333 0.2727
12.55 0.2728
12.5667 0.2727
12.5833 0.2725
12.6 0.2723
12.6167 0.2721
12.6333 0.2718
12.65 0.2715
12.6667 0.2713
12.6833 0.2709
12.7 0.2707
12.7167 0.2703
12.7333 0.27
12.75 0.2697
12.7667 0.2693
12.7833 0.2689
12.8 0.2685
12.8167 0.2681
12.8333 0.2677
12.85 0.2673
12.8667 0.2668
12.8833 0.2664
12.9 0.2659
12.9167 0.2654
12.9333 0.2649
12.95 0.2644
12.9667 0.2638
12.9833 0.2633
13.0 0.2627
13.0167 0.2622
13.0333 0.2616
13.05 0.2609
13.0667 0.2604
13.0833 0.2597
13.1 0.2591
13.1167 0.2585
13.1333 0.2578
13.15 0.2572
13.1667 0.2565
13.1833 0.2558
13.2 0.2551
13.2167 0.2543
13.2333 0.2536
13.25 0.2529
13.2667 0.2521
13.2833 0.2513
13.3 0.2505
13.3167 0.2497
13.3333 0.2489
13.35 0.2481
13.3667 0.2473
13.3833 0.2464
13.4 0.2456
13.4167 0.2447
13.4333 0.2438
13.45 0.2428
13.4667 0.2421
13.4833 0.2411
13.5 0.2402
13.5167 0.2393
13.5333 0.2384
13.55 0.2374
13.5667 0.2364
13.5833 0.2355
13.6 0.2345
13.6167 0.2334
13.6333 0.2325
13.65 0.2315
13.6667 0.2305
13.6833 0.2294
13.7 0.2284
13.7167 0.2273
13.7333 0.2263
13.75 0.2252
13.7667 0.2241
13.7833 0.223
13.8 0.2219
13.8167 0.2209
13.8333 0.2197
13.85 0.2186
13.8667 0.2175
13.8833 0.2164
13.9 0.2152
13.9167 0.2141
13.9333 0.2129
13.95 0.2117
13.9667 0.2106
13.9833 0.2094
14.0 0.2082
14.0167 0.207
14.0333 0.2058
14.05 0.2046
14.0667 0.2034
14.0833 0.2022
14.1 0.2009
14.1167 0.1997
14.1333 0.1985
14.15 0.1972
14.1667 0.196
14.1833 0.1947
14.2 0.1935
14.2167 0.1922
14.2333 0.1909
14.25 0.1896
14.2667 0.1884
14.2833 0.1871
14.3 0.1858
14.3167 0.1844
14.3333 0.1832
14.35 0.1819
14.3667 0.1806
14.3833 0.1793
14.4 0.178
14.4167 0.1767
14.4333 0.1753
14.45 0.174
14.4667 0.1727
14.4833 0.1714
14.5 0.17
14.5167 0.1687
14.5333 0.1674
14.55 0.166
14.5667 0.1647
14.5833 0.1633
14.6 0.162
14.6167 0.1607
14.6333 0.1593
14.65 0.158
14.6667 0.1566
14.6833 0.1552
14.7 0.1539
14.7167 0.1526
14.7333 0.1512
14.75 0.1499
14.7667 0.1485
14.7833 0.1471
14.8 0.1458
14.8167 0.1444
14.8333 0.1431
14.85 0.1417
14.8667 0.1403
14.8833 0.139
14.9 0.1377
14.9167 0.1363
14.9333 0.135
14.95 0.1336
14.9667 0.1323
14.9833 0.131
15.0 0.1296
15.0167 0.1283
15.0333 0.127
15.05 0.1256
15.0667 0.1243
15.0833 0.123
15.1 0.1216
15.1167 0.1203
15.1333 0.119
15.15 0.1177
15.1667 0.1164
15.1833 0.115
15.2 0.1137
15.2167 0.1124
15.2333 0.1111
15.25 0.1098
15.2667 0.1086
15.2833 0.1073
15.3 0.106
15.3167 0.1047
15.3333 0.1034
15.35 0.1022
15.3667 0.1009
15.3833 0.09964
15.4 0.09839
15.4167 0.09714
15.4333 0.0959
15.45 0.09466
15.4667 0.09343
15.4833 0.0922
15.5 0.09098
15.5167 0.08977
15.5333 0.08856
15.55 0.08736
15.5667 0.08616
15.5833 0.08497
15.6 0.08379
15.6167 0.08261
15.6333 0.08144
15.65 0.08028
15.6667 0.07912
15.6833 0.07797
15.7 0.07683
15.7167 0.07569
15.7333 0.07457
15.75 0.07345
15.7667 0.07234
15.7833 0.07123
15.8 0.07013
15.8167 0.06904
15.8333 0.06796
15.85 0.06689
15.8667 0.06582
15.8833 0.06476
15.9 0.06371
15.9167 0.06267
15.9333 0.06164
15.95 0.06061
15.9667 0.0596
15.9833 0.05859
16.0 0.05759
16.0167 0.0566
16.0333 0.05562
16.05 0.05465
16.0667 0.05368
16.0833 0.05272
16.1 0.05178
16.1167 0.05084
16.1333 0.04991
16.15 0.04899
16.1667 0.04808
16.1833 0.04718
16.2 0.04629
16.2167 0.04541
16.2333 0.04454
16.25 0.04367
16.2667 0.04282
16.2833 0.04197
16.3 0.04114
16.3167 0.04031
16.3333 0.03949
16.35 0.03869
16.3667 0.03789
16.3833 0.0371
16.4 0.03632
16.4167 0.03556
16.4333 0.0348
16.45 0.03405
16.4667 0.03331
16.4833 0.03258
16.5 0.03186
16.5167 0.03114
16.5333 0.03044
16.55 0.02975
16.5667 0.02907
16.5833 0.0284
16.6 0.02773
16.6167 0.02708
16.6333 0.02644
16.65 0.0258
16.6667 0.02518
16.6833 0.02456
16.7 0.02396
16.7167 0.02336
16.7333 0.02277
16.75 0.02219
16.7667 0.02163
16.7833 0.02107
16.8 0.02052
16.8167 0.01998
16.8333 0.01944
16.85 0.01892
16.8667 0.01841
16.8833 0.01791
16.9 0.01741
16.9167 0.01693
16.9333 0.01645
16.95 0.01598
16.9667 0.01552
16.9833 0.01507
17.0 0.01463
17.0167 0.01419
17.0333 0.01377
17.05 0.01335
17.0667 0.01294
17.0833 0.01254
17.1 0.01215
17.1167 0.01177
17.1333 0.01139
17.15 0.01102
17.1667 0.01066
17.1833 0.01031
17.2 0.009969
17.2167 0.009632
17.2333 0.009304
17.25 0.008983
17.2667 0.008669
17.2833 0.008363
17.3 0.008063
17.3167 0.007771
17.3333 0.007486
17.35 0.007207
17.3667 0.006936
17.3833 0.006672
17.4 0.006413
17.4167 0.006162
17.4333 0.005917
17.45 0.005679
17.4667 0.005447
17.4833 0.005221
17.5 0.005
17.5167 0.004786
17.5333 0.004578
17.55 0.004376
17.5667 0.004179
17.5833 0.003988
17.6 0.003802
17.6167 0.003622
17.6333 0.003447
17.65 0.003277
17.6667 0.003113
17.6833 0.002953
17.7 0.002798
17.7167 0.002648
17.7333 0.002503
17.75 0.002362
17.7667 0.002226
17.7833 0.002095
17.8 0.001968
17.8167 0.001845
17.8333 0.001727
17.85 0.001613
17.8667 0.001503
17.8833 0.001397
17.9 0.001296
17.9167 0.001199
17.9333 0.001105
17.95 0.001016
17.9667 0.0009315
17.9833 0.0008511
18.0 0.000775
18.0167 0.0007037
18.0333 0.0006345
18.05 0.0005591
18.0667 0.000496
18.0833 0.0004432
18.1 0.000399
18.1167 0.0003429
18.1333 0.0003052
18.15 0.0002613
18.1667 0.0002233
18.1833 0.0001902
18.2 0.000161
18.2167 0.0001356
18.2333 0.0001137
18.25 9.263e-05
18.2667 7.597e-05
18.2833 6.114e-05
18.3 4.95e-05
18.3167 3.888e-05
18.3333 3.03e-05
18.35 2.34e-05
18.3667 1.786e-05
18.3833 1.349e-05
18.4 9.847e-06
18.4167 7.128e-06
18.4333 4.987e-06
18.45 3.392e-06
18.4667 2.152e-06
18.4833 1.307e-06
18.5 7.605e-07
18.5167 4.301e-07
18.5333 2.36e-07
18.55 1.206e-07
18.5667 4.932e-08
18.5833 1.54e-08
18.6 1.955e-09
18.6167 1.036e-10
18.6333 1.718e-12
18.65 6.339e-15
18.6667 7.929e-19
18.6833 0.0
18.7 0.0
18.7167 0.0
18.7333 0.0
18.75 0.0
18.7667 0.0
18.7833 0.0
18.8 0.0
18.8167 0.0
18.8333 0.0
18.85 0.0
18.8667 0.0
18.8833 0.0
18.9 0.0
18.9167 0.0
18.9333 0.0
18.95 0.0
18.9667 0.0
18.9833 0.0
19.0 0.0
19.0167 0.0
19.0333 0.0
19.05 0.0
19.0667 0.0
19.0833 0.0
19.1 0.0
19.1167 0.0
19.1333 0.0
19.15 0.0
19.1667 0.0
19.1833 0.0
19.2 0.0
19.2167 0.0
19.2333 0.0
19.25 0.0
19.2667 0.0
19.2833 0.0
19.3 0.0
19.3167 0.0
19.3333 0.0
19.35 0.0
19.3667 0.0
19.3833 0.0
19.4 0.0
19.4167 0.0
19.4333 0.0
19.45 0.0
19.4667 0.0
19.4833 0.0
19.5 0.0
19.5167 0.0
19.5333 0.0
19.55 0.0
19.5667 0.0
19.5833 0.0
19.6 0.0
19.6167 0.0
19.6333 0.0
19.65 0.0
19.6667 0.0
19.6833 0.0
19.7 0.0
19.7167 0.0
19.7333 0.0
19.75 0.0
19.7667 0.0
19.7833 0.0
19.8 0.0
19.8167 0.0
19.8333 0.0
19.85 0.0
19.8667 0.0
19.8833 0.0
19.9 0.0
19.9167 0.0
19.9333 0.0
19.95 0.0
19.9667 0.0
19.9833 0.0
20.0 0.0
20.0167 0.0
20.0333 0.0
20.05 0.0
20.0667 0.0
20.0833 0.0
20.1 0.0
20.1167 0.0
20.1333 0.0
20.15 0.0
20.1667 0.0
20.1833 0.0
20.2 0.0
20.2167 0.0
20.2333 0.0
20.25 0.0
20.2667 0.0
20.2833 0.0
20.3 0.0
20.3167 0.0
20.3333 0.0
20.35 0.0
20.3667 0.0
20.3833 0.0
20.4 0.0
20.4167 0.0
20.4333 0.0
20.45 0.0
20.4667 0.0
20.4833 0.0
20.5 0.0
20.5167 0.0
20.5333 0.0
20.55 0.0
20.5667 0.0
20.5833 0.0
20.6 0.0
20.6167 0.0
20.6333 0.0
20.65 0.0
20.6667 0.0
20.6833 0.0
20.7 0.0
20.7167 0.0
20.7333 0.0
20.75 0.0
20.7667 0.0
20.7833 0.0
20.8 0.0
20.8167 0.0
20.8333 0.0
20.85 0.0
20.8667 0.0
20.8833 0.0
20.9 0.0
20.9167 0.0
20.9333 0.0
20.95 0.0
20.9667 0.0
20.9833 0.0
21.0 0.0
21.0167 0.0
21.0333 0.0
21.05 0.0
21.0667 0.0
21.0833 0.0
21.1 0.0
21.1167 0.0
21.1333 0.0
21.15 0.0
21.1667 0.0
21.1833 0.0
21.2 0.0
21.2167 0.0
21.2333 0.0
21.25 0.0
21.2667 0.0
21.2833 0.0
21.3 0.0
21.3167 0.0
21.3333 0.0
21.35 0.0
21.3667 0.0
21.3833 0.0
21.4 0.0
21.4167 0.0
21.4333 0.0
21.45 0.0
21.4667 0.0
21.4833 0.0
21.5 0.0
21.5167 0.0
21.5333 0.0
21.55 0.0
21.5667 0.0
21.5833 0.0
21.6 0.0
21.6167 0.0
21.6333 0.0
21.65 0.0
21.6667 0.0
21.6833 0.0
21.7 0.0
21.7167 0.0
21.7333 0.0
21.75 0.0
21.7667 0.0
21.7833 0.0
21.8 0.0
21.8167 0.0
21.8333 0.0
21.85 0.0
21.8667 0.0
21.8833 0.0
21.9 0.0
21.9167 0.0
21.9333 0.0
21.95 0.0
21.9667 0.0
21.9833 0.0
22.0 0.0
22.0167 0.0
22.0333 0.0
22.05 0.0
22.0667 0.0
22.0833 0.0
22.1 0.0
22.1167 0.0
22.1333 0.0
22.15 0.0
22.1667 0.0
22.1833 0.0
22.2 0.0
22.2167 0.0
22.2333 0.0
22.25 0.0
22.2667 0.0
22.2833 0.0
22.3 0.0
22.3167 0.0
22.3333 0.0
22.35 0.0
22.3667 0.0
22.3833 0.0
22.4 0.0
22.4167 0.0
22.4333 0.0
22.45 0.0
22.4667 0.0
22.4833 0.0
22.5 0.0
22.5167 0.0
22.5333 0.0
22.55 0.0
22.5667 0.0
22.5833 0.0
22.6 0.0
22.6167 0.0
22.6333 0.0
22.65 0.0
22.6667 0.0
22.6833 0.0
22.7 0.0
22.7167 0.0
22.7333 0.0
22.75 0.0
22.7667 0.0
22.7833 0.0
22.8 0.0
22.8167 0.0
22.8333 0.0
22.85 0.0
22.8667 0.0
22.8833 0.0
22.9 0.0
22.9167 0.0
22.9333 0.0
22.95 0.0
22.9667 0.0
22.9833 0.0
23.0 0.0
23.0167 0.0
23.0333 0.0
23.05 0.0
23.0667 0.0
23.0833 0.0
23.1 0.0
23.1167 0.0
23.1333 0.0
23.15 0.0
23.1667 0.0
23.1833 0.0
23.2 0.0
23.2167 0.0
23.2333 0.0
23.25 0.0
23.2667 0.0
23.2833 0.0
23.3 0.0
23.3167 0.0
23.3333 0.0
23.35 0.0
23.3667 0.0
23.3833 0.0
23.4 0.0
23.4167 0.0
23.4333 0.0
23.45 0.0
23.4667 0.0
23.4833 0.0
23.5 0.0
23.5167 0.0
23.5333 0.0
23.55 0.0
23.5667 0.0
23.5833 0.0
23.6 0.0
23.6167 0.0
23.6333 0.0
23.65 0.0
23.6667 0.0
23.6833 0.0
23.7 0.0
23.7167 0.0
23.7333 0.0
23.75 0.0
23.7667 0.0
23.7833 0.0
23.8 0.0
23.8167 0.0
23.8333 0.0
23.85 0.0
23.8667 0.0
23.8833 0.0
23.9 0.0
23.9167 0.0
23.9333 0.0
23.95 0.0
23.9667 0.0
23.9833 0.0
