0 0.00000
1 0.00000
2 0.00000
3 0.00000
4 0.00000
5 0.00000
6 0.13000
7 4.21000
8 8.78000
9 18.75000
10 26.39000
11 29.44000
12 39.11000
13 37.50000
14 30.19000
15 19.69000
16 6.53000
17 3.07000
18 0.30000
19 0.00000
20 0.00000
21 0.00000
22 0.00000
23 0.00000
0 0.00000
1 0.00000
2 0.00000
3 0.00000
4 0.00000
5 0.00000
6 0.13000
7 4.21000
8 8.78000
9 18.75000
10 26.39000
11 29.44000
12 39.11000
13 37.50000
14 30.19000
15 19.69000
16 6.53000
17 3.07000
18 0.30000
19 0.00000
20 0.00000
21 0.00000
22 0.00000
23 0.00000
