0 0.00000
1 0.00000
2 0.00000
3 0.00000
4 0.00000
5 0.00000
6 0.14000
7 2.41000
8 4.71000
9 14.18000
10 31.42000
11 37.66000
12 43.11000
13 40.23000
14 32.53000
15 23.49000
16 12.79000
17 3.56000
18 0.07000
19 0.00000
20 0.00000
21 0.00000
22 0.00000
23 0.00000
0 0.00000
1 0.00000
2 0.00000
3 0.00000
4 0.00000
5 0.00000
6 0.14000
7 2.41000
8 4.71000
9 14.18000
10 31.42000
11 37.66000
12 43.11000
13 40.23000
14 32.53000
15 23.49000
16 12.79000
17 3.56000
18 0.07000
19 0.00000
20 0.00000
21 0.00000
22 0.00000
23 0.00000
