0 0.00000
1 0.00000
2 0.00000
3 0.00000
4 0.00000
5 0.00000
6 0.01000
7 1.37000
8 7.81000
9 17.02000
10 25.06000
11 31.05000
12 35.19000
13 36.29000
14 29.14000
15 19.30000
16 11.78000
17 3.35000
18 0.41000
19 0.00000
20 0.00000
21 0.00000
22 0.00000
23 0.00000
0 0.00000
1 0.00000
2 0.00000
3 0.00000
4 0.00000
5 0.00000
6 0.01000
7 1.37000
8 7.81000
9 17.02000
10 25.06000
11 31.05000
12 35.19000
13 36.29000
14 29.14000
15 19.30000
16 11.78000
17 3.35000
18 0.41000
19 0.00000
20 0.00000
21 0.00000
22 0.00000
23 0.00000
