0 0.00000
1 0.00000
2 0.00000
3 0.00000
4 0.00000
5 0.00000
6 0.00000
7 1.83000
8 8.87000
9 17.50000
10 26.27000
11 32.60000
12 34.97000
13 37.32000
14 32.56000
15 23.20000
16 12.61000
17 3.91000
18 0.12000
19 0.00000
20 0.00000
21 0.00000
22 0.00000
23 0.00000
0 0.00000
1 0.00000
2 0.00000
3 0.00000
4 0.00000
5 0.00000
6 0.00000
7 1.83000
8 8.87000
9 17.50000
10 26.27000
11 32.60000
12 34.97000
13 37.32000
14 32.56000
15 23.20000
16 12.61000
17 3.91000
18 0.12000
19 0.00000
20 0.00000
21 0.00000
22 0.00000
23 0.00000
