0 0.00000
1 0.00000
2 0.00000
3 0.00000
4 0.00000
5 0.00000
6 0.95000
7 6.98000
8 16.21000
9 22.56000
10 41.76000
11 50.80000
12 53.02000
13 50.09000
14 39.69000
15 26.88000
16 14.72000
17 6.79000
18 1.29000
19 0.00000
20 0.00000
21 0.00000
22 0.00000
23 0.00000
0 0.00000
1 0.00000
2 0.00000
3 0.00000
4 0.00000
5 0.00000
6 0.95000
7 6.98000
8 16.21000
9 22.56000
10 41.76000
11 50.80000
12 53.02000
13 50.09000
14 39.69000
15 26.88000
16 14.72000
17 6.79000
18 1.29000
19 0.00000
20 0.00000
21 0.00000
22 0.00000
23 0.00000
