0 0.00000
1 0.00000
2 0.00000
3 0.00000
4 0.00000
5 0.01000
6 1.12000
7 7.78000
8 19.15000
9 32.31000
10 43.75000
11 52.89000
12 55.33000
13 48.58000
14 44.70000
15 35.00000
16 23.95000
17 11.66000
18 3.14000
19 0.00000
20 0.00000
21 0.00000
22 0.00000
23 0.00000
0 0.00000
1 0.00000
2 0.00000
3 0.00000
4 0.00000
5 0.01000
6 1.12000
7 7.78000
8 19.15000
9 32.31000
10 43.75000
11 52.89000
12 55.33000
13 48.58000
14 44.70000
15 35.00000
16 23.95000
17 11.66000
18 3.14000
19 0.00000
20 0.00000
21 0.00000
22 0.00000
23 0.00000
