0 0.00000
1 0.00000
2 0.00000
3 0.00000
4 0.00000
5 0.00000
6 0.78000
7 7.17000
8 19.41000
9 32.66000
10 46.35000
11 40.01000
12 50.56000
13 38.19000
14 40.48000
15 38.66000
16 22.83000
17 8.55000
18 1.01000
19 0.00000
20 0.00000
21 0.00000
22 0.00000
23 0.00000
0 0.00000
1 0.00000
2 0.00000
3 0.00000
4 0.00000
5 0.00000
6 0.78000
7 7.17000
8 19.41000
9 32.66000
10 46.35000
11 40.01000
12 50.56000
13 38.19000
14 40.48000
15 38.66000
16 22.83000
17 8.55000
18 1.01000
19 0.00000
20 0.00000
21 0.00000
22 0.00000
23 0.00000
