0 0.00000
1 0.00000
2 0.00000
3 0.00000
4 0.00000
5 0.00000
6 0.19000
7 2.91000
8 8.43000
9 22.79000
10 41.11000
11 29.12000
12 28.75000
13 27.93000
14 19.35000
15 19.61000
16 14.94000
17 8.16000
18 2.20000
19 0.00000
20 0.00000
21 0.00000
22 0.00000
23 0.00000
0 0.00000
1 0.00000
2 0.00000
3 0.00000
4 0.00000
5 0.00000
6 0.19000
7 2.91000
8 8.43000
9 22.79000
10 41.11000
11 29.12000
12 28.75000
13 27.93000
14 19.35000
15 19.61000
16 14.94000
17 8.16000
18 2.20000
19 0.00000
20 0.00000
21 0.00000
22 0.00000
23 0.00000
