0 0.00000
1 0.00000
2 0.00000
3 0.00000
4 0.00000
5 0.00000
6 0.67000
7 3.94000
8 11.90000
9 18.67000
10 23.85000
11 23.96000
12 35.68000
13 26.20000
14 13.28000
15 10.13000
16 12.58000
17 6.49000
18 1.26000
19 0.00000
20 0.00000
21 0.00000
22 0.00000
23 0.00000
0 0.00000
1 0.00000
2 0.00000
3 0.00000
4 0.00000
5 0.00000
6 0.67000
7 3.94000
8 11.90000
9 18.67000
10 23.85000
11 23.96000
12 35.68000
13 26.20000
14 13.28000
15 10.13000
16 12.58000
17 6.49000
18 1.26000
19 0.00000
20 0.00000
21 0.00000
22 0.00000
23 0.00000
