0 0.00000
1 0.00000
2 0.00000
3 0.00000
4 0.00000
5 0.00000
6 0.00000
7 1.05000
8 8.01000
9 16.72000
10 26.95000
11 34.10000
12 40.08000
13 37.99000
14 31.78000
15 21.17000
16 6.56000
17 0.35000
18 0.00000
19 0.00000
20 0.00000
21 0.00000
22 0.00000
23 0.00000
0 0.00000
1 0.00000
2 0.00000
3 0.00000
4 0.00000
5 0.00000
6 0.00000
7 1.05000
8 8.01000
9 16.72000
10 26.95000
11 34.10000
12 40.08000
13 37.99000
14 31.78000
15 21.17000
16 6.56000
17 0.35000
18 0.00000
19 0.00000
20 0.00000
21 0.00000
22 0.00000
23 0.00000
