0 0.00000
1 0.00000
2 0.00000
3 0.00000
4 0.00000
5 0.00000
6 0.05000
7 2.61000
8 10.71000
9 22.81000
10 32.79000
11 42.53000
12 48.29000
13 46.05000
14 40.23000
15 30.75000
16 18.10000
17 7.36000
18 0.70000
19 0.00000
20 0.00000
21 0.00000
22 0.00000
23 0.00000
0 0.00000
1 0.00000
2 0.00000
3 0.00000
4 0.00000
5 0.00000
6 0.05000
7 2.61000
8 10.71000
9 22.81000
10 32.79000
11 42.53000
12 48.29000
13 46.05000
14 40.23000
15 30.75000
16 18.10000
17 7.36000
18 0.70000
19 0.00000
20 0.00000
21 0.00000
22 0.00000
23 0.00000
