0 0.00000
1 0.00000
2 0.00000
3 0.00000
4 0.00000
5 0.08000
6 0.79000
7 6.24000
8 15.53000
9 27.16000
10 38.42000
11 49.79000
12 51.52000
13 49.60000
14 41.06000
15 28.92000
16 19.44000
17 9.63000
18 1.65000
19 0.00000
20 0.00000
21 0.00000
22 0.00000
23 0.00000
0 0.00000
1 0.00000
2 0.00000
3 0.00000
4 0.00000
5 0.08000
6 0.79000
7 6.24000
8 15.53000
9 27.16000
10 38.42000
11 49.79000
12 51.52000
13 49.60000
14 41.06000
15 28.92000
16 19.44000
17 9.63000
18 1.65000
19 0.00000
20 0.00000
21 0.00000
22 0.00000
23 0.00000
