0 0.00000
1 0.00000
2 0.00000
3 0.00000
4 0.00000
5 0.07000
6 2.48000
7 11.63000
8 24.89000
9 37.95000
10 50.27000
11 58.10000
12 61.24000
13 59.46000
14 50.68000
15 40.95000
16 28.49000
17 14.14000
18 3.33000
19 0.00000
20 0.00000
21 0.00000
22 0.00000
23 0.00000
0 0.00000
1 0.00000
2 0.00000
3 0.00000
4 0.00000
5 0.07000
6 2.48000
7 11.63000
8 24.89000
9 37.95000
10 50.27000
11 58.10000
12 61.24000
13 59.46000
14 50.68000
15 40.95000
16 28.49000
17 14.14000
18 3.33000
19 0.00000
20 0.00000
21 0.00000
22 0.00000
23 0.00000
