0 0.00000
1 0.00000
2 0.00000
3 0.00000
4 0.00000
5 0.00000
6 0.00000
7 0.88000
8 4.25000
9 11.96000
10 24.78000
11 34.25000
12 36.35000
13 36.16000
14 27.97000
15 17.30000
16 8.27000
17 2.60000
18 0.04000
19 0.00000
20 0.00000
21 0.00000
22 0.00000
23 0.00000
0 0.00000
1 0.00000
2 0.00000
3 0.00000
4 0.00000
5 0.00000
6 0.00000
7 0.88000
8 4.25000
9 11.96000
10 24.78000
11 34.25000
12 36.35000
13 36.16000
14 27.97000
15 17.30000
16 8.27000
17 2.60000
18 0.04000
19 0.00000
20 0.00000
21 0.00000
22 0.00000
23 0.00000
