0 0.00000
1 0.00000
2 0.00000
3 0.00000
4 0.00000
5 0.00000
6 0.45000
7 4.95000
8 15.90000
9 33.58000
10 46.32000
11 50.80000
12 46.51000
13 40.91000
14 42.67000
15 11.69000
16 4.00000
17 0.92000
18 0.22000
19 0.00000
20 0.00000
21 0.00000
22 0.00000
23 0.00000
0 0.00000
1 0.00000
2 0.00000
3 0.00000
4 0.00000
5 0.00000
6 0.45000
7 4.95000
8 15.90000
9 33.58000
10 46.32000
11 50.80000
12 46.51000
13 40.91000
14 42.67000
15 11.69000
16 4.00000
17 0.92000
18 0.22000
19 0.00000
20 0.00000
21 0.00000
22 0.00000
23 0.00000
