0 0.00000
1 0.00000
2 0.00000
3 0.00000
4 0.00000
5 0.00000
6 2.10000
7 8.55000
8 16.37000
9 24.29000
10 27.69000
11 44.11000
12 49.79000
13 51.05000
14 39.99000
15 16.22000
16 7.44000
17 4.33000
18 2.38000
19 0.10000
20 0.00000
21 0.00000
22 0.00000
23 0.00000
0 0.00000
1 0.00000
2 0.00000
3 0.00000
4 0.00000
5 0.00000
6 2.10000
7 8.55000
8 16.37000
9 24.29000
10 27.69000
11 44.11000
12 49.79000
13 51.05000
14 39.99000
15 16.22000
16 7.44000
17 4.33000
18 2.38000
19 0.10000
20 0.00000
21 0.00000
22 0.00000
23 0.00000
