4.0 0.0
4.0167 0.0
4.0333 0.0
4.05 0.0
4.0667 0.0
4.0833 0.0
4.1 0.0
4.1167 0.0
4.1333 0.0
4.15 0.0
4.1667 0.0
4.1833 0.0
4.2 0.0
4.2167 0.0
4.2333 0.0
4.25 0.0
4.2667 0.0
4.2833 0.0
4.3 0.0
4.3167 0.0
4.3333 0.0
4.35 0.0
4.3667 0.0
4.3833 0.0
4.4 0.0
4.4167 0.0
4.4333 0.0
4.45 0.0
4.4667 0.0
4.4833 0.0
4.5 0.0
4.5167 0.0
4.5333 0.0
4.55 0.0
4.5667 0.0
4.5833 0.0
4.6 0.0
4.6167 0.0
4.6333 0.0
4.65 0.0
4.6667 0.0
4.6833 0.0
4.7 0.0
4.7167 0.0
4.7333 0.0
4.75 0.0
4.7667 0.0
4.7833 0.0
4.8 0.0
4.8167 0.0
4.8333 0.0
4.85 0.0
4.8667 0.0
4.8833 0.0
4.9 0.0
4.9167 0.0
4.9333 0.0
4.95 0.0
4.9667 0.0
4.9833 0.0
5.0 0.0
5.0167 0.0
5.0333 0.0
5.05 0.0
5.0667 0.0
5.0833 0.0
5.1 0.0
5.1167 0.0
5.1333 0.0
5.15 0.0
5.1667 0.0
5.1833 0.0
5.2 0.0
5.2167 0.0
5.2333 0.0
5.25 0.0
5.2667 0.0
5.2833 0.0
5.3 0.0
5.3167 0.0
5.3333 0.0
5.35 9.693e-22
5.3667 8.304e-18
5.3833 4.853e-15
5.4 1.005e-12
5.4167 8.238e-11
5.4333 2.537e-09
5.45 1.514e-08
5.4667 4.634e-08
5.4833 1.036e-07
5.5 1.976e-07
5.5167 3.525e-07
5.5333 6.023e-07
5.55 9.809e-07
5.5667 1.563e-06
5.5833 2.333e-06
5.6 3.383e-06
5.6167 4.661e-06
5.6333 6.324e-06
5.65 8.521e-06
5.6667 1.118e-05
5.6833 1.447e-05
5.7 1.831e-05
5.7167 2.302e-05
5.7333 2.893e-05
5.75 3.637e-05
5.7667 4.4e-05
5.7833 5.404e-05
5.8 6.537e-05
5.8167 7.799e-05
5.8333 9.28e-05
5.85 0.0001098
5.8667 0.0001291
5.8833 0.000151
5.9 0.0001765
5.9167 0.0002028
5.9333 0.0002305
5.95 0.0002693
5.9667 0.0002976
5.9833 0.0003312
6.0 0.0003715
6.0167 0.00042
6.0333 0.0004712
6.05 0.0005182
6.0667 0.0005686
6.0833 0.000622
6.1 0.0006785
6.1167 0.0007378
6.1333 0.0007999
6.15 0.0008649
6.1667 0.0009327
6.1833 0.001003
6.2 0.001077
6.2167 0.001153
6.2333 0.001232
6.25 0.001314
6.2667 0.001398
6.2833 0.001486
6.3 0.001576
6.3167 0.00167
6.3333 0.001766
6.35 0.001866
6.3667 0.001968
6.3833 0.002074
6.4 0.002183
6.4167 0.002295
6.4333 0.00241
6.45 0.002529
6.4667 0.002651
6.4833 0.002776
6.5 0.002905
6.5167 0.003037
6.5333 0.003173
6.55 0.003313
6.5667 0.003457
6.5833 0.003604
6.6 0.003755
6.6167 0.00391
6.6333 0.004069
6.65 0.004232
6.6667 0.0044
6.6833 0.004571
6.7 0.004747
6.7167 0.004927
6.7333 0.005112
6.75 0.005301
6.7667 0.005494
6.7833 0.005693
6.8 0.005896
6.8167 0.006104
6.8333 0.006317
6.85 0.006534
6.8667 0.006757
6.8833 0.006985
6.9 0.007218
6.9167 0.007457
6.9333 0.007701
6.95 0.00795
6.9667 0.008204
6.9833 0.008465
7.0 0.008731
7.0167 0.009002
7.0333 0.00928
7.05 0.009563
7.0667 0.009852
7.0833 0.01015
7.1 0.01045
7.1167 0.01076
7.1333 0.01107
7.15 0.01139
7.1667 0.01172
7.1833 0.01205
7.2 0.01239
7.2167 0.01274
7.2333 0.01309
7.25 0.01345
7.2667 0.01382
7.2833 0.01419
7.3 0.01457
7.3167 0.01496
7.3333 0.01535
7.35 0.01575
7.3667 0.01616
7.3833 0.01658
7.4 0.017
7.4167 0.01743
7.4333 0.01787
7.45 0.01832
7.4667 0.01877
7.4833 0.01923
7.5 0.0197
7.5167 0.02018
7.5333 0.02066
7.55 0.02116
7.5667 0.02166
7.5833 0.02217
7.6 0.02268
7.6167 0.02321
7.6333 0.02374
7.65 0.02428
7.6667 0.02483
7.6833 0.02539
7.7 0.02595
7.7167 0.02652
7.7333 0.02711
7.75 0.0277
7.7667 0.0283
7.7833 0.0289
7.8 0.02952
7.8167 0.03014
7.8333 0.03077
7.85 0.03142
7.8667 0.03207
7.8833 0.03272
7.9 0.03339
7.9167 0.03407
7.9333 0.03475
7.95 0.03544
7.9667 0.03614
7.9833 0.03686
8.0 0.03757
8.0167 0.0383
8.0333 0.03904
8.05 0.03978
8.0667 0.04054
8.0833 0.0413
8.1 0.04207
8.1167 0.04285
8.1333 0.04364
8.15 0.04444
8.1667 0.04524
8.1833 0.04606
8.2 0.04688
8.2167 0.04771
8.2333 0.04856
8.25 0.04941
8.2667 0.05026
8.2833 0.05113
8.3 0.05201
8.3167 0.05289
8.3333 0.05378
8.35 0.05468
8.3667 0.05559
8.3833 0.05651
8.4 0.05744
8.4167 0.05838
8.4333 0.05932
8.45 0.06027
8.4667 0.06123
8.4833 0.0622
8.5 0.06318
8.5167 0.06416
8.5333 0.06516
8.55 0.06616
8.5667 0.06717
8.5833 0.06818
8.6 0.06921
8.6167 0.07024
8.6333 0.07129
8.65 0.07234
8.6667 0.07339
8.6833 0.07446
8.7 0.07553
8.7167 0.07661
8.7333 0.07769
8.75 0.07878
8.7667 0.07989
8.7833 0.081
8.8 0.08212
8.8167 0.08324
8.8333 0.08438
8.85 0.08551
8.8667 0.08664
8.8833 0.08781
8.9 0.08898
8.9167 0.09014
8.9333 0.09128
8.95 0.0925
8.9667 0.09368
8.9833 0.09488
9.0 0.09607
9.0167 0.09728
9.0333 0.09848
9.05 0.09971
9.0667 0.1009
9.0833 0.1022
9.1 0.1034
9.1167 0.1046
9.1333 0.1059
9.15 0.1071
9.1667 0.1084
9.1833 0.1097
9.2 0.1109
9.2167 0.1122
9.2333 0.1135
9.25 0.1148
9.2667 0.116
9.2833 0.1173
9.3 0.1187
9.3167 0.12
9.3333 0.1212
9.35 0.1226
9.3667 0.1239
9.3833 0.1252
9.4 0.1265
9.4167 0.1279
9.4333 0.1292
9.45 0.1305
9.4667 0.1319
9.4833 0.1332
9.5 0.1346
9.5167 0.1359
9.5333 0.1373
9.55 0.1386
9.5667 0.1399
9.5833 0.1413
9.6 0.1427
9.6167 0.1441
9.6333 0.1454
9.65 0.1468
9.6667 0.1482
9.6833 0.1496
9.7 0.1509
9.7167 0.1523
9.7333 0.1537
9.75 0.1551
9.7667 0.1565
9.7833 0.1579
9.8 0.1592
9.8167 0.1606
9.8333 0.162
9.85 0.1634
9.8667 0.1648
9.8833 0.1662
9.9 0.1676
9.9167 0.169
9.9333 0.1704
9.95 0.1718
9.9667 0.1731
9.9833 0.1745
10.0 0.1759
10.0167 0.1773
10.0333 0.1787
10.05 0.1801
10.0667 0.1815
10.0833 0.1828
10.1 0.1842
10.1167 0.1856
10.1333 0.187
10.15 0.1884
10.1667 0.1898
10.1833 0.1912
10.2 0.1925
10.2167 0.1938
10.2333 0.1953
10.25 0.1966
10.2667 0.198
10.2833 0.1994
10.3 0.2007
10.3167 0.2021
10.3333 0.2034
10.35 0.2048
10.3667 0.2061
10.3833 0.2075
10.4 0.2087
10.4167 0.21
10.4333 0.2115
10.45 0.2128
10.4667 0.2142
10.4833 0.2154
10.5 0.2168
10.5167 0.2181
10.5333 0.2194
10.55 0.2207
10.5667 0.222
10.5833 0.2233
10.6 0.2246
10.6167 0.2259
10.6333 0.2271
10.65 0.2284
10.6667 0.2297
10.6833 0.231
10.7 0.2322
10.7167 0.2335
10.7333 0.2347
10.75 0.2359
10.7667 0.2372
10.7833 0.2384
10.8 0.2396
10.8167 0.2408
10.8333 0.242
10.85 0.2432
10.8667 0.2444
10.8833 0.2456
10.9 0.2467
10.9167 0.2479
10.9333 0.2491
10.95 0.2502
10.9667 0.2513
10.9833 0.2525
11.0 0.2535
11.0167 0.2547
11.0333 0.2559
11.05 0.2568
11.0667 0.258
11.0833 0.2591
11.1 0.2602
11.1167 0.2613
11.1333 0.2623
11.15 0.2634
11.1667 0.2644
11.1833 0.2654
11.2 0.2665
11.2167 0.2673
11.2333 0.2685
11.25 0.2695
11.2667 0.2705
11.2833 0.2714
11.3 0.2724
11.3167 0.2733
11.3333 0.2743
11.35 0.2752
11.3667 0.2761
11.3833 0.277
11.4 0.2778
11.4167 0.2788
11.4333 0.2796
11.45 0.2806
11.4667 0.2812
11.4833 0.2823
11.5 0.2831
11.5167 0.2839
11.5333 0.2847
11.55 0.2855
11.5667 0.2863
11.5833 0.2871
11.6 0.2879
11.6167 0.2886
11.6333 0.2894
11.65 0.2901
11.6667 0.2908
11.6833 0.2915
11.7 0.2922
11.7167 0.2929
11.7333 0.2936
11.75 0.2942
11.7667 0.2949
11.7833 0.2953
11.8 0.2961
11.8167 0.2967
11.8333 0.2973
11.85 0.2979
11.8667 0.2982
11.8833 0.299
11.9 0.2994
11.9167 0.3001
11.9333 0.3006
11.95 0.301
11.9667 0.3015
11.9833 0.3021
12.0 0.3025
12.0167 0.303
12.0333 0.3033
12.05 0.3036
12.0667 0.3042
12.0833 0.3047
12.1 0.305
12.1167 0.3054
12.1333 0.3057
12.15 0.3061
12.1667 0.3064
12.1833 0.3068
12.2 0.307
12.2167 0.3073
12.2333 0.3076
12.25 0.3079
12.2667 0.3081
12.2833 0.3082
12.3 0.3084
12.3167 0.3087
12.3333 0.309
12.35 0.3092
12.3667 0.3093
12.3833 0.3095
12.4 0.3096
12.4167 0.3097
12.4333 0.3098
12.45 0.3099
12.4667 0.31
12.4833 0.3101
12.5 0.3101
12.5167 0.3102
12.5333 0.3102
12.55 0.3102
12.5667 0.3102
12.5833 0.3102
12.6 0.3102
12.6167 0.3101
12.6333 0.31
12.65 0.31
12.6667 0.3099
12.6833 0.3098
12.7 0.3097
12.7167 0.3095
12.7333 0.3094
12.75 0.3092
12.7667 0.3091
12.7833 0.3088
12.8 0.3086
12.8167 0.3083
12.8333 0.3082
12.85 0.308
12.8667 0.3077
12.8833 0.3075
12.9 0.3071
12.9167 0.3069
12.9333 0.3066
12.95 0.3062
12.9667 0.3058
12.9833 0.3055
13.0 0.3052
13.0167 0.3048
13.0333 0.3044
13.05 0.3039
13.0667 0.3033
13.0833 0.3032
13.1 0.3027
13.1167 0.3023
13.1333 0.3017
13.15 0.3011
13.1667 0.3008
13.1833 0.3003
13.2 0.2998
13.2167 0.2991
13.2333 0.2986
13.25 0.2981
13.2667 0.2975
13.2833 0.2969
13.3 0.2963
13.3167 0.2955
13.3333 0.2951
13.35 0.2945
13.3667 0.2938
13.3833 0.2931
13.4 0.2925
13.4167 0.2917
13.4333 0.2911
13.45 0.2904
13.4667 0.2896
13.4833 0.2889
13.5 0.2882
13.5167 0.2874
13.5333 0.2866
13.55 0.2858
13.5667 0.285
13.5833 0.2842
13.6 0.2834
13.6167 0.2822
13.6333 0.2816
13.65 0.2809
13.6667 0.2799
13.6833 0.2791
13.7 0.2783
13.7167 0.2774
13.7333 0.2765
13.75 0.2756
13.7667 0.2746
13.7833 0.2737
13.8 0.2727
13.8167 0.2718
13.8333 0.2708
13.85 0.2698
13.8667 0.2688
13.8833 0.2679
13.9 0.2669
13.9167 0.2658
13.9333 0.2648
13.95 0.2638
13.9667 0.2627
13.9833 0.2617
14.0 0.2606
14.0167 0.2595
14.0333 0.2584
14.05 0.2574
14.0667 0.2563
14.0833 0.2552
14.1 0.254
14.1167 0.2529
14.1333 0.2518
14.15 0.2507
14.1667 0.2495
14.1833 0.2484
14.2 0.2472
14.2167 0.246
14.2333 0.2447
14.25 0.2437
14.2667 0.2425
14.2833 0.2413
14.3 0.2401
14.3167 0.2388
14.3333 0.2376
14.35 0.2364
14.3667 0.235
14.3833 0.2339
14.4 0.2327
14.4167 0.2312
14.4333 0.2301
14.45 0.2289
14.4667 0.2276
14.4833 0.2264
14.5 0.2251
14.5167 0.2238
14.5333 0.2225
14.55 0.2212
14.5667 0.2199
14.5833 0.2186
14.6 0.2173
14.6167 0.216
14.6333 0.2147
14.65 0.2133
14.6667 0.212
14.6833 0.2106
14.7 0.2093
14.7167 0.208
14.7333 0.2067
14.75 0.2053
14.7667 0.204
14.7833 0.2026
14.8 0.2013
14.8167 0.1999
14.8333 0.1985
14.85 0.1972
14.8667 0.1958
14.8833 0.1944
14.9 0.1931
14.9167 0.1917
14.9333 0.1903
14.95 0.1889
14.9667 0.1875
14.9833 0.1862
15.0 0.1848
15.0167 0.1834
15.0333 0.182
15.05 0.1806
15.0667 0.1792
15.0833 0.1779
15.1 0.1765
15.1167 0.1751
15.1333 0.1737
15.15 0.1723
15.1667 0.1709
15.1833 0.1695
15.2 0.1681
15.2167 0.1666
15.2333 0.1653
15.25 0.1639
15.2667 0.1626
15.2833 0.1611
15.3 0.1598
15.3167 0.1584
15.3333 0.157
15.35 0.1556
15.3667 0.1543
15.3833 0.1529
15.4 0.1514
15.4167 0.1501
15.4333 0.1487
15.45 0.1474
15.4667 0.146
15.4833 0.1446
15.5 0.1433
15.5167 0.1419
15.5333 0.1405
15.55 0.1392
15.5667 0.1378
15.5833 0.1364
15.6 0.1351
15.6167 0.1338
15.6333 0.1324
15.65 0.1311
15.6667 0.1297
15.6833 0.1283
15.7 0.1271
15.7167 0.1257
15.7333 0.1244
15.75 0.1231
15.7667 0.1218
15.7833 0.1205
15.8 0.1192
15.8167 0.1179
15.8333 0.1166
15.85 0.1153
15.8667 0.114
15.8833 0.1127
15.9 0.1115
15.9167 0.1102
15.9333 0.1089
15.95 0.1077
15.9667 0.1064
15.9833 0.1052
16.0 0.1039
16.0167 0.1027
16.0333 0.1014
16.05 0.1002
16.0667 0.09899
16.0833 0.09778
16.1 0.09656
16.1167 0.09537
16.1333 0.09418
16.15 0.09298
16.1667 0.0918
16.1833 0.0906
16.2 0.08941
16.2167 0.0883
16.2333 0.08714
16.25 0.08597
16.2667 0.08485
16.2833 0.08372
16.3 0.08259
16.3167 0.08147
16.3333 0.08035
16.35 0.07925
16.3667 0.07815
16.3833 0.07706
16.4 0.07598
16.4167 0.07491
16.4333 0.07384
16.45 0.07278
16.4667 0.07173
16.4833 0.07068
16.5 0.06965
16.5167 0.06862
16.5333 0.0676
16.55 0.06659
16.5667 0.06558
16.5833 0.06458
16.6 0.0636
16.6167 0.06262
16.6333 0.06164
16.65 0.06068
16.6667 0.05973
16.6833 0.05878
16.7 0.05784
16.7167 0.05691
16.7333 0.05599
16.75 0.05508
16.7667 0.05417
16.7833 0.05328
16.8 0.05239
16.8167 0.05151
16.8333 0.05064
16.85 0.04978
16.8667 0.04892
16.8833 0.04808
16.9 0.04724
16.9167 0.04642
16.9333 0.0456
16.95 0.04479
16.9667 0.04399
16.9833 0.0432
17.0 0.04241
17.0167 0.04164
17.0333 0.04087
17.05 0.04011
17.0667 0.03937
17.0833 0.03863
17.1 0.03789
17.1167 0.03717
17.1333 0.03646
17.15 0.03575
17.1667 0.03506
17.1833 0.03437
17.2 0.03369
17.2167 0.03302
17.2333 0.03236
17.25 0.03171
17.2667 0.03106
17.2833 0.03042
17.3 0.0298
17.3167 0.02918
17.3333 0.02857
17.35 0.02797
17.3667 0.02737
17.3833 0.02679
17.4 0.02621
17.4167 0.02564
17.4333 0.02508
17.45 0.02453
17.4667 0.02398
17.4833 0.02345
17.5 0.02292
17.5167 0.0224
17.5333 0.02189
17.55 0.02139
17.5667 0.02089
17.5833 0.0204
17.6 0.01992
17.6167 0.01945
17.6333 0.01899
17.65 0.01853
17.6667 0.01808
17.6833 0.01764
17.7 0.0172
17.7167 0.01678
17.7333 0.01636
17.75 0.01594
17.7667 0.01554
17.7833 0.01514
17.8 0.01475
17.8167 0.01437
17.8333 0.01399
17.85 0.01362
17.8667 0.01326
17.8833 0.0129
17.9 0.01255
17.9167 0.01221
17.9333 0.01188
17.95 0.01155
17.9667 0.01122
17.9833 0.01091
18.0 0.0106
18.0167 0.01029
18.0333 0.009993
18.05 0.009702
18.0667 0.009416
18.0833 0.009135
18.1 0.008861
18.1167 0.008593
18.1333 0.00833
18.15 0.008073
18.1667 0.007821
18.1833 0.007575
18.2 0.007334
18.2167 0.007098
18.2333 0.006868
18.25 0.006643
18.2667 0.006423
18.2833 0.006208
18.3 0.005998
18.3167 0.005793
18.3333 0.005592
18.35 0.005396
18.3667 0.005205
18.3833 0.005018
18.4 0.004836
18.4167 0.004658
18.4333 0.004485
18.45 0.004316
18.4667 0.004151
18.4833 0.00399
18.5 0.003833
18.5167 0.00368
18.5333 0.003531
18.55 0.003385
18.5667 0.003244
18.5833 0.003106
18.6 0.002972
18.6167 0.002842
18.6333 0.002714
18.65 0.002591
18.6667 0.002471
18.6833 0.002354
18.7 0.00224
18.7167 0.00213
18.7333 0.002023
18.75 0.001918
18.7667 0.001818
18.7833 0.00172
18.8 0.001625
18.8167 0.001533
18.8333 0.001444
18.85 0.001358
18.8667 0.001274
18.8833 0.001194
18.9 0.001117
18.9167 0.001042
18.9333 0.0009698
18.95 0.0009006
18.9667 0.0008342
18.9833 0.0007706
