7.0  0.1466
7.0167  0.1735
7.0333  0.205
7.05  0.2433
7.0667  0.2727
7.0833  0.3214
7.1  0.3565
7.1167  0.3986
7.1333  0.4491
7.15  0.5096
7.1667  0.5728
7.1833  0.63
7.2  0.691
7.2167  0.7552
7.2333  0.8223
7.25  0.8921
7.2667  0.9644
7.2833  1.039
7.3  1.116
7.3167  1.195
7.3333  1.277
7.35  1.36
7.3667  1.445
7.3833  1.532
7.4  1.621
7.4167  1.712
7.4333  1.804
7.45  1.898
7.4667  1.993
7.4833  2.09
7.5  2.189
7.5167  2.289
7.5333  2.391
7.55  2.494
7.5667  2.599
7.5833  2.705
7.6  2.813
7.6167  2.922
7.6333  3.032
7.65  3.144
7.6667  3.257
7.6833  3.372
7.7  3.488
7.7167  3.606
7.7333  3.725
7.75  3.845
7.7667  3.967
7.7833  4.091
7.8  4.216
7.8167  4.342
7.8333  4.47
7.85  4.599
7.8667  4.729
7.8833  4.861
7.9  4.995
7.9167  5.129
7.9333  5.265
7.95  5.403
7.9667  5.542
7.9833  5.682
8.0  5.742
8.0167  5.882
8.0333  6.025
8.05  6.168
8.0667  6.313
8.0833  6.459
8.1  6.606
8.1167  6.755
8.1333  6.905
8.15  7.056
8.1667  7.208
8.1833  7.361
8.2  7.516
8.2167  7.671
8.2333  7.828
8.25  7.986
8.2667  8.145
8.2833  8.305
8.3  8.466
8.3167  8.629
8.3333  8.792
8.35  8.956
8.3667  9.121
8.3833  9.287
8.4  9.454
8.4167  9.622
8.4333  9.791
8.45  9.961
8.4667  10.13
8.4833  10.3
8.5  10.47
8.5167  10.65
8.5333  10.82
8.55  11.0
8.5667  11.17
8.5833  11.35
8.6  11.52
8.6167  11.7
8.6333  11.88
8.65  12.06
8.6667  12.24
8.6833  12.42
8.7  12.6
8.7167  12.78
8.7333  12.96
8.75  13.14
8.7667  13.32
8.7833  13.51
8.8  13.69
8.8167  13.87
8.8333  14.06
8.85  14.24
8.8667  14.42
8.8833  14.61
8.9  14.8
8.9167  14.98
8.9333  15.17
8.95  15.35
8.9667  15.54
8.9833  15.73
9.0  16.3
9.0167  16.49
9.0333  16.68
9.05  16.87
9.0667  17.06
9.0833  17.25
9.1  17.44
9.1167  17.64
9.1333  17.83
9.15  18.02
9.1667  18.21
9.1833  18.4
9.2  18.59
9.2167  18.78
9.2333  18.97
9.25  19.16
9.2667  19.35
9.2833  19.54
9.3  19.73
9.3167  19.93
9.3333  20.11
9.35  20.31
9.3667  20.49
9.3833  20.68
9.4  20.87
9.4167  21.06
9.4333  21.25
9.45  21.44
9.4667  21.63
9.4833  21.82
9.5  22.0
9.5167  22.19
9.5333  22.38
9.55  22.57
9.5667  22.75
9.5833  22.94
9.6  23.12
9.6167  23.31
9.6333  23.49
9.65  23.68
9.6667  23.86
9.6833  24.05
9.7  24.23
9.7167  24.41
9.7333  24.59
9.75  24.78
9.7667  24.96
9.7833  25.14
9.8  25.32
9.8167  25.5
9.8333  25.68
9.85  25.86
9.8667  26.03
9.8833  26.21
9.9  26.39
9.9167  26.56
9.9333  26.74
9.95  26.91
9.9667  27.09
9.9833  27.26
10.0  28.8
10.0167  28.98
10.0333  29.16
10.05  29.33
10.0667  29.51
10.0833  29.68
10.1  29.86
10.1167  30.03
10.1333  30.2
10.15  30.37
10.1667  30.54
10.1833  30.71
10.2  30.88
10.2167  31.05
10.2333  31.21
10.25  31.38
10.2667  31.54
10.2833  31.71
10.3  31.87
10.3167  32.04
10.3333  32.2
10.35  32.36
10.3667  32.52
10.3833  32.68
10.4  32.84
10.4167  32.99
10.4333  33.15
10.45  33.3
10.4667  33.46
10.4833  33.61
10.5  33.77
10.5167  33.92
10.5333  34.07
10.55  34.22
10.5667  34.37
10.5833  34.51
10.6  34.66
10.6167  34.81
10.6333  34.95
10.65  35.09
10.6667  35.24
10.6833  35.38
10.7  35.52
10.7167  35.66
10.7333  35.8
10.75  35.94
10.7667  36.07
10.7833  36.21
10.8  36.34
10.8167  36.48
10.8333  36.61
10.85  36.74
10.8667  36.87
10.8833  37.0
10.9  37.13
10.9167  37.25
10.9333  37.38
10.95  37.5
10.9667  37.63
10.9833  37.75
11.0  37.72
11.0167  37.84
11.0333  37.96
11.05  38.07
11.0667  38.19
11.0833  38.31
11.1  38.42
11.1167  38.53
11.1333  38.65
11.15  38.76
11.1667  38.87
11.1833  38.98
11.2  39.08
11.2167  39.19
11.2333  39.29
11.25  39.4
11.2667  39.5
11.2833  39.6
11.3  39.7
11.3167  39.8
11.3333  39.9
11.35  40.0
11.3667  40.09
11.3833  40.18
11.4  40.28
11.4167  40.37
11.4333  40.46
11.45  40.55
11.4667  40.64
11.4833  40.72
11.5  40.81
11.5167  40.89
11.5333  40.98
11.55  41.06
11.5667  41.14
11.5833  41.22
11.6  41.3
11.6167  41.37
11.6333  41.45
11.65  41.52
11.6667  41.6
11.6833  41.67
11.7  41.74
11.7167  41.81
11.7333  41.88
11.75  41.94
11.7667  42.01
11.7833  42.07
11.8  42.14
11.8167  42.2
11.8333  42.26
11.85  42.32
11.8667  42.37
11.8833  42.43
11.9  42.48
11.9167  42.54
11.9333  42.59
11.95  42.64
11.9667  42.69
11.9833  42.74
12.0  35.52
12.0167  35.57
12.0333  35.61
12.05  35.65
12.0667  35.68
12.0833  35.72
12.1  35.76
12.1167  35.79
12.1333  35.83
12.15  35.86
12.1667  35.89
12.1833  35.92
12.2  35.95
12.2167  35.97
12.2333  36.0
12.25  36.03
12.2667  36.05
12.2833  36.07
12.3  36.09
12.3167  36.11
12.3333  36.13
12.35  36.15
12.3667  36.17
12.3833  36.18
12.4  36.2
12.4167  36.21
12.4333  36.22
12.45  36.23
12.4667  36.24
12.4833  36.25
12.5  36.25
12.5167  36.26
12.5333  36.26
12.55  36.27
12.5667  36.27
12.5833  36.27
12.6  36.27
12.6167  36.27
12.6333  36.26
12.65  36.26
12.6667  36.25
12.6833  36.25
12.7  36.24
12.7167  36.23
12.7333  36.22
12.75  36.21
12.7667  36.19
12.7833  36.18
12.8  36.16
12.8167  36.15
12.8333  36.13
12.85  36.11
12.8667  36.09
12.8833  36.07
12.9  36.04
12.9167  36.02
12.9333  35.99
12.95  35.97
12.9667  35.94
12.9833  35.91
13.0  35.96
13.0167  35.93
13.0333  35.9
13.05  35.86
13.0667  35.83
13.0833  35.79
13.1  35.76
13.1167  35.72
13.1333  35.68
13.15  35.64
13.1667  35.59
13.1833  35.55
13.2  35.5
13.2167  35.46
13.2333  35.41
13.25  35.36
13.2667  35.31
13.2833  35.26
13.3  35.21
13.3167  35.16
13.3333  35.1
13.35  35.05
13.3667  34.99
13.3833  34.93
13.4  34.88
13.4167  34.82
13.4333  34.75
13.45  34.69
13.4667  34.63
13.4833  34.56
13.5  34.5
13.5167  34.43
13.5333  34.36
13.55  34.29
13.5667  34.22
13.5833  34.15
13.6  34.08
13.6167  34.0
13.6333  33.93
13.65  33.85
13.6667  33.78
13.6833  33.7
13.7  33.62
13.7167  33.54
13.7333  33.46
13.75  33.37
13.7667  33.29
13.7833  33.2
13.8  33.12
13.8167  33.03
13.8333  32.94
13.85  32.85
13.8667  32.76
13.8833  32.67
13.9  32.58
13.9167  32.49
13.9333  32.39
13.95  32.3
13.9667  32.2
13.9833  32.1
14.0  31.92
14.0167  31.82
14.0333  31.72
14.05  31.61
14.0667  31.51
14.0833  31.41
14.1  31.3
14.1167  31.2
14.1333  31.09
14.15  30.98
14.1667  30.88
14.1833  30.77
14.2  30.66
14.2167  30.54
14.2333  30.43
14.25  30.32
14.2667  30.2
14.2833  30.09
14.3  29.97
14.3167  29.86
14.3333  29.74
14.35  29.62
14.3667  29.5
14.3833  29.38
14.4  29.26
14.4167  29.14
14.4333  29.01
14.45  28.89
14.4667  28.76
14.4833  28.64
14.5  28.51
14.5167  28.38
14.5333  28.25
14.55  28.12
14.5667  27.99
14.5833  27.86
14.6  27.73
14.6167  27.6
14.6333  27.47
14.65  27.33
14.6667  27.2
14.6833  27.06
14.7  26.93
14.7167  26.79
14.7333  26.65
14.75  26.51
14.7667  26.37
14.7833  26.23
14.8  26.09
14.8167  25.95
14.8333  25.81
14.85  25.67
14.8667  25.52
14.8833  25.38
14.9  25.23
14.9167  25.09
14.9333  24.94
14.95  24.8
14.9667  24.65
14.9833  24.5
