10.0 5.9947475192602395
10.0166664 5.8001203642024866
10.0333328 6.055479710201426
10.0499992 6.234375146655182
10.0666656 6.481327092077007
10.0833321 6.664559350732263
10.0999985 6.903429491816981
10.1166649 6.800535788529595
10.1333313 6.357600983119055
10.1499977 6.263618164978476
10.1666641 5.906004342176376
10.1833305 5.2439565882006045
10.1999969 5.166006803995019
10.2166634 4.774351081693692
10.2333298 5.813781246677778
10.2499962 5.8139005587021595
10.2666626 5.71227919842416
10.283329 5.612784796849654
10.2999954 5.312014094181179
10.3166618 5.218927439535097
10.3333282 6.202283859105504
10.3499947 5.863095163909569
10.3666611 6.3943981666504
10.3833275 5.4772215841562595
10.3999939 5.158250651437785
10.4166603 4.883355702650474
10.4333267 5.302812813161474
10.4499931 5.718262319115195
10.4666595 5.222165012307825
10.483326 5.630213538701568
10.4999924 5.271629645316864
10.5166588 5.457009670571764
10.5333252 5.942648709464702
10.5499916 6.336278864486593
10.566658 6.726341374598946
10.5833244 7.112884523717778
10.5999908 6.276211853074959
10.6166573 6.064778985729331
10.6333237 5.72317702539714
10.6499901 6.098084311141932
10.6666565 6.0132463584325135
10.6833229 6.130380861908826
10.6999893 6.74784384321059
10.7166557 7.110477926124331
10.7333221 7.470042506087099
10.7499886 7.575724246328261
10.766655 7.729843691129938
10.7833214 7.388381105302701
10.7999878 7.102538907997245
10.8166542 7.643306521163369
10.8333206 8.230453375305434
10.849987 7.814740130422967
10.8666534 7.484037934076271
10.8833199 7.631014719312587
10.8999863 8.392198185928269
10.9166527 9.7041420624788
10.9333191 10.960239786940742
10.9499855 10.962479467136223
10.9666519 10.84617737626717
10.9833183 10.849081519330541
10.9999847 10.117166159847596
11.0166512 9.516722605528551
11.0333176 9.75895007651815
11.049984 9.656570535387711
11.0666504 9.66630279092878
11.0833168 9.494263462607245
11.0999832 10.139612726516237
11.1166496 9.78484159345763
11.133316 9.391942046990396
11.1499825 8.612638807358188
11.1666489 8.99361775029991
11.1833153 9.687393663583395
11.1999817 10.311800102822263
11.2166481 10.645182358316061
11.2333145 11.090666487221025
11.2499809 11.490294722914756
11.2666473 11.863966594924772
11.2833138 12.19188568525007
11.2999802 11.614249219750624
11.3166466 10.210430928208865
11.333313 9.501809690056986
11.3499794 10.409143906939704
11.3666458 10.558519953718685
11.3833122 10.12090258606973
11.3999786 9.731959265713762
11.4166451 9.839552353931818
11.4333115 10.127809582415601
11.4499779 9.70340440531077
11.4666443 10.15170389284356
11.4833107 10.66403610061608
11.4999771 9.715657531959842
11.5166435 10.158057473193715
11.5333099 10.141091717419142
11.5499763 10.3809286936315
11.5666428 10.659948289651147
11.5833092 10.737992514838668
11.5999756 10.616572027863116
11.616642 9.285981956388547
11.6333084 8.616847856046295
11.6499748 8.230453677030914
11.6666412 7.3753142547133015
11.6833076 7.999616816404311
11.6999741 8.416601969132488
11.7166405 7.44345618621595
11.7333069 7.141201264497879
11.7499733 6.436254272446193
11.7666397 6.286186440324856
11.7833061 6.809498857508148
11.7999725 7.802316368702444
11.8166389 8.895691635751712
11.8333054 6.512733804816001
11.8499718 6.539125483152901
11.8666382 6.195834008685689
11.8833046 4.95917654632491
11.899971 6.15921902844367
11.9166374 4.176104671090139
11.9333038 4.505947101711564
11.9499702 6.919198761261044
11.9666367 5.6594585010392455
11.9833031 3.340007805656922
11.9999695 6.829099839506944
12.0166359 6.912392557349992
12.0333023 7.016206255609922
12.0499687 6.090656141082327
12.0666351 6.60262099617112
12.0833015 8.02637323456866
12.099968 7.635181454842363
12.1166344 7.115228942862053
12.1333008 7.765013610782064
12.1499672 7.678873733811571
12.1666336 8.670822127857218
12.1833 9.195217189335379
12.1999664 9.186916579692056
12.2166328 11.145538937982595
12.2332993 11.310936841797519
12.2499657 8.505467366702208
12.2666321 7.171961493958066
12.2832985 9.608668172320039
12.2999649 10.703702129269193
12.3166313 9.014291699341054
12.3332977 7.001978486777034
12.3499641 6.160856270145858
12.3666306 6.5533169489151994
12.383297 5.923261961949441
12.3999634 5.5101875428212646
12.4166298 6.055480908652087
12.4332962 6.159052270302611
12.4499626 6.389884777526494
12.466629 7.601508961190867
12.4832954 8.461362381231698
12.4999619 7.466004964790052
12.5166283 8.322558909846814
12.5332947 8.540149466033265
12.5499611 8.427830226977315
12.5666275 7.727356966277907
12.5832939 7.649655053301767
12.5999603 8.28950477800488
12.6166267 8.883595325400211
12.6332932 9.102639940525458
12.6499596 8.638373387587043
12.666626 10.984914541395645
12.6832924 10.984914541395645
12.6999588 10.984914541395645
12.7166252 11.295796654956977
12.7332916 10.675764361614615
12.749958 8.341997103716691
12.7666245 7.88416795809278
12.7832909 9.049779078949369
12.7999573 10.26144329093768
12.8166237 9.297185739761861
12.8332901 7.727356966277907
12.8499565 6.232150520177303
12.8666229 6.752811675424941
12.8832893 8.0270441992713
12.8999557 8.217287066367607
12.9166222 8.329293751239325
12.9332886 8.521179977953187
12.949955 7.256931831252186
12.9666214 5.716459437728378
12.9832878 5.897141880720377
12.9999542 8.652847016315174
13.0166206 8.256374484427093
13.033287 8.73869600982152
13.0499535 8.87728089256178
13.0666199 9.234348268871072
13.0832863 8.780108864305635
13.0999527 7.293247329722388
13.1166191 6.332573139070377
13.1332855 7.484033613678817
13.1499519 7.40515313816059
13.1666183 6.832259647918104
13.1832848 7.254227735043707
13.1999512 8.217287066367607
13.2166176 8.820136396625236
13.233284 8.012998581752141
13.2499504 8.230452114290271
13.2666168 6.9725642613655365
13.2832832 7.380423530122851
13.2999496 7.300214659569533
13.3166161 6.958704193287514
13.3332825 6.423871929660321
13.3499489 6.776808547805057
13.3666153 6.989928839780367
13.3832817 7.615051399959556
13.3999481 7.64686927466373
13.4166145 7.378560791882751
13.4332809 7.657085086830878
13.4499474 8.352899126506019
13.4666138 9.317567018313062
13.4832802 8.67640639719664
13.4999466 7.044829100949615
13.516613 7.378776055490051
13.5332794 8.589836485260012
13.5499458 9.340329727084713
13.5666122 8.864841498204276
13.5832787 9.04252955303691
13.5999451 9.64338300881504
13.6166115 8.98415096233125
13.6332779 8.293639480732788
13.6499443 7.503322630052238
13.6666107 8.691604407850887
13.6832771 8.994092117341088
13.6999435 8.773746880090734
13.71661 8.753859521847367
13.7332764 8.496086262742471
13.7499428 8.74325133239499
13.7666092 8.84725055454474
13.7832756 8.915546318257968
13.799942 7.709557729360089
13.8166084 8.369342945329485
13.8332748 6.026351118454325
13.8499413 6.258682943997005
13.8666077 8.400658038172631
13.8832741 7.838767129625869
13.8999405 7.696712637386999
13.9166069 5.594959396746439
13.9332733 6.093841589465286
13.9499397 6.273402166001459
13.9666061 6.602134680200204
13.9832726 6.454703455076535
13.999939 6.158908457662691
14.0166054 6.528117431106274
14.0332718 7.891748203730793
14.0499382 7.8745809422983575
14.0666046 7.880692802530231
14.083271 8.371722618820352
14.0999374 8.872461556340651
14.1166039 8.563956158790248
14.1332703 7.283828723222322
14.1499367 7.9352398866548715
14.1666031 9.954619607457312
14.1832695 10.180326612941997
14.1999359 10.724239956340313
14.2166023 9.848305937695173
14.2332687 9.083701385038834
14.2499352 8.65358049638909
14.2666016 9.017274958522412
14.283268 9.107080369110367
14.2999344 9.266064280602063
14.3166008 9.358915189838752
14.3332672 10.091264716771047
14.3499336 9.468106591085235
14.3666 7.443945460011285
14.3832664 8.08331837260498
14.3999329 8.457570935248134
14.4165993 9.571674239918519
14.4332657 9.852786529117147
14.4499321 9.955272040578738
14.4665985 9.644512741375104
14.4832649 9.978607091560358
14.4999313 9.431487120705032
14.5165977 9.76734407062495
14.5332642 10.49170341666999
14.5499306 10.604049422190554
14.566597 9.655899900798376
14.5832634 8.663745786626286
14.5999298 9.001141610023607
14.6165962 8.163850681637278
14.6332626 6.745770924360565
14.649929 5.390694609469084
14.6665955 4.9736231510241
14.6832619 5.228017274519944
14.6999283 5.5343134232968385
14.7165947 5.959612658033475
14.7332611 9.080110689768956
14.7499275 7.617160344283367
14.7665939 7.461708208588129
14.7832603 9.593076755882654
14.7999268 11.43846777421773
14.8165932 8.997894712020111
14.8332596 9.079315738406793
14.849926 8.92457496373279
14.8665924 8.952339778048561
14.8832588 8.762112156401326
14.8999252 8.383042848518231
14.9165916 8.627220091532799
14.9332581 8.653140429538109
14.9499245 8.26397554001945
14.9665909 8.061600511508516
14.9832573 7.799795183110817
14.9999237 8.1960350529296
15.0165901 7.93013295677102
15.0332565 8.242142800433344
15.0499229 8.656737236727908
15.0665894 8.9256183194072
15.0832558 8.956825418043971
15.0999222 8.742928333468628
15.1165886 7.766778020693269
15.133255 7.786681943697843
15.1499214 8.055681884333254
15.1665878 8.394916231360256
15.1832542 7.6344528511973655
15.1999207 7.399379746777508
15.2165871 7.996578148690231
15.2332535 7.7983112769839105
15.2499199 6.969514294274988
15.2665863 6.982145226735215
15.2832527 6.805237047273417
15.2999191 6.261152380034794
15.3165855 5.38121076369723
15.333252 6.032878867852455
15.3499184 6.07973432299501
15.3665848 5.250450420006324
15.3832512 4.686325075756047
15.3999176 4.11557611987684
15.416584 4.152370308970643
15.4332504 4.480390506002383
15.4499168 4.534349926806107
15.4665833 4.3036725151454265
15.4832497 4.7189748277139705
15.4999161 5.457662010187395
15.5165825 5.5398151086275185
15.5332489 5.944444413859296
15.5499153 6.035489050332623
15.5665817 5.119827975477125
15.5832481 4.8337789762970145
15.5999146 4.938405773862079
15.616581 5.045927701874755
15.6332474 5.581425105849417
15.6499138 4.553676173388759
15.6665802 4.673322285058753
15.6832466 4.4728796962344
15.699913 4.267877331487304
15.7165794 3.9867423453876527
15.7332458 3.785881080384754
15.7499123 3.1603265095037516
15.7665787 3.311222505208544
15.7832451 3.8411073701857554
15.7999115 4.484088715494389
15.8165779 4.696157896509997
15.8332443 4.4374558406952005
15.8499107 4.654834817725973
15.8665771 4.502280782294859
15.8832436 5.161847183826949
15.89991 4.134565754940624
15.9165764 3.985702007931432
15.9332428 4.279554067092177
15.9499092 4.058025485909388
15.9665756 3.4089783963716114
15.983242 3.294875958198721
