10 0.9184073107049608
10.016666666666667 0.9260700389105058
10.033333333333335 0.9191365979381444
10.050000000000002 0.9132522407170295
10.06666666666667 0.9083969465648855
10.083333333333337 0.9099241466498104
10.100000000000005 0.9123743718592964
10.116666666666672 0.9126092384519351
10.13333333333334 0.9084703692212226
10.150000000000007 0.9158186864014802
10.166666666666675 0.9212139791538932
10.183333333333342 0.9168190127970749
10.20000000000001 0.9103302029687973
10.216666666666677 0.9153614457831325
10.233333333333345 0.9179640718562874
10.250000000000012 0.9130693658827032
10.26666666666668 0.9156305506216695
10.283333333333347 0.9216956137768619
10.300000000000015 0.9180327868852459
10.316666666666682 0.9129548762736535
10.33333333333335 0.9180422820735592
10.350000000000017 0.925115207373272
10.366666666666685 0.9289601833285592
10.383333333333352 0.9316044457110286
10.40000000000002 0.9325205557130706
10.416666666666687 0.9340101522842639
10.433333333333355 0.9335016835016834
10.450000000000022 0.9352317141261864
10.46666666666669 0.9422222222222223
10.483333333333357 0.9408512990602542
10.500000000000025 0.932893289328933
10.516666666666692 0.9261083743842363
10.53333333333336 0.9226579520697167
10.550000000000027 0.9257251287611818
10.566666666666695 0.9314809819260859
10.583333333333362 0.9366272824919442
10.60000000000003 0.9361304115446285
10.616666666666697 0.9340250066507049
10.633333333333365 0.9319385593220338
10.650000000000032 0.9338254679673083
10.6666666666667 0.9406824146981628
10.683333333333367 0.9404233080742095
10.700000000000035 0.9401664932362124
10.716666666666702 0.9373056994818653
10.73333333333337 0.9303585246324477
10.750000000000037 0.9283329052144875
10.766666666666705 0.9332480818414323
10.783333333333372 0.9439633214467653
10.80000000000004 0.9431760527650939
10.816666666666707 0.9383527033855483
10.833333333333375 0.9355812783090085
10.850000000000042 0.9355889724310776
10.86666666666671 0.934847728407389
10.883333333333377 0.9323551355384233
10.900000000000045 0.9343571959375775
10.916666666666712 0.9429911154985192
10.93333333333338 0.9481190066388001
10.950000000000047 0.9414646093558657
10.966666666666715 0.9363103953147879
10.983333333333382 0.9394602479941648
11.00000000000005 0.9464502059607462
11.016666666666717 0.9485755673587638
11.033333333333385 0.9451527543901852
11.050000000000052 0.9436585950611364
11.06666666666672 0.94314381270903
11.083333333333387 0.9473809523809523
11.100000000000055 0.9451827242524916
11.116666666666722 0.9529328287606433
11.13333333333339 0.9622819424799622
11.150000000000057 0.9609962406015037
11.166666666666725 0.9578454332552693
11.183333333333392 0.9521363530235817
11.20000000000006 0.9501978124272749
11.216666666666727 0.9470997679814385
11.233333333333395 0.9477335800185013
11.250000000000062 0.945584505418492
11.26666666666673 0.9517241379310345
11.283333333333397 0.9587345254470429
11.300000000000065 0.9629714285714286
11.316666666666732 0.9687784867821332
11.3333333333334 0.9704545454545453
11.350000000000067 0.9694085656016314
11.366666666666735 0.9563841807909604
11.383333333333402 0.9537976109984224
11.40000000000007 0.9485277590469767
11.416666666666737 0.9435104236718224
11.433333333333405 0.9503688799463449
11.450000000000072 0.9435897435897436
11.46666666666674 0.9403914590747331
11.483333333333407 0.9576214777013534
11.500000000000075 0.9526443903518478
11.516666666666742 0.9596026490066227
11.53333333333341 0.9641048227262718
11.550000000000077 0.9507908611599296
11.566666666666745 0.9644970414201183
11.583333333333412 0.9724469713535973
11.60000000000008 0.9760034904013961
11.616666666666747 0.9745319982585983
11.633333333333415 0.9832754126846222
11.650000000000082 0.9752925877763329
11.66666666666675 0.9474480968858131
11.683333333333417 0.9561933534743202
11.700000000000085 0.9698535745047372
11.716666666666752 0.9596046411688871
11.73333333333342 0.9594681535492172
11.750000000000087 0.9616866438356166
11.766666666666755 0.9696710807347287
11.783333333333422 0.9667448305265403
11.80000000000009 0.9691489361702127
11.816666666666757 0.9689889549702635
11.833333333333425 0.9751960992156031
11.850000000000092 0.9667795175624206
11.86666666666676 0.9585973806506126
11.883333333333427 0.9552931252636019
11.900000000000095 0.9486315789473685
11.916666666666762 0.951660361496427
11.93333333333343 0.9460763743180866
11.950000000000097 0.9620863007959781
11.966666666666764 0.9874529485570892
11.983333333333432 0.9972854458133221
12.0000000000001 0.9785237698081733
12.016666666666767 0.9698105350822404
12.033333333333434 0.9646569646569646
12.050000000000102 0.9539132239983391
12.06666666666677 0.9662106135986732
12.083333333333437 0.9853032498447525
12.100000000000104 0.9921438908414307
12.116666666666772 0.9644848234565352
12.13333333333344 0.9583505154639175
12.150000000000107 0.9546952224052718
12.166666666666774 0.9518716577540107
12.183333333333442 0.9508937743990138
12.20000000000011 0.9661399548532732
12.216666666666777 0.9782742365238778
12.233333333333444 0.9656019656019657
12.250000000000112 0.9611372468807526
12.26666666666678 0.973436861463016
12.283333333333447 0.997754643804858
12.300000000000114 0.9981647634584012
12.316666666666782 0.9808514972499491
12.33333333333345 0.9706900061062487
12.350000000000117 0.9627897519316796
12.366666666666784 0.9301097114993906
12.383333333333452 0.9285424279334145
12.40000000000012 0.9464503042596351
12.416666666666787 0.9552087555735711
12.433333333333454 0.9953413003848491
12.450000000000122 0.9969641772920463
12.46666666666679 0.987864077669903
12.483333333333457 1.0155618431689573
12.500000000000124 0.9965656565656565
12.516666666666792 0.9703270084779978
12.53333333333346 0.9445117029862793
12.550000000000127 0.9177253478523897
12.566666666666794 0.9095122934300685
12.583333333333462 0.9184125705076551
12.60000000000013 0.9434152235199356
12.616666666666797 0.9583333333333334
12.633333333333464 0.964989939637827
12.650000000000132 0.9583668543845535
12.6666666666668 0.9611982308001606
12.683333333333467 0.9754773869346733
12.700000000000134 0.9813140446051839
12.716666666666802 0.9979911611088791
12.73333333333347 1.0038160273147219
12.750000000000137 1.0012048192771086
12.766666666666804 0.9953824533226259
12.783333333333472 0.9805259987954227
12.80000000000014 0.9678843837816138
12.816666666666807 0.9588518667201927
12.833333333333474 0.9608669476219146
12.850000000000142 0.9594621713827011
12.86666666666681 0.963275135460566
12.883333333333477 0.9596547571256523
12.900000000000144 0.9450020072260136
12.916666666666812 0.9419911682055397
12.93333333333348 0.9321421401325035
12.950000000000147 0.9046184738955824
12.966666666666814 0.9172524603334004
12.983333333333482 0.9479710727199679
13.00000000000015 0.9736789230460116
13.016666666666817 0.9684485530546624
13.033333333333484 0.962605548854041
13.050000000000152 0.9551578524029761
13.06666666666682 0.9386441359887348
13.083333333333487 0.9406319178909238
13.100000000000154 0.9508757801489832
13.116666666666822 0.9490433031218529
13.13333333333349 0.9542523176138654
13.150000000000157 0.9568548387096776
13.166666666666824 0.9604599556183175
13.183333333333492 0.9471241170534812
13.20000000000016 0.9537560581583198
13.216666666666827 0.9521115376843806
13.233333333333494 0.9542972699696664
13.250000000000162 0.9496155402670982
13.26666666666683 0.9408787203887427
13.283333333333497 0.9268490374873353
13.300000000000164 0.922125329547759
13.316666666666832 0.9113050537852649
13.3333333333335 0.9112329880154378
13.350000000000167 0.9251880463508845
13.366666666666834 0.9298067141403866
13.383333333333502 0.9362525458248473
13.400000000000169 0.9386465552384835
13.416666666666837 0.9318506427259744
13.433333333333504 0.9311683006535948
13.450000000000172 0.9321202208137397
13.466666666666839 0.932255423659435
13.483333333333507 0.920081967213115
13.500000000000174 0.9218461538461538
13.516666666666842 0.9293489422879442
13.533333333333509 0.9278371710526315
13.550000000000177 0.9234252778921367
13.566666666666844 0.9223000824402308
13.583333333333512 0.933759801898473
13.600000000000179 0.9373837569745815
13.616666666666847 0.9354438237119802
13.633333333333514 0.9438458350600911
13.650000000000182 0.9433609958506223
13.666666666666849 0.944733014751714
13.683333333333517 0.9390345401581355
13.700000000000184 0.9491560741821212
13.716666666666852 0.9323731997495304
13.733333333333519 0.917015050167224
13.750000000000187 0.9089195979899498
13.766666666666854 0.8957852799329
13.783333333333522 0.9069523209409787
13.800000000000189 0.9027982326951399
13.816666666666857 0.9020021074815596
13.833333333333524 0.9066919991555838
13.850000000000191 0.9132825719120133
13.866666666666859 0.9084745762711864
13.883333333333526 0.8930163447251115
13.900000000000194 0.8915355168013611
13.916666666666861 0.8996591393268002
13.933333333333529 0.9045891141942369
13.950000000000196 0.893475935828877
13.966666666666864 0.8870552936133734
13.983333333333531 0.9018681554648915
14.000000000000199 0.907036797934151
14.016666666666866 0.8988788270806382
14.033333333333534 0.9066551426101986
14.050000000000201 0.9094846253789519
14.066666666666869 0.9179687500000001
14.083333333333536 0.9310419839025452
14.100000000000204 0.9271855243078265
14.116666666666871 0.910858641031243
14.133333333333539 0.9222514235654841
14.150000000000206 0.9220636663007684
14.166666666666874 0.9181518151815182
14.183333333333541 0.9144243493603881
14.200000000000209 0.9066784608580274
14.216666666666876 0.9082243405009977
14.233333333333544 0.9204444444444445
14.250000000000211 0.9298128342245989
14.266666666666879 0.9287469287469288
14.283333333333546 0.9276595744680852
14.300000000000214 0.9249943858073209
14.316666666666881 0.9232154920063049
14.333333333333549 0.9223300970873787
14.350000000000216 0.9153271451211229
14.366666666666884 0.9118982742960944
14.383333333333551 0.9039162112932605
14.400000000000219 0.894496460379082
14.416666666666886 0.8786352186855966
14.433333333333554 0.8672485071198898
14.450000000000221 0.8742225293711128
14.466666666666889 0.8715341959334565
14.483333333333556 0.8713789107763614
14.500000000000224 0.8830504533829343
14.516666666666891 0.8759328358208953
14.533333333333559 0.8673373888628919
14.550000000000226 0.8753813658765548
14.566666666666894 0.8961619967035556
14.583333333333561 0.9154264115284668
14.600000000000229 0.8995022517184168
14.616666666666896 0.8986920332936981
14.633333333333564 0.9157517899761338
14.650000000000231 0.9113984674329503
14.666666666666899 0.9180682364247958
14.683333333333566 0.9389920424403183
14.700000000000234 0.9276379477250726
14.716666666666901 0.9084507042253522
14.733333333333569 0.8969047038752134
14.750000000000236 0.8816046966731897
14.766666666666904 0.8877701375245581
14.783333333333571 0.8947498151343356
14.800000000000239 0.8819891142998515
14.816666666666906 0.8760556383507204
14.833333333333574 0.8735976065818998
14.850000000000241 0.8760951188986232
14.866666666666909 0.8673033425483789
14.883333333333576 0.8554125662376986
14.900000000000244 0.8482391689891056
14.916666666666911 0.8562706690409565
14.933333333333579 0.8531289910600255
14.950000000000246 0.8479097204411388
14.966666666666914 0.8485316846986088
14.983333333333581 0.8440248318675633
15.000000000000249 0.8360613146271758
15.016666666666916 0.833768267223382
15.033333333333584 0.8272608125819136
15.050000000000251 0.8207423006054224
15.066666666666919 0.8122686409307245
15.083333333333586 0.8153560042507969
15.100000000000254 0.8190552441953562
15.116666666666921 0.8206434316353888
15.133333333333589 0.8152437382170752
15.150000000000256 0.8170500676589986
15.166666666666924 0.8011966276856132
15.183333333333591 0.7915300546448086
15.200000000000259 0.7973640856672157
15.216666666666926 0.8013245033112583
15.233333333333594 0.8139212423738214
15.250000000000261 0.8146599777034559
15.266666666666929 0.8134453781512604
15.283333333333596 0.8133445945945944
15.300000000000264 0.8199830172657798
15.316666666666931 0.802275960170697
15.333333333333599 0.7866742922505005
15.350000000000266 0.7714203565267395
15.366666666666934 0.7612026597282451
15.383333333333601 0.7651845393780878
15.400000000000269 0.7703097603740503
15.416666666666936 0.7737290625918306
15.433333333333604 0.7836879432624113
15.450000000000271 0.7925705794947994
15.466666666666939 0.8027495517035266
15.483333333333606 0.8109407874962428
15.500000000000274 0.8191714544904748
15.516666666666941 0.8217761557177615
15.533333333333609 0.8182930559804222
15.550000000000276 0.8162511542012928
15.566666666666944 0.8151702786377709
15.583333333333611 0.8059190031152648
15.600000000000279 0.8075235109717869
15.616666666666946 0.8073163040050457
15.633333333333614 0.8064106632814979
15.650000000000281 0.801980198019802
15.666666666666949 0.7862423657987786
15.683333333333616 0.7800064703979295
15.700000000000284 0.769130576359492
15.716666666666951 0.7551622418879055
15.733333333333618 0.6848184818481848
15.750000000000286 0.6043189368770763
15.766666666666953 0.6250836120401339
15.783333333333621 0.6359043448972718
15.800000000000288 0.6273312987453374
15.816666666666956 0.6318306010928961
15.833333333333623 0.7465612104539202
15.850000000000291 0.7703498441288535
15.866666666666958 0.7743285664457622
15.883333333333626 0.7909346451159521
15.900000000000293 0.80070796460177
15.916666666666961 0.8027817403708987
15.933333333333628 0.8020122170319799
15.950000000000296 0.8117987694534926
15.966666666666963 0.8110867979576951
15.983333333333631 0.8048511576626239
