10.0 8.406433058826437
10.0166664 8.437643877661056
10.0333328 8.609061540109646
10.0499992 8.476790325313686
10.0666656 8.29405293087453
10.0833321 7.937373971503213
10.0999985 8.334613202669672
10.1166649 7.901230547782462
10.1333313 8.291888320681712
10.1499977 8.200027739033313
10.1666641 8.180177454817883
10.1833305 8.260389533245593
10.1999969 8.389032052797278
10.2166634 8.220627149835922
10.2333298 7.794231027898911
10.2499962 7.92232161521256
10.2666626 8.383972441659845
10.283329 8.698314376031572
10.2999954 7.732729513167157
10.3166618 7.717952059212166
10.3333282 7.795496139776273
10.3499947 8.055509286693153
10.3666611 8.221296055138403
10.3833275 7.75103479987546
10.3999939 8.095334629000714
10.4166603 8.752255185190197
10.4333267 8.2126608999306
10.4499931 8.06292442680973
10.4666595 8.177870677537431
10.483326 8.091250493722264
10.4999924 8.074967314628866
10.5166588 8.0589266750581
10.5333252 8.384212219902698
10.5499916 8.171148501016408
10.566658 8.238864080314531
10.5833244 8.280669066261485
10.5999908 8.280361591166667
10.6166573 7.975014730720387
10.6333237 7.650718352495621
10.6499901 8.30394002539773
10.6666565 7.818378373345612
10.6833229 8.005301829224267
10.6999893 8.126418920197873
10.7166557 8.246377422368935
10.7333221 8.301784074089696
10.7499886 8.736792017983337
10.766655 8.576035419472412
10.7833214 8.300556316162867
10.7999878 8.49423321941656
10.8166542 8.33829229076002
10.8333206 8.353087751195426
10.849987 8.581796211799347
10.8666534 8.026311189863634
10.8833199 8.532768554681205
10.8999863 8.644261312294208
10.9166527 8.282681236749621
10.9333191 7.853288944363096
10.9499855 8.496955179267523
10.9666519 8.658355629351886
10.9833183 8.23045063812791
10.9999847 7.809998021730068
11.0166512 8.150843385231083
11.0333176 8.360413804779931
11.049984 7.944126672973035
11.0666504 8.387824696434464
11.0833168 8.558637294962027
11.0999832 9.072321695865181
11.1166496 8.598291518548695
11.133316 8.30773127824185
11.1499825 8.34949722007243
11.1666489 8.502681193029387
11.1833153 8.648323751147016
11.1999817 8.590751821672558
11.2166481 8.444088725793403
11.2333145 8.588010967820148
11.2499809 8.95885867190944
11.2666473 8.811415484060273
11.2833138 9.125253605869252
11.2999802 9.060372255179276
11.3166466 9.426963192775538
11.333313 9.601145021970545
11.3499794 9.98113744798334
11.3666458 8.86729311928304
11.3833122 8.67682608633583
11.3999786 8.68196618674658
11.4166451 9.254881870858824
11.4333115 9.574182850620556
11.4499779 9.946701015123821
11.4666443 10.266009977463261
11.4833107 9.708719549732624
11.4999771 9.624423991367102
11.5166435 9.640300942546455
11.5333099 9.457671531812599
11.5499763 9.440962855065559
11.5666428 9.339676327596687
11.5833092 9.782629850985536
11.5999756 9.910499480751886
11.616642 10.3872648256406
11.6333084 10.846722671273552
11.6499748 10.245243751162866
11.6666412 9.329365483919519
11.6833076 8.859072237584417
11.6999741 8.953253875764341
11.7166405 9.20686641402486
11.7333069 8.759633116042776
11.7499733 8.96122247084433
11.7666397 9.32190247980969
11.7833061 9.52378561099539
11.7999725 10.046417333541072
11.8166389 10.248898186626704
11.8333054 10.613039145066782
11.8499718 9.501541428392837
11.8666382 9.07089149872079
11.8833046 9.377593478379852
11.899971 9.212670698683961
11.9166374 8.75568952209981
11.9333038 9.215773035155548
11.9499702 9.976105370149117
11.9666367 10.44382631014804
11.9833031 10.59388885999491
11.9999695 11.258134670306797
12.0166359 10.365796579590638
12.0333023 9.694944197293559
12.0499687 9.57485295959143
12.0666351 10.049757160153632
12.0833015 10.654909011940502
12.099968 10.849881444272327
12.1166344 10.47311968459726
12.1333008 10.18928923151094
12.1499672 9.867131614143744
12.1666336 9.867131614143744
12.1833 9.00504744536608
12.1999664 8.4123484130085
12.2166328 8.631079136143285
12.2332993 8.631079136143285
12.2499657 8.375727176177351
12.2666321 8.091656212112158
12.2832985 8.72820270130296
12.2999649 9.033962551419101
12.3166313 9.187488266078937
12.3332977 9.34144693537686
12.3499641 9.033962551419101
12.3666306 9.34144693537686
12.383297 9.681689061625551
12.3999634 9.83704556171285
12.4166298 11.127764641113886
12.4332962 12.073915668597508
12.4499626 11.18783817436479
12.466629 10.31488775412069
12.4832954 9.14610373221668
12.4999619 8.589087672305796
12.5166283 8.085170307202928
12.5332947 8.491835030336816
12.5499611 8.242591188441635
12.5666275 8.345944882658445
12.5832939 8.096905597896844
12.5999603 8.200054248687689
12.6166267 8.054171395395127
12.6332932 7.956911459040337
12.6499596 8.011309713328469
12.666626 8.065861646645061
12.6832924 8.254911261768878
12.6999588 7.974067465680323
12.7166252 7.729888339642741
12.7332916 7.632224307479318
12.749958 8.021961198094926
12.7666245 8.936701783305393
12.7832909 9.100271868626363
12.7999573 8.639333822098328
12.8166237 8.646121398259936
12.8332901 8.759314899520191
12.8499565 8.404411462980702
12.8666229 7.895910201950157
12.8832893 8.006780495754269
12.8999557 8.274131514589158
12.9166222 8.732678429728479
12.9332886 8.374634868985149
12.949955 7.9174622819087
12.9666214 8.39415233573748
12.9832878 9.608855114780738
12.9999542 11.537575912865936
13.0166206 12.642227026838917
13.033287 13.43202426960901
13.0499535 12.832270838742991
13.0666199 13.576458713907504
13.0832863 12.261097574159253
13.0999527 12.117644670679745
13.1166191 12.31153939574845
13.1332855 13.280540992978606
13.1499519 14.217665821621758
13.1666183 13.721947845770256
13.1832848 11.479980399397476
13.1999512 12.33711119970271
13.2166176 13.848880300495567
13.233284 15.299959598140708
13.2499504 14.971775886275452
13.2666168 13.655534654438355
13.2832832 12.74595908262754
13.2999496 13.108636201822241
13.3166161 12.340291875106976
13.3332825 11.092407599545677
13.3499489 9.661100967339499
13.3666153 9.79474540079513
13.3832817 10.306105158404048
13.3999481 11.471205781323143
13.4166145 12.90711449909734
13.4332809 11.511829042149055
13.4499474 9.866173599926721
13.4666138 8.711172765675048
13.4832802 9.739367393181988
13.4999466 10.739035464326887
13.516613 10.117547814602991
13.5332794 9.267804785154635
13.5499458 10.807704192490924
13.5666122 11.885721863754984
13.5832787 10.424784244135044
13.5999451 8.98848767504714
13.6166115 8.013915367770451
13.6332779 6.616513680761738
13.6499443 7.008094562230738
13.6666107 6.733270445551454
13.6832771 7.129797442799471
13.6999435 7.321423911472621
13.71661 7.9075842259954925
13.7332764 8.049888287816339
13.7499428 7.5298621041859874
13.7666092 7.009835920555618
13.7832756 5.726479151157347
13.799942 5.502193862380511
13.8166084 5.899556102029798
13.8332748 6.4840875484103835
13.8499413 6.9850574016942275
13.8666077 6.918562250537313
13.8832741 6.749476953427837
13.8999405 6.927008579309667
13.9166069 6.324271134285084
13.9332733 6.462649952308988
13.9499397 7.018515116610232
13.9666061 6.593737665676455
13.9832726 7.933068817551389
13.999939 12.575385886573088
14.0166054 14.058246103049305
14.0332718 13.986104360453169
14.0499382 13.067472824005877
14.0666046 12.843547366992663
14.083271 11.925342507481076
14.0999374 12.726115026471849
14.1166039 12.474458867465192
14.1332703 10.457410209673105
14.1499367 10.506841378643522
14.1666031 10.245945246084194
14.1832695 10.2342569534353
14.1999359 10.264696354840083
14.2166023 9.931453910811195
14.2332687 10.0454936005742
14.2499352 9.306028885628697
14.2666016 10.037134395581635
14.283268 9.719154252599903
14.2999344 9.373332766640594
14.3166008 10.191940546552058
14.3332672 10.019673860966723
14.3499336 9.17768236181353
14.3666 8.625927309482828
14.3832664 8.486984028873724
14.3999329 8.820308456344844
14.4165993 8.40993109164359
14.4332657 8.266588681189203
14.4499321 9.501579344774157
14.4665985 8.922749945770764
14.4832649 8.778806917096386
14.4999313 7.150451181959307
14.5165977 6.994331892268085
14.5332642 8.003394094785628
14.5499306 9.292475766708034
14.566597 9.58760638522528
14.5832634 9.440112828775254
14.5999298 8.743012316899557
14.6165962 8.369084257013974
14.6332626 8.711474489634105
14.649929 10.272915802211243
14.6665955 8.85358308861944
14.6832619 7.872915311408453
14.6999283 7.145068238718855
14.7165947 6.666665975308653
14.7332611 6.15167689503261
14.7499275 6.668582508098969
14.7665939 6.5913969667813666
14.7832603 7.734075923618448
14.7999268 8.37292918297015
14.8165932 7.320766567065058
14.8332596 6.809411095949594
14.849926 6.7295622925685015
14.8665924 7.203979477445734
14.8832588 7.863567505723412
14.8999252 8.545177320621036
14.9165916 8.300956023979575
14.9332581 8.052731160239654
14.9499245 8.254416939297379
14.9665909 8.668233610089041
14.9832573 9.65698261292033
14.9999237 13.256785707441185
15.0165901 13.434205278288013
15.0332565 11.547908614051137
15.0499229 11.30808847738093
15.0665894 11.063976200482042
15.0832558 10.548743090850742
15.0999222 10.293861475762828
15.1165886 9.364163558074619
15.133255 8.428793766613287
15.1499214 8.888835648375796
15.1665878 8.610208686165963
15.1832542 9.522301501683467
15.1999207 10.05609132286334
15.2165871 10.17132800634548
15.2332535 11.491232213484553
15.2499199 13.268193145563473
15.2665863 11.500552361840285
15.2832527 10.890640940577159
15.2999191 9.963952329342941
15.3165855 9.734671720121248
15.333252 9.5004814618798
15.3499184 8.959248460715415
15.3665848 9.533975669395357
15.3832512 10.612496837967097
15.3999176 11.341661959668153
15.416584 11.578196354537099
15.4332504 11.295567331653702
15.4499168 11.729784714573665
15.4665833 12.545547275082242
15.4832497 13.316647179093843
15.4999161 10.290117502168764
15.5165825 9.27790100533901
15.5332489 10.111926140282502
15.5499153 9.472107797306604
15.5665817 10.351728147368169
15.5832481 9.24463205277065
15.5999146 10.158851058199573
15.616581 10.024146446810747
15.6332474 9.986830168429249
15.6499138 9.964565872290603
15.6665802 9.33622069077913
15.6832466 9.6347507261133
15.699913 9.53301361346158
15.7165794 10.207675946429417
15.7332458 10.79982062818024
15.7499123 9.408740977771837
15.7665787 8.882060685620848
15.7832451 10.218308285970162
15.7999115 10.189796051138154
15.8165779 9.579206105441601
15.8332443 9.699120252799139
15.8499107 8.981884194904472
15.8665771 9.11406191200909
15.8832436 8.39004958015943
15.89991 9.067706134774713
15.9165764 9.119159858051514
15.9332428 9.886520291195382
15.9499092 9.314099632497488
15.9665756 10.137961738203419
15.983242 11.173412762052372
