10.0 5.825327461185707
10.0166664 5.845330275886589
10.0333328 6.392994910135748
10.0499992 6.627035401875385
10.0666656 7.385943494325114
10.0833321 6.828273604515059
10.0999985 6.305873774917711
10.1166649 6.724258589102633
10.1333313 5.952471334379816
10.1499977 5.2872525426831025
10.1666641 4.393660132333824
10.1833305 4.619363473358711
10.1999969 6.117132889178556
10.2166634 6.182984024014231
10.2333298 6.031548876242776
10.2499962 6.590141582185264
10.2666626 7.295429272102227
10.283329 7.135198739752943
10.2999954 6.704689729461763
10.3166618 7.035509299761602
10.3333282 7.333408201502978
10.3499947 6.529896521171835
10.3666611 8.240131420259083
10.3833275 7.7613376289882785
10.3999939 8.767763756208343
10.4166603 9.778660901319187
10.4333267 9.42984008079727
10.4499931 9.564996501353939
10.4666595 9.84188579806359
10.483326 9.878244953726472
10.4999924 10.702147565052925
10.5166588 10.92339897772958
10.5333252 10.952415089875664
10.5499916 10.907464918176588
10.566658 10.88938607316715
10.5833244 11.385276437319497
10.5999908 12.875449932888944
10.6166573 11.621667331923174
10.6333237 12.037638282310104
10.6499901 11.920020934304286
10.6666565 9.534430091504685
10.6833229 8.701949141667392
10.6999893 8.630830403404314
10.7166557 9.675804132389466
10.7333221 9.067220192870447
10.7499886 8.85082942246503
10.766655 9.116355228241288
10.7833214 9.63344078452356
10.7999878 9.139953673610576
10.8166542 8.985932166104952
10.8333206 9.70202645734632
10.849987 8.538064204823097
10.8666534 8.070111909643385
10.8833199 7.398816990703519
10.8999863 7.536256209774103
10.9166527 8.238356810786756
10.9333191 6.8184062843958655
10.9499855 7.314955483365311
10.9666519 7.105781495593091
10.9833183 7.598787292680955
10.9999847 8.284470700155989
11.0166512 7.272121850413836
11.0333176 7.7588920617645325
11.049984 8.436167932980899
11.0666504 9.696030173379247
11.0833168 8.798687133569107
11.0999832 8.410831746674948
11.1166496 8.643109625443563
11.133316 8.312417584748145
11.1499825 9.73365316152688
11.1666489 9.530112972744757
11.1833153 9.254151959053598
11.1999817 9.124059731482745
11.2166481 9.038685368119486
11.2333145 10.55973787388076
11.2499809 12.361386259051194
11.2666473 11.812071220353076
11.2833138 10.668204503577753
11.2999802 9.278421457326163
11.3166466 9.683162720298276
11.333313 8.49399413829357
11.3499794 8.053660102717698
11.3666458 7.2023448241926635
11.3833122 8.434861297676642
11.3999786 8.63169518751951
11.4166451 9.417310228656426
11.4333115 8.481820063567993
11.4499779 8.411415234080426
11.4666443 8.675612157598838
11.4833107 8.347974669723763
11.4999771 8.61044951250256
11.5166435 8.196121639166474
11.5333099 8.69803086405884
11.5499763 9.84541606329768
11.5666428 9.199059987983555
11.5833092 11.382659177067584
11.5999756 11.842797114165476
11.616642 10.832412444450695
11.6333084 11.860192897284547
11.6499748 11.330660591518264
11.6666412 9.418302713504938
11.6833076 8.802744884170867
11.6999741 9.24194953527437
11.7166405 9.457739337990494
11.7333069 9.163412185441123
11.7499733 8.389999233313594
11.7666397 7.8539372351393775
11.7833061 7.9006823028512185
11.7999725 7.4569050094051486
11.8166389 7.503896464401157
11.8333054 7.142604408170154
11.8499718 6.708812876684231
11.8666382 5.725681048427968
11.8833046 5.5670006205998686
11.899971 6.033170065339681
11.9166374 6.030022596532351
11.9333038 6.340658569766284
11.9499702 6.023747826494697
11.9666367 5.577059327168989
11.9833031 5.574600628468839
11.9999695 5.572156714065432
12.0166359 5.519158714003853
12.0333023 6.1356696220955484
12.0499687 6.393231072271539
12.0666351 6.494946970468132
12.0833015 6.3895796530695685
12.099968 5.870206778520889
12.1166344 5.816929727910701
12.1333008 5.867335688763168
12.1499672 6.694272807455944
12.1666336 7.775618419198382
12.1833 8.988030239098853
12.1999664 8.52043979512674
12.2166328 7.769896410861133
12.2332993 7.769896410861133
12.2499657 8.462098663849625
12.2666321 8.462098663849625
12.2832985 8.623548646975326
12.2999649 8.462098663849625
12.3166313 8.191959717757392
12.3332977 8.191959717757392
12.3499641 8.817924218666901
12.3666306 8.140634233903416
12.383297 8.462098663849625
12.3999634 9.306920283160611
12.4166298 8.980436052924182
12.4332962 9.9136014027589
12.4499626 10.729087871151503
12.466629 11.013706608564117
12.4832954 11.504536019127778
12.4999619 11.451513305556661
12.5166283 10.183970403823373
12.5332947 10.413473151692969
12.5499611 11.409991239757728
12.5666275 9.755560568337035
12.5832939 10.3180086505762
12.5999603 10.751743136987033
12.6166267 10.64586775033502
12.6332932 10.169497494816106
12.6499596 11.11348758678163
12.666626 12.196090698929135
12.6832924 13.48170849290559
12.6999588 13.3725898308516
12.7166252 12.90774418648353
12.7332916 12.567816531044706
12.749958 12.228945554670902
12.7666245 10.271021961101717
12.7832909 9.06934648921617
12.7999573 9.781831322448076
12.8166237 10.452107482441143
12.8332901 9.950095143832428
12.8499565 10.07623900523779
12.8666229 10.92774257006694
12.8832893 10.212989081903773
12.8999557 9.147143108038685
12.9166222 8.39690823226522
12.9332886 8.718906233288488
12.949955 8.45126072923241
12.9666214 7.870346023520643
12.9832878 7.915962226956216
12.9999542 12.532864896400383
13.0166206 12.438850987424482
13.033287 12.398333357560807
13.0499535 12.776126181118903
13.0666199 13.016520139171787
13.0832863 13.511982656358093
13.0999527 15.501638185294253
13.1166191 15.352623914316476
13.1332855 12.974324970146748
13.1499519 13.419155811343284
13.1666183 14.033862172125444
13.1832848 14.251028504860418
13.1999512 13.914998861762912
13.2166176 13.578969218665405
13.233284 15.331733594317532
13.2499504 14.932466190173669
13.2666168 13.06336105467096
13.2832832 13.07364191984402
13.2999496 11.730784619547316
13.3166161 11.03564818036607
13.3332825 9.90086609558589
13.3499489 9.512721414516163
13.3666153 9.863323305909894
13.3832817 9.472550952918017
13.3999481 9.434565723470534
13.4166145 8.810568032117153
13.4332809 8.419164790599293
13.4499474 8.885967220769086
13.4666138 9.50459028121178
13.4832802 9.393754444733379
13.4999466 8.650414077399628
13.516613 9.127881565358328
13.5332794 8.90644089055634
13.5499458 8.446192378428737
13.5666122 8.454351363886014
13.5832787 7.468163642932292
13.5999451 6.596243077114575
13.6166115 6.547667193988446
13.6332779 6.895706299946958
13.6499443 8.097835118290538
13.6666107 8.363979285823682
13.6832771 8.074397284898298
13.6999435 8.320263076960089
13.71661 7.781364657624145
13.7332764 9.167612853751784
13.7499428 9.002708552978252
13.7666092 7.994424706697595
13.7832756 7.711435461495439
13.799942 7.96131821128727
13.8166084 7.407670441361811
13.8332748 6.792505022227358
13.8499413 6.807993987582071
13.8666077 7.752214038827397
13.8832741 8.420884276517196
13.8999405 8.445873141908864
13.9166069 8.648574732219618
13.9332733 8.529403704468756
13.9499397 8.61277033799634
13.9666061 8.84515842372894
13.9832726 9.05664073187498
13.999939 11.053128065358457
14.0166054 10.324700967049125
14.0332718 9.74642264598927
14.0499382 9.418699316355665
14.0666046 9.383791916696147
14.083271 9.817601563720563
14.0999374 10.715555640261544
14.1166039 11.397115387750357
14.1332703 10.324116728637257
14.1499367 10.07192993586954
14.1666031 10.684431760585172
14.1832695 11.246484138075047
14.1999359 10.919463795932687
14.2166023 10.957587501105236
14.2332687 11.161973704526034
14.2499352 10.568840800918268
14.2666016 10.631501941502504
14.283268 10.198278028941921
14.2999344 10.610774760628248
14.3166008 11.274279845605472
14.3332672 11.513047887154656
14.3499336 11.783714857326244
14.3666 11.333763215812008
14.3832664 10.485649753039631
14.3999329 9.804890807998584
14.4165993 9.443253785309402
14.4332657 9.225895562506057
14.4499321 8.513848090407077
14.4665985 8.882802127019541
14.4832649 8.807946436280195
14.4999313 9.289060416900984
14.5165977 9.369713288392658
14.5332642 9.9955853909321
14.5499306 10.40341685685222
14.566597 10.713038989756491
14.5832634 9.944357665841379
14.5999298 10.965830309568439
14.6165962 10.206126634574796
14.6332626 8.71385746730664
14.649929 8.848915255410509
14.6665955 9.041906330880046
14.6832619 8.816074430288053
14.6999283 8.675843155019482
14.7165947 8.872063436119738
14.7332611 8.445440288594797
14.7499275 9.127580289941173
14.7665939 9.570945072681578
14.7832603 9.191979569010426
14.7999268 8.749201077719865
14.8165932 9.4656576245325
14.8332596 10.616534298979301
14.849926 10.476510941279988
14.8665924 9.515375201836944
14.8832588 9.364472291150873
14.8999252 9.04704199060882
14.9165916 9.530744620688903
14.9332581 9.440155486648614
14.9499245 9.611006344557007
14.9665909 9.519216104050397
14.9832573 9.024315845585399
14.9999237 11.185820739944443
15.0165901 11.345872329236308
15.0332565 10.849694201277435
15.0499229 9.655431515453463
15.0665894 8.769555601744772
15.0832558 9.0002737130822
15.0999222 8.815477810311325
15.1165886 9.768270242036538
15.133255 10.317030343461074
15.1499214 10.971500772163088
15.1665878 11.188154017375116
15.1832542 11.100513450799463
15.1999207 10.94497004410569
15.2165871 10.864959110320504
15.2332535 11.103046825156122
15.2499199 11.852464746790957
15.2665863 11.295240421746925
15.2832527 10.330635055459142
15.2999191 10.181691402036364
15.3165855 10.534068984767215
15.333252 10.39672934137478
15.3499184 10.342515921983992
15.3665848 11.093543338192601
15.3832512 11.966427291704298
15.3999176 11.406160133124823
15.416584 11.871344249389441
15.4332504 11.767198665919947
15.4499168 10.724816943623328
15.4665833 10.72937015742091
15.4832497 10.65239050425335
15.4999161 10.573365333286784
15.5165825 9.509185218590515
15.5332489 9.035609641358725
15.5499153 9.462278418275865
15.5665817 10.007363902859018
15.5832481 11.013223977965332
15.5999146 12.178057694411867
15.616581 11.626162156406455
15.6332474 11.750382495110356
15.6499138 12.337652360998979
15.6665802 11.79700782308531
15.6832466 11.966626807661667
15.699913 12.021989883568718
15.7165794 12.834687064621683
15.7332458 12.926057938469942
15.7499123 11.774302122571743
15.7665787 11.255505778570054
15.7832451 11.511071531572801
15.7999115 10.99367564297231
15.8165779 11.14058845811609
15.8332443 11.448537698030362
15.8499107 12.32333575960756
15.8665771 12.691189746588073
15.8832436 13.684137175218556
15.89991 13.220444417466581
15.9165764 13.700160122411306
15.9332428 13.267439379936524
15.9499092 14.563368693790766
15.9665756 14.173113657408095
15.983242 14.598424055921901
