10.0 14.863845688350978
10.0166664 14.55364178544636
10.0333328 14.211312499999995
10.0499992 13.911442066420657
10.0666656 13.788048038137143
10.0833321 13.294589538685067
10.0999985 13.054455102776771
10.1166649 13.422096077725797
10.1333313 11.592671247357282
10.1499977 12.832328606876994
10.1666641 12.206242721851988
10.1833305 10.329449210706937
10.1999969 9.269280108254408
10.2166634 9.035939200537445
10.2333298 10.020244939271251
10.2499962 10.67207193515705
10.2666626 11.555398847848188
10.283329 12.215811672887677
10.2999954 10.918201001669434
10.3166618 10.790168990703844
10.3333282 10.154454485704905
10.3499947 10.720151923709311
10.3666611 11.801651900826435
10.3833275 11.49047636244255
10.3999939 11.143696969696975
10.4166603 12.074607329842923
10.4333267 11.474876499189625
10.4499931 10.705131089743587
10.4666595 10.551483264265228
10.483326 9.016905760801501
10.4999924 7.140665338645426
10.5166588 6.557372495446268
10.5333252 5.415917115499689
10.5499916 5.2991929145578895
10.566658 5.938525813190099
10.5833244 6.10300506103006
10.5999908 5.144034391534388
10.6166573 4.970764619883037
10.6333237 4.163049436253246
10.6499901 4.027617376294601
10.6666565 3.596919497573512
10.6833229 3.0851916218511284
10.6999893 2.5820914959303938
10.7166557 2.4015587824629985
10.7333221 2.0238403105073517
10.7499886 2.1017649336283135
10.766655 2.2921869649268207
10.7833214 2.256466152999464
10.7999878 2.333238539665116
10.8166542 2.888587345254492
10.8333206 3.332416689617204
10.849987 4.526518744793121
10.8666534 4.454897620365244
10.8833199 4.267618116740084
10.8999863 4.830249792989219
10.9166527 5.133867513110666
10.9333191 5.465081700248394
10.9499855 6.414883921133016
10.9666519 6.0739872998343545
10.9833183 6.114014871936123
10.9999847 8.131869780219784
11.0166512 8.315041712403955
11.0333176 7.7027754491017815
11.049984 6.8677627255588485
11.0666504 6.136602988260398
11.0833168 6.403418089647804
11.0999832 5.571691312384475
11.1166496 5.8357586480063395
11.133316 5.487005250721974
11.1499825 4.569051921079972
11.1666489 3.99278438948995
11.1833153 3.9024421052631473
11.1999817 4.374681935151822
11.2166481 5.174648124191451
11.2333145 6.593411041339617
11.2499809 7.081043273013362
11.2666473 7.317068450039336
11.2833138 7.075713577023506
11.2999802 6.4232069412069395
11.3166466 6.162965961836
11.333313 5.903486396303897
11.3499794 5.647841042678261
11.3666458 5.501778400407531
11.3833122 5.356689515105355
11.3999786 4.867595964691045
11.4166451 4.700858471593768
11.4333115 4.901959527400696
11.4499779 5.635580490270412
11.4666443 6.079030141843983
11.4833107 6.4720832487309625
11.4999771 6.785261753494283
11.5166435 7.757296979006647
11.5333099 7.3866525725929595
11.5499763 6.804961295218814
11.5666428 7.910183465169698
11.5833092 7.843133435192246
11.5999756 7.995925133689834
11.616642 8.755759088581657
11.6333084 8.909372503840245
11.6499748 8.840057485947874
11.6666412 9.583765416238437
11.6833076 9.879081811165424
11.6999741 9.753589065708415
11.7166405 10.53174935467216
11.7333069 11.263947313781463
11.7499733 11.91655332464146
11.7666397 11.784602497398547
11.7833061 12.031251302083342
11.7999725 11.435963001293636
11.8166389 11.022406901879993
11.8333054 13.073093528949437
11.8499718 12.529306590257871
11.8666382 12.370066787941798
11.8833046 14.255540654699066
11.899971 16.6397407108239
11.9166374 17.28428617798215
11.9333038 16.389483369098713
11.9499702 15.443913609782047
11.9666367 13.680353387392103
11.9833031 13.225726894038
11.9999695 7.638167101147037
12.0166359 6.716614311547395
12.0333023 8.617972149238035
12.0499687 12.663395697167756
12.0666351 13.118336704017505
12.0833015 13.076708162708181
12.099968 11.039653269024658
12.1166344 9.595556701030926
12.1333008 8.161667535853967
12.1499672 8.49673202614379
12.1666336 10.543132321618764
12.1833 12.001075512405619
12.1999664 9.370884969728875
12.2166328 7.668397409326413
12.2332993 4.526023887352277
12.2499657 3.7425194610778436
12.2666321 5.5048203957381965
12.2832985 5.98725732484076
12.2999649 6.501153314563601
12.3166313 8.528953051643182
12.3332977 7.600824457083761
12.3499641 8.328992451847988
12.3666306 8.55503103808032
12.383297 8.075821604777982
12.3999634 6.3905902351738275
12.4166298 6.03821375796178
12.4332962 6.473901228249747
12.4499626 7.076687081832218
12.466629 7.883813537344388
12.4832954 8.363731631057831
12.4999619 7.273665720918244
12.5166283 8.198853982300871
12.5332947 8.54009245233742
12.5499611 8.627448888888894
12.5666275 8.971670776495293
12.5832939 9.696170409511229
12.5999603 10.372340425531931
12.6166267 9.968185312831388
12.6332932 8.534029057591628
12.6499596 7.972898905680041
12.666626 7.920787389265241
12.6832924 8.23529803921569
12.6999588 7.67828969286829
12.7166252 8.359534853249482
12.7332916 8.280921645702307
12.749958 8.202308438155152
12.7666245 8.865430870712403
12.7832909 9.276436522660996
12.7999573 8.910625594923328
12.8166237 7.495429093758167
12.8332901 7.896120409234008
12.8499565 9.281915425531928
12.8666229 10.083130061678743
12.8832893 7.835914541151717
12.8999557 6.859679707876879
12.9166222 5.92650181159421
12.9332886 5.468143925715772
12.949955 6.0503770449233985
12.9666214 5.453603515120179
12.9832878 5.32437322305504
12.9999542 11.942634419817475
13.0166206 11.289906825849986
13.033287 9.54208160654899
13.0499535 9.16283945890761
13.0666199 10.35908344097132
13.0832863 11.064826347305381
13.0999527 10.706856808731812
13.1166191 11.157567023778435
13.1332855 11.496061679790017
13.1499519 11.338577952755907
13.1666183 10.427530239833159
13.1832848 8.936387329384507
13.1999512 8.143404609475036
13.2166176 7.605920877998984
13.233284 8.170602517985602
13.2499504 7.879873716632445
13.2666168 8.423770284237712
13.2832832 9.71712781561027
13.2999496 10.754970596026483
13.3166161 10.56954092715232
13.3332825 9.458748817656328
13.3499489 9.188763980047243
13.3666153 8.098953906250003
13.3832817 7.276023562920762
13.3999481 6.489823590007726
13.4166145 5.929159394250516
13.4332809 6.682203056203065
13.4499474 6.421539357845658
13.4666138 6.326155820585945
13.4832802 6.699687956204389
13.4999466 8.070918761577135
13.516613 8.928094092488628
13.5332794 8.45558762336623
13.5499458 7.101371964097153
13.5666122 6.751053533755265
13.5832787 6.4592699709992125
13.5999451 6.955139102734273
13.6166115 8.18303795423958
13.6332779 8.439275628888288
13.6499443 8.668482880434771
13.6666107 8.426201141614573
13.6832771 8.00760287730727
13.6999435 8.383393227744417
13.71661 9.789240709927888
13.7332764 10.125521617852153
13.7499428 8.425113160792955
13.7666092 7.736626886145401
13.7832756 6.790291246250339
13.799942 7.516517621145378
13.8166084 7.5987803260569144
13.8332748 6.793184268426838
13.8499413 7.6174564915207075
13.8666077 7.31164442591048
13.8832741 7.393977957589278
13.8999405 7.3286682517482475
13.9166069 6.694560669456062
13.9332733 6.74692357222845
13.9499397 7.738090419501129
13.9666061 7.9487162393162585
13.9832726 8.659380034522451
13.999939 10.799881316777348
14.0166054 10.552187626481633
14.0332718 10.049092116661845
14.0499382 9.29229487917147
14.0666046 8.512469475494408
14.083271 8.139866723989675
14.0999374 8.451106143640024
14.1166039 7.951602420051852
14.1332703 6.993413012324441
14.1499367 8.899299765807967
14.1666031 10.593856759176363
14.1832695 10.107335420393571
14.1999359 9.657230700447112
14.2166023 8.94768579072533
14.2332687 9.409644291279577
14.2499352 9.25202433163112
14.2666016 9.522368500604594
14.283268 9.996952758305383
14.2999344 11.441856124031016
14.3166008 11.457033623910327
14.3332672 11.024607598878863
14.3499336 12.022720100978223
14.3666 11.264948395217111
15.0165901 8.050017975771775
15.0332565 9.224649304174946
15.0499229 8.982032734530945
15.0665894 7.44849762282091
15.0832558 4.418606589147284
15.0999222 3.6004653503677835
15.1165886 6.96177022132798
15.133255 11.298480607082642
15.1499214 12.243147688356174
15.1665878 10.0169091293322
15.1832542 9.48750698856415
15.1999207 7.902480453972258
15.2165871 5.857912339011223
15.2332535 7.430994479830138
15.2499199 6.395598475222348
15.2665863 8.58014067944252
15.2832527 9.223300970873785
15.2999191 9.398661469933172
15.3165855 9.626634278002713
15.333252 9.457015837104066
15.3499184 9.68921389396708
15.3665848 10.79571661237784
15.3832512 10.013976711690734
15.3999176 10.000001408450718
15.416584 9.825224374114304
15.4332504 9.496673789173796
15.4499168 9.268995699952223
15.4665833 9.724239477503618
15.4832497 10.083209985315712
15.4999161 9.15320215369554
15.5165825 8.702067846607687
15.5332489 9.113544820717147
15.5499153 8.383230039920171
15.5665817 8.737377272727262
15.5832481 10.972439937597494
15.5999146 13.404823592493312
15.616581 12.93102963362068
15.6332474 12.642431904503532
15.6499138 13.208583929554225
15.6665802 13.28515397443025
15.6832466 13.874791314156793
15.699913 14.424726960503703
15.7165794 14.782604057971005
15.7332458 16.448934679334915
15.7499123 15.673419547079856
15.7665787 15.783128313253034
15.7832451 14.2942984984985
15.7999115 12.552300657501494
15.8165779 12.560382850241558
15.8332443 12.56864429530202
15.8499107 14.707730986800755
15.8665771 13.513510370835952
15.8832436 13.83046908859146
15.89991 13.269231410256396
15.9165764 12.992886231415662
15.9332428 12.054445236552166
15.9499092 11.046135152696557
15.9665756 10.819669508196728
15.983242 11.10371742021278
