10.0 9.478223312589753
10.0166664 9.909043082814746
10.0333328 10.021476020042956
10.0499992 8.994586531669423
10.0666656 8.982179174484047
10.0833321 8.286911559888587
10.0999985 9.26272001866542
10.1166649 9.351007908815998
10.1333313 9.871940861466822
10.1499977 10.062748315128974
10.1666641 9.919077225433531
10.1833305 10.210208131208127
10.1999969 9.512918820032006
10.2166634 8.831524909420274
10.2333298 8.6750777377197
10.2499962 8.228983676207504
10.2666626 9.121545046057063
10.283329 9.307023323615171
10.2999954 10.756340126811589
10.3166618 9.52912698058468
10.3333282 8.93805685840709
10.3499947 8.165498686514907
10.3666611 8.515761164623479
10.3833275 10.680911659991105
10.3999939 8.928184894127918
10.4166603 9.396856206293705
10.4333267 8.209440206851976
10.4499931 9.784269121813033
10.4666595 8.666664086021509
10.483326 8.219467549103328
10.4999924 9.354835483870962
10.5166588 7.685810810810811
10.5333252 7.593608540176715
10.5499916 6.47437518157294
10.566658 6.124972365436163
10.5833244 7.008087497408241
10.5999908 7.810869193917921
10.6166573 8.213466333124874
10.6333237 8.212056548856566
10.6499901 10.406093062605747
10.6666565 10.004203867171082
10.6833229 8.338496800825604
10.6999893 8.247636980666385
10.7166557 8.4463635429511
10.7333221 9.49917177152318
10.7499886 9.698095947063695
10.766655 10.078639486754971
10.7833214 9.484709094641735
10.7999878 9.168877067592401
10.8166542 7.933947845348357
10.8333206 8.963698032853367
10.849987 9.316015019281517
10.8666534 9.004647082576216
10.8833199 8.131865934065937
10.8999863 8.761026463512424
10.9166527 9.306534874371861
10.9333191 8.715592939768646
10.9499855 8.028477555863146
10.9666519 8.199957123098201
10.9833183 8.630247624703099
10.9999847 9.777688766476498
11.0166512 9.090905579399134
11.0333176 9.325011509949272
11.049984 9.837668296499118
11.0666504 9.154380915438336
11.0833168 8.108110983323764
11.0999832 8.40206848263955
11.1166496 8.362038078836592
11.133316 9.304568869196695
11.1499825 9.600922498554064
11.1666489 9.538459807692302
11.1833153 9.037064768819246
11.1999817 8.789954908675801
11.2166481 8.525954528230404
11.2333145 9.127209355390754
11.2499809 9.92352141491395
11.2666473 9.881721671117887
11.2833138 9.321714285714295
11.2999802 10.179182615325951
11.3166466 9.265902056991884
11.333313 8.756797299831243
11.3499794 8.82352978643686
11.3666458 8.908850084222353
11.3833122 8.286879970271292
11.3999786 8.716704972993112
11.4166451 9.269297701364232
11.4333115 10.054503664724685
11.4499779 11.292464224710578
11.4666443 10.644309532780708
11.4833107 10.273715223097115
11.4999771 10.340954477332334
11.5166435 10.241079611287615
11.5333099 10.02048742782641
11.5499763 9.213444423929094
11.5666428 9.441979859571324
11.5833092 9.327191520737323
11.5999756 7.922950027257858
11.616642 8.068328548064688
11.6333084 8.293926700618403
11.6499748 8.57923606557376
11.6666412 8.824063081130358
11.6833076 9.290413862472567
11.6999741 9.33845358187133
11.7166405 9.009827812158724
11.7333069 9.216756102003627
11.7499733 9.523807334428023
11.7666397 9.1156713274015
11.7833061 9.680947675478578
11.7999725 10.39413602199817
11.8166389 9.282086294416253
11.8333054 9.82890462322534
11.8499718 9.859922503183558
11.8666382 9.949073845034546
11.8833046 9.818508711433767
11.899971 9.71014746376812
11.9166374 9.463609535849741
11.9333038 10.693430291970797
11.9499702 10.683681130355508
11.9666367 10.53301491722758
11.9833031 9.904213627326932
11.9999695 8.866728739800552
12.0166359 8.939259836808702
12.0333023 9.267674177721243
12.0499687 9.280781329458772
12.0666351 9.333573815144371
12.0833015 9.227701232777381
12.099968 10.36060937213985
12.1166344 10.841601800808517
12.1333008 11.28318694690265
12.1499672 10.990625620290396
12.1666336 11.107021331371842
12.1833 10.917432660550455
12.1999664 10.364962591240864
12.2166328 11.02751981651376
12.2332993 10.73715182001099
12.2499657 11.754938918619672
12.2666321 11.686636313364053
12.2832985 10.420842776462012
12.2999649 11.084648406009533
12.3166313 12.086493254481615
12.3332977 11.05619293428519
12.3499641 10.647217137648134
12.3666306 9.822719066570196
12.383297 9.247933069449443
12.3999634 9.7182111632948
12.4166298 9.815618221258134
12.4332962 9.497203640295544
12.4499626 8.634251877011078
12.466629 8.516334226031072
12.4832954 8.768788117394415
12.4999619 8.670005184125843
12.5166283 8.96218121527156
12.5332947 9.373877114069817
12.5499611 8.863024529991048
12.5666275 10.16488349338649
12.5832939 9.808527637283243
12.5999603 9.967440123010146
12.6166267 9.452648361541224
12.6332932 9.022419372197312
12.6499596 9.849988794505684
12.666626 10.551210660360203
12.6832924 10.172254397098824
12.6999588 9.301907160849229
12.7166252 8.522425763802026
12.7332916 9.090911246855915
12.749958 10.001810291719513
12.7666245 10.748172627737222
12.7832909 10.91208243465546
12.7999573 10.693430291970797
12.8166237 9.696091534008696
12.8332901 8.600610284895174
12.8499565 8.254422369126303
12.8666229 8.645739372197303
12.8832893 8.982899909991009
12.8999557 9.046672012975305
12.9166222 8.580150242326345
12.9332886 8.448428878923762
12.949955 8.647968896080544
12.9666214 8.148279727793705
12.9832878 9.427122189992755
12.9999542 9.217576634512332
13.0166206 7.6069741151611066
13.033287 7.460847615695933
13.0499535 7.6366821869488515
13.0666199 8.561768778924872
13.0832863 9.582885293060038
13.0999527 9.987360484016625
13.1166191 10.353582230281054
13.1332855 10.183006704113064
13.1499519 10.551210660360203
13.1666183 11.066400585330172
13.1832848 10.97493725992319
13.1999512 10.600253420908587
13.2166176 9.730026091683277
13.233284 9.381775668835862
13.2499504 9.01550504868373
13.2666168 9.61887749546281
13.2832832 9.153401230101311
13.2999496 8.5148493249325
13.3166161 9.034946949121858
13.3332825 9.441513189012193
13.3499489 9.31247453619497
13.3666153 9.105777535441668
13.3832817 10.299799889645014
13.3999481 10.333397494934601
13.4166145 10.224763817243915
13.4332809 10.360107663896585
13.4499474 10.047932522123896
13.4666138 10.284866629670745
13.4832802 10.318635050018536
13.4999466 10.436399628597966
13.516613 9.695293628808871
13.5332794 9.3657811578171
13.5499458 9.581949130595644
13.5666122 8.65013737373737
13.5832787 8.503217263544528
13.5999451 8.177484415108179
13.6166115 8.191000550964183
13.6332779 8.382464627855558
13.6499443 9.263396019345228
13.6666107 9.605683984302008
13.6832771 9.558547886270102
13.6999435 9.574666479295486
13.71661 10.192527557568889
13.7332764 9.382625070369683
13.7499428 8.602352677738374
13.7666092 8.598128037383173
13.7832756 8.167067499533836
13.799942 9.120029771999235
13.8166084 9.654782625189679
13.8332748 9.902873928775456
13.8499413 9.712436869167766
13.8666077 10.428269637027078
13.8832741 8.60927436140019
13.8999405 7.970603354060664
13.9166069 8.912585412302414
13.9332733 9.077014714313012
13.9499397 9.663139942252156
13.9666061 9.725975685063664
13.9832726 10.25840295317661
13.999939 7.668233372456959
14.0166054 6.973116867939226
14.0332718 7.386366379310341
14.0499382 7.067342599843392
14.0666046 7.48326467113036
14.083271 8.356544170314365
14.0999374 8.59312589928059
14.1166039 8.158789547177346
14.1332703 7.640267608436132
14.1499367 7.124428458027382
14.1666031 7.506485326412446
14.1832695 7.159951136816908
14.1999359 7.847079476861173
14.2166023 8.151296925566346
14.2332687 9.167175158584
14.2499352 9.777230198019806
14.2666016 12.93341884705382
14.3166008 11.96344793880153
14.3332672 11.571123566878983
14.3499336 7.352033995494581
14.3666 7.153102684976449
14.3832664 8.806342654424038
14.3999329 10.09951302138472
14.4165993 10.19974628134296
14.4332657 9.902254993625151
14.4499321 9.721339714954265
14.4665985 8.685545857988172
14.4832649 8.89596794055202
14.4999313 9.577886008142272
14.5165977 8.651186234817832
14.5332642 7.755877304513653
14.5499306 7.849395447777069
14.566597 6.825864750633985
14.5832634 7.878397345322201
14.5999298 8.345916972180296
14.6165962 8.32612500000001
14.6332626 8.40208488927486
14.649929 8.476789714534759
14.6665955 10.635449052396872
14.6832619 8.91873838361593
14.6999283 8.878090106007086
14.7165947 9.030395828710912
14.7332611 10.589296680966338
14.7499275 11.207288610478356
14.7665939 9.76765125197384
14.7832603 10.682496461994974
14.7999268 10.848627981651369
14.8165932 9.280689357839803
14.8332596 10.982658959537572
14.849926 12.382523026315779
14.8665924 11.87793380281692
14.8832588 11.348186869871048
14.8999252 11.419825052978569
14.9165916 13.205285714285722
14.9332581 11.488253501068113
14.9499245 10.533772319319787
14.9665909 11.368524241700491
14.9832573 11.631821196827682
14.9999237 9.326168945312501
15.0165901 10.642516745224519
15.0332565 10.220789630364695
15.0499229 8.615611192930794
15.0665894 10.147462384403877
15.0832558 11.562900889453623
15.0999222 9.766510670348985
15.1165886 9.783159102370142
15.133255 9.084042526421731
15.1499214 9.457399087221106
15.1665878 8.396373424104883
15.1832542 8.544628296146044
15.1999207 8.641343104766747
15.2165871 9.891244432936297
15.2332535 10.892388451443566
15.2499199 8.654098165848609
15.2665863 8.191211627906966
15.2832527 9.05048025111171
15.2999191 9.181794264667179
15.3165855 8.653344029458164
15.333252 10.392053168635867
15.3499184 8.88770143693455
15.3665848 8.991168049237338
15.3832512 9.626827744726896
15.3999176 8.733154177897566
15.416584 8.191866073834554
15.4332504 8.441913137893579
15.4499168 8.782485088919294
15.4665833 6.487217765814263
15.4832497 7.072906964091387
15.4999161 8.176795027624305
15.5165825 7.892548047632229
15.5332489 9.429695934500277
15.5499153 12.748542105263141
15.5665817 14.132700386789645
15.5832481 13.436384661117721
15.5999146 14.131085688514734
15.616581 14.320309718437779
15.6332474 14.377091684434982
15.6499138 14.430142463235288
15.6665802 13.300791336180595
15.6832466 13.000913429183253
15.699913 12.084221849252348
15.7165794 10.29589009661837
15.7332458 7.678623480581062
15.7499123 7.758879737391827
15.7665787 8.262971954161657
15.7832451 8.184294028493484
15.7999115 8.10481261425959
15.8165779 8.589903017241372
15.8332443 9.289281172069822
15.8499107 10.52964954012051
15.8665771 8.555309934189923
15.8832436 8.440945826771664
15.89991 8.73848490625993
15.9165764 8.14249363867684
15.9332428 9.779080246913598
15.9499092 9.523815394651017
15.9665756 8.841763784665583
15.983242 8.297946749428299
