10 0.8380311316785866
10.016666666666667 0.8332285774146239
10.033333333333335 0.8311417240659571
10.050000000000002 0.8320166320166319
10.06666666666667 0.8328846552081176
10.083333333333337 0.8345368269032392
10.100000000000005 0.8372045220966086
10.116666666666672 0.8445945945945945
10.13333333333334 0.8539371685026519
10.150000000000007 0.8569105691056911
10.166666666666675 0.8543944916970434
10.183333333333342 0.8512913640032285
10.20000000000001 0.8441897868918374
10.216666666666677 0.84872770987778
10.233333333333345 0.8462767019365143
10.250000000000012 0.8322721846398726
10.26666666666668 0.820975416336241
10.283333333333347 0.8225647105315156
10.300000000000015 0.8217802284363923
10.316666666666682 0.8224097331240188
10.33333333333335 0.8186974379033835
10.350000000000017 0.8219925911483721
10.366666666666685 0.8169452001554606
10.383333333333352 0.8082510168506682
10.40000000000002 0.811003861003861
10.416666666666687 0.8090839107005389
10.433333333333355 0.807943207981581
10.450000000000022 0.8135398737808375
10.46666666666669 0.8129647283126787
10.483333333333357 0.8148640942786542
10.500000000000025 0.8190259617206745
10.516666666666692 0.8137162289816741
10.53333333333336 0.8216236579393483
10.550000000000027 0.8151765589782118
10.566666666666695 0.8088014981273408
10.583333333333362 0.8095238095238096
10.60000000000003 0.8056227890523179
10.616666666666697 0.8221314519123655
10.633333333333365 0.828735419366784
10.650000000000032 0.8236706056129985
10.6666666666667 0.8166083594181549
10.683333333333367 0.8121557106132942
10.700000000000035 0.8128205128205127
10.716666666666702 0.8142465753424657
10.73333333333337 0.810347968664602
10.750000000000037 0.8045058139534884
10.766666666666705 0.80844508880029
10.783333333333372 0.8063991323210412
10.80000000000004 0.8133790119004688
10.816666666666707 0.8262589928057554
10.833333333333375 0.8143164693218514
10.850000000000042 0.8090551181102362
10.86666666666671 0.8178896625602572
10.883333333333377 0.814959928762244
10.900000000000045 0.8130774697938876
10.916666666666712 0.8094309519588725
10.93333333333338 0.8125221082419527
10.950000000000047 0.8053643903299805
10.966666666666715 0.7830985915492958
10.983333333333382 0.7720007026172492
11.00000000000005 0.7667367683140554
11.016666666666717 0.7607555089192025
11.033333333333385 0.7656195462478185
11.050000000000052 0.764757095594637
11.06666666666672 0.7584708948740227
11.083333333333387 0.7634818796601351
11.100000000000055 0.7636269250735422
11.116666666666722 0.7589362804351579
11.13333333333339 0.7514650120648052
11.150000000000057 0.739078087375301
11.166666666666725 0.729785407725322
11.183333333333392 0.7240020558506082
11.20000000000006 0.7277701778385773
11.216666666666727 0.7427888718211298
11.233333333333395 0.7448040885860306
11.250000000000062 0.7512327835402142
11.26666666666673 0.7640468511288407
11.283333333333397 0.7690613351406302
11.300000000000065 0.7791307289024184
11.316666666666732 0.7896336316056053
11.3333333333334 0.7930220798921287
11.350000000000067 0.806495036177015
11.366666666666735 0.8165630774399463
11.383333333333402 0.8135166862317624
11.40000000000007 0.8088062949941404
11.416666666666737 0.8092611166833835
11.433333333333405 0.8112483311081442
11.450000000000072 0.8146975504082653
11.46666666666674 0.8231281198003327
11.483333333333407 0.8187707641196014
11.500000000000075 0.8192071653673909
11.516666666666742 0.8197780354480702
11.53333333333341 0.8207079060535891
11.550000000000077 0.8222956234516928
11.566666666666745 0.822530100610259
11.583333333333412 0.8196640316205535
11.60000000000008 0.8248355263157895
11.616666666666747 0.8303219448094612
11.633333333333415 0.8379265091863517
11.650000000000082 0.8517365661861074
11.66666666666675 0.8638520700376371
11.683333333333417 0.8692596829547311
11.700000000000085 0.8708782239634346
11.716666666666752 0.8622432344310401
11.73333333333342 0.8628887803289368
11.750000000000087 0.8578399479505531
11.766666666666755 0.8560519902518278
11.783333333333422 0.8529698149951315
11.80000000000009 0.8574902723735409
11.816666666666757 0.8561943319838057
11.833333333333425 0.856981071024106
11.850000000000092 0.8543956043956044
11.86666666666676 0.848240232483048
11.883333333333427 0.8429032258064516
11.900000000000095 0.8380599419916209
11.916666666666762 0.834835801674179
11.93333333333343 0.8296606080102944
11.950000000000097 0.8317531737104292
11.966666666666764 0.8257867694283879
11.983333333333432 0.8085993903417295
12.0000000000001 0.8039435716575825
12.016666666666767 0.818196379945539
12.033333333333434 0.8268245838668374
12.050000000000102 0.8322405245482168
12.06666666666677 0.840498641521496
12.083333333333437 0.8366336633663367
12.100000000000104 0.8416852856686883
12.116666666666772 0.8443381180223285
12.13333333333344 0.8485814472425883
12.150000000000107 0.8461293405543168
12.166666666666774 0.8376313276026742
12.183333333333442 0.8378937321030863
12.20000000000011 0.8591190968357448
12.216666666666777 0.8536469092642619
12.233333333333444 0.8448221092757305
12.250000000000112 0.8464835688204476
12.26666666666678 0.8476674071723261
12.283333333333447 0.8404440919904839
12.300000000000114 0.8297400126823082
12.316666666666782 0.8358161648177496
12.33333333333345 0.8354189767147157
12.350000000000117 0.8399049881235156
12.366666666666784 0.8469210068070286
12.383333333333452 0.8346257319196076
12.40000000000012 0.8395823445657333
12.416666666666787 0.8524434603827298
12.433333333333454 0.856600790513834
12.450000000000122 0.8536199810306672
12.46666666666679 0.850189633375474
12.483333333333457 0.8508453152156739
12.500000000000124 0.8559241706161138
12.516666666666792 0.8537355867951351
12.53333333333346 0.848389134554643
12.550000000000127 0.8542554871309017
12.566666666666794 0.8539396810358441
12.583333333333462 0.8572781812440795
12.60000000000013 0.8538048626460373
12.616666666666797 0.8473318598042311
12.633333333333464 0.850173665929902
12.650000000000132 0.8470161035680455
12.6666666666668 0.8381749289548469
12.683333333333467 0.8359387336175588
12.700000000000134 0.8359387336175588
12.716666666666802 0.8368603916614025
12.73333333333347 0.8472836386607707
12.750000000000137 0.8445743168535776
12.766666666666804 0.8483412322274883
12.783333333333472 0.8285669142044556
12.80000000000014 0.8440018966334755
12.816666666666807 0.8428706923806513
12.833333333333474 0.8423466160657811
12.850000000000142 0.8480151826664559
12.86666666666681 0.8440120234140168
12.883333333333477 0.8442791580946353
12.900000000000144 0.8477125217666615
12.916666666666812 0.846848273677542
12.93333333333348 0.8534537389100126
12.950000000000147 0.8618066561014263
12.966666666666814 0.8649120025368637
12.983333333333482 0.873730964467005
13.00000000000015 0.870179336613236
13.016666666666817 0.8597967608764687
13.033333333333484 0.8562351072279586
13.050000000000152 0.846153846153846
13.06666666666682 0.8491016059786929
13.083333333333487 0.8571201272871917
13.100000000000154 0.8509791434484953
13.116666666666822 0.8558228453082682
13.13333333333349 0.8571656304798342
13.150000000000157 0.8557983729462435
13.166666666666824 0.8590582601755785
13.183333333333492 0.8640792205717936
13.20000000000016 0.862851662404092
13.216666666666827 0.8552463211772233
13.233333333333494 0.8498479270049625
13.250000000000162 0.8526113425184235
13.26666666666683 0.8593875260541928
13.283333333333497 0.8636071887034659
13.300000000000164 0.8684759916492694
13.316666666666832 0.8635267641858222
13.3333333333335 0.8556949806949807
13.350000000000167 0.8492753623188406
13.366666666666834 0.8549323017408125
13.383333333333502 0.8607615359793482
13.400000000000169 0.8538436692506459
13.416666666666837 0.8378596831555124
13.433333333333504 0.8351132686084143
13.450000000000172 0.8548517738538799
13.466666666666839 0.8487108804929464
13.483333333333507 0.8405844155844155
13.500000000000174 0.8399154883796521
13.516666666666842 0.8416856492027336
13.533333333333509 0.847206385404789
13.550000000000177 0.8427919112850619
13.566666666666844 0.8429387755102041
13.583333333333512 0.8461664214484225
13.600000000000179 0.8348338516942216
13.616666666666847 0.7471320878400525
13.633333333333514 0.5095175582540203
13.650000000000182 0.4502136049950707
13.666666666666849 0.5159591971043106
13.683333333333517 0.8606260296540362
13.700000000000184 0.8668536545124566
13.716666666666852 0.8646951924665456
13.733333333333519 0.8726009265387161
13.750000000000187 0.8831814415907208
13.766666666666854 0.8931297709923663
13.783333333333522 0.8798404520525178
13.800000000000189 0.8841544607190414
13.816666666666857 0.8804800800133356
13.833333333333524 0.8826377295492487
13.850000000000191 0.8777591973244147
13.866666666666859 0.8733668341708543
13.883333333333526 0.8699882570038584
13.900000000000194 0.8761552680221811
13.916666666666861 0.8877293384952029
13.933333333333529 0.8791097622660596
13.950000000000196 0.870439189189189
13.966666666666864 0.8637901861252115
13.983333333333531 0.8676046787591118
14.000000000000199 0.8104941416199694
14.016666666666866 0.7948281728479074
14.033333333333534 0.7889892619737513
14.050000000000201 0.8683401639344263
14.066666666666869 0.6968349016253208
14.083333333333536 0.4679465203976688
14.100000000000204 0.6824660827752018
14.116666666666871 0.8755807950438823
14.133333333333539 0.881703742024487
14.150000000000206 0.8790601243953007
14.166666666666874 0.8677285318559557
14.183333333333541 0.8643303261623873
14.200000000000209 0.8626564673157162
14.216666666666876 0.841637630662021
14.233333333333544 0.8501833420639077
14.250000000000211 0.8558180227471566
14.266666666666879 0.845492809540512
14.283333333333546 0.8383128295254832
14.300000000000214 0.8389994715518758
14.316666666666881 0.8435734463276835
14.333333333333549 0.8387895947619891
14.350000000000216 0.8439162823696346
14.366666666666884 0.8476444444444444
14.383333333333551 0.8474425236143289
14.400000000000219 0.8561986423722758
14.416666666666886 0.8624641833810887
14.433333333333554 0.8689642793035363
14.450000000000221 0.8625157459060644
14.466666666666889 0.8605448313187803
14.483333333333556 0.8623620907939953
14.500000000000224 0.8445774392455567
14.516666666666891 0.8476363636363636
14.533333333333559 0.8561793656580386
14.550000000000226 0.8899652714311825
14.566666666666894 0.8865677111966282
14.583333333333561 0.882212421903712
14.600000000000229 0.8623548922056383
14.616666666666896 0.82889874353289
14.633333333333564 0.7839540485454883
14.650000000000231 0.8316610925306577
14.666666666666899 0.8155394074902179
14.683333333333566 0.8716367713004484
14.700000000000234 0.8911169415292354
14.716666666666901 0.8962406015037594
14.733333333333569 0.8968897266729501
14.750000000000236 0.8861788617886179
14.766666666666904 0.8397496681206145
14.783333333333571 0.6673007418679855
14.800000000000239 0.40946384277809583
14.816666666666906 0.38373205741626787
14.833333333333574 0.7538402457757297
14.850000000000241 0.859206471494607
14.866666666666909 0.8707246376811595
14.883333333333576 0.8866059313820507
14.900000000000244 0.9095682613768961
14.916666666666911 0.8993170731707317
14.933333333333579 0.9023101018010964
14.950000000000246 0.9082694951875859
14.966666666666914 0.9089475758770201
14.983333333333581 0.9035000988728494
15.000000000000249 0.8890873015873016
15.016666666666916 0.8851055356431702
15.033333333333584 0.9092907092907094
15.050000000000251 0.9025466212151596
15.066666666666919 0.8991748842825519
15.083333333333586 0.8953746717834781
15.100000000000254 0.8881232265910011
15.116666666666921 0.8744914564686738
15.133333333333589 0.8670614662037984
15.150000000000256 0.8630866980938717
15.166666666666924 0.8584653363505452
15.183333333333591 0.8857909954564229
15.200000000000259 0.9048507462686568
15.216666666666926 0.9026014568158168
15.233333333333594 0.9118445790683102
15.250000000000261 0.9244966442953021
15.266666666666929 0.9153506001263425
15.283333333333596 0.8983086680761099
15.300000000000264 0.8889832307365739
15.316666666666931 0.8840579710144927
15.333333333333599 0.8968542692060775
15.350000000000266 0.8944993553932102
15.366666666666934 0.910444540353906
15.383333333333601 0.9070422535211268
15.400000000000269 0.8874863982589771
15.416666666666936 0.8817744755244756
15.433333333333604 0.8939859525899913
15.450000000000271 0.9071869488536156
15.466666666666939 0.9074402125775022
15.483333333333606 0.8827846975088968
15.500000000000274 0.8722073279714031
15.516666666666941 0.8709605026929981
15.533333333333609 0.8663210099188459
15.550000000000276 0.8629981884057971
15.566666666666944 0.8664391353811148
15.583333333333611 0.8733714285714286
15.600000000000279 0.8989435002296738
15.616666666666946 0.919935394554684
15.633333333333614 0.9225597032228147
15.650000000000281 0.9084342963653309
15.666666666666949 0.8986185904940296
15.683333333333616 0.8967058823529411
15.700000000000284 0.8950106408134311
15.716666666666951 0.9206273764258556
15.733333333333618 0.9185574396942919
15.750000000000286 0.914066250600096
15.766666666666953 0.913872135102533
15.783333333333621 0.9155954402134369
15.800000000000288 0.9254022428083861
15.816666666666956 0.9108061749571184
15.833333333333623 0.902931756590293
15.850000000000291 0.9026504830319544
15.866666666666958 0.9036354581673307
15.883333333333626 0.9276414621932899
15.900000000000293 0.9332829808660624
15.916666666666961 0.9169620253164557
15.933333333333628 0.910386965376782
15.950000000000296 0.916794674859191
15.966666666666963 0.9044799176107104
15.983333333333631 0.9202485758674263
