4.0 0.0
4.0167 0.0
4.0333 0.0
4.05 0.0
4.0667 0.0
4.0833 0.0
4.1 0.0
4.1167 0.0
4.1333 0.0
4.15 0.0
4.1667 0.0
4.1833 0.0
4.2 0.0
4.2167 0.0
4.2333 0.0
4.25 0.0
4.2667 0.0
4.2833 0.0
4.3 0.0
4.3167 0.0
4.3333 0.0
4.35 0.0
4.3667 0.0
4.3833 0.0
4.4 0.0
4.4167 0.0
4.4333 0.0
4.45 0.0
4.4667 0.0
4.4833 0.0
4.5 0.0
4.5167 0.0
4.5333 0.0
4.55 0.0
4.5667 0.0
4.5833 0.0
4.6 0.0
4.6167 0.0
4.6333 0.0
4.65 0.0
4.6667 0.0
4.6833 0.0
4.7 0.0
4.7167 0.0
4.7333 0.0
4.75 0.0
4.7667 0.0
4.7833 0.0
4.8 0.0
4.8167 0.0
4.8333 0.0
4.85 0.0
4.8667 0.0
4.8833 0.0
4.9 0.0
4.9167 0.0
4.9333 0.0
4.95 0.0
4.9667 0.0
4.9833 0.0
5.0 0.0
5.0167 0.0
5.0333 0.0
5.05 0.0
5.0667 0.0
5.0833 0.0
5.1 0.0
5.1167 0.0
5.1333 0.0
5.15 0.0
5.1667 0.0
5.1833 0.0
5.2 0.0
5.2167 0.0
5.2333 0.0
5.25 0.0
5.2667 0.0
5.2833 0.0
5.3 0.0
5.3167 0.0
5.3333 0.0
5.35 0.0
5.3667 0.0
5.3833 0.0
5.4 0.0
5.4167 0.0
5.4333 0.0
5.45 0.0
5.4667 0.0
5.4833 0.0
5.5 0.0
5.5167 0.0
5.5333 0.0
5.55 0.0
5.5667 0.0
5.5833 0.0
5.6 0.0
5.6167 0.0
5.6333 0.0
5.65 0.0
5.6667 0.0
5.6833 0.0
5.7 0.0
5.7167 0.0
5.7333 0.0
5.75 0.0
5.7667 0.0
5.7833 0.0
5.8 0.0
5.8167 0.0
5.8333 0.0
5.85 0.0
5.8667 0.0
5.8833 0.0
5.9 0.0
5.9167 0.0
5.9333 0.0
5.95 0.0
5.9667 0.0
5.9833 0.0
6.0 0.0
6.0167 0.0
6.0333 0.0
6.05 0.0
6.0667 0.0
6.0833 0.0
6.1 0.0
6.1167 0.0
6.1333 0.0
6.15 0.0
6.1667 0.0
6.1833 0.0
6.2 0.0
6.2167 0.0
6.2333 0.0
6.25 0.0
6.2667 0.0
6.2833 0.0
6.3 0.0
6.3167 0.0
6.3333 0.0
6.35 0.0
6.3667 0.0
6.3833 0.0
6.4 0.0
6.4167 0.0
6.4333 0.0
6.45 0.0
6.4667 0.0
6.4833 0.0
6.5 0.0
6.5167 0.0
6.5333 0.0
6.55 0.0
6.5667 0.0
6.5833 0.0
6.6 0.0
6.6167 0.0
6.6333 9.513e-22
6.65 1.126e-17
6.6667 1.071e-14
6.6833 1.976e-12
6.7 2.398e-10
6.7167 4.828e-09
6.7333 2.448e-08
6.75 6.967e-08
6.7667 1.506e-07
6.7833 2.874e-07
6.8 5.204e-07
6.8167 9.093e-07
6.8333 1.518e-06
6.85 2.371e-06
6.8667 3.512e-06
6.8833 5.025e-06
6.9 6.937e-06
6.9167 9.311e-06
6.9333 1.234e-05
6.95 1.614e-05
6.9667 2.082e-05
6.9833 2.656e-05
7.0 3.365e-05
7.0167 4.225e-05
7.0333 5.158e-05
7.05 6.4e-05
7.0667 7.7e-05
7.0833 9.216e-05
7.1 0.00011
7.1167 0.0001305
7.1333 0.0001534
7.15 0.0001792
7.1667 0.0002091
7.1833 0.0002449
7.2 0.0002737
7.2167 0.0003186
7.2333 0.0003528
7.25 0.0003936
7.2667 0.0004426
7.2833 0.0005015
7.3 0.0005585
7.3167 0.0006141
7.3333 0.0006734
7.35 0.0007363
7.3667 0.0008026
7.3833 0.0008721
7.4 0.0009449
7.4167 0.001021
7.4333 0.0011
7.45 0.001182
7.4667 0.001268
7.4833 0.001356
7.5 0.001448
7.5167 0.001543
7.5333 0.001641
7.55 0.001743
7.5667 0.001848
7.5833 0.001956
7.6 0.002067
7.6167 0.002182
7.6333 0.0023
7.65 0.002422
7.6667 0.002547
7.6833 0.002676
7.7 0.002808
7.7167 0.002944
7.7333 0.003084
7.75 0.003227
7.7667 0.003374
7.7833 0.003525
7.8 0.00368
7.8167 0.003839
7.8333 0.004002
7.85 0.004169
7.8667 0.00434
7.8833 0.004515
7.9 0.004695
7.9167 0.004879
7.9333 0.005067
7.95 0.00526
7.9667 0.005457
7.9833 0.005659
8.0 0.005865
8.0167 0.006076
8.0333 0.006292
8.05 0.006512
8.0667 0.006738
8.0833 0.006968
8.1 0.007203
8.1167 0.007444
8.1333 0.007689
8.15 0.00794
8.1667 0.008196
8.1833 0.008457
8.2 0.008723
8.2167 0.008995
8.2333 0.009272
8.25 0.009555
8.2667 0.009843
8.2833 0.01014
8.3 0.01044
8.3167 0.01074
8.3333 0.01105
8.35 0.01137
8.3667 0.01169
8.3833 0.01202
8.4 0.01235
8.4167 0.0127
8.4333 0.01304
8.45 0.01339
8.4667 0.01375
8.4833 0.01412
8.5 0.01449
8.5167 0.01487
8.5333 0.01525
8.55 0.01564
8.5667 0.01604
8.5833 0.01644
8.6 0.01685
8.6167 0.01726
8.6333 0.01768
8.65 0.01811
8.6667 0.01855
8.6833 0.01899
8.7 0.01944
8.7167 0.01989
8.7333 0.02035
8.75 0.02082
8.7667 0.0213
8.7833 0.02178
8.8 0.02226
8.8167 0.02276
8.8333 0.02326
8.85 0.02377
8.8667 0.02428
8.8833 0.0248
8.9 0.02533
8.9167 0.02587
8.9333 0.02641
8.95 0.02696
8.9667 0.02751
8.9833 0.02807
9.0 0.02864
9.0167 0.02922
9.0333 0.0298
9.05 0.03039
9.0667 0.03098
9.0833 0.03158
9.1 0.03219
9.1167 0.0328
9.1333 0.03343
9.15 0.03405
9.1667 0.03469
9.1833 0.03533
9.2 0.03598
9.2167 0.03663
9.2333 0.03729
9.25 0.03796
9.2667 0.03863
9.2833 0.03931
9.3 0.03999
9.3167 0.04069
9.3333 0.04138
9.35 0.04209
9.3667 0.0428
9.3833 0.04351
9.4 0.04424
9.4167 0.04496
9.4333 0.0457
9.45 0.04644
9.4667 0.04718
9.4833 0.04794
9.5 0.04869
9.5167 0.04946
9.5333 0.05022
9.55 0.051
9.5667 0.05178
9.5833 0.05256
9.6 0.05335
9.6167 0.05415
9.6333 0.05495
9.65 0.05575
9.6667 0.05656
9.6833 0.05738
9.7 0.0582
9.7167 0.05902
9.7333 0.05985
9.75 0.06069
9.7667 0.06153
9.7833 0.06237
9.8 0.06322
9.8167 0.06407
9.8333 0.06493
9.85 0.06579
9.8667 0.06665
9.8833 0.06752
9.9 0.06839
9.9167 0.06927
9.9333 0.07015
9.95 0.07103
9.9667 0.07192
9.9833 0.07281
10.0 0.07371
10.0167 0.0746
10.0333 0.0755
10.05 0.07641
10.0667 0.07731
10.0833 0.07822
10.1 0.07913
10.1167 0.08005
10.1333 0.08097
10.15 0.08189
10.1667 0.08281
10.1833 0.08373
10.2 0.08466
10.2167 0.08559
10.2333 0.08652
10.25 0.08745
10.2667 0.08838
10.2833 0.08932
10.3 0.09025
10.3167 0.09119
10.3333 0.09213
10.35 0.09307
10.3667 0.09401
10.3833 0.09494
10.4 0.09588
10.4167 0.09682
10.4333 0.09778
10.45 0.09873
10.4667 0.09967
10.4833 0.1006
10.5 0.1015
10.5167 0.1025
10.5333 0.1035
10.55 0.1044
10.5667 0.1053
10.5833 0.1063
10.6 0.1072
10.6167 0.1082
10.6333 0.1091
10.65 0.1101
10.6667 0.111
10.6833 0.1119
10.7 0.1128
10.7167 0.1138
10.7333 0.1147
10.75 0.1157
10.7667 0.1166
10.7833 0.1175
10.8 0.1185
10.8167 0.1194
10.8333 0.1203
10.85 0.1212
10.8667 0.1222
10.8833 0.1231
10.9 0.124
10.9167 0.1249
10.9333 0.1258
10.95 0.1267
10.9667 0.1276
10.9833 0.1285
11.0 0.1294
11.0167 0.1302
11.0333 0.1312
11.05 0.132
11.0667 0.1329
11.0833 0.1338
11.1 0.1347
11.1167 0.1355
11.1333 0.1364
11.15 0.1372
11.1667 0.1381
11.1833 0.139
11.2 0.1398
11.2167 0.1406
11.2333 0.1415
11.25 0.1423
11.2667 0.1431
11.2833 0.1439
11.3 0.1448
11.3167 0.1456
11.3333 0.1464
11.35 0.1472
11.3667 0.1479
11.3833 0.1487
11.4 0.1495
11.4167 0.1503
11.4333 0.151
11.45 0.1518
11.4667 0.1526
11.4833 0.1533
11.5 0.154
11.5167 0.1548
11.5333 0.1555
11.55 0.1562
11.5667 0.1569
11.5833 0.1576
11.6 0.1583
11.6167 0.159
11.6333 0.1597
11.65 0.1604
11.6667 0.161
11.6833 0.1617
11.7 0.1622
11.7167 0.163
11.7333 0.1636
11.75 0.1642
11.7667 0.1649
11.7833 0.1655
11.8 0.1661
11.8167 0.1667
11.8333 0.1673
11.85 0.1678
11.8667 0.1684
11.8833 0.169
11.9 0.1695
11.9167 0.1701
11.9333 0.1706
11.95 0.1711
11.9667 0.1716
11.9833 0.1721
12.0 0.1725
12.0167 0.1731
12.0333 0.1736
12.05 0.174
12.0667 0.1745
12.0833 0.175
12.1 0.1754
12.1167 0.1758
12.1333 0.1762
12.15 0.1767
12.1667 0.1771
12.1833 0.1774
12.2 0.1778
12.2167 0.1782
12.2333 0.1786
12.25 0.1789
12.2667 0.1793
12.2833 0.1796
12.3 0.1798
12.3167 0.1802
12.3333 0.1805
12.35 0.1807
12.3667 0.1811
12.3833 0.1814
12.4 0.1816
12.4167 0.1819
12.4333 0.1821
12.45 0.1823
12.4667 0.1826
12.4833 0.1828
12.5 0.1828
12.5167 0.1831
12.5333 0.1833
12.55 0.1835
12.5667 0.1836
12.5833 0.1838
12.6 0.1839
12.6167 0.1839
12.6333 0.1841
12.65 0.1842
12.6667 0.1843
12.6833 0.1844
12.7 0.1844
12.7167 0.1845
12.7333 0.1845
12.75 0.1846
12.7667 0.1846
12.7833 0.1846
12.8 0.1846
12.8167 0.1846
12.8333 0.1846
12.85 0.1845
12.8667 0.1845
12.8833 0.1844
12.9 0.1844
12.9167 0.1843
12.9333 0.1842
12.95 0.1841
12.9667 0.1838
12.9833 0.1839
13.0 0.1838
13.0167 0.1836
13.0333 0.1835
13.05 0.1833
13.0667 0.1831
13.0833 0.1828
13.1 0.1828
13.1167 0.1825
13.1333 0.1823
13.15 0.1821
13.1667 0.1819
13.1833 0.1816
13.2 0.1814
13.2167 0.1811
13.2333 0.1807
13.25 0.1805
13.2667 0.1802
13.2833 0.1798
13.3 0.1796
13.3167 0.1793
13.3333 0.1789
13.35 0.1786
13.3667 0.1782
13.3833 0.1778
13.4 0.1773
13.4167 0.1771
13.4333 0.1767
13.45 0.1762
13.4667 0.1758
13.4833 0.1754
13.5 0.1749
13.5167 0.1745
13.5333 0.174
13.55 0.1736
13.5667 0.1731
13.5833 0.1725
13.6 0.1721
13.6167 0.1716
13.6333 0.1711
13.65 0.1706
13.6667 0.17
13.6833 0.1695
13.7 0.1689
13.7167 0.1684
13.7333 0.1678
13.75 0.1672
13.7667 0.1667
13.7833 0.1661
13.8 0.1655
13.8167 0.1648
13.8333 0.1642
13.85 0.1636
13.8667 0.163
13.8833 0.1622
13.9 0.1617
13.9167 0.161
13.9333 0.1603
13.95 0.1597
13.9667 0.159
13.9833 0.1583
14.0 0.1576
14.0167 0.1569
14.0333 0.1562
14.05 0.1555
14.0667 0.1547
14.0833 0.154
14.1 0.1533
14.1167 0.1525
14.1333 0.1518
14.15 0.151
14.1667 0.1503
14.1833 0.1495
14.2 0.1487
14.2167 0.1479
14.2333 0.1471
14.25 0.1463
14.2667 0.1455
14.2833 0.1447
14.3 0.1439
14.3167 0.1431
14.3333 0.1423
14.35 0.1414
14.3667 0.1406
14.3833 0.1398
14.4 0.1389
14.4167 0.1381
14.4333 0.1372
14.45 0.1364
14.4667 0.1355
14.4833 0.1346
14.5 0.1338
14.5167 0.1329
14.5333 0.132
14.55 0.1311
14.5667 0.1302
14.5833 0.1294
14.6 0.1285
14.6167 0.1276
14.6333 0.1266
14.65 0.1258
14.6667 0.1248
14.6833 0.1239
14.7 0.123
14.7167 0.1221
14.7333 0.1211
14.75 0.1203
14.7667 0.1194
14.7833 0.1184
14.8 0.1175
14.8167 0.1166
14.8333 0.1156
14.85 0.1147
14.8667 0.1138
14.8833 0.1128
14.9 0.1119
14.9167 0.111
14.9333 0.11
14.95 0.1091
14.9667 0.1081
14.9833 0.1072
15.0 0.1062
15.0167 0.1053
15.0333 0.1044
15.05 0.1034
15.0667 0.1025
15.0833 0.1015
15.1 0.1006
15.1167 0.09963
15.1333 0.09869
15.15 0.09773
15.1667 0.09679
15.1833 0.09584
15.2 0.0949
15.2167 0.09396
15.2333 0.09302
15.25 0.09209
15.2667 0.09115
15.2833 0.09021
15.3 0.08927
15.3167 0.08834
15.3333 0.08741
15.35 0.08647
15.3667 0.08554
15.3833 0.08462
15.4 0.08369
15.4167 0.08276
15.4333 0.08185
15.45 0.08092
15.4667 0.08001
15.4833 0.07909
15.5 0.07818
15.5167 0.07727
15.5333 0.07637
15.55 0.07546
15.5667 0.07456
15.5833 0.07366
15.6 0.07277
15.6167 0.07188
15.6333 0.07099
15.65 0.07011
15.6667 0.06923
15.6833 0.06835
15.7 0.06748
15.7167 0.06661
15.7333 0.06575
15.75 0.06489
15.7667 0.06403
15.7833 0.06318
15.8 0.06233
15.8167 0.06149
15.8333 0.06065
15.85 0.05981
15.8667 0.05898
15.8833 0.05816
15.9 0.05734
15.9167 0.05652
15.9333 0.05571
15.95 0.05491
15.9667 0.05411
15.9833 0.05331
16.0 0.05252
16.0167 0.05174
16.0333 0.05096
16.05 0.05019
16.0667 0.04942
16.0833 0.04866
16.1 0.0479
16.1167 0.04715
16.1333 0.0464
16.15 0.04566
16.1667 0.04493
16.1833 0.0442
16.2 0.04348
16.2167 0.04276
16.2333 0.04205
16.25 0.04135
16.2667 0.04065
16.2833 0.03996
16.3 0.03927
16.3167 0.03859
16.3333 0.03792
16.35 0.03725
16.3667 0.0366
16.3833 0.03594
16.4 0.0353
16.4167 0.03465
16.4333 0.03402
16.45 0.03339
16.4667 0.03277
16.4833 0.03216
16.5 0.03155
16.5167 0.03095
16.5333 0.03035
16.55 0.02977
16.5667 0.02918
16.5833 0.02861
16.6 0.02804
16.6167 0.02748
16.6333 0.02693
16.65 0.02638
16.6667 0.02584
16.6833 0.0253
16.7 0.02477
16.7167 0.02425
16.7333 0.02374
16.75 0.02323
16.7667 0.02273
16.7833 0.02224
16.8 0.02175
16.8167 0.02127
16.8333 0.02079
16.85 0.02033
16.8667 0.01987
16.8833 0.01941
16.9 0.01896
16.9167 0.01852
16.9333 0.01809
16.95 0.01766
16.9667 0.01724
16.9833 0.01682
17.0 0.01641
17.0167 0.01601
17.0333 0.01562
17.05 0.01523
17.0667 0.01484
17.0833 0.01447
17.1 0.0141
17.1167 0.01373
17.1333 0.01337
17.15 0.01302
17.1667 0.01267
17.1833 0.01233
17.2 0.012
17.2167 0.01167
17.2333 0.01135
17.25 0.01103
17.2667 0.01072
17.2833 0.01042
17.3 0.01012
17.3167 0.009825
17.3333 0.009537
17.35 0.009254
17.3667 0.008977
17.3833 0.008706
17.4 0.00844
17.4167 0.008179
17.4333 0.007924
17.45 0.007673
17.4667 0.007428
17.4833 0.007188
17.5 0.006954
17.5167 0.006723
17.5333 0.006498
17.55 0.006278
17.5667 0.006062
17.5833 0.005852
17.6 0.005646
17.6167 0.005444
17.6333 0.005247
17.65 0.005055
17.6667 0.004866
17.6833 0.004683
17.7 0.004504
17.7167 0.004329
17.7333 0.004158
17.75 0.003991
17.7667 0.003828
17.7833 0.00367
17.8 0.003515
17.8167 0.003364
17.8333 0.003217
17.85 0.003074
17.8667 0.002935
17.8833 0.002799
17.9 0.002667
17.9167 0.002538
17.9333 0.002413
17.95 0.002292
17.9667 0.002174
17.9833 0.002059
18.0 0.001948
18.0167 0.00184
18.0333 0.001735
18.05 0.001634
18.0667 0.001536
18.0833 0.001441
18.1 0.00135
18.1167 0.001261
18.1333 0.001176
18.15 0.001094
18.1667 0.001015
18.1833 0.0009396
18.2 0.000867
18.2167 0.0007976
18.2333 0.0007316
18.25 0.000669
18.2667 0.0006099
18.2833 0.0005546
18.3 0.0004968
18.3167 0.0004387
18.3333 0.0003904
18.35 0.00035
18.3667 0.0003163
18.3833 0.0002712
18.4 0.0002431
18.4167 0.0002072
18.4333 0.0001774
18.45 0.0001516
18.4667 0.0001288
18.4833 0.0001085
18.5 9.103e-05
18.5167 7.617e-05
18.5333 6.229e-05
18.55 5.09e-05
18.5667 4.109e-05
18.5833 3.321e-05
18.6 2.613e-05
18.6167 2.044e-05
18.6333 1.582e-05
18.65 1.21e-05
18.6667 9.133e-06
18.6833 6.812e-06
18.7 4.854e-06
18.7167 3.431e-06
18.7333 2.279e-06
18.75 1.473e-06
18.7667 8.786e-07
18.7833 4.998e-07
18.8 2.753e-07
18.8167 1.437e-07
18.8333 6.593e-08
18.85 2.144e-08
18.8667 4.097e-09
18.8833 1.862e-10
18.9 1.376e-12
18.9167 5.676e-15
18.9333 6.565e-18
18.95 4.02e-22
18.9667 0.0
18.9833 0.0
