0 0.00000
1 0.00000
2 0.00000
3 0.00000
4 0.00000
5 0.00000
6 0.02000
7 2.31000
8 9.56000
9 18.74000
10 25.74000
11 31.69000
12 32.89000
13 27.55000
14 21.50000
15 14.51000
16 5.17000
17 2.40000
18 0.17000
19 0.00000
20 0.00000
21 0.00000
22 0.00000
23 0.00000
0 0.00000
1 0.00000
2 0.00000
3 0.00000
4 0.00000
5 0.00000
6 0.02000
7 2.31000
8 9.56000
9 18.74000
10 25.74000
11 31.69000
12 32.89000
13 27.55000
14 21.50000
15 14.51000
16 5.17000
17 2.40000
18 0.17000
19 0.00000
20 0.00000
21 0.00000
22 0.00000
23 0.00000
