0 0.00000
1 0.00000
2 0.00000
3 0.00000
4 0.00000
5 0.00000
6 0.49000
7 5.72000
8 16.07000
9 27.77000
10 36.58000
11 45.72000
12 49.07000
13 48.19000
14 42.19000
15 31.33000
16 16.75000
17 8.68000
18 2.12000
19 0.00000
20 0.00000
21 0.00000
22 0.00000
23 0.00000
0 0.00000
1 0.00000
2 0.00000
3 0.00000
4 0.00000
5 0.00000
6 0.49000
7 5.72000
8 16.07000
9 27.77000
10 36.58000
11 45.72000
12 49.07000
13 48.19000
14 42.19000
15 31.33000
16 16.75000
17 8.68000
18 2.12000
19 0.00000
20 0.00000
21 0.00000
22 0.00000
23 0.00000
