0 0.00000
1 0.00000
2 0.00000
3 0.00000
4 0.00000
5 0.02000
6 0.80000
7 7.79000
8 20.24000
9 31.87000
10 41.94000
11 48.74000
12 53.42000
13 53.42000
14 48.74000
15 38.49000
16 26.67000
17 10.15000
18 2.45000
19 0.00000
20 0.00000
21 0.00000
22 0.00000
23 0.00000
0 0.00000
1 0.00000
2 0.00000
3 0.00000
4 0.00000
5 0.02000
6 0.80000
7 7.79000
8 20.24000
9 31.87000
10 41.94000
11 48.74000
12 53.42000
13 53.42000
14 48.74000
15 38.49000
16 26.67000
17 10.15000
18 2.45000
19 0.00000
20 0.00000
21 0.00000
22 0.00000
23 0.00000
