0 0.00000
1 0.00000
2 0.00000
3 0.00000
4 0.00000
5 0.00000
6 0.00035
7 0.00117
8 0.00723
9 0.02740
10 0.05795
11 0.09002
12 0.11928
13 0.11683
14 0.08786
15 0.05247
16 0.02408
17 0.00700
18 0.00192
19 0.00000
20 0.00000
21 0.00000
22 0.00000
23 0.00000
0 0.00000
1 0.00000
2 0.00000
3 0.00000
4 0.00000
5 0.00000
6 0.00035
7 0.00117
8 0.00723
9 0.02740
10 0.05795
11 0.09002
12 0.11928
13 0.11683
14 0.08786
15 0.05247
16 0.02408
17 0.00700
18 0.00192
19 0.00000
20 0.00000
21 0.00000
22 0.00000
23 0.00000
