0 0.00000
1 0.00000
2 0.00000
3 0.00000
4 0.00000
5 0.00000
6 0.00105
7 0.00775
8 0.02594
9 0.06232
10 0.10844
11 0.14044
12 0.15310
13 0.15607
14 0.15123
15 0.09526
16 0.02589
17 0.00845
18 0.00000
19 0.00000
20 0.00000
21 0.00000
22 0.00000
23 0.00000
0 0.00000
1 0.00000
2 0.00000
3 0.00000
4 0.00000
5 0.00000
6 0.00105
7 0.00775
8 0.02594
9 0.06232
10 0.10844
11 0.14044
12 0.15310
13 0.15607
14 0.15123
15 0.09526
16 0.02589
17 0.00845
18 0.00000
19 0.00000
20 0.00000
21 0.00000
22 0.00000
23 0.00000
