0 0.00000
1 0.00000
2 0.00000
3 0.00000
4 0.00000
5 0.00000
6 0.00041
7 0.00618
8 0.02950
9 0.08914
10 0.17776
11 0.18166
12 0.14913
13 0.22387
14 0.09363
15 0.04326
16 0.03737
17 0.01522
18 0.00484
19 0.00012
20 0.00000
21 0.00000
22 0.00000
23 0.00000
0 0.00000
1 0.00000
2 0.00000
3 0.00000
4 0.00000
5 0.00000
6 0.00041
7 0.00618
8 0.02950
9 0.08914
10 0.17776
11 0.18166
12 0.14913
13 0.22387
14 0.09363
15 0.04326
16 0.03737
17 0.01522
18 0.00484
19 0.00012
20 0.00000
21 0.00000
22 0.00000
23 0.00000
