0 0.00000
1 0.00000
2 0.00000
3 0.00000
4 0.00000
5 0.00000
6 0.00000
7 0.00239
8 0.01778
9 0.04128
10 0.10319
11 0.16703
12 0.15846
13 0.15152
14 0.10920
15 0.07136
16 0.02180
17 0.00361
18 0.00006
19 0.00000
20 0.00000
21 0.00000
22 0.00000
23 0.00000
0 0.00000
1 0.00000
2 0.00000
3 0.00000
4 0.00000
5 0.00000
6 0.00000
7 0.00239
8 0.01778
9 0.04128
10 0.10319
11 0.16703
12 0.15846
13 0.15152
14 0.10920
15 0.07136
16 0.02180
17 0.00361
18 0.00006
19 0.00000
20 0.00000
21 0.00000
22 0.00000
23 0.00000
