0 0.00000
1 0.00000
2 0.00000
3 0.00000
4 0.00000
5 0.00000
6 0.00093
7 0.00927
8 0.04332
9 0.10646
10 0.18475
11 0.23658
12 0.24987
13 0.23355
14 0.15170
15 0.10220
16 0.05847
17 0.01463
18 0.00140
19 0.00000
20 0.00000
21 0.00000
22 0.00000
23 0.00000
0 0.00000
1 0.00000
2 0.00000
3 0.00000
4 0.00000
5 0.00000
6 0.00093
7 0.00927
8 0.04332
9 0.10646
10 0.18475
11 0.23658
12 0.24987
13 0.23355
14 0.15170
15 0.10220
16 0.05847
17 0.01463
18 0.00140
19 0.00000
20 0.00000
21 0.00000
22 0.00000
23 0.00000
