0 0.00000
1 0.00000
2 0.00000
3 0.00000
4 0.00000
5 0.00000
6 0.00111
7 0.01667
8 0.05585
9 0.08040
10 0.08967
11 0.22346
12 0.20702
13 0.10360
14 0.07229
15 0.08290
16 0.05900
17 0.01766
18 0.00402
19 0.00023
20 0.00000
21 0.00000
22 0.00000
23 0.00000
0 0.00000
1 0.00000
2 0.00000
3 0.00000
4 0.00000
5 0.00000
6 0.00111
7 0.01667
8 0.05585
9 0.08040
10 0.08967
11 0.22346
12 0.20702
13 0.10360
14 0.07229
15 0.08290
16 0.05900
17 0.01766
18 0.00402
19 0.00023
20 0.00000
21 0.00000
22 0.00000
23 0.00000
