0 0.00000
1 0.00000
2 0.00000
3 0.00000
4 0.00000
5 0.00000
6 0.00140
7 0.01149
8 0.04676
9 0.07340
10 0.16645
11 0.26072
12 0.25530
13 0.24964
14 0.20492
15 0.07433
16 0.02460
17 0.01265
18 0.00198
19 0.00006
20 0.00000
21 0.00000
22 0.00000
23 0.00000
0 0.00000
1 0.00000
2 0.00000
3 0.00000
4 0.00000
5 0.00000
6 0.00140
7 0.01149
8 0.04676
9 0.07340
10 0.16645
11 0.26072
12 0.25530
13 0.24964
14 0.20492
15 0.07433
16 0.02460
17 0.01265
18 0.00198
19 0.00006
20 0.00000
21 0.00000
22 0.00000
23 0.00000
