10 0.9556843596543504
10.016666666666667 0.9813263470171293
10.033333333333335 0.9933321235362997
10.050000000000002 1.0087307038327527
10.06666666666667 1.0152321532258064
10.083333333333337 0.7159855091376355
10.100000000000005 1.0006018063420157
10.116666666666672 0.974017061201572
10.13333333333334 0.9818624055710307
10.150000000000007 0.9832967751381214
10.166666666666675 0.9884133898026315
10.183333333333342 1.0089265522022839
10.20000000000001 1.0076161286407765
10.216666666666677 0.9960455958244112
10.233333333333345 0.997311374402549
10.250000000000012 0.9926908600421718
10.26666666666668 1.0099710753138074
10.283333333333347 1.010425210280374
10.300000000000015 1.0043241448453608
10.316666666666682 1.0004582969309461
10.33333333333335 0.9871859162011174
10.350000000000017 0.9884542409274193
10.366666666666685 0.9878866801801801
10.383333333333352 0.9821607718687874
10.40000000000002 0.9716684814906219
10.416666666666687 0.9656591031357177
10.433333333333355 0.9652625802919708
10.450000000000022 0.96738338279362
10.46666666666669 0.9691984464714354
10.483333333333357 0.9820044678111587
10.500000000000025 0.9788812766714082
10.516666666666692 0.9584668143529412
10.53333333333336 0.9638023632538568
10.550000000000027 0.9669227856479331
10.566666666666695 0.9676045299953852
10.583333333333362 0.9515034990825688
10.60000000000003 0.9556969081586142
10.616666666666697 0.9639352088808336
10.633333333333365 0.9599391166141379
10.650000000000032 0.9566795082811101
10.6666666666667 0.9550885395907472
10.683333333333367 0.9604101604774535
10.700000000000035 0.9615217767032966
10.716666666666702 0.9540394536713285
10.73333333333337 0.9669698780964798
10.750000000000037 0.9678572008639308
10.766666666666705 0.9840332648195875
10.783333333333372 0.9881891623237932
10.80000000000004 0.9807693530161428
10.816666666666707 0.9900208479087451
10.833333333333375 0.9889806025210084
10.850000000000042 0.9902960255016722
10.86666666666671 0.993347025155925
10.883333333333377 1.001380479528536
10.900000000000045 0.9989852791272127
10.916666666666712 0.980424585995086
10.93333333333338 0.9700580309572301
10.950000000000047 0.9714255066882853
10.966666666666715 0.968819672650262
10.983333333333382 0.9626069867576242
11.00000000000005 0.9720616503594248
11.016666666666717 0.9728615290258449
11.033333333333385 0.9799862881188118
11.050000000000052 0.9834528420638045
11.06666666666672 0.9878814684437475
11.083333333333387 0.9707922523419205
11.100000000000055 0.9720994597902096
11.116666666666722 0.9736308101045298
11.13333333333339 0.9803223807781202
11.150000000000057 0.9766973874616565
11.166666666666725 0.9745796219931271
11.183333333333392 0.9794391093571698
11.20000000000006 0.9837350543354788
11.216666666666727 0.9874305203696718
11.233333333333395 0.9900751036814426
11.250000000000062 0.9872342110778441
11.26666666666673 0.992320477620291
11.283333333333397 0.9950344109131405
11.300000000000065 0.9849476915680475
11.316666666666732 0.9942978332719233
11.3333333333334 0.9925556398678415
11.350000000000067 0.9944169063643016
11.366666666666735 1.0008944803206998
11.383333333333402 1.0058030666545588
11.40000000000007 0.9848156742671008
11.416666666666737 0.9962008344155844
11.433333333333405 1.0123395059309848
11.450000000000072 1.0136269718738802
11.46666666666674 1.0050066498214285
11.483333333333407 1.0017866213955144
11.500000000000075 1.0020708427963094
11.516666666666742 0.9945909916873009
11.53333333333341 1.005024473015873
11.550000000000077 1.003671457278481
11.566666666666745 0.996401560834502
11.583333333333412 0.9962392940559441
11.60000000000008 0.9931141097943536
11.616666666666747 1.0025965041710112
11.633333333333415 1.0023126555671173
11.650000000000082 0.999193425311203
11.66666666666675 0.9920562113793104
11.683333333333417 0.9819200634674922
11.700000000000085 0.9782347399656948
11.716666666666752 0.9940731160164271
11.73333333333342 0.9985978653123934
11.750000000000087 0.989557367541766
11.766666666666755 0.9699088088685015
11.783333333333422 0.9712643743641912
11.80000000000009 0.9909285827691265
11.816666666666757 0.995748154054054
11.833333333333425 1.0092131639150943
11.850000000000092 1.0118853544537816
11.86666666666676 1.0106235543441797
11.883333333333427 1.011445393503014
11.900000000000095 1.015400254512032
11.916666666666762 1.0083600075050032
11.93333333333343 0.991819804796802
11.950000000000097 1.000016304355053
11.966666666666764 0.9941402822768004
11.983333333333432 0.9991902495029822
12.0000000000001 1.0025042778696658
12.016666666666767 0.9899783872192864
12.033333333333434 0.9932966750741838
12.050000000000102 1.0020661195258478
12.06666666666677 1.0056853219335744
12.083333333333437 1.0043642246305418
12.100000000000104 1.0070239309609708
12.116666666666772 1.0032456062888961
12.13333333333344 0.9962658459273798
12.150000000000107 0.9952891147058824
12.166666666666774 0.9856971099869452
12.183333333333442 0.9908928772015656
12.20000000000011 0.9992816797588004
12.216666666666777 1.0048869084988603
12.233333333333444 1.0113260632314693
12.250000000000112 1.0033520409356724
12.26666666666678 0.9975018899707888
12.283333333333447 0.9927340090820628
12.300000000000114 0.9831054515397082
12.316666666666782 0.9734893702623907
12.33333333333345 0.9683119906088082
12.350000000000117 0.9648204634185819
12.366666666666784 0.9564138264877103
12.383333333333452 0.948516536199095
12.40000000000012 0.9360822344103393
12.416666666666787 0.9348472732558138
12.433333333333454 0.9386475721666129
12.450000000000122 0.9586623384441573
12.46666666666679 0.9717104356036151
12.483333333333457 0.9823353147191735
12.500000000000124 0.98686320232333
12.516666666666792 0.9883539322362053
12.53333333333346 0.9892856384317521
12.550000000000127 0.9924534394966118
12.566666666666794 0.9941305106485961
12.583333333333462 0.9927737924467397
12.60000000000013 0.9961290174306003
12.616666666666797 0.9955183527607363
12.633333333333464 0.996772511627907
12.650000000000132 0.9913105264943457
12.6666666666668 0.9923774936974791
12.683333333333467 0.9956340771345408
12.700000000000134 0.9929145888349514
12.716666666666802 0.9845814272992227
12.73333333333347 0.9841521093294462
12.750000000000137 0.9869036587815944
12.766666666666804 0.989228902237354
12.783333333333472 0.9843817974683544
12.80000000000014 0.9874593853523871
12.816666666666807 0.9908629964239271
12.833333333333474 0.9906493505859375
12.850000000000142 0.9909998199152541
12.86666666666681 0.9847329458754484
12.883333333333477 0.9849432307441254
12.900000000000144 0.9966618538059457
12.916666666666812 1.0016052439502943
12.93333333333348 0.994786365913556
12.950000000000147 0.9936296498360655
12.966666666666814 0.9964511503611294
12.983333333333482 1.002886894970414
13.00000000000015 0.9990751165240289
13.016666666666817 0.9929692865853658
13.033333333333484 1.0054753024100362
13.050000000000152 1.0060412578512397
13.06666666666682 1.0050298688741723
13.083333333333487 1.006696585074627
13.100000000000154 1.0083688385382061
13.116666666666822 1.0113440617509986
13.13333333333349 1.016303626875625
13.150000000000157 1.0147219644288576
13.166666666666824 1.0057435361445781
13.183333333333492 1.008735427062374
13.20000000000016 1.0065002253024193
13.216666666666827 0.9999784257575757
13.233333333333494 1.00882166902834
13.250000000000162 1.0082308563937754
13.26666666666683 1.0140485642155201
13.283333333333497 1.0153301959252972
13.300000000000164 1.012197235955056
13.316666666666832 1.0107228915046058
13.3333333333335 1.0065745099213135
13.350000000000167 1.0078530704490913
13.366666666666834 1.0088381447232726
13.383333333333502 1.003510949172984
13.400000000000169 1.012271223047685
13.416666666666837 1.008274043139293
13.433333333333504 1.0115278827717957
13.450000000000172 1.0117316771159874
13.466666666666839 1.0074991765630457
13.483333333333507 1.006883757267951
13.500000000000174 1.0082417018622627
13.516666666666842 1.007421210887949
13.533333333333509 1.0063395174973488
13.550000000000177 1.0148754446808512
13.566666666666844 1.007905448790896
13.583333333333512 1.0103176011416337
13.600000000000179 1.0079915910880457
13.616666666666847 1.0107825501077587
13.633333333333514 1.0040720675675674
13.650000000000182 1.0019109647505424
13.666666666666849 0.9982127089985485
13.683333333333517 0.9982728370356883
13.700000000000184 0.9969137148337595
13.716666666666852 0.9978165412541252
13.733333333333519 1.0031893559072504
13.750000000000187 1.0071085893978573
13.766666666666854 1.0026498855712165
13.783333333333522 1.0018679039463887
13.800000000000189 1.0036696362107622
13.816666666666857 1.0030452433395871
13.833333333333524 0.9995870651846269
13.850000000000191 1.0004114517411051
13.866666666666859 0.9961547865552601
13.883333333333526 0.9906433283752861
13.900000000000194 1.0005672409038682
13.916666666666861 1.001024634807692
13.933333333333529 1.0059397154738878
13.950000000000196 0.9933764685681024
13.966666666666864 1.0093373645752144
13.983333333333531 1.0032267210258417
14.000000000000199 1.0041007199055862
14.016666666666866 0.9945469255235085
14.033333333333534 0.9951583094481936
14.050000000000201 1.0220347209812526
14.066666666666869 1.021858385771543
14.083333333333536 1.0198197855416833
14.100000000000204 1.0156580894374747
14.116666666666871 1.0118672703417413
14.133333333333539 1.0073879356091577
14.150000000000206 1.0040506935086277
14.166666666666874 1.0136188462174454
14.183333333333541 1.0144704806973848
14.200000000000209 1.015877450959933
14.216666666666876 1.0182690906420477
14.233333333333544 1.0206869677215191
14.250000000000211 1.0226976183206107
14.266666666666879 1.0271358748400854
14.283333333333546 1.0222137015437394
14.300000000000214 1.017426059534081
14.316666666666881 1.0264211433839479
14.333333333333549 1.0289675418848168
14.350000000000216 1.034837036419482
14.366666666666884 1.0346045682119205
14.383333333333551 1.0395512704262877
14.400000000000219 1.0332071589995533
14.416666666666886 1.0420440775280897
14.433333333333554 1.0439410156037991
14.450000000000221 1.039869061419472
14.466666666666889 1.037172689505041
14.483333333333556 1.0439726702764978
14.500000000000224 1.0408943866481222
14.516666666666891 1.0422524831932773
14.533333333333559 1.042920581258807
14.550000000000226 1.0473667489361702
14.566666666666894 1.03867910447406
14.583333333333561 1.0384525824149498
14.600000000000229 1.0371087286541243
14.616666666666896 1.041020051020408
14.633333333333564 1.0467377238258317
14.650000000000231 1.0476982928571428
14.666666666666899 1.0501044241071429
14.683333333333566 1.0525442075424576
14.700000000000234 1.054096190488173
14.716666666666901 1.0513317932083122
14.733333333333569 1.054077191521961
14.750000000000236 1.0578065902777778
14.766666666666904 1.0538106854922278
14.783333333333571 1.063572835770235
14.800000000000239 1.0558610478947368
14.816666666666906 1.0597183783138917
14.833333333333574 1.0543790528846153
14.850000000000241 1.0492131615508884
14.866666666666909 1.0584366397178515
14.883333333333576 1.0548016074945294
14.900000000000244 1.0629423034729877
14.916666666666911 1.0569848200778642
14.933333333333579 1.0549773453781512
14.950000000000246 1.0580452398305085
14.966666666666914 1.0644560128205127
14.983333333333581 1.0657185120620334
15.000000000000249 1.0589207980880648
15.016666666666916 1.0719652026869158
15.033333333333584 1.0664676965232764
15.050000000000251 1.0670519750297265
15.066666666666919 1.0580053381294963
15.083333333333586 1.0721476306715063
15.100000000000254 1.0650435906593405
15.116666666666921 1.0748868770794824
15.133333333333589 1.0670122868241143
15.150000000000256 1.0708944504391469
15.166666666666924 1.0657638569620251
15.183333333333591 1.0471975188498401
15.200000000000259 1.0730321489361703
15.216666666666926 1.0786235244140625
15.233333333333594 1.081715667871222
15.250000000000261 1.0760052899800927
15.266666666666929 1.0682448659517425
15.283333333333596 1.071330753044655
15.300000000000264 1.066192257172131
15.316666666666931 1.0788235683229812
15.333333333333599 1.079638139121339
15.350000000000266 1.078082356690141
15.366666666666934 1.0723883972261736
15.383333333333601 1.0806314266714594
15.400000000000269 1.0786177908496735
15.416666666666936 1.076986465884079
15.433333333333604 1.0889707366468842
15.450000000000271 1.0757246458020988
15.466666666666939 1.0910711522727272
15.483333333333606 1.0833117725880552
15.500000000000274 1.0776190297987613
15.516666666666941 1.0876165105633804
15.533333333333609 1.0896119679588605
15.550000000000276 1.0796407164
15.566666666666944 1.0876647669902912
15.583333333333611 1.075552482815057
15.600000000000279 1.0985343600993376
15.616666666666946 1.0882000628140702
15.633333333333614 1.0947489368644068
15.650000000000281 1.0940783946015422
15.666666666666949 1.0808182974848222
15.683333333333616 1.1022613894736841
15.700000000000284 1.088785075044405
15.716666666666951 1.0957417850719424
15.733333333333618 1.0929396906278435
15.750000000000286 1.094324444751381
15.766666666666953 1.0876072374067165
15.783333333333621 1.1031396076487252
15.800000000000288 1.0953187915869982
15.816666666666956 1.1068669603097772
15.833333333333623 1.0846716889106967
15.850000000000291 1.1113169224652089
15.866666666666958 1.0898430422747862
15.883333333333626 1.10429277154513
15.900000000000293 1.1009971246254004
15.916666666666961 1.094474780104712
15.933333333333628 1.09819476599809
15.950000000000296 1.1026375995051634
15.966666666666963 1.0899609273797841
15.983333333333631 1.0883043080579198
