10 0.8940774487471527
10.016666666666667 0.8911317759129054
10.033333333333335 0.8841724994355384
10.050000000000002 0.8842436502584851
10.06666666666667 0.8824977618621307
10.083333333333337 0.8957219251336896
10.100000000000005 0.9005990681162637
10.116666666666672 0.8959346000883782
10.13333333333334 0.8913091309130914
10.150000000000007 0.8911281489594741
10.166666666666675 0.8913375518219507
10.183333333333342 0.88961321164711
10.20000000000001 0.8822765635143908
10.216666666666677 0.9084051724137931
10.233333333333345 0.9132674967797336
10.250000000000012 0.9087021595039555
10.26666666666668 0.8922257720979765
10.283333333333347 0.889690284259652
10.300000000000015 0.9008875739644969
10.316666666666682 0.9092631578947368
10.33333333333335 0.9140100671140939
10.350000000000017 0.9116172168825742
10.366666666666685 0.9071606994171524
10.383333333333352 0.9066583696328564
10.40000000000002 0.9123785906178962
10.416666666666687 0.9213506279596458
10.433333333333355 0.9244973327862126
10.450000000000022 0.9186260478429771
10.46666666666669 0.9109616951915241
10.483333333333357 0.905989847715736
10.500000000000025 0.9063321869310137
10.516666666666692 0.9076426698931237
10.53333333333336 0.9168006430868169
10.550000000000027 0.9170839174844783
10.566666666666695 0.915951287682172
10.583333333333362 0.910266613609232
10.60000000000003 0.9065846886156286
10.616666666666697 0.9122182680901543
10.633333333333365 0.9158620689655171
10.650000000000032 0.9190728736986842
10.6666666666667 0.9263755629528099
10.683333333333367 0.9338149160484187
10.700000000000035 0.9225379525107046
10.716666666666702 0.9086146682188592
10.73333333333337 0.9044302573031534
10.750000000000037 0.9076003086419752
10.766666666666705 0.8980769230769231
10.783333333333372 0.8997123681687441
10.80000000000004 0.9195028680688337
10.816666666666707 0.9342230695900857
10.833333333333375 0.9243202129682448
10.850000000000042 0.9266211604095562
10.86666666666671 0.9232369067876725
10.883333333333377 0.8938336790495947
10.900000000000045 0.4867406432198609
10.916666666666712 0.9019129782445612
10.93333333333338 0.8905723905723906
10.950000000000047 0.9270522388059702
10.966666666666715 0.9328247115742463
10.983333333333382 0.9329868201225172
11.00000000000005 0.9346417330124053
11.016666666666717 0.9336904322127816
11.033333333333385 0.933677229182019
11.050000000000052 0.9402683330270171
11.06666666666672 0.9325265859919325
11.083333333333387 0.9341503566855679
11.100000000000055 0.9423357664233577
11.116666666666722 0.9408337884580376
11.13333333333339 0.9522339266254995
11.150000000000057 0.976621964479884
11.166666666666725 0.9737793851717902
11.183333333333392 0.9707739491250226
11.20000000000006 0.9701170117011702
11.216666666666727 0.9735943955451769
11.233333333333395 0.9526796917010218
11.250000000000062 0.9413342872473618
11.26666666666673 0.9428775437343805
11.283333333333397 0.9413965087281796
11.300000000000065 0.9148444444444445
11.316666666666732 0.9093328601845281
11.3333333333334 0.8850920679886685
11.350000000000067 0.9109383283265595
11.366666666666735 0.9047451049567824
11.383333333333402 0.9014084507042255
11.40000000000007 0.9073976454050255
11.416666666666737 0.9080863006490089
11.433333333333405 0.910014005602241
11.450000000000072 0.9274729115693815
11.46666666666674 0.930390788555478
11.483333333333407 0.955067920585162
11.500000000000075 0.9707927677329623
11.516666666666742 0.9788267962513016
11.53333333333341 0.9773002945763298
11.550000000000077 0.9785504238021103
11.566666666666745 0.9778929188255613
11.583333333333412 0.9651664080013796
11.60000000000008 0.9307851239669421
11.616666666666747 0.924187725631769
11.633333333333415 0.9243048403707518
11.650000000000082 0.9264781491002569
11.66666666666675 0.9519082663015574
11.683333333333417 0.9837662337662336
11.700000000000085 0.9928327645051193
11.716666666666752 0.9855146557600546
11.73333333333342 0.9237576582709327
11.750000000000087 0.9121346023113528
11.766666666666755 0.8991853360488798
11.783333333333422 0.8913559322033899
11.80000000000009 0.9050279329608939
11.816666666666757 0.9053094352384173
11.833333333333425 0.9216480918608578
11.850000000000092 0.9431607353685275
11.86666666666676 0.9310983827493262
11.883333333333427 0.9177183240787481
11.900000000000095 0.9080517734072954
11.916666666666762 0.9091672263263935
11.93333333333343 0.9344179805434417
11.950000000000097 0.9232573726541554
11.966666666666764 0.9106276150627615
11.983333333333432 0.9097140946330045
12.0000000000001 0.9161376545272303
12.016666666666767 0.9484312416555407
12.033333333333434 0.9741580526842282
12.050000000000102 0.8818923871397634
12.06666666666677 0.9647137150466045
12.083333333333437 0.9622547389424675
12.100000000000104 0.9601262668217312
12.116666666666772 0.9643094289508632
12.13333333333344 0.9708029197080292
12.150000000000107 0.9527598209845849
12.166666666666774 0.9551101540500249
12.183333333333442 0.9564713670969877
12.20000000000011 0.9642739000992391
12.216666666666777 0.9700826446280991
12.233333333333444 0.9902543772712257
12.250000000000112 0.9853086827335755
12.26666666666678 0.9934004289721169
12.283333333333447 0.9948887056883758
12.300000000000114 1.0014831905075807
12.316666666666782 1.0001646903820818
12.33333333333345 0.9975308641975308
12.350000000000117 0.9934188877920369
12.366666666666784 1.0037828947368421
12.383333333333452 0.9926023343744863
12.40000000000012 0.9807755504436413
12.416666666666787 0.9875164257555846
12.433333333333454 0.9801313628899837
12.450000000000122 0.9412440505498113
12.46666666666679 0.9424118129614437
12.483333333333457 0.9401246719160106
12.500000000000124 0.9937684486716956
12.516666666666792 0.9898360655737706
12.53333333333346 0.9926241599737748
12.550000000000127 0.9852507374631267
12.566666666666794 0.9886940848762903
12.583333333333462 0.9891874180865007
12.60000000000013 0.9862407862407863
12.616666666666797 0.9909924664264658
12.633333333333464 0.9837890944817422
12.650000000000132 0.9865727853283117
12.6666666666668 0.9746192893401014
12.683333333333467 0.9729862475442043
12.700000000000134 0.9553045186640472
12.716666666666802 0.9575896512199116
12.73333333333347 0.9610283281480269
12.750000000000137 0.9554609464548879
12.766666666666804 0.9562725188339338
12.783333333333472 0.9500409500409501
12.80000000000014 0.9621621621621621
12.816666666666807 0.9565858453473133
12.833333333333474 0.9518269703424546
12.850000000000142 0.9364142903965913
12.86666666666681 0.9495081967213115
12.883333333333477 0.9432693884243318
12.900000000000144 0.9137280629817942
12.916666666666812 0.9068088597210828
12.93333333333348 0.9143279172821269
12.950000000000147 0.9238220325069775
12.966666666666814 0.9226473969453113
12.983333333333482 0.9201577131591917
13.00000000000015 0.9391847468770546
13.016666666666817 0.9593883590924038
13.033333333333484 0.9669353512090805
13.050000000000152 0.9581961816984859
13.06666666666682 0.9529063066029969
13.083333333333487 0.9499176276771004
13.100000000000154 0.9484009231783713
13.116666666666822 0.9231403595579747
13.13333333333349 0.9630302030037959
13.150000000000157 0.9435270805812417
13.166666666666824 0.9218440185062788
13.183333333333492 0.9293981481481484
13.20000000000016 0.9353077432164129
13.216666666666827 0.9496605398244743
13.233333333333494 0.9474730737365369
13.250000000000162 0.9497512437810947
13.26666666666683 0.9424161964819119
13.283333333333497 0.9338980235841223
13.300000000000164 0.9454787234042553
13.316666666666832 0.9685576443187489
13.3333333333335 0.9645295587010825
13.350000000000167 0.9666666666666667
13.366666666666834 0.9662996329662997
13.383333333333502 0.9605944231090332
13.400000000000169 0.9585492227979275
13.416666666666837 0.9501422118119458
13.433333333333504 0.9561212527214871
13.450000000000172 0.9709974853310981
13.466666666666839 0.9800268546492111
13.483333333333507 0.9890793010752688
13.500000000000174 0.9887300252312867
13.516666666666842 0.9936005389019872
13.533333333333509 0.9888720283257462
13.550000000000177 0.9615124915597568
13.566666666666844 0.9692411695115768
13.583333333333512 0.9549915397631134
13.600000000000179 0.9466373030662375
13.616666666666847 0.687192536047498
13.633333333333514 0.8727705112960761
13.650000000000182 0.822278911564626
13.666666666666849 0.9088896457765667
13.683333333333517 0.9745863892205355
13.700000000000184 0.9795046968403075
13.716666666666852 0.9639131178382077
13.733333333333519 0.974306269270298
13.750000000000187 0.9740994854202403
13.766666666666854 0.9816182786462807
13.783333333333522 0.9800412938747418
13.800000000000189 0.9793210408409443
13.816666666666857 0.9794615119088713
13.833333333333524 0.977182368193604
13.850000000000191 0.9399134199134199
13.866666666666859 0.9165799514394728
13.883333333333526 0.9421473245309243
13.900000000000194 0.9333449356073791
13.916666666666861 0.9651324965132496
13.933333333333529 0.9842822214460356
13.950000000000196 0.9837298810356894
13.966666666666864 0.986154924640729
13.983333333333531 0.9873573309920983
14.000000000000199 0.9929627023223081
14.016666666666866 0.9933027846316531
14.033333333333534 0.9890517393607627
14.050000000000201 0.982484076433121
14.083333333333536 0.9701598579040852
14.100000000000204 0.9768600925596298
14.133333333333539 0.9731903485254692
14.150000000000206 0.9768941429339065
14.166666666666874 0.9727158499371746
14.183333333333541 0.9723021582733812
14.200000000000209 0.9713410237923576
14.216666666666876 0.9775971093044263
14.233333333333544 0.9757378236465689
14.250000000000211 0.9874773139745916
14.266666666666879 0.9887231720625682
14.283333333333546 0.9903372835004559
14.300000000000214 0.9800804093567252
14.316666666666881 0.9800329730719911
14.333333333333549 0.9816378993756886
14.350000000000216 0.9919013436407143
14.366666666666884 0.9870848708487084
14.383333333333551 0.9798372179060303
14.400000000000219 0.9792323382162061
14.416666666666886 0.9873582450269567
14.433333333333554 0.9923578751164958
14.450000000000221 0.9942066903382546
14.466666666666889 0.9943788645306354
14.483333333333556 0.9943640804057863
14.500000000000224 0.9979280467131286
14.516666666666891 0.9931998488855308
14.533333333333559 0.9795454545454546
14.550000000000226 0.9798670465337131
14.566666666666894 0.976004570557989
14.583333333333561 0.965431627196333
14.600000000000229 0.984868799080636
14.616666666666896 0.9802151363810987
14.633333333333564 0.9774566473988441
14.650000000000231 0.9893719806763286
14.666666666666899 0.9856589147286822
14.683333333333566 0.984447900466563
14.700000000000234 0.999414976599064
14.716666666666901 1.0089966751417954
14.733333333333569 1.0029429075927017
14.750000000000236 0.998425506790002
14.766666666666904 0.9946692991115499
14.783333333333571 0.9978213507625272
14.800000000000239 1.003577106518283
14.816666666666906 0.9690988835725678
14.833333333333574 0.672734546909382
14.850000000000241 0.34898655428456754
14.866666666666909 0.33366894885219495
14.883333333333576 0.3146090119216003
14.900000000000244 0.4649229521492295
14.916666666666911 1.0311291963377416
14.933333333333579 1.0242956308697428
14.950000000000246 1.0137266953493136
14.966666666666914 0.9969154842689697
14.983333333333581 0.9851423854725547
15.000000000000249 0.986122618061309
15.016666666666916 0.9925155925155925
15.033333333333584 1.0006259127894848
15.050000000000251 1.007958115183246
15.066666666666919 1.0126129913811226
15.083333333333586 1.0
15.100000000000254 1.0010590976488032
15.116666666666921 1.0153126329221607
15.133333333333589 1.021135781383433
15.150000000000256 1.0242229367631297
15.166666666666924 1.0170002151925974
15.183333333333591 1.005401901469317
15.200000000000259 0.9989154013015185
15.216666666666926 1.0021781746896101
15.233333333333594 0.5518372703412073
15.250000000000261 0.34394904458598724
15.266666666666929 0.34340538156153505
15.283333333333596 0.8205582631812139
15.300000000000264 1.0244716351501668
15.316666666666931 1.0270330652368187
15.333333333333599 1.0228904847396767
15.350000000000266 1.0214108631958532
15.366666666666934 1.0160742585465248
15.383333333333601 1.0070502615419605
15.400000000000269 1.0134795522047064
15.416666666666936 1.0091806288730778
15.433333333333604 1.0119898547382984
15.450000000000271 1.0055594162612926
15.466666666666939 1.0072143355829648
15.483333333333606 0.9997661912555529
15.500000000000274 0.9945958646616541
15.516666666666941 0.9992917847025495
15.533333333333609 1.004270462633452
15.550000000000276 1.0121573301549465
15.566666666666944 1.0222807858169622
15.583333333333611 1.0211895015651336
15.600000000000279 0.827244132591338
15.616666666666946 0.4112354085603113
15.633333333333614 0.42727939379124913
15.650000000000281 0.8783783783783783
15.666666666666949 1.0763151395406272
15.683333333333616 1.0854233921033027
15.700000000000284 1.0836245631552672
15.716666666666951 1.0752823086574654
15.733333333333618 1.0527378248801411
15.750000000000286 1.0441400304414001
15.766666666666953 1.053316326530612
15.783333333333621 1.0623236727365992
15.800000000000288 1.0482331699767862
15.816666666666956 1.0272373540856032
15.833333333333623 0.9483433342029741
15.850000000000291 0.6006297559695618
15.866666666666958 0.42227500659804695
15.883333333333626 0.7329439872577648
15.900000000000293 1.010146862483311
15.916666666666961 1.0171904378189631
15.933333333333628 1.031342880302621
15.950000000000296 1.0304430551780375
15.966666666666963 1.0322757111597374
15.983333333333631 1.0338470005503577
