10 -2.1225036275129665
10.016666666666667 -3.5704612483633626
10.033333333333335 -3.4992310979901813
10.050000000000002 -1.7651455592572645
10.06666666666667 -2.8515199989964404
10.083333333333337 -2.3546556908402017
10.100000000000005 -0.5342090729358651
10.116666666666672 -2.666545641084356
10.13333333333334 -2.272696392903588
10.150000000000007 -1.7885978541179677
10.166666666666675 -4.0396545268745285
10.183333333333342 -2.1765564250723406
10.20000000000001 -1.6631927270730458
10.216666666666677 -2.657193142554985
10.233333333333345 -3.147623424728006
10.250000000000012 -3.4303983261210726
10.26666666666668 -2.836638967312995
10.283333333333347 -0.48092216907383006
10.300000000000015 -1.4075905575546657
10.316666666666682 -1.1872233723496395
10.33333333333335 -2.175480156244338
10.350000000000017 -1.6086823017554543
10.366666666666685 -1.5417092326515416
10.383333333333352 -2.1554084414777193
10.40000000000002 -0.09828497083765853
10.416666666666687 -0.08181999749444023
10.433333333333355 -0.48065337476246134
10.450000000000022 -1.706136559285151
10.46666666666669 -0.7518012691094826
10.483333333333357 -0.8482592997520632
10.500000000000025 -0.5131913418162409
10.516666666666692 0.5679368954000841
10.53333333333336 -0.03951827111925756
10.550000000000027 0.5160983902619721
10.566666666666695 -0.09194641930772278
10.583333333333362 -1.3761448472220668
10.60000000000003 -1.7088876823787873
10.616666666666697 -1.9487582413464402
10.633333333333365 -2.0151180375141173
10.650000000000032 -1.7030301406441835
10.6666666666667 -2.6062437069179887
10.683333333333367 -1.8880293440234706
10.700000000000035 -2.6418114747754746
10.716666666666702 -1.854355538174401
10.73333333333337 -2.873713529304317
10.750000000000037 -1.4205043831499
10.766666666666705 -2.161415820897302
10.783333333333372 -2.3380878454730176
10.80000000000004 -3.1613358798642133
10.816666666666707 -2.947172614280725
10.833333333333375 -2.848390031916978
10.850000000000042 -2.638473511267729
10.86666666666671 -2.234877621157041
10.883333333333377 -2.1134072291846304
10.900000000000045 -2.568090471311163
10.916666666666712 -2.547989448608693
10.93333333333338 -2.781346169832502
10.950000000000047 -2.472606066910766
10.966666666666715 -2.1580791254406733
10.983333333333382 -2.1054990541286056
11.00000000000005 -2.302201959497989
11.016666666666717 -2.2061975524004143
11.033333333333385 -2.154399821629633
11.050000000000052 -2.7190239683820243
11.06666666666672 -2.8016813488026666
11.083333333333387 -3.01104131262699
11.100000000000055 -2.6790595404873274
11.116666666666722 -2.659819360395096
11.13333333333339 -2.726213317587372
11.150000000000057 -2.3074861866051304
11.166666666666725 -2.1168977621661638
11.183333333333392 -2.6217681066268828
11.20000000000006 -2.4982295603552878
11.216666666666727 -2.0489060138949693
11.233333333333395 -2.3445748539190245
11.250000000000062 -1.8748869278886506
11.26666666666673 -1.9831978212127164
11.283333333333397 -2.057992996903483
11.300000000000065 -1.070827003956907
11.316666666666732 -0.9493059318405143
11.3333333333334 -0.5778549105863836
11.350000000000067 -0.458969832099981
11.366666666666735 -0.6069722456027952
11.383333333333402 -0.8084245029012218
11.40000000000007 0.7904834216258518
11.416666666666737 1.0897600465016972
11.433333333333405 0.6498098481651637
11.450000000000072 0.6653619287192578
11.46666666666674 1.2915368712655884
11.483333333333407 2.223433825471639
11.500000000000075 2.1237266259114502
11.516666666666742 2.369545077529587
11.53333333333341 1.9025007669084826
11.550000000000077 2.480920228187972
11.566666666666745 1.7940302266917962
11.583333333333412 2.5362481541718354
11.60000000000008 2.712553854002698
11.616666666666747 3.2736909888378287
11.633333333333415 4.15102017171844
11.650000000000082 3.4500474816381494
11.66666666666675 3.5585351991319265
11.683333333333417 3.6554505241857993
11.700000000000085 4.415275924667671
11.716666666666752 4.2100809884433215
11.73333333333342 3.742845465734432
11.750000000000087 3.859097981037496
11.766666666666755 3.7544339072642052
11.783333333333422 3.661371173753036
11.80000000000009 5.198414951911171
11.816666666666757 3.8286240599336927
11.833333333333425 3.9736870203708805
11.850000000000092 3.225351213543272
11.86666666666676 3.798612989109851
11.883333333333427 3.544182583884564
11.900000000000095 3.809499972433911
11.916666666666762 4.268698267381065
11.93333333333343 4.379851295285595
11.950000000000097 4.134216604316978
11.966666666666764 3.911305294997706
11.983333333333432 4.122661993343681
12.0000000000001 4.1220203517789145
12.016666666666767 6.083045201319555
12.033333333333434 7.082404996674367
12.050000000000102 6.039242006632377
12.06666666666677 4.669539837053869
12.083333333333437 4.577205823567008
12.100000000000104 3.950567306767576
12.116666666666772 3.2859111674973107
12.13333333333344 3.734864254221527
12.150000000000107 3.453339384715936
12.166666666666774 4.018435360174597
12.183333333333442 3.503699715264177
12.20000000000011 2.8249331239367943
12.216666666666777 1.5992621921260226
12.233333333333444 1.59420623833154
12.250000000000112 2.249293050096761
12.26666666666678 4.200881519690428
12.283333333333447 4.607647611048971
12.300000000000114 5.242268708344523
12.316666666666782 4.760557723204769
12.33333333333345 5.928192298742606
12.350000000000117 6.452574176214173
12.366666666666784 5.9008254436441865
12.383333333333452 6.157628166827118
12.40000000000012 4.946380458738886
12.416666666666787 5.499119614900393
12.433333333333454 5.878924382133237
12.450000000000122 5.261295544608686
12.46666666666679 4.251737102503203
12.483333333333457 5.257544678488288
12.500000000000124 6.546797647517482
12.516666666666792 6.762405972632726
12.53333333333346 7.7797430380950505
12.550000000000127 8.764693388847554
12.566666666666794 9.32817140569385
12.583333333333462 8.622233900532581
12.60000000000013 8.047936062557916
12.616666666666797 10.664622936117027
12.633333333333464 11.308448377796726
12.650000000000132 11.746055715291652
12.6666666666668 10.754376089782719
12.683333333333467 12.483937686231002
12.700000000000134 13.862264006761416
12.716666666666802 14.335428357862996
12.73333333333347 14.335428357862996
12.750000000000137 11.515459071081361
12.766666666666804 10.387025366690512
12.783333333333472 9.313059784873058
12.80000000000014 8.424584803437716
12.816666666666807 8.851693466141194
12.833333333333474 10.485894175796373
12.850000000000142 11.858984768154544
12.86666666666681 12.150706258422115
12.883333333333477 12.198062232791699
12.900000000000144 12.622683720135605
12.916666666666812 13.415103658359953
12.93333333333348 12.835059778090718
12.950000000000147 12.802144066370166
12.966666666666814 12.390980267626635
12.983333333333482 13.09701768771051
13.00000000000015 13.91334622479945
13.016666666666817 13.963116322090714
13.033333333333484 16.018874110897556
13.050000000000152 15.792601028980023
13.06666666666682 15.68856455006809
13.083333333333487 17.36404349634994
13.100000000000154 16.86652240344272
13.116666666666822 14.910702090739285
13.13333333333349 15.359089649379312
13.150000000000157 15.881786379104689
13.166666666666824 17.9701899468401
13.183333333333492 18.99964842011565
13.20000000000016 20.57916489460554
13.216666666666827 19.286793415603682
13.233333333333494 19.348206436901634
13.250000000000162 20.50570044571327
13.26666666666683 21.555912546165118
13.283333333333497 18.01087666052221
13.300000000000164 16.33113341598583
13.316666666666832 15.270042649061551
13.3333333333335 14.069799004849534
13.350000000000167 13.347743774549638
13.366666666666834 12.988045837489945
13.383333333333502 13.25578379748068
13.400000000000169 12.655843409093013
13.416666666666837 13.971139975134465
13.433333333333504 14.106288831556824
13.450000000000172 18.998274797800335
13.466666666666839 20.04057843677288
13.483333333333507 21.00946639321448
13.500000000000174 20.470086527108162
13.516666666666842 20.58049945298843
13.533333333333509 18.142626952152625
13.550000000000177 17.47182415781222
13.566666666666844 19.07453727608161
13.583333333333512 19.374203333846708
13.600000000000179 19.463779778872496
13.616666666666847 20.34339841811039
13.633333333333514 20.216300896764242
13.650000000000182 21.863777835729692
13.666666666666849 21.76016637565594
13.683333333333517 21.574129419339524
13.700000000000184 21.63389572955255
13.716666666666852 20.955284100301338
13.733333333333519 20.280324602253593
13.750000000000187 19.87259468834766
13.766666666666854 20.782532866609134
13.783333333333522 21.277407760110172
13.800000000000189 19.65131085890486
13.816666666666857 18.39799371150266
13.833333333333524 19.03145155347711
13.850000000000191 19.553361355628176
13.866666666666859 20.54077335010689
13.883333333333526 21.722242432275134
13.900000000000194 20.200880132212042
13.916666666666861 21.725803993758976
13.933333333333529 21.92554222136425
13.950000000000196 22.936096448273915
13.966666666666864 24.45117667734993
13.983333333333531 24.691656697966344
14.000000000000199 23.77346751324537
14.016666666666866 25.893788341616226
14.033333333333534 24.583664166588825
14.050000000000201 24.951081781100008
14.066666666666869 27.29094210027104
14.083333333333536 26.712051669619846
14.100000000000204 27.746315869634028
14.116666666666871 28.822291464271917
14.133333333333539 27.54464208977125
14.150000000000206 28.23771867573094
14.166666666666874 28.331616213050573
14.183333333333541 28.087037494484193
14.200000000000209 27.82322354076607
14.216666666666876 27.405169417741245
14.233333333333544 26.884311194207605
14.250000000000211 28.312185321462216
14.266666666666879 26.804191118718265
14.283333333333546 26.309655405061477
14.300000000000214 25.902691884246213
14.316666666666881 27.175221082676803
14.333333333333549 27.61688126176949
14.350000000000216 28.35369886665468
14.366666666666884 27.46840054457644
14.383333333333551 26.499135264806885
14.400000000000219 26.67510085640884
14.416666666666886 25.70336193039093
14.433333333333554 27.216951524924795
14.450000000000221 27.0745165807692
14.466666666666889 27.922378468509322
14.483333333333556 26.5463716857422
14.500000000000224 25.76415613491678
14.516666666666891 28.74081743751806
14.533333333333559 28.255976481946966
14.550000000000226 28.457442314324194
14.566666666666894 29.01226716992326
14.583333333333561 31.386029591362995
14.600000000000229 28.784806262967763
14.616666666666896 28.559818686126555
14.633333333333564 28.630432051186933
14.650000000000231 27.945289705746976
14.666666666666899 27.19971002104995
14.683333333333566 26.255446256803157
14.700000000000234 26.687016965345542
14.716666666666901 25.03039983326178
14.733333333333569 25.86648868195848
14.750000000000236 25.202951771016174
14.766666666666904 23.366437138039544
14.783333333333571 23.516076928488214
14.800000000000239 23.514902255544374
14.816666666666906 24.386437181501957
14.833333333333574 25.530277217689452
14.850000000000241 26.967235404065686
14.866666666666909 27.871659788839168
14.883333333333576 27.290942100271018
14.900000000000244 26.318580737005068
14.916666666666911 26.704460140946832
14.933333333333579 23.428767904010595
14.950000000000246 25.711665071179873
14.966666666666914 24.85095055764753
14.983333333333581 25.16245139958068
15.000000000000249 25.347299097166687
15.016666666666916 27.034242153731324
15.033333333333584 26.000679532658076
15.066666666666919 26.54268174925917
15.083333333333586 25.252637480700557
15.100000000000254 23.719217208923833
15.116666666666921 24.662075129607764
15.133333333333589 26.718522800523747
15.150000000000256 24.55130540152266
15.166666666666924 23.96068403341097
15.183333333333591 25.64611570781093
15.200000000000259 24.531513068467444
15.216666666666926 26.4505395224058
15.233333333333594 26.82927427957213
15.250000000000261 25.521083698240506
15.266666666666929 26.79762737928874
15.283333333333596 27.913669749163656
15.300000000000264 28.003849650784897
15.316666666666931 25.990642060932903
15.333333333333599 25.660305429508504
15.350000000000266 24.131735821663376
15.366666666666934 25.278147208117147
15.383333333333601 23.88396078828907
15.400000000000269 24.01553137217586
15.416666666666936 26.152480885362134
15.433333333333604 25.80232609802359
15.450000000000271 22.44019955801786
15.466666666666939 22.394299815403365
15.483333333333606 22.93206001014797
15.500000000000274 23.230022132938313
15.516666666666941 26.279194909448996
15.533333333333609 25.273635188902848
15.550000000000276 24.404107977323303
15.566666666666944 22.788964355480086
15.583333333333611 21.317768854107154
15.600000000000279 21.82526911053002
15.616666666666946 23.342237281606103
15.633333333333614 24.34861343004139
15.650000000000281 28.114568292441096
15.666666666666949 25.827728866573985
15.683333333333616 23.68028236464205
15.700000000000284 23.095011198810116
15.716666666666951 27.59875994383196
15.733333333333618 25.97090987507387
15.750000000000286 27.406900582649108
15.766666666666953 24.80392031590663
15.783333333333621 24.109140495113166
15.800000000000288 27.218848817137065
15.816666666666956 28.228793919152743
15.833333333333623 27.297763309374993
15.850000000000291 28.116176577326343
15.866666666666958 29.104190614305033
15.883333333333626 26.715523059758244
15.900000000000293 26.73918744900386
15.916666666666961 30.64655836975601
15.933333333333628 26.911783080534132
15.950000000000296 26.209437073823523
15.966666666666963 25.744493686941464
15.983333333333631 28.105898061591684
