0.0 0.0
0.016678 0.0
0.033356 0.0
0.050035 0.0
0.066713 0.0
0.083391 0.0
0.100069 0.0
0.116748 0.0
0.133426 0.0
0.150104 0.0
0.166782 0.0
0.183461 0.0
0.200139 0.0
0.216817 0.0
0.233495 0.0
0.250174 0.0
0.266852 0.0
0.28353 0.0
0.300208 0.0
0.316887 0.0
0.333565 0.0
0.350243 0.0
0.366921 0.0
0.3836 0.0
0.400278 0.0
0.416956 0.0
0.433634 0.0
0.450313 0.0
0.466991 0.0
0.483669 0.0
0.500347 0.0
0.517026 0.0
0.533704 0.0
0.550382 0.0
0.56706 0.0
0.583739 0.0
0.600417 0.0
0.617095 0.0
0.633773 0.0
0.650452 0.0
0.66713 0.0
0.683808 0.0
0.700486 0.0
0.717165 0.0
0.733843 0.0
0.750521 0.0
0.767199 0.0
0.783878 0.0
0.800556 0.0
0.817234 0.0
0.833912 0.0
0.850591 0.0
0.867269 0.0
0.883947 0.0
0.900625 0.0
0.917304 0.0
0.933982 0.0
0.95066 0.0
0.967338 0.0
0.984017 0.0
1.000695 0.0
1.017373 0.0
1.034051 0.0
1.05073 0.0
1.067408 0.0
1.084086 0.0
1.100764 0.0
1.117443 0.0
1.134121 0.0
1.150799 0.0
1.167477 0.0
1.184156 0.0
1.200834 0.0
1.217512 0.0
1.23419 0.0
1.250869 0.0
1.267547 0.0
1.284225 0.0
1.300903 0.0
1.317582 0.0
1.33426 0.0
1.350938 0.0
1.367616 0.0
1.384295 0.0
1.400973 0.0
1.417651 0.0
1.434329 0.0
1.451008 0.0
1.467686 0.0
1.484364 0.0
1.501042 0.0
1.517721 0.0
1.534399 0.0
1.551077 0.0
1.567755 0.0
1.584434 0.0
1.601112 0.0
1.61779 0.0
1.634468 0.0
1.651147 0.0
1.667825 0.0
1.684503 0.0
1.701181 0.0
1.71786 0.0
1.734538 0.0
1.751216 0.0
1.767894 0.0
1.784573 0.0
1.801251 0.0
1.817929 0.0
1.834607 0.0
1.851286 0.0
1.867964 0.0
1.884642 0.0
1.90132 0.0
1.917999 0.0
1.934677 0.0
1.951355 0.0
1.968033 0.0
1.984712 0.0
2.00139 0.0
2.018068 0.0
2.034746 0.0
2.051425 0.0
2.068103 0.0
2.084781 0.0
2.101459 0.0
2.118138 0.0
2.134816 0.0
2.151494 0.0
2.168172 0.0
2.184851 0.0
2.201529 0.0
2.218207 0.0
2.234885 0.0
2.251564 0.0
2.268242 0.0
2.28492 0.0
2.301598 0.0
2.318277 0.0
2.334955 0.0
2.351633 0.0
2.368311 0.0
2.38499 0.0
2.401668 0.0
2.418346 0.0
2.435024 0.0
2.451703 0.0
2.468381 0.0
2.485059 0.0
2.501737 0.0
2.518416 0.0
2.535094 0.0
2.551772 0.0
2.56845 0.0
2.585129 0.0
2.601807 0.0
2.618485 0.0
2.635163 0.0
2.651842 0.0
2.66852 0.0
2.685198 0.0
2.701876 0.0
2.718555 0.0
2.735233 0.0
2.751911 0.0
2.768589 0.0
2.785268 0.0
2.801946 0.0
2.818624 0.0
2.835302 0.0
2.851981 0.0
2.868659 0.0
2.885337 0.0
2.902015 0.0
2.918694 0.0
2.935372 0.0
2.95205 0.0
2.968728 0.0
2.985407 0.0
3.002085 0.0
3.018763 0.0
3.035441 0.0
3.05212 0.0
3.068798 0.0
3.085476 0.0
3.102154 0.0
3.118833 0.0
3.135511 0.0
3.152189 0.0
3.168867 0.0
3.185546 0.0
3.202224 0.0
3.218902 0.0
3.23558 0.0
3.252259 0.0
3.268937 0.0
3.285615 0.0
3.302293 0.0
3.318972 0.0
3.33565 0.0
3.352328 0.0
3.369006 0.0
3.385685 0.0
3.402363 0.0
3.419041 0.0
3.435719 0.0
3.452397 0.0
3.469076 0.0
3.485754 0.0
3.502432 0.0
3.51911 0.0
3.535789 0.0
3.552467 0.0
3.569145 0.0
3.585823 0.0
3.602502 0.0
3.61918 0.0
3.635858 0.0
3.652536 0.0
3.669215 0.0
3.685893 0.0
3.702571 0.0
3.719249 0.0
3.735928 0.0
3.752606 0.0
3.769284 0.0
3.785962 0.0
3.802641 0.0
3.819319 0.0
3.835997 0.0
3.852675 0.0
3.869354 0.0
3.886032 0.0
3.90271 0.0
3.919388 0.0
3.936067 0.0
3.952745 0.0
3.969423 0.0
3.986101 0.0
4.00278 0.0
4.019458 0.0
4.036136 0.0
4.052814 0.0
4.069493 0.0
4.086171 0.0
4.102849 0.0
4.119527 0.0
4.136206 0.0
4.152884 0.0
4.169562 0.0
4.18624 0.0
4.202919 0.0
4.219597 0.0
4.236275 0.0
4.252953 0.0
4.269632 0.0
4.28631 0.0
4.302988 0.0
4.319666 0.0
4.336345 0.0
4.353023 0.0
4.369701 0.0
4.386379 0.0
4.403058 0.0
4.419736 0.0
4.436414 0.0
4.453092 0.0
4.469771 0.0
4.486449 0.0
4.503127 0.0
4.519805 0.0
4.536484 0.0
4.553162 0.0
4.56984 0.0
4.586518 0.0
4.603197 0.0
4.619875 0.0
4.636553 0.0
4.653231 0.0
4.66991 0.0
4.686588 0.0
4.703266 0.0
4.719944 0.0
4.736623 0.0
4.753301 0.0
4.769979 0.0
4.786657 0.0
4.803336 0.0
4.820014 0.0
4.836692 0.0
4.85337 0.0
4.870049 0.0
4.886727 0.0
4.903405 0.0
4.920083 0.0
4.936762 0.0
4.95344 0.0
4.970118 0.0
4.986796 0.0
5.003475 0.0
5.020153 0.0
5.036831 0.0
5.053509 0.0
5.070188 0.0
5.086866 0.0
5.103544 0.0
5.120222 0.0
5.136901 0.0
5.153579 0.0
5.170257 0.0
5.186935 0.0
5.203614 0.0
5.220292 0.0
5.23697 0.0
5.253648 0.0
5.270327 0.0
5.287005 0.0
5.303683 0.0
5.320361 0.0
5.33704 0.0
5.353718 0.0
5.370396 0.0
5.387074 0.0
5.403753 0.0
5.420431 0.0
5.437109 0.0
5.453787 0.0
5.470466 0.0
5.487144 0.0
5.503822 0.0
5.5205 0.0
5.537179 0.0
5.553857 0.0
5.570535 0.0
5.587213 0.0
5.603892 0.0
5.62057 0.0
5.637248 0.0
5.653926 0.0
5.670605 0.0
5.687283 0.0
5.703961 0.0
5.720639 0.0
5.737318 0.0
5.753996 0.0
5.770674 0.0
5.787352 0.0
5.804031 0.0
5.820709 0.0
5.837387 0.0
5.854065 0.0
5.870744 0.0
5.887422 0.0
5.9041 0.0
5.920778 0.0
5.937457 0.0
5.954135 0.0
5.970813 0.0
5.987491 0.007
6.00417 0.007
6.020848 0.011
6.037526 0.011
6.054204 0.016
6.070883 0.02
6.087561 0.02
6.104239 0.024
6.120917 0.028
6.137596 0.032
6.154274 0.04
6.170952 0.044
6.18763 0.053
6.204309 0.057
6.220987 0.065
6.237665 0.069
6.254343 0.073
6.271022 0.077
6.2877 0.082
6.304378 0.09
6.321056 0.094
6.337735 0.102
6.354413 0.111
6.371091 0.119
6.387769 0.123
6.404448 0.131
6.421126 0.135
6.437804 0.144
6.454482 0.152
6.471161 0.16
6.487839 0.164
6.504517 0.177
6.521195 0.185
6.537874 0.193
6.554552 0.201
6.57123 0.21
6.587908 0.218
6.604587 0.226
6.621265 0.234
6.637943 0.243
6.654621 0.255
6.6713 0.263
6.687978 0.276
6.704656 0.28
6.721334 0.292
6.738013 0.301
6.754691 0.309
6.771369 0.317
6.788047 0.325
6.804726 0.334
6.821404 0.342
6.838082 0.346
6.85476 0.354
6.871438 0.363
6.888117 0.371
6.904795 0.379
6.921473 0.387
6.938151 0.396
6.95483 0.404
6.971508 0.416
6.988186 0.42
7.004864 0.429
7.021543 0.437
7.038221 0.445
7.054899 0.453
7.071577 0.466
7.088256 0.474
7.104934 0.486
7.121612 0.491
7.13829 0.499
7.154969 0.507
7.171647 0.524
7.188325 0.536
7.205003 0.557
7.221682 0.581
7.23836 0.61
7.255038 0.635
7.271716 0.631
7.288395 0.656
7.305073 0.656
7.321751 0.672
7.338429 0.681
7.355108 0.693
7.371786 0.714
7.388464 0.722
7.405142 0.734
7.421821 0.743
7.438499 0.751
7.455177 0.776
7.471855 0.809
7.488534 0.784
7.505212 0.78
7.52189 0.792
7.538568 0.838
7.555247 0.817
7.571925 0.875
7.588603 0.879
7.605281 0.891
7.62196 0.899
7.638638 0.924
7.655316 0.945
7.671994 0.953
7.688673 0.941
7.705351 0.933
7.722029 0.912
7.738707 0.912
7.755386 0.908
7.772064 0.908
7.788742 0.908
7.80542 0.92
7.822099 0.937
7.838777 0.961
7.855455 0.982
7.872133 1.023
7.888812 1.081
7.90549 1.098
7.922168 1.131
7.938846 1.259
7.955525 1.288
7.972203 1.279
7.988881 1.267
8.005559 1.238
8.022238 1.234
8.038916 1.259
8.055594 1.288
8.072272 1.292
8.088951 1.292
8.105629 1.312
8.122307 1.329
8.138985 1.312
8.155664 1.35
8.172342 1.37
8.18902 1.288
8.205698 1.304
8.222377 1.304
8.239055 1.317
8.255733 1.312
8.272411 1.416
8.28909 1.49
8.305768 1.441
8.322446 1.465
8.339124 1.544
8.355803 1.593
8.372481 1.614
8.389159 1.577
8.405837 1.544
8.422516 1.581
8.439194 1.622
8.455872 1.659
8.47255 1.622
8.489229 1.726
8.505907 1.618
8.522585 1.8
8.539263 1.767
8.555942 1.812
8.57262 1.849
8.589298 2.097
8.605976 2.172
8.622655 2.064
8.639333 2.238
8.656011 2.345
8.672689 2.374
8.689368 2.395
8.706046 2.436
8.722724 2.461
8.739402 2.469
8.756081 2.49
8.772759 2.527
8.789437 2.552
8.806115 2.585
8.822794 2.614
8.839472 2.609
8.85615 2.63
8.872828 2.643
8.889507 2.651
8.906185 2.667
8.922863 2.692
8.939541 2.733
8.95622 2.419
8.972898 2.192
8.989576 2.114
9.006254 1.903
9.022933 1.903
9.039611 1.932
9.056289 2.039
9.072967 2.13
9.089646 2.011
9.106324 2.139
9.123002 2.213
9.13968 2.386
9.156359 2.49
9.173037 2.671
9.189715 2.692
9.206393 2.506
9.223072 2.366
9.23975 2.196
9.256428 2.655
9.273106 2.82
9.289785 2.845
9.306463 2.634
9.323141 2.626
9.339819 2.99
9.356498 2.936
9.373176 2.766
9.389854 2.791
9.406532 2.886
9.423211 2.729
9.439889 2.824
9.456567 2.837
9.473245 2.713
9.489924 2.775
9.506602 2.779
9.52328 2.783
9.539958 2.783
9.556637 2.771
9.573315 2.969
9.589993 3.027
9.606671 2.857
9.62335 2.994
9.640028 2.849
9.656706 2.919
9.673384 3.056
9.690063 3.118
9.706741 3.043
9.723419 3.002
9.740097 3.027
9.756776 2.932
9.773454 3.014
9.790132 3.039
9.80681 3.01
9.823489 3.039
9.840167 3.056
9.856845 3.081
9.873523 3.126
9.890202 3.204
9.90688 3.32
9.923558 3.303
9.940236 3.275
9.956915 3.213
9.973593 3.179
9.990271 3.184
10.006949 3.188
10.023628 3.374
10.040306 3.473
10.056984 3.332
10.073662 3.373
10.090341 3.547
10.107019 3.584
10.123697 3.316
10.140375 3.25
10.157054 3.423
10.173732 3.349
10.19041 3.382
10.207088 3.212
10.223767 3.493
10.240445 3.088
10.257123 3.064
10.273801 3.088
10.290479 3.221
10.307158 3.217
10.323836 3.192
10.340514 3.188
10.357192 3.196
10.373871 3.25
10.390549 3.283
10.407227 3.307
10.423905 3.526
10.440584 3.423
10.457262 3.345
10.47394 3.34
10.490618 3.588
10.507297 3.543
10.523975 3.386
10.540653 3.572
10.557331 3.477
10.57401 3.34
10.590688 3.398
10.607366 3.46
10.624044 3.427
10.640723 3.489
10.657401 3.477
10.674079 3.563
10.690757 3.514
10.707436 3.51
10.724114 3.526
10.740792 3.625
10.75747 3.844
10.774149 3.683
10.790827 3.58
10.807505 3.592
10.824183 3.683
10.840862 3.691
10.85754 3.654
10.874218 3.605
10.890896 3.522
10.907575 3.522
10.924253 3.444
10.940931 3.365
10.957609 3.373
10.974288 3.468
10.990966 3.568
11.007644 3.485
11.024322 3.568
11.041001 4.53
11.057679 3.539
11.074357 3.361
11.091035 3.287
11.107714 3.245
11.124392 3.192
11.14107 3.109
11.157748 3.113
11.174427 3.097
11.191105 3.08
11.207783 3.072
11.224461 3.068
11.24114 3.08
11.257818 3.072
11.274496 3.035
11.291174 2.977
11.307853 3.002
11.324531 2.923
11.341209 2.87
11.357887 2.841
11.374566 2.849
11.391244 2.816
11.407922 2.82
11.4246 2.853
11.441279 2.87
11.457957 2.894
11.474635 3.183
11.491313 3.324
11.507992 2.948
11.52467 2.882
11.541348 2.841
11.558026 2.799
11.574705 2.762
11.591383 2.721
11.608061 2.7
11.624739 2.7
11.641418 2.733
11.658096 2.812
11.674774 2.754
11.691452 2.713
11.708131 2.708
11.724809 2.7
11.741487 2.704
11.758165 2.713
11.774844 2.737
11.791522 2.775
11.8082 2.82
11.824878 2.882
11.841557 2.985
11.858235 3.084
11.874913 3.084
11.891591 3.113
11.90827 3.155
11.924948 3.204
11.941626 3.274
11.958304 3.361
11.974983 3.601
11.991661 4.105
12.008339 3.729
12.025017 5.026
12.041696 4.261
12.058374 3.956
12.075052 3.981
12.09173 4.022
12.108409 3.96
12.125087 3.621
12.141765 3.353
12.158443 3.155
12.175122 3.043
12.1918 2.981
12.208478 2.948
12.225156 2.94
12.241835 2.911
12.258513 2.96
12.275191 3.121
12.291869 2.82
12.308548 2.746
12.325226 2.717
12.341904 2.692
12.358582 2.675
12.375261 2.659
12.391939 2.634
12.408617 2.609
12.425295 2.597
12.441974 2.589
12.458652 2.576
12.47533 2.568
12.492008 2.556
12.508687 2.556
12.525365 2.568
12.542043 2.609
12.558721 2.585
12.5754 2.523
12.592078 2.49
12.608756 2.473
12.625434 2.469
12.642113 2.461
12.658791 2.448
12.675469 2.423
12.692147 2.386
12.708826 2.324
12.725504 2.271
12.742182 2.229
12.75886 2.205
12.775539 2.2
12.792217 2.2
12.808895 2.225
12.825573 2.25
12.842252 2.271
12.85893 2.283
12.875608 2.295
12.892286 2.3
12.908965 2.275
12.925643 2.242
12.942321 2.217
12.958999 2.2
12.975678 2.192
12.992356 2.196
13.009034 2.209
13.025712 2.233
13.042391 2.262
13.059069 2.291
13.075747 2.32
13.092425 2.345
13.109104 2.349
13.125782 2.341
13.14246 2.324
13.159138 2.295
13.175817 2.271
13.192495 2.262
13.209173 2.262
13.225851 2.279
13.24253 2.304
13.259208 2.345
13.275886 2.382
13.292564 2.419
13.309243 2.44
13.325921 2.473
13.342599 2.539
13.359277 2.696
13.375956 2.638
13.392634 2.605
13.409312 2.506
13.42599 2.485
13.442669 2.49
13.459347 2.502
13.476025 2.564
13.492703 2.605
13.509382 2.58
13.52606 2.552
13.542738 2.527
13.559416 2.51
13.576095 2.477
13.592773 2.44
13.609451 2.428
13.626129 2.407
13.642808 2.423
13.659486 2.44
13.676164 2.469
13.692842 2.518
13.709521 2.572
13.726199 2.638
13.742877 2.713
13.759555 2.799
13.776233 2.944
13.792912 2.981
13.80959 3.014
13.826268 3.068
13.842946 3.109
13.859625 3.188
13.876303 4.047
13.892981 3.394
13.909659 2.936
13.926338 2.803
13.943016 2.737
13.959694 2.713
13.976372 2.717
13.993051 2.75
14.009729 2.882
14.026407 3.245
14.043085 3.46
14.059764 3.468
14.076442 3.791
14.09312 4.233
14.109798 4.493
14.126477 4.526
14.143155 4.026
14.159833 3.568
14.176511 3.828
14.19319 4.146
14.209868 3.836
14.226546 4.373
14.243224 4.431
14.259903 4.555
14.276581 4.968
14.293259 4.972
14.309937 4.893
14.326616 4.274
14.343294 4.142
14.359972 4.216
14.37665 3.766
14.393329 4.472
14.410007 4.836
14.426685 4.869
14.443363 4.836
14.460042 4.765
14.47672 4.749
14.493398 4.798
14.510076 4.79
14.526755 4.819
14.543433 4.811
14.560111 4.782
14.576789 4.732
14.593468 4.695
14.610146 4.683
14.626824 4.691
14.643502 4.637
14.660181 4.612
14.676859 4.596
14.693537 4.571
14.710215 4.468
14.726894 4.612
14.743572 4.641
14.76025 4.629
14.776928 4.588
14.793607 4.476
14.810285 4.381
14.826963 4.385
14.843641 4.315
14.86032 4.323
14.876998 4.328
14.893676 4.299
14.910354 4.249
14.927033 4.224
14.943711 4.179
14.960389 4.1
14.977067 4.047
14.993746 4.005
15.010424 3.976
15.027102 4.005
15.04378 4.03
15.060459 4.001
15.077137 3.683
15.093815 3.411
15.110493 3.415
15.127172 3.345
15.14385 3.588
15.160528 4.026
15.177206 4.038
15.193885 4.026
15.210563 4.009
15.227241 3.985
15.243919 3.935
15.260598 3.894
15.277276 3.857
15.293954 3.836
15.310632 3.791
15.327311 3.687
15.343989 3.601
15.360667 3.452
15.377345 3.439
15.394024 3.439
15.410702 3.439
15.42738 3.468
15.444058 3.448
15.460737 3.435
15.477415 3.427
15.494093 3.398
15.510771 3.378
15.52745 3.266
15.544128 3.064
15.560806 3.064
15.577484 2.936
15.594163 2.836
15.610841 2.485
15.627519 2.688
15.644197 2.931
15.660876 3.039
15.677554 3.15
15.694232 3.295
15.71091 3.254
15.727589 3.307
15.744267 3.278
15.760945 3.299
15.777623 3.369
15.794302 3.402
15.81098 3.394
15.827658 3.373
15.844336 3.34
15.861015 3.295
15.877693 3.225
15.894371 3.204
15.911049 3.179
15.927728 3.159
15.944406 3.126
15.961084 3.113
15.977762 3.138
15.994441 3.183
16.011119 3.196
16.027797 3.221
16.044475 3.245
16.061154 3.233
16.077832 3.229
16.09451 3.192
16.111188 3.159
16.127867 3.155
16.144545 3.13
16.161223 3.097
16.177901 3.039
16.19458 2.977
16.211258 2.903
16.227936 2.836
16.244614 2.746
16.261293 2.68
16.277971 2.531
16.294649 2.56
16.311327 2.502
16.328006 2.485
16.344684 2.494
16.361362 2.49
16.37804 2.531
16.394719 2.514
16.411397 2.444
16.428075 2.316
16.444753 2.081
16.461432 1.866
16.47811 1.643
16.494788 1.436
16.511466 1.321
16.528145 1.226
16.544823 1.127
16.561501 1.023
16.578179 0.895
16.594858 0.755
16.611536 0.631
16.628214 0.528
16.644892 0.453
16.661571 0.396
16.678249 0.358
16.694927 0.329
16.711605 0.309
16.728284 0.284
16.744962 0.263
16.76164 0.239
16.778318 0.218
16.794997 0.201
16.811675 0.185
16.828353 0.173
16.845031 0.156
16.86171 0.144
16.878388 0.135
16.895066 0.131
16.911744 0.127
16.928423 0.131
16.945101 0.131
16.961779 0.131
16.978457 0.131
16.995136 0.131
17.011814 0.135
17.028492 0.135
17.04517 0.139
17.061849 0.144
17.078527 0.144
17.095205 0.139
17.111883 0.135
17.128562 0.127
17.14524 0.115
17.161918 0.111
17.178596 0.102
17.195274 0.098
17.211953 0.094
17.228631 0.094
17.245309 0.094
17.261987 0.094
17.278666 0.094
17.295344 0.094
17.312022 0.094
17.3287 0.094
17.345379 0.094
17.362057 0.09
17.378735 0.094
17.395413 0.094
17.412092 0.098
17.42877 0.098
17.445448 0.111
17.462126 0.115
17.478805 0.115
17.495483 0.115
17.512161 0.111
17.528839 0.106
17.545518 0.102
17.562196 0.094
17.578874 0.09
17.595552 0.086
17.612231 0.077
17.628909 0.073
17.645587 0.065
17.662265 0.065
17.678944 0.057
17.695622 0.057
17.7123 0.057
17.728978 0.057
17.745657 0.065
17.762335 0.065
17.779013 0.073
17.795691 0.077
17.81237 0.086
17.829048 0.09
17.845726 0.102
17.862404 0.106
17.879083 0.111
17.895761 0.106
17.912439 0.102
17.929117 0.098
17.945796 0.094
17.962474 0.086
17.979152 0.082
17.99583 0.073
18.012509 0.073
18.029187 0.069
18.045865 0.065
18.062543 0.057
18.079222 0.053
18.0959 0.049
18.112578 0.04
18.129256 0.04
18.145935 0.036
18.162613 0.032
18.179291 0.032
18.195969 0.028
18.212648 0.028
18.229326 0.024
18.246004 0.024
18.262682 0.024
18.279361 0.02
18.296039 0.0
18.312717 0.0
18.329395 0.0
18.346074 0.0
18.362752 0.0
18.37943 0.0
18.396108 0.02
18.412787 0.0
18.429465 0.0
18.446143 0.0
18.462821 0.0
18.4795 0.0
18.496178 0.0
18.512856 0.0
18.529534 0.0
18.546213 0.0
18.562891 0.0
18.579569 0.0
18.596247 0.0
18.612926 0.0
18.629604 0.0
18.646282 0.0
18.66296 0.0
18.679639 0.0
18.696317 0.0
18.712995 0.0
18.729673 0.0
18.746352 0.0
18.76303 0.0
18.779708 0.0
18.796386 0.0
18.813065 0.011
18.829743 0.007
18.846421 0.007
18.863099 0.007
18.879778 0.007
18.896456 0.007
18.913134 0.007
18.929812 0.011
18.946491 0.007
18.963169 0.007
18.979847 0.007
18.996525 0.003
19.013204 0.003
19.029882 0.003
19.04656 0.003
19.063238 0.003
19.079917 0.003
19.096595 0.003
19.113273 0.003
19.129951 0.003
19.14663 0.003
19.163308 0.003
19.179986 0.003
19.196664 0.003
19.213343 0.003
19.230021 0.003
19.246699 0.0
19.263377 0.0
19.280056 0.003
19.296734 0.003
19.313412 0.003
19.33009 0.0
19.346769 0.0
19.363447 0.0
19.380125 0.0
19.396803 0.0
19.413482 0.0
19.43016 0.0
19.446838 0.0
19.463516 0.0
19.480195 0.0
19.496873 0.0
19.513551 0.0
19.530229 0.0
19.546908 0.0
19.563586 0.0
19.580264 0.0
19.596942 0.0
19.613621 0.0
19.630299 0.0
19.646977 0.0
19.663655 0.0
19.680334 0.0
19.697012 0.0
19.71369 0.0
19.730368 0.0
19.747047 0.0
19.763725 0.0
19.780403 0.0
19.797081 0.0
19.81376 0.0
19.830438 0.0
19.847116 0.0
19.863794 0.0
19.880473 0.0
19.897151 0.0
19.913829 0.0
19.930507 0.0
19.947186 0.0
19.963864 0.0
19.980542 0.0
19.99722 0.0
20.013899 0.0
20.030577 0.0
20.047255 0.0
20.063933 0.0
20.080612 0.0
20.09729 0.0
20.113968 0.0
20.130646 0.0
20.147325 0.0
20.164003 0.0
20.180681 0.0
20.197359 0.0
20.214038 0.0
20.230716 0.0
20.247394 0.0
20.264072 0.0
20.280751 0.0
20.297429 0.0
20.314107 0.0
20.330785 0.0
20.347464 0.0
20.364142 0.0
20.38082 0.0
20.397498 0.0
20.414177 0.0
20.430855 0.0
20.447533 0.0
20.464211 0.0
20.48089 0.0
20.497568 0.0
20.514246 0.0
20.530924 0.0
20.547603 0.0
20.564281 0.0
20.580959 0.0
20.597637 0.0
20.614315 0.0
20.630994 0.0
20.647672 0.0
20.66435 0.0
20.681028 0.0
20.697707 0.0
20.714385 0.0
20.731063 0.0
20.747741 0.0
20.76442 0.0
20.781098 0.0
20.797776 0.0
20.814454 0.0
20.831133 0.0
20.847811 0.0
20.864489 0.0
20.881167 0.0
20.897846 0.0
20.914524 0.0
20.931202 0.0
20.94788 0.0
20.964559 0.0
20.981237 0.0
20.997915 0.0
21.014593 0.0
21.031272 0.0
21.04795 0.0
21.064628 0.0
21.081306 0.0
21.097985 0.0
21.114663 0.0
21.131341 0.0
21.148019 0.0
21.164698 0.0
21.181376 0.0
21.198054 0.0
21.214732 0.0
21.231411 0.0
21.248089 0.0
21.264767 0.0
21.281445 0.0
21.298124 0.0
21.314802 0.0
21.33148 0.0
21.348158 0.0
21.364837 0.0
21.381515 0.0
21.398193 0.0
21.414871 0.0
21.43155 0.0
21.448228 0.0
21.464906 0.0
21.481584 0.0
21.498263 0.0
21.514941 0.0
21.531619 0.0
21.548297 0.0
21.564976 0.0
21.581654 0.0
21.598332 0.0
21.61501 0.0
21.631689 0.0
21.648367 0.0
21.665045 0.0
21.681723 0.0
21.698402 0.0
21.71508 0.0
21.731758 0.0
21.748436 0.0
21.765115 0.0
21.781793 0.0
21.798471 0.0
21.815149 0.0
21.831828 0.0
21.848506 0.0
21.865184 0.0
21.881862 0.0
21.898541 0.0
21.915219 0.0
21.931897 0.0
21.948575 0.0
21.965254 0.0
21.981932 0.0
21.99861 0.0
22.015288 0.0
22.031967 0.0
22.048645 0.0
22.065323 0.0
22.082001 0.0
22.09868 0.0
22.115358 0.0
22.132036 0.0
22.148714 0.0
22.165393 0.0
22.182071 0.0
22.198749 0.0
22.215427 0.0
22.232106 0.0
22.248784 0.0
22.265462 0.0
22.28214 0.0
22.298819 0.0
22.315497 0.0
22.332175 0.0
22.348853 0.0
22.365532 0.0
22.38221 0.0
22.398888 0.0
22.415566 0.0
22.432245 0.0
22.448923 0.0
22.465601 0.0
22.482279 0.0
22.498958 0.0
22.515636 0.0
22.532314 0.0
22.548992 0.0
22.565671 0.0
22.582349 0.0
22.599027 0.0
22.615705 0.0
22.632384 0.0
22.649062 0.0
22.66574 0.0
22.682418 0.0
22.699097 0.0
22.715775 0.0
22.732453 0.0
22.749131 0.0
22.76581 0.0
22.782488 0.0
22.799166 0.0
22.815844 0.0
22.832523 0.0
22.849201 0.0
22.865879 0.0
22.882557 0.0
22.899236 0.0
22.915914 0.0
22.932592 0.0
22.94927 0.0
22.965949 0.0
22.982627 0.0
22.999305 0.0
23.015983 0.0
23.032662 0.0
23.04934 0.0
23.066018 0.0
23.082696 0.0
23.099375 0.0
23.116053 0.0
23.132731 0.0
23.149409 0.0
23.166088 0.0
23.182766 0.0
23.199444 0.0
23.216122 0.0
23.232801 0.0
23.249479 0.0
23.266157 0.0
23.282835 0.0
23.299514 0.0
23.316192 0.0
23.33287 0.0
23.349548 0.0
23.366227 0.0
23.382905 0.0
23.399583 0.0
23.416261 0.0
23.43294 0.0
23.449618 0.0
23.466296 0.0
23.482974 0.0
23.499653 0.0
23.516331 0.0
23.533009 0.0
23.549687 0.0
23.566366 0.0
23.583044 0.0
23.599722 0.0
23.6164 0.0
23.633079 0.0
23.649757 0.0
23.666435 0.0
23.683113 0.0
23.699792 0.0
23.71647 0.0
23.733148 0.0
23.749826 0.0
23.766505 0.0
23.783183 0.0
23.799861 0.0
23.816539 0.0
23.833218 0.0
23.849896 0.0
23.866574 0.0
23.883252 0.0
23.899931 0.0
23.916609 0.0
23.933287 0.0
23.949965 0.0
23.966644 0.0
23.983322 0.0
24.0 0.0
