10 171.16132617151322
10.016666666666667 169.77761574917974
10.033333333333335 177.2111997033191
10.050000000000002 175.24608093328473
10.06666666666667 177.07122093023253
10.083333333333337 164.15094339622644
10.100000000000005 152.80442204519588
10.116666666666672 151.68323180506576
10.13333333333334 147.88732394366198
10.150000000000007 142.08932626797878
10.166666666666675 141.2968773345286
10.183333333333342 139.17828319882614
10.20000000000001 138.92519970951346
10.216666666666677 136.500926057843
10.233333333333345 136.4817167866723
10.250000000000012 124.8835662009315
10.26666666666668 114.6992197331991
10.283333333333347 108.0561267690819
10.300000000000015 107.50657422902223
10.316666666666682 103.20297087153303
10.33333333333335 105.2295177222545
10.350000000000017 105.01899389892944
10.366666666666685 105.80142169227238
10.383333333333352 106.26423690205011
10.40000000000002 105.65378984119836
10.416666666666687 109.27588950778676
10.433333333333355 116.11551001397298
10.450000000000022 125.04209766658646
10.46666666666669 129.8696552564259
10.483333333333357 129.73789104964368
10.500000000000025 124.64532770547541
10.516666666666692 120.8118925100057
10.53333333333336 125.07517927365257
10.550000000000027 131.16821879052222
10.566666666666695 141.74210912649866
10.583333333333362 149.4674852775341
10.60000000000003 150.59337913803873
10.616666666666697 149.4443072363547
10.633333333333365 156.10369997483008
10.650000000000032 165.57844280347194
10.6666666666667 169.8391946659694
10.683333333333367 183.2425068119891
10.700000000000035 188.9471505450531
10.716666666666702 146.9265893923428
10.73333333333337 130.18540605009213
10.750000000000037 123.8743455497382
10.766666666666705 112.62721074992591
10.783333333333372 105.71754202678316
10.80000000000004 99.94499449944995
10.816666666666707 101.65365181442351
10.833333333333375 103.50230414746544
10.850000000000042 106.67534399404983
10.86666666666671 106.49566340653257
10.883333333333377 102.66378689704825
10.900000000000045 101.49386448515027
10.916666666666712 106.0551287844555
10.93333333333338 109.98168498168498
10.950000000000047 122.42576166602389
10.966666666666715 130.78452818932084
10.983333333333382 132.73198445131067
11.00000000000005 115.70969223702343
11.016666666666717 103.90193370165746
11.033333333333385 101.8699532511687
11.050000000000052 103.05992350191245
11.06666666666672 105.89747985599176
11.083333333333387 111.99087078651685
11.100000000000055 122.34432234432234
11.116666666666722 124.34542949012402
11.13333333333339 126.26728110599079
11.150000000000057 140.9885708703722
11.166666666666725 148.77119069114252
11.183333333333392 134.17245913958294
11.20000000000006 143.13573299699235
11.216666666666727 140.08390541571322
11.233333333333395 148.86833300531393
11.250000000000062 152.28174603174605
11.26666666666673 154.75929432871524
11.283333333333397 165.67349472377404
11.300000000000065 179.263670817542
11.316666666666732 208.7552114353782
11.3333333333334 220.1770564367392
11.350000000000067 224.9285803005838
11.366666666666735 225.69091585078695
11.383333333333402 214.99164478395804
11.40000000000007 232.6223337515684
11.416666666666737 235.01132645356154
11.433333333333405 192.68826619964977
11.450000000000072 168.7493741864424
11.46666666666674 174.3939702587085
11.483333333333407 130.89389286932786
11.500000000000075 107.29103111653448
11.516666666666742 87.84416299559471
11.53333333333341 80.90584972930147
11.550000000000077 79.28156985461897
11.566666666666745 78.51367958088095
11.583333333333412 80.11049723756909
11.60000000000008 77.92432294000896
11.616666666666747 75.49044265593564
11.633333333333415 76.8978148288493
11.650000000000082 78.7713050114475
11.66666666666675 75.76323987538942
11.683333333333417 72.31724389798529
11.700000000000085 75.42341451353688
11.716666666666752 75.84248858165658
11.73333333333342 72.49079606494054
11.750000000000087 74.26175720014582
11.766666666666755 77.76816608996539
11.783333333333422 69.76470588235294
11.80000000000009 67.87474630327631
11.816666666666757 67.20423914295588
11.833333333333425 68.40157298172568
11.850000000000092 74.81889480931567
11.86666666666676 73.66548042704626
11.883333333333427 72.40366541353383
11.900000000000095 74.97771173848439
11.916666666666762 71.12051475276797
11.93333333333343 68.50734373220993
11.950000000000097 68.13056043520147
11.966666666666764 70.721909789969
11.983333333333432 73.15062129833933
12.0000000000001 71.35813793498824
12.016666666666767 74.67350746268654
12.033333333333434 74.60317460317461
12.050000000000102 77.29869823879366
12.06666666666677 73.95316645518513
12.083333333333437 80.7365777830922
12.100000000000104 97.09786569495053
12.116666666666772 104.70794550114663
12.13333333333344 115.99545422260104
12.150000000000107 114.74901297236323
12.166666666666774 99.86906710310967
12.183333333333442 94.98820378754067
12.20000000000011 84.9906417919459
12.216666666666777 85.48972188633617
12.233333333333444 80.19813588135295
12.250000000000112 71.41743681104555
12.26666666666678 75.21731719788649
12.283333333333447 78.2189646216887
12.300000000000114 83.13781253703043
12.316666666666782 88.4393063583815
12.33333333333345 92.4582220289495
12.350000000000117 84.16370106761566
12.366666666666784 79.79412445061301
12.383333333333452 84.12491867273911
12.40000000000012 92.88146084803466
12.416666666666787 96.31284213175613
12.433333333333454 101.2371931181133
12.450000000000122 113.53917617323587
12.46666666666679 109.7498826527191
12.483333333333457 116.97263595427778
12.500000000000124 109.74434479989294
12.516666666666792 106.95342393455601
12.53333333333346 105.12485292195058
12.550000000000127 112.72702629438872
12.566666666666794 119.77484092021538
12.583333333333462 123.09711286089237
12.60000000000013 127.28585873176368
12.616666666666797 135.05262372172874
12.633333333333464 140.45801526717557
12.650000000000132 129.79871645274213
12.6666666666668 126.8768444540416
12.683333333333467 128.19714844032717
12.700000000000134 122.81879194630872
12.716666666666802 122.43372814438804
12.73333333333347 117.85664963402846
12.750000000000137 112.88798920377869
12.766666666666804 106.5466448445172
12.783333333333472 102.15288011789583
12.80000000000014 95.86540849267445
12.816666666666807 90.81891859199227
12.833333333333474 93.07051909892263
12.850000000000142 99.34247961054562
12.86666666666681 103.1703073651653
12.883333333333477 111.68569509738079
12.900000000000144 125.22522522522522
12.916666666666812 124.96070867266754
12.93333333333348 123.67486144663921
12.950000000000147 121.79921037789059
12.966666666666814 119.49176207763193
12.983333333333482 113.80906986245407
13.00000000000015 108.54655413039146
13.016666666666817 97.2459758551308
13.033333333333484 85.7447564877355
13.050000000000152 80.2175038839979
13.06666666666682 80.04488175384085
13.083333333333487 81.3910319624108
13.100000000000154 85.79754966099678
13.116666666666822 90.1773200901834
13.13333333333349 90.80558276199802
13.150000000000157 90.62193927522037
13.166666666666824 91.12586037364798
13.183333333333492 87.26636922705895
13.20000000000016 87.23558564003386
13.216666666666827 89.85169751195001
13.233333333333494 91.11468116658428
13.250000000000162 96.1643487648441
13.26666666666683 96.34674134419551
13.283333333333497 93.01873785799336
13.300000000000164 91.02938435733365
13.316666666666832 80.77398833716205
13.3333333333335 79.86033683469279
13.350000000000167 79.26629160806378
13.366666666666834 80.8813077469794
13.383333333333502 82.81118713239707
13.400000000000169 89.59501557632399
13.416666666666837 97.3231109089728
13.433333333333504 88.23383239112877
13.450000000000172 79.10447761194031
13.466666666666839 76.19242220795144
13.483333333333507 76.26741599344338
13.500000000000174 78.72011419055546
13.516666666666842 76.65429261681693
13.533333333333509 81.60291438979961
13.550000000000177 78.71473917470203
13.566666666666844 78.67002760773018
13.583333333333512 79.50423216444983
13.600000000000179 82.62531598742217
13.616666666666847 88.22479928635147
13.633333333333514 89.83181906050646
13.650000000000182 87.33660651661035
13.666666666666849 86.06718740077474
13.683333333333517 74.63542911785801
13.700000000000184 71.70467267691944
13.716666666666852 73.25699290272556
13.733333333333519 76.1522558676882
13.750000000000187 78.58026218154835
13.766666666666854 74.993921711646
13.783333333333522 70.10431484115693
13.800000000000189 71.40974177700558
13.816666666666857 72.25342755330072
13.833333333333524 73.607289182413
13.850000000000191 75.94087690970066
13.866666666666859 77.8267716535433
13.883333333333526 77.39393557334678
13.900000000000194 79.59392813680907
13.916666666666861 82.91325695581014
13.933333333333529 82.74911382434027
13.950000000000196 85.00233504570018
13.966666666666864 85.06602319190297
13.983333333333531 85.76248313090417
14.000000000000199 88.42770753161076
14.016666666666866 87.00356066831006
14.033333333333534 88.12223451327436
14.050000000000201 88.35140394773423
14.066666666666869 86.68235619851875
14.083333333333536 84.86932599724895
14.100000000000204 85.0878406418592
14.116666666666871 86.65079142737079
14.133333333333539 87.4955845990816
14.150000000000206 85.03992155764112
14.166666666666874 87.26858444887496
14.183333333333541 88.44022169437845
14.200000000000209 87.48651564185542
14.216666666666876 88.45315904139436
14.233333333333544 86.40762675140836
14.250000000000211 88.21376281112737
14.266666666666879 90.67133596602342
14.283333333333546 92.89340101522842
14.300000000000214 93.43511450381679
14.316666666666881 94.0873046423897
14.333333333333549 96.24560031286666
14.350000000000216 97.93814432989691
14.366666666666884 98.83087764253682
14.383333333333551 99.83825313384553
14.400000000000219 101.34338138925295
14.416666666666886 100.47556575926534
14.433333333333554 99.01800327332242
14.450000000000221 99.40623453735772
14.466666666666889 97.94238683127571
14.483333333333556 99.8496114963656
14.500000000000224 101.91899465059015
14.516666666666891 106.33397312859884
14.533333333333559 108.71417162126187
14.550000000000226 108.11821256898702
14.566666666666894 105.79119808731072
14.583333333333561 103.48683631240644
14.600000000000229 103.74478658266041
14.616666666666896 105.23193096008629
14.633333333333564 104.32432432432432
14.650000000000231 103.79575237234525
14.666666666666899 101.89189189189187
14.683333333333566 97.81488719133061
14.700000000000234 95.96210041618701
14.716666666666901 96.67143879742305
14.733333333333569 96.33225458468178
14.750000000000236 95.49549549549549
14.766666666666904 95.87535204869629
14.783333333333571 93.68554369459021
14.800000000000239 89.72437784318971
14.816666666666906 87.21744526194487
14.833333333333574 84.07654494382024
14.850000000000241 82.6712268701219
14.866666666666909 80.97488404655643
14.883333333333576 80.87263111502865
14.900000000000244 79.9011822833951
14.916666666666911 82.14542836573075
14.933333333333579 78.64129468255379
14.950000000000246 79.26138916344686
14.966666666666914 78.93975031662747
14.983333333333581 79.94505494505495
15.000000000000249 77.35334242837654
15.016666666666916 76.92237359422145
15.033333333333584 78.10760667903524
15.050000000000251 78.55469116130847
15.066666666666919 78.11704834605598
15.083333333333586 76.52042929768406
15.100000000000254 76.75567803858215
15.116666666666921 76.504352817373
15.133333333333589 81.54761904761904
15.150000000000256 87.42255266418834
15.166666666666924 93.81931732529341
15.183333333333591 98.95229603209988
15.200000000000259 106.10153702841174
15.216666666666926 114.86287952987264
15.233333333333594 107.71619684663162
15.250000000000261 99.00727230751473
15.266666666666929 95.69449215618916
15.283333333333596 89.54906568199617
15.300000000000264 91.23006833712984
15.316666666666931 93.75873311597577
15.333333333333599 95.6109134045077
15.350000000000266 94.36184132270724
15.366666666666934 90.98737761000353
15.383333333333601 82.93795620437956
15.400000000000269 86.31937111345769
15.416666666666936 89.60945033751204
15.433333333333604 96.34530560806552
15.450000000000271 93.33416865054502
15.466666666666939 87.20901739769664
15.483333333333606 85.75813382443216
15.500000000000274 81.59776942659717
15.516666666666941 79.77936719602376
15.533333333333609 79.85787797108554
15.550000000000276 83.23881537492123
15.566666666666944 81.63445749652647
15.583333333333611 77.5118424333084
15.600000000000279 74.87898721608538
15.616666666666946 76.07679676645192
15.633333333333614 76.65898027158595
15.650000000000281 76.97394010112797
15.666666666666949 76.49365930186953
15.683333333333616 77.78665601278466
15.700000000000284 79.54298150163221
15.716666666666951 81.54017236586041
15.733333333333618 84.07180510044167
15.750000000000286 83.89976958525347
15.766666666666953 84.8382847943802
15.783333333333621 86.29646215853113
15.800000000000288 88.13843573715505
15.816666666666956 90.438993907202
15.833333333333623 89.6144767899292
15.850000000000291 88.62844472600568
15.866666666666958 87.09267207121287
15.883333333333626 84.86727070418058
15.900000000000293 84.19365181147805
15.916666666666961 82.44655200128597
15.933333333333628 80.89398095852833
15.950000000000296 80.14646053702198
15.966666666666963 83.79014629224818
15.983333333333631 88.66934778807483
