10 181.16317836636412
10.016666666666667 179.4385709077652
10.033333333333335 187.03875394029293
10.050000000000002 184.90703609187022
10.06666666666667 186.8822674418605
10.083333333333337 173.41337907375643
10.100000000000005 161.58348236059174
10.116666666666672 160.500160307791
10.13333333333334 156.6510172143975
10.150000000000007 150.5677517032551
10.166666666666675 149.51441804870763
10.183333333333342 147.39545121056491
10.20000000000001 147.05882352941177
10.216666666666677 144.4792705513606
10.233333333333345 144.52915431314412
10.250000000000012 132.46839654025283
10.26666666666668 121.74679083815755
10.283333333333347 115.0719729043184
10.300000000000015 114.3198661247908
10.316666666666682 109.81780201926424
10.33333333333335 111.96978500871586
10.350000000000017 111.69563715897318
10.366666666666685 112.56592524650308
10.383333333333352 112.87015945330296
10.40000000000002 112.298682284041
10.416666666666687 115.9827213822894
10.433333333333355 122.98556124825339
10.450000000000022 132.1385614625932
10.46666666666669 137.05688878060664
10.483333333333357 136.86435559850221
10.500000000000025 131.68015007621057
10.516666666666692 127.5586049170955
10.53333333333336 132.0148045338885
10.550000000000027 138.2411882588707
10.566666666666695 149.082456569611
10.583333333333362 156.98534018293446
10.60000000000003 158.0886945658963
10.616666666666697 156.85354408495925
10.633333333333365 163.78051849987415
10.650000000000032 173.3514703977199
10.6666666666667 177.94482938946268
10.683333333333367 191.68937329700267
10.700000000000035 197.36442665930727
10.716666666666702 153.95152792413066
10.73333333333337 136.90773067331668
10.750000000000037 130.26178010471205
10.766666666666705 118.75308763956133
10.783333333333372 111.6060404596828
10.80000000000004 105.62889622295563
10.816666666666707 107.34956361966009
10.833333333333375 109.30875576036865
10.850000000000042 112.53253997768687
10.86666666666671 112.21627606569479
10.883333333333377 108.24334053275739
10.900000000000045 107.00693579939534
10.916666666666712 111.65838228648892
10.93333333333338 115.75091575091575
10.950000000000047 128.49980717315847
10.966666666666715 137.04882171621756
10.983333333333382 139.01126283265225
11.00000000000005 121.58934313275148
11.016666666666717 109.34046961325967
11.033333333333385 107.30981725456863
11.050000000000052 108.41478963025924
11.06666666666672 111.38350762900737
11.083333333333387 117.60884831460676
11.100000000000055 128.2051282051282
11.116666666666722 130.22508038585207
11.13333333333339 132.16589861751154
11.150000000000057 147.33808733027251
11.166666666666725 155.2914033503862
11.183333333333392 140.1841067067443
11.20000000000006 149.3451052682643
11.216666666666727 146.2814645308924
11.233333333333395 155.36311749655582
11.250000000000062 158.7301587301587
11.26666666666673 161.13824379547495
11.283333333333397 172.39809642044278
11.300000000000065 186.4103952355171
11.316666666666732 216.49791542584873
11.3333333333334 228.16918726177306
11.350000000000067 233.00211153893926
11.366666666666735 233.62250588672703
11.383333333333402 222.86941990928628
11.40000000000007 240.7779171894605
11.416666666666737 243.31739239869114
11.433333333333405 199.69352014010508
11.450000000000072 175.35796535496146
11.46666666666674 181.32002444489711
11.483333333333407 136.5233708631866
11.500000000000075 112.32458816351435
11.516666666666742 92.38711453744497
11.53333333333341 85.13138782516833
11.550000000000077 83.58432753112982
11.566666666666745 82.78248496216287
11.583333333333412 84.33539161520964
11.60000000000008 82.277994749984
11.616666666666747 79.6403420523139
11.633333333333415 81.0660603764052
11.650000000000082 82.96871025184434
11.66666666666675 79.8753894080997
11.683333333333417 76.33453040355471
11.700000000000085 79.62665348003462
11.716666666666752 79.97778052092336
11.73333333333342 76.53449212384572
11.750000000000087 78.27196500182282
11.766666666666755 81.90805734058328
11.783333333333422 73.64705882352942
11.80000000000009 71.70194259205566
11.816666666666757 71.06324156203202
11.833333333333425 72.21836687485543
11.850000000000092 78.83015027240616
11.86666666666676 77.63938315539738
11.883333333333427 76.39802631578948
11.900000000000095 78.95988112927189
11.916666666666762 75.00434757405368
11.93333333333343 72.32153022885119
11.950000000000097 71.92723975746587
11.966666666666764 74.56673935498682
11.983333333333432 77.04099407734292
12.0000000000001 75.1992203176059
12.016666666666767 78.57975746268657
12.033333333333434 78.49874992732136
12.050000000000102 81.24521411321197
12.06666666666677 77.81751067020417
12.083333333333437 84.74231735023318
12.100000000000104 101.45757418011449
12.116666666666772 109.29448266558748
12.13333333333344 120.82534270899924
12.150000000000107 119.61364918217711
12.166666666666774 104.25531914893618
12.183333333333442 99.26034559714341
12.20000000000011 89.0358026927489
12.216666666666777 89.6614268440145
12.233333333333444 84.12568145846767
12.250000000000112 75.20320676984744
12.26666666666678 79.02391909550593
12.283333333333447 82.1434755006637
12.300000000000114 87.28522336769757
12.316666666666782 92.57681776696076
12.33333333333345 96.86898179785054
12.350000000000117 88.19691577698697
12.366666666666784 83.7265787647467
12.383333333333452 88.14692139350564
12.40000000000012 97.090683998762
12.416666666666787 100.59145535770465
12.433333333333454 105.68335588633289
12.450000000000122 118.25261288339368
12.46666666666679 114.44377388855358
12.483333333333457 121.68340838240388
12.500000000000124 114.36220050863336
12.516666666666792 111.50547565641907
12.53333333333346 109.70061445940644
12.550000000000127 117.53862835456765
12.566666666666794 124.52975316411441
12.583333333333462 127.9917712988579
12.60000000000013 132.26924743608262
12.616666666666797 140.12838695230275
12.633333333333464 145.72519083969465
12.650000000000132 134.83080513418906
12.6666666666668 131.8433743611891
12.683333333333467 133.1909965983933
12.700000000000134 127.69339456022603
12.716666666666802 127.29836435420194
12.73333333333347 122.62118491921007
12.750000000000137 117.54385964912282
12.766666666666804 111.06382978723407
12.783333333333472 106.57397321714618
12.80000000000014 100.14899428855227
12.816666666666807 94.99213741381398
12.833333333333474 97.29431929480899
12.850000000000142 103.76809761648856
12.86666666666681 107.6164701333849
12.883333333333477 116.31967763599731
12.900000000000144 130.2302302302302
12.916666666666812 129.96142306043723
12.93333333333348 128.57751882904645
12.950000000000147 126.66384658770447
12.966666666666814 124.30885227590056
12.983333333333482 118.64360615552226
13.00000000000015 113.26510267827476
13.016666666666817 101.7102615694165
13.033333333333484 89.89216731840264
13.050000000000152 84.30289429771562
13.06666666666682 84.13027216755854
13.083333333333487 85.45159231974013
13.100000000000154 89.9607469965505
13.116666666666822 94.44275181280847
13.13333333333349 95.09059745347696
13.150000000000157 94.84573947110677
13.166666666666824 95.42772861356933
13.183333333333492 91.48679609309055
13.20000000000016 91.70796567146138
13.216666666666827 94.14143890182623
13.233333333333494 95.50173010380622
13.250000000000162 100.67314409093795
13.26666666666683 100.8019348268839
13.283333333333497 97.40552735476595
13.300000000000164 95.4401441262347
13.316666666666832 84.8972138775991
13.3333333333335 83.96807699078691
13.350000000000167 83.42709798406003
13.366666666666834 84.96801705756933
13.383333333333502 87.19241387588526
13.400000000000169 93.9563862928349
13.416666666666837 101.87122344227146
13.433333333333504 92.6445921600298
13.450000000000172 83.30964226486616
13.466666666666839 80.27905890594899
13.483333333333507 80.42383795808452
13.500000000000174 82.94278577375995
13.516666666666842 80.83789994696836
13.533333333333509 85.91378263509412
13.550000000000177 82.96700005989098
13.566666666666844 82.93122074180773
13.583333333333512 83.79685610640871
13.600000000000179 87.00289783587151
13.616666666666847 92.74882120555625
13.633333333333514 94.40685611186291
13.650000000000182 91.92756487916853
13.666666666666849 90.5759827268686
13.683333333333517 78.8787951231174
13.700000000000184 75.88828000707089
13.716666666666852 77.49150116299872
13.733333333333519 80.40860999635171
13.750000000000187 82.97056641108088
13.766666666666854 79.30950644298565
13.783333333333522 74.31247036510192
13.800000000000189 75.66353124438321
13.816666666666857 76.54164401763606
13.833333333333524 78.19360362013086
13.850000000000191 80.35026704757172
13.866666666666859 82.36220472440944
13.883333333333526 81.86975981844543
13.900000000000194 84.14142061102926
13.916666666666861 87.56137479541734
13.933333333333529 87.40974136799262
13.950000000000196 89.80585762892787
13.966666666666864 90.02614116227629
13.983333333333531 90.55330634278002
14.000000000000199 93.37548103353488
14.016666666666866 91.93371678992055
14.033333333333534 93.03097345132745
14.050000000000201 93.28607172643869
14.066666666666869 91.73530836851945
14.083333333333536 89.68363136176065
14.100000000000204 90.06778254253702
14.116666666666871 91.62347667740582
14.133333333333539 92.51148004238784
14.150000000000206 90.08264462809917
14.166666666666874 92.3953289661065
14.183333333333541 93.62268768444541
14.200000000000209 92.59259259259258
14.216666666666876 93.6092955700799
14.233333333333544 91.6799075545284
14.250000000000211 93.41142020497804
14.266666666666879 95.96155279040312
14.283333333333546 98.34835972422152
14.300000000000214 98.85496183206108
14.316666666666881 99.55346831934712
14.333333333333549 101.79898318341809
14.350000000000216 103.56859635210151
14.366666666666884 104.59641255605382
14.383333333333551 105.58026688232916
14.400000000000219 107.15923984272611
14.416666666666886 106.2971466054444
14.433333333333554 104.74631751227493
14.450000000000221 105.26142173841333
14.466666666666889 103.78600823045268
14.483333333333556 105.78160247305539
14.500000000000224 107.94769465908128
14.516666666666891 112.52835456290352
14.533333333333559 114.92590291951372
14.550000000000226 114.43831226633436
14.566666666666894 112.0782785796511
14.583333333333561 109.65043585453904
14.600000000000229 110.04525689945869
14.616666666666896 111.52463142754405
14.633333333333564 110.7207207207207
14.650000000000231 110.12200632625398
14.666666666666899 108.1981981981982
14.683333333333566 104.03268786640609
14.700000000000234 102.16063047905783
14.716666666666901 102.93486041517538
14.733333333333569 102.6249550521395
14.750000000000236 101.8018018018018
14.766666666666904 102.14409012446625
14.783333333333571 100.01809299800976
14.800000000000239 95.87904736419587
14.816666666666906 93.33392429749136
14.833333333333574 90.13342696629213
14.850000000000241 88.72226607033235
14.866666666666909 87.01321431696859
14.883333333333576 87.1308946672543
14.900000000000244 85.98905946709016
14.916666666666911 88.35493160547158
14.933333333333579 84.77680953227815
14.950000000000246 85.37155180159944
14.966666666666914 85.27229962004706
14.983333333333581 86.17216117216117
15.000000000000249 83.4470213733515
15.016666666666916 83.13980067660238
15.033333333333584 84.4155844155844
15.050000000000251 84.92829693504548
15.066666666666919 84.52549241353314
15.083333333333586 82.82809263792132
15.100000000000254 83.12268364534827
15.116666666666921 82.91399598201475
15.133333333333589 88.19444444444444
15.150000000000256 94.23791821561338
15.166666666666924 100.92602562722085
15.183333333333591 106.3085153811859
15.200000000000259 113.7866790870983
15.216666666666926 122.820763956905
15.233333333333594 115.5996177735308
15.250000000000261 106.6258801800762
15.266666666666929 103.1375243329898
15.283333333333596 96.82219984334786
15.300000000000264 98.63325740318906
15.316666666666931 101.21099208197488
15.333333333333599 103.20284697508897
15.350000000000266 101.97454502200547
15.366666666666934 98.53721835555034
15.383333333333601 90.12317518248175
15.400000000000269 93.8284641558137
15.416666666666936 97.20347155255543
15.433333333333604 104.28481411468177
15.450000000000271 101.22791630121536
15.466666666666939 94.92771379563831
15.483333333333606 93.49294045426642
15.500000000000274 89.11383197963391
15.516666666666941 87.2954297490605
15.533333333333609 87.45405537858367
15.550000000000276 90.92627599243855
15.566666666666944 89.465706707086
15.583333333333611 84.9912739965096
15.600000000000279 82.32592776467668
15.616666666666946 83.65542503473537
15.633333333333614 84.3453753522931
15.650000000000281 84.62336315311809
15.666666666666949 84.20708589358085
15.683333333333616 85.643893993874
15.700000000000284 87.56800870511424
15.716666666666951 89.6024464831804
15.733333333333618 92.33509046872774
15.750000000000286 92.25230414746544
15.766666666666953 93.18015512951852
15.783333333333621 94.80519480519483
15.800000000000288 96.82878487574325
15.816666666666956 99.34385252304327
15.833333333333623 98.426435877262
15.850000000000291 97.49762432689262
15.866666666666958 95.83532029883963
15.883333333333626 93.60991893180737
15.900000000000293 92.85027252324464
15.916666666666961 91.12682848416654
15.933333333333628 89.60787477811844
15.950000000000296 88.93409275834011
15.966666666666963 92.70220279132333
15.983333333333631 97.93670222066795
