10 0.9598111209262435
10.016666666666667 0.9616347833474936
10.033333333333335 0.9590498901515151
10.050000000000002 0.956828820951586
10.06666666666667 0.9567207729528536
10.083333333333337 0.9588206037735849
10.100000000000005 0.9502457853658536
10.116666666666672 0.9320510995165189
10.13333333333334 0.926447082733813
10.150000000000007 0.9243204675118858
10.166666666666675 0.922230604477612
10.183333333333342 0.9262948924395945
10.20000000000001 0.9242221611282845
10.216666666666677 0.9211201840490798
10.233333333333345 0.9226369745247147
10.250000000000012 0.9252618826415094
10.26666666666668 0.9306108828592815
10.283333333333347 0.9301324011887073
10.300000000000015 0.9251459403095064
10.316666666666682 0.9183782304316022
10.33333333333335 0.9091926013071896
10.350000000000017 0.9059682653208363
10.366666666666685 0.9009051083690985
10.383333333333352 0.9031194907670453
10.40000000000002 0.911989874207188
10.416666666666687 0.9043955332400279
10.433333333333355 0.9041301525364835
10.450000000000022 0.9170199596273291
10.46666666666669 0.9182548869088415
10.483333333333357 0.9084660561606535
10.500000000000025 0.9126390800675674
10.516666666666692 0.9150404104026847
10.53333333333336 0.9070152359999999
10.550000000000027 0.9258665572847682
10.566666666666695 0.9219015059249505
10.583333333333362 0.923047969914977
10.60000000000003 0.9185511578947367
10.616666666666697 0.9144852094899933
10.633333333333365 0.9204725320718408
10.650000000000032 0.9188720615433673
10.6666666666667 0.9141468992395438
10.683333333333367 0.9016851776937618
10.700000000000035 0.9032710125234816
10.716666666666702 0.905040949875467
10.73333333333337 0.894794948019802
10.750000000000037 0.8990787046153844
10.766666666666705 0.9001345841493269
10.783333333333372 0.8971181332116788
10.80000000000004 0.8890895145190562
10.816666666666707 0.8797580252707582
10.833333333333375 0.8871151050269299
10.850000000000042 0.8895810964285713
10.86666666666671 0.8868922859680284
10.883333333333377 0.8910337632508835
10.900000000000045 0.8964847539543057
10.916666666666712 0.8892724381924196
10.93333333333338 0.8789357401392112
10.950000000000047 0.8643745360646278
10.966666666666715 0.8660414052268811
10.983333333333382 0.8757767777142857
11.00000000000005 0.8711344812286689
11.016666666666717 0.8593403748584372
11.033333333333385 0.8583947832581736
11.050000000000052 0.8576245272013461
11.06666666666672 0.8604002740223463
11.083333333333387 0.8687766448832036
11.100000000000055 0.8756347039291644
11.116666666666722 0.8652522254685776
11.13333333333339 0.8709614061470912
11.150000000000057 0.855162713114754
11.166666666666725 0.8613347359825804
11.183333333333392 0.8781074219088936
11.20000000000006 0.8824213525917926
11.216666666666727 0.8764527120967741
11.233333333333395 0.8689924823151125
11.250000000000062 0.8732946803628602
11.26666666666673 0.8780268421052632
11.283333333333397 0.8695717555614407
11.300000000000065 0.879158457783641
11.316666666666732 0.8847471244736842
11.3333333333334 0.8810374929245283
11.350000000000067 0.866358025848564
11.366666666666735 0.866056945080687
11.383333333333402 0.8695019525414938
11.40000000000007 0.8703874987073423
11.416666666666737 0.8602539355670102
11.433333333333405 0.8592300879177378
11.450000000000072 0.8419487136270492
11.46666666666674 0.8547050086823288
11.483333333333407 0.8509177805498982
11.500000000000075 0.8368939758883248
11.516666666666742 0.8331838292004048
11.53333333333341 0.8135905888440181
11.550000000000077 0.808808849773528
11.566666666666745 0.8004010097891566
11.583333333333412 0.8169038495242865
11.60000000000008 0.8200556815684317
11.616666666666747 0.800748970852018
11.633333333333415 0.7987590380218689
11.650000000000082 0.7983199754464285
11.66666666666675 0.8019485519287833
11.683333333333417 0.8126215431885488
11.700000000000085 0.8239844446085671
11.716666666666752 0.8456339410319411
11.73333333333342 0.8694642005885237
11.750000000000087 0.8810468259911893
11.766666666666755 0.8466008654127991
11.783333333333422 0.8365030845928815
11.80000000000009 0.8348748547445256
11.816666666666757 0.8388621935405536
11.833333333333425 0.8583657359359844
11.850000000000092 0.8480389791868344
11.86666666666676 0.8328540144997583
11.883333333333427 0.8327629546332046
11.900000000000095 0.8395033656069364
11.916666666666762 0.8296812748917749
11.93333333333343 0.8244439339259971
11.950000000000097 0.830860338694191
11.966666666666764 0.8245640009583134
11.983333333333432 0.8221159602680709
12.0000000000001 0.8496449698852773
12.016666666666767 0.8320112299426933
12.033333333333434 0.8288932832618024
12.050000000000102 0.8374574778465935
12.06666666666677 0.8391339788196096
12.083333333333437 0.8324161013320647
12.100000000000104 0.818725040161597
12.116666666666772 0.8193185384615383
12.13333333333344 0.8257815042714759
12.150000000000107 0.8267594814990512
12.166666666666774 0.8285579701280227
12.183333333333442 0.835979585030791
12.20000000000011 0.8558171377840909
12.216666666666777 0.8515859886417416
12.233333333333444 0.8365547853762423
12.250000000000112 0.8230471284295173
12.26666666666678 0.8230471284295173
12.283333333333447 0.8447739106382978
12.300000000000114 0.848323380851064
12.316666666666782 0.8375520007088846
12.33333333333345 0.8397352577977315
12.350000000000117 0.846830843336484
12.366666666666784 0.8425896212765958
12.383333333333452 0.848323380851064
12.40000000000012 0.8533684796594134
12.416666666666787 0.8476320078051088
12.433333333333454 0.8409274990534784
12.450000000000122 0.8327286609086608
12.46666666666679 0.8167175049715909
12.483333333333457 0.8337911567977261
12.500000000000124 0.8545701998577524
12.516666666666792 0.8620981074478178
12.53333333333346 0.8644257764594209
12.550000000000127 0.8730623247863248
12.566666666666794 0.8810282865969582
12.583333333333462 0.9039639457917261
12.60000000000013 0.8987776320799619
12.616666666666797 0.8693711005240591
12.633333333333464 0.8655188004291845
12.650000000000132 0.8463514964183381
12.6666666666668 0.8330826897705544
12.683333333333467 0.8367669844423169
12.700000000000134 0.8281610922376617
12.716666666666802 0.8197711116178588
12.73333333333347 0.8194489858241228
12.750000000000137 0.8166263636363635
12.766666666666804 0.8083488338150289
12.783333333333472 0.8117472026049204
12.80000000000014 0.8074553163363942
12.816666666666807 0.8122614612778316
12.833333333333474 0.8061647697527871
12.850000000000142 0.79314686838271
12.86666666666681 0.794690706569343
12.883333333333477 0.8068278706140352
12.900000000000144 0.7974069345703123
12.916666666666812 0.8026401817514678
12.93333333333348 0.8034755495340854
12.950000000000147 0.8061899417690419
12.966666666666814 0.8029441240768094
12.983333333333482 0.8197473020730502
13.00000000000015 0.8322215385756677
13.016666666666817 0.8346983883928571
13.033333333333484 0.8375058832007953
13.050000000000152 0.8706670448430492
13.06666666666682 0.8950519802697303
13.083333333333487 0.8996063277416124
13.100000000000154 0.901864375753012
13.116666666666822 0.9029712886260696
13.13333333333349 0.9106617698132257
13.150000000000157 0.9193954144736841
13.166666666666824 0.9397835680203045
13.183333333333492 0.9559871702290075
13.20000000000016 0.9412284326186829
13.216666666666827 0.9379107004608296
13.233333333333494 0.9537478936279548
13.250000000000162 0.9550146908809892
13.26666666666683 0.9623529702688728
13.283333333333497 0.951270479253112
13.300000000000164 0.9464283168574401
13.316666666666832 0.9577281900783289
13.3333333333335 0.945008363541121
13.350000000000167 0.9334928561283534
13.366666666666834 0.9273064773087071
13.383333333333502 0.942367421345339
13.400000000000169 0.9458743708133972
13.416666666666837 0.9626579327641408
13.433333333333504 0.9557509025174076
13.450000000000172 0.9487918838709677
13.466666666666839 0.9523760949811116
13.483333333333507 0.9389780487804877
13.500000000000174 0.918361912132753
13.516666666666842 0.9214299344262296
13.533333333333509 0.9413229171240395
13.550000000000177 0.9439988652892561
13.566666666666844 0.9577654042612064
13.583333333333512 0.9536786139521957
13.600000000000179 0.9466534472361807
13.616666666666847 0.9285534439147505
13.633333333333514 0.9462850341037203
13.650000000000182 0.951340994057725
13.666666666666849 0.9585107150170649
13.683333333333517 0.9671822665714286
13.700000000000184 0.9815689503444317
13.716666666666852 0.9883326422388921
13.733333333333519 0.9817685420533642
13.750000000000187 0.9836533767482517
13.766666666666854 0.991545967486819
13.783333333333522 0.9821776749116606
13.800000000000189 1.0051901776198935
13.816666666666857 1.0171880496728138
13.833333333333524 1.0146357414721723
13.850000000000191 1.037850403429603
13.866666666666859 1.0270817967332122
13.883333333333526 1.023571746350365
13.900000000000194 1.0186102788990825
13.916666666666861 1.0202588778461537
13.933333333333529 1.0184367419554454
13.950000000000196 1.0147974586185438
13.966666666666864 1.0117503174702567
13.983333333333531 1.0113024190806046
14.000000000000199 0.9862393488593155
14.016666666666866 0.9650288546845122
14.033333333333534 0.9556616228351507
14.050000000000201 0.9536295009683665
14.066666666666869 0.9629524753246753
14.083333333333536 0.9620750676470587
14.100000000000204 0.9653651851973685
14.116666666666871 0.9732880579470198
14.133333333333539 0.974771892
14.150000000000206 0.9731751251677853
14.166666666666874 0.9719469638513515
14.183333333333541 0.9593097979591837
14.200000000000209 0.9540145602739726
14.216666666666876 0.9522305906896552
14.233333333333544 0.9520259312500001
14.250000000000211 0.9662241822953114
14.266666666666879 0.9762890264270612
14.283333333333546 0.9701029386089425
14.300000000000214 0.9654795128663329
14.316666666666881 0.955241040345821
14.333333333333549 0.95043930478955
14.350000000000216 0.953165677631579
14.366666666666884 0.9481256462785558
14.383333333333551 0.9393021948775057
14.400000000000219 0.9323398394461078
14.416666666666886 0.9263060938914026
14.433333333333554 0.9151715634980988
14.450000000000221 0.9182018103448275
14.466666666666889 0.9376102175425038
14.483333333333556 0.9363673387850466
14.500000000000224 0.9530774717203456
14.516666666666891 0.9632151406497622
14.533333333333559 0.957071375798722
14.550000000000226 0.9460109262691377
14.566666666666894 0.941499025588952
14.583333333333561 0.9277410983606558
14.600000000000229 0.9113446004962779
14.616666666666896 0.9044966447039198
14.633333333333564 0.8963446515151515
14.650000000000231 0.8944184745114697
14.666666666666899 0.8847635321336761
14.683333333333566 0.8976784476643599
14.700000000000234 0.8952069104803492
14.716666666666901 0.9209016872246696
14.733333333333569 0.9319691290035588
14.750000000000236 0.9227102962298025
14.766666666666904 0.9057349909338168
14.783333333333571 0.8900041524725275
14.800000000000239 0.8843533045286506
14.816666666666906 0.8864268403361343
14.833333333333574 0.8574906990566038
14.850000000000241 0.8376086614285714
14.866666666666909 0.8364721920115494
14.883333333333576 0.8285704888132296
14.900000000000244 0.8418150353634577
14.916666666666911 0.8965703348214284
14.933333333333579 0.9343580394222087
14.950000000000246 0.9916236401419158
14.966666666666914 1.014716826331967
14.983333333333581 1.0490782092180218
15.000000000000249 1.06083474130708
15.016666666666916 1.0594517356553037
15.033333333333584 1.0712461030828515
15.050000000000251 1.0714290441654035
15.066666666666919 1.0708666896551724
15.083333333333586 1.0722095942205492
15.100000000000254 1.0593552659872325
15.116666666666921 1.0578581800158604
15.133333333333589 1.058973524355301
15.150000000000256 1.0515312630480165
15.166666666666924 1.0578958003755428
15.183333333333591 1.0939038509501187
15.200000000000259 1.1044081698521457
15.216666666666926 1.1151706869067899
15.233333333333594 1.1132580654101993
15.250000000000261 1.1120179546021451
15.266666666666929 1.104043251673191
15.283333333333596 1.0833129034526852
15.300000000000264 1.0680343245693562
15.316666666666931 1.0401001829988192
15.333333333333599 1.0221821102990034
15.350000000000266 1.006765741114701
15.366666666666934 0.993304544400491
15.383333333333601 0.9818771703068842
15.400000000000269 0.9787652542372881
15.416666666666936 0.9634090763879027
15.433333333333604 0.9449986981865284
15.450000000000271 0.9387177163286153
15.466666666666939 0.9336928247041422
15.483333333333606 0.947725504050405
15.500000000000274 0.957620470104975
15.516666666666941 0.9391374186082394
15.533333333333609 0.9309682970730944
15.550000000000276 0.907743386789457
15.566666666666944 0.8977928105364911
15.583333333333611 0.8949533791074055
15.600000000000279 0.9006524141363862
15.616666666666946 0.9044265661839003
15.633333333333614 0.9229672692307692
15.650000000000281 0.924034576535925
15.666666666666949 0.947358531277533
15.683333333333616 0.9755424051539012
15.700000000000284 0.98134469738277
15.716666666666951 0.9786207070334132
15.733333333333618 0.9898892554388597
15.750000000000286 1.0167371684451219
15.766666666666953 1.007360738625363
15.783333333333621 0.9999506493506494
15.800000000000288 0.9909410939999999
15.816666666666956 0.9875020973973159
15.833333333333623 0.9978631128565522
15.850000000000291 0.9893615146100482
15.866666666666958 0.9752083903377512
15.883333333333626 0.9756367808219177
15.900000000000293 0.9758642468480424
15.916666666666961 0.9810778184068406
15.933333333333628 0.9930870082436455
15.950000000000296 0.9703028466557913
15.966666666666963 0.9642787855787474
15.983333333333631 0.9636146015455203
