10 -11.52022128255486
10.016666666666667 -11.863093288347667
10.033333333333335 -12.435735948694935
10.050000000000002 -12.835575488690488
10.06666666666667 -12.763476441155916
10.083333333333337 -12.960332662664246
10.100000000000005 -13.115000288133505
10.116666666666672 -13.341382827281969
10.13333333333334 -13.23133995816623
10.150000000000007 -13.196068930427858
10.166666666666675 -12.905892303575781
10.183333333333342 -13.055172650463824
10.20000000000001 -13.4867861606101
10.216666666666677 -13.872271936485134
10.233333333333345 -14.076059065414201
10.250000000000012 -13.692710376183053
10.26666666666668 -13.139013078661568
10.283333333333347 -13.037842743942662
10.300000000000015 -13.143148341911578
10.316666666666682 -12.907317375205535
10.33333333333335 -12.978854754428037
10.350000000000017 -13.448801804163907
10.366666666666685 -13.41564042554482
10.383333333333352 -13.967960918139832
10.40000000000002 -14.155677686864935
10.416666666666687 -14.245726468662745
10.433333333333355 -12.149502434017329
10.450000000000022 -12.289496767014164
10.46666666666669 -12.328539899129936
10.483333333333357 -11.755468339308955
10.500000000000025 -12.693842574797268
10.516666666666692 -13.167725294336629
10.53333333333336 -12.609916249118244
10.550000000000027 -12.271898439020413
10.566666666666695 -10.858033262322428
10.583333333333362 -9.481418343826544
10.60000000000003 -9.179000866809238
10.616666666666697 -9.59711183907726
10.633333333333365 -12.940228705163454
10.650000000000032 -12.195303972278163
10.6666666666667 -11.567076274850521
10.683333333333367 -10.072731238496285
10.700000000000035 -9.75037607159494
10.716666666666702 -9.272560806517472
10.73333333333337 -9.170136606631601
10.750000000000037 -8.915042044910466
10.766666666666705 -9.036117111457532
10.783333333333372 -8.784040952567146
10.80000000000004 -8.592326916641728
10.816666666666707 -8.312090775830987
10.833333333333375 -8.647394968791748
10.850000000000042 -8.058706275679384
10.86666666666671 -8.822305700109524
10.883333333333377 -7.785780433207778
10.900000000000045 -8.09001513425887
10.916666666666712 -8.77820248622062
10.93333333333338 -9.09763803744051
10.950000000000047 -8.943885250621365
10.966666666666715 -9.749381328632182
10.983333333333382 -8.814806978246613
11.00000000000005 -7.988462631581849
11.016666666666717 -8.397056526643262
11.033333333333385 -8.970522122982223
11.050000000000052 -8.818481528880353
11.06666666666672 -7.276272481155771
11.083333333333387 -6.717136962764615
11.100000000000055 -6.420593564249767
11.116666666666722 -6.009855775138305
11.13333333333339 -5.594406927088936
11.150000000000057 -6.983968272386153
11.166666666666725 -7.21378397230476
11.183333333333392 -7.866382176216043
11.20000000000006 -7.78091125067192
11.216666666666727 -8.44253633874114
11.233333333333395 -9.120062514797771
11.250000000000062 -9.809024561438985
11.26666666666673 -9.79734170289248
11.283333333333397 -9.224425853463735
11.300000000000065 -8.758916595003779
11.316666666666732 -8.343538888342982
11.3333333333334 -8.012120795195774
11.350000000000067 -7.704811621905788
11.366666666666735 -7.122799103758544
11.383333333333402 -7.172560125259022
11.40000000000007 -7.467096637986818
11.416666666666737 -8.45220580025756
11.433333333333405 -9.254835960868471
11.450000000000072 -10.768320595638604
11.46666666666674 -11.421052070096634
11.483333333333407 -10.059280419568736
11.500000000000075 -9.383345949173052
11.516666666666742 -7.013099682893012
11.53333333333341 -4.927977270321498
11.550000000000077 -5.507585407510236
11.566666666666745 -7.915102551274245
11.583333333333412 -8.781957971434142
11.60000000000008 -9.223743217432613
11.616666666666747 -9.736282982259453
11.633333333333415 -10.166651857563327
11.650000000000082 -10.173755412781656
11.66666666666675 -8.231670136347406
11.683333333333417 -7.471911623151543
11.700000000000085 -6.540759091715508
11.716666666666752 -5.580174761151871
11.73333333333342 -4.2109072987876806
11.750000000000087 -4.2320736871217175
11.766666666666755 -4.082747398692063
11.783333333333422 -4.487633054399899
11.80000000000009 -5.102953397580965
11.816666666666757 -5.730062440845982
11.833333333333425 -8.516416597610453
11.850000000000092 -9.531786531122561
11.86666666666676 -8.680924498625485
11.883333333333427 -9.78580212028728
11.900000000000095 -9.863698130801572
11.916666666666762 -9.725310768668708
11.93333333333343 -10.587278837759646
11.950000000000097 -10.166438771323701
11.966666666666764 -9.544918656383423
11.983333333333432 -10.127626770818651
12.0000000000001 -10.249308938870438
12.016666666666767 -8.912052770965254
12.033333333333434 -8.254059376799093
12.050000000000102 -6.657145109416481
12.06666666666677 -7.374871152908393
12.083333333333437 -6.954121054316808
12.100000000000104 -5.863850424262098
12.116666666666772 -4.3738317815958485
12.13333333333344 -3.38393172344258
12.150000000000107 -4.335722884635323
12.166666666666774 -4.047338274153667
12.183333333333442 -4.239384236986413
12.20000000000011 -4.2976986976430345
12.216666666666777 -3.5798122254248117
12.233333333333444 -3.043048418031336
12.250000000000112 -4.334372967402729
12.26666666666678 -5.596034881053785
12.283333333333447 -5.2849839251429245
12.300000000000114 -5.341399543670204
12.316666666666782 -5.237436226310156
12.33333333333345 -3.757596970502386
12.350000000000117 -3.299171402695873
12.366666666666784 -3.1635080629129027
12.383333333333452 -4.897972647071253
12.40000000000012 -4.7093678053509835
12.416666666666787 -3.455894613873643
12.433333333333454 -2.079261622981936
12.450000000000122 -2.128443309760945
12.46666666666679 -2.128443309760945
12.483333333333457 -1.8924440957441204
12.500000000000124 -1.4361945147851916
12.516666666666792 -1.2595244818443763
12.53333333333346 -2.263318876716768
12.550000000000127 -3.078303677028137
12.566666666666794 -3.0176882302513874
12.583333333333462 -2.7092363488396165
12.60000000000013 -2.558744613109572
12.616666666666797 -2.4352927451137543
12.633333333333464 -2.4443345890556225
12.650000000000132 -3.8114068466215643
12.6666666666668 -3.6648192372276673
12.683333333333467 -3.762571830594258
12.700000000000134 -3.5553252558759665
12.716666666666802 -3.236494252971505
12.73333333333347 -3.1144484305240354
12.750000000000137 -2.9640958773697292
12.766666666666804 -3.333899927149338
12.783333333333472 -3.866256822677086
12.80000000000014 -4.095710780921531
12.816666666666807 -1.9885185514742518
12.833333333333474 -2.0256140787305665
12.850000000000142 -2.2272074653998373
12.86666666666681 -2.6051657980721683
12.883333333333477 -2.4664527637401537
12.900000000000144 -2.0690532869398615
12.916666666666812 -1.8693599170878703
12.93333333333348 -2.1662909452657995
12.950000000000147 -2.226198608298463
12.966666666666814 -1.2086651412773584
12.983333333333482 -1.6788782477946347
13.00000000000015 -2.2848311674542963
13.016666666666817 -2.113073118620681
13.033333333333484 -0.5970658473102928
13.050000000000152 -1.8468494218878204
13.06666666666682 -1.8120874296893272
13.083333333333487 -1.6217575599213494
13.100000000000154 -2.3617645411520582
13.116666666666822 -3.376500075481294
13.13333333333349 -4.741897863578166
13.150000000000157 -4.235178183762652
13.166666666666824 -3.1694334659661028
13.183333333333492 -2.756680453674332
13.20000000000016 -3.071723605552286
13.216666666666827 -3.233888023443865
13.233333333333494 -0.9770646188063089
13.250000000000162 0.07127561559465981
13.26666666666683 -1.3787644459657595
13.283333333333497 -1.7033543600218184
13.300000000000164 -0.17981475811216663
13.316666666666832 -0.07367708958336155
13.3333333333335 -1.0385877544822848
13.350000000000167 0.22321285797169507
13.366666666666834 2.106085308667541
13.383333333333502 1.5481473109375683
13.400000000000169 1.6312939592910092
13.416666666666837 0.7205815457948194
13.433333333333504 0.5809717502927514
13.450000000000172 0.8185867379740606
13.466666666666839 3.3330771134646398
13.483333333333507 3.2009604523492587
13.500000000000174 2.785545430401903
13.516666666666842 1.9160834295020135
13.533333333333509 0.5420275423548657
13.550000000000177 -0.036545727467719266
13.566666666666844 -0.8384906823825189
13.583333333333512 -1.6429512134789002
13.600000000000179 1.4256758929079534
13.616666666666847 4.186333890235634
13.633333333333514 9.078037325349039
13.650000000000182 5.459369927920928
13.666666666666849 2.0304677856764193
13.683333333333517 0.4317703324084885
13.700000000000184 2.8737470486652974
13.716666666666852 2.9311338993523317
13.733333333333519 1.8713232040985108
13.750000000000187 1.3701112818151264
13.766666666666854 2.802963801528653
13.783333333333522 3.2562828146761618
13.800000000000189 5.249053645255338
13.816666666666857 5.242492274165236
13.833333333333524 3.142064013107628
13.850000000000191 0.49169194133659183
13.866666666666859 -1.0373778764108241
13.883333333333526 -1.1375636534765665
13.900000000000194 -0.5489143658771688
13.916666666666861 0.9766627825331397
13.933333333333529 1.386526309235284
13.950000000000196 3.4913646984612305
13.966666666666864 3.7771950012968847
13.983333333333531 2.7888868223310297
14.000000000000199 2.077681240193038
14.016666666666866 2.311259217719502
14.033333333333534 3.2270953564064278
14.050000000000201 3.6883191297369344
14.066666666666869 1.2649940411670904
14.083333333333536 0.799702191156792
14.100000000000204 4.689689401154095
14.116666666666871 7.260659446737008
14.133333333333539 10.925186779406147
14.150000000000206 11.994121031908001
14.166666666666874 8.599969421329254
14.183333333333541 10.480686963909234
14.200000000000209 9.432458131275625
14.216666666666876 6.613324840553285
14.233333333333544 6.89232754737287
14.250000000000211 8.876601405191789
14.266666666666879 11.961813104969087
14.283333333333546 14.157355034177527
14.300000000000214 14.63526041953948
14.316666666666881 12.805083085565693
14.333333333333549 11.445215293853218
14.350000000000216 11.612988727530352
14.366666666666884 11.696439692726186
14.383333333333551 10.601729667469888
14.400000000000219 8.585656313662842
14.416666666666886 8.861340530294909
14.433333333333554 8.56918181875149
14.450000000000221 10.084552111175242
14.466666666666889 10.157300780826912
14.483333333333556 8.882304719278553
14.500000000000224 8.580490567026748
14.516666666666891 10.1478725856463
14.533333333333559 10.760511923166707
14.550000000000226 8.438807552606434
14.566666666666894 8.59258049165347
14.583333333333561 9.972637519043413
14.600000000000229 14.443678974569249
14.616666666666896 18.088548238895527
14.633333333333564 19.199572322133417
14.650000000000231 20.72953961980461
14.666666666666899 21.24010705343027
14.683333333333566 20.292774370617142
14.700000000000234 18.064621373107148
14.716666666666901 16.095601580757933
14.733333333333569 12.825263641805437
14.750000000000236 11.762878861750771
14.766666666666904 11.590479501029446
14.783333333333571 10.246834152791806
14.800000000000239 7.782235670028281
14.816666666666906 6.403608851668062
14.833333333333574 6.778496361358899
14.850000000000241 7.563999140931436
14.866666666666909 9.602856198437289
14.883333333333576 10.928367918577369
14.900000000000244 12.337955474835589
14.916666666666911 11.582007673368219
14.933333333333579 10.050821448340558
14.950000000000246 9.857952895828117
14.966666666666914 9.97523745674268
14.983333333333581 12.843753077349888
15.000000000000249 13.742651429349719
15.016666666666916 13.511841489032813
15.033333333333584 11.939399373816837
15.050000000000251 11.036188979206008
15.066666666666919 10.521260752751077
15.083333333333586 10.366024953847274
15.100000000000254 10.51431616024047
15.116666666666921 11.091122284400758
15.133333333333589 10.25164060451428
15.150000000000256 8.552732003706838
15.166666666666924 9.047665342367667
15.183333333333591 11.518418893394346
15.200000000000259 12.939234945339823
15.216666666666926 14.41766939525122
15.233333333333594 14.690745487953052
15.250000000000261 15.491383481505766
15.266666666666929 15.805617169039795
15.283333333333596 16.129510843351568
15.300000000000264 16.053144351854385
15.316666666666931 15.440492682402668
15.333333333333599 15.370428373275923
15.350000000000266 15.7357951392386
15.366666666666934 16.67514862307999
15.383333333333601 15.952154050001397
15.400000000000269 18.355233450565766
15.416666666666936 20.946962403482193
15.433333333333604 22.012794431281346
15.450000000000271 20.38645000384229
15.466666666666939 20.561450623065873
15.483333333333606 19.950092018119573
15.500000000000274 18.823014643231467
15.516666666666941 17.31704984099259
15.533333333333609 17.882714860719606
15.550000000000276 17.285118935431512
15.566666666666944 16.146874171499586
15.583333333333611 15.149290986575695
15.600000000000279 14.534748460126101
15.616666666666946 15.11344820509826
15.633333333333614 14.115320242928544
15.650000000000281 12.569914116563888
15.666666666666949 11.81574454830001
15.683333333333616 10.1419180266936
15.700000000000284 11.413697981835734
15.716666666666951 11.492189041079296
15.733333333333618 12.736822146688333
15.750000000000286 14.200213207149837
15.766666666666953 14.995216726880745
15.783333333333621 15.216502589898322
15.800000000000288 15.445812765940268
15.816666666666956 15.683591783711035
15.833333333333623 14.653051819908063
15.850000000000291 15.437361388724595
15.866666666666958 14.230146254487419
15.883333333333626 16.104750053417078
15.900000000000293 16.485542135571393
15.916666666666961 15.990368486534308
15.933333333333628 16.409405424660793
15.950000000000296 16.874691268207233
15.966666666666963 16.57914104434136
15.983333333333631 16.13693019480888
