10 41.99486301369864
10.016666666666667 42.15686274509804
10.033333333333335 41.91363251481796
10.050000000000002 45.2155172413793
10.06666666666667 45.6774193548387
10.083333333333337 44.604927782497874
10.100000000000005 43.55853965589594
10.116666666666672 42.14226633581471
10.13333333333334 40.864600326264274
10.150000000000007 40.64019448946516
10.166666666666675 40.87237479806141
10.183333333333342 42.3811458756603
10.20000000000001 47.0342522974102
10.216666666666677 46.277915632754336
10.233333333333345 45.853858784893276
10.250000000000012 44.26030719482617
10.26666666666668 43.400000000000006
10.283333333333347 42.95355299722111
10.300000000000015 43.13415116739215
10.316666666666682 42.82343688556823
10.33333333333335 41.39534883720928
10.350000000000017 39.8473282442748
10.366666666666685 38.77781969068276
10.383333333333352 38.09345794392522
10.40000000000002 36.34693127526644
10.416666666666687 36.64710198092444
10.433333333333355 38.56984068173398
10.450000000000022 38.97113249444855
10.46666666666669 40.16362960208255
10.483333333333357 42.577241899020365
10.500000000000025 40.44362292051757
10.516666666666692 39.72150971051669
10.53333333333336 38.35864063629791
10.550000000000027 31.80102915951974
10.566666666666695 30.050590219224297
10.583333333333362 30.743243243243246
10.60000000000003 31.48273527420447
10.616666666666697 34.83223797993772
10.633333333333365 35.94021550225932
10.650000000000032 36.19014573213047
10.6666666666667 37.88515406162467
10.683333333333367 37.365311087938856
10.700000000000035 36.441844459738455
10.716666666666702 37.03065794006201
10.73333333333337 37.715665976535526
10.750000000000037 40.34349807220469
10.766666666666705 41.095890410958916
10.783333333333372 39.074905074214705
10.80000000000004 40.00692760651195
10.816666666666707 41.45150034891835
10.833333333333375 36.88993604846853
10.850000000000042 33.78156772712365
10.86666666666671 32.566429034348666
10.883333333333377 30.08877615726063
10.900000000000045 30.676405208002528
10.916666666666712 32.40295155598332
10.93333333333338 31.07380424453596
10.950000000000047 27.57454657239471
10.966666666666715 28.903345724907055
10.983333333333382 27.46715551481819
11.00000000000005 25.99397590361447
11.016666666666717 26.401446654611206
11.033333333333385 25.11157393632847
11.050000000000052 27.44860943168077
11.06666666666672 23.05676855895197
11.083333333333387 23.347889374090233
11.100000000000055 25.60615020697811
11.116666666666722 26.87723480333729
11.13333333333339 31.323076923076922
11.150000000000057 37.6890891535243
11.166666666666725 32.591218305504015
11.183333333333392 34.438536127619635
11.20000000000006 27.956030897207356
11.216666666666727 26.67253521126762
11.233333333333395 25.93886462882095
11.250000000000062 26.04651162790698
11.26666666666673 27.86933490288404
11.283333333333397 28.323017978190393
11.300000000000065 28.58826996758032
11.316666666666732 29.434409238969515
11.3333333333334 29.77777777777777
11.350000000000067 28.945048486629446
11.366666666666735 27.22800925925925
11.383333333333402 27.644161112720948
11.40000000000007 25.583380762663637
11.416666666666737 25.990310629809077
11.433333333333405 26.290276589677784
11.450000000000072 24.39024390243901
11.46666666666674 25.50127082744988
11.483333333333407 24.601175482787596
11.500000000000075 24.067890929326673
11.516666666666742 24.470457079152713
11.53333333333341 25.18891687657431
11.550000000000077 25.209614309670194
11.566666666666745 26.145628338487484
11.583333333333412 27.67045454545453
11.60000000000008 29.198966408268742
11.616666666666747 27.496463932107492
11.633333333333415 26.37916549985999
11.650000000000082 30.155529953917053
11.66666666666675 31.73216885007277
11.683333333333417 32.60169739537606
11.700000000000085 32.505841121495315
11.716666666666752 33.11840562719814
11.73333333333342 34.67574770506367
11.750000000000087 35.063779293978044
11.766666666666755 36.140979689366795
11.783333333333422 38.147138964577664
11.80000000000009 36.35820895522388
11.816666666666757 32.743105950653124
11.833333333333425 28.703964014619064
11.850000000000092 28.239574587181654
11.86666666666676 27.275249722530518
11.883333333333427 28.888265019651882
11.900000000000095 29.254571026722914
11.916666666666762 28.931875525651808
11.93333333333343 30.767045454545446
11.950000000000097 31.703830760434517
11.966666666666764 34.63785046728972
11.983333333333432 34.32314410480349
12.0000000000001 33.787308026658955
12.016666666666767 33.25641765214883
12.033333333333434 34.38953488372093
12.050000000000102 34.67248908296942
12.06666666666677 32.712155963302735
12.083333333333437 32.38993710691823
12.100000000000104 32.85550458715596
12.116666666666772 32.11741236819608
12.13333333333344 32.97018348623853
12.150000000000107 31.036430386896367
12.166666666666774 31.501416430594915
12.183333333333442 32.345397549159316
12.20000000000011 30.836384117150082
12.216666666666777 30.864545198535602
12.233333333333444 31.10547095318669
12.250000000000112 32.10227272727272
12.26666666666678 33.9573732718894
12.283333333333447 34.60648148148148
12.300000000000114 35.893691588785046
12.316666666666782 37.81462836837431
12.33333333333345 39.13303437967114
12.350000000000117 38.7067938021454
12.366666666666784 36.79106670584777
12.383333333333452 36.590375586854464
12.40000000000012 34.88843813387424
12.416666666666787 33.26653306613226
12.433333333333454 34.49869979774631
12.450000000000122 35.68513119533526
12.46666666666679 35.92289719626167
12.483333333333457 35.06531204644414
12.500000000000124 35.42940320232897
12.516666666666792 35.83528037383176
12.53333333333346 35.17441860465117
12.550000000000127 34.714575485366574
12.566666666666794 35.71845794392522
12.583333333333462 36.72748675691582
12.60000000000013 38.173162749181785
12.616666666666797 39.65102286401928
12.633333333333464 40.2962515114873
12.650000000000132 39.530685920577646
12.6666666666668 39.261039351156505
12.683333333333467 38.992201559688056
12.700000000000134 39.57203134418325
12.716666666666802 38.842231553689246
12.73333333333347 37.63760785480511
12.750000000000137 37.99999999999999
12.766666666666804 37.25490196078431
12.783333333333472 37.820895522388064
12.80000000000014 37.73134328358209
12.816666666666807 37.61194029850747
12.833333333333474 37.52238805970149
12.850000000000142 35.66165635131153
12.86666666666681 37.69461077844313
12.883333333333477 39.79312442957105
12.900000000000144 41.96042053184908
12.916666666666812 40.23234484867012
12.93333333333348 39.86568986568987
12.950000000000147 37.51877440672875
12.966666666666814 35.016238559196935
12.983333333333482 36.14421930870082
13.00000000000015 37.96856106408707
13.016666666666817 36.94803244217484
13.033333333333484 37.84438389343021
13.050000000000152 37.693006357856476
13.06666666666682 38.88719046163253
13.083333333333487 39.38556067588326
13.100000000000154 38.7323943661972
13.116666666666822 38.125763125763136
13.13333333333349 37.48098570124734
13.150000000000157 37.75946275946278
13.166666666666824 34.53731343283582
13.183333333333492 35.205767497747075
13.20000000000016 38.27692307692307
13.216666666666827 36.75708625419078
13.233333333333494 35.459492140266036
13.250000000000162 35.04376697856927
13.26666666666683 36.77281077770976
13.283333333333497 37.20000000000002
13.300000000000164 36.105166615713856
13.316666666666832 35.22969272893217
13.3333333333335 36.313364055299544
13.350000000000167 35.40201773158055
13.366666666666834 35.61349693251537
13.383333333333502 35.11941212492348
13.400000000000169 36.88626476072094
13.416666666666837 37.32042473454092
13.433333333333504 35.504785427601114
13.450000000000172 35.4359925788497
13.466666666666839 34.77188655980269
13.483333333333507 34.91032776747062
13.500000000000174 36.87519647909461
13.516666666666842 39.39685595123516
13.533333333333509 37.694506192442034
13.550000000000177 38.33120204603581
13.566666666666844 38.2324687800192
13.583333333333512 38.20981713185754
13.600000000000179 37.18480689435046
13.616666666666847 37.78920308483291
13.633333333333514 37.24735322425409
13.650000000000182 36.926531921719594
13.666666666666849 37.045381396845826
13.683333333333517 34.68611287254279
13.700000000000184 33.22854448286702
13.716666666666852 34.44656488549619
13.733333333333519 33.449367088607595
13.750000000000187 32.89099526066352
13.766666666666854 32.54344391785152
13.783333333333522 31.73803526448363
13.800000000000189 34.093830334190216
13.816666666666857 31.927710843373493
13.833333333333524 30.914826498422716
13.850000000000191 31.647582697201013
13.866666666666859 33.08610125765884
13.883333333333526 34.52108532200064
13.900000000000194 33.64820846905538
13.916666666666861 31.280076997112605
13.933333333333529 29.98725302740599
13.950000000000196 31.575541895826582
13.966666666666864 33.696010550609955
13.983333333333531 34.913217623498
14.000000000000199 36.19466035822912
14.016666666666866 37.75720164609054
14.033333333333534 38.83495145631068
14.050000000000201 36.3853775196447
14.066666666666869 33.2998324958124
14.083333333333536 29.40600522193211
14.100000000000204 30.085582620144848
14.116666666666871 26.778242677824267
14.133333333333539 26.98155936590099
14.150000000000206 29.236868186323072
14.166666666666874 32.720463057541714
14.183333333333541 34.39446366782007
14.200000000000209 31.498470948012244
14.216666666666876 30.579072130037268
14.233333333333544 29.841162554917208
14.250000000000211 25.343811394891954
14.266666666666879 24.23452768729642
14.283333333333546 12.696529219816082
14.300000000000214 14.562518922191954
14.316666666666881 20.331950207468896
14.333333333333549 20.46839910170034
14.350000000000216 19.374401532077883
14.366666666666884 19.89056968136466
14.383333333333551 19.83204134366925
14.400000000000219 19.540601747007436
14.416666666666886 20.497707924034046
14.433333333333554 22.74706867671693
14.450000000000221 22.244556113902863
14.466666666666889 21.505016722408016
14.483333333333556 22.23724231159176
14.500000000000224 23.950447350309705
14.516666666666891 23.655172413793103
14.533333333333559 24.001389371309497
14.550000000000226 23.4456408475165
14.566666666666894 20.1834862385321
14.583333333333561 20.954998282377193
14.600000000000229 21.532593619972253
14.616666666666896 23.42533616418967
14.633333333333564 23.295454545454557
14.650000000000231 23.392857142857135
14.666666666666899 22.785714285714295
14.683333333333566 20.585125132181883
14.700000000000234 20.452937013446558
14.716666666666901 19.639703285058282
14.733333333333569 20.357142857142865
14.750000000000236 21.35360115816143
14.766666666666904 22.647058823529395
14.783333333333571 21.27192982456139
14.800000000000239 21.36029411764704
14.816666666666906 20.21237641889418
14.833333333333574 19.371345029239738
14.850000000000241 19.41176470588233
14.866666666666909 20.8380097268986
14.883333333333576 18.523985239852383
14.900000000000244 18.559762435040845
14.916666666666911 18.11082186686501
14.933333333333579 16.789940828402347
14.950000000000246 18.66969009826152
14.966666666666914 20.362514462013117
14.983333333333581 17.493373722074974
15.000000000000249 18.661023470565592
15.016666666666916 19.43903389170237
15.033333333333584 20.721077654516627
15.050000000000251 22.038678485092664
15.066666666666919 25.57363370880268
15.083333333333586 26.149304091100795
15.100000000000254 26.468085106382976
15.116666666666921 25.65957446808511
15.133333333333589 25.70694087403599
15.150000000000256 26.62901824500434
15.166666666666924 24.93528904227783
15.183333333333591 23.848471803702104
15.200000000000259 24.650959860383956
15.216666666666926 23.714036617262412
15.233333333333594 24.41501103752758
15.250000000000261 25.347066726377054
15.266666666666929 25.011246063877657
15.283333333333596 25.969876768598837
15.300000000000264 26.55889145496536
15.316666666666931 27.69953051643194
15.333333333333599 29.234449760765568
15.350000000000266 29.893410852713167
15.366666666666934 28.48865282472235
15.383333333333601 25.702046644455034
15.400000000000269 25.586966938188787
15.416666666666936 29.338637493784198
15.433333333333604 31.48242485990828
15.450000000000271 33.611691022964514
15.466666666666939 35.17828632251197
15.483333333333606 35.556750941366325
15.500000000000274 37.741046831955934
15.516666666666941 39.819514946418494
15.533333333333609 40.27381631488878
15.550000000000276 40.09190120620333
15.566666666666944 38.885697874784604
15.583333333333611 39.4186046511628
15.600000000000279 40.401653868871826
15.616666666666946 40.04753416518121
15.633333333333614 40.13197360527893
15.650000000000281 38.872225554889
15.666666666666949 37.507489514679435
15.683333333333616 36.823104693140806
15.700000000000284 35.15296940611877
15.716666666666951 34.62002412545237
15.733333333333618 36.039360393603964
15.750000000000286 36.17153511497825
15.766666666666953 34.866376631448105
15.783333333333621 33.89408099688472
15.800000000000288 34.76884103863206
15.816666666666956 35.84784010315925
15.833333333333623 36.49444081098759
15.850000000000291 34.94448073154802
15.866666666666958 33.22475570032573
15.883333333333626 32.20117570215546
15.900000000000293 30.403645833333346
15.916666666666961 29.457870672762915
15.933333333333628 30.385638297872344
15.950000000000296 30.026809651474522
15.966666666666963 30.455472467709043
15.983333333333631 31.897150799166088
