10 50.26269702276704
10.016666666666667 49.480968858131504
10.033333333333335 49.57020057306589
10.050000000000002 49.74358974358978
10.06666666666667 49.830124575311444
10.083333333333337 49.494949494949495
10.100000000000005 48.53185595567866
10.116666666666672 48.37822979659155
10.13333333333334 47.66304347826087
10.150000000000007 47.306034482758605
10.166666666666675 47.402249598286005
10.183333333333342 47.522642514651054
10.20000000000001 46.32352941176471
10.216666666666677 45.662337662337656
10.233333333333345 44.96402877697842
10.250000000000012 44.501018329938894
10.26666666666668 43.539467068878835
10.283333333333347 43.31337325349302
10.300000000000015 43.588469184890656
10.316666666666682 43.435340572556775
10.33333333333335 43.56581532416504
10.350000000000017 42.462433349491015
10.366666666666685 42.5952725518572
10.383333333333352 41.909307875894974
10.40000000000002 41.45764316138193
10.416666666666687 40.66448291998127
10.433333333333355 41.08309990662933
10.450000000000022 41.302325581395344
10.46666666666669 42.178770949720665
10.483333333333357 41.539880129091735
10.500000000000025 41.624598439651216
10.516666666666692 42.35888022028453
10.53333333333336 42.3744292237443
10.550000000000027 42.06708975521306
10.566666666666695 41.76417641764177
10.583333333333362 41.737572772055515
10.60000000000003 41.81899242086491
10.616666666666697 41.66666666666668
10.633333333333365 42.882562277580035
10.650000000000032 42.15859030837006
10.6666666666667 40.52882531426095
10.683333333333367 40.56970220112213
10.700000000000035 41.52249134948098
10.716666666666702 41.864479930945166
10.73333333333337 41.7167381974249
10.750000000000037 41.81274048738778
10.766666666666705 41.805023414218816
10.783333333333372 42.14103653355991
10.80000000000004 41.29520605550883
10.816666666666707 41.40821458507964
10.833333333333375 40.73920265780732
10.850000000000042 39.81101068200491
10.86666666666671 40.38619556285948
10.883333333333377 41.601320676846896
10.900000000000045 41.82791272128449
10.916666666666712 41.43149284253578
10.93333333333338 41.08086143843966
10.950000000000047 41.07648725212464
10.966666666666715 41.77471636952999
10.983333333333382 40.311626048741495
11.00000000000005 40.25457438345268
11.016666666666717 40.21394611727416
11.033333333333385 40.395256916996075
11.050000000000052 41.805887032617356
11.06666666666672 43.366733466933866
11.083333333333387 45.46191247974068
11.100000000000055 45.04830917874397
11.116666666666722 44.599999999999994
11.13333333333339 43.28593996840442
11.150000000000057 41.68937329700273
11.166666666666725 41.385985288424315
11.183333333333392 40.70660522273427
11.20000000000006 40.19832189168574
11.216666666666727 38.12734082397005
11.233333333333395 36.78373382624768
11.250000000000062 39.56374576908614
11.26666666666673 40.278824415975876
11.283333333333397 41.118669690098265
11.300000000000065 42.27117356627422
11.316666666666732 44.7226502311248
11.3333333333334 45.146379044684124
11.350000000000067 43.96190476190476
11.366666666666735 43.77845220030349
11.383333333333402 43.01844185171246
11.40000000000007 42.57388701833146
11.416666666666737 42.09743399033098
11.433333333333405 42.6656738644825
11.450000000000072 42.77220364176888
11.46666666666674 42.40295748613679
11.483333333333407 41.82886522218142
11.500000000000075 42.19610723466766
11.516666666666742 41.98975859546452
11.53333333333341 42.31894659839063
11.550000000000077 40.677966101694906
11.566666666666745 40.04297994269342
11.583333333333412 39.20454545454548
11.60000000000008 40.07130124777183
11.616666666666747 41.1975618501255
11.633333333333415 42.85197249366631
11.650000000000082 43.75000000000003
11.66666666666675 44.883040935672504
11.683333333333417 43.53323699421964
11.700000000000085 40.07741027445461
11.716666666666752 38.0622837370242
11.73333333333342 33.44459279038717
11.750000000000087 34.564998320456844
11.766666666666755 37.27770177838578
11.783333333333422 41.7694747973211
11.80000000000009 43.82583868665238
11.816666666666757 44.333214158026436
11.833333333333425 42.73112208892026
11.850000000000092 43.78992193044714
11.86666666666676 42.82195636875441
11.883333333333427 40.98474341192787
11.900000000000095 40.6908462867012
11.916666666666762 41.07883817427386
11.93333333333343 41.7128987517337
11.950000000000097 43.46302138100244
11.966666666666764 42.559109874826156
11.983333333333432 41.830742659758215
12.0000000000001 43.62556758644777
12.016666666666767 43.534332520041815
12.033333333333434 42.20689655172414
12.050000000000102 41.87564410855376
12.06666666666677 39.77695167286245
12.083333333333437 40.230274297324755
12.100000000000104 40.67164179104477
12.116666666666772 42.38683127572017
12.13333333333344 41.53898535921009
12.150000000000107 40.65562690098005
12.166666666666774 42.121418826739436
12.183333333333442 44.11053540587219
12.20000000000011 45.86098498078938
12.216666666666777 46.856340007024954
12.233333333333444 45.110957004160895
12.250000000000112 47.551954913702005
12.26666666666678 48.40764331210189
12.283333333333447 47.71287825475016
12.300000000000114 48.39279406570117
12.316666666666782 46.87390848760041
12.33333333333345 49.20241049273308
12.350000000000117 50.16042780748662
12.366666666666784 49.68039772727274
12.383333333333452 46.79888656924145
12.40000000000012 45.28561596696488
12.416666666666787 47.007654836464845
12.433333333333454 45.457673778389534
12.450000000000122 46.11398963730569
12.46666666666679 47.286012526096016
12.483333333333457 45.88356872201171
12.500000000000124 45.30178326474622
12.516666666666792 46.42487046632125
12.53333333333346 49.80572235959025
12.550000000000127 54.178779069767465
12.566666666666794 51.93271295633501
12.583333333333462 51.13879003558718
12.60000000000013 46.98961937716261
12.616666666666797 46.114167812929864
12.633333333333464 42.41206030150754
12.650000000000132 49.036102348405194
12.6666666666668 49.036102348405194
12.683333333333467 48.81035689293212
12.700000000000134 48.17136886102402
12.716666666666802 48.84534639608116
12.73333333333347 47.5381414701803
12.750000000000137 45.12278308321964
12.766666666666804 46.72413793103448
12.783333333333472 49.14125481948824
12.80000000000014 52.563642882753655
12.816666666666807 54.61482558139536
12.833333333333474 58.37676842889054
12.850000000000142 54.29815016322089
12.86666666666681 49.38531787846858
12.883333333333477 54.505813953488406
12.900000000000144 55.032822757111575
12.916666666666812 53.81831342743395
12.93333333333348 50.62034739454094
12.950000000000147 41.082696778478905
12.966666666666814 36.65915674283875
12.983333333333482 40.98306210561277
13.00000000000015 49.982325910215614
13.016666666666817 54.6681254558716
13.033333333333484 52.26293103448278
13.050000000000152 48.82332279592553
13.06666666666682 46.0344827586207
13.083333333333487 45.93103448275862
13.100000000000154 53.42763873775842
13.116666666666822 58.79038317054848
13.13333333333349 60.60836501901143
13.150000000000157 61.10687022900762
13.166666666666824 59.04977375565608
13.183333333333492 57.1002609019754
13.20000000000016 54.51210564930301
13.216666666666827 52.90697674418606
13.233333333333494 54.843462246777165
13.250000000000162 60.343511450381655
13.26666666666683 52.784856206771025
13.283333333333497 48.372257607926386
13.300000000000164 45.755045233124555
13.316666666666832 46.65264633718893
13.3333333333335 49.60629921259841
13.350000000000167 51.707848837209326
13.366666666666834 50.08996041741635
13.383333333333502 47.6781283232896
13.400000000000169 48.3422459893048
13.416666666666837 50.74356184258252
13.433333333333504 51.71783625730992
13.450000000000172 54.64378963073479
13.466666666666839 56.75880348352896
13.483333333333507 54.40627333831217
13.500000000000174 55.40082800150546
13.516666666666842 59.0050134978789
13.533333333333509 62.920459042342685
13.550000000000177 52.03402366863904
13.566666666666844 46.085409252669024
13.583333333333512 42.34109065647794
13.600000000000179 42.62809341233879
13.616666666666847 46.99532205829436
13.633333333333514 48.38122953801381
13.650000000000182 49.70588235294115
13.666666666666849 53.74432677760967
13.683333333333517 55.538520505940966
13.700000000000184 54.93496557000765
13.716666666666852 53.3763277693475
13.733333333333519 54.04580152671753
13.750000000000187 58.7076438140268
13.766666666666854 60.223196492626556
13.783333333333522 62.29773462783171
13.800000000000189 63.07003257328989
13.816666666666857 61.65048543689321
13.833333333333524 59.96791014841558
13.850000000000191 60.35455278001611
13.866666666666859 58.27022718214428
13.883333333333526 56.64031620553362
13.900000000000194 53.43422584400466
13.916666666666861 54.34272300469483
13.933333333333529 57.56605284227379
13.950000000000196 60.61349693251536
13.966666666666864 63.454317897371716
13.983333333333531 63.0788485607009
14.000000000000199 61.182306738321614
14.016666666666866 60.47854785478548
14.033333333333534 60.596026490066215
14.050000000000201 59.653465346534674
14.066666666666869 61.0346266166041
14.083333333333536 63.481953290870486
14.100000000000204 61.95698017714044
14.116666666666871 62.632696390658154
14.133333333333539 63.27490380504488
14.150000000000206 62.43070362473347
14.166666666666874 64.62938881664498
14.183333333333541 63.02195436934997
14.200000000000209 62.94219154443488
14.216666666666876 61.00897819581015
14.233333333333544 58.70667793744716
14.250000000000211 56.80770842061163
14.266666666666879 54.7905433430112
14.283333333333546 54.65502909393182
14.300000000000214 53.011551155115534
14.316666666666881 51.557377049180324
14.333333333333549 52.56622516556291
14.350000000000216 51.88094253823894
14.366666666666884 53.73635600335851
14.383333333333551 55.1211219719507
14.400000000000219 55.536554082941436
14.416666666666886 58.15881326352532
14.433333333333554 58.39544059622972
14.450000000000221 56.726164562472775
14.466666666666889 53.398888413852085
14.483333333333556 52.12765957446808
14.500000000000224 51.574468085106375
14.516666666666891 52.18696397941682
14.533333333333559 51.499571550985436
14.550000000000226 51.78802240413613
14.566666666666894 52.60869565217392
14.583333333333561 51.18893212278424
14.600000000000229 50.25884383088869
14.616666666666896 49.78411053540588
14.633333333333564 48.90133563119346
14.650000000000231 46.65530464422668
14.666666666666899 45.56263269639066
14.683333333333566 45.58635394456289
14.700000000000234 44.49638759031024
14.716666666666901 41.5551839464883
14.733333333333569 41.5617128463476
14.750000000000236 43.83033419023136
14.766666666666904 46.88049209138841
14.783333333333571 46.22144112478033
14.800000000000239 45.28715475668565
14.816666666666906 43.310165073848836
14.833333333333574 41.67385677308026
14.850000000000241 41.5151515151515
14.866666666666909 41.78649237472767
14.883333333333576 41.999123191582626
14.900000000000244 42.33995584988962
14.916666666666911 41.9911504424779
14.933333333333579 42.10057854917669
14.950000000000246 42.319749216300934
14.966666666666914 41.730165844912605
14.983333333333581 40.553818669048674
15.000000000000249 40.845704003598755
15.016666666666916 40.63205417607224
15.033333333333584 41.44226380648107
15.050000000000251 42.929995363931376
15.066666666666919 43.45182413470535
15.083333333333586 43.77945334590011
15.100000000000254 43.838862559241726
15.116666666666921 43.35232668566003
15.133333333333589 43.63636363636365
15.150000000000256 43.5576923076923
15.166666666666924 43.84689922480621
15.183333333333591 45.467980295566534
15.200000000000259 46.8
15.216666666666926 48.02231237322517
15.233333333333594 49.63917525773197
15.250000000000261 49.378881987577635
15.266666666666929 48.49896480331263
15.283333333333596 48.464341488807904
15.300000000000264 48.42931937172777
15.316666666666931 48.31578947368421
15.333333333333599 47.36842105263158
15.350000000000266 46.62802950474182
15.366666666666934 46.42668078348332
15.383333333333601 45.473795659078874
15.400000000000269 44.72708002119765
15.416666666666936 44.92521367521365
15.433333333333604 45.96643205197619
15.450000000000271 45.860566448801755
15.466666666666939 45.2758055707264
15.483333333333606 45.08511806699616
15.500000000000274 45.37396121883655
15.516666666666941 46.21424565339318
15.533333333333609 46.436651583710415
15.550000000000276 47.250859106529205
15.566666666666944 48.603026775320146
15.583333333333611 49.32233352975841
15.600000000000279 49.14048606994664
15.616666666666946 50.30084235860412
15.633333333333614 50.85158150851584
15.650000000000281 50.61199510403917
15.666666666666949 48.60097323600975
15.683333333333616 46.43719806763286
15.700000000000284 45.81818181818181
15.716666666666951 45.0789793438639
15.733333333333618 45.515970515970544
15.750000000000286 45.84367245657568
15.766666666666953 45.56803995006243
15.783333333333621 48.84169884169882
15.800000000000288 50.689428759028246
15.816666666666956 50.03295978905738
15.833333333333623 50.36642238507664
15.850000000000291 50.672947510094225
15.866666666666958 49.99999999999999
15.883333333333626 49.32157394843963
15.900000000000293 49.14559125085441
15.916666666666961 48.35390946502057
15.933333333333628 48.682385575589464
15.950000000000296 48.49755415793152
15.966666666666963 47.8932584269663
15.983333333333631 48.96502498215561
