4.0 0.0
4.0167 0.0
4.0333 0.0
4.05 0.0
4.0667 0.0
4.0833 0.0
4.1 0.0
4.1167 0.0
4.1333 0.0
4.15 0.0
4.1667 0.0
4.1833 0.0
4.2 0.0
4.2167 0.0
4.2333 0.0
4.25 0.0
4.2667 0.0
4.2833 0.0
4.3 0.0
4.3167 0.0
4.3333 0.0
4.35 0.0
4.3667 0.0
4.3833 0.0
4.4 0.0
4.4167 0.0
4.4333 0.0
4.45 0.0
4.4667 0.0
4.4833 0.0
4.5 0.0
4.5167 0.0
4.5333 0.0
4.55 0.0
4.5667 0.0
4.5833 0.0
4.6 0.0
4.6167 0.0
4.6333 0.0
4.65 0.0
4.6667 0.0
4.6833 0.0
4.7 0.0
4.7167 0.0
4.7333 0.0
4.75 0.0
4.7667 0.0
4.7833 0.0
4.8 0.0
4.8167 0.0
4.8333 0.0
4.85 0.0
4.8667 0.0
4.8833 0.0
4.9 0.0
4.9167 0.0
4.9333 0.0
4.95 0.0
4.9667 0.0
4.9833 0.0
5.0 0.0
5.0167 0.0
5.0333 0.0
5.05 0.0
5.0667 0.0
5.0833 0.0
5.1 0.0
5.1167 0.0
5.1333 0.0
5.15 0.0
5.1667 0.0
5.1833 0.0
5.2 0.0
5.2167 0.0
5.2333 0.0
5.25 0.0
5.2667 0.0
5.2833 0.0
5.3 0.0
5.3167 0.0
5.3333 0.0
5.35 5.041e-14
5.3667 4.966e-11
5.3833 6.155e-09
5.4 2.402e-07
5.4167 3.406e-06
5.4333 2.407e-05
5.45 7.508e-05
5.4667 0.0001608
5.4833 0.0002883
5.5 0.0004701
5.5167 0.0007273
5.5333 0.001082
5.55 0.001546
5.5667 0.002203
5.5833 0.003033
5.6 0.004163
5.6167 0.005538
5.6333 0.007328
5.65 0.009672
5.6667 0.01263
5.6833 0.01625
5.7 0.0205
5.7167 0.02596
5.7333 0.03294
5.75 0.04142
5.7667 0.05131
5.7833 0.06348
5.8 0.07861
5.8167 0.09503
5.8333 0.1143
5.85 0.1372
5.8667 0.1632
5.8833 0.1932
5.9 0.2282
5.9167 0.2623
5.9333 0.302
5.95 0.3487
5.9667 0.3947
5.9833 0.4409
6.0 0.496
6.0167 0.5614
6.0333 0.6324
6.05 0.6961
6.0667 0.764
6.0833 0.8355
6.1 0.9104
6.1167 0.9884
6.1333 1.069
6.15 1.153
6.1667 1.239
6.1833 1.328
6.2 1.42
6.2167 1.514
6.2333 1.61
6.25 1.708
6.2667 1.809
6.2833 1.912
6.3 2.017
6.3167 2.124
6.3333 2.233
6.35 2.344
6.3667 2.458
6.3833 2.573
6.4 2.691
6.4167 2.81
6.4333 2.932
6.45 3.055
6.4667 3.181
6.4833 3.309
6.5 3.439
6.5167 3.571
6.5333 3.705
6.55 3.842
6.5667 3.98
6.5833 4.12
6.6 4.263
6.6167 4.408
6.6333 4.554
6.65 4.703
6.6667 4.854
6.6833 5.007
6.7 5.162
6.7167 5.319
6.7333 5.478
6.75 5.64
6.7667 5.803
6.7833 5.968
6.8 6.135
6.8167 6.304
6.8333 6.475
6.85 6.648
6.8667 6.823
6.8833 6.999
6.9 7.178
6.9167 7.358
6.9333 7.54
6.95 7.724
6.9667 7.909
6.9833 8.096
7.0 8.285
7.0167 8.476
7.0333 8.668
7.05 8.862
7.0667 9.057
7.0833 9.254
7.1 9.453
7.1167 9.653
7.1333 9.854
7.15 10.06
7.1667 10.26
7.1833 10.47
7.2 10.67
7.2167 10.88
7.2333 11.09
7.25 11.3
7.2667 11.51
7.2833 11.73
7.3 11.94
7.3167 12.16
7.3333 12.37
7.35 12.59
7.3667 12.81
7.3833 13.03
7.4 13.25
7.4167 13.47
7.4333 13.7
7.45 13.92
7.4667 14.15
7.4833 14.37
7.5 14.6
7.5167 14.83
7.5333 15.05
7.55 15.28
7.5667 15.51
7.5833 15.74
7.6 15.97
7.6167 16.21
7.6333 16.44
7.65 16.67
7.6667 16.91
7.6833 17.14
7.7 17.38
7.7167 17.61
7.7333 17.85
7.75 18.09
7.7667 18.32
7.7833 18.56
7.8 18.8
7.8167 19.04
7.8333 19.28
7.85 19.52
7.8667 19.76
7.8833 20.0
7.9 20.24
7.9167 20.48
7.9333 20.72
7.95 20.97
7.9667 21.21
7.9833 21.45
8.0 21.69
8.0167 21.94
8.0333 22.18
8.05 22.43
8.0667 22.67
8.0833 22.91
8.1 23.16
8.1167 23.4
8.1333 23.65
8.15 23.89
8.1667 24.14
8.1833 24.38
8.2 24.62
8.2167 24.87
8.2333 25.11
8.25 25.36
8.2667 25.6
8.2833 25.85
8.3 26.09
8.3167 26.34
8.3333 26.58
8.35 26.83
8.3667 27.07
8.3833 27.32
8.4 27.56
8.4167 27.81
8.4333 28.05
8.45 28.3
8.4667 28.54
8.4833 28.78
8.5 29.03
8.5167 29.27
8.5333 29.52
8.55 29.76
8.5667 30.0
8.5833 30.24
8.6 30.49
8.6167 30.73
8.6333 30.97
8.65 31.21
8.6667 31.45
8.6833 31.7
8.7 31.94
8.7167 32.18
8.7333 32.42
8.75 32.66
8.7667 32.9
8.7833 33.14
8.8 33.37
8.8167 33.61
8.8333 33.85
8.85 34.09
8.8667 34.32
8.8833 34.56
8.9 34.8
8.9167 35.03
8.9333 35.27
8.95 35.5
8.9667 35.74
8.9833 35.97
9.0 36.21
9.0167 36.44
9.0333 36.67
9.05 36.9
9.0667 37.13
9.0833 37.36
9.1 37.59
9.1167 37.82
9.1333 38.05
9.15 38.28
9.1667 38.51
9.1833 38.74
9.2 38.96
9.2167 39.19
9.2333 39.42
9.25 39.64
9.2667 39.87
9.2833 40.09
9.3 40.31
9.3167 40.53
9.3333 40.76
9.35 40.98
9.3667 41.2
9.3833 41.42
9.4 41.64
9.4167 41.85
9.4333 42.07
9.45 42.29
9.4667 42.5
9.4833 42.72
9.5 42.93
9.5167 43.15
9.5333 43.36
9.55 43.57
9.5667 43.78
9.5833 44.0
9.6 44.21
9.6167 44.41
9.6333 44.62
9.65 44.83
9.6667 45.04
9.6833 45.24
9.7 45.45
9.7167 45.65
9.7333 45.86
9.75 46.06
9.7667 46.26
9.7833 46.46
9.8 46.66
9.8167 46.86
9.8333 47.06
9.85 47.26
9.8667 47.45
9.8833 47.65
9.9 47.84
9.9167 48.04
9.9333 48.23
9.95 48.42
9.9667 48.61
9.9833 48.8
10.0 48.99
10.0167 49.18
10.0333 49.37
10.05 49.55
10.0667 49.74
10.0833 49.92
10.1 50.11
10.1167 50.29
10.1333 50.47
10.15 50.65
10.1667 50.83
10.1833 51.01
10.2 51.19
10.2167 51.36
10.2333 51.54
10.25 51.71
10.2667 51.89
10.2833 52.06
10.3 52.23
10.3167 52.4
10.3333 52.57
10.35 52.74
10.3667 52.9
10.3833 53.07
10.4 53.24
10.4167 53.4
10.4333 53.56
10.45 53.72
10.4667 53.89
10.4833 54.05
10.5 54.2
10.5167 54.36
10.5333 54.52
10.55 54.67
10.5667 54.83
10.5833 54.98
10.6 55.13
10.6167 55.28
10.6333 55.43
10.65 55.58
10.6667 55.73
10.6833 55.87
10.7 56.02
10.7167 56.16
10.7333 56.31
10.75 56.45
10.7667 56.59
10.7833 56.73
10.8 56.87
10.8167 57.0
10.8333 57.14
10.85 57.27
10.8667 57.41
10.8833 57.54
10.9 57.67
10.9167 57.8
10.9333 57.93
10.95 58.06
10.9667 58.18
10.9833 58.31
11.0 58.43
11.0167 58.55
11.0333 58.68
11.05 58.8
11.0667 58.92
11.0833 59.03
11.1 59.15
11.1167 59.27
11.1333 59.38
11.15 59.49
11.1667 59.6
11.1833 59.71
11.2 59.82
11.2167 59.93
11.2333 60.04
11.25 60.14
11.2667 60.25
11.2833 60.35
11.3 60.45
11.3167 60.55
11.3333 60.65
11.35 60.75
11.3667 60.85
11.3833 60.94
11.4 61.04
11.4167 61.13
11.4333 61.22
11.45 61.31
11.4667 61.4
11.4833 61.49
11.5 61.57
11.5167 61.66
11.5333 61.74
11.55 61.82
11.5667 61.9
11.5833 61.98
11.6 62.06
11.6167 62.14
11.6333 62.22
11.65 62.29
11.6667 62.36
11.6833 62.44
11.7 62.51
11.7167 62.57
11.7333 62.64
11.75 62.71
11.7667 62.78
11.7833 62.84
11.8 62.9
11.8167 62.96
11.8333 63.02
11.85 63.08
11.8667 63.14
11.8833 63.2
11.9 63.25
11.9167 63.3
11.9333 63.36
11.95 63.41
11.9667 63.46
11.9833 63.51
12.0 63.55
12.0167 63.6
12.0333 63.64
12.05 63.68
12.0667 63.73
12.0833 63.77
12.1 63.8
12.1167 63.84
12.1333 63.88
12.15 63.91
12.1667 63.94
12.1833 63.98
12.2 64.01
12.2167 64.04
12.2333 64.06
12.25 64.09
12.2667 64.12
12.2833 64.14
12.3 64.16
12.3167 64.18
12.3333 64.2
12.35 64.22
12.3667 64.24
12.3833 64.25
12.4 64.27
12.4167 64.28
12.4333 64.29
12.45 64.3
12.4667 64.31
12.4833 64.32
12.5 64.32
12.5167 64.33
12.5333 64.33
12.55 64.33
12.5667 64.33
12.5833 64.33
12.6 64.33
12.6167 64.33
12.6333 64.32
12.65 64.32
12.6667 64.31
12.6833 64.3
12.7 64.29
12.7167 64.28
12.7333 64.26
12.75 64.25
12.7667 64.23
12.7833 64.22
12.8 64.2
12.8167 64.18
12.8333 64.16
12.85 64.13
12.8667 64.11
12.8833 64.09
12.9 64.06
12.9167 64.03
12.9333 64.0
12.95 63.97
12.9667 63.94
12.9833 63.91
13.0 63.87
13.0167 63.83
13.0333 63.8
13.05 63.76
13.0667 63.72
13.0833 63.68
13.1 63.63
13.1167 63.59
13.1333 63.54
13.15 63.5
13.1667 63.45
13.1833 63.4
13.2 63.35
13.2167 63.3
13.2333 63.24
13.25 63.19
13.2667 63.13
13.2833 63.07
13.3 63.01
13.3167 62.95
13.3333 62.89
13.35 62.83
13.3667 62.76
13.3833 62.7
13.4 62.63
13.4167 62.56
13.4333 62.49
13.45 62.42
13.4667 62.35
13.4833 62.28
13.5 62.2
13.5167 62.13
13.5333 62.05
13.55 61.97
13.5667 61.89
13.5833 61.81
13.6 61.73
13.6167 61.64
13.6333 61.56
13.65 61.47
13.6667 61.38
13.6833 61.29
13.7 61.2
13.7167 61.11
13.7333 61.02
13.75 60.92
13.7667 60.83
13.7833 60.73
13.8 60.63
13.8167 60.53
13.8333 60.43
13.85 60.33
13.8667 60.23
13.8833 60.12
13.9 60.02
13.9167 59.91
13.9333 59.8
13.95 59.69
13.9667 59.58
13.9833 59.47
14.0 59.36
14.0167 59.24
14.0333 59.13
14.05 59.01
14.0667 58.89
14.0833 58.77
14.1 58.65
14.1167 58.53
14.1333 58.41
14.15 58.29
14.1667 58.16
14.1833 58.03
14.2 57.9
14.2167 57.78
14.2333 57.65
14.25 57.52
14.2667 57.38
14.2833 57.25
14.3 57.11
14.3167 56.98
14.3333 56.84
14.35 56.7
14.3667 56.56
14.3833 56.42
14.4 56.28
14.4167 56.14
14.4333 55.99
14.45 55.85
14.4667 55.7
14.4833 55.55
14.5 55.41
14.5167 55.26
14.5333 55.11
14.55 54.95
14.5667 54.8
14.5833 54.65
14.6 54.49
14.6167 54.33
14.6333 54.18
14.65 54.02
14.6667 53.86
14.6833 53.7
14.7 53.53
14.7167 53.37
14.7333 53.21
14.75 53.04
14.7667 52.88
14.7833 52.71
14.8 52.54
14.8167 52.37
14.8333 52.2
14.85 52.03
14.8667 51.86
14.8833 51.68
14.9 51.51
14.9167 51.33
14.9333 51.16
14.95 50.98
14.9667 50.8
14.9833 50.62
15.0 50.44
15.0167 50.26
15.0333 50.08
15.05 49.89
15.0667 49.71
15.0833 49.52
15.1 49.34
15.1167 49.15
15.1333 48.96
15.15 48.77
15.1667 48.58
15.1833 48.39
15.2 48.2
15.2167 48.01
15.2333 47.81
15.25 47.62
15.2667 47.42
15.2833 47.22
15.3 47.03
15.3167 46.83
15.3333 46.63
15.35 46.43
15.3667 46.23
15.3833 46.03
15.4 45.82
15.4167 45.62
15.4333 45.42
15.45 45.21
15.4667 45.0
15.4833 44.8
15.5 44.59
15.5167 44.38
15.5333 44.17
15.55 43.96
15.5667 43.75
15.5833 43.54
15.6 43.33
15.6167 43.11
15.6333 42.9
15.65 42.69
15.6667 42.47
15.6833 42.25
15.7 42.04
15.7167 41.82
15.7333 41.6
15.75 41.38
15.7667 41.16
15.7833 40.94
15.8 40.72
15.8167 40.5
15.8333 40.28
15.85 40.06
15.8667 39.83
15.8833 39.61
15.9 39.38
15.9167 39.16
15.9333 38.93
15.95 38.7
15.9667 38.48
15.9833 38.25
16.0 38.02
16.0167 37.79
16.0333 37.56
16.05 37.33
16.0667 37.1
16.0833 36.87
16.1 36.64
16.1167 36.4
16.1333 36.17
16.15 35.94
16.1667 35.7
16.1833 35.47
16.2 35.24
16.2167 35.0
16.2333 34.76
16.25 34.53
16.2667 34.29
16.2833 34.05
16.3 33.82
16.3167 33.58
16.3333 33.34
16.35 33.1
16.3667 32.86
16.3833 32.62
16.4 32.38
16.4167 32.14
16.4333 31.9
16.45 31.66
16.4667 31.42
16.4833 31.18
16.5 30.94
16.5167 30.7
16.5333 30.45
16.55 30.21
16.5667 29.97
16.5833 29.73
16.6 29.48
16.6167 29.24
16.6333 29.0
16.65 28.75
16.6667 28.51
16.6833 28.27
16.7 28.02
16.7167 27.78
16.7333 27.53
16.75 27.29
16.7667 27.04
16.7833 26.8
16.8 26.55
16.8167 26.31
16.8333 26.06
16.85 25.82
16.8667 25.57
16.8833 25.33
16.9 25.08
16.9167 24.84
16.9333 24.6
16.95 24.35
16.9667 24.11
16.9833 23.86
17.0 23.62
17.0167 23.37
17.0333 23.13
17.05 22.88
17.0667 22.64
17.0833 22.4
17.1 22.15
17.1167 21.91
17.1333 21.67
17.15 21.42
17.1667 21.18
17.1833 20.94
17.2 20.7
17.2167 20.46
17.2333 20.21
17.25 19.97
17.2667 19.73
17.2833 19.49
17.3 19.25
17.3167 19.01
17.3333 18.78
17.35 18.54
17.3667 18.3
17.3833 18.06
17.4 17.82
17.4167 17.59
17.4333 17.35
17.45 17.12
17.4667 16.88
17.4833 16.65
17.5 16.42
17.5167 16.18
17.5333 15.95
17.55 15.72
17.5667 15.49
17.5833 15.26
17.6 15.03
17.6167 14.8
17.6333 14.58
17.65 14.35
17.6667 14.12
17.6833 13.9
17.7 13.68
17.7167 13.45
17.7333 13.23
17.75 13.01
17.7667 12.79
17.7833 12.57
17.8 12.35
17.8167 12.14
17.8333 11.92
17.85 11.71
17.8667 11.5
17.8833 11.28
17.9 11.07
17.9167 10.86
17.9333 10.66
17.95 10.45
17.9667 10.24
17.9833 10.04
18.0 9.838
18.0167 9.636
18.0333 9.437
18.05 9.239
18.0667 9.042
18.0833 8.847
18.1 8.653
18.1167 8.461
18.1333 8.271
18.15 8.083
18.1667 7.896
18.1833 7.71
18.2 7.527
18.2167 7.345
18.2333 7.165
18.25 6.987
18.2667 6.811
18.2833 6.636
18.3 6.463
18.3167 6.293
18.3333 6.124
18.35 5.957
18.3667 5.792
18.3833 5.629
18.4 5.468
18.4167 5.31
18.4333 5.153
18.45 4.998
18.4667 4.845
18.4833 4.695
18.5 4.546
18.5167 4.4
18.5333 4.255
18.55 4.113
18.5667 3.972
18.5833 3.834
18.6 3.698
18.6167 3.564
18.6333 3.433
18.65 3.303
18.6667 3.175
18.6833 3.05
18.7 2.926
18.7167 2.805
18.7333 2.685
18.75 2.568
18.7667 2.453
18.7833 2.34
18.8 2.229
18.8167 2.12
18.8333 2.013
18.85 1.908
18.8667 1.805
18.8833 1.705
18.9 1.607
18.9167 1.511
18.9333 1.417
18.95 1.326
18.9667 1.237
18.9833 1.151
