4.0000 0.000E+00
4.0167 0.000E+00
4.0333 0.000E+00
4.0500 0.000E+00
4.0667 0.000E+00
4.0833 0.000E+00
4.1000 0.000E+00
4.1167 0.000E+00
4.1333 0.000E+00
4.1500 0.000E+00
4.1667 0.000E+00
4.1833 0.000E+00
4.2000 0.000E+00
4.2167 0.000E+00
4.2333 0.000E+00
4.2500 0.000E+00
4.2667 0.000E+00
4.2833 0.000E+00
4.3000 0.000E+00
4.3167 0.000E+00
4.3333 0.000E+00
4.3500 0.000E+00
4.3667 0.000E+00
4.3833 0.000E+00
4.4000 0.000E+00
4.4167 0.000E+00
4.4333 0.000E+00
4.4500 0.000E+00
4.4667 0.000E+00
4.4833 0.000E+00
4.5000 0.000E+00
4.5167 0.000E+00
4.5333 0.000E+00
4.5500 0.000E+00
4.5667 0.000E+00
4.5833 0.000E+00
4.6000 0.000E+00
4.6167 0.000E+00
4.6333 0.000E+00
4.6500 0.000E+00
4.6667 0.000E+00
4.6833 0.000E+00
4.7000 0.000E+00
4.7167 0.000E+00
4.7333 0.000E+00
4.7500 0.000E+00
4.7667 0.000E+00
4.7833 0.000E+00
4.8000 0.000E+00
4.8167 0.000E+00
4.8333 0.000E+00
4.8500 0.000E+00
4.8667 0.000E+00
4.8833 0.000E+00
4.9000 0.000E+00
4.9167 0.000E+00
4.9333 0.000E+00
4.9500 0.000E+00
4.9667 0.000E+00
4.9833 0.000E+00
5.0000 0.000E+00
5.0167 0.000E+00
5.0333 0.000E+00
5.0500 0.000E+00
5.0667 0.000E+00
5.0833 0.000E+00
5.1000 0.000E+00
5.1167 0.000E+00
5.1333 0.000E+00
5.1500 0.000E+00
5.1667 0.000E+00
5.1833 0.000E+00
5.2000 0.000E+00
5.2167 0.000E+00
5.2333 0.000E+00
5.2500 0.000E+00
5.2667 0.000E+00
5.2833 0.000E+00
5.3000 0.000E+00
5.3167 0.000E+00
5.3333 0.000E+00
5.3500 0.000E+00
5.3667 0.000E+00
5.3833 0.000E+00
5.4000 0.000E+00
5.4167 0.000E+00
5.4333 0.000E+00
5.4500 0.000E+00
5.4667 0.000E+00
5.4833 0.000E+00
5.5000 0.000E+00
5.5167 0.000E+00
5.5333 0.000E+00
5.5500 0.000E+00
5.5667 0.000E+00
5.5833 0.000E+00
5.6000 0.000E+00
5.6167 0.000E+00
5.6333 0.000E+00
5.6500 0.000E+00
5.6667 0.000E+00
5.6833 0.000E+00
5.7000 0.000E+00
5.7167 0.000E+00
5.7333 0.000E+00
5.7500 0.000E+00
5.7667 0.000E+00
5.7833 0.000E+00
5.8000 0.000E+00
5.8167 0.000E+00
5.8333 0.000E+00
5.8500 0.000E+00
5.8667 0.000E+00
5.8833 0.000E+00
5.9000 0.000E+00
5.9167 0.000E+00
5.9333 0.000E+00
5.9500 0.000E+00
5.9667 0.000E+00
5.9833 0.000E+00
6.0000 0.000E+00
6.0167 0.000E+00
6.0333 0.000E+00
6.0500 0.000E+00
6.0667 0.000E+00
6.0833 0.000E+00
6.1000 0.000E+00
6.1167 0.000E+00
6.1333 0.000E+00
6.1500 0.000E+00
6.1667 0.000E+00
6.1833 0.000E+00
6.2000 0.000E+00
6.2167 0.000E+00
6.2333 0.000E+00
6.2500 0.000E+00
6.2667 0.000E+00
6.2833 0.000E+00
6.3000 0.000E+00
6.3167 0.000E+00
6.3333 0.000E+00
6.3500 0.000E+00
6.3667 0.000E+00
6.3833 0.000E+00
6.4000 0.000E+00
6.4167 0.000E+00
6.4333 0.000E+00
6.4500 0.000E+00
6.4667 6.147E-24
6.4833 6.599E-18
6.5000 8.046E-15
6.5167 2.080E-12
6.5333 1.707E-10
6.5500 4.495E-09
6.5667 2.375E-08
6.5833 7.074E-08
6.6000 1.581E-07
6.6167 3.018E-07
6.6333 5.486E-07
6.6500 9.644E-07
6.6667 1.616E-06
6.6833 2.582E-06
6.7000 3.813E-06
6.7167 5.494E-06
6.7333 7.613E-06
6.7500 1.047E-05
6.7667 1.389E-05
6.7833 1.824E-05
6.8000 2.368E-05
6.8167 3.042E-05
6.8333 3.880E-05
6.8500 4.817E-05
6.8667 5.987E-05
6.8833 7.346E-05
6.9000 9.016E-05
6.9167 1.080E-04
6.9333 1.289E-04
6.9500 1.529E-04
6.9667 1.802E-04
6.9833 2.117E-04
7.0000 2.493E-04
7.0167 2.801E-04
7.0333 3.266E-04
7.0500 3.640E-04
7.0667 4.088E-04
7.0833 4.631E-04
7.1000 5.285E-04
7.1167 5.853E-04
7.1333 6.458E-04
7.1500 7.105E-04
7.1667 7.790E-04
7.1833 8.513E-04
7.2000 9.271E-04
7.2167 1.006E-03
7.2333 1.089E-03
7.2500 1.176E-03
7.2667 1.266E-03
7.2833 1.359E-03
7.3000 1.457E-03
7.3167 1.557E-03
7.3333 1.662E-03
7.3500 1.769E-03
7.3667 1.881E-03
7.3833 1.997E-03
7.4000 2.116E-03
7.4167 2.239E-03
7.4333 2.366E-03
7.4500 2.497E-03
7.4667 2.632E-03
7.4833 2.771E-03
7.5000 2.914E-03
7.5167 3.061E-03
7.5333 3.212E-03
7.5500 3.368E-03
7.5667 3.529E-03
7.5833 3.693E-03
7.6000 3.862E-03
7.6167 4.036E-03
7.6333 4.215E-03
7.6500 4.398E-03
7.6667 4.587E-03
7.6833 4.780E-03
7.7000 4.978E-03
7.7167 5.181E-03
7.7333 5.389E-03
7.7500 5.604E-03
7.7667 5.823E-03
7.7833 6.047E-03
7.8000 6.277E-03
7.8167 6.512E-03
7.8333 6.754E-03
7.8500 7.001E-03
7.8667 7.254E-03
7.8833 7.512E-03
7.9000 7.777E-03
7.9167 8.048E-03
7.9333 8.325E-03
7.9500 8.608E-03
7.9667 8.897E-03
7.9833 9.193E-03
8.0000 9.495E-03
8.0167 9.805E-03
8.0333 1.012E-02
8.0500 1.044E-02
8.0667 1.077E-02
8.0833 1.111E-02
8.1000 1.145E-02
8.1167 1.180E-02
8.1333 1.216E-02
8.1500 1.252E-02
8.1667 1.289E-02
8.1833 1.327E-02
8.2000 1.365E-02
8.2167 1.405E-02
8.2333 1.445E-02
8.2500 1.485E-02
8.2667 1.527E-02
8.2833 1.569E-02
8.3000 1.612E-02
8.3167 1.656E-02
8.3333 1.700E-02
8.3500 1.746E-02
8.3667 1.792E-02
8.3833 1.839E-02
8.4000 1.887E-02
8.4167 1.935E-02
8.4333 1.984E-02
8.4500 2.034E-02
8.4667 2.085E-02
8.4833 2.137E-02
8.5000 2.190E-02
8.5167 2.243E-02
8.5333 2.297E-02
8.5500 2.352E-02
8.5667 2.408E-02
8.5833 2.465E-02
8.6000 2.522E-02
8.6167 2.580E-02
8.6333 2.640E-02
8.6500 2.700E-02
8.6667 2.760E-02
8.6833 2.822E-02
8.7000 2.885E-02
8.7167 2.948E-02
8.7333 3.012E-02
8.7500 3.077E-02
8.7667 3.143E-02
8.7833 3.210E-02
8.8000 3.277E-02
8.8167 3.346E-02
8.8333 3.415E-02
8.8500 3.485E-02
8.8667 3.556E-02
8.8833 3.628E-02
8.9000 3.700E-02
8.9167 3.774E-02
8.9333 3.848E-02
8.9500 3.923E-02
8.9667 3.999E-02
8.9833 4.076E-02
9.0000 4.153E-02
9.0167 4.232E-02
9.0333 4.311E-02
9.0500 4.391E-02
9.0667 4.472E-02
9.0833 4.553E-02
9.1000 4.636E-02
9.1167 4.719E-02
9.1333 4.803E-02
9.1500 4.888E-02
9.1667 4.973E-02
9.1833 5.060E-02
9.2000 5.147E-02
9.2167 5.235E-02
9.2333 5.323E-02
9.2500 5.413E-02
9.2667 5.503E-02
9.2833 5.594E-02
9.3000 5.686E-02
9.3167 5.778E-02
9.3333 5.872E-02
9.3500 5.965E-02
9.3667 6.060E-02
9.3833 6.155E-02
9.4000 6.251E-02
9.4167 6.348E-02
9.4333 6.446E-02
9.4500 6.544E-02
9.4667 6.642E-02
9.4833 6.742E-02
9.5000 6.842E-02
9.5167 6.943E-02
9.5333 7.044E-02
9.5500 7.146E-02
9.5667 7.249E-02
9.5833 7.352E-02
9.6000 7.455E-02
9.6167 7.560E-02
9.6333 7.665E-02
9.6500 7.771E-02
9.6667 7.877E-02
9.6833 7.984E-02
9.7000 8.091E-02
9.7167 8.199E-02
9.7333 8.307E-02
9.7500 8.416E-02
9.7667 8.525E-02
9.7833 8.635E-02
9.8000 8.746E-02
9.8167 8.856E-02
9.8333 8.968E-02
9.8500 9.079E-02
9.8667 9.191E-02
9.8833 9.304E-02
9.9000 9.417E-02
9.9167 9.531E-02
9.9333 9.644E-02
9.9500 9.758E-02
9.9667 9.873E-02
9.9833 9.987E-02
10.0000 1.010E-01
10.0167 1.022E-01
10.0333 1.033E-01
10.0500 1.045E-01
10.0667 1.057E-01
10.0833 1.069E-01
10.1000 1.080E-01
10.1167 1.092E-01
10.1333 1.103E-01
10.1500 1.116E-01
10.1667 1.127E-01
10.1833 1.139E-01
10.2000 1.151E-01
10.2167 1.163E-01
10.2333 1.175E-01
10.2500 1.187E-01
10.2667 1.198E-01
10.2833 1.211E-01
10.3000 1.222E-01
10.3167 1.235E-01
10.3333 1.247E-01
10.3500 1.258E-01
10.3667 1.271E-01
10.3833 1.282E-01
10.4000 1.294E-01
10.4167 1.306E-01
10.4333 1.318E-01
10.4500 1.330E-01
10.4667 1.342E-01
10.4833 1.354E-01
10.5000 1.366E-01
10.5167 1.378E-01
10.5333 1.390E-01
10.5500 1.402E-01
10.5667 1.414E-01
10.5833 1.426E-01
10.6000 1.438E-01
10.6167 1.450E-01
10.6333 1.462E-01
10.6500 1.473E-01
10.6667 1.486E-01
10.6833 1.498E-01
10.7000 1.510E-01
10.7167 1.521E-01
10.7333 1.533E-01
10.7500 1.545E-01
10.7667 1.557E-01
10.7833 1.567E-01
10.8000 1.580E-01
10.8167 1.592E-01
10.8333 1.603E-01
10.8500 1.615E-01
10.8667 1.627E-01
10.8833 1.637E-01
10.9000 1.649E-01
10.9167 1.661E-01
10.9333 1.672E-01
10.9500 1.684E-01
10.9667 1.694E-01
10.9833 1.706E-01
11.0000 1.717E-01
11.0167 1.729E-01
11.0333 1.740E-01
11.0500 1.751E-01
11.0667 1.762E-01
11.0833 1.772E-01
11.1000 1.784E-01
11.1167 1.795E-01
11.1333 1.805E-01
11.1500 1.816E-01
11.1667 1.827E-01
11.1833 1.838E-01
11.2000 1.848E-01
11.2167 1.859E-01
11.2333 1.868E-01
11.2500 1.880E-01
11.2667 1.890E-01
11.2833 1.900E-01
11.3000 1.910E-01
11.3167 1.921E-01
11.3333 1.931E-01
11.3500 1.941E-01
11.3667 1.950E-01
11.3833 1.960E-01
11.4000 1.970E-01
11.4167 1.980E-01
11.4333 1.989E-01
11.4500 1.999E-01
11.4667 2.008E-01
11.4833 2.018E-01
11.5000 2.025E-01
11.5167 2.036E-01
11.5333 2.045E-01
11.5500 2.054E-01
11.5667 2.063E-01
11.5833 2.072E-01
11.6000 2.080E-01
11.6167 2.089E-01
11.6333 2.098E-01
11.6500 2.106E-01
11.6667 2.115E-01
11.6833 2.123E-01
11.7000 2.131E-01
11.7167 2.139E-01
11.7333 2.146E-01
11.7500 2.155E-01
11.7667 2.163E-01
11.7833 2.170E-01
11.8000 2.178E-01
11.8167 2.186E-01
11.8333 2.193E-01
11.8500 2.200E-01
11.8667 2.208E-01
11.8833 2.215E-01
11.9000 2.222E-01
11.9167 2.228E-01
11.9333 2.235E-01
11.9500 2.241E-01
11.9667 2.248E-01
11.9833 2.255E-01
12.0000 2.260E-01
12.0167 2.267E-01
12.0333 2.273E-01
12.0500 2.279E-01
12.0667 2.285E-01
12.0833 2.291E-01
12.1000 2.296E-01
12.1167 2.302E-01
12.1333 2.307E-01
12.1500 2.313E-01
12.1667 2.318E-01
12.1833 2.323E-01
12.2000 2.328E-01
12.2167 2.332E-01
12.2333 2.337E-01
12.2500 2.342E-01
12.2667 2.346E-01
12.2833 2.350E-01
12.3000 2.354E-01
12.3167 2.358E-01
12.3333 2.362E-01
12.3500 2.366E-01
12.3667 2.370E-01
12.3833 2.373E-01
12.4000 2.377E-01
12.4167 2.380E-01
12.4333 2.383E-01
12.4500 2.386E-01
12.4667 2.389E-01
12.4833 2.392E-01
12.5000 2.394E-01
12.5167 2.395E-01
12.5333 2.399E-01
12.5500 2.400E-01
12.5667 2.402E-01
12.5833 2.405E-01
12.6000 2.408E-01
12.6167 2.409E-01
12.6333 2.411E-01
12.6500 2.413E-01
12.6667 2.414E-01
12.6833 2.415E-01
12.7000 2.416E-01
12.7167 2.417E-01
12.7333 2.418E-01
12.7500 2.419E-01
12.7667 2.419E-01
12.7833 2.419E-01
12.8000 2.420E-01
12.8167 2.420E-01
12.8333 2.420E-01
12.8500 2.420E-01
12.8667 2.419E-01
12.8833 2.419E-01
12.9000 2.419E-01
12.9167 2.418E-01
12.9333 2.417E-01
12.9500 2.416E-01
12.9667 2.415E-01
12.9833 2.414E-01
13.0000 2.413E-01
13.0167 2.411E-01
13.0333 2.410E-01
13.0500 2.408E-01
13.0667 2.406E-01
13.0833 2.403E-01
13.1000 2.400E-01
13.1167 2.400E-01
13.1333 2.396E-01
13.1500 2.394E-01
13.1667 2.392E-01
13.1833 2.390E-01
13.2000 2.387E-01
13.2167 2.384E-01
13.2333 2.381E-01
13.2500 2.377E-01
13.2667 2.374E-01
13.2833 2.371E-01
13.3000 2.367E-01
13.3167 2.363E-01
13.3333 2.358E-01
13.3500 2.355E-01
13.3667 2.351E-01
13.3833 2.347E-01
13.4000 2.343E-01
13.4167 2.338E-01
13.4333 2.333E-01
13.4500 2.329E-01
13.4667 2.324E-01
13.4833 2.319E-01
13.5000 2.313E-01
13.5167 2.308E-01
13.5333 2.303E-01
13.5500 2.298E-01
13.5667 2.292E-01
13.5833 2.286E-01
13.6000 2.281E-01
13.6167 2.275E-01
13.6333 2.269E-01
13.6500 2.261E-01
13.6667 2.256E-01
13.6833 2.250E-01
13.7000 2.242E-01
13.7167 2.237E-01
13.7333 2.229E-01
13.7500 2.223E-01
13.7667 2.216E-01
13.7833 2.209E-01
13.8000 2.201E-01
13.8167 2.195E-01
13.8333 2.187E-01
13.8500 2.180E-01
13.8667 2.171E-01
13.8833 2.165E-01
13.9000 2.157E-01
13.9167 2.148E-01
13.9333 2.141E-01
13.9500 2.133E-01
13.9667 2.125E-01
13.9833 2.117E-01
14.0000 2.108E-01
14.0167 2.098E-01
14.0333 2.091E-01
14.0500 2.083E-01
14.0667 2.074E-01
14.0833 2.065E-01
14.1000 2.055E-01
14.1167 2.047E-01
14.1333 2.038E-01
14.1500 2.029E-01
14.1667 2.020E-01
14.1833 2.010E-01
14.2000 2.001E-01
14.2167 1.991E-01
14.2333 1.982E-01
14.2500 1.972E-01
14.2667 1.962E-01
14.2833 1.953E-01
14.3000 1.943E-01
14.3167 1.933E-01
14.3333 1.923E-01
14.3500 1.913E-01
14.3667 1.902E-01
14.3833 1.892E-01
14.4000 1.882E-01
14.4167 1.872E-01
14.4333 1.861E-01
14.4500 1.851E-01
14.4667 1.840E-01
14.4833 1.829E-01
14.5000 1.817E-01
14.5167 1.808E-01
14.5333 1.797E-01
14.5500 1.786E-01
14.5667 1.775E-01
14.5833 1.764E-01
14.6000 1.753E-01
14.6167 1.742E-01
14.6333 1.731E-01
14.6500 1.720E-01
14.6667 1.709E-01
14.6833 1.697E-01
14.7000 1.686E-01
14.7167 1.675E-01
14.7333 1.663E-01
14.7500 1.652E-01
14.7667 1.641E-01
14.7833 1.629E-01
14.8000 1.617E-01
14.8167 1.606E-01
14.8333 1.594E-01
14.8500 1.583E-01
14.8667 1.571E-01
14.8833 1.559E-01
14.9000 1.547E-01
14.9167 1.536E-01
14.9333 1.524E-01
14.9500 1.512E-01
14.9667 1.500E-01
14.9833 1.488E-01
15.0000 1.477E-01
15.0167 1.465E-01
15.0333 1.453E-01
15.0500 1.441E-01
15.0667 1.429E-01
15.0833 1.417E-01
15.1000 1.405E-01
15.1167 1.393E-01
15.1333 1.381E-01
15.1500 1.369E-01
15.1667 1.357E-01
15.1833 1.345E-01
15.2000 1.333E-01
15.2167 1.321E-01
15.2333 1.309E-01
15.2500 1.297E-01
15.2667 1.285E-01
15.2833 1.273E-01
15.3000 1.261E-01
15.3167 1.249E-01
15.3333 1.237E-01
15.3500 1.225E-01
15.3667 1.213E-01
15.3833 1.201E-01
15.4000 1.189E-01
15.4167 1.177E-01
15.4333 1.165E-01
15.4500 1.154E-01
15.4667 1.142E-01
15.4833 1.130E-01
15.5000 1.118E-01
15.5167 1.106E-01
15.5333 1.094E-01
15.5500 1.083E-01
15.5667 1.071E-01
15.5833 1.059E-01
15.6000 1.048E-01
15.6167 1.036E-01
15.6333 1.024E-01
15.6500 1.013E-01
15.6667 1.001E-01
15.6833 9.893E-02
15.7000 9.782E-02
15.7167 9.669E-02
15.7333 9.554E-02
15.7500 9.441E-02
15.7667 9.328E-02
15.7833 9.216E-02
15.8000 9.104E-02
15.8167 8.992E-02
15.8333 8.880E-02
15.8500 8.770E-02
15.8667 8.659E-02
15.8833 8.549E-02
15.9000 8.440E-02
15.9167 8.331E-02
15.9333 8.222E-02
15.9500 8.114E-02
15.9667 8.007E-02
15.9833 7.900E-02
16.0000 7.794E-02
16.0167 7.688E-02
16.0333 7.583E-02
16.0500 7.478E-02
16.0667 7.374E-02
16.0833 7.271E-02
16.1000 7.168E-02
16.1167 7.066E-02
16.1333 6.964E-02
16.1500 6.864E-02
16.1667 6.763E-02
16.1833 6.664E-02
16.2000 6.565E-02
16.2167 6.467E-02
16.2333 6.369E-02
16.2500 6.272E-02
16.2667 6.176E-02
16.2833 6.081E-02
16.3000 5.986E-02
16.3167 5.892E-02
16.3333 5.798E-02
16.3500 5.706E-02
16.3667 5.614E-02
16.3833 5.523E-02
16.4000 5.433E-02
16.4167 5.343E-02
16.4333 5.254E-02
16.4500 5.166E-02
16.4667 5.079E-02
16.4833 4.992E-02
16.5000 4.906E-02
16.5167 4.821E-02
16.5333 4.737E-02
16.5500 4.654E-02
16.5667 4.571E-02
16.5833 4.489E-02
16.6000 4.408E-02
16.6167 4.328E-02
16.6333 4.249E-02
16.6500 4.170E-02
16.6667 4.093E-02
16.6833 4.016E-02
16.7000 3.939E-02
16.7167 3.864E-02
16.7333 3.790E-02
16.7500 3.716E-02
16.7667 3.643E-02
16.7833 3.571E-02
16.8000 3.500E-02
16.8167 3.430E-02
16.8333 3.361E-02
16.8500 3.292E-02
16.8667 3.224E-02
16.8833 3.157E-02
16.9000 3.091E-02
16.9167 3.026E-02
16.9333 2.962E-02
16.9500 2.898E-02
16.9667 2.836E-02
16.9833 2.774E-02
17.0000 2.713E-02
17.0167 2.653E-02
17.0333 2.593E-02
17.0500 2.535E-02
17.0667 2.477E-02
17.0833 2.420E-02
17.1000 2.364E-02
17.1167 2.309E-02
17.1333 2.255E-02
17.1500 2.201E-02
17.1667 2.148E-02
17.1833 2.097E-02
17.2000 2.045E-02
17.2167 1.995E-02
17.2333 1.946E-02
17.2500 1.897E-02
17.2667 1.849E-02
17.2833 1.802E-02
17.3000 1.756E-02
17.3167 1.710E-02
17.3333 1.666E-02
17.3500 1.622E-02
17.3667 1.578E-02
17.3833 1.536E-02
17.4000 1.494E-02
17.4167 1.453E-02
17.4333 1.413E-02
17.4500 1.374E-02
17.4667 1.335E-02
17.4833 1.297E-02
17.5000 1.260E-02
17.5167 1.223E-02
17.5333 1.188E-02
17.5500 1.152E-02
17.5667 1.118E-02
17.5833 1.084E-02
17.6000 1.051E-02
17.6167 1.019E-02
17.6333 9.873E-03
17.6500 9.562E-03
17.6667 9.259E-03
17.6833 8.962E-03
17.7000 8.671E-03
17.7167 8.386E-03
17.7333 8.108E-03
17.7500 7.836E-03
17.7667 7.570E-03
17.7833 7.310E-03
17.8000 7.056E-03
17.8167 6.807E-03
17.8333 6.565E-03
17.8500 6.328E-03
17.8667 6.097E-03
17.8833 5.871E-03
17.9000 5.651E-03
17.9167 5.436E-03
17.9333 5.226E-03
17.9500 5.022E-03
17.9667 4.823E-03
17.9833 4.629E-03
18.0000 4.439E-03
18.0167 4.255E-03
18.0333 4.075E-03
18.0500 3.901E-03
18.0667 3.730E-03
18.0833 3.564E-03
18.1000 3.403E-03
18.1167 3.246E-03
18.1333 3.094E-03
18.1500 2.946E-03
18.1667 2.802E-03
18.1833 2.662E-03
18.2000 2.526E-03
18.2167 2.394E-03
18.2333 2.267E-03
18.2500 2.143E-03
18.2667 2.023E-03
18.2833 1.907E-03
18.3000 1.794E-03
18.3167 1.685E-03
18.3333 1.580E-03
18.3500 1.479E-03
18.3667 1.381E-03
18.3833 1.286E-03
18.4000 1.195E-03
18.4167 1.108E-03
18.4333 1.025E-03
18.4500 9.444E-04
18.4667 8.678E-04
18.4833 7.948E-04
18.5000 7.255E-04
18.5167 6.600E-04
18.5333 5.985E-04
18.5500 5.414E-04
18.5667 4.766E-04
18.5833 4.201E-04
18.6000 3.733E-04
18.6167 3.347E-04
18.6333 2.887E-04
18.6500 2.554E-04
18.6667 2.178E-04
18.6833 1.864E-04
18.7000 1.589E-04
18.7167 1.342E-04
18.7333 1.122E-04
18.7500 9.331E-05
18.7667 7.754E-05
18.7833 6.252E-05
18.8000 5.103E-05
18.8167 4.045E-05
18.8333 3.200E-05
18.8500 2.518E-05
18.8667 1.951E-05
18.8833 1.477E-05
18.9000 1.106E-05
18.9167 8.209E-06
18.9333 5.954E-06
18.9500 4.164E-06
18.9667 2.803E-06
18.9833 1.825E-06
19.0000 1.103E-06
19.0167 6.330E-07
19.0333 3.512E-07
19.0500 1.842E-07
19.0667 8.591E-08
19.0833 3.205E-08
19.1000 7.070E-09
19.1167 4.660E-10
19.1333 5.970E-12
19.1500 3.285E-14
19.1667 3.892E-17
19.1833 1.012E-21
19.2000 0.000E+00
19.2167 0.000E+00
19.2333 0.000E+00
19.2500 0.000E+00
19.2667 0.000E+00
19.2833 0.000E+00
19.3000 0.000E+00
19.3167 0.000E+00
19.3333 0.000E+00
19.3500 0.000E+00
19.3667 0.000E+00
19.3833 0.000E+00
19.4000 0.000E+00
19.4167 0.000E+00
19.4333 0.000E+00
19.4500 0.000E+00
19.4667 0.000E+00
19.4833 0.000E+00
19.5000 0.000E+00
19.5167 0.000E+00
19.5333 0.000E+00
19.5500 0.000E+00
19.5667 0.000E+00
19.5833 0.000E+00
19.6000 0.000E+00
19.6167 0.000E+00
19.6333 0.000E+00
19.6500 0.000E+00
19.6667 0.000E+00
19.6833 0.000E+00
19.7000 0.000E+00
19.7167 0.000E+00
19.7333 0.000E+00
19.7500 0.000E+00
19.7667 0.000E+00
19.7833 0.000E+00
19.8000 0.000E+00
19.8167 0.000E+00
19.8333 0.000E+00
19.8500 0.000E+00
19.8667 0.000E+00
19.8833 0.000E+00
19.9000 0.000E+00
19.9167 0.000E+00
19.9333 0.000E+00
19.9500 0.000E+00
19.9667 0.000E+00
19.9833 0.000E+00
