10.0 5.0005313378421885
10.0166664 5.751374320118542
10.0333328 6.116182907432595
10.0499992 5.69681044744243
10.0666656 5.576358644460843
10.0833321 8.015917739075842
10.0999985 7.271698747957051
10.1166649 6.991628158272759
10.1333313 6.91377417340783
10.1499977 6.773502150522383
10.1666641 6.486450678247511
10.1833305 6.4794782242563835
10.1999969 6.658245535245679
10.2166634 6.626571931401699
10.2333298 5.955775614841775
10.2499962 6.4904854153155656
10.2666626 7.176612670436092
10.283329 7.580342506094824
10.2999954 7.895958605061295
10.3166618 7.8166793171806965
10.3333282 7.3907267314908776
10.3499947 7.353530828122157
10.3666611 7.204027924114702
10.3833275 7.810029451794896
10.3999939 7.567699440189794
10.4166603 7.640605649181626
10.4333267 7.898794225412596
10.4499931 7.967540617292721
10.4666595 7.818759472564041
10.483326 7.481074254084781
10.4999924 7.413813448044575
10.5166588 8.591574223439185
10.5333252 9.826762822165243
10.5499916 10.275329621963197
10.566658 10.481307923174805
10.5833244 8.919427336475284
10.5999908 8.10906709714144
10.6166573 8.090020710649801
10.6333237 7.922500014212519
10.6499901 7.856216739330282
10.6666565 8.505443594043035
10.6833229 9.151146018633902
10.6999893 8.87993453062271
10.7166557 7.735897562162901
10.7333221 6.056551797798053
10.7499886 5.739544286441237
10.766655 5.96345593608448
10.7833214 6.70581977079632
10.7999878 6.96783876720841
10.8166542 6.587461147598464
10.8333206 8.50261103627805
10.849987 9.300960926213847
10.8666534 9.594057408148943
10.8833199 9.793274883573401
10.8999863 9.809086763539979
10.9166527 9.940519277536447
10.9333191 9.421339576216974
10.9499855 8.394105277676118
10.9666519 8.290268219576356
10.9833183 9.042286710451508
10.9999847 2.806089237762957
11.0166512 2.5582046323555554
11.0333176 2.5935333130662714
11.049984 1.3235305033030373
11.0666504 1.751462518475816
11.0833168 2.0611124206379428
11.0999832 1.9445182327444899
11.1166496 2.403904722857171
11.133316 2.24769758211994
11.1499825 3.2401825870235954
11.1666489 4.239376740171883
11.1833153 4.056250111486243
11.1999817 4.962507244499778
11.2166481 5.8469513262715145
11.2333145 5.82174347625623
11.2499809 5.69373130981172
11.2666473 5.321579585464739
11.2833138 4.741671152456214
11.2999802 4.573488392090256
11.3166466 4.123162399122554
11.333313 4.060662606458688
11.3499794 5.2570008207611885
11.3666458 5.849303136477861
11.3833122 7.2825595774251655
11.3999786 8.152530401384706
11.4166451 7.170422164327215
11.4333115 7.532684424872238
11.4499779 7.173616650423073
11.4666443 6.058351081404344
11.4833107 7.377885359915918
11.4999771 9.02312440198106
11.5166435 8.593233097570915
11.5333099 8.8713130600733
11.5499763 11.371013155476163
11.5666428 12.24240707552997
11.5833092 13.097342105328922
11.5999756 11.600315778624031
11.616642 10.003251418492692
11.6333084 9.687323167733755
11.6499748 9.89779922749176
11.6666412 10.975159423778457
11.6833076 13.214103461360638
11.6999741 11.36917061039593
11.7166405 12.455707403284569
11.7333069 13.104353014628872
11.7499733 12.651179409946225
11.7666397 13.218875059185084
11.7833061 13.207580565524403
11.7999725 15.048411319843671
11.8166389 13.58882855507168
11.8333054 16.645871989642206
11.8499718 18.009036367604708
11.8666382 19.538339341394575
11.8833046 21.81352717472579
11.899971 20.526404858878948
11.9166374 19.74625651181276
11.9333038 17.842682566588213
11.9499702 17.19380083548674
11.9666367 16.811340484784168
11.9833031 16.571548798332802
11.9999695 5.21355197113709
12.0166359 6.516621236867104
12.0333023 6.862264502488358
12.0499687 7.2216459865918985
12.0666351 6.166882889330535
12.0833015 6.067970913391936
12.099968 5.969761228527074
12.1166344 5.030353583800188
12.1333008 4.321840543007496
12.1499672 4.309853342528228
12.1666336 2.9225705119543326
12.1833 3.780934182036239
12.1999664 4.615897693789848
12.2166328 5.181506238372479
12.2332993 5.714749747055632
12.2499657 6.616727901952542
12.2666321 6.736418693188541
12.2832985 6.289007036439524
12.2999649 5.533244803372274
12.3166313 4.7041462669629714
12.3332977 5.682643075810643
12.3499641 5.501723097756281
12.3666306 6.738804696680023
12.383297 5.928252536849406
12.3999634 4.761699325722411
12.4166298 4.211030968873597
12.4332962 5.390621699734374
12.4499626 6.481615797023044
12.466629 7.626113163358219
12.4832954 7.191872808065555
12.4999619 6.0833960922752235
12.5166283 6.026069917531544
12.5332947 5.903054348953543
12.5499611 5.879072479296054
12.5666275 6.217329443748447
12.5832939 7.698506152078714
12.5999603 7.367869833717375
12.6166267 7.916735837994951
12.6332932 7.261624413343383
12.6499596 10.91084201929475
12.666626 12.310341890220798
12.6832924 12.7729316909813
12.6999588 14.579973210799157
12.7166252 16.462264083851313
12.7332916 15.601030534323648
12.749958 14.92526320044628
12.7666245 14.944711253642556
12.7832909 13.804763704019674
12.7999573 13.749201009080428
12.8166237 12.412722146049457
12.8332901 11.901423214910837
12.8499565 10.964104592620995
12.8666229 10.785648329204113
12.8832893 9.831817811063626
12.8999557 8.963170090318116
12.9166222 6.813344773397298
12.9332886 3.6301656245212173
12.949955 5.450885081868266
12.9666214 6.660334166812204
12.9832878 6.871679875578894
12.9999542 7.38516702043032
13.0166206 6.697748193031461
13.033287 7.3440378240194075
13.0499535 8.182666151270483
13.0666199 8.607558499574095
13.0832863 8.052908375329967
13.0999527 9.58852348504246
13.1166191 8.608519840436326
13.1332855 12.648165626170318
13.1499519 12.998466885820434
13.1666183 10.167754231266088
13.1832848 9.772118172000342
13.1999512 9.007489702511013
13.2166176 6.4068347969896
13.233284 4.994586410060394
13.2499504 7.244048111662524
13.2666168 6.439659395083637
13.2832832 4.988241889710443
13.2999496 6.61588869431928
13.3166161 7.436413720237181
13.3332825 10.768656850151778
13.3499489 10.92638036223521
13.3666153 11.248826812111567
13.3832817 11.777804309078856
13.3999481 11.736710347757437
13.4166145 10.39648948057668
13.4332809 13.282434149670298
13.4499474 13.881450913687695
13.4666138 12.40982978971887
13.4832802 12.382962316113014
13.4999466 11.653656683465698
13.516613 11.419086664258517
13.5332794 9.934582818738342
13.5499458 11.192544215798973
13.5666122 11.087146680814197
13.5832787 9.599714690667728
13.5999451 12.155906184527456
13.6166115 14.771045485583068
13.6332779 19.237206616925008
13.6499443 13.514264433337583
13.6666107 16.661030590563804
13.6832771 15.134808215295234
13.6999435 12.736865363308572
13.71661 11.038100691478046
13.7332764 12.064728150154409
13.7499428 10.605314446461296
13.7666092 10.667627600601447
13.7832756 11.0040243209213
13.799942 8.305242318384458
13.8166084 6.9850574016942275
13.8332748 7.290614733456119
13.8499413 7.1171330081892625
13.8666077 7.664980315480135
13.8832741 7.303083628561054
13.8999405 7.029988579915571
13.9166069 7.153450464909813
13.9332733 5.6918014531130385
13.9499397 5.946340146070901
13.9666061 7.921221467825064
13.9832726 7.603591706334145
13.999939 -0.4279839796849347
14.0166054 -1.0016589694957803
14.0332718 0.8762245541537348
14.0499382 2.747210490852935
14.0666046 3.8612868386627293
14.083271 5.010164478087063
14.0999374 4.333136950152889
14.1166039 6.474891560172395
14.1332703 7.450173944033173
14.1499367 9.260365589092725
14.1666031 9.34697495418316
14.1832695 6.772051365065076
14.1999359 12.867553319194927
14.2166023 3.9290365044397526
14.2332687 3.83140469465426
14.2499352 4.324454428203034
14.2666016 3.9859486199677905
14.283268 3.463370286817649
14.2999344 3.61676044277294
14.3166008 3.600934622893473
14.3332672 4.262750654558323
14.3499336 1.480973243911041
14.3666 0.218585026926237
14.3832664 1.6066563287809545
14.3999329 4.568693445406952
14.4165993 5.758229725805498
14.4332657 7.258351579004413
14.4499321 8.889374146821227
14.4665985 7.799880948541038
14.4832649 7.728430280051196
14.4999313 9.61169059780734
14.5165977 6.613887932242096
14.5332642 7.123712310853776
14.5499306 17.23135466803216
14.566597 15.67844480252857
14.5832634 9.413405997850019
14.5999298 7.634305051839953
14.6165962 7.2507509457587185
14.6332626 14.617817594943991
14.649929 16.38316382467431
14.6665955 17.85093016504436
14.6832619 13.914936451701958
14.6999283 11.684491931820832
14.7165947 8.273825802995278
14.7332611 9.133283875254932
14.7499275 3.9012340235226137
14.7665939 3.595791903910421
14.7832603 3.901234061158889
14.7999268 3.2830801187474465
14.8165932 4.7964795373408
14.8332596 8.88569488704722
14.849926 11.709498327375654
14.8665924 13.087799092594086
14.8832588 14.066768205987156
14.8999252 13.663629417531109
14.9165916 32.31390069018623
14.9332581 37.80327406682703
14.9499245 41.07712987104228
14.9665909 49.50590877214811
14.9832573 49.106238896320534
14.9999237 33.5667842948935
15.0165901 33.08016196470303
15.0332565 33.59565150110921
15.0499229 36.235081725293426
15.0665894 37.08426231517559
15.0832558 35.35742449712524
15.0999222 35.28327308346484
15.1165886 25.644325038504984
15.133255 19.63003536090055
15.1499214 6.16479774326526
15.1665878 -0.45433260545275067
15.1832542 -4.864517563902514
15.1999207 -8.560340700467693
15.2165871 -9.608771721773945
15.2332535 -9.327395084353524
15.2499199 -9.646743902691888
15.2665863 -9.049564159708162
15.2832527 -8.522246589271662
15.2999191 -9.731936217058301
15.3165855 -3.234363475817149
15.333252 0.6624756101620983
15.3499184 -2.4295348760719664
15.3665848 -2.7937718241470866
15.3832512 -6.318360471821517
15.3999176 -0.29311624427970795
15.416584 3.9154394216232387
15.4332504 6.100667039527814
15.4499168 4.002922931081403
15.4665833 -0.8724608946692352
15.4832497 -5.992211152915257
15.4999161 -6.51858381873735
15.5165825 -5.131249039995893
15.5332489 -4.90467553919561
15.5499153 -0.569074737954299
15.5665817 -2.6312190180867057
15.5832481 -3.4063992908721787
15.5999146 -1.9367735440497493
15.616581 -4.013765474355067
15.6332474 -2.2579384949386765
15.6499138 -7.246971841157213
15.6665802 -5.256583103932214
15.6832466 -3.6580969144429756
15.699913 -9.92831727268673
15.7165794 -8.35781945575679
15.7332458 -7.168916521713956
15.7499123 -13.160982641642475
15.7665787 -11.181202391539474
15.7832451 -10.53477126496081
15.7999115 -11.755121149567325
15.8165779 -3.557804826364006
15.8332443 -2.230701627258797
15.8499107 -2.9024686875602637
15.8665771 -6.8162254148198524
15.8832436 -10.592234658097647
15.89991 -11.527773756410523
15.9165764 -16.438701466527597
15.9332428 -19.031922240428088
15.9499092 -18.39630494236306
15.9665756 -21.38945731520949
15.983242 -19.333217048778224
