10.0 11.083440759972154
10.0166664 10.46081100170185
10.0333328 10.114929532300328
10.0499992 9.81431070981263
10.0666656 10.563113381900838
10.0833321 10.478261903916666
10.0999985 10.269750938359955
10.1166649 10.313445024340885
10.1333313 9.683129485921924
10.1499977 10.154810047581666
10.1666641 9.65779381527732
10.1833305 9.58625394486897
10.1999969 10.283093124434533
10.2166634 9.2154029067799
10.2333298 8.63716187300495
10.2499962 8.97221848574298
10.2666626 8.020505158196485
10.283329 8.571939063496387
10.2999954 8.459682760783602
10.3166618 8.241258896404087
10.3333282 7.49578564897239
10.3499947 7.922892150526397
10.3666611 7.8204416175168365
10.3833275 8.556031026361314
10.3999939 8.157704473197704
10.4166603 8.189219645265542
10.4333267 8.827725845574607
10.4499931 9.029125062564479
10.4666595 9.537387281662626
10.483326 9.017218868587264
10.4999924 8.679958543760259
10.5166588 8.726460392104169
10.5333252 9.040938378041773
10.5499916 8.396280172498866
10.566658 8.414627933325196
10.5833244 8.509815233635363
10.5999908 9.789742744521709
10.6166573 10.12110770448728
10.6333237 8.542245378092419
10.6499901 6.935385740833282
10.6666565 6.627377608300203
10.6833229 7.332351182235712
10.6999893 6.995609045629612
10.7166557 7.065519581610824
10.7333221 7.0902408300077004
10.7499886 7.736660768763472
10.766655 8.56319384537969
10.7833214 9.16533546090378
10.7999878 10.270494688155331
10.8166542 9.68542875651
10.8333206 9.604940173394603
10.849987 10.671206266823441
10.8666534 10.044569337839034
10.8833199 9.168567377507461
10.8999863 9.417134024110709
10.9166527 10.040790875787446
10.9333191 10.154358078954541
10.9499855 10.135856744612951
10.9666519 10.753826690698345
10.9833183 10.124165242745436
10.9999847 6.508790684373386
11.0166512 6.304875726238919
11.0333176 5.74135252961489
11.049984 5.466595180923613
11.0666504 5.3140562226258385
11.0833168 6.968720681735395
11.0999832 6.3259857965739466
11.1166496 5.334704995974322
11.133316 5.070087310683556
11.1499825 4.504867839661398
11.1666489 2.8169981748161854
11.1833153 2.003487843664341
11.1999817 1.5376503151814171
11.2166481 2.638733197509506
11.2333145 1.3932695349915492
11.2499809 0.39192706237887426
11.2666473 0.3265175312165503
11.2833138 0.20338934361820823
11.2999802 0.8494391627897341
11.3166466 2.574628809563625
11.333313 0.5570484472491221
11.3499794 0.9379176668028346
11.3666458 2.334939418850786
11.3833122 4.6277266693646455
11.3999786 6.375072747831976
11.4166451 7.788691922144716
11.4333115 6.9872843128715445
11.4499779 8.329293102439545
11.4666443 8.12456363350904
11.4833107 8.563463208237883
11.4999771 10.214996090792795
11.5166435 11.054521014200901
11.5333099 8.507863116927107
11.5499763 7.984894557514839
11.5666428 9.731864514084604
11.5833092 11.909674612322025
11.5999756 11.66270351625498
11.616642 11.553017062710794
11.6333084 12.449601971454463
11.6499748 12.516959208034221
11.6666412 14.475853928502866
11.6833076 13.047462997167875
11.6999741 10.56614498637893
11.7166405 10.386902750243356
11.7333069 11.139910753765184
11.7499733 10.996458172593693
11.7666397 10.43923415109081
11.7833061 11.815819725983841
11.7999725 12.341787053839296
11.8166389 13.244178655198935
11.8333054 14.037934587000645
11.8499718 11.406779052788949
11.8666382 10.531989349694944
11.8833046 10.261582747840274
11.899971 9.140433030875261
11.9166374 9.095718123071084
11.9333038 9.15915959551777
11.9499702 10.27688694750383
11.9666367 11.243906423466314
11.9833031 11.981658753956745
11.9999695 9.874175366124993
12.0166359 10.102541974049936
12.0333023 10.534473364647813
12.0499687 9.580610896187078
12.0666351 7.994618713162287
12.099968 7.4077284012367395
12.1166344 7.768384142507043
12.1333008 7.825255138409595
12.1499672 8.976862915951177
12.1666336 8.49468516563247
12.1833 7.896995532740555
12.1999664 6.867912249485656
12.2166328 6.924100498195347
12.2332993 8.209139542590787
12.2499657 8.515269858157044
12.2666321 9.545159832729135
12.2832985 10.166744518028327
12.2999649 11.52743625752657
12.3166313 10.556658439416182
12.3332977 8.972925200980299
12.3499641 7.940512645988986
12.3666306 8.187920500776768
12.383297 8.40088884821924
12.3999634 8.472064743720383
12.4166298 7.799644113987688
12.4332962 8.3440743958452
12.4499626 8.486445058651833
12.466629 8.700704002151477
12.4832954 7.721790657967634
12.4999619 7.140766602402538
12.5166283 5.914952838507604
12.5332947 5.486580581126123
12.5499611 7.076367214861748
12.5666275 7.861642650849089
12.5832939 8.551818845118884
12.5999603 8.688564336808453
12.6166267 9.281793861375034
12.6332932 10.119036816756353
12.6499596 10.783503575726439
12.666626 10.203570433249673
12.6832924 10.757655588728216
12.6999588 10.656749641865867
12.7166252 10.145127237186758
12.7332916 10.513233042790029
12.749958 11.551490431734402
12.7666245 11.069283886642642
12.7832909 10.589696322958787
12.7999573 10.54703673171356
12.8166237 11.702488857739068
12.8332901 10.418715977699078
12.8499565 10.657005679403586
12.8666229 11.820609551091387
12.8832893 11.446997544289115
12.8999557 10.53956197332415
12.9166222 11.45177540729553
12.9332886 11.85452333292526
12.949955 12.24011607465768
12.9666214 12.154327079899707
12.9832878 13.427669627997254
12.9999542 5.511246455062565
13.0166206 4.229798141939685
13.033287 5.356121213550098
13.0499535 4.885491115615002
13.0666199 5.994960945432942
13.0832863 7.32028037864451
13.0999527 7.800396613325223
13.1166191 7.759358371735833
13.1332855 7.622954033485138
13.1499519 8.691690663279163
13.1666183 8.530303002115451
13.1832848 6.806571274725908
13.1999512 7.383955622461888
13.2166176 6.624652595351672
13.233284 6.674509500530116
13.2499504 5.707879658717171
13.2666168 7.146920344019531
13.2832832 6.0229868808837095
13.2999496 6.711134433343526
13.3166161 7.61860231482645
13.3332825 8.263806459477916
13.3499489 8.406430586663625
13.3666153 8.677369126955444
13.3832817 8.129461537698432
13.3999481 6.7295622925685015
13.4166145 6.740502728171078
13.4332809 7.058342117674159
13.4499474 7.55905251936689
13.4666138 9.34050605383411
13.4832802 9.292730197662566
13.4999466 8.525539658354678
13.516613 9.469627385903003
13.5332794 7.407569592836446
13.5499458 8.22168512495645
13.5666122 7.539519572425099
13.5832787 6.064105325368805
13.5999451 6.500860147826399
13.6166115 6.441229986763787
13.6332779 7.199686837024958
13.6499443 7.907370627721198
13.6666107 8.076930377589807
13.6832771 8.521980755935168
13.6999435 8.193950437234893
13.71661 8.111268169125033
13.7332764 7.506772041056116
13.7499428 8.32319044303118
13.7666092 9.322164553274222
13.7832756 10.818778845681953
13.799942 10.794058924190987
13.8166084 11.195006962169831
13.8332748 12.003987392227952
13.8499413 10.646434020079585
13.8666077 10.198274255604947
13.8832741 9.969603430612091
13.8999405 10.697467066238215
13.9166069 11.964629287665957
13.9332733 10.18370847978407
13.9499397 11.39842164861614
13.9666061 12.171734849138398
13.9832726 11.405215091422983
13.999939 6.15167689503261
14.0166054 7.702494366578722
14.0332718 6.974532145286337
14.0499382 7.770349682885906
14.0666046 6.089163133526582
14.083271 8.601777546497074
14.0999374 8.033470487774002
14.1166039 7.6050909688304955
14.1332703 5.830153768187894
14.1499367 5.5056135138441
14.1666031 5.820438306394246
14.1832695 6.195918914829678
14.1999359 4.696395742261824
14.2166023 3.830661046015839
14.2332687 4.997005959551185
14.2499352 4.2427135535414955
14.2666016 4.335962864105847
14.283268 5.003629986116812
14.2999344 5.217609476619963
14.3166008 6.550806573762793
14.3332672 6.609376656652969
14.3499336 5.5187415033745095
14.3666 6.453803190752392
14.3832664 6.836295504122794
14.3999329 5.657308641278849
14.4165993 6.924972170277447
14.4332657 8.45937505547925
14.4499321 8.757776513419762
14.4665985 12.201352594553056
14.4832649 12.278972180948353
14.4999313 13.862852618559293
14.5165977 14.032495297598976
14.5332642 13.06702280235462
14.5499306 11.062264160635944
14.566597 12.28363594513489
14.5832634 11.728320394578924
14.5999298 13.639072526074958
14.6165962 13.125237066591753
14.6332626 11.383975899756066
14.649929 12.701607955302832
14.6665955 9.345335859963402
14.6832619 10.858796583021803
14.6999283 8.688006276084904
14.7165947 8.339638306651434
14.7332611 7.8153148256536715
14.7499275 7.445759584485962
14.7665939 4.451899346087387
14.7832603 7.117049963278976
14.7999268 8.41651503921826
14.8165932 8.75196465912461
14.8332596 8.11685873993217
14.849926 12.083782357508758
14.8665924 8.04698332575462
14.8832588 10.89740315421055
14.8999252 9.820501082288459
14.9165916 9.8581292575436
14.9332581 13.107852143285081
14.9499245 13.264008658731916
14.9665909 13.532931448820207
14.9832573 9.3785912210528
14.9999237 11.318714317249297
15.0165901 11.269809624046829
15.0332565 12.232517858643916
15.0499229 13.346797988377727
15.0665894 13.92599702424124
15.0832558 12.138776816258474
15.0999222 11.703670681959153
15.1165886 12.08291504667602
15.133255 12.255728600282161
15.1499214 9.550383313770087
15.1665878 8.919720913299814
15.1832542 8.086536149278595
15.1999207 8.041541916314964
15.2165871 13.51427759593137
15.2332535 12.232777207691461
15.2499199 11.907957213435656
15.2665863 12.818898427011577
15.2832527 13.884943911093616
15.2999191 14.302132415056276
15.3165855 13.892425225327768
15.333252 14.07788471829512
15.3499184 9.446922689175976
15.3665848 9.125211516868742
15.3832512 8.244076919549885
15.3999176 9.079590356198398
15.416584 8.779225454198732
15.4332504 7.9802302998744565
15.4499168 6.391241102039919
15.4665833 7.118049636890957
15.4832497 5.381141357391925
15.4999161 5.067352559393303
15.5165825 2.194471196662374
15.5332489 6.020432734218613
15.5499153 5.222357598697668
15.5665817 5.284107551120362
15.5832481 2.8777754977229817
15.5999146 3.6918393082106227
15.616581 6.387536706179738
15.6332474 6.791079299461668
15.6499138 4.631057801596413
15.6665802 5.32546598453292
15.6832466 9.411141941106246
15.699913 4.970459537539462
15.7165794 5.155048481587368
15.7332458 9.933234825465503
15.7499123 7.88586276301571
15.7665787 11.991251833564254
15.7832451 11.529215340777013
15.7999115 11.958762977831254
15.8165779 13.687799886656855
15.8332443 13.649134360250232
15.8499107 16.181008958242877
15.8665771 13.239343440080384
15.8832436 10.751543171063872
15.89991 13.263361483438402
15.9165764 10.718419541385737
15.9332428 6.006541163704954
15.9499092 10.375413393371275
15.9665756 14.450587256428369
15.983242 17.57426951729934
