0.0 0.0
0.016678 0.0
0.033356 0.0
0.050035 0.0
0.066713 0.0
0.083391 0.0
0.100069 0.0
0.116748 0.0
0.133426 0.0
0.150104 0.0
0.166782 0.0
0.183461 0.0
0.200139 0.0
0.216817 0.0
0.233495 0.0
0.250174 0.0
0.266852 0.0
0.28353 0.0
0.300208 0.0
0.316887 0.0
0.333565 0.0
0.350243 0.0
0.366921 0.0
0.3836 0.0
0.400278 0.0
0.416956 0.0
0.433634 0.0
0.450313 0.0
0.466991 0.0
0.483669 0.0
0.500347 0.0
0.517026 0.0
0.533704 0.0
0.550382 0.0
0.56706 0.0
0.583739 0.0
0.600417 0.0
0.617095 0.0
0.633773 0.0
0.650452 0.0
0.66713 0.0
0.683808 0.0
0.700486 0.0
0.717165 0.0
0.733843 0.0
0.750521 0.0
0.767199 0.0
0.783878 0.0
0.800556 0.0
0.817234 0.0
0.833912 0.0
0.850591 0.0
0.867269 0.0
0.883947 0.0
0.900625 0.0
0.917304 0.0
0.933982 0.0
0.95066 0.0
0.967338 0.0
0.984017 0.0
1.000695 0.0
1.017373 0.0
1.034051 0.0
1.05073 0.0
1.067408 0.0
1.084086 0.0
1.100764 0.0
1.117443 0.0
1.134121 0.0
1.150799 0.0
1.167477 0.0
1.184156 0.0
1.200834 0.0
1.217512 0.0
1.23419 0.0
1.250869 0.0
1.267547 0.0
1.284225 0.0
1.300903 0.0
1.317582 0.0
1.33426 0.0
1.350938 0.0
1.367616 0.0
1.384295 0.0
1.400973 0.0
1.417651 0.0
1.434329 0.0
1.451008 0.0
1.467686 0.0
1.484364 0.0
1.501042 0.0
1.517721 0.0
1.534399 0.0
1.551077 0.0
1.567755 0.0
1.584434 0.0
1.601112 0.0
1.61779 0.0
1.634468 0.0
1.651147 0.0
1.667825 0.0
1.684503 0.0
1.701181 0.0
1.71786 0.0
1.734538 0.0
1.751216 0.0
1.767894 0.0
1.784573 0.0
1.801251 0.0
1.817929 0.0
1.834607 0.0
1.851286 0.0
1.867964 0.0
1.884642 0.0
1.90132 0.0
1.917999 0.0
1.934677 0.0
1.951355 0.0
1.968033 0.0
1.984712 0.0
2.00139 0.0
2.018068 0.0
2.034746 0.0
2.051425 0.0
2.068103 0.0
2.084781 0.0
2.101459 0.0
2.118138 0.0
2.134816 0.0
2.151494 0.0
2.168172 0.0
2.184851 0.0
2.201529 0.0
2.218207 0.0
2.234885 0.0
2.251564 0.0
2.268242 0.0
2.28492 0.0
2.301598 0.0
2.318277 0.0
2.334955 0.0
2.351633 0.0
2.368311 0.0
2.38499 0.0
2.401668 0.0
2.418346 0.0
2.435024 0.0
2.451703 0.0
2.468381 0.0
2.485059 0.0
2.501737 0.0
2.518416 0.0
2.535094 0.0
2.551772 0.0
2.56845 0.0
2.585129 0.0
2.601807 0.0
2.618485 0.0
2.635163 0.0
2.651842 0.0
2.66852 0.0
2.685198 0.0
2.701876 0.0
2.718555 0.0
2.735233 0.0
2.751911 0.0
2.768589 0.0
2.785268 0.0
2.801946 0.0
2.818624 0.0
2.835302 0.0
2.851981 0.0
2.868659 0.0
2.885337 0.0
2.902015 0.0
2.918694 0.0
2.935372 0.0
2.95205 0.0
2.968728 0.0
2.985407 0.0
3.002085 0.0
3.018763 0.0
3.035441 0.0
3.05212 0.0
3.068798 0.0
3.085476 0.0
3.102154 0.0
3.118833 0.0
3.135511 0.0
3.152189 0.0
3.168867 0.0
3.185546 0.0
3.202224 0.0
3.218902 0.0
3.23558 0.0
3.252259 0.0
3.268937 0.0
3.285615 0.0
3.302293 0.0
3.318972 0.0
3.33565 0.0
3.352328 0.0
3.369006 0.0
3.385685 0.0
3.402363 0.0
3.419041 0.0
3.435719 0.0
3.452397 0.0
3.469076 0.0
3.485754 0.0
3.502432 0.0
3.51911 0.0
3.535789 0.0
3.552467 0.0
3.569145 0.0
3.585823 0.0
3.602502 0.0
3.61918 0.0
3.635858 0.0
3.652536 0.0
3.669215 0.0
3.685893 0.0
3.702571 0.0
3.719249 0.0
3.735928 0.0
3.752606 0.0
3.769284 0.0
3.785962 0.0
3.802641 0.0
3.819319 0.0
3.835997 0.0
3.852675 0.0
3.869354 0.0
3.886032 0.0
3.90271 0.0
3.919388 0.0
3.936067 0.0
3.952745 0.0
3.969423 0.0
3.986101 0.0
4.00278 0.0
4.019458 0.0
4.036136 0.0
4.052814 0.0
4.069493 0.0
4.086171 0.0
4.102849 0.0
4.119527 0.0
4.136206 0.0
4.152884 0.0
4.169562 0.0
4.18624 0.0
4.202919 0.0
4.219597 0.0
4.236275 0.0
4.252953 0.0
4.269632 0.0
4.28631 0.0
4.302988 0.0
4.319666 0.0
4.336345 0.0
4.353023 0.0
4.369701 0.0
4.386379 0.0
4.403058 0.0
4.419736 0.0
4.436414 0.0
4.453092 0.0
4.469771 0.0
4.486449 0.0
4.503127 0.0
4.519805 0.0
4.536484 0.0
4.553162 0.0
4.56984 0.0
4.586518 0.0
4.603197 0.0
4.619875 0.0
4.636553 0.0
4.653231 0.0
4.66991 0.0
4.686588 0.0
4.703266 0.0
4.719944 0.0
4.736623 0.0
4.753301 0.0
4.769979 0.0
4.786657 0.0
4.803336 0.0
4.820014 0.0
4.836692 0.0
4.85337 0.0
4.870049 0.0
4.886727 0.0
4.903405 0.0
4.920083 0.0
4.936762 0.0
4.95344 0.0
4.970118 0.0
4.986796 0.0
5.003475 0.0
5.020153 0.0
5.036831 0.0
5.053509 0.0
5.070188 0.0
5.086866 0.0
5.103544 0.0
5.120222 0.0
5.136901 0.0
5.153579 0.0
5.170257 0.0
5.186935 0.0
5.203614 0.0
5.220292 0.0
5.23697 0.0
5.253648 0.0
5.270327 0.0
5.287005 0.0
5.303683 0.0
5.320361 0.0
5.33704 0.0
5.353718 0.0
5.370396 0.0
5.387074 0.0
5.403753 0.0
5.420431 0.0
5.437109 0.0
5.453787 0.0
5.470466 0.0
5.487144 0.0
5.503822 0.0
5.5205 0.0
5.537179 0.0
5.553857 0.0
5.570535 0.0
5.587213 0.0
5.603892 0.0
5.62057 0.0
5.637248 0.0
5.653926 0.0
5.670605 0.0
5.687283 0.0
5.703961 0.0
5.720639 0.0
5.737318 0.0
5.753996 0.0
5.770674 0.0
5.787352 0.0
5.804031 0.0
5.820709 0.0
5.837387 0.0
5.854065 0.0
5.870744 0.0
5.887422 0.0
5.9041 0.0
5.920778 0.0
5.937457 0.0
5.954135 0.0
5.970813 0.0
5.987491 0.0
6.00417 0.0
6.020848 0.0
6.037526 0.0
6.054204 0.0
6.070883 0.0
6.087561 0.0
6.104239 0.0
6.120917 0.0
6.137596 0.0
6.154274 0.0
6.170952 0.0
6.18763 0.0
6.204309 0.0
6.220987 0.0
6.237665 0.0
6.254343 0.0
6.271022 0.0
6.2877 0.0
6.304378 0.0
6.321056 0.0
6.337735 0.0
6.354413 0.0
6.371091 0.0
6.387769 0.004
6.404448 0.004
6.421126 0.004
6.437804 0.004
6.454482 0.004
6.471161 0.004
6.487839 0.004
6.504517 0.004
6.521195 0.004
6.537874 0.004
6.554552 0.004
6.57123 0.004
6.587908 0.004
6.604587 0.004
6.621265 0.004
6.637943 0.004
6.654621 0.004
6.6713 0.004
6.687978 0.004
6.704656 0.004
6.721334 0.004
6.738013 0.009
6.754691 0.009
6.771369 0.013
6.788047 0.013
6.804726 0.013
6.821404 0.013
6.838082 0.013
6.85476 0.013
6.871438 0.013
6.888117 0.0
6.904795 0.0
6.921473 0.0
6.938151 0.0
6.95483 0.0
6.971508 0.0
6.988186 0.0
7.004864 0.0
7.021543 0.0
7.038221 0.0
7.054899 0.0
7.071577 0.0
7.088256 0.0
7.104934 0.0
7.121612 0.0
7.13829 0.0
7.154969 0.0
7.171647 0.0
7.188325 0.041
7.205003 0.046
7.221682 0.051
7.23836 0.06
7.255038 0.065
7.271716 0.074
7.288395 0.079
7.305073 0.083
7.321751 0.088
7.338429 0.093
7.355108 0.102
7.371786 0.107
7.388464 0.107
7.405142 0.111
7.421821 0.116
7.438499 0.121
7.455177 0.125
7.471855 0.125
7.488534 0.13
7.505212 0.135
7.52189 0.135
7.538568 0.139
7.555247 0.144
7.571925 0.144
7.588603 0.148
7.605281 0.153
7.62196 0.158
7.638638 0.167
7.655316 0.172
7.671994 0.176
7.688673 0.186
7.705351 0.19
7.722029 0.2
7.738707 0.209
7.755386 0.218
7.772064 0.228
7.788742 0.237
7.80542 0.242
7.822099 0.246
7.838777 0.256
7.855455 0.265
7.872133 0.27
7.888812 0.279
7.90549 0.293
7.922168 0.312
7.938846 0.325
7.955525 0.335
7.972203 0.349
7.988881 0.353
8.005559 0.363
8.022238 0.372
8.038916 0.381
8.055594 0.377
8.072272 0.381
8.088951 0.386
8.105629 0.391
8.122307 0.414
8.138985 0.433
8.155664 0.447
8.172342 0.451
8.18902 0.465
8.205698 0.475
8.222377 0.475
8.239055 0.498
8.255733 0.522
8.272411 0.526
8.28909 0.526
8.305768 0.517
8.322446 0.507
8.339124 0.522
8.355803 0.559
8.372481 0.554
8.389159 0.564
8.405837 0.587
8.422516 0.629
8.439194 0.68
8.455872 0.713
8.47255 0.731
8.489229 0.75
8.505907 0.769
8.522585 0.788
8.539263 0.801
8.555942 0.821
8.57262 0.834
8.589298 0.854
8.605976 0.872
8.622655 0.891
8.639333 0.9
8.656011 0.882
8.672689 0.904
8.689368 0.966
8.706046 0.989
8.722724 1.004
8.739402 1.018
8.756081 1.037
8.772759 1.055
8.789437 1.068
8.806115 1.091
8.822794 1.105
8.839472 1.128
8.85615 1.145
8.872828 1.164
8.889507 1.186
8.906185 1.199
8.922863 1.216
8.939541 1.23
8.95622 1.253
8.972898 1.264
8.989576 1.282
9.006254 1.294
9.022933 1.319
9.039611 1.339
9.056289 1.367
9.072967 1.387
9.089646 1.409
9.106324 1.432
9.123002 1.46
9.13968 1.48
9.156359 1.504
9.173037 1.519
9.189715 1.549
9.206393 1.572
9.223072 1.585
9.23975 1.617
9.256428 1.644
9.273106 1.642
9.289785 1.659
9.306463 1.654
9.323141 1.678
9.339819 1.701
9.356498 1.733
9.373176 1.766
9.389854 1.794
9.406532 1.817
9.423211 1.803
9.439889 1.812
9.456567 1.822
9.473245 1.868
9.489924 1.896
9.506602 1.919
9.52328 1.952
9.539958 1.947
9.556637 1.938
9.573315 1.938
9.589993 1.98
9.606671 2.031
9.62335 2.087
9.640028 2.129
9.656706 2.17
9.673384 2.217
9.690063 2.217
9.706741 2.208
9.723419 2.222
9.740097 2.235
9.756776 2.254
9.773454 2.282
9.790132 2.305
9.80681 2.31
9.823489 2.333
9.840167 2.31
9.856845 2.296
9.873523 2.319
9.890202 2.356
9.90688 2.389
9.923558 2.412
9.940236 2.421
9.956915 2.421
9.973593 2.449
9.990271 2.412
10.006949 2.431
10.023628 2.473
10.040306 2.491
10.056984 2.449
10.073662 2.403
10.090341 2.366
10.107019 2.361
10.123697 2.347
10.140375 2.296
10.157054 2.319
10.173732 2.408
10.19041 2.463
10.207088 2.496
10.223767 2.505
10.240445 2.468
10.257123 2.514
10.273801 2.598
10.290479 2.612
10.307158 2.633
10.323836 2.77
10.340514 2.891
10.357192 2.928
10.373871 2.954
10.390549 2.812
10.407227 2.779
10.423905 2.951
10.440584 3.021
10.457262 2.965
10.47394 2.989
10.490618 3.044
10.507297 3.096
10.523975 3.133
10.540653 3.119
10.557331 3.156
10.57401 3.184
10.590688 3.249
10.607366 3.226
10.624044 3.109
10.640723 3.128
10.657401 3.193
10.674079 3.212
10.690757 3.216
10.707436 3.244
10.724114 3.291
10.740792 3.268
10.75747 3.328
10.774149 3.384
10.790827 3.458
10.807505 3.5
10.824183 3.533
10.840862 3.519
10.85754 3.574
10.874218 3.616
10.890896 3.677
10.907575 3.63
10.924253 3.528
10.940931 3.467
10.957609 3.379
10.974288 3.402
10.990966 3.486
11.007644 3.626
11.024322 3.728
11.041001 3.705
11.057679 3.737
11.074357 3.351
11.091035 2.547
11.107714 3.435
11.124392 3.235
11.14107 3.156
11.157748 2.542
11.174427 2.821
11.191105 3.388
11.207783 3.514
11.224461 3.533
11.24114 3.635
11.257818 3.612
11.274496 3.672
11.291174 3.746
11.307853 3.7
11.324531 3.737
11.341209 3.914
11.357887 3.886
11.374566 3.974
11.391244 4.072
11.407922 4.058
11.4246 3.942
11.441279 3.835
11.457957 3.849
11.474635 3.923
11.491313 4.049
11.507992 3.979
11.52467 3.951
11.541348 4.058
11.558026 4.049
11.574705 4.016
11.591383 4.039
11.608061 4.068
11.624739 3.891
11.641418 3.557
11.658096 3.794
11.674774 4.017
11.691452 3.747
11.708131 3.789
11.724809 3.946
11.741487 4.002
11.758165 3.348
11.774844 2.326
11.791522 3.463
11.8082 3.579
11.824878 3.728
11.841557 3.793
11.858235 3.83
11.874913 3.965
11.891591 3.997
11.90827 3.839
11.924948 3.937
11.941626 4.109
11.958304 4.137
11.974983 4.021
11.991661 4.076
12.008339 4.081
12.025017 3.993
12.041696 3.966
12.058374 3.743
12.075052 3.687
12.09173 3.845
12.108409 4.045
12.125087 3.97
12.141765 4.119
12.158443 4.068
12.175122 4.049
12.1918 4.077
12.208478 4.119
12.225156 4.175
12.241835 4.198
12.258513 4.175
12.275191 4.082
12.291869 4.09
12.308548 4.17
12.325226 4.184
12.341904 4.235
12.358582 4.17
12.375261 4.04
12.391939 4.058
12.408617 4.068
12.425295 3.896
12.441974 3.757
12.458652 3.928
12.47533 4.072
12.492008 3.947
12.508687 3.826
12.525365 3.84
12.542043 3.98
12.558721 4.189
12.5754 4.207
12.592078 4.044
12.608756 3.933
12.625434 3.924
12.642113 3.924
12.658791 3.863
12.675469 3.845
12.692147 3.859
12.708826 3.692
12.725504 3.938
12.742182 4.119
12.75886 4.17
12.775539 4.216
12.792217 4.142
12.808895 3.998
12.825573 3.938
12.842252 3.859
12.85893 3.692
12.875608 3.599
12.892286 3.933
12.908965 4.184
12.925643 4.128
12.942321 4.003
12.958999 4.1
12.975678 4.174
12.992356 4.133
13.009034 4.272
13.025712 4.351
13.042391 4.388
13.059069 4.43
13.075747 4.29
13.092425 4.216
13.109104 4.09
13.125782 3.909
13.14246 3.839
13.159138 3.877
13.175817 3.9
13.192495 3.891
13.209173 3.882
13.225851 3.171
13.24253 2.749
13.259208 3.91
13.275886 3.891
13.292564 3.771
13.309243 3.724
13.325921 3.747
13.342599 3.891
13.359277 3.984
13.375956 3.947
13.392634 3.566
13.409312 3.362
13.42599 3.362
13.442669 3.58
13.459347 3.301
13.476025 2.642
13.492703 2.201
13.509382 2.164
13.52606 2.354
13.542738 2.238
13.559416 2.512
13.576095 1.88
13.592773 1.862
13.609451 2.38
13.626129 2.645
13.642808 2.096
13.659486 2.04
13.676164 2.914
13.692842 2.854
13.709521 3.142
13.726199 2.168
13.742877 1.746
13.759555 1.636
13.776233 1.603
13.792912 1.622
13.80959 1.64
13.826268 1.692
13.842946 1.808
13.859625 1.994
13.876303 2.868
13.892981 2.412
13.909659 2.012
13.926338 2.747
13.943016 3.1
13.959694 2.961
13.976372 2.375
13.993051 2.008
14.009729 1.891
14.026407 1.845
14.043085 1.84
14.059764 1.831
14.076442 2.328
14.09312 1.971
14.109798 1.599
14.126477 1.547
14.143155 1.571
14.159833 1.636
14.176511 1.78
14.19319 2.617
14.209868 3.017
14.226546 3.03
14.243224 2.863
14.259903 2.905
14.276581 2.828
14.293259 2.742
14.309937 1.992
14.326616 1.769
14.343294 1.685
14.359972 1.639
14.37665 1.541
14.393329 1.427
14.410007 1.338
14.426685 1.278
14.443363 1.259
14.460042 1.245
14.47672 1.259
14.493398 1.282
14.510076 1.31
14.526755 1.357
14.543433 1.459
14.560111 1.938
14.576789 2.124
14.593468 2.154
14.610146 1.741
14.626824 1.565
14.643502 1.534
14.660181 1.518
14.676859 1.515
14.693537 1.501
14.710215 1.636
14.726894 1.984
14.743572 1.64
14.76025 1.771
14.776928 1.36
14.793607 1.137
14.810285 1.058
14.826963 1.004
14.843641 0.952
14.86032 0.897
14.876998 0.841
14.893676 0.785
14.910354 0.748
14.927033 0.729
14.943711 0.72
14.960389 0.715
14.977067 0.711
14.993746 0.725
15.010424 0.729
15.027102 0.706
15.04378 0.683
15.060459 0.664
15.077137 0.636
15.093815 0.59
15.110493 0.553
15.127172 0.534
15.14385 0.52
15.160528 0.515
15.177206 0.52
15.193885 0.534
15.210563 0.557
15.227241 0.59
15.243919 0.622
15.260598 0.655
15.277276 0.688
15.293954 0.715
15.310632 0.734
15.327311 0.757
15.343989 0.79
15.360667 0.832
15.377345 0.878
15.394024 1.035
15.410702 0.985
15.42738 1.027
15.444058 1.11
15.460737 1.394
15.477415 1.687
15.494093 1.715
15.510771 1.785
15.52745 1.817
15.544128 1.891
15.560806 1.915
15.577484 1.882
15.594163 1.822
15.610841 1.78
15.627519 1.743
15.644197 1.738
15.660876 1.729
15.677554 1.722
15.694232 1.729
15.71091 1.738
15.727589 1.757
15.744267 1.718
15.760945 1.462
15.777623 1.365
15.794302 1.3
15.81098 1.32
15.827658 1.142
15.844336 1.199
15.861015 1.445
15.877693 1.292
15.894371 0.976
15.911049 0.933
15.927728 0.883
15.944406 0.859
15.961084 0.85
15.977762 0.859
15.994441 0.859
16.011119 0.869
16.027797 0.887
16.044475 0.98
16.061154 1.236
16.077832 1.236
16.09451 1.171
16.111188 1.101
16.127867 0.966
16.144545 0.943
16.161223 1.069
16.177901 0.846
16.19458 0.957
16.211258 1.129
16.227936 1.05
16.244614 1.059
16.261293 1.064
16.277971 1.124
16.294649 1.138
16.311327 1.152
16.328006 1.157
16.344684 1.148
16.361362 1.148
16.37804 1.152
16.394719 1.156
16.411397 1.152
16.428075 1.128
16.444753 1.105
16.461432 1.078
16.47811 1.044
16.494788 1.003
16.511466 0.952
16.528145 0.91
16.544823 0.868
16.561501 0.817
16.578179 0.738
16.594858 0.696
16.611536 0.636
16.628214 0.58
16.644892 0.506
16.661571 0.469
16.678249 0.432
16.694927 0.409
16.711605 0.395
16.728284 0.376
16.744962 0.362
16.76164 0.348
16.778318 0.339
16.794997 0.334
16.811675 0.325
16.828353 0.32
16.845031 0.311
16.86171 0.302
16.878388 0.288
16.895066 0.278
16.911744 0.264
16.928423 0.25
16.945101 0.241
16.961779 0.237
16.978457 0.227
16.995136 0.218
17.011814 0.213
17.028492 0.204
17.04517 0.195
17.061849 0.185
17.078527 0.176
17.095205 0.171
17.111883 0.162
17.128562 0.158
17.14524 0.148
17.161918 0.139
17.178596 0.134
17.195274 0.125
17.211953 0.116
17.228631 0.111
17.245309 0.106
17.261987 0.102
17.278666 0.097
17.295344 0.092
17.312022 0.088
17.3287 0.083
17.345379 0.079
17.362057 0.079
17.378735 0.074
17.395413 0.069
17.412092 0.065
17.42877 0.06
17.445448 0.055
17.462126 0.055
17.478805 0.051
17.495483 0.046
17.512161 0.046
17.528839 0.041
17.545518 0.041
17.562196 0.0
17.578874 0.0
17.595552 0.0
17.612231 0.0
17.628909 0.0
17.645587 0.0
17.662265 0.0
17.678944 0.0
17.695622 0.0
17.7123 0.0
17.728978 0.0
17.745657 0.0
17.762335 0.0
17.779013 0.0
17.795691 0.0
17.81237 0.0
17.829048 0.0
17.845726 0.0
17.862404 0.0
17.879083 0.0
17.895761 0.0
17.912439 0.0
17.929117 0.0
17.945796 0.0
17.962474 0.0
17.979152 0.0
17.99583 0.0
18.012509 0.0
18.029187 0.0
18.045865 0.0
18.062543 0.0
18.079222 0.0
18.0959 0.0
18.112578 0.0
18.129256 0.0
18.145935 0.0
18.162613 0.0
18.179291 0.0
18.195969 0.0
18.212648 0.0
18.229326 0.0
18.246004 0.0
18.262682 0.0
18.279361 0.0
18.296039 0.0
18.312717 0.004
18.329395 0.004
18.346074 0.004
18.362752 0.004
18.37943 0.004
18.396108 0.004
18.412787 0.004
18.429465 0.004
18.446143 0.004
18.462821 0.004
18.4795 0.004
18.496178 0.004
18.512856 0.004
18.529534 0.004
18.546213 0.004
18.562891 0.004
18.579569 0.0
18.596247 0.004
18.612926 0.004
18.629604 0.004
18.646282 0.004
18.66296 0.004
18.679639 0.004
18.696317 0.004
18.712995 0.0
18.729673 0.004
18.746352 0.0
18.76303 0.0
18.779708 0.0
18.796386 0.0
18.813065 0.0
18.829743 0.0
18.846421 0.0
18.863099 0.0
18.879778 0.0
18.896456 0.0
18.913134 0.0
18.929812 0.0
18.946491 0.0
18.963169 0.0
18.979847 0.0
18.996525 0.0
19.013204 0.0
19.029882 0.0
19.04656 0.0
19.063238 0.0
19.079917 0.0
19.096595 0.0
19.113273 0.0
19.129951 0.0
19.14663 0.0
19.163308 0.0
19.179986 0.0
19.196664 0.0
19.213343 0.0
19.230021 0.0
19.246699 0.0
19.263377 0.0
19.280056 0.0
19.296734 0.0
19.313412 0.0
19.33009 0.0
19.346769 0.0
19.363447 0.0
19.380125 0.0
19.396803 0.0
19.413482 0.0
19.43016 0.0
19.446838 0.0
19.463516 0.0
19.480195 0.0
19.496873 0.0
19.513551 0.0
19.530229 0.0
19.546908 0.0
19.563586 0.0
19.580264 0.0
19.596942 0.0
19.613621 0.0
19.630299 0.0
19.646977 0.0
19.663655 0.0
19.680334 0.0
19.697012 0.0
19.71369 0.0
19.730368 0.0
19.747047 0.0
19.763725 0.0
19.780403 0.0
19.797081 0.0
19.81376 0.0
19.830438 0.0
19.847116 0.0
19.863794 0.0
19.880473 0.0
19.897151 0.0
19.913829 0.0
19.930507 0.0
19.947186 0.0
19.963864 0.0
19.980542 0.0
19.99722 0.0
20.013899 0.0
20.030577 0.0
20.047255 0.0
20.063933 0.0
20.080612 0.0
20.09729 0.0
20.113968 0.0
20.130646 0.0
20.147325 0.0
20.164003 0.0
20.180681 0.0
20.197359 0.0
20.214038 0.0
20.230716 0.0
20.247394 0.0
20.264072 0.0
20.280751 0.0
20.297429 0.0
20.314107 0.0
20.330785 0.0
20.347464 0.0
20.364142 0.0
20.38082 0.0
20.397498 0.0
20.414177 0.0
20.430855 0.0
20.447533 0.0
20.464211 0.0
20.48089 0.0
20.497568 0.0
20.514246 0.0
20.530924 0.0
20.547603 0.0
20.564281 0.0
20.580959 0.0
20.597637 0.0
20.614315 0.0
20.630994 0.0
20.647672 0.0
20.66435 0.0
20.681028 0.0
20.697707 0.0
20.714385 0.0
20.731063 0.0
20.747741 0.0
20.76442 0.0
20.781098 0.0
20.797776 0.0
20.814454 0.0
20.831133 0.0
20.847811 0.0
20.864489 0.0
20.881167 0.0
20.897846 0.0
20.914524 0.0
20.931202 0.0
20.94788 0.0
20.964559 0.0
20.981237 0.0
20.997915 0.0
21.014593 0.0
21.031272 0.0
21.04795 0.0
21.064628 0.0
21.081306 0.0
21.097985 0.0
21.114663 0.0
21.131341 0.0
21.148019 0.0
21.164698 0.0
21.181376 0.0
21.198054 0.0
21.214732 0.0
21.231411 0.0
21.248089 0.0
21.264767 0.0
21.281445 0.0
21.298124 0.0
21.314802 0.0
21.33148 0.0
21.348158 0.0
21.364837 0.0
21.381515 0.0
21.398193 0.0
21.414871 0.0
21.43155 0.0
21.448228 0.0
21.464906 0.0
21.481584 0.0
21.498263 0.0
21.514941 0.0
21.531619 0.0
21.548297 0.0
21.564976 0.0
21.581654 0.0
21.598332 0.0
21.61501 0.0
21.631689 0.0
21.648367 0.0
21.665045 0.0
21.681723 0.0
21.698402 0.0
21.71508 0.0
21.731758 0.0
21.748436 0.0
21.765115 0.0
21.781793 0.0
21.798471 0.0
21.815149 0.0
21.831828 0.0
21.848506 0.0
21.865184 0.0
21.881862 0.0
21.898541 0.0
21.915219 0.0
21.931897 0.0
21.948575 0.0
21.965254 0.0
21.981932 0.0
21.99861 0.0
22.015288 0.0
22.031967 0.0
22.048645 0.0
22.065323 0.0
22.082001 0.0
22.09868 0.0
22.115358 0.0
22.132036 0.0
22.148714 0.0
22.165393 0.0
22.182071 0.0
22.198749 0.0
22.215427 0.0
22.232106 0.0
22.248784 0.0
22.265462 0.0
22.28214 0.0
22.298819 0.0
22.315497 0.0
22.332175 0.0
22.348853 0.0
22.365532 0.0
22.38221 0.0
22.398888 0.0
22.415566 0.0
22.432245 0.0
22.448923 0.0
22.465601 0.0
22.482279 0.0
22.498958 0.0
22.515636 0.0
22.532314 0.0
22.548992 0.0
22.565671 0.0
22.582349 0.0
22.599027 0.0
22.615705 0.0
22.632384 0.0
22.649062 0.0
22.66574 0.0
22.682418 0.0
22.699097 0.0
22.715775 0.0
22.732453 0.0
22.749131 0.0
22.76581 0.0
22.782488 0.0
22.799166 0.0
22.815844 0.0
22.832523 0.0
22.849201 0.0
22.865879 0.0
22.882557 0.0
22.899236 0.0
22.915914 0.0
22.932592 0.0
22.94927 0.0
22.965949 0.0
22.982627 0.0
22.999305 0.0
23.015983 0.0
23.032662 0.0
23.04934 0.0
23.066018 0.0
23.082696 0.0
23.099375 0.0
23.116053 0.0
23.132731 0.0
23.149409 0.0
23.166088 0.0
23.182766 0.0
23.199444 0.0
23.216122 0.0
23.232801 0.0
23.249479 0.0
23.266157 0.0
23.282835 0.0
23.299514 0.0
23.316192 0.0
23.33287 0.0
23.349548 0.0
23.366227 0.0
23.382905 0.0
23.399583 0.0
23.416261 0.0
23.43294 0.0
23.449618 0.0
23.466296 0.0
23.482974 0.0
23.499653 0.0
23.516331 0.0
23.533009 0.0
23.549687 0.0
23.566366 0.0
23.583044 0.0
23.599722 0.0
23.6164 0.0
23.633079 0.0
23.649757 0.0
23.666435 0.0
23.683113 0.0
23.699792 0.0
23.71647 0.0
23.733148 0.0
23.749826 0.0
23.766505 0.0
23.783183 0.0
23.799861 0.0
23.816539 0.0
23.833218 0.0
23.849896 0.0
23.866574 0.0
23.883252 0.0
23.899931 0.0
23.916609 0.0
23.933287 0.0
23.949965 0.0
23.966644 0.0
23.983322 0.0
24.0 0.0
