0 0.00000
1 0.00000
2 0.00000
3 0.00000
4 0.00000
5 0.00000
6 0.00000
7 1.72000
8 8.94000
9 18.32000
10 0.00000
11 34.30000
12 38.39000
13 37.37000
14 32.04000
15 20.55000
16 11.95000
17 3.68000
18 0.13000
19 0.00000
20 0.00000
21 0.00000
22 0.00000
23 0.00000
0 0.00000
1 0.00000
2 0.00000
3 0.00000
4 0.00000
5 0.00000
6 0.00000
7 1.72000
8 8.94000
9 18.32000
10 0.00000
11 34.30000
12 38.39000
13 37.37000
14 32.04000
15 20.55000
16 11.95000
17 3.68000
18 0.13000
19 0.00000
20 0.00000
21 0.00000
22 0.00000
23 0.00000
