0 0.00000
1 0.00000
2 0.00000
3 0.00000
4 0.00000
5 0.00000
6 0.00000
7 0.39000
8 1.93000
9 3.83000
10 11.61000
11 25.92000
12 18.96000
13 17.55000
14 10.16000
15 10.19000
16 7.49000
17 1.84000
18 0.26000
19 0.00000
20 0.00000
21 0.00000
22 0.00000
23 0.00000
0 0.00000
1 0.00000
2 0.00000
3 0.00000
4 0.00000
5 0.00000
6 0.00000
7 0.39000
8 1.93000
9 3.83000
10 11.61000
11 25.92000
12 18.96000
13 17.55000
14 10.16000
15 10.19000
16 7.49000
17 1.84000
18 0.26000
19 0.00000
20 0.00000
21 0.00000
22 0.00000
23 0.00000
