0 0.00000
1 0.00000
2 0.00000
3 0.00000
4 0.00000
5 0.00000
6 0.97000
7 7.86000
8 21.01000
9 35.44000
10 44.95000
11 53.08000
12 54.81000
13 51.82000
14 48.33000
15 38.57000
16 26.13000
17 13.05000
18 3.63000
19 0.00000
20 0.00000
21 0.00000
22 0.00000
23 0.00000
0 0.00000
1 0.00000
2 0.00000
3 0.00000
4 0.00000
5 0.00000
6 0.97000
7 7.86000
8 21.01000
9 35.44000
10 44.95000
11 53.08000
12 54.81000
13 51.82000
14 48.33000
15 38.57000
16 26.13000
17 13.05000
18 3.63000
19 0.00000
20 0.00000
21 0.00000
22 0.00000
23 0.00000
