0 0.00000
1 0.00000
2 0.00000
3 0.00000
4 0.00000
5 0.00000
6 0.31000
7 5.43000
8 16.05000
9 28.09000
10 38.37000
11 43.95000
12 44.45000
13 40.42000
14 28.94000
15 21.54000
16 13.09000
17 3.71000
18 0.11000
19 0.00000
20 0.00000
21 0.00000
22 0.00000
23 0.00000
0 0.00000
1 0.00000
2 0.00000
3 0.00000
4 0.00000
5 0.00000
6 0.31000
7 5.43000
8 16.05000
9 28.09000
10 38.37000
11 43.95000
12 44.45000
13 40.42000
14 28.94000
15 21.54000
16 13.09000
17 3.71000
18 0.11000
19 0.00000
20 0.00000
21 0.00000
22 0.00000
23 0.00000
