0 0.00000
1 0.00000
2 0.00000
3 0.00000
4 0.00000
5 0.00000
6 0.61000
7 5.94000
8 15.56000
9 26.05000
10 32.71000
11 41.12000
12 49.44000
13 49.79000
14 42.86000
15 32.65000
16 20.80000
17 10.08000
18 2.63000
19 0.00000
20 0.00000
21 0.00000
22 0.00000
23 0.00000
0 0.00000
1 0.00000
2 0.00000
3 0.00000
4 0.00000
5 0.00000
6 0.61000
7 5.94000
8 15.56000
9 26.05000
10 32.71000
11 41.12000
12 49.44000
13 49.79000
14 42.86000
15 32.65000
16 20.80000
17 10.08000
18 2.63000
19 0.00000
20 0.00000
21 0.00000
22 0.00000
23 0.00000
