0 0.00000
1 0.00000
2 0.00000
3 0.00000
4 0.00000
5 0.00000
6 0.00000
7 0.00000
8 17.43000
9 32.88000
10 25.69000
11 16.52000
12 55.31000
13 25.67000
14 4.51000
15 14.65000
16 23.69000
17 6.33000
18 0.79000
19 0.06000
20 0.00000
21 0.00000
22 0.00000
23 0.00000
0 0.00000
1 0.00000
2 0.00000
3 0.00000
4 0.00000
5 0.00000
6 0.00000
7 0.00000
8 17.43000
9 32.88000
10 25.69000
11 16.52000
12 55.31000
13 25.67000
14 4.51000
15 14.65000
16 23.69000
17 6.33000
18 0.79000
19 0.06000
20 0.00000
21 0.00000
22 0.00000
23 0.00000
