0 0.00000
1 0.00000
2 0.00000
3 0.00000
4 0.00000
5 0.00000
6 0.66000
7 5.07000
8 15.74000
9 28.98000
10 40.93000
11 41.45000
12 49.15000
13 20.93000
14 27.44000
15 19.95000
16 2.81000
17 0.73000
18 0.39000
19 0.03000
20 0.00000
21 0.00000
22 0.00000
23 0.00000
0 0.00000
1 0.00000
2 0.00000
3 0.00000
4 0.00000
5 0.00000
6 0.66000
7 5.07000
8 15.74000
9 28.98000
10 40.93000
11 41.45000
12 49.15000
13 20.93000
14 27.44000
15 19.95000
16 2.81000
17 0.73000
18 0.39000
19 0.03000
20 0.00000
21 0.00000
22 0.00000
23 0.00000
