10 0.9204103510830326
10.016666666666667 0.9130665125298328
10.033333333333335 0.9172610579538734
10.050000000000002 0.9083745237536655
10.06666666666667 0.9101890909883722
10.083333333333337 0.9192946876080692
10.100000000000005 0.9121274665331807
10.116666666666672 0.912555643221781
10.13333333333334 0.9193398275182894
10.150000000000007 0.9162891341327385
10.166666666666675 0.9115617594026549
10.183333333333342 0.9083607678375412
10.20000000000001 0.9092974436274509
10.216666666666677 0.9039362194924405
10.233333333333345 0.910461496784566
10.250000000000012 0.8985960023923446
10.26666666666668 0.907498747757256
10.283333333333347 0.8952319955497382
10.300000000000015 0.8908188212058212
10.316666666666682 0.8925642524497164
10.33333333333335 0.8923753133640553
10.350000000000017 0.904940094512195
10.366666666666685 0.904831668854114
10.383333333333352 0.9029501761022043
10.40000000000002 0.8960863723880598
10.416666666666687 0.8980352639644092
10.433333333333355 0.8915548219715548
10.450000000000022 0.8989765776911837
10.46666666666669 0.8949969714424006
10.483333333333357 0.9014324567723342
10.500000000000025 0.898717572996183
10.516666666666692 0.9053439440758293
10.53333333333336 0.8985608792372881
10.550000000000027 0.8940274391955098
10.566666666666695 0.8954565034851301
10.583333333333362 0.8840699418282548
10.60000000000003 0.8908425020642201
10.616666666666697 0.8846315913855971
10.633333333333365 0.8769302262228261
10.650000000000032 0.884659309630963
10.6666666666667 0.8779633812080536
10.683333333333367 0.888299131227758
10.700000000000035 0.8820353812997347
10.716666666666702 0.8900571274165202
10.73333333333337 0.8788157980349344
10.750000000000037 0.8838849489795918
10.766666666666705 0.8941333329015543
10.783333333333372 0.8964439551502145
10.80000000000004 0.9013287560819462
10.816666666666707 0.9093460377758913
10.833333333333375 0.8967993450823131
10.850000000000042 0.903193559848803
10.86666666666671 0.8940560843423799
10.883333333333377 0.8949848995016612
10.900000000000045 0.8865071166253102
10.916666666666712 0.8860259389642418
10.93333333333338 0.8898160603025347
10.950000000000047 0.8883996276941846
10.966666666666715 0.8801123711048158
10.983333333333382 0.8868976539855071
11.00000000000005 0.8884176923076922
11.016666666666717 0.884044651853328
11.033333333333385 0.8844178744545815
11.050000000000052 0.8925388560994867
11.06666666666672 0.8901456559921415
11.083333333333387 0.8850648449354712
11.100000000000055 0.8651957195406772
11.116666666666722 0.8703464296784192
11.13333333333339 0.8731137378472222
11.150000000000057 0.8690901722350229
11.166666666666725 0.86918846042065
11.183333333333392 0.8623603709554625
11.20000000000006 0.8517595172479152
11.216666666666727 0.8508385294450735
11.233333333333395 0.8522099137542277
11.250000000000062 0.8515111190119761
11.26666666666673 0.8545803070469798
11.283333333333397 0.8440133026364649
11.300000000000065 0.8378788628285819
11.316666666666732 0.8424915696132595
11.3333333333334 0.8480884194495412
11.350000000000067 0.8533323371710526
11.366666666666735 0.8504350859431898
11.383333333333402 0.849863716981132
11.40000000000007 0.847626279826464
11.416666666666737 0.8524777402737751
11.433333333333405 0.8407122770997846
11.450000000000072 0.8496844603004291
11.46666666666674 0.8485085511404133
11.483333333333407 0.8388209461811724
11.500000000000075 0.8514841805949007
11.516666666666742 0.8468495250529287
11.53333333333341 0.8401986813863475
11.550000000000077 0.84261011574886
11.566666666666745 0.851669505944056
11.583333333333412 0.8590618201463924
11.60000000000008 0.8589838399930506
11.616666666666747 0.8537057021129199
11.633333333333415 0.8526478363259666
11.650000000000082 0.8437367680785124
11.66666666666675 0.8398323497596154
11.683333333333417 0.8413963382403286
11.700000000000085 0.8529842183868761
11.716666666666752 0.8549961207425067
11.73333333333342 0.8575765618206522
11.750000000000087 0.870706519817073
11.766666666666755 0.8702079819195674
11.783333333333422 0.8681542206675658
11.80000000000009 0.8578577965702757
11.816666666666757 0.8444140451190876
11.833333333333425 0.8417348396984924
11.850000000000092 0.839695620200334
11.86666666666676 0.8372470831389537
11.883333333333427 0.8481612656249999
11.900000000000095 0.873679508958195
11.916666666666762 0.8703197499171911
11.93333333333343 0.8872877259663031
11.950000000000097 0.8773454243323441
11.966666666666764 0.8705791540487162
11.983333333333432 0.8662072499999999
12.0000000000001 0.8741593165573771
12.016666666666767 0.8797225404255318
12.033333333333434 0.8849783752041815
12.050000000000102 0.8835351619373777
12.06666666666677 0.8854813720286551
12.083333333333437 0.8832910947659298
12.100000000000104 0.8772692040584417
12.116666666666772 0.8812757931928688
12.13333333333344 0.8941554498219488
12.150000000000107 0.9027891549773756
12.166666666666774 0.9033011262104582
12.183333333333442 0.8997162345261123
12.20000000000011 0.9002308444945267
12.216666666666777 0.8988873091639871
12.233333333333444 0.897279038066174
12.250000000000112 0.8944601867179982
12.26666666666678 0.8991527394230768
12.283333333333447 0.8820169884726223
12.300000000000114 0.8881903301343569
12.316666666666782 0.889737967881112
12.33333333333345 0.8955233318965519
12.350000000000117 0.8997426083280152
12.366666666666784 0.9049569314631815
12.383333333333452 0.9027246417648932
12.40000000000012 0.9014144426934096
12.416666666666787 0.8969824572064905
12.433333333333454 0.8789685438791732
12.450000000000122 0.8696948401144311
12.46666666666679 0.8636390794155019
12.483333333333457 0.8749179188631311
12.500000000000124 0.8821564628571428
12.516666666666792 0.8873744852427801
12.53333333333346 0.890207493178934
12.550000000000127 0.8880936579448144
12.566666666666794 0.9156420328154724
12.583333333333462 0.9094169120164869
12.60000000000013 0.9037410665821178
12.616666666666797 0.9038206868462757
12.633333333333464 0.8921065264659269
12.650000000000132 0.8920231921369689
12.6666666666668 0.8878120810082435
12.683333333333467 0.895685027901078
12.700000000000134 0.9080569923882017
12.716666666666802 0.9068794178299493
12.73333333333347 0.9112764089467006
12.750000000000137 0.9052553228571428
12.766666666666804 0.9015083817084789
12.783333333333472 0.908765505400254
12.80000000000014 0.9075076592498411
12.816666666666807 0.9085306779014309
12.833333333333474 0.9203164949093222
12.850000000000142 0.9223732936962751
12.86666666666681 0.9152343779866198
12.883333333333477 0.919683651259165
12.900000000000144 0.9351205687619655
12.916666666666812 0.9255769252873564
12.93333333333348 0.9281253350910834
12.950000000000147 0.901860480806142
12.966666666666814 0.8992135461095101
12.983333333333482 0.8945255639423078
13.00000000000015 0.8946454518768047
13.016666666666817 0.9106352693543205
13.033333333333484 0.9090998276527331
13.050000000000152 0.8840556930135222
13.06666666666682 0.899157751450677
13.083333333333487 0.9157900192059392
13.100000000000154 0.9177205447640593
13.116666666666822 0.9149839689320388
13.13333333333349 0.9084178896272285
13.150000000000157 0.9144704474196688
13.166666666666824 0.9075088527308192
13.183333333333492 0.8892421763269294
13.20000000000016 0.8861720181017613
13.216666666666827 0.8766775761189155
13.233333333333494 0.8851035687172776
13.250000000000162 0.8860874163934426
13.26666666666683 0.8901104724047305
13.283333333333497 0.8828340207305034
13.300000000000164 0.8712527477744806
13.316666666666832 0.8729797106045588
13.3333333333335 0.8752930056310035
13.350000000000167 0.8719551415063039
13.366666666666834 0.8784938776595743
13.383333333333502 0.8828521299566812
13.400000000000169 0.8742089419031719
13.416666666666837 0.8687213590087074
13.433333333333504 0.8767648470311976
13.450000000000172 0.8844595435440483
13.466666666666839 0.8827565006743088
13.483333333333507 0.8791852340317674
13.500000000000174 0.8812700228658534
13.516666666666842 0.8813109543138588
13.533333333333509 0.8743669596527067
13.550000000000177 0.8607817405193031
13.566666666666844 0.8643291331735706
13.583333333333512 0.8732447502574664
13.600000000000179 0.8748544135972461
13.616666666666847 0.8749809882596684
13.633333333333514 0.8884023111149583
13.650000000000182 0.898601014241056
13.666666666666849 0.9022237651567945
13.683333333333517 0.9112338739510489
13.700000000000184 0.911157696353436
13.716666666666852 0.918510771368273
13.733333333333519 0.9238728937896964
13.750000000000187 0.9253040146954674
13.766666666666854 0.9332644873934659
13.783333333333522 0.9312396783677832
13.800000000000189 0.9372552457081544
13.816666666666857 0.9429755279870828
13.833333333333524 0.9515698898091464
13.850000000000191 0.9234952611131189
13.866666666666859 0.9237030522306854
13.883333333333526 0.9246694047705754
13.900000000000194 0.9324813914473683
13.916666666666861 0.9307357166972478
13.933333333333529 0.9379923812154695
13.950000000000196 0.9343839370836418
13.966666666666864 0.9095068947661471
13.983333333333531 0.9095768017144987
14.000000000000199 0.9124568386976049
14.016666666666866 0.9118884791431792
14.033333333333534 0.8947539543396225
14.050000000000201 0.8956388213338384
14.066666666666869 0.8962129065473924
14.083333333333536 0.9026303377293579
14.100000000000204 0.9032417125576037
14.116666666666871 0.9041782838411107
14.133333333333539 0.9139756208833785
14.150000000000206 0.9285849616582328
14.166666666666874 0.9400278835027363
14.183333333333541 0.93878811410055
14.200000000000209 0.9480195106550907
14.216666666666876 0.9643613704879016
14.233333333333544 0.9544736191709844
14.250000000000211 0.9456471619943932
14.266666666666879 0.9523051134808852
14.283333333333546 0.9524074860436892
14.300000000000214 0.9502457853658536
14.316666666666881 0.9541141293420515
14.333333333333549 0.9494827210353327
14.350000000000216 0.9447796749379653
14.366666666666884 0.9334470821917809
14.383333333333551 0.9363425615609348
14.400000000000219 0.9356008840336134
14.416666666666886 0.9397922259493671
14.433333333333554 0.9427706117946543
14.450000000000221 0.9337103178327645
14.466666666666889 0.9422946965665234
14.483333333333556 0.9403538927492447
14.500000000000224 0.949669927734375
14.516666666666891 0.9494236670305677
14.533333333333559 0.9444461422924901
14.550000000000226 0.9459508840035351
14.566666666666894 0.9443931422854602
14.583333333333561 0.9479834154362415
14.600000000000229 0.9566483310081008
14.616666666666896 0.9471160002263468
14.633333333333564 0.9444750273348519
14.650000000000231 0.9492138136176066
14.666666666666899 0.9390907088140286
14.683333333333566 0.9481475859266141
14.700000000000234 0.9535434025245442
14.716666666666901 0.9427052392941176
14.733333333333569 0.9396563725722406
14.750000000000236 0.9305084399141631
14.766666666666904 0.9192969246279403
14.783333333333571 0.9214970744680849
14.800000000000239 0.9432409359785783
14.816666666666906 0.9485818610294117
14.833333333333574 0.9471558709279367
14.850000000000241 0.9477191317097415
14.866666666666909 0.9461626179268903
14.883333333333576 0.9353698729198184
14.900000000000244 0.95433837531742
14.916666666666911 0.9457056294779939
14.933333333333579 0.9563999636597937
14.950000000000246 0.9467532748051948
14.966666666666914 0.9651721459968603
14.983333333333581 0.9539244398734178
15.000000000000249 0.9662368509564292
15.016666666666916 0.9579160340117835
15.033333333333584 0.9498829638424177
15.050000000000251 0.9579491857997823
15.066666666666919 0.9696326173889193
15.083333333333586 0.9739444701492537
15.100000000000254 0.9737186663879597
15.116666666666921 0.9835517959527824
15.133333333333589 0.9936435951841359
15.150000000000256 0.9866513057142858
15.166666666666924 0.9819676658986174
15.183333333333591 0.9841510223707146
15.200000000000259 0.9799413789566236
15.216666666666926 0.9771281941489361
15.233333333333594 0.9955099025044724
15.250000000000261 0.9972929332531569
15.266666666666929 0.9860466025485436
15.283333333333596 0.9703501506429884
15.300000000000264 0.9659004459542928
15.316666666666931 0.9655726701995012
15.333333333333599 0.9635420688679244
15.350000000000266 0.9690521742857141
15.366666666666934 0.9629457491992313
15.383333333333601 0.955480010996119
15.400000000000269 0.9539029546048333
15.416666666666936 0.9743879267810025
15.433333333333604 0.9670630508982037
15.450000000000271 0.9643929284274193
15.466666666666939 0.9696349813432835
15.483333333333606 0.9772290154215215
15.500000000000274 0.9655163626297577
15.516666666666941 0.9739022498250525
15.533333333333609 0.9718323336864406
15.550000000000276 0.9807130110556348
15.566666666666944 0.9714668245677233
15.583333333333611 0.9883889475600873
15.600000000000279 0.9819989966887418
15.616666666666946 0.9969433628252786
15.633333333333614 0.9926782809917354
15.650000000000281 0.9966535455580865
15.666666666666949 0.9936232563315426
15.683333333333616 1.0026231318851824
15.700000000000284 0.9976568065149136
15.716666666666951 0.9955773521015069
15.733333333333618 0.9891572766639936
15.750000000000286 0.995705116788321
15.766666666666953 1.0042982608695652
15.783333333333621 0.9920049834024894
15.800000000000288 0.989743518875839
15.816666666666956 0.9902312648556876
15.833333333333623 0.9753513479381443
15.850000000000291 0.9768349352736752
15.866666666666958 0.9690550765171503
15.883333333333626 0.9787217148576512
15.900000000000293 0.9681751905405405
15.916666666666961 0.9559601130355515
15.933333333333628 0.9642282426199262
15.950000000000296 0.9530978214953271
15.966666666666963 0.9375034001892146
15.983333333333631 0.9674307025862069
