10 0.9832909211009173
10.016666666666667 1.0012074096422074
10.033333333333335 1.0180454241877257
10.050000000000002 0.99059102774463
10.06666666666667 0.9959588392539964
10.083333333333337 0.9657303769817968
10.100000000000005 0.9728846774475525
10.116666666666672 0.9839392938114516
10.13333333333334 0.9819997280550773
10.150000000000007 1.003011432232346
10.166666666666675 0.997599154324477
10.183333333333342 0.9816691623667976
10.20000000000001 0.9665252388641424
10.216666666666677 0.9695778389502763
10.233333333333345 0.9724835463521667
10.250000000000012 0.9850984411764705
10.26666666666668 0.9894157447268793
10.283333333333347 0.9636923743961352
10.300000000000015 0.9751757526652453
10.316666666666682 0.9797756259925885
10.33333333333335 0.9689261689437729
10.350000000000017 0.9813398768267223
10.366666666666685 1.0058601555209954
10.383333333333352 0.994881347758887
10.40000000000002 0.9605817483375958
10.416666666666687 0.9548233033536585
10.433333333333355 0.958760102725896
10.450000000000022 0.9537687180451127
10.46666666666669 0.9679193452914798
10.483333333333357 0.9680803193756193
10.500000000000025 0.9853657813575996
10.516666666666692 0.9824918335777125
10.53333333333336 0.9872266537153958
10.550000000000027 0.9852132010135135
10.566666666666695 0.9850005950552088
10.583333333333362 0.978891335639313
10.60000000000003 0.9795120845971563
10.616666666666697 0.9884745317946302
10.633333333333365 0.9823777461358314
10.650000000000032 0.974012683659218
10.6666666666667 0.9597790208333332
10.683333333333367 0.955365873216751
10.700000000000035 0.9487975675057208
10.716666666666702 0.9733994119654231
10.73333333333337 0.9856210398190044
10.750000000000037 0.9914733449594959
10.766666666666705 0.9835626935989258
10.783333333333372 0.9557705867823764
10.80000000000004 0.9629637629482072
10.816666666666707 0.9708437635402906
10.833333333333375 0.9729166920210434
10.850000000000042 0.9951633039215685
10.86666666666671 0.9874111554640069
10.883333333333377 0.9698432051337358
10.900000000000045 0.9772403967811157
10.916666666666712 0.9754386225448335
10.93333333333338 0.963761402677433
10.950000000000047 0.9659523272727273
10.966666666666715 0.9816529412878786
10.983333333333382 0.9856674346733667
11.00000000000005 0.9821107628178407
11.016666666666717 0.9886503771784232
11.033333333333385 0.982250159851301
11.050000000000052 0.9797069938322368
11.06666666666672 0.9783686199345069
11.083333333333387 0.9808073398533007
11.100000000000055 0.9745563651115619
11.116666666666722 0.9671947942245558
11.13333333333339 0.9412367329042638
11.150000000000057 0.9572104679615538
11.166666666666725 0.9741953415071768
11.183333333333392 0.9827106344320888
11.20000000000006 0.9894941017016226
11.216666666666727 0.9611636703426545
11.233333333333395 0.9653254925373135
11.250000000000062 0.9635060054730257
11.26666666666673 0.9829828219151421
11.283333333333397 0.9879983870779976
11.300000000000065 0.9854264530706836
11.316666666666732 0.9725251079261253
11.3333333333334 0.9485766510736195
11.350000000000067 0.9663493665011459
11.366666666666735 0.9795253155690903
11.383333333333402 0.9683651774744026
11.40000000000007 0.9886416836734693
11.416666666666737 0.9926854711864407
11.433333333333405 0.9691723260135133
11.450000000000072 0.9473297895622895
11.46666666666674 0.9602993624161074
11.483333333333407 0.9666043962439569
11.500000000000075 0.9621672232308264
11.516666666666742 0.966219854689808
11.53333333333341 0.9657126483799704
11.550000000000077 0.9644303840366972
11.566666666666745 0.9449149462129528
11.583333333333412 0.9562725788033563
11.60000000000008 0.9667238424881776
11.616666666666747 0.9513513068552774
11.633333333333415 0.9437951929475586
11.650000000000082 0.9364909251712946
11.66666666666675 0.9675089255127743
11.683333333333417 0.9563077171807748
11.700000000000085 0.9543258885509837
11.716666666666752 0.9520754684041414
11.73333333333342 0.9742390311498753
11.750000000000087 0.989248052556818
11.766666666666755 0.9891910811481218
11.783333333333422 0.9900677448763253
11.80000000000009 0.990212942348378
11.816666666666757 0.9881810930355258
11.833333333333425 0.9689363905263159
11.850000000000092 0.9654854385504202
11.86666666666676 0.9943324779874212
11.883333333333427 0.9922522845188283
11.900000000000095 0.9948021560542796
11.916666666666762 1.0011511109375002
11.93333333333343 1.0034717853430353
11.950000000000097 1.0095264479418886
11.966666666666764 0.988100181394546
11.983333333333432 1.0005260861474843
12.0000000000001 0.9992560481430536
12.016666666666767 0.9985320787847579
12.033333333333434 0.9825723089444824
12.050000000000102 0.9895276524640656
12.06666666666677 0.9866535604714726
12.083333333333437 0.9889100960095497
12.100000000000104 0.993856774352861
12.116666666666772 0.977123432970398
12.13333333333344 1.005722011375212
12.150000000000107 0.9969167197355034
12.166666666666774 1.0024107378936675
12.183333333333442 0.9916808512005411
12.20000000000011 1.0127211339527027
12.216666666666777 1.0058992424089068
12.233333333333444 1.0101372042467138
12.250000000000112 1.013882744777628
12.26666666666678 1.0172277986881937
12.283333333333447 1.0170248822640242
12.300000000000114 0.9966227934563757
12.316666666666782 1.0128021277665995
12.33333333333345 1.0216505834170853
12.350000000000117 0.9887363433734939
12.366666666666784 0.9911651297658862
12.383333333333452 0.9982227934491976
12.40000000000012 1.004449257935182
12.416666666666787 0.9919081127631139
12.433333333333454 1.0085037807807806
12.450000000000122 1.0098051630000002
12.46666666666679 1.0088913943685438
12.483333333333457 0.992066423076923
12.500000000000124 1.0063459728695072
12.516666666666792 0.9869862309484193
12.53333333333346 1.0014500763473055
12.550000000000127 1.0039976727635516
12.566666666666794 1.0002082829122338
12.583333333333462 1.0236733070787636
12.60000000000013 1.025208625124626
12.616666666666797 1.0154209725822532
12.633333333333464 1.0160428784053157
12.650000000000132 1.0248680242524917
12.6666666666668 1.0248680242524917
12.683333333333467 1.0010273659022932
12.700000000000134 1.0194511824526422
12.716666666666802 1.0238652218344964
12.73333333333347 1.007695446642287
12.750000000000137 1.0195981171875
12.766666666666804 1.0143679624210173
12.783333333333472 1.0099027529940119
12.80000000000014 0.9962104013311148
12.816666666666807 0.9884127572427571
12.833333333333474 0.9989372083610925
12.850000000000142 0.9861288315
12.86666666666681 1.0041223914276183
12.883333333333477 1.002956513026052
12.900000000000144 1.0108163008686935
12.916666666666812 0.9951347105614972
12.93333333333348 1.0136159729187564
12.950000000000147 0.9978197304216866
12.966666666666814 1.00583699648359
12.983333333333482 0.9871026411330874
13.00000000000015 0.9912518166722577
13.016666666666817 1.0067938307588986
13.033333333333484 1.0009635448890384
13.050000000000152 0.9713346820478275
13.06666666666682 0.974908912537917
13.083333333333487 0.9835517959527824
13.100000000000154 1.0121840881458968
13.116666666666822 1.0178960111561866
13.13333333333349 0.9842819913676372
13.150000000000157 0.9734799218644068
13.166666666666824 0.977545950610998
13.183333333333492 0.9703720343420605
13.20000000000016 0.945346602655771
13.216666666666827 0.9712468153767474
13.233333333333494 0.9709331265368851
13.250000000000162 0.9793711246580027
13.26666666666683 0.9733332579650565
13.283333333333497 0.9740124991420728
13.300000000000164 0.9967289107940873
13.316666666666832 0.9801504901859505
13.3333333333335 0.9794506262504311
13.350000000000167 0.9786874402004837
13.366666666666834 0.9621858926592797
13.383333333333502 0.9792169397987507
13.400000000000169 0.9814606022253127
13.416666666666837 0.9806955020905922
13.433333333333504 0.947666218575419
13.450000000000172 0.9474331222883136
13.466666666666839 0.9538808683380083
13.483333333333507 0.9497325653778561
13.500000000000174 0.945637549665375
13.516666666666842 0.9470124492932863
13.533333333333509 0.9599287053508149
13.550000000000177 0.9588322031582683
13.566666666666844 0.9239543999999998
13.583333333333512 0.9061606990014266
13.600000000000179 0.9249454129424384
13.616666666666847 0.9682479129032255
13.633333333333514 0.9653595841423946
13.650000000000182 0.956001467027027
13.666666666666849 0.9631481649801228
13.683333333333517 0.9694990895251903
13.700000000000184 0.9723184252998909
13.716666666666852 0.973470002187386
13.733333333333519 0.9771620117001827
13.750000000000187 0.949535095709571
13.766666666666854 0.9446830570062523
13.783333333333522 0.9424931529520294
13.800000000000189 0.9489168985936345
13.816666666666857 0.9269993666914224
13.833333333333524 0.8723368357541899
13.850000000000191 0.8713863665919283
13.866666666666859 0.8925150067491563
13.883333333333526 0.9063999616252821
13.900000000000194 0.9011956138165345
13.916666666666861 0.8619402192118226
13.933333333333529 0.8995820287072243
13.950000000000196 0.9432107941625333
13.966666666666864 0.934658965530448
13.983333333333531 0.8967348667820068
14.000000000000199 0.8980662100694444
14.016666666666866 0.9069120575135553
14.033333333333534 0.8823728596423018
14.050000000000201 0.8894233173302107
14.066666666666869 0.8754848093652038
14.083333333333536 0.8948309356805666
14.100000000000204 0.8631270977874358
14.116666666666871 0.8599079773899245
14.133333333333539 0.8555133333333333
14.150000000000206 0.8595085806
14.166666666666874 0.8481177813253011
14.183333333333541 0.873079137555466
14.200000000000209 0.8756874266315362
14.216666666666876 0.869261411716843
14.233333333333544 0.8658532625664078
14.250000000000211 0.852683882908792
14.266666666666879 0.8608492670103093
14.283333333333546 0.8682414430169914
14.300000000000214 0.8806320168609492
14.316666666666881 0.8622221894604767
14.333333333333549 0.8895002180672269
14.350000000000216 0.9065839011406845
14.366666666666884 0.9084702257106492
14.383333333333551 0.8692854562899787
14.400000000000219 0.8532011351351351
14.416666666666886 0.8448009788793103
14.433333333333554 0.8357087551948051
14.450000000000221 0.8061482036553526
14.466666666666889 0.8111377893700786
14.483333333333556 0.8255760098944591
14.500000000000224 0.8452732698938992
14.516666666666891 0.87005706
14.533333333333559 0.86620725
14.550000000000226 0.87516130247191
14.566666666666894 0.8761186849593495
14.583333333333561 0.8684373761926397
14.600000000000229 0.8360014543170396
14.616666666666896 0.8317075739889705
14.633333333333564 0.8772868002773925
14.650000000000231 0.870500718401487
14.666666666666899 0.8405478521983163
14.683333333333566 0.8698724428772919
14.700000000000234 0.9738343885998108
14.716666666666901 0.9762868957639218
14.733333333333569 0.9813421852561033
14.750000000000236 0.9813677514450866
14.766666666666904 0.9713165802229762
14.783333333333571 0.9605745439024391
14.800000000000239 0.959617588365243
14.816666666666906 0.963498644021739
14.833333333333574 0.928663764793635
14.850000000000241 0.9477122364864864
14.866666666666909 0.9460641400503776
14.883333333333576 0.9587432510141988
14.900000000000244 0.9780757718223584
14.916666666666911 0.9801584606885919
14.933333333333579 0.9750993150543196
14.950000000000246 0.9561364054687499
14.966666666666914 0.9378985937007873
14.983333333333581 0.9709940752773374
15.000000000000249 0.9847732069148936
15.016666666666916 1.0021465773968934
15.033333333333584 1.0104193883495145
15.050000000000251 1.038193327173913
15.066666666666919 1.0448881905805036
15.083333333333586 1.0376640198675495
15.100000000000254 1.0275784525
15.316666666666931 1.0736139880073803
15.333333333333599 1.0758226022938622
15.350000000000266 1.0841142052565707
15.366666666666934 1.047167738965952
15.383333333333601 1.0304119322519085
15.400000000000269 1.0560431343810133
15.416666666666936 1.0697790271668821
15.433333333333604 1.0848322304177545
15.450000000000271 1.0906950187623436
15.466666666666939 1.0928245517928286
15.483333333333606 1.0636003230563003
15.500000000000274 1.089738307302231
15.516666666666941 1.1131885804911321
15.533333333333609 1.1024455909090909
15.550000000000276 1.0911362116052814
15.566666666666944 1.06747186115007
15.583333333333611 1.120613484076433
15.600000000000279 1.1339065382142854
15.616666666666946 1.1245278344155845
15.633333333333614 1.1212957166788056
15.650000000000281 1.1341370415441174
15.666666666666949 1.1313639855233852
15.683333333333616 1.1016978766866565
15.700000000000284 1.1422657301286905
15.716666666666951 1.1443471926605504
15.733333333333618 1.1460245212355211
15.750000000000286 1.106745300702028
15.766666666666953 1.1017009468085104
15.783333333333621 1.1245981600318473
15.800000000000288 1.1108080100563154
15.816666666666956 1.0887450475609755
15.833333333333623 1.083825820197044
15.850000000000291 1.1146877253112033
15.866666666666958 1.123937818791946
15.883333333333626 1.1138348593220337
15.900000000000293 1.0901197210796916
15.916666666666961 1.1054025506932408
15.933333333333628 1.1170179890542906
15.950000000000296 1.1206732121346323
15.966666666666963 1.0794632873769023
15.983333333333631 1.1183610950226244
