10 0.8270808427299703
10.016666666666667 0.8133242086190009
10.033333333333335 0.8076759485935985
10.050000000000002 0.8195653211538462
10.06666666666667 0.8090100728571429
10.083333333333337 0.8133631599056604
10.100000000000005 0.837603521495327
10.116666666666672 0.8204483869323448
10.13333333333334 0.8187474710743802
10.150000000000007 0.8107720878070973
10.166666666666675 0.8041863939530686
10.183333333333342 0.8031915764758497
10.20000000000001 0.8057979973404256
10.216666666666677 0.7887539485488126
10.233333333333345 0.7758357292938098
10.250000000000012 0.7796114805531548
10.26666666666668 0.7834990677530017
10.283333333333347 0.7940233125
10.300000000000015 0.7918912974683544
10.316666666666682 0.7973455857740586
10.33333333333335 0.8094185589211619
10.350000000000017 0.8072233406095551
10.366666666666685 0.8029873308823529
10.383333333333352 0.8001167617694805
10.40000000000002 0.8046505534995977
10.416666666666687 0.8101218884892086
10.433333333333355 0.8172457202852614
10.450000000000022 0.8178195908733281
10.46666666666669 0.8080089503906249
10.483333333333357 0.8012976627906977
10.500000000000025 0.8086379203233256
10.516666666666692 0.8004249461009174
10.53333333333336 0.8054784703872436
10.550000000000027 0.7907051360211
10.566666666666695 0.8022358562874252
10.583333333333362 0.8084600999999999
10.60000000000003 0.8235579516248154
10.616666666666697 0.8172725777696258
10.633333333333365 0.8258010809037901
10.650000000000032 0.8220919398986242
10.6666666666667 0.8076292057553955
10.683333333333367 0.8049102394567548
10.700000000000035 0.787871272372159
10.716666666666702 0.8038109650423729
10.73333333333337 0.8052181547368421
10.750000000000037 0.7852645920502092
10.766666666666705 0.7859695259875259
10.783333333333372 0.7824320944176429
10.80000000000004 0.7696983143835616
10.816666666666707 0.7694375027247955
10.833333333333375 0.7631850832769126
10.850000000000042 0.7470186878787879
10.86666666666671 0.7581005626255861
10.883333333333377 0.7497133322237016
10.900000000000045 0.75071295
10.916666666666712 0.7669186719367589
10.93333333333338 0.7905229118610746
10.950000000000047 0.7879060296610169
10.966666666666715 0.7886867568093384
10.983333333333382 0.7738118099999999
11.00000000000005 0.7765101363928113
11.016666666666717 0.763324396551724
11.033333333333385 0.7528408627700126
11.050000000000052 0.7487770872865275
11.06666666666672 0.7570000846444304
11.083333333333387 0.7685147030075188
11.100000000000055 0.7751222814837906
11.116666666666722 0.8018645223463687
11.13333333333339 0.7876882574165636
11.150000000000057 0.789140020295203
11.166666666666725 0.7900008150642989
11.183333333333392 0.7912063783536584
11.20000000000006 0.7952066557377048
11.216666666666727 0.8033627094921403
11.233333333333395 0.7815508320288982
11.250000000000062 0.7916836170468186
11.26666666666673 0.7885901129032258
11.283333333333397 0.7808404042236764
11.300000000000065 0.7967601442535545
11.316666666666732 0.8062102110389611
11.3333333333334 0.797929737352941
11.350000000000067 0.818282195894428
11.366666666666735 0.8168204579684762
11.383333333333402 0.8143053612565445
11.40000000000007 0.8265374686956523
11.416666666666737 0.8093274748700174
11.433333333333405 0.80586696373057
11.450000000000072 0.7848709027538726
11.46666666666674 0.7595005597826087
11.483333333333407 0.7542686468072974
11.500000000000075 0.7763054369318183
11.516666666666742 0.7652724297450424
11.53333333333341 0.7353789610169492
11.550000000000077 0.7554303228169014
11.566666666666745 0.7428339171813586
11.583333333333412 0.7517476133818588
11.60000000000008 0.7464246356783918
11.616666666666747 0.7518389389972144
11.633333333333415 0.7382010674999999
11.650000000000082 0.7214394639889196
11.66666666666675 0.7181703571823205
11.683333333333417 0.7153133740352811
11.700000000000085 0.7197747079207921
11.716666666666752 0.7330055134393857
11.73333333333342 0.7367739827586206
11.750000000000087 0.7588183664664117
11.766666666666755 0.763458233787466
11.783333333333422 0.7593844480413492
11.80000000000009 0.7808418978260868
11.816666666666757 0.7851860590465872
11.833333333333425 0.7872341205405405
11.850000000000092 0.7784801980572047
11.86666666666676 0.8042908553340518
11.883333333333427 0.7935576096774194
11.900000000000095 0.8068482632850241
11.916666666666762 0.8100082809651474
11.93333333333343 0.8070388218298554
11.950000000000097 0.8187015817307692
11.966666666666764 0.7942927992
11.983333333333432 0.8119058542887585
12.0000000000001 0.8189037335106383
12.016666666666767 0.8284660201912859
12.033333333333434 0.8058240835987259
12.050000000000102 0.8134177249602542
12.06666666666677 0.8406811143462148
12.083333333333437 0.8715513807509254
12.100000000000104 0.8831378724247226
12.116666666666772 0.8596554625329815
12.13333333333344 0.8348361716772152
12.150000000000107 0.8111375231822971
12.166666666666774 0.7930730236966824
12.183333333333442 0.7840367919516044
12.20000000000011 0.7666222594637223
12.216666666666777 0.7959578268523385
12.233333333333444 0.7661202778361342
12.250000000000112 0.8090663692913386
12.26666666666678 0.8198519826862538
12.283333333333447 0.8234876899265476
12.300000000000114 0.8575769732564236
12.316666666666782 0.8394079695857366
12.33333333333345 0.8553115613207547
12.350000000000117 0.8350334740566038
12.366666666666784 0.8356387900943396
12.383333333333452 0.8356387900943396
12.40000000000012 0.8386653702830189
12.416666666666787 0.8398760023584905
12.433333333333454 0.8422972665094339
12.450000000000122 0.8699924590980598
12.46666666666679 0.8866473791295227
12.483333333333457 0.8922631518887723
12.500000000000124 0.8475644692913384
12.516666666666792 0.8389108030462183
12.53333333333346 0.7911025751445087
12.550000000000127 0.8142894652996844
12.566666666666794 0.8083385910047344
12.583333333333462 0.8075483028947368
12.60000000000013 0.8208736074815595
12.616666666666797 0.8091298086452291
12.633333333333464 0.838019327176781
12.650000000000132 0.8393764728088701
12.683333333333467 0.8607075214285714
12.700000000000134 0.8246097266949153
12.716666666666802 0.8380379085365853
12.73333333333347 0.8042257181190222
12.750000000000137 0.816139242287234
12.766666666666804 0.8437602747603834
12.783333333333472 0.8591273755330491
12.80000000000014 0.8666697205018686
12.816666666666807 0.860648700802139
12.833333333333474 0.8762596462238885
12.850000000000142 0.8373956354613732
12.86666666666681 0.8275746859215475
12.883333333333477 0.853464337459634
12.900000000000144 0.8405245552560647
12.916666666666812 0.857939829821718
12.93333333333348 0.8787066331168831
12.950000000000147 0.8756021225596528
12.966666666666814 0.8768779190217391
12.983333333333482 0.8849114167120304
13.00000000000015 0.8594338527004911
13.016666666666817 0.8717325377255329
13.033333333333484 0.8728557705592105
13.050000000000152 0.8658899579670329
13.06666666666682 0.873839031938326
13.083333333333487 0.8673232909994477
13.100000000000154 0.8666866120641948
13.116666666666822 0.8040377322419533
13.13333333333349 0.7759572547274749
13.150000000000157 0.7649162367540434
13.166666666666824 0.7773903246644296
13.183333333333492 0.7889627448121145
13.20000000000016 0.8363268349268841
13.216666666666827 0.8593636261286682
13.233333333333494 0.8248659117147709
13.250000000000162 0.8468708036322362
13.26666666666683 0.8356236227220957
13.283333333333497 0.8459248415191319
13.300000000000164 0.8465169610315186
13.316666666666832 0.8232040531914894
13.3333333333335 0.8027287036930179
13.350000000000167 0.8185583277359583
13.366666666666834 0.8276420801393728
13.383333333333502 0.847182678717201
13.400000000000169 0.8254902717963722
13.416666666666837 0.8645108002350177
13.433333333333504 0.8718220288744842
13.450000000000172 0.8412632147928994
13.466666666666839 0.8619182459893048
13.483333333333507 0.8581150733452594
13.500000000000174 0.8613661715568862
13.516666666666842 0.8728009750600962
13.533333333333509 0.8674270147857573
13.550000000000177 0.8788066281818181
13.566666666666844 0.8683173772838002
13.583333333333512 0.8753846699266503
13.600000000000179 0.8592946077348067
13.616666666666847 0.8462698862515411
13.633333333333514 0.8490333763940522
13.650000000000182 0.8534504122588673
13.666666666666849 0.8588037692307694
13.683333333333517 0.8386395150753767
13.700000000000184 0.8538120284090909
13.716666666666852 0.8429545928979074
13.733333333333519 0.8152322323135754
13.750000000000187 0.8134912418321588
13.766666666666854 0.8507757836445589
13.783333333333522 0.8583631998706339
13.800000000000189 0.8564450529908973
13.816666666666857 0.8637523351863963
13.833333333333524 0.8709530710059171
13.850000000000191 0.8820466863846663
13.866666666666859 0.8867353066445183
13.883333333333526 0.8976460791583165
13.900000000000194 0.8766855635080645
13.916666666666861 0.8660120263691683
13.933333333333529 0.8858224504076088
13.950000000000196 0.8940348239917975
13.966666666666864 0.8729589800550206
13.983333333333531 0.8777886286307054
14.000000000000199 0.858175657510431
14.016666666666866 0.8619641074177746
14.033333333333534 0.854820488028169
14.050000000000201 0.8549524900779588
14.066666666666869 0.8520071311475408
14.083333333333536 0.8405234386657101
14.100000000000204 0.8449275921242774
14.116666666666871 0.8460628953488372
14.133333333333539 0.8524780446232626
14.150000000000206 0.8615296458026508
14.166666666666874 0.8257542798369163
14.183333333333541 0.8651290731889469
14.200000000000209 0.8536157661654135
14.216666666666876 0.8550599954579863
14.233333333333544 0.8824926505335364
14.250000000000211 0.8757357513430545
14.266666666666879 0.8655373294663572
14.283333333333546 0.8918426670560748
14.300000000000214 0.8811653029827313
14.316666666666881 0.9079769276679842
14.333333333333549 0.9048279554140127
14.350000000000216 0.9034858833199678
14.366666666666884 0.8916496079223928
14.383333333333551 0.9137028701140064
14.400000000000219 0.8960764655172412
14.416666666666886 0.9125770641556291
14.433333333333554 0.8813785195996663
14.450000000000221 0.8533367750210259
14.466666666666889 0.8774630504237287
14.483333333333556 0.8992761307692307
14.500000000000224 0.9216663992248061
14.516666666666891 0.8905403236316246
14.533333333333559 0.9135285341805434
14.550000000000226 0.9019166183745584
14.566666666666894 0.886794469251337
14.583333333333561 0.8760741191546763
14.600000000000229 0.8884579650951949
14.616666666666896 0.8654147456541628
14.633333333333564 0.8622081398891968
14.650000000000231 0.8280317597765363
14.666666666666899 0.8862884957706767
14.683333333333566 0.8552495365275142
14.700000000000234 0.8783761896551723
14.716666666666901 0.838589047826087
14.733333333333569 0.8732495853658537
14.750000000000236 0.8283729103448274
14.766666666666904 0.7998411223880596
14.783333333333571 0.8344025389095291
14.800000000000239 0.8689593449604542
14.816666666666906 0.8651723548387097
14.833333333333574 0.8684769973107157
14.850000000000241 0.8602949843292936
14.866666666666909 0.864835945646438
14.883333333333576 0.8238158300458471
14.900000000000244 0.8678870313510019
14.916666666666911 0.8706706156107119
14.933333333333579 0.9256061336633664
14.950000000000246 0.9130136457638424
14.966666666666914 0.9261090475387727
14.983333333333581 0.9603751857321368
15.000000000000249 0.9623419622143103
15.016666666666916 0.9930739566883419
15.033333333333584 0.9404167787953506
15.050000000000251 0.9510246621942531
15.066666666666919 0.9277820208933717
15.083333333333586 0.9608160735972797
15.100000000000254 0.9314742991400491
15.116666666666921 0.9351794239373601
15.133333333333589 0.9375197516348088
15.150000000000256 0.9772707660007635
15.166666666666924 0.9674097624259591
15.183333333333591 0.9820176016419075
15.200000000000259 0.9399813098535812
15.216666666666926 1.0147583041794632
15.233333333333594 0.9203012956204378
15.250000000000261 0.9943322570490007
15.266666666666929 0.9828620956340954
15.283333333333596 1.0220232442105264
15.300000000000264 0.9883094328358208
15.316666666666931 1.0044428682505397
15.333333333333599 0.9889883894967176
15.350000000000266 1.0258952749039312
15.366666666666934 0.9122977425876009
15.383333333333601 0.9411295766312594
15.400000000000269 0.9432093709627807
15.416666666666936 0.8866865588464535
15.433333333333604 0.9280791964285712
15.450000000000271 0.9539707042140682
15.466666666666939 0.9710528066612508
15.483333333333606 0.9836993920922571
15.500000000000274 0.9600403383458647
15.516666666666941 0.9474447661016949
15.533333333333609 0.9333273899587343
15.550000000000276 0.9548979277864991
15.566666666666944 1.0118527168141591
15.583333333333611 1.0041178588108497
15.600000000000279 1.020182103008204
15.616666666666946 1.017307305699482
15.633333333333614 1.0284482096562089
15.650000000000281 1.0388317903471955
15.666666666666949 1.024726644711352
15.683333333333616 1.012250848908125
15.700000000000284 0.9714905154845154
15.716666666666951 0.8968040956151035
15.733333333333618 1.0063176273458443
15.750000000000286 1.0261857334450963
15.766666666666953 1.042793509369676
15.783333333333621 1.0037004642857144
15.800000000000288 0.9440293168316831
15.816666666666956 0.9727875604026845
15.833333333333623 0.9681448942220199
15.850000000000291 0.8789642539902847
15.866666666666958 0.9456945035294116
15.883333333333626 0.8196280505026328
15.900000000000293 0.9099465672187043
15.916666666666961 0.8241416848364717
15.933333333333628 0.768991051702396
15.950000000000296 0.797432410164271
15.966666666666963 0.81482782858636
15.983333333333631 0.7573648563447726
