10 35.06059339740911
10.016666666666667 33.42915811088295
10.033333333333335 30.119521912350596
10.050000000000002 28.392647633946023
10.06666666666667 28.604832424006254
10.083333333333337 28.765527950310556
10.100000000000005 30.603448275862064
10.116666666666672 30.961688819390158
10.13333333333334 33.836978131212696
10.150000000000007 33.6625839589095
10.166666666666675 34.2947451600158
10.183333333333342 33.502736512900704
10.20000000000001 32.36882716049382
10.216666666666677 31.766055045871553
10.233333333333345 30.285929270127934
10.250000000000012 30.986445783132513
10.26666666666668 29.985119047619026
10.283333333333347 27.682793743179335
10.300000000000015 26.38938687701685
10.316666666666682 28.576615831517785
10.33333333333335 36.61160199769497
10.350000000000017 37.18786016135228
10.366666666666685 38.08240277242973
10.383333333333352 38.340376488666905
10.40000000000002 36.814226258040094
10.416666666666687 37.12235649546829
10.433333333333355 34.83727810650886
10.450000000000022 32.30936031803398
10.46666666666669 31.296891747052523
10.483333333333357 30.169371912491183
10.500000000000025 31.440738112136266
10.516666666666692 32.45457784111151
10.53333333333336 32.71692745376957
10.550000000000027 32.46110325318248
10.566666666666695 29.923980649619903
10.583333333333362 28.981544771018452
10.60000000000003 30.631252155915814
10.616666666666697 34.02679830747532
10.633333333333365 32.5225851285615
10.650000000000032 34.469430780042174
10.6666666666667 37.22758127902822
10.683333333333367 41.743287973519685
10.700000000000035 43.86160714285714
10.716666666666702 40.783744557329456
10.73333333333337 29.302325581395362
10.750000000000037 28.116797900262455
10.766666666666705 27.66373411534703
10.783333333333372 25.278928912974166
10.80000000000004 21.741815935762812
10.816666666666707 20.328667072428484
10.833333333333375 29.227761485826
10.850000000000042 34.48275862068965
10.86666666666671 39.65698284914245
10.883333333333377 39.29690219282979
10.900000000000045 38.46153846153845
10.916666666666712 41.12903225806452
10.93333333333338 35.48170527022491
10.950000000000047 26.896551724137925
10.966666666666715 26.804123711340225
10.983333333333382 27.58620689655174
11.00000000000005 26.6604593420236
11.016666666666717 23.52053140096618
11.033333333333385 23.852657004830938
11.050000000000052 22.812779934308747
11.06666666666672 21.766095688127578
11.083333333333387 21.309069562665094
11.100000000000055 22.96735905044509
11.116666666666722 22.681630242173657
11.13333333333339 21.647677475898323
11.150000000000057 22.088940901111755
11.166666666666725 22.381509654768866
11.183333333333392 22.853794315851175
11.20000000000006 22.36458940011648
11.216666666666727 22.44838615876708
11.233333333333395 21.020934901061075
11.250000000000062 21.307714367651254
11.26666666666673 23.412929528246938
11.283333333333397 23.101449275362317
11.300000000000065 22.615960818208013
11.316666666666732 22.282764554057913
11.3333333333334 24.070847851335653
11.350000000000067 27.41071428571429
11.366666666666735 28.068080023887724
11.383333333333402 22.87675150128682
11.40000000000007 20.723499719573756
11.416666666666737 21.117663577646738
11.433333333333405 22.44261830546898
11.450000000000072 21.915492957746483
11.46666666666674 21.388577827547593
11.483333333333407 22.338028169014084
11.500000000000075 23.614663256607
11.516666666666742 24.9498135933467
11.53333333333341 24.792679439519596
11.550000000000077 23.85945026919808
11.566666666666745 23.853989813242805
11.583333333333412 22.015029223490128
11.60000000000008 22.012229016120074
11.616666666666747 24.005641748942164
11.633333333333415 23.064020128599406
11.650000000000082 22.342492367471543
11.66666666666675 22.305347741756712
11.683333333333417 23.567235113223393
11.700000000000085 24.26284751474305
11.716666666666752 28.43478260869566
11.73333333333342 26.273840022772575
11.750000000000087 24.328107502799547
11.766666666666755 23.19201995012468
11.783333333333422 20.167386609071272
11.80000000000009 19.78494623655914
11.816666666666757 23.068432671081677
11.833333333333425 27.86368843069873
11.850000000000092 28.567318757192176
11.86666666666676 29.27745664739883
11.883333333333427 25.723111485537782
11.900000000000095 21.33766585431899
11.916666666666762 15.325276420673697
11.93333333333343 14.020828041656094
11.950000000000097 13.20564516129033
11.966666666666764 11.369829081000752
11.983333333333432 11.72088403277874
12.0000000000001 11.795381177054878
12.016666666666767 12.316130640737965
12.033333333333434 12.841051314142666
12.050000000000102 13.057644110275671
12.06666666666677 14.340005067139609
12.083333333333437 14.561136478944686
12.100000000000104 14.611872146118715
12.116666666666772 15.276715123692941
12.13333333333344 13.789632611977847
12.150000000000107 12.063413425811259
12.166666666666774 12.699203187251
12.183333333333442 13.940613990941113
12.20000000000011 14.426478019201621
12.216666666666777 15.557255802091305
12.233333333333444 17.318146518250057
12.250000000000112 20.143122183938495
12.26666666666678 20.520999468367904
12.283333333333447 21.74496644295302
12.300000000000114 21.90860215053763
12.316666666666782 20.06352567496029
12.33333333333345 19.557195571955727
12.350000000000117 18.094246290028625
12.366666666666784 17.295760082730087
12.383333333333452 16.33333333333333
12.40000000000012 17.269906928645295
12.416666666666787 19.399842063700966
12.433333333333454 22.132471728594503
12.450000000000122 22.966377440347067
12.46666666666679 22.966377440347067
12.483333333333457 21.359743040685238
12.500000000000124 20.33448367401114
12.516666666666792 19.137749737118824
12.53333333333346 18.74180865006553
12.550000000000127 18.56020942408378
12.566666666666794 18.322007318348156
12.583333333333462 17.833897422546194
12.60000000000013 16.95966907962772
12.616666666666797 16.576437226089197
12.633333333333464 16.524877545759225
12.650000000000132 15.078960774324996
12.683333333333467 18.29619921363042
12.700000000000134 17.877679038159968
12.716666666666802 18.506834910620398
12.73333333333347 18.7401159725883
12.750000000000137 20.02132764596109
12.766666666666804 21.825074465204448
12.783333333333472 22.4128540305011
12.80000000000014 23.20351069665387
12.816666666666807 24.18372993912563
12.833333333333474 23.758278145695364
12.850000000000142 23.273727647867975
12.86666666666681 23.33333333333335
12.883333333333477 23.22314049586777
12.900000000000144 22.774725274725274
12.916666666666812 23.178807947019862
12.93333333333348 21.991247264770237
12.950000000000147 20.96117295682867
12.966666666666814 20.140388768898493
12.983333333333482 20.38992688870837
13.00000000000015 20.032441200324424
13.016666666666817 20.61463149306499
13.033333333333484 20.64270152505446
13.050000000000152 20.835608956854184
13.06666666666682 19.98370893293511
13.083333333333487 18.310991957104573
13.100000000000154 18.15013404825738
13.116666666666822 19.494976920988325
13.13333333333349 20.377978635990154
13.150000000000157 20.576923076923084
13.166666666666824 20.943708609271514
13.183333333333492 20.21978021978022
13.20000000000016 19.008714596949904
13.216666666666827 20.192837465564754
13.233333333333494 21.608040201005032
13.250000000000162 22.85310734463278
13.26666666666683 22.48236953455571
13.283333333333497 22.284908321579685
13.300000000000164 23.171078849985793
13.316666666666832 21.861777150916783
13.3333333333335 20.011132758140825
13.350000000000167 21.239436619718308
13.366666666666834 22.08013640238705
13.383333333333502 22.409363402797606
13.400000000000169 23.130034522439583
13.416666666666837 23.46820809248554
13.433333333333504 23.780487804878064
13.450000000000172 22.763993075591436
13.466666666666839 22.32785940651109
13.483333333333507 20.609165955024206
13.500000000000174 17.87008642319486
13.516666666666842 15.71585298957761
13.533333333333509 17.368274323947578
13.550000000000177 18.672316384180792
13.566666666666844 21.478260869565208
13.583333333333512 25.850135419801397
13.600000000000179 28.40874115112341
13.616666666666847 28.53613341568868
13.633333333333514 27.166921898928038
13.650000000000182 27.721245760098682
13.666666666666849 25.74558734023129
13.683333333333517 22.67857142857142
13.700000000000184 24.312065315996367
13.716666666666852 26.45698427382053
13.733333333333519 28.41444270015698
13.750000000000187 30.653427290198593
13.766666666666854 31.225806451612904
13.783333333333522 31.29449838187703
13.800000000000189 30.93851132686085
13.816666666666857 29.701060752169713
13.833333333333524 27.180783817951962
13.850000000000191 24.712465029530602
13.866666666666859 23.98512550356369
13.883333333333526 23.805090006207333
13.900000000000194 22.822730080296477
13.916666666666861 23.251476530929427
13.933333333333529 22.687771570453144
13.950000000000196 23.11777569509528
13.966666666666864 22.90362953692115
13.983333333333531 22.14597629444789
14.000000000000199 20.129270544783004
14.016666666666866 19.759926131117247
14.033333333333534 20.173535791757068
14.050000000000201 21.350078492935626
14.066666666666869 22.169362511893443
14.083333333333536 23.40083574413371
14.100000000000204 24.019448946515386
14.116666666666871 25.06561679790025
14.133333333333539 26.422628951747107
14.150000000000206 27.95807978363759
14.166666666666874 28.212100611828678
14.183333333333541 28.215626066188996
14.200000000000209 29.37111264685555
14.216666666666876 29.110418830045003
14.233333333333544 28.89351370100589
14.250000000000211 28.630993745656713
14.266666666666879 28.14454482279361
14.283333333333546 28.068340306834024
14.300000000000214 27.136900625434336
14.316666666666881 26.61570535093814
14.333333333333549 24.025974025974016
14.350000000000216 23.767123287671236
14.366666666666884 23.499142367066902
14.383333333333551 23.407917383821015
14.400000000000219 24.00972897845725
14.416666666666886 24.178895877009076
14.433333333333554 23.39609483960949
14.450000000000221 24.00563181978174
14.466666666666889 23.695345557122703
14.483333333333556 23.610619469026556
14.500000000000224 23.297872340425545
14.516666666666891 22.94849023090587
14.533333333333559 21.473906911142468
14.550000000000226 21.166077738515895
14.566666666666894 21.50231399074403
14.583333333333561 21.62549230218403
14.600000000000229 20.757413361914967
14.616666666666896 20.185780635941416
14.633333333333564 19.400855920114115
14.650000000000231 19.006788138620948
14.666666666666899 18.866571018651367
14.683333333333566 18.505210204814944
14.700000000000234 17.682926829268304
14.716666666666901 17.283507006827175
14.733333333333569 18.029807342784448
14.750000000000236 17.6256372906045
14.766666666666904 18.60465116279071
14.783333333333571 19.610778443113766
14.800000000000239 20.607210626185974
14.816666666666906 19.734848484848474
14.833333333333574 20.32146957520093
14.850000000000241 21.350931677018632
14.866666666666909 21.643835616438345
14.883333333333576 21.98105761641675
14.900000000000244 22.527910685805434
14.916666666666911 21.810207336523135
14.933333333333579 20.851571826502198
14.950000000000246 20.905086103324
14.966666666666914 22.240325865580452
14.983333333333581 22.85831960461284
15.000000000000249 23.438800999167338
15.016666666666916 22.954924874791317
15.033333333333584 20.29580936729662
15.050000000000251 19.270192701927016
15.066666666666919 18.04818293180891
15.083333333333586 17.75317753177531
15.100000000000254 17.25554642563679
15.116666666666921 17.245657568238222
15.133333333333589 17.235636969192324
15.150000000000256 17.768421052631574
15.166666666666924 18.558020477815706
15.183333333333591 18.049615055603073
15.200000000000259 18.299525248165722
15.216666666666926 17.733564013840837
15.233333333333594 19.61044710048694
15.250000000000261 19.616584930896117
15.266666666666929 19.8919891989199
15.283333333333596 21.94559704933148
15.300000000000264 22.83575105287786
15.316666666666931 22.866572371522857
15.333333333333599 22.258979206049155
15.350000000000266 21.313799621928176
15.366666666666934 19.232569021993445
15.383333333333601 21.014839636189567
15.400000000000269 19.42857142857142
15.416666666666936 18.24228028503563
15.433333333333604 21.207658321060403
15.450000000000271 23.81193124368047
15.466666666666939 27.239392352016758
15.483333333333606 27.987254381306446
15.500000000000274 25.85571353343863
15.516666666666941 27.28249194414607
15.533333333333609 28.767123287671232
15.550000000000276 29.15742793791575
15.566666666666944 26.57534246575343
15.583333333333611 24.38891906572514
15.600000000000279 23.30255296034763
15.616666666666946 22.61580381471389
15.633333333333614 21.80327868852458
15.650000000000281 21.77508269018743
15.666666666666949 22.085889570552155
15.683333333333616 22.059651097355104
15.700000000000284 21.618562535370685
15.716666666666951 20.897217490062467
15.733333333333618 19.29824561403509
15.750000000000286 18.16638370118846
15.766666666666953 20.653442240373387
15.783333333333621 20.98108747044918
15.800000000000288 21.3046080191502
15.816666666666956 21.636363636363637
15.833333333333623 21.097560975609763
15.850000000000291 17.233154442456772
15.866666666666958 16.457211250748053
15.883333333333626 17.809057527539778
15.900000000000293 18.470149253731336
15.916666666666961 19.228336495888698
15.933333333333628 18.650541056651825
15.950000000000296 19.4300518134715
15.966666666666963 21.035169210351693
15.983333333333631 20.925553319919526
