10 41.39886578449906
10.016666666666667 41.00281162136832
10.033333333333335 42.13245655237202
10.050000000000002 42.596063730084346
10.06666666666667 42.723880597014926
10.083333333333337 42.78422273781904
10.100000000000005 42.51497005988026
10.116666666666672 42.92279411764706
10.13333333333334 43.704044117647044
10.150000000000007 42.9936305732484
10.166666666666675 42.406489409644
10.183333333333342 42.48541947061464
10.20000000000001 42.49999999999999
10.216666666666677 43.214285714285694
10.233333333333345 45.6845910528694
10.250000000000012 46.011716989634984
10.26666666666668 46.074472857783775
10.283333333333347 45.0354609929078
10.300000000000015 45.744680851063855
10.316666666666682 45.378521126760575
10.33333333333335 44.74487570867858
10.350000000000017 44.704861111111136
10.366666666666685 45.35590277777779
10.383333333333352 46.05034722222222
10.40000000000002 46.383715894326514
10.416666666666687 45.520788684097724
10.433333333333355 44.369178662150716
10.450000000000022 41.99834162520731
10.46666666666669 42.99376299376302
10.483333333333357 43.617463617463635
10.500000000000025 43.424317617866
10.516666666666692 44.58281444582816
10.53333333333336 45.58701082431305
10.550000000000027 44.129720853858785
10.566666666666695 43.333333333333314
10.583333333333362 42.68440145102781
10.60000000000003 42.61637239165328
10.616666666666697 43.13804173354735
10.633333333333365 44.62843295638128
10.650000000000032 49.666944213155695
10.6666666666667 47.92947929479294
10.683333333333367 46.10730133118193
10.700000000000035 42.9976396538159
10.716666666666702 41.72494172494172
10.73333333333337 39.30745814307457
10.750000000000037 38.43255463451395
10.766666666666705 38.92238131122833
10.783333333333372 41.65390505359877
10.80000000000004 42.91762894534259
10.816666666666707 42.93937068303915
10.833333333333375 43.50998463901689
10.850000000000042 41.8305597579425
10.86666666666671 40.47796863330842
10.883333333333377 40.34957233172184
10.900000000000045 40.79583488285608
10.916666666666712 43.10474755086661
10.93333333333338 44.70186099506268
10.950000000000047 43.269591301087374
10.966666666666715 43.12920089619118
10.983333333333382 42.002216475803465
11.00000000000005 41.19370194068109
11.016666666666717 43.11621021465582
11.033333333333385 45.8443023693118
11.050000000000052 46.97656840513983
11.06666666666672 46.341463414634156
11.083333333333387 44.174041297935105
11.100000000000055 42.73753185293048
11.116666666666722 42.72232304900183
11.13333333333339 44.184345281638635
11.150000000000057 47.738317757009355
11.166666666666725 47.78067885117491
11.183333333333392 47.329376854599396
11.20000000000006 45.116618075801746
11.216666666666727 43.54548723480762
11.233333333333395 44.16426512968302
11.250000000000062 43.81498745069918
11.26666666666673 42.43712362734679
11.283333333333397 42.604387827317744
11.300000000000065 42.11822660098522
11.316666666666732 44.05693950177934
11.3333333333334 44.63458110516934
11.350000000000067 45.78702043743275
11.366666666666735 44.98220640569395
11.383333333333402 42.862141357592705
11.40000000000007 40.2949245541838
11.416666666666737 39.83628922237381
11.433333333333405 38.596491228070164
11.450000000000072 37.65886287625416
11.46666666666674 38.90198720107782
11.483333333333407 39.40620782726046
11.500000000000075 40.400271370420626
11.516666666666742 41.971927422115726
11.53333333333341 41.43684031324482
11.550000000000077 41.18046132971505
11.566666666666745 41.947565543071164
11.583333333333412 41.8960244648318
11.60000000000008 41.126855600539805
11.616666666666747 38.846536294332125
11.633333333333415 37.618891439816345
11.650000000000082 38.120276043378254
11.66666666666675 41.76490400808355
11.683333333333417 41.966992253283934
11.700000000000085 40.65311562812397
11.716666666666752 40.61876247504992
11.73333333333342 40.818363273453095
11.750000000000087 42.010050251256295
11.766666666666755 42.21105527638193
11.783333333333422 42.235609103078986
11.80000000000009 43.10692669804976
11.816666666666757 42.603748326639895
11.833333333333425 40.65281899109792
11.850000000000092 40.07871433256806
11.86666666666676 40.242702525418174
11.883333333333427 40.88215931533903
11.900000000000095 40.81498521196189
11.916666666666762 40.94643443969767
11.93333333333343 40.14360313315926
11.950000000000097 40.50343249427915
11.966666666666764 40.63419418110493
11.983333333333432 40.99541584806811
12.0000000000001 40.66579634464752
12.016666666666767 40.48859934853421
12.033333333333434 41.86657903384818
12.050000000000102 41.6857986224992
12.06666666666677 43.05095962938451
12.083333333333437 44.185271576141304
12.100000000000104 44.81605351170567
12.116666666666772 44.35188270576476
12.13333333333344 44.211576846307395
12.150000000000107 41.81104936253677
12.166666666666774 39.23644529996791
12.183333333333442 37.405063291139236
12.20000000000011 36.80730478589421
12.216666666666777 36.226888122845516
12.233333333333444 35.356364768129474
12.250000000000112 35.17712865133623
12.26666666666678 36.12761964341572
12.283333333333447 39.65351299326275
12.300000000000114 41.626016260162594
12.316666666666782 41.65853658536586
12.33333333333345 38.8463989802422
12.350000000000117 37.91139240506328
12.366666666666784 35.92142188961647
12.383333333333452 35.9526036794512
12.40000000000012 36.84871311989957
12.416666666666787 37.09525306507387
12.433333333333454 35.0991325898389
12.450000000000122 33.978494623655926
12.46666666666679 31.434599156118143
12.483333333333457 30.373692077727938
12.500000000000124 31.632961062481126
12.516666666666792 33.32314276979516
12.53333333333346 33.742331288343586
12.550000000000127 31.970935513169852
12.566666666666794 31.37432188065101
12.583333333333462 31.54240869302745
12.60000000000013 30.683863227354514
12.616666666666797 31.016847172081842
12.633333333333464 30.79002703514569
12.650000000000132 30.329341317365277
12.6666666666668 30.6999098828477
12.683333333333467 32.55105150868637
12.700000000000134 34.69640644361832
12.716666666666802 35.727670206121196
12.73333333333347 35.665209244222375
12.750000000000137 34.89745183343691
12.766666666666804 34.83530142945929
12.783333333333472 33.0877839165132
12.80000000000014 31.015719467956483
12.816666666666807 29.90401919616076
12.833333333333474 31.27085228996058
12.850000000000142 35.75015693659761
12.86666666666681 35.44343465998121
12.883333333333477 35.064122614951515
12.900000000000144 36.1198738170347
12.916666666666812 37.118320610687014
12.93333333333348 37.02290076335877
12.950000000000147 37.59590792838874
12.966666666666814 37.95316008982996
12.983333333333482 37.34015345268542
13.00000000000015 36.51399491094148
13.016666666666817 33.88507183010619
13.033333333333484 30.5394696738799
13.050000000000152 28.70036101083035
13.06666666666682 29.171704957678354
13.083333333333487 31.121351766513065
13.100000000000154 31.614695893794387
13.116666666666822 31.01538461538461
13.13333333333349 31.10357583230578
13.150000000000157 32.460243217960695
13.166666666666824 32.93638357881544
13.183333333333492 31.839402427637708
13.20000000000016 29.31825129929684
13.216666666666827 28.34143377885783
13.233333333333494 26.51469706058787
13.250000000000162 27.135526712948973
13.26666666666683 29.854893485643725
13.283333333333497 31.588843622688835
13.300000000000164 33.62014021669854
13.316666666666832 34.51156812339331
13.3333333333335 35.68181818181817
13.350000000000167 36.831748114135785
13.366666666666834 37.09677419354839
13.383333333333502 35.92677345537756
13.400000000000169 34.51069345430978
13.416666666666837 32.91626564003849
13.433333333333504 33.11876408110718
13.450000000000172 32.435033686236764
13.466666666666839 31.043256997455472
13.483333333333507 29.921011058451814
13.500000000000174 28.37034720050047
13.516666666666842 27.72061116308076
13.533333333333509 27.838598686268373
13.550000000000177 26.953003423591646
13.566666666666844 27.108057464084972
13.583333333333512 26.423902894491114
13.600000000000179 26.57713928794505
13.616666666666847 26.099158091674454
13.633333333333514 25.19391870927709
13.650000000000182 27.172195892575044
13.666666666666849 31.0704960835509
13.683333333333517 31.67926388432468
13.700000000000184 29.52041477640959
13.716666666666852 27.055449330783937
13.733333333333519 28.001287415513364
13.750000000000187 32.18927024325226
13.766666666666854 33.05312710154673
13.783333333333522 32.227805695142386
13.800000000000189 30.277961614824616
13.816666666666857 29.913964262078093
13.833333333333524 30.05645964795748
13.850000000000191 32.46268656716417
13.866666666666859 34.27586206896551
13.883333333333526 34.907954150746804
13.900000000000194 34.0138408304498
13.916666666666861 32.863041982105976
13.933333333333529 32.03017832647462
13.950000000000196 30.003386386725378
13.966666666666864 27.100631019594832
13.983333333333531 22.190201729106604
14.000000000000199 21.805955811719482
14.016666666666866 22.04699066623753
14.033333333333534 20.22900763358777
14.050000000000201 19.052132701421804
14.066666666666869 20.5004812319538
14.083333333333536 20.502092050209196
14.100000000000204 21.33333333333334
14.116666666666871 23.268147166059002
14.133333333333539 23.698264352469963
14.150000000000206 24.839472794863124
14.166666666666874 26.018486819582353
14.183333333333541 26.701208981001727
14.200000000000209 25.774260151410857
14.216666666666876 24.215552523874493
14.233333333333544 23.10040705563093
14.250000000000211 22.169651909428858
14.266666666666879 22.392116887529742
14.283333333333546 23.468685478320715
14.300000000000214 25.535651563048837
14.316666666666881 26.725978647686823
14.333333333333549 25.51309271054493
14.350000000000216 24.532957349312646
14.366666666666884 24.52229299363056
14.383333333333551 25.17857142857142
14.400000000000219 26.586869785999266
14.416666666666886 26.308139534883733
14.433333333333554 25.991991263196216
14.450000000000221 26.96132596685083
14.466666666666889 27.158206743238246
14.483333333333556 26.088560885608853
14.500000000000224 24.56975466861957
14.516666666666891 24.247982391782834
14.533333333333559 24.935161170804005
14.550000000000226 25.354742345033603
14.566666666666894 24.79462285287528
14.583333333333561 25.736961451247172
14.600000000000229 25.369178341537292
14.616666666666896 25.037936267071323
14.633333333333564 23.215627347858756
14.650000000000231 22.10998877665544
14.666666666666899 24.007633587786252
14.683333333333566 24.155145929339476
14.700000000000234 24.064789818742778
14.716666666666901 22.926267281105986
14.733333333333569 21.805661820964033
14.750000000000236 20.685714285714287
14.766666666666904 19.575113808801213
14.783333333333571 19.428571428571434
14.800000000000239 19.319051262433053
14.816666666666906 17.94676806083651
14.833333333333574 16.849678152215066
14.850000000000241 17.857142857142865
14.866666666666909 17.70150404936367
14.883333333333576 17.272024729520858
14.900000000000244 18.81889763779528
14.916666666666911 19.13457721317983
14.933333333333579 19.45556445156123
14.950000000000246 20.316301703163006
14.966666666666914 20.367346938775505
14.983333333333581 19.381107491856685
15.000000000000249 19.22290388548057
15.016666666666916 20.058019063406547
15.033333333333584 20.611646418098022
15.050000000000251 20.708561788274988
15.066666666666919 20.5084745762712
15.083333333333586 21.07969151670952
15.100000000000254 21.716514954486335
15.116666666666921 22.58347978910369
15.133333333333589 22.384105960264883
15.150000000000256 22.128603104212875
15.166666666666924 21.65406847487771
15.183333333333591 21.12299465240641
15.200000000000259 21.78619756427604
15.216666666666926 22.1311475409836
15.233333333333594 21.82067703568161
15.250000000000261 21.889400921658986
15.266666666666929 21.63038443723949
15.283333333333596 21.077065923862577
15.300000000000264 19.58429561200925
15.316666666666931 17.889908256880727
15.333333333333599 18.202871699861067
15.350000000000266 20.27540360873694
15.366666666666934 19.65730604474061
15.383333333333601 19.664268585131882
15.400000000000269 18.752997601918462
15.416666666666936 19.040697674418603
15.433333333333604 20.932539682539677
15.450000000000271 25.207039337474125
15.466666666666939 26.31578947368421
15.483333333333606 26.716338477913784
15.500000000000274 24.315789473684216
15.516666666666941 23.31578947368421
15.533333333333609 24.02562733582488
15.550000000000276 23.340471092077085
15.566666666666944 23.71413102328101
15.583333333333611 21.5780998389694
15.600000000000279 21.93268186753528
15.616666666666946 23.790994997220686
15.633333333333614 23.780145821648922
15.650000000000281 24.177071509648112
15.666666666666949 23.041997729852433
15.683333333333616 21.20699379582627
15.700000000000284 21.172453044963
15.716666666666951 20.376712328767123
15.733333333333618 19.702176403207318
15.750000000000286 21.123464014043297
15.766666666666953 21.86571598336304
15.783333333333621 22.644927536231886
15.800000000000288 22.174969623329275
15.816666666666956 22.584615384615397
15.833333333333623 23.79158819836785
15.850000000000291 25.854287556415215
15.866666666666958 25.048543689320397
15.883333333333626 24.625407166123775
15.900000000000293 23.806409417920214
15.916666666666961 23.304805793285063
15.933333333333628 23.286759813705935
15.950000000000296 23.335574983187616
15.966666666666963 24.16153319644079
15.983333333333631 24.152249134948097
