10 70.84645304686052
10.016666666666667 70.0145825738243
10.033333333333335 74.87483775264232
10.050000000000002 73.80605176813708
10.06666666666667 75.10901162790697
10.083333333333337 67.10120068610637
10.100000000000005 60.08779060315396
10.116666666666672 59.522282782943265
10.13333333333334 57.43348982785602
10.150000000000007 53.82286146858441
10.166666666666675 53.29448677722993
10.183333333333342 52.16434336023477
10.20000000000001 52.06971677559915
10.216666666666677 50.733722752528855
10.233333333333345 50.78356628547226
10.250000000000012 43.57950765136395
10.26666666666668 37.0500880946388
10.283333333333347 33.05915084069191
10.300000000000015 32.799426249103526
10.316666666666682 30.091679238714182
10.33333333333335 31.551423590935496
10.350000000000017 31.460803499481976
10.366666666666685 32.194450814033466
10.383333333333352 32.46013667425967
10.40000000000002 32.222097083004854
10.416666666666687 34.5913379561214
10.433333333333355 39.03120633442013
10.450000000000022 44.936252104883316
10.46666666666669 48.130101108539414
10.483333333333357 48.0855175745863
10.500000000000025 44.917340837143854
10.516666666666692 42.59576901086336
10.53333333333336 45.385149201943115
10.550000000000027 49.35753860662501
10.566666666666695 56.34940053829216
10.583333333333362 61.38328530259364
10.60000000000003 62.273579013116795
10.616666666666697 61.64485058039021
10.633333333333365 65.99546941857537
10.650000000000032 72.30211167249647
10.6666666666667 75.18629886259642
10.683333333333367 83.92370572207084
10.700000000000035 87.66386090796192
10.716666666666702 60.40276314248918
10.73333333333337 49.734359752791924
10.750000000000037 45.654450261780106
10.766666666666705 38.42505681256794
10.783333333333372 33.91585145787823
10.80000000000004 30.179684635130172
10.816666666666707 31.46531924666973
10.833333333333375 32.81105990783411
10.850000000000042 34.80847898847154
10.86666666666671 34.71120132865841
10.883333333333377 32.289416846652266
10.900000000000045 31.602347501333796
10.916666666666712 34.56845910528695
10.93333333333338 37.27106227106227
10.950000000000047 45.487851908985725
10.966666666666715 50.93964402903448
10.983333333333382 52.29741851888766
11.00000000000005 41.20349104271934
11.016666666666717 33.45994475138121
11.033333333333385 32.25669358266042
11.050000000000052 33.02167445813854
11.06666666666672 35.00771472655581
11.083333333333387 39.04494382022474
11.100000000000055 45.87912087912087
11.116666666666722 47.17501148369316
11.13333333333339 48.47926267281106
11.150000000000057 58.24948715443978
11.166666666666725 63.306249373056474
11.183333333333392 53.860604922036444
11.20000000000006 59.6972931017755
11.216666666666727 57.799389778794826
11.233333333333395 63.747293839795304
11.250000000000062 65.87301587301586
11.26666666666673 67.44742350244195
11.283333333333397 74.73618870266915
11.300000000000065 83.75744450460203
11.316666666666732 103.21620011911854
11.3333333333334 110.74634206319931
11.350000000000067 113.88647372997141
11.366666666666735 114.40079315900357
11.383333333333402 107.44807830031037
11.40000000000007 119.07151819322463
11.416666666666737 120.73999496602063
11.433333333333405 92.7539404553415
11.450000000000072 77.1302693501552
11.46666666666674 80.99409248319412
11.483333333333407 52.16649607642444
11.500000000000075 36.6687004270897
11.516666666666742 23.829845814977983
11.53333333333341 19.239403142743956
11.550000000000077 18.195449507790592
11.566666666666745 17.71554233232003
11.583333333333412 18.75203119922003
11.60000000000008 17.42108969844421
11.616666666666747 15.757042253521146
11.633333333333415 16.710875331564974
11.650000000000082 17.90892902569322
11.66666666666675 15.950155763239865
11.683333333333417 13.640513725728903
11.700000000000085 15.774508591914937
11.716666666666752 15.97333662510802
11.73333333333342 13.827026374554883
11.750000000000087 14.959290314740553
11.766666666666755 17.27632229362332
11.783333333333422 12.0
11.80000000000009 10.756741084372289
11.816666666666757 10.298352724340518
11.833333333333425 11.091834374277123
11.850000000000092 15.30862719271986
11.86666666666676 14.590747330960859
11.883333333333427 13.721804511278192
11.900000000000095 15.423476968796434
11.916666666666762 12.863022433482127
11.93333333333343 11.123761812592509
11.950000000000097 10.897036323454426
11.966666666666764 12.590382187535877
11.983333333333432 14.156311694344433
12.0000000000001 12.939287966519524
12.016666666666767 15.146921641791046
12.033333333333434 15.06482935054363
12.050000000000102 16.863992460387575
12.06666666666677 14.661437305340868
12.083333333333437 19.03623101757743
12.100000000000104 29.880270692347725
12.116666666666772 34.83070281937137
12.13333333333344 42.26862703316997
12.150000000000107 41.42695995487874
12.166666666666774 31.587561374795424
12.183333333333442 28.291780909264805
12.20000000000011 21.65670470325425
12.216666666666777 22.067714631197102
12.233333333333444 18.529808312327805
12.250000000000112 12.738002449615863
12.26666666666678 15.220726095108237
12.283333333333447 17.215905811738903
12.300000000000114 20.452660267804237
12.316666666666782 23.88195923334348
12.33333333333345 26.60744238056781
12.350000000000117 20.996441281138782
12.366666666666784 18.08928984501504
12.383333333333452 20.896670018335602
12.40000000000012 26.64809656453111
12.416666666666787 28.79884225759769
12.433333333333454 32.031703073651656
12.450000000000122 40.105198442516574
12.46666666666679 37.53101320995104
12.483333333333457 42.22376169033599
12.500000000000124 37.46486414134654
12.516666666666792 35.571975194616705
12.53333333333346 34.396653157275466
12.550000000000127 39.40092165898618
12.566666666666794 43.8360953779456
12.583333333333462 45.9885081932326
12.60000000000013 48.63498483316482
12.616666666666797 53.69112487870418
12.633333333333464 57.175572519083964
12.650000000000132 50.16044340723455
12.6666666666668 48.2041315770532
12.683333333333467 49.0193240211334
12.700000000000134 45.390321441186856
12.716666666666802 45.093062605752976
12.73333333333347 42.038392487225515
12.750000000000137 38.798920377867745
12.766666666666804 34.59901800327333
12.783333333333472 31.671685782020894
12.80000000000014 27.51427861931959
12.816666666666807 24.16838030724569
12.833333333333474 25.550930460333003
12.850000000000142 29.607384459758475
12.86666666666681 32.031703073651656
12.883333333333477 37.47481531229012
12.900000000000144 46.2176462176462
12.916666666666812 45.94942134590657
12.93333333333348 45.0902373170385
12.950000000000147 43.75352509870277
12.966666666666814 42.20888020106114
12.983333333333482 38.56734304780063
13.00000000000015 35.109988702066865
13.016666666666817 27.640845070422554
13.033333333333484 20.0971679108899
13.050000000000152 16.519937856033152
13.06666666666682 16.347315725876054
13.083333333333487 17.11816230639829
13.100000000000154 19.840609016295943
13.116666666666822 22.60069465602339
13.13333333333349 22.979921645445636
13.150000000000157 22.73506366307542
13.166666666666824 23.033431661750235
13.183333333333492 20.463041119016033
13.20000000000016 20.572948144566674
13.216666666666827 22.0125015320505
13.233333333333494 22.775580820563505
13.250000000000162 25.928748333015815
13.26666666666683 25.891038696537674
13.283333333333497 23.707463808986656
13.300000000000164 22.3830527427471
13.316666666666832 15.744831242268955
13.3333333333335 15.016724370635526
13.350000000000167 14.62728551336147
13.366666666666834 15.55318644870884
13.383333333333502 16.792701956547837
13.400000000000169 20.934579439252328
13.416666666666837 25.722825027613553
13.433333333333504 19.89811766167609
13.450000000000172 14.013266998341635
13.466666666666839 12.090606573647035
13.483333333333507 12.047769582016151
13.500000000000174 13.476864517663843
13.516666666666842 12.132461257439159
13.533333333333509 15.179113539769274
13.550000000000177 13.253877942145285
13.566666666666844 13.071660064818163
13.583333333333512 13.542926239419591
13.600000000000179 15.420186201368766
13.616666666666847 18.83522365235122
13.633333333333514 19.788646175655657
13.650000000000182 18.15341452528215
13.666666666666849 17.22867847844033
13.683333333333517 9.909156108056427
13.700000000000184 8.007777974191262
13.716666666666852 8.904395538856084
13.733333333333519 10.604402286270224
13.750000000000187 12.045510759337125
13.766666666666854 9.713104789691219
13.783333333333522 6.507823613086765
13.800000000000189 7.243424600083872
13.816666666666857 7.628193513317632
13.833333333333524 8.542775025989103
13.850000000000191 9.737920755185693
13.866666666666859 10.866141732283456
13.883333333333526 10.445691231166867
13.900000000000194 11.701786972394805
13.916666666666861 13.649754500818336
13.933333333333529 13.43048444269398
13.950000000000196 14.750817265995057
13.966666666666864 14.752999530799652
13.983333333333531 14.97975708502024
14.000000000000199 16.47883452446399
14.016666666666866 15.516296904957537
14.033333333333534 16.081305309734518
14.050000000000201 16.068946344175703
14.066666666666869 15.041185021111652
14.083333333333536 13.686382393397526
14.100000000000204 13.708673398810351
14.116666666666871 14.511836391651507
14.133333333333539 14.941716707877076
14.150000000000206 13.321193444460016
14.166666666666874 14.568499003132992
14.183333333333541 15.165910890376454
14.200000000000209 14.419273642574602
14.216666666666876 14.88743645606392
14.233333333333544 13.534594828831436
14.250000000000211 14.421669106881403
14.266666666666879 15.714179271291261
14.283333333333546 17.054322297143727
14.300000000000214 17.17557251908396
14.316666666666881 17.484024944183545
14.333333333333549 18.576456785295285
14.350000000000216 19.50832672482158
14.366666666666884 19.875080076873793
14.383333333333551 20.258794985847153
14.400000000000219 21.06815203145478
14.416666666666886 20.367333551984267
14.433333333333554 19.312602291325707
14.450000000000221 19.412831931387107
14.466666666666889 18.35390946502059
14.483333333333556 19.308212883281815
14.500000000000224 20.40417763437209
14.516666666666891 22.840690978886762
14.533333333333559 24.057147927943923
14.550000000000226 23.553498308705727
14.566666666666894 22.022491809085274
14.583333333333561 20.454345337677204
14.600000000000229 20.507587186085726
14.616666666666896 21.179431859043508
14.633333333333564 20.45045045045046
14.650000000000231 19.927699954812486
14.666666666666899 18.64864864864866
14.683333333333566 16.095221176052597
14.700000000000234 14.761356592579464
14.716666666666901 15.068002863278448
14.733333333333569 14.706939949658382
14.750000000000236 13.963963963963964
14.766666666666904 14.018351957845008
14.783333333333571 12.538447620770759
14.800000000000239 10.070466506110066
14.816666666666906 8.501019413172592
14.833333333333574 6.478230337078662
14.850000000000241 5.498553012365165
14.866666666666909 4.314343222193055
14.883333333333576 4.186866460996037
14.900000000000244 3.317451914593259
14.916666666666911 4.481641468682504
14.933333333333579 2.258580828739108
14.950000000000246 2.4350795219696324
14.966666666666914 2.134973765152887
14.983333333333581 2.472527472527467
15.000000000000249 0.7730786721236831
15.016666666666916 0.39316083020938086
15.033333333333584 0.8348794063079759
15.050000000000251 0.9466679163932993
15.066666666666919 0.4617849401564455
15.083333333333586 -0.5836942195443378
15.100000000000254 -0.6937185213342283
15.116666666666921 -0.9853630536688063
15.133333333333589 1.5873015873015914
15.150000000000256 4.7087980173482125
15.166666666666924 8.000430709594063
15.183333333333591 10.64422648238966
15.200000000000259 14.380530973451327
15.216666666666926 18.97649363369246
15.233333333333594 14.835164835164834
15.250000000000261 9.788756781715342
15.266666666666929 7.717851826405583
15.283333333333596 4.106523441870865
15.300000000000264 4.783599088838264
15.316666666666931 5.926874708896131
15.333333333333599 6.7022538552787685
15.350000000000266 5.769002022124412
15.366666666666934 3.692343989618978
15.383333333333601 -0.9124087591240821
15.400000000000269 0.7509093042355998
15.416666666666936 2.2782063645130046
15.433333333333604 5.658475110270944
15.450000000000271 3.796516727227153
15.466666666666939 0.25728987993139163
15.483333333333606 -0.7612031921424133
15.500000000000274 -3.224633288883496
15.516666666666941 -4.424778761061948
15.533333333333609 -4.618965939720652
15.550000000000276 -3.1253938248267294
15.566666666666944 -4.155614500442088
15.583333333333611 -6.619296933433053
15.600000000000279 -8.241280873774366
15.616666666666946 -7.843880257673369
15.633333333333614 -7.763259031514232
15.650000000000281 -7.89576040451186
15.666666666666949 -8.380180415740618
15.683333333333616 -7.937142096151295
15.700000000000284 -7.263329706202391
15.716666666666951 -6.533222129552418
15.733333333333618 -5.527852970508631
15.750000000000286 -5.861175115207379
15.766666666666953 -5.67832577198889
15.783333333333621 -5.164949992536187
15.800000000000288 -4.543375514560141
15.816666666666956 -3.6088111232619897
15.833333333333623 -4.343036978756882
15.850000000000291 -5.147291732657591
15.866666666666958 -6.215228103640117
15.883333333333626 -7.629947544110622
15.900000000000293 -8.255851234369983
15.916666666666961 -9.419707442533362
15.933333333333628 -10.472809423914791
15.950000000000296 -11.114727420667203
15.966666666666963 -9.601479737682864
15.983333333333631 -7.483825843678964
