10.0  0.09445
10.0167  0.09534
10.0333  0.09622
10.05  0.09711
10.0667  0.09795
10.0833  0.09886
10.1  0.09977
10.1167  0.1006
10.1333  0.1015
10.15  0.1024
10.1667  0.1033
10.1833  0.1042
10.2  0.1051
10.2167  0.1059
10.2333  0.1068
10.25  0.1077
10.2667  0.1086
10.2833  0.1095
10.3  0.1103
10.3167  0.1112
10.3333  0.1121
10.35  0.1129
10.3667  0.1138
10.3833  0.1147
10.4  0.1155
10.4167  0.1164
10.4333  0.1172
10.45  0.1181
10.4667  0.1189
10.4833  0.1198
10.5  0.1206
10.5167  0.1215
10.5333  0.1223
10.55  0.1231
10.5667  0.124
10.5833  0.1248
10.6  0.1256
10.6167  0.1265
10.6333  0.1273
10.65  0.1281
10.6667  0.1289
10.6833  0.1297
10.7  0.1305
10.7167  0.1313
10.7333  0.1321
10.75  0.1329
10.7667  0.1337
10.7833  0.1344
10.8  0.1352
10.8167  0.136
10.8333  0.1367
10.85  0.1375
10.8667  0.1382
10.8833  0.1389
10.9  0.1397
10.9167  0.1405
10.9333  0.1412
10.95  0.1418
10.9667  0.1426
10.9833  0.1434
11.0  0.1433
11.0167  0.144
11.0333  0.1447
11.05  0.1454
11.0667  0.1461
11.0833  0.1467
11.1  0.1473
11.1167  0.1481
11.1333  0.1487
11.15  0.1493
11.1667  0.15
11.1833  0.1506
11.2  0.1512
11.2167  0.1519
11.2333  0.1524
11.25  0.1531
11.2667  0.1536
11.2833  0.1542
11.3  0.1548
11.3167  0.1554
11.3333  0.156
11.35  0.1565
11.3667  0.1571
11.3833  0.1575
11.4  0.1581
11.4167  0.1586
11.4333  0.1592
11.45  0.1597
11.4667  0.1602
11.4833  0.1606
11.5  0.1611
11.5167  0.1616
11.5333  0.1621
11.55  0.1625
11.5667  0.163
11.5833  0.1634
11.6  0.1638
11.6167  0.1643
11.6333  0.1647
11.65  0.165
11.6667  0.1655
11.6833  0.1658
11.7  0.1662
11.7167  0.1666
11.7333  0.1669
11.75  0.1673
11.7667  0.1675
11.7833  0.1679
11.8  0.1683
11.8167  0.1686
11.8333  0.1689
11.85  0.1692
11.8667  0.1694
11.8833  0.1697
11.9  0.1699
11.9167  0.1702
11.9333  0.1705
11.95  0.1706
11.9667  0.1709
11.9833  0.1711
12.0  0.1881
12.0167  0.1883
12.0333  0.1885
12.05  0.1887
12.0667  0.1888
12.0833  0.1889
12.1  0.1892
12.1167  0.1893
12.1333  0.1894
12.15  0.1895
12.1667  0.1897
12.1833  0.1898
12.2  0.1898
12.2167  0.1899
12.2333  0.19
12.25  0.19
12.2667  0.1901
12.2833  0.1901
12.3  0.1901
12.3167  0.1901
12.3333  0.1901
12.35  0.1901
12.3667  0.1901
12.3833  0.1901
12.4  0.19
12.4167  0.19
12.4333  0.1899
12.45  0.1898
12.4667  0.1897
12.4833  0.1896
12.5  0.1895
12.5167  0.1894
12.5333  0.1892
12.55  0.1891
12.5667  0.1888
12.5833  0.1888
12.6  0.1886
12.6167  0.1884
12.6333  0.1882
12.65  0.188
12.6667  0.1877
12.6833  0.1876
12.7  0.1872
12.7167  0.1871
12.7333  0.1868
12.75  0.1865
12.7667  0.1862
12.7833  0.186
12.8  0.1857
12.8167  0.1853
12.8333  0.185
12.85  0.1847
12.8667  0.1843
12.8833  0.1839
12.9  0.1836
12.9167  0.1831
12.9333  0.1828
12.95  0.1825
12.9667  0.182
12.9833  0.1816
13.0  0.1813
13.0167  0.1809
13.0333  0.1805
13.05  0.18
13.0667  0.1795
13.0833  0.1791
13.1  0.1786
13.1167  0.1781
13.1333  0.1776
13.15  0.177
13.1667  0.1765
13.1833  0.176
13.2  0.1755
13.2167  0.1749
13.2333  0.1744
13.25  0.1738
13.2667  0.1732
13.2833  0.1726
13.3  0.172
13.3167  0.1714
13.3333  0.1708
13.35  0.1702
13.3667  0.1696
13.3833  0.1689
13.4  0.1683
13.4167  0.1676
13.4333  0.167
13.45  0.1663
13.4667  0.1656
13.4833  0.1649
13.5  0.1642
13.5167  0.1636
13.5333  0.1628
13.55  0.1621
13.5667  0.1614
13.5833  0.1607
13.6  0.1599
13.6167  0.1592
13.6333  0.1584
13.65  0.1577
13.6667  0.1569
13.6833  0.1561
13.7  0.1554
13.7167  0.1546
13.7333  0.1538
13.75  0.153
13.7667  0.1522
13.7833  0.1514
13.8  0.1505
13.8167  0.1498
13.8333  0.1488
13.85  0.1481
13.8667  0.1473
13.8833  0.1464
13.9  0.1456
13.9167  0.1447
13.9333  0.1439
13.95  0.143
13.9667  0.1422
13.9833  0.1413
14.0  0.1369
14.0167  0.136
14.0333  0.1352
14.05  0.1343
14.0667  0.1334
14.0833  0.1326
14.1  0.1317
14.1167  0.1308
14.1333  0.1299
14.15  0.129
14.1667  0.1281
14.1833  0.1272
14.2  0.1263
14.2167  0.1254
14.2333  0.1245
14.25  0.1236
14.2667  0.1227
14.2833  0.1218
14.3  0.1208
14.3167  0.1199
14.3333  0.119
14.35  0.1181
14.3667  0.1171
14.3833  0.1162
14.4  0.1152
14.4167  0.1143
14.4333  0.1134
14.45  0.1125
14.4667  0.1115
14.4833  0.1106
14.5  0.1097
14.5167  0.1087
14.5333  0.1078
14.55  0.1068
14.5667  0.1059
14.5833  0.1049
14.6  0.104
14.6167  0.1031
14.6333  0.1021
14.65  0.1011
14.6667  0.1002
14.6833  0.09926
14.7  0.09832
14.7167  0.0974
14.7333  0.09646
14.75  0.09552
14.7667  0.09458
14.7833  0.09363
14.8  0.09271
14.8167  0.09176
14.8333  0.09083
14.85  0.0899
14.8667  0.08896
14.8833  0.08803
14.9  0.08711
14.9167  0.08618
14.9333  0.08525
14.95  0.08433
14.9667  0.0834
14.9833  0.08249
15.0  0.07996
15.0167  0.07906
15.0333  0.07817
15.05  0.07727
15.0667  0.07638
15.0833  0.07549
15.1  0.07461
15.1167  0.07373
15.1333  0.07285
15.15  0.07197
15.1667  0.0711
15.1833  0.07023
15.2  0.06937
15.2167  0.0685
15.2333  0.06765
15.25  0.06679
15.2667  0.06594
15.2833  0.06509
15.3  0.06425
15.3167  0.06341
15.3333  0.06257
15.35  0.06174
15.3667  0.06092
15.3833  0.0601
15.4  0.05928
15.4167  0.05847
15.4333  0.05766
15.45  0.05686
15.4667  0.05606
15.4833  0.05526
15.5  0.05448
15.5167  0.05369
15.5333  0.05291
15.55  0.05214
15.5667  0.05137
15.5833  0.05061
15.6  0.04985
15.6167  0.04909
15.6333  0.04835
15.65  0.04761
15.6667  0.04687
15.6833  0.04614
15.7  0.04541
15.7167  0.04469
15.7333  0.04398
15.75  0.04327
15.7667  0.04257
15.7833  0.04188
15.8  0.04118
15.8167  0.0405
15.8333  0.03982
15.85  0.03915
15.8667  0.03848
15.8833  0.03782
15.9  0.03717
15.9167  0.03652
15.9333  0.03588
15.95  0.03525
15.9667  0.03462
15.9833  0.034
16.0  0.02977
16.0167  0.02922
16.0333  0.02869
16.05  0.02815
16.0667  0.02763
16.0833  0.02711
16.1  0.02659
16.1167  0.02608
16.1333  0.02558
16.15  0.02508
16.1667  0.02459
16.1833  0.0241
16.2  0.02362
16.2167  0.02315
16.2333  0.02268
16.25  0.02222
16.2667  0.02176
16.2833  0.02131
16.3  0.02087
16.3167  0.02043
16.3333  0.02
16.35  0.01957
16.3667  0.01915
16.3833  0.01873
16.4  0.01832
16.4167  0.01792
16.4333  0.01752
16.45  0.01713
16.4667  0.01674
16.4833  0.01636
16.5  0.01598
16.5167  0.01561
16.5333  0.01525
16.55  0.01489
16.5667  0.01454
16.5833  0.01419
16.6  0.01385
16.6167  0.01351
16.6333  0.01318
16.65  0.01285
16.6667  0.01253
16.6833  0.01222
16.7  0.0119
16.7167  0.0116
16.7333  0.0113
16.75  0.011
16.7667  0.01071
16.7833  0.01043
16.8  0.01015
16.8167  0.009876
16.8333  0.009606
16.85  0.009341
16.8667  0.009081
16.8833  0.008826
16.9  0.008576
16.9167  0.00833
16.9333  0.008088
16.95  0.007852
16.9667  0.00762
16.9833  0.007392
17.0  0.008707
17.0167  0.008437
17.0333  0.008173
17.05  0.007915
17.0667  0.007662
17.0833  0.007414
17.1  0.007172
17.1167  0.006934
17.1333  0.006702
17.15  0.006475
17.1667  0.006253
17.1833  0.006036
17.2  0.005824
17.2167  0.005616
17.2333  0.005413
17.25  0.005215
17.2667  0.005022
17.2833  0.004833
17.3  0.004648
17.3167  0.004468
17.3333  0.004293
17.35  0.004121
17.3667  0.003954
17.3833  0.003791
17.4  0.003632
17.4167  0.003477
17.4333  0.003326
17.45  0.003179
17.4667  0.003036
17.4833  0.002897
17.5  0.002761
17.5167  0.002629
17.5333  0.002501
17.55  0.002377
17.5667  0.002255
17.5833  0.002138
17.6  0.002024
17.6167  0.001913
17.6333  0.001806
17.65  0.001702
17.6667  0.001601
17.6833  0.001503
17.7  0.001409
17.7167  0.001318
17.7333  0.001231
17.75  0.001146
17.7667  0.001065
17.7833  0.0009865
17.8  0.0009116
17.8167  0.0008399
17.8333  0.0007714
17.85  0.0007062
17.8667  0.0006443
17.8833  0.0005861
17.9  0.0005318
17.9167  0.0004738
17.9333  0.0004177
17.95  0.0003711
17.9667  0.0003324
17.9833  0.000295
