4.0 0.0
4.0167 0.0
4.0333 0.0
4.05 0.0
4.0667 0.0
4.0833 0.0
4.1 0.0
4.1167 0.0
4.1333 0.0
4.15 0.0
4.1667 0.0
4.1833 0.0
4.2 0.0
4.2167 0.0
4.2333 0.0
4.25 0.0
4.2667 0.0
4.2833 0.0
4.3 0.0
4.3167 0.0
4.3333 0.0
4.35 0.0
4.3667 0.0
4.3833 0.0
4.4 0.0
4.4167 0.0
4.4333 0.0
4.45 0.0
4.4667 0.0
4.4833 0.0
4.5 0.0
4.5167 0.0
4.5333 0.0
4.55 0.0
4.5667 0.0
4.5833 0.0
4.6 0.0
4.6167 0.0
4.6333 0.0
4.65 0.0
4.6667 0.0
4.6833 0.0
4.7 0.0
4.7167 0.0
4.7333 0.0
4.75 0.0
4.7667 0.0
4.7833 0.0
4.8 0.0
4.8167 0.0
4.8333 0.0
4.85 0.0
4.8667 0.0
4.8833 0.0
4.9 0.0
4.9167 0.0
4.9333 0.0
4.95 0.0
4.9667 0.0
4.9833 0.0
5.0 0.0
5.0167 0.0
5.0333 0.0
5.05 0.0
5.0667 0.0
5.0833 0.0
5.1 0.0
5.1167 0.0
5.1333 0.0
5.15 0.0
5.1667 0.0
5.1833 0.0
5.2 0.0
5.2167 0.0
5.2333 0.0
5.25 0.0
5.2667 0.0
5.2833 0.0
5.3 0.0
5.3167 0.0
5.3333 0.0
5.35 0.0
5.3667 0.0
5.3833 0.0
5.4 0.0
5.4167 0.0
5.4333 0.0
5.45 0.0
5.4667 0.0
5.4833 0.0
5.5 0.0
5.5167 0.0
5.5333 0.0
5.55 0.0
5.5667 0.0
5.5833 0.0
5.6 0.0
5.6167 0.0
5.6333 0.0
5.65 0.0
5.6667 0.0
5.6833 0.0
5.7 0.0
5.7167 0.0
5.7333 0.0
5.75 0.0
5.7667 0.0
5.7833 0.0
5.8 0.0
5.8167 0.0
5.8333 0.0
5.85 0.0
5.8667 0.0
5.8833 0.0
5.9 0.0
5.9167 0.0
5.9333 0.0
5.95 0.0
5.9667 0.0
5.9833 0.0
6.0 0.0
6.0167 0.0
6.0333 0.0
6.05 0.0
6.0667 0.0
6.0833 0.0
6.1 0.0
6.1167 0.0
6.1333 0.0
6.15 0.0
6.1667 0.0
6.1833 0.0
6.2 0.0
6.2167 0.0
6.2333 0.0
6.25 0.0
6.2667 0.0
6.2833 0.0
6.3 0.0
6.3167 0.0
6.3333 0.0
6.35 0.0
6.3667 0.0
6.3833 0.0
6.4 0.0
6.4167 0.0
6.4333 0.0
6.45 0.0
6.4667 0.0
6.4833 0.0
6.5 2.117e-18
6.5167 6.595e-14
6.5333 4.656e-11
6.55 6.502e-09
6.5667 3.891e-07
6.5833 8.311e-06
6.6 4.187e-05
6.6167 0.0001096
6.6333 0.0002159
6.65 0.0003675
6.6667 0.000581
6.6833 0.0008817
6.7 0.001296
6.7167 0.001824
6.7333 0.002575
6.75 0.003491
6.7667 0.004779
6.7833 0.006298
6.8 0.008232
6.8167 0.0107
6.8333 0.01382
6.85 0.01777
6.8667 0.02281
6.8833 0.02849
6.9 0.03596
6.9167 0.04487
6.9333 0.056
6.95 0.06841
6.9667 0.08362
6.9833 0.1019
7.0 0.1227
7.0167 0.1456
7.0333 0.1717
7.05 0.2024
7.0667 0.2399
7.0833 0.2694
7.1 0.3169
7.1167 0.3517
7.1333 0.3935
7.15 0.4437
7.1667 0.5039
7.1833 0.5647
7.2 0.621
7.2167 0.6808
7.2333 0.7438
7.25 0.8096
7.2667 0.878
7.2833 0.9489
7.3 1.022
7.3167 1.098
7.3333 1.175
7.35 1.255
7.3667 1.336
7.3833 1.42
7.4 1.505
7.4167 1.592
7.4333 1.681
7.45 1.771
7.4667 1.863
7.4833 1.956
7.5 2.051
7.5167 2.148
7.5333 2.246
7.55 2.345
7.5667 2.446
7.5833 2.549
7.6 2.652
7.6167 2.758
7.6333 2.864
7.65 2.972
7.6667 3.081
7.6833 3.192
7.7 3.304
7.7167 3.418
7.7333 3.533
7.75 3.649
7.7667 3.766
7.7833 3.885
7.8 4.006
7.8167 4.128
7.8333 4.25
7.85 4.375
7.8667 4.501
7.8833 4.628
7.9 4.757
7.9167 4.887
7.9333 5.018
7.95 5.151
7.9667 5.285
7.9833 5.42
8.0 5.557
8.0167 5.695
8.0333 5.834
8.05 5.975
8.0667 6.117
8.0833 6.26
8.1 6.404
8.1167 6.55
8.1333 6.697
8.15 6.845
8.1667 6.994
8.1833 7.145
8.2 7.297
8.2167 7.449
8.2333 7.603
8.25 7.759
8.2667 7.915
8.2833 8.072
8.3 8.23
8.3167 8.39
8.3333 8.55
8.35 8.712
8.3667 8.874
8.3833 9.038
8.4 9.202
8.4167 9.367
8.4333 9.533
8.45 9.7
8.4667 9.868
8.4833 10.04
8.5 10.21
8.5167 10.38
8.5333 10.55
8.55 10.72
8.5667 10.89
8.5833 11.07
8.6 11.24
8.6167 11.41
8.6333 11.59
8.65 11.77
8.6667 11.94
8.6833 12.12
8.7 12.3
8.7167 12.48
8.7333 12.66
8.75 12.84
8.7667 13.01
8.7833 13.2
8.8 13.38
8.8167 13.56
8.8333 13.74
8.85 13.92
8.8667 14.1
8.8833 14.29
8.9 14.47
8.9167 14.65
8.9333 14.84
8.95 15.02
8.9667 15.21
8.9833 15.39
9.0 15.58
9.0167 15.76
9.0333 15.95
9.05 16.13
9.0667 16.32
9.0833 16.5
9.1 16.69
9.1167 16.87
9.1333 17.06
9.15 17.25
9.1667 17.43
9.1833 17.62
9.2 17.8
9.2167 17.99
9.2333 18.18
9.25 18.36
9.2667 18.55
9.2833 18.73
9.3 18.92
9.3167 19.11
9.3333 19.29
9.35 19.48
9.3667 19.66
9.3833 19.85
9.4 20.03
9.4167 20.22
9.4333 20.4
9.45 20.59
9.4667 20.77
9.4833 20.96
9.5 21.14
9.5167 21.32
9.5333 21.51
9.55 21.69
9.5667 21.87
9.5833 22.05
9.6 22.24
9.6167 22.42
9.6333 22.6
9.65 22.78
9.6667 22.96
9.6833 23.14
9.7 23.32
9.7167 23.5
9.7333 23.68
9.75 23.86
9.7667 24.03
9.7833 24.21
9.8 24.39
9.8167 24.57
9.8333 24.74
9.85 24.92
9.8667 25.09
9.8833 25.27
9.9 25.44
9.9167 25.61
9.9333 25.79
9.95 25.96
9.9667 26.13
9.9833 26.3
10.0 26.47
10.0167 26.64
10.0333 26.81
10.05 26.98
10.0667 27.15
10.0833 27.31
10.1 27.48
10.1167 27.64
10.1333 27.81
10.15 27.97
10.1667 28.14
10.1833 28.3
10.2 28.46
10.2167 28.62
10.2333 28.78
10.25 28.94
10.2667 29.1
10.2833 29.26
10.3 29.42
10.3167 29.58
10.3333 29.73
10.35 29.89
10.3667 30.04
10.3833 30.2
10.4 30.35
10.4167 30.5
10.4333 30.65
10.45 30.8
10.4667 30.95
10.4833 31.1
10.5 31.25
10.5167 31.39
10.5333 31.54
10.55 31.68
10.5667 31.83
10.5833 31.97
10.6 32.11
10.6167 32.25
10.6333 32.39
10.65 32.53
10.6667 32.67
10.6833 32.81
10.7 32.95
10.7167 33.08
10.7333 33.22
10.75 33.35
10.7667 33.48
10.7833 33.61
10.8 33.74
10.8167 33.87
10.8333 34.0
10.85 34.13
10.8667 34.26
10.8833 34.38
10.9 34.51
10.9167 34.63
10.9333 34.75
10.95 34.87
10.9667 34.99
10.9833 35.11
11.0 35.23
11.0167 35.35
11.0333 35.46
11.05 35.58
11.0667 35.69
11.0833 35.81
11.1 35.92
11.1167 36.03
11.1333 36.14
11.15 36.25
11.1667 36.35
11.1833 36.46
11.2 36.56
11.2167 36.67
11.2333 36.77
11.25 36.87
11.2667 36.97
11.2833 37.07
11.3 37.17
11.3167 37.27
11.3333 37.36
11.35 37.46
11.3667 37.55
11.3833 37.64
11.4 37.73
11.4167 37.82
11.4333 37.91
11.45 38.0
11.4667 38.09
11.4833 38.17
11.5 38.26
11.5167 38.34
11.5333 38.42
11.55 38.5
11.5667 38.58
11.5833 38.66
11.6 38.73
11.6167 38.81
11.6333 38.88
11.65 38.96
11.6667 39.03
11.6833 39.1
11.7 39.17
11.7167 39.24
11.7333 39.3
11.75 39.37
11.7667 39.43
11.7833 39.5
11.8 39.56
11.8167 39.62
11.8333 39.68
11.85 39.74
11.8667 39.79
11.8833 39.85
11.9 39.9
11.9167 39.96
11.9333 40.01
11.95 40.06
11.9667 40.11
11.9833 40.16
12.0 40.2
12.0167 40.25
12.0333 40.29
12.05 40.34
12.0667 40.38
12.0833 40.42
12.1 40.46
12.1167 40.49
12.1333 40.53
12.15 40.57
12.1667 40.6
12.1833 40.63
12.2 40.66
12.2167 40.69
12.2333 40.72
12.25 40.75
12.2667 40.77
12.2833 40.8
12.3 40.82
12.3167 40.85
12.3333 40.87
12.35 40.89
12.3667 40.9
12.3833 40.92
12.4 40.94
12.4167 40.95
12.4333 40.96
12.45 40.98
12.4667 40.99
12.4833 40.99
12.5 41.0
12.5167 41.01
12.5333 41.01
12.55 41.02
12.5667 41.02
12.5833 41.02
12.6 41.02
12.6167 41.02
12.6333 41.02
12.65 41.01
12.6667 41.01
12.6833 41.0
12.7 40.99
12.7167 40.98
12.7333 40.97
12.75 40.96
12.7667 40.95
12.7833 40.93
12.8 40.92
12.8167 40.9
12.8333 40.88
12.85 40.86
12.8667 40.84
12.8833 40.82
12.9 40.8
12.9167 40.77
12.9333 40.74
12.95 40.72
12.9667 40.69
12.9833 40.66
13.0 40.63
13.0167 40.59
13.0333 40.56
13.05 40.52
13.0667 40.49
13.0833 40.45
13.1 40.41
13.1167 40.37
13.1333 40.33
13.15 40.29
13.1667 40.24
13.1833 40.2
13.2 40.15
13.2167 40.1
13.2333 40.05
13.25 40.0
13.2667 39.95
13.2833 39.9
13.3 39.84
13.3167 39.79
13.3333 39.73
13.35 39.67
13.3667 39.61
13.3833 39.55
13.4 39.49
13.4167 39.42
13.4333 39.36
13.45 39.29
13.4667 39.23
13.4833 39.16
13.5 39.09
13.5167 39.02
13.5333 38.95
13.55 38.87
13.5667 38.8
13.5833 38.72
13.6 38.65
13.6167 38.57
13.6333 38.49
13.65 38.41
13.6667 38.33
13.6833 38.24
13.7 38.16
13.7167 38.07
13.7333 37.99
13.75 37.9
13.7667 37.81
13.7833 37.72
13.8 37.63
13.8167 37.54
13.8333 37.44
13.85 37.35
13.8667 37.25
13.8833 37.15
13.9 37.06
13.9167 36.96
13.9333 36.86
13.95 36.76
13.9667 36.65
13.9833 36.55
14.0 36.44
14.0167 36.34
14.0333 36.23
14.05 36.12
14.0667 36.01
14.0833 35.9
14.1 35.79
14.1167 35.68
14.1333 35.56
14.15 35.45
14.1667 35.33
14.1833 35.21
14.2 35.1
14.2167 34.98
14.2333 34.86
14.25 34.73
14.2667 34.61
14.2833 34.49
14.3 34.36
14.3167 34.24
14.3333 34.11
14.35 33.98
14.3667 33.85
14.3833 33.72
14.4 33.59
14.4167 33.46
14.4333 33.33
14.45 33.2
14.4667 33.06
14.4833 32.93
14.5 32.79
14.5167 32.65
14.5333 32.51
14.55 32.37
14.5667 32.23
14.5833 32.09
14.6 31.95
14.6167 31.81
14.6333 31.66
14.65 31.52
14.6667 31.37
14.6833 31.22
14.7 31.08
14.7167 30.93
14.7333 30.78
14.75 30.63
14.7667 30.48
14.7833 30.32
14.8 30.17
14.8167 30.02
14.8333 29.86
14.85 29.71
14.8667 29.55
14.8833 29.4
14.9 29.24
14.9167 29.08
14.9333 28.92
14.95 28.76
14.9667 28.6
14.9833 28.44
15.0 28.28
15.0167 28.11
15.0333 27.95
15.05 27.78
15.0667 27.62
15.0833 27.45
15.1 27.29
15.1167 27.12
15.1333 26.95
15.15 26.78
15.1667 26.61
15.1833 26.44
15.2 26.27
15.2167 26.1
15.2333 25.93
15.25 25.76
15.2667 25.59
15.2833 25.41
15.3 25.24
15.3167 25.06
15.3333 24.89
15.35 24.71
15.3667 24.54
15.3833 24.36
15.4 24.18
15.4167 24.01
15.4333 23.83
15.45 23.65
15.4667 23.47
15.4833 23.29
15.5 23.11
15.5167 22.93
15.5333 22.75
15.55 22.57
15.5667 22.39
15.5833 22.21
15.6 22.03
15.6167 21.84
15.6333 21.66
15.65 21.48
15.6667 21.3
15.6833 21.11
15.7 20.93
15.7167 20.74
15.7333 20.56
15.75 20.37
15.7667 20.19
15.7833 20.0
15.8 19.82
15.8167 19.63
15.8333 19.45
15.85 19.26
15.8667 19.08
15.8833 18.89
15.9 18.71
15.9167 18.52
15.9333 18.33
15.95 18.15
15.9667 17.96
15.9833 17.78
16.0 17.59
16.0167 17.4
16.0333 17.22
16.05 17.03
16.0667 16.84
16.0833 16.66
16.1 16.47
16.1167 16.29
16.1333 16.1
16.15 15.92
16.1667 15.73
16.1833 15.55
16.2 15.36
16.2167 15.18
16.2333 14.99
16.25 14.81
16.2667 14.63
16.2833 14.44
16.3 14.26
16.3167 14.08
16.3333 13.89
16.35 13.71
16.3667 13.53
16.3833 13.35
16.4 13.17
16.4167 12.99
16.4333 12.81
16.45 12.63
16.4667 12.45
16.4833 12.27
16.5 12.09
16.5167 11.92
16.5333 11.74
16.55 11.56
16.5667 11.39
16.5833 11.21
16.6 11.04
16.6167 10.87
16.6333 10.69
16.65 10.52
16.6667 10.35
16.6833 10.18
16.7 10.01
16.7167 9.842
16.7333 9.674
16.75 9.507
16.7667 9.341
16.7833 9.176
16.8 9.012
16.8167 8.848
16.8333 8.686
16.85 8.525
16.8667 8.365
16.8833 8.205
16.9 8.047
16.9167 7.89
16.9333 7.734
16.95 7.579
16.9667 7.425
16.9833 7.272
17.0 7.121
17.0167 6.971
17.0333 6.822
17.05 6.674
17.0667 6.527
17.0833 6.381
17.1 6.237
17.1167 6.094
17.1333 5.953
17.15 5.812
17.1667 5.673
17.1833 5.535
17.2 5.399
17.2167 5.264
17.2333 5.13
17.25 4.997
17.2667 4.866
17.2833 4.736
17.3 4.608
17.3167 4.481
17.3333 4.355
17.35 4.231
17.3667 4.108
17.3833 3.986
17.4 3.866
17.4167 3.748
17.4333 3.63
17.45 3.514
17.4667 3.399
17.4833 3.286
17.5 3.174
17.5167 3.064
17.5333 2.955
17.55 2.847
17.5667 2.741
17.5833 2.636
17.6 2.532
17.6167 2.43
17.6333 2.329
17.65 2.23
17.6667 2.132
17.6833 2.036
17.7 1.941
17.7167 1.848
17.7333 1.756
17.75 1.666
17.7667 1.578
17.7833 1.491
17.8 1.406
17.8167 1.323
17.8333 1.242
17.85 1.163
17.8667 1.085
17.8833 1.01
17.9 0.9374
17.9167 0.8668
17.9333 0.7988
17.95 0.7334
17.9667 0.671
17.9833 0.6117
18.0 0.556
18.0167 0.4934
18.0333 0.4349
18.05 0.3863
18.0667 0.3457
18.0833 0.3118
18.1 0.264
18.1167 0.2314
18.1333 0.1984
18.15 0.1675
18.1667 0.1413
18.1833 0.1184
18.2 0.09826
18.2167 0.08096
18.2333 0.0665
18.25 0.05462
18.2667 0.04315
18.2833 0.03498
18.3 0.02744
18.3167 0.02166
18.3333 0.01726
18.35 0.01339
18.3667 0.01035
18.3833 0.007968
18.4 0.005996
18.4167 0.004485
18.4333 0.003349
18.45 0.002417
18.4667 0.001741
18.4833 0.001204
18.5 0.0008178
18.5167 0.0005412
18.5333 0.0003407
18.55 0.0001951
18.5667 9.386e-05
18.5833 3.304e-05
18.6 6.213e-06
18.6167 1.885e-07
18.6333 3.448e-09
18.65 1.639e-11
18.6667 1.908e-14
18.6833 1.144e-19
18.7 0.0
18.7167 0.0
18.7333 0.0
18.75 0.0
18.7667 0.0
18.7833 0.0
18.8 0.0
18.8167 0.0
18.8333 0.0
18.85 0.0
18.8667 0.0
18.8833 0.0
18.9 0.0
18.9167 0.0
18.9333 0.0
18.95 0.0
18.9667 0.0
18.9833 0.0
