4.0 0.0
4.0167 0.0
4.0333 0.0
4.05 0.0
4.0667 0.0
4.0833 0.0
4.1 0.0
4.1167 0.0
4.1333 0.0
4.15 0.0
4.1667 0.0
4.1833 0.0
4.2 0.0
4.2167 0.0
4.2333 0.0
4.25 0.0
4.2667 0.0
4.2833 0.0
4.3 0.0
4.3167 0.0
4.3333 0.0
4.35 0.0
4.3667 0.0
4.3833 0.0
4.4 0.0
4.4167 0.0
4.4333 0.0
4.45 0.0
4.4667 0.0
4.4833 0.0
4.5 0.0
4.5167 0.0
4.5333 0.0
4.55 0.0
4.5667 0.0
4.5833 0.0
4.6 0.0
4.6167 0.0
4.6333 0.0
4.65 0.0
4.6667 0.0
4.6833 0.0
4.7 0.0
4.7167 0.0
4.7333 0.0
4.75 0.0
4.7667 0.0
4.7833 0.0
4.8 0.0
4.8167 0.0
4.8333 0.0
4.85 0.0
4.8667 0.0
4.8833 0.0
4.9 0.0
4.9167 0.0
4.9333 0.0
4.95 0.0
4.9667 0.0
4.9833 0.0
5.0 0.0
5.0167 0.0
5.0333 0.0
5.05 0.0
5.0667 0.0
5.0833 0.0
5.1 0.0
5.1167 0.0
5.1333 0.0
5.15 0.0
5.1667 0.0
5.1833 0.0
5.2 0.0
5.2167 0.0
5.2333 0.0
5.25 0.0
5.2667 0.0
5.2833 0.0
5.3 0.0
5.3167 0.0
5.3333 0.0
5.35 0.0
5.3667 0.0
5.3833 0.0
5.4 0.0
5.4167 0.0
5.4333 0.0
5.45 0.0
5.4667 0.0
5.4833 0.0
5.5 0.0
5.5167 0.0
5.5333 0.0
5.55 0.0
5.5667 0.0
5.5833 0.0
5.6 0.0
5.6167 0.0
5.6333 0.0
5.65 0.0
5.6667 0.0
5.6833 0.0
5.7 0.0
5.7167 0.0
5.7333 0.0
5.75 0.0
5.7667 0.0
5.7833 0.0
5.8 0.0
5.8167 0.0
5.8333 0.0
5.85 0.0
5.8667 0.0
5.8833 0.0
5.9 0.0
5.9167 0.0
5.9333 0.0
5.95 0.0
5.9667 0.0
5.9833 0.0
6.0 0.0
6.0167 0.0
6.0333 0.0
6.05 0.0
6.0667 0.0
6.0833 0.0
6.1 0.0
6.1167 0.0
6.1333 0.0
6.15 0.0
6.1667 0.0
6.1833 0.0
6.2 0.0
6.2167 0.0
6.2333 0.0
6.25 0.0
6.2667 0.0
6.2833 0.0
6.3 0.0
6.3167 0.0
6.3333 2.073e-20
6.35 1.553e-16
6.3667 1.036e-13
6.3833 1.467e-11
6.4 1.121e-09
6.4167 1.118e-08
6.4333 4.275e-08
6.45 1.065e-07
6.4667 2.21e-07
6.4833 4.082e-07
6.5 7.292e-07
6.5167 1.252e-06
6.5333 2.045e-06
6.55 3.099e-06
6.5667 4.511e-06
6.5833 6.446e-06
6.6 8.754e-06
6.6167 1.177e-05
6.6333 1.567e-05
6.65 2.059e-05
6.6667 2.646e-05
6.6833 3.36e-05
6.7 4.249e-05
6.7167 5.373e-05
6.7333 6.539e-05
6.75 8.08e-05
6.7667 9.799e-05
6.7833 0.0001172
6.8 0.0001396
6.8167 0.0001653
6.8333 0.0001951
6.85 0.0002274
6.8667 0.0002591
6.8833 0.0003039
6.9 0.000339
6.9167 0.0003813
6.9333 0.0004326
6.95 0.0004949
6.9667 0.0005496
6.9833 0.0006075
7.0 0.0006696
7.0167 0.0007354
7.0333 0.0008045
7.05 0.0008773
7.0667 0.0009535
7.0833 0.001033
7.1 0.001116
7.1167 0.001203
7.1333 0.001293
7.15 0.001386
7.1667 0.001483
7.1833 0.001584
7.2 0.001688
7.2167 0.001795
7.2333 0.001907
7.25 0.002021
7.2667 0.00214
7.2833 0.002263
7.3 0.002389
7.3167 0.002519
7.3333 0.002653
7.35 0.00279
7.3667 0.002933
7.3833 0.003079
7.4 0.003229
7.4167 0.003384
7.4333 0.003543
7.45 0.003706
7.4667 0.003874
7.4833 0.004047
7.5 0.004224
7.5167 0.004406
7.5333 0.004592
7.55 0.004784
7.5667 0.004981
7.5833 0.005182
7.6 0.005389
7.6167 0.005601
7.6333 0.005818
7.65 0.006041
7.6667 0.006269
7.6833 0.006503
7.7 0.006742
7.7167 0.006987
7.7333 0.007238
7.75 0.007495
7.7667 0.007758
7.7833 0.008026
7.8 0.008301
7.8167 0.008582
7.8333 0.00887
7.85 0.009163
7.8667 0.009463
7.8833 0.009769
7.9 0.01008
7.9167 0.0104
7.9333 0.01073
7.95 0.01106
7.9667 0.0114
7.9833 0.01175
8.0 0.0121
8.0167 0.01247
8.0333 0.01283
8.05 0.01321
8.0667 0.01359
8.0833 0.01398
8.1 0.01438
8.1167 0.01479
8.1333 0.0152
8.15 0.01562
8.1667 0.01605
8.1833 0.01648
8.2 0.01693
8.2167 0.01738
8.2333 0.01784
8.25 0.0183
8.2667 0.01878
8.2833 0.01926
8.3 0.01975
8.3167 0.02025
8.3333 0.02076
8.35 0.02128
8.3667 0.0218
8.3833 0.02233
8.4 0.02287
8.4167 0.02342
8.4333 0.02398
8.45 0.02454
8.4667 0.02512
8.4833 0.0257
8.5 0.02629
8.5167 0.02689
8.5333 0.0275
8.55 0.02811
8.5667 0.02874
8.5833 0.02937
8.6 0.03001
8.6167 0.03066
8.6333 0.03132
8.65 0.03199
8.6667 0.03266
8.6833 0.03335
8.7 0.03404
8.7167 0.03474
8.7333 0.03545
8.75 0.03617
8.7667 0.0369
8.7833 0.03763
8.8 0.03838
8.8167 0.03913
8.8333 0.03989
8.85 0.04066
8.8667 0.04144
8.8833 0.04223
8.9 0.04302
8.9167 0.04382
8.9333 0.04463
8.95 0.04545
8.9667 0.04628
8.9833 0.04712
9.0 0.04796
9.0167 0.04882
9.0333 0.04968
9.05 0.05055
9.0667 0.05142
9.0833 0.05231
9.1 0.0532
9.1167 0.0541
9.1333 0.05501
9.15 0.05593
9.1667 0.05685
9.1833 0.05778
9.2 0.05872
9.2167 0.05967
9.2333 0.06062
9.25 0.06158
9.2667 0.06255
9.2833 0.06353
9.3 0.06451
9.3167 0.0655
9.3333 0.0665
9.35 0.06751
9.3667 0.06852
9.3833 0.06954
9.4 0.07056
9.4167 0.07159
9.4333 0.07263
9.45 0.07368
9.4667 0.07473
9.4833 0.07579
9.5 0.07685
9.5167 0.07792
9.5333 0.079
9.55 0.08008
9.5667 0.08117
9.5833 0.08226
9.6 0.08336
9.6167 0.08446
9.6333 0.08557
9.65 0.08669
9.6667 0.08782
9.6833 0.08894
9.7 0.09006
9.7167 0.09121
9.7333 0.09236
9.75 0.0935
9.7667 0.09465
9.7833 0.09581
9.8 0.09697
9.8167 0.09814
9.8333 0.09931
9.85 0.1005
9.8667 0.1016
9.8833 0.1028
9.9 0.104
9.9167 0.1052
9.9333 0.1064
9.95 0.1076
9.9667 0.1088
9.9833 0.11
10.0 0.1112
10.0167 0.1124
10.0333 0.1136
10.05 0.1148
10.0667 0.116
10.0833 0.1173
10.1 0.1185
10.1167 0.1197
10.1333 0.1209
10.15 0.122
10.1667 0.1234
10.1833 0.1246
10.2 0.1258
10.2167 0.1271
10.2333 0.1283
10.25 0.1295
10.2667 0.1308
10.2833 0.132
10.3 0.1333
10.3167 0.1345
10.3333 0.1357
10.35 0.137
10.3667 0.1382
10.3833 0.1394
10.4 0.1407
10.4167 0.1419
10.4333 0.1432
10.45 0.1443
10.4667 0.1456
10.4833 0.1469
10.5 0.1481
10.5167 0.1493
10.5333 0.1505
10.55 0.1518
10.5667 0.153
10.5833 0.1543
10.6 0.1554
10.6167 0.1567
10.6333 0.1579
10.65 0.1592
10.6667 0.1603
10.6833 0.1616
10.7 0.1628
10.7167 0.1639
10.7333 0.1652
10.75 0.1664
10.7667 0.1676
10.7833 0.1688
10.8 0.17
10.8167 0.1712
10.8333 0.1724
10.85 0.1735
10.8667 0.1747
10.8833 0.1759
10.9 0.1771
10.9167 0.1783
10.9333 0.1794
10.95 0.1806
10.9667 0.1817
10.9833 0.1829
11.0 0.184
11.0167 0.1852
11.0333 0.1863
11.05 0.1874
11.0667 0.1885
11.0833 0.1896
11.1 0.1908
11.1167 0.1918
11.1333 0.1929
11.15 0.194
11.1667 0.1951
11.1833 0.1962
11.2 0.1973
11.2167 0.1983
11.2333 0.1994
11.25 0.2004
11.2667 0.2015
11.2833 0.2025
11.3 0.2035
11.3167 0.2046
11.3333 0.2056
11.35 0.2066
11.3667 0.2076
11.3833 0.2086
11.4 0.2096
11.4167 0.2105
11.4333 0.2115
11.45 0.2124
11.4667 0.2134
11.4833 0.2143
11.5 0.2153
11.5167 0.2162
11.5333 0.217
11.55 0.218
11.5667 0.2188
11.5833 0.2198
11.6 0.2206
11.6167 0.2215
11.6333 0.2223
11.65 0.2232
11.6667 0.224
11.6833 0.2249
11.7 0.2257
11.7167 0.2265
11.7333 0.2273
11.75 0.2281
11.7667 0.2288
11.7833 0.2296
11.8 0.2304
11.8167 0.2311
11.8333 0.2317
11.85 0.2326
11.8667 0.2333
11.8833 0.234
11.9 0.2347
11.9167 0.2353
11.9333 0.236
11.95 0.2366
11.9667 0.2373
11.9833 0.2379
12.0 0.2385
12.0167 0.2391
12.0333 0.2397
12.05 0.2403
12.0667 0.2409
12.0833 0.2415
12.1 0.242
12.1167 0.2425
12.1333 0.2427
12.15 0.2436
12.1667 0.2441
12.1833 0.2446
12.2 0.245
12.2167 0.2454
12.2333 0.2459
12.25 0.2464
12.2667 0.2468
12.2833 0.2472
12.3 0.2476
12.3167 0.248
12.3333 0.2484
12.35 0.2487
12.3667 0.2491
12.3833 0.2494
12.4 0.2497
12.4167 0.25
12.4333 0.2503
12.45 0.2506
12.4667 0.2509
12.4833 0.2511
12.5 0.2514
12.5167 0.2516
12.5333 0.2518
12.55 0.252
12.5667 0.2522
12.5833 0.2524
12.6 0.2525
12.6167 0.2527
12.6333 0.2528
12.65 0.253
12.6667 0.2531
12.6833 0.2532
12.7 0.2532
12.7167 0.2533
12.7333 0.2534
12.75 0.2534
12.7667 0.2534
12.7833 0.2535
12.8 0.2535
12.8167 0.2535
12.8333 0.2534
12.85 0.2534
12.8667 0.2533
12.8833 0.2533
12.9 0.2532
12.9167 0.2531
12.9333 0.253
12.95 0.2529
12.9667 0.2527
12.9833 0.2526
13.0 0.2524
13.0167 0.2523
13.0333 0.2521
13.05 0.2519
13.0667 0.2516
13.0833 0.2514
13.1 0.2512
13.1167 0.2509
13.1333 0.2507
13.15 0.2504
13.1667 0.2501
13.1833 0.2498
13.2 0.2495
13.2167 0.2491
13.2333 0.2488
13.25 0.2484
13.2667 0.2481
13.2833 0.2477
13.3 0.2473
13.3167 0.2469
13.3333 0.2464
13.35 0.246
13.3667 0.2456
13.3833 0.245
13.4 0.2446
13.4167 0.2442
13.4333 0.2436
13.45 0.243
13.4667 0.2426
13.4833 0.2421
13.5 0.2415
13.5167 0.241
13.5333 0.2404
13.55 0.2398
13.5667 0.2392
13.5833 0.2386
13.6 0.238
13.6167 0.2374
13.6333 0.2367
13.65 0.2361
13.6667 0.2354
13.6833 0.2348
13.7 0.2341
13.7167 0.2334
13.7333 0.2327
13.75 0.2319
13.7667 0.2312
13.7833 0.2305
13.8 0.2297
13.8167 0.229
13.8333 0.2282
13.85 0.2274
13.8667 0.2266
13.8833 0.2258
13.9 0.225
13.9167 0.2241
13.9333 0.2233
13.95 0.2225
13.9667 0.2216
13.9833 0.2208
14.0 0.2198
14.0167 0.2189
14.0333 0.2181
14.05 0.2172
14.0667 0.2163
14.0833 0.2154
14.1 0.2145
14.1167 0.2136
14.1333 0.2126
14.15 0.2116
14.1667 0.2107
14.1833 0.2097
14.2 0.2087
14.2167 0.2078
14.2333 0.2068
14.25 0.2058
14.2667 0.2047
14.2833 0.2037
14.3 0.2027
14.3167 0.2017
14.3333 0.2006
14.35 0.1996
14.3667 0.1985
14.3833 0.1975
14.4 0.1964
14.4167 0.1953
14.4333 0.1942
14.45 0.1931
14.4667 0.192
14.4833 0.1909
14.5 0.1897
14.5167 0.1887
14.5333 0.1876
14.55 0.1865
14.5667 0.1853
14.5833 0.1842
14.6 0.1831
14.6167 0.1819
14.6333 0.1808
14.65 0.1796
14.6667 0.1785
14.6833 0.1773
14.7 0.1761
14.7167 0.175
14.7333 0.1738
14.75 0.1725
14.7667 0.1714
14.7833 0.1702
14.8 0.169
14.8167 0.1678
14.8333 0.1666
14.85 0.1653
14.8667 0.1642
14.8833 0.163
14.9 0.1618
14.9167 0.1606
14.9333 0.1593
14.95 0.1581
14.9667 0.1569
14.9833 0.1557
15.0 0.1545
15.0167 0.1532
15.0333 0.152
15.05 0.1508
15.0667 0.1496
15.0833 0.1482
15.1 0.1471
15.1167 0.1458
15.1333 0.1446
15.15 0.1434
15.1667 0.1421
15.1833 0.1409
15.2 0.1397
15.2167 0.1384
15.2333 0.1372
15.25 0.1359
15.2667 0.1346
15.2833 0.1335
15.3 0.1322
15.3167 0.131
15.3333 0.1298
15.35 0.1285
15.3667 0.1273
15.3833 0.1261
15.4 0.1248
15.4167 0.1236
15.4333 0.1224
15.45 0.1211
15.4667 0.1199
15.4833 0.1187
15.5 0.1174
15.5167 0.1163
15.5333 0.115
15.55 0.1138
15.5667 0.1126
15.5833 0.1114
15.6 0.1102
15.6167 0.109
15.6333 0.1078
15.65 0.1066
15.6667 0.1054
15.6833 0.1042
15.7 0.103
15.7167 0.1018
15.7333 0.1007
15.75 0.09951
15.7667 0.09833
15.7833 0.09716
15.8 0.09601
15.8167 0.09486
15.8333 0.09371
15.85 0.09255
15.8667 0.09138
15.8833 0.09027
15.9 0.08915
15.9167 0.08802
15.9333 0.08689
15.95 0.08578
15.9667 0.08467
15.9833 0.08355
16.0 0.08246
16.0167 0.08136
16.0333 0.08028
16.05 0.07919
16.0667 0.07811
16.0833 0.07704
16.1 0.07598
16.1167 0.07492
16.1333 0.07387
16.15 0.07282
16.1667 0.07178
16.1833 0.07075
16.2 0.06972
16.2167 0.0687
16.2333 0.06769
16.25 0.06668
16.2667 0.06568
16.2833 0.06469
16.3 0.06371
16.3167 0.06273
16.3333 0.06176
16.35 0.06079
16.3667 0.05984
16.3833 0.05889
16.4 0.05795
16.4167 0.05702
16.4333 0.05609
16.45 0.05517
16.4667 0.05427
16.4833 0.05336
16.5 0.05247
16.5167 0.05158
16.5333 0.0507
16.55 0.04984
16.5667 0.04897
16.5833 0.04812
16.6 0.04727
16.6167 0.04644
16.6333 0.04561
16.65 0.04479
16.6667 0.04397
16.6833 0.04317
16.7 0.04237
16.7167 0.04158
16.7333 0.0408
16.75 0.04003
16.7667 0.03927
16.7833 0.03852
16.8 0.03777
16.8167 0.03703
16.8333 0.03631
16.85 0.03559
16.8667 0.03487
16.8833 0.03417
16.9 0.03348
16.9167 0.03279
16.9333 0.03211
16.95 0.03144
16.9667 0.03078
16.9833 0.03013
17.0 0.02949
17.0167 0.02886
17.0333 0.02823
17.05 0.02761
17.0667 0.027
17.0833 0.0264
17.1 0.02581
17.1167 0.02523
17.1333 0.02465
17.15 0.02408
17.1667 0.02353
17.1833 0.02298
17.2 0.02243
17.2167 0.0219
17.2333 0.02138
17.25 0.02086
17.2667 0.02035
17.2833 0.01985
17.3 0.01936
17.3167 0.01887
17.3333 0.0184
17.35 0.01793
17.3667 0.01747
17.3833 0.01701
17.4 0.01657
17.4167 0.01613
17.4333 0.0157
17.45 0.01528
17.4667 0.01487
17.4833 0.01446
17.5 0.01406
17.5167 0.01367
17.5333 0.01328
17.55 0.01291
17.5667 0.01254
17.5833 0.01217
17.6 0.01182
17.6167 0.01147
17.6333 0.01113
17.65 0.01079
17.6667 0.01047
17.6833 0.01015
17.7 0.009831
17.7167 0.009523
17.7333 0.009222
17.75 0.008927
17.7667 0.008639
17.7833 0.008356
17.8 0.00808
17.8167 0.00781
17.8333 0.007547
17.85 0.007289
17.8667 0.007037
17.8833 0.006791
17.9 0.00655
17.9167 0.006316
17.9333 0.006086
17.95 0.005863
17.9667 0.005645
17.9833 0.005432
18.0 0.005224
18.0167 0.005021
18.0333 0.004824
18.05 0.004631
18.0667 0.004444
18.0833 0.004261
18.1 0.004083
18.1167 0.003909
18.1333 0.00374
18.15 0.003576
18.1667 0.003416
18.1833 0.003261
18.2 0.003109
18.2167 0.002962
18.2333 0.00282
18.25 0.002681
18.2667 0.002546
18.2833 0.002415
18.3 0.002288
18.3167 0.002165
18.3333 0.002046
18.35 0.00193
18.3667 0.001818
18.3833 0.00171
18.4 0.001605
18.4167 0.001504
18.4333 0.001407
18.45 0.001312
18.4667 0.001222
18.4833 0.001134
18.5 0.001051
18.5167 0.0009703
18.5333 0.0008934
18.55 0.0008199
18.5667 0.0007498
18.5833 0.0006834
18.6 0.0006206
18.6167 0.0005619
18.6333 0.0005073
18.65 0.0004451
18.6667 0.0003916
18.6833 0.0003474
18.7 0.000311
18.7167 0.0002668
18.7333 0.0002362
18.75 0.0002005
18.7667 0.0001705
18.7833 0.0001444
18.8 0.0001214
18.8167 0.0001013
18.8333 8.431e-05
18.85 6.864e-05
18.8667 5.569e-05
18.8833 4.461e-05
18.9 3.589e-05
18.9167 2.804e-05
18.9333 2.174e-05
18.95 1.669e-05
18.9667 1.268e-05
18.9833 9.436e-06
