4.0 0.0
4.0167 0.0
4.0333 0.0
4.05 0.0
4.0667 0.0
4.0833 0.0
4.1 0.0
4.1167 0.0
4.1333 0.0
4.15 0.0
4.1667 0.0
4.1833 0.0
4.2 0.0
4.2167 0.0
4.2333 0.0
4.25 0.0
4.2667 0.0
4.2833 0.0
4.3 0.0
4.3167 0.0
4.3333 0.0
4.35 0.0
4.3667 0.0
4.3833 0.0
4.4 0.0
4.4167 0.0
4.4333 0.0
4.45 0.0
4.4667 0.0
4.4833 0.0
4.5 0.0
4.5167 0.0
4.5333 0.0
4.55 0.0
4.5667 0.0
4.5833 0.0
4.6 0.0
4.6167 0.0
4.6333 0.0
4.65 0.0
4.6667 0.0
4.6833 0.0
4.7 0.0
4.7167 0.0
4.7333 0.0
4.75 0.0
4.7667 0.0
4.7833 0.0
4.8 0.0
4.8167 0.0
4.8333 0.0
4.85 0.0
4.8667 0.0
4.8833 0.0
4.9 0.0
4.9167 0.0
4.9333 0.0
4.95 0.0
4.9667 0.0
4.9833 0.0
5.0 0.0
5.0167 0.0
5.0333 0.0
5.05 0.0
5.0667 0.0
5.0833 0.0
5.1 0.0
5.1167 0.0
5.1333 0.0
5.15 0.0
5.1667 0.0
5.1833 0.0
5.2 0.0
5.2167 0.0
5.2333 0.0
5.25 0.0
5.2667 0.0
5.2833 0.0
5.3 0.0
5.3167 0.0
5.3333 0.0
5.35 0.0
5.3667 0.0
5.3833 0.0
5.4 0.0
5.4167 0.0
5.4333 0.0
5.45 0.0
5.4667 0.0
5.4833 0.0
5.5 0.0
5.5167 0.0
5.5333 0.0
5.55 0.0
5.5667 0.0
5.5833 0.0
5.6 0.0
5.6167 0.0
5.6333 0.0
5.65 0.0
5.6667 0.0
5.6833 0.0
5.7 7.467e-24
5.7167 8.793e-19
5.7333 1.483e-15
5.75 5.722e-13
5.7667 1.038e-10
5.7833 3.26e-09
5.8 1.921e-08
5.8167 5.862e-08
5.8333 1.296e-07
5.85 2.499e-07
5.8667 4.558e-07
5.8833 7.95e-07
5.9 1.319e-06
5.9167 2.088e-06
5.9333 3.115e-06
5.95 4.414e-06
5.9667 6.134e-06
5.9833 8.372e-06
6.0 1.11e-05
6.0167 1.455e-05
6.0333 1.887e-05
6.05 2.425e-05
6.0667 3.095e-05
6.0833 3.835e-05
6.1 4.78e-05
6.1167 5.858e-05
6.1333 7.225e-05
6.15 8.67e-05
6.1667 0.0001037
6.1833 0.0001233
6.2 0.0001458
6.2167 0.0001719
6.2333 0.0002031
6.25 0.0002284
6.2667 0.0002677
6.2833 0.0002984
6.3 0.0003355
6.3167 0.0003806
6.3333 0.0004356
6.35 0.0004837
6.3667 0.0005344
6.3833 0.0005887
6.4 0.0006462
6.4167 0.000707
6.4333 0.0007709
6.45 0.0008378
6.4667 0.0009077
6.4833 0.0009806
6.5 0.001057
6.5167 0.001136
6.5333 0.001218
6.55 0.001303
6.5667 0.001391
6.5833 0.001482
6.6 0.001577
6.6167 0.001675
6.6333 0.001776
6.65 0.00188
6.6667 0.001987
6.6833 0.002098
6.7 0.002212
6.7167 0.00233
6.7333 0.002451
6.75 0.002576
6.7667 0.002704
6.7833 0.002836
6.8 0.002973
6.8167 0.003112
6.8333 0.003256
6.85 0.003403
6.8667 0.003555
6.8833 0.00371
6.9 0.003871
6.9167 0.004035
6.9333 0.004203
6.95 0.004376
6.9667 0.004553
6.9833 0.004735
7.0 0.004921
7.0167 0.005113
7.0333 0.005308
7.05 0.005509
7.0667 0.005715
7.0833 0.005926
7.1 0.006142
7.1167 0.006363
7.1333 0.006589
7.15 0.006821
7.1667 0.007058
7.1833 0.007301
7.2 0.007549
7.2167 0.007803
7.2333 0.008062
7.25 0.008328
7.2667 0.0086
7.2833 0.008877
7.3 0.00916
7.3167 0.00945
7.3333 0.009746
7.35 0.01005
7.3667 0.01036
7.3833 0.01067
7.4 0.01099
7.4167 0.01132
7.4333 0.01166
7.45 0.012
7.4667 0.01235
7.4833 0.0127
7.5 0.01307
7.5167 0.01344
7.5333 0.01381
7.55 0.0142
7.5667 0.01459
7.5833 0.01499
7.6 0.01539
7.6167 0.01581
7.6333 0.01623
7.65 0.01666
7.6667 0.01709
7.6833 0.01754
7.7 0.01799
7.7167 0.01845
7.7333 0.01892
7.75 0.01939
7.7667 0.01988
7.7833 0.02037
7.8 0.02087
7.8167 0.02138
7.8333 0.0219
7.85 0.02242
7.8667 0.02295
7.8833 0.0235
7.9 0.02405
7.9167 0.0246
7.9333 0.02517
7.95 0.02575
7.9667 0.02633
7.9833 0.02692
8.0 0.02753
8.0167 0.02814
8.0333 0.02876
8.05 0.02938
8.0667 0.03002
8.0833 0.03066
8.1 0.03132
8.1167 0.03198
8.1333 0.03265
8.15 0.03333
8.1667 0.03402
8.1833 0.03472
8.2 0.03543
8.2167 0.03615
8.2333 0.03687
8.25 0.0376
8.2667 0.03835
8.2833 0.0391
8.3 0.03986
8.3167 0.04063
8.3333 0.04141
8.35 0.0422
8.3667 0.04299
8.3833 0.0438
8.4 0.04462
8.4167 0.04544
8.4333 0.04627
8.45 0.04711
8.4667 0.04796
8.4833 0.04882
8.5 0.04969
8.5167 0.05056
8.5333 0.05145
8.55 0.05234
8.5667 0.05325
8.5833 0.05416
8.6 0.05508
8.6167 0.05601
8.6333 0.05694
8.65 0.05789
8.6667 0.05884
8.6833 0.05981
8.7 0.06078
8.7167 0.06176
8.7333 0.06274
8.75 0.06374
8.7667 0.06475
8.7833 0.06576
8.8 0.06678
8.8167 0.06781
8.8333 0.06884
8.85 0.06989
8.8667 0.07094
8.8833 0.072
8.9 0.07307
8.9167 0.07414
8.9333 0.07522
8.95 0.07631
8.9667 0.07741
8.9833 0.07852
9.0 0.07963
9.0167 0.08075
9.0333 0.08188
9.05 0.083
9.0667 0.08415
9.0833 0.0853
9.1 0.08646
9.1167 0.08762
9.1333 0.08878
9.15 0.08996
9.1667 0.09114
9.1833 0.09229
9.2 0.09353
9.2167 0.09468
9.2333 0.09593
9.25 0.09715
9.2667 0.09836
9.2833 0.09959
9.3 0.1008
9.3167 0.102
9.3333 0.1033
9.35 0.1045
9.3667 0.1058
9.3833 0.1071
9.4 0.1083
9.4167 0.1096
9.4333 0.1109
9.45 0.1121
9.4667 0.1134
9.4833 0.1147
9.5 0.116
9.5167 0.1173
9.5333 0.1186
9.55 0.1199
9.5667 0.1212
9.5833 0.1225
9.6 0.1238
9.6167 0.1251
9.6333 0.1265
9.65 0.1278
9.6667 0.1291
9.6833 0.1304
9.7 0.1318
9.7167 0.133
9.7333 0.1345
9.75 0.1358
9.7667 0.1371
9.7833 0.1385
9.8 0.1398
9.8167 0.1412
9.8333 0.1426
9.85 0.1439
9.8667 0.1453
9.8833 0.1466
9.9 0.148
9.9167 0.1494
9.9333 0.1507
9.95 0.1521
9.9667 0.1534
9.9833 0.1548
10.0 0.1562
10.0167 0.1575
10.0333 0.1589
10.05 0.1603
10.0667 0.1616
10.0833 0.163
10.1 0.1644
10.1167 0.1657
10.1333 0.1671
10.15 0.1685
10.1667 0.1698
10.1833 0.1712
10.2 0.1726
10.2167 0.1739
10.2333 0.1752
10.25 0.1766
10.2667 0.178
10.2833 0.1794
10.3 0.1807
10.3167 0.1821
10.3333 0.1834
10.35 0.1848
10.3667 0.186
10.3833 0.1874
10.4 0.1888
10.4167 0.1901
10.4333 0.1915
10.45 0.1927
10.4667 0.1941
10.4833 0.1954
10.5 0.1968
10.5167 0.1981
10.5333 0.1993
10.55 0.2007
10.5667 0.202
10.5833 0.2033
10.6 0.2046
10.6167 0.2059
10.6333 0.2072
10.65 0.2084
10.6667 0.2097
10.6833 0.211
10.7 0.2122
10.7167 0.2133
10.7333 0.2146
10.75 0.216
10.7667 0.2173
10.7833 0.2185
10.8 0.2197
10.8167 0.2209
10.8333 0.2222
10.85 0.2234
10.8667 0.2246
10.8833 0.2258
10.9 0.227
10.9167 0.2282
10.9333 0.2294
10.95 0.2305
10.9667 0.2317
10.9833 0.2328
11.0 0.234
11.0167 0.2351
11.0333 0.2363
11.05 0.2374
11.0667 0.2385
11.0833 0.2396
11.1 0.2407
11.1167 0.2418
11.1333 0.2429
11.15 0.244
11.1667 0.245
11.1833 0.2459
11.2 0.2471
11.2167 0.2482
11.2333 0.2492
11.25 0.2501
11.2667 0.2512
11.2833 0.252
11.3 0.2531
11.3167 0.2542
11.3333 0.2551
11.35 0.2561
11.3667 0.2571
11.3833 0.258
11.4 0.2589
11.4167 0.2599
11.4333 0.2608
11.45 0.2617
11.4667 0.2626
11.4833 0.2635
11.5 0.2643
11.5167 0.2652
11.5333 0.266
11.55 0.2669
11.5667 0.2677
11.5833 0.2685
11.6 0.2693
11.6167 0.2701
11.6333 0.2708
11.65 0.2716
11.6667 0.2724
11.6833 0.2731
11.7 0.2738
11.7167 0.2745
11.7333 0.2751
11.75 0.2759
11.7667 0.2766
11.7833 0.2773
11.8 0.2779
11.8167 0.2784
11.8333 0.2792
11.85 0.2796
11.8667 0.2801
11.8833 0.281
11.9 0.2816
11.9167 0.2821
11.9333 0.2827
11.95 0.2832
11.9667 0.2838
11.9833 0.2843
12.0 0.2848
12.0167 0.2852
12.0333 0.2857
12.05 0.2862
12.0667 0.2866
12.0833 0.2871
12.1 0.2875
12.1167 0.2879
12.1333 0.2883
12.15 0.2886
12.1667 0.289
12.1833 0.2894
12.2 0.2897
12.2167 0.29
12.2333 0.2903
12.25 0.2906
12.2667 0.2909
12.2833 0.2911
12.3 0.2913
12.3167 0.2916
12.3333 0.2919
12.35 0.2921
12.3667 0.2923
12.3833 0.2924
12.4 0.2926
12.4167 0.2928
12.4333 0.2929
12.45 0.293
12.4667 0.2931
12.4833 0.2932
12.5 0.2933
12.5167 0.2934
12.5333 0.2934
12.55 0.2935
12.5667 0.2935
12.5833 0.2935
12.6 0.2935
12.6167 0.2935
12.6333 0.2934
12.65 0.2934
12.6667 0.2933
12.6833 0.2933
12.7 0.2932
12.7167 0.2931
12.7333 0.2929
12.75 0.2928
12.7667 0.2927
12.7833 0.2925
12.8 0.2923
12.8167 0.2921
12.8333 0.2919
12.85 0.2917
12.8667 0.2914
12.8833 0.2911
12.9 0.2909
12.9167 0.2907
12.9333 0.2904
12.95 0.2901
12.9667 0.2898
12.9833 0.2895
13.0 0.2891
13.0167 0.2888
13.0333 0.2884
13.05 0.288
13.0667 0.2876
13.0833 0.2872
13.1 0.2868
13.1167 0.2863
13.1333 0.2859
13.15 0.2854
13.1667 0.2849
13.1833 0.2844
13.2 0.2839
13.2167 0.2834
13.2333 0.2829
13.25 0.2823
13.2667 0.2818
13.2833 0.2812
13.3 0.2805
13.3167 0.28
13.3333 0.2793
13.35 0.2787
13.3667 0.2781
13.3833 0.2775
13.4 0.2767
13.4167 0.2761
13.4333 0.2754
13.45 0.2748
13.4667 0.2741
13.4833 0.2733
13.5 0.2726
13.5167 0.2718
13.5333 0.2711
13.55 0.2703
13.5667 0.2695
13.5833 0.2687
13.6 0.2679
13.6167 0.2671
13.6333 0.2661
13.65 0.2654
13.6667 0.2646
13.6833 0.2637
13.7 0.2629
13.7167 0.262
13.7333 0.2611
13.75 0.2602
13.7667 0.2593
13.7833 0.2583
13.8 0.2574
13.8167 0.2564
13.8333 0.2553
13.85 0.2545
13.8667 0.2534
13.8833 0.2524
13.9 0.2516
13.9167 0.2505
13.9333 0.2495
13.95 0.2485
13.9667 0.2475
13.9833 0.2464
14.0 0.2454
14.0167 0.2443
14.0333 0.2432
14.05 0.2422
14.0667 0.2411
14.0833 0.24
14.1 0.2389
14.1167 0.2378
14.1333 0.2366
14.15 0.2355
14.1667 0.2344
14.1833 0.2332
14.2 0.2321
14.2167 0.2307
14.2333 0.2295
14.25 0.2286
14.2667 0.2274
14.2833 0.226
14.3 0.225
14.3167 0.2238
14.3333 0.2226
14.35 0.2214
14.3667 0.2201
14.3833 0.2189
14.4 0.2177
14.4167 0.2164
14.4333 0.2151
14.45 0.2139
14.4667 0.2127
14.4833 0.2114
14.5 0.2101
14.5167 0.2087
14.5333 0.2075
14.55 0.2063
14.5667 0.205
14.5833 0.2037
14.6 0.2024
14.6167 0.2011
14.6333 0.1998
14.65 0.1985
14.6667 0.1972
14.6833 0.1959
14.7 0.1946
14.7167 0.1932
14.7333 0.1916
14.75 0.1905
14.7667 0.1892
14.7833 0.1879
14.8 0.1866
14.8167 0.1852
14.8333 0.1839
14.85 0.1825
14.8667 0.181
14.8833 0.1797
14.9 0.1785
14.9167 0.1771
14.9333 0.1757
14.95 0.1744
14.9667 0.173
14.9833 0.1717
15.0 0.1703
15.0167 0.1689
15.0333 0.1676
15.05 0.1662
15.0667 0.1648
15.0833 0.1635
15.1 0.1621
15.1167 0.1607
15.1333 0.1594
15.15 0.158
15.1667 0.1566
15.1833 0.1553
15.2 0.1539
15.2167 0.1525
15.2333 0.1512
15.25 0.1498
15.2667 0.1485
15.2833 0.1471
15.3 0.1457
15.3167 0.1444
15.3333 0.143
15.35 0.1417
15.3667 0.1403
15.3833 0.139
15.4 0.1376
15.4167 0.1363
15.4333 0.1349
15.45 0.1336
15.4667 0.1323
15.4833 0.1309
15.5 0.1296
15.5167 0.1283
15.5333 0.1269
15.55 0.1256
15.5667 0.1243
15.5833 0.123
15.6 0.1217
15.6167 0.1204
15.6333 0.119
15.65 0.1177
15.6667 0.1165
15.6833 0.1152
15.7 0.1138
15.7167 0.1126
15.7333 0.1113
15.75 0.11
15.7667 0.1088
15.7833 0.1075
15.8 0.1062
15.8167 0.105
15.8333 0.1037
15.85 0.1025
15.8667 0.1013
15.8833 0.1
15.9 0.09878
15.9167 0.09759
15.9333 0.09637
15.95 0.09516
15.9667 0.09396
15.9833 0.09277
16.0 0.09158
16.0167 0.0904
16.0333 0.0892
16.05 0.08805
16.0667 0.08687
16.0833 0.08572
16.1 0.08458
16.1167 0.08343
16.1333 0.0823
16.15 0.08116
16.1667 0.08005
16.1833 0.07893
16.2 0.07782
16.2167 0.07672
16.2333 0.07563
16.25 0.07455
16.2667 0.07346
16.2833 0.0724
16.3 0.07134
16.3167 0.07028
16.3333 0.06923
16.35 0.0682
16.3667 0.06717
16.3833 0.06614
16.4 0.06513
16.4167 0.06412
16.4333 0.06312
16.45 0.06213
16.4667 0.06115
16.4833 0.06018
16.5 0.05921
16.5167 0.05825
16.5333 0.05731
16.55 0.05637
16.5667 0.05543
16.5833 0.05451
16.6 0.0536
16.6167 0.05269
16.6333 0.0518
16.65 0.05091
16.6667 0.05003
16.6833 0.04916
16.7 0.0483
16.7167 0.04744
16.7333 0.0466
16.75 0.04576
16.7667 0.04494
16.7833 0.04412
16.8 0.04331
16.8167 0.04251
16.8333 0.04172
16.85 0.04094
16.8667 0.04017
16.8833 0.0394
16.9 0.03865
16.9167 0.0379
16.9333 0.03716
16.95 0.03644
16.9667 0.03572
16.9833 0.03501
17.0 0.0343
17.0167 0.03361
17.0333 0.03293
17.05 0.03225
17.0667 0.03159
17.0833 0.03093
17.1 0.03028
17.1167 0.02964
17.1333 0.02901
17.15 0.02839
17.1667 0.02778
17.1833 0.02717
17.2 0.02658
17.2167 0.02599
17.2333 0.02541
17.25 0.02484
17.2667 0.02428
17.2833 0.02372
17.3 0.02318
17.3167 0.02264
17.3333 0.02212
17.35 0.0216
17.3667 0.02108
17.3833 0.02058
17.4 0.02009
17.4167 0.0196
17.4333 0.01912
17.45 0.01865
17.4667 0.01819
17.4833 0.01773
17.5 0.01728
17.5167 0.01684
17.5333 0.01641
17.55 0.01599
17.5667 0.01557
17.5833 0.01516
17.6 0.01476
17.6167 0.01437
17.6333 0.01398
17.65 0.0136
17.6667 0.01323
17.6833 0.01286
17.7 0.0125
17.7167 0.01215
17.7333 0.01181
17.75 0.01147
17.7667 0.01114
17.7833 0.01081
17.8 0.0105
17.8167 0.01019
17.8333 0.00988
17.85 0.009582
17.8667 0.00929
17.8833 0.009004
17.9 0.008724
17.9167 0.00845
17.9333 0.008182
17.95 0.00792
17.9667 0.007664
17.9833 0.007413
18.0 0.007168
18.0167 0.006929
18.0333 0.006695
18.05 0.006467
18.0667 0.006243
18.0833 0.006025
18.1 0.005812
18.1167 0.005604
18.1333 0.005402
18.15 0.005204
18.1667 0.00501
18.1833 0.004822
18.2 0.004638
18.2167 0.004459
18.2333 0.004284
18.25 0.004114
18.2667 0.003948
18.2833 0.003786
18.3 0.003629
18.3167 0.003475
18.3333 0.003326
18.35 0.003181
18.3667 0.003039
18.3833 0.002902
18.4 0.002768
18.4167 0.002638
18.4333 0.002512
18.45 0.002389
18.4667 0.00227
18.4833 0.002154
18.5 0.002041
18.5167 0.001933
18.5333 0.001827
18.55 0.001724
18.5667 0.001625
18.5833 0.001529
18.6 0.001436
18.6167 0.001347
18.6333 0.00126
18.65 0.001177
18.6667 0.001096
18.6833 0.001019
18.7 0.0009445
18.7167 0.0008732
18.7333 0.0008049
18.75 0.0007395
18.7667 0.0006773
18.7833 0.0006181
18.8 0.0005622
18.8167 0.0005096
18.8333 0.0004607
18.85 0.000408
18.8667 0.0003581
18.8833 0.000317
18.9 0.0002832
18.9167 0.0002467
18.9333 0.0002155
18.95 0.0001846
18.9667 0.0001599
18.9833 0.0001374
