10 30.764154653258426
10.016666666666667 30.537488671411452
10.033333333333335 30.423302047025718
10.050000000000002 29.84441158447519
10.06666666666667 30.2349842725246
10.083333333333337 30.144163745822006
10.100000000000005 30.055464812735128
10.116666666666672 29.984193094723867
10.13333333333334 29.914548299160597
10.150000000000007 29.846475347941663
10.166666666666675 30.22705313429256
10.183333333333342 29.16659152747126
10.20000000000001 29.123631887122322
10.216666666666677 28.641659377644785
10.233333333333345 28.605317116707123
10.250000000000012 28.569737485942426
10.26666666666668 28.023620290439496
10.283333333333347 27.994863515812735
10.300000000000015 27.07528066956806
10.316666666666682 27.056742210790592
10.33333333333335 27.03856945757318
10.350000000000017 26.65313661198212
10.366666666666685 25.79935396978324
10.383333333333352 25.414987208937927
10.40000000000002 25.475531899534925
10.416666666666687 24.97728200497874
10.433333333333355 25.406484022973313
10.450000000000022 25.00579097192484
10.46666666666669 25.079621933735147
10.483333333333357 25.033282460297684
10.500000000000025 24.564075265758586
10.516666666666692 24.305427753674955
10.53333333333336 25.014850722475405
10.550000000000027 25.752101180754384
10.566666666666695 26.11823879698642
10.583333333333362 25.652220574323966
10.60000000000003 24.66363683739976
10.616666666666697 24.623976041393355
10.633333333333365 24.694638171191325
10.650000000000032 24.26509213816612
10.6666666666667 23.921852922547398
10.683333333333367 24.68575884331311
10.700000000000035 24.266550293900263
10.716666666666702 23.931394285033864
10.73333333333337 23.234097448060403
10.750000000000037 22.656924229222327
10.766666666666705 21.99378643940108
10.783333333333372 22.615111643453663
10.80000000000004 22.594675019591506
10.816666666666707 22.294851287136943
10.833333333333375 21.93189880219722
10.850000000000042 21.305025795332654
10.86666666666671 21.631554538240785
10.883333333333377 21.887816682713723
10.900000000000045 21.540189643354484
10.916666666666712 21.528509038779063
10.93333333333338 22.375069860256612
10.950000000000047 22.688492203933272
10.966666666666715 22.247654974967272
10.983333333333382 22.063725599656593
11.00000000000005 21.72795872875564
11.016666666666717 21.625027287354822
11.033333333333385 21.361514351772602
11.050000000000052 21.91578729337028
11.06666666666672 22.06391462887205
11.083333333333387 21.491018009911723
11.100000000000055 21.947327335711623
11.116666666666722 23.238258100370754
11.13333333333339 23.440918520659107
11.150000000000057 23.107375000783943
11.166666666666725 22.754695229187732
11.183333333333392 21.56665114528318
11.20000000000006 21.23496501272307
11.216666666666727 21.697492281920013
11.233333333333395 21.13484921233874
11.250000000000062 20.961618440376004
11.26666666666673 20.954979044656803
11.283333333333397 20.728003255702603
11.300000000000065 20.925148804173325
11.316666666666732 20.83795722021117
11.3333333333334 20.97647263333182
11.350000000000067 20.889859415096947
11.366666666666735 20.72469988460343
11.383333333333402 20.640610645083743
11.40000000000007 20.997104127292438
11.416666666666737 21.827239602248504
11.433333333333405 20.2387829997147
11.450000000000072 20.028630489476697
11.46666666666674 19.951015215342824
11.483333333333407 20.48856778032836
11.500000000000075 19.646602971803045
11.516666666666742 19.288982773161507
11.53333333333341 19.556345395904277
11.550000000000077 19.667003237044526
11.566666666666745 19.93204901332135
11.583333333333412 18.712683637827496
11.60000000000008 18.04967068456498
11.616666666666747 18.760979686583823
11.633333333333415 18.621663558115436
11.650000000000082 18.214008860202796
11.66666666666675 18.203658313942565
11.683333333333417 18.707264892273425
11.700000000000085 19.986359376818225
11.716666666666752 19.570590455126307
11.73333333333342 19.803161982738512
11.750000000000087 19.343118919421983
11.766666666666755 19.770872033828525
11.783333333333422 20.001011296778838
11.80000000000009 19.788010138984603
11.816666666666757 19.896905914198655
11.833333333333425 20.693349709846625
11.850000000000092 21.31754401408487
11.86666666666676 21.74371805628891
11.883333333333427 21.699520939074787
11.900000000000095 21.161879794124
11.916666666666762 20.244464019464278
11.93333333333343 19.536050559001026
11.950000000000097 20.311786895707208
11.966666666666764 21.0931219710103
11.983333333333432 21.003631558707244
12.0000000000001 20.22366917546136
12.016666666666767 19.337753141428635
12.033333333333434 19.188782476710962
12.050000000000102 19.154644367649777
12.06666666666677 19.61068705644318
12.083333333333437 18.677404049928935
12.100000000000104 17.94301353978238
12.116666666666772 18.02745651471987
12.13333333333344 18.292240488953684
12.150000000000107 18.5570244631875
12.166666666666774 18.348450344055323
12.183333333333442 17.783568626264934
12.20000000000011 16.56706458959153
12.216666666666777 15.80938794508456
12.233333333333444 15.894270418194203
12.250000000000112 15.872126697867655
12.26666666666678 16.84060418411611
12.283333333333447 16.81659792679743
12.300000000000114 17.57652407537877
12.316666666666782 17.41997908089686
12.33333333333345 17.1567547854429
12.350000000000117 16.959227224282532
12.366666666666784 17.47755641409964
12.383333333333452 17.844686797440325
12.40000000000012 18.545029216032635
12.416666666666787 18.89581837717493
12.433333333333454 18.803297253540318
12.450000000000122 18.75531670599142
12.46666666666679 18.136558679463853
12.483333333333457 17.482343090366967
12.500000000000124 17.373440098362384
12.516666666666792 16.729479295054805
12.53333333333346 16.45297361886014
12.550000000000127 16.74862317574883
12.566666666666794 16.43020195316799
12.583333333333462 16.493035305544236
12.60000000000013 16.555868657920467
12.616666666666797 16.83065893870508
12.633333333333464 17.2345284212638
12.650000000000132 18.072469790339632
12.6666666666668 17.74712834594895
12.683333333333467 17.18989766939367
12.700000000000134 16.6379162673277
12.716666666666802 16.32134980750209
12.73333333333347 17.252936882771497
12.750000000000137 17.423921843592172
12.766666666666804 16.489626624583472
12.783333333333472 15.40444916408933
12.80000000000014 15.61156411233787
12.816666666666807 16.6379162673277
12.833333333333474 17.575109166480797
12.850000000000142 17.68378938503127
12.86666666666681 17.2345284212638
12.883333333333477 16.85113061756054
12.900000000000144 16.2811659697459
12.916666666666812 16.767711385397597
12.93333333333348 18.383040303126787
12.950000000000147 19.28685374830146
12.966666666666814 19.736757244913377
12.983333333333482 19.78636801583812
13.00000000000015 20.126048418613497
13.016666666666817 20.584479648769726
13.033333333333484 20.92970735417852
13.050000000000152 20.161878535934406
13.06666666666682 20.257869465539056
13.083333333333487 18.561904138066353
13.100000000000154 17.644577321208704
13.116666666666822 16.22699328392486
13.13333333333349 14.943874449566614
13.150000000000157 14.652227222324894
13.166666666666824 14.092769522199525
13.183333333333492 14.504678422739664
13.20000000000016 15.40358679199515
13.216666666666827 15.76402062913193
13.233333333333494 15.743244009724428
13.250000000000162 15.765076628677908
13.26666666666683 15.57351831103531
13.283333333333497 15.552391248922104
13.300000000000164 15.68106729362186
13.316666666666832 15.595742392909019
13.3333333333335 16.352794459948765
13.350000000000167 16.093656833089184
13.366666666666834 16.073000583514684
13.383333333333502 16.424167111414334
13.400000000000169 16.163272619287927
13.416666666666837 16.077259120186252
13.433333333333504 15.641483635035094
13.450000000000172 16.058489558481277
13.466666666666839 16.192324297709373
13.483333333333507 15.358420023498207
13.500000000000174 13.146352236164454
13.516666666666842 12.823997956289341
13.533333333333509 14.61432283320605
13.550000000000177 15.822796787650017
13.566666666666844 16.069844186296702
13.583333333333512 15.914560265569966
13.600000000000179 16.16370355655629
13.616666666666847 16.575419544471956
13.633333333333514 16.41879785981235
13.650000000000182 16.261684234250794
13.666666666666849 16.74680353851017
13.683333333333517 17.054333246357412
13.700000000000184 17.386078526712357
13.716666666666852 17.39309153548624
13.733333333333519 18.018551705213643
13.750000000000187 18.849620513338987
13.766666666666854 18.8622116640692
13.783333333333522 18.43516180180307
13.800000000000189 18.202443947671238
13.816666666666857 18.017625426567648
13.833333333333524 16.531362109201336
13.850000000000191 15.07159619295505
13.866666666666859 12.573454765195317
13.883333333333526 11.803772244157622
13.900000000000194 10.533224988666225
13.916666666666861 10.05561228809791
13.933333333333529 11.179437344106665
13.950000000000196 13.274714079418072
13.966666666666864 14.797240784109132
13.983333333333531 15.15538304829009
14.000000000000199 15.275466920796607
14.016666666666866 16.682908916453968
14.033333333333534 16.61318651809156
14.050000000000201 17.53430501955251
14.066666666666869 17.46674603098953
14.083333333333536 17.605340513542593
14.100000000000204 17.877598178970057
14.116666666666871 18.76203000876797
14.133333333333539 19.264364796712197
14.150000000000206 19.4729922810312
14.166666666666874 18.08741382832359
14.183333333333541 17.94066085801585
14.200000000000209 17.17592712619277
14.216666666666876 16.75889070913793
14.233333333333544 17.087473406189865
14.250000000000211 16.451991868028728
14.266666666666879 16.511302500743597
14.283333333333546 18.72087128412294
14.300000000000214 19.22413965292875
14.316666666666881 20.57860764839098
14.333333333333549 23.013671379460273
14.350000000000216 23.929330825255562
14.366666666666884 25.616463967885537
14.383333333333551 25.225313434129422
14.400000000000219 24.18900415006864
14.416666666666886 25.65180408339091
14.433333333333554 26.99039404253429
14.450000000000221 26.428899175527313
14.466666666666889 25.86499833158617
14.483333333333556 26.614960505084063
14.500000000000224 27.567940439549172
14.516666666666891 26.71114083958204
14.533333333333559 25.303254906874415
14.550000000000226 23.503817622226702
14.566666666666894 23.963345304074647
14.583333333333561 23.37914239526545
14.600000000000229 22.860055978306328
14.616666666666896 23.429795355441993
14.633333333333564 24.71685845628109
14.650000000000231 25.39803800438339
14.666666666666899 24.502337732923497
14.683333333333566 23.60663746146363
14.700000000000234 23.27773135716313
14.716666666666901 22.91662421306872
14.733333333333569 22.652756736742834
14.750000000000236 21.74346941332382
14.766666666666904 21.47201648216822
14.783333333333571 21.126263777110566
14.800000000000239 20.746198126935738
14.816666666666906 20.465195929676796
14.833333333333574 20.109243263666745
14.850000000000241 19.7177246101673
14.866666666666909 19.426702861317505
14.883333333333576 18.77126825798524
14.900000000000244 18.079157035236356
14.916666666666911 17.41683883755387
14.933333333333579 16.751281920078345
14.950000000000246 16.61947629683243
14.966666666666914 17.542198846223453
14.983333333333581 17.78543658386938
15.000000000000249 18.069581237893434
15.016666666666916 19.329195755780837
15.033333333333584 20.355136365289223
15.050000000000251 21.417147909006136
15.066666666666919 21.727771776817914
15.083333333333586 21.325365515203554
15.100000000000254 21.218103404237276
15.116666666666921 20.879268733645425
15.133333333333589 20.077398456795247
15.150000000000256 20.102862537814715
15.166666666666924 20.043029952869663
15.183333333333591 20.007046031674587
15.200000000000259 18.820958914216305
15.216666666666926 17.647356924310195
15.233333333333594 17.91904970366312
15.250000000000261 17.072702879955152
15.266666666666929 17.428431879836047
15.283333333333596 17.70528941699416
15.300000000000264 16.934593609301917
15.316666666666931 17.209690730278535
15.333333333333599 16.33487822057452
15.350000000000266 16.34899069695187
15.366666666666934 15.819234529758386
15.383333333333601 16.562734983025486
15.400000000000269 16.86104479542627
15.416666666666936 17.263189753201807
15.433333333333604 17.594308040740643
15.450000000000271 16.276564272196406
15.466666666666939 16.69623340798948
15.483333333333606 17.947964501854408
15.500000000000274 18.306817446420244
15.516666666666941 17.460811860148937
15.533333333333609 17.834700365803858
15.550000000000276 17.79518173193177
15.566666666666944 19.17895013367052
15.583333333333611 20.177465091980928
15.600000000000279 20.7549969919957
15.616666666666946 20.78266948761525
15.633333333333614 21.765131934618832
15.650000000000281 21.806877049343566
15.666666666666949 21.990864422751667
15.683333333333616 23.066432738158287
15.700000000000284 22.630986259217913
15.716666666666951 23.925023425194528
15.733333333333618 25.26250441067564
15.750000000000286 25.398038004383384
15.766666666666953 25.557093884040675
15.783333333333621 26.31950640793361
15.800000000000288 24.625681191862558
15.816666666666956 26.124891195941935
15.833333333333623 25.743634370062022
15.850000000000291 25.961876801528646
15.866666666666958 25.414848372595202
15.883333333333626 25.811495331848473
15.900000000000293 26.08436361323196
15.916666666666961 27.020263593055876
15.933333333333628 27.324579290014626
15.950000000000296 27.662668855829924
15.966666666666963 27.342362983893857
15.983333333333631 27.01414832499641
