10 66.9012780144471
10.016666666666667 66.20488516223114
10.033333333333335 71.0179862785092
10.050000000000002 70.06926722566531
10.06666666666667 71.47529069767444
10.083333333333337 63.7392795883362
10.100000000000005 56.950089416355056
10.116666666666672 56.47643475472909
10.13333333333334 54.44444444444445
10.150000000000007 51.067373202119605
10.166666666666675 50.7545196473928
10.183333333333342 49.66984592809976
10.20000000000001 49.60058097313
10.216666666666677 48.311725316996714
10.233333333333345 48.524636453480156
10.250000000000012 41.450432468396556
10.26666666666668 35.162345834382066
10.283333333333347 31.244707874682483
10.300000000000015 31.00645469758547
10.316666666666682 28.583033538354417
10.33333333333335 30.040674026728645
10.350000000000017 30.079429031886725
10.366666666666685 30.81861958266451
10.383333333333352 31.207289293849648
10.40000000000002 30.983218830949443
10.416666666666687 33.45458679095145
10.433333333333355 37.9832324173265
10.450000000000022 43.85374067837381
10.46666666666669 47.03374345230845
10.483333333333357 47.11921729677498
10.500000000000025 44.21385860007034
10.516666666666692 41.909662664379645
10.53333333333336 44.80684709692345
10.550000000000027 48.88600730873511
10.566666666666695 55.86004404208468
10.583333333333362 61.007392557323634
10.60000000000003 61.89881324172393
10.616666666666697 61.397876018770084
10.633333333333365 65.86961993455827
10.650000000000032 72.1725612125923
10.6666666666667 75.18629886259642
10.683333333333367 84.05994550408717
10.700000000000035 87.939837174003
10.716666666666702 60.754010069078575
10.73333333333337 50.05963352488343
10.750000000000037 46.07329842931939
10.766666666666705 38.820274676415394
10.783333333333372 34.580681926108845
10.80000000000004 30.913091309130927
10.816666666666707 32.200275608635735
10.833333333333375 33.640552995391694
10.850000000000042 35.7381926366679
10.86666666666671 35.72614873592914
10.883333333333377 33.36933045356372
10.900000000000045 32.66939356215543
10.916666666666712 35.833709896068676
10.93333333333338 38.64468864468864
10.950000000000047 46.934053220208256
10.966666666666715 52.63000894899074
10.983333333333382 53.99182697099571
11.00000000000005 42.9490124023886
11.016666666666717 35.18646408839778
11.033333333333385 34.04164895877603
11.050000000000052 34.89162770930727
11.06666666666672 36.893536773529924
11.083333333333387 41.15168539325843
11.100000000000055 48.16849816849816
11.116666666666722 49.56361966008268
11.13333333333339 50.96774193548387
11.150000000000057 60.98466347562763
11.166666666666725 66.3155782927074
11.183333333333392 56.58463272590644
11.20000000000006 62.80197923741148
11.216666666666727 60.94584286803967
11.233333333333395 67.09309191104114
11.250000000000062 69.44444444444446
11.26666666666673 71.13525366291238
11.283333333333397 78.56403889923445
11.300000000000065 87.98050893340552
11.316666666666732 107.86182251340084
11.3333333333334 115.78753227591295
11.350000000000067 119.2274251645758
11.366666666666735 119.85376130871238
11.383333333333402 112.81928861303415
11.40000000000007 124.84316185696363
11.416666666666737 126.78077019884218
11.433333333333405 98.22679509632226
11.450000000000072 82.13677781115452
11.46666666666674 86.18863312283558
11.483333333333407 56.60184237461619
11.500000000000075 40.78706528370958
11.516666666666742 27.68447136563877
11.53333333333341 23.0027730093754
11.550000000000077 22.041854097398794
11.566666666666745 21.596274497121794
11.583333333333412 22.71693207669809
11.60000000000008 21.454638581215196
11.616666666666747 19.78118712273643
11.633333333333415 20.81596564355184
11.650000000000082 22.16993131518698
11.66666666666675 20.186915887850457
11.683333333333417 17.90127214072678
11.700000000000085 20.16318457164049
11.716666666666752 20.478953215652396
11.73333333333342 18.29319814110689
11.750000000000087 19.51634463482805
11.766666666666755 21.972318339100333
11.783333333333422 16.58823529411763
11.80000000000009 15.337779066396058
11.816666666666757 14.9061168068195
11.833333333333425 15.833911635438362
11.850000000000092 20.337663892713884
11.86666666666676 19.632265717674965
11.883333333333427 18.832236842105264
11.900000000000095 20.653789004457654
11.916666666666762 18.02214364384674
11.93333333333343 16.304224069224638
11.950000000000097 16.110387034623454
11.966666666666764 17.984620681739933
11.983333333333432 19.73057716873765
12.0000000000001 18.55758757094537
12.016666666666767 20.860541044776124
12.033333333333434 20.879120879120876
12.050000000000102 22.81321788301819
12.06666666666677 20.602145576191024
12.083333333333437 25.313882578022252
12.100000000000104 36.71264966163456
12.116666666666772 42.1152030217186
12.13333333333344 49.93962639392004
12.150000000000107 49.25267907501411
12.166666666666774 38.91980360065467
12.183333333333442 35.62456162723969
12.20000000000011 28.66026685986839
12.216666666666777 29.141475211608235
12.233333333333444 25.446978134708953
12.250000000000112 19.418772965148644
12.26666666666678 22.095335492301576
12.283333333333447 24.256940035782296
12.300000000000114 27.799502310700312
12.316666666666782 31.48767873440827
12.33333333333345 34.497111262968254
12.350000000000117 28.64768683274022
12.366666666666784 25.607217210270658
12.383333333333452 28.704087064529478
12.40000000000012 34.880841844630154
12.416666666666787 37.29314792676022
12.433333333333454 40.79515432695406
12.450000000000122 49.46376118587336
12.46666666666679 46.851740092536694
12.483333333333457 51.92241080706615
12.500000000000124 46.9682773390443
12.516666666666792 45.07190922285263
12.53333333333346 43.87501634200548
12.550000000000127 49.22743290864734
12.566666666666794 54.185022026431724
12.583333333333462 56.629070014896776
12.60000000000013 59.540661562906266
12.616666666666797 65.03694857057549
12.633333333333464 68.93129770992365
12.650000000000132 61.46441073512254
12.6666666666668 59.50478658317138
12.683333333333467 60.45451255699502
12.700000000000134 56.693747792299526
12.716666666666802 56.443880428651994
12.73333333333347 53.29374395801685
12.750000000000137 49.86504723346828
12.766666666666804 45.40098199672668
12.783333333333472 42.30793874543475
12.80000000000014 37.94387881797865
12.816666666666807 34.38974234909884
12.833333333333474 36.01860920666014
12.850000000000142 40.48176013150408
12.86666666666681 43.17932856498487
12.883333333333477 49.22766957689725
12.900000000000144 58.80165880165878
12.916666666666812 58.66552364623518
12.93333333333348 57.808725309080565
12.950000000000147 56.58488437676255
12.966666666666814 54.984641161686675
12.983333333333482 51.09628217349857
13.00000000000015 47.4047982986642
13.016666666666817 39.39889336016098
13.033333333333484 31.235928427538795
13.050000000000152 27.395132055929576
13.06666666666682 27.28005063582485
13.083333333333487 28.255699286501542
13.100000000000154 31.37861306054478
13.116666666666822 34.482968740478945
13.13333333333349 34.916748285994125
13.150000000000157 34.79431929480901
13.166666666666824 35.2015732546706
13.183333333333492 32.52140359339201
13.20000000000016 32.66046174301947
13.216666666666827 34.26890550312538
13.233333333333494 35.31883341571922
13.250000000000162 38.88359687559536
13.26666666666683 39.002036659877795
13.283333333333497 36.67982703515698
13.300000000000164 35.30471516431633
13.316666666666832 28.055604641573897
13.3333333333335 27.398626841147806
13.350000000000167 26.992498827941876
13.366666666666834 28.05022506515045
13.383333333333502 29.636298163485783
13.400000000000169 34.33021806853583
13.416666666666837 39.821973880839465
13.433333333333504 33.378890476486305
13.450000000000172 26.924899312959017
13.466666666666839 24.875941385953652
13.483333333333507 24.809741248097414
13.500000000000174 26.68014749613416
13.516666666666842 25.21359967002534
13.533333333333509 28.718882817243458
13.550000000000177 26.669461579924526
13.566666666666844 26.575441123514597
13.583333333333512 27.267230955259976
13.600000000000179 29.416116899932177
13.616666666666847 33.42678730725118
13.633333333333514 34.54475159481927
13.650000000000182 32.81897596123192
13.666666666666849 31.89813932812599
13.683333333333517 23.77480277312934
13.700000000000184 21.560308762005782
13.716666666666852 22.800739547921502
13.733333333333519 24.832786087802514
13.750000000000187 26.576799406381394
13.766666666666854 24.057865305130075
13.783333333333522 20.43622569938358
13.800000000000189 21.442693667245813
13.816666666666857 22.00277828108958
13.833333333333524 23.157830367516652
13.850000000000191 24.642901502918885
13.866666666666859 25.98425196850394
13.883333333333526 25.575237975162324
13.900000000000194 27.20169089861014
13.916666666666861 29.558101472995087
13.933333333333529 29.381646317447807
13.950000000000196 31.02942157582227
13.966666666666864 31.175011730008734
13.983333333333531 31.51147098515519
14.000000000000199 33.38372732270477
14.016666666666866 32.36099698712681
14.033333333333534 33.089048672566385
14.050000000000201 33.305532388101184
14.066666666666869 32.20737869453867
14.083333333333536 30.81155433287483
14.100000000000204 31.000138331719487
14.116666666666871 32.02129149740861
14.133333333333539 32.60332038149063
14.150000000000206 30.83064855021712
14.166666666666874 32.440900028481906
14.183333333333541 33.23256316130425
14.200000000000209 32.54225098885292
14.216666666666876 33.188090050835164
14.233333333333544 31.807020078000868
14.250000000000211 32.94289897510981
14.266666666666879 34.63974368526935
14.283333333333546 36.222441094022265
14.300000000000214 36.41221374045801
14.316666666666881 37.03903302794671
14.333333333333549 38.52170512319125
14.350000000000216 39.651070578905646
14.366666666666884 40.21460602178091
14.383333333333551 40.881520420541854
14.400000000000219 41.95609436435126
14.416666666666886 41.275828140373896
14.433333333333554 40.26186579378068
14.450000000000221 40.44202539996701
14.466666666666889 39.4238683127572
14.483333333333556 40.69680006683932
14.500000000000224 42.22637343975546
14.516666666666891 45.26260687489095
14.533333333333559 46.86307569438283
14.550000000000226 46.34146341463414
14.566666666666894 44.69140175329849
14.583333333333561 42.99550937747643
14.600000000000229 43.22477593397816
14.616666666666896 44.19273642574612
14.633333333333564 43.60360360360359
14.650000000000231 43.063714414821504
14.666666666666899 41.7117117117117
14.683333333333566 38.74578077811335
14.700000000000234 37.43026653679271
14.716666666666901 37.97423049391554
14.733333333333569 37.630348795397346
14.750000000000236 36.93693693693693
14.766666666666904 37.185427455255734
14.783333333333571 35.6070200832278
14.800000000000239 32.726786192132714
14.816666666666906 31.01675383387997
14.833333333333574 28.7745786516854
14.850000000000241 27.685696746470224
14.866666666666909 26.45488754703771
14.883333333333576 26.487439400617006
14.900000000000244 25.639668254808544
14.916666666666911 27.159827213822904
14.933333333333579 24.66654810599323
14.950000000000246 24.89891275047175
14.966666666666914 24.841686267414524
14.983333333333581 25.366300366300354
15.000000000000249 23.510686675761708
15.016666666666916 23.159915881868876
15.033333333333584 23.933209647495353
15.050000000000251 24.191583091198815
15.066666666666919 23.833757421543677
15.083333333333586 22.669930333270575
15.100000000000254 22.77867528271406
15.116666666666921 22.54855065531426
15.133333333333589 25.892857142857153
15.150000000000256 30.00826104915326
15.166666666666924 34.27371594702274
15.183333333333591 37.76192599197505
15.200000000000259 42.64089427107592
15.216666666666926 48.62879529872673
15.233333333333594 43.693263258480656
15.250000000000261 37.5966755165647
15.266666666666929 35.23416924310087
15.283333333333596 30.916414904330313
15.300000000000264 32.004555808656036
15.316666666666931 33.6748952026083
15.333333333333599 34.756820877817326
15.350000000000266 33.81705721422623
15.366666666666934 31.41441547717353
15.383333333333601 25.798357664233578
15.400000000000269 28.123900035198883
15.416666666666936 30.303760848601726
15.433333333333604 34.845620667926894
15.450000000000271 32.69013908031573
15.466666666666939 28.399901984807652
15.483333333333606 27.317372621240033
15.500000000000274 24.378712571220756
15.516666666666941 23.166444417505158
15.533333333333609 23.131585395736348
15.550000000000276 25.217391304347824
15.566666666666944 24.15056208159656
15.583333333333611 21.166791323859382
15.600000000000279 19.312399156013395
15.616666666666946 20.045471769609694
15.633333333333614 20.381757622341777
15.650000000000281 20.446000259302465
15.666666666666949 20.067982742842204
15.683333333333616 20.89492608869356
15.700000000000284 22.02121871599564
15.716666666666951 23.241590214067276
15.733333333333618 24.818350192335078
15.750000000000286 24.654377880184327
15.766666666666953 25.142689887311576
15.783333333333621 26.09344678310197
15.800000000000288 27.199268181125188
15.816666666666956 28.72988595531949
15.833333333333623 28.040912667191193
15.850000000000291 27.241051631295523
15.866666666666958 26.08488316642825
15.883333333333626 24.463519313304726
15.900000000000293 23.90189163193331
15.916666666666961 22.633017199807096
15.933333333333628 21.478134581248995
15.950000000000296 20.895036615134252
15.966666666666963 23.238607701362017
15.983333333333631 26.43818849449205
