4.0 0.0
4.0167 0.0
4.0333 0.0
4.05 0.0
4.0667 0.0
4.0833 0.0
4.1 0.0
4.1167 0.0
4.1333 0.0
4.15 0.0
4.1667 0.0
4.1833 0.0
4.2 0.0
4.2167 0.0
4.2333 0.0
4.25 0.0
4.2667 0.0
4.2833 0.0
4.3 0.0
4.3167 0.0
4.3333 0.0
4.35 0.0
4.3667 0.0
4.3833 0.0
4.4 0.0
4.4167 0.0
4.4333 0.0
4.45 0.0
4.4667 0.0
4.4833 0.0
4.5 0.0
4.5167 0.0
4.5333 0.0
4.55 0.0
4.5667 0.0
4.5833 0.0
4.6 0.0
4.6167 0.0
4.6333 0.0
4.65 0.0
4.6667 0.0
4.6833 0.0
4.7 0.0
4.7167 0.0
4.7333 0.0
4.75 0.0
4.7667 0.0
4.7833 0.0
4.8 0.0
4.8167 0.0
4.8333 0.0
4.85 0.0
4.8667 0.0
4.8833 0.0
4.9 0.0
4.9167 0.0
4.9333 0.0
4.95 0.0
4.9667 0.0
4.9833 0.0
5.0 0.0
5.0167 0.0
5.0333 0.0
5.05 0.0
5.0667 0.0
5.0833 0.0
5.1 0.0
5.1167 0.0
5.1333 0.0
5.15 0.0
5.1667 0.0
5.1833 0.0
5.2 0.0
5.2167 0.0
5.2333 0.0
5.25 0.0
5.2667 0.0
5.2833 0.0
5.3 0.0
5.3167 0.0
5.3333 0.0
5.35 0.0
5.3667 0.0
5.3833 0.0
5.4 0.0
5.4167 0.0
5.4333 0.0
5.45 0.0
5.4667 0.0
5.4833 0.0
5.5 0.0
5.5167 0.0
5.5333 0.0
5.55 0.0
5.5667 0.0
5.5833 0.0
5.6 0.0
5.6167 0.0
5.6333 0.0
5.65 0.0
5.6667 0.0
5.6833 0.0
5.7 0.0
5.7167 0.0
5.7333 0.0
5.75 0.0
5.7667 0.0
5.7833 0.0
5.8 0.0
5.8167 0.0
5.8333 0.0
5.85 0.0
5.8667 0.0
5.8833 0.0
5.9 0.0
5.9167 0.0
5.9333 0.0
5.95 0.0
5.9667 0.0
5.9833 0.0
6.0 0.0
6.0167 0.0
6.0333 0.0
6.05 0.0
6.0667 0.0
6.0833 0.0
6.1 0.0
6.1167 0.0
6.1333 0.0
6.15 0.0
6.1667 1.427e-16
6.1833 9.282e-13
6.2 5.129e-10
6.2167 5.651e-08
6.2333 3.252e-06
6.25 2.769e-05
6.2667 8.733e-05
6.2833 0.0001934
6.3 0.0003503
6.3167 0.000571
6.3333 0.0008896
6.35 0.00134
6.3667 0.001967
6.3833 0.002832
6.4 0.003898
6.4167 0.005399
6.4333 0.007237
6.45 0.009706
6.4667 0.01298
6.4833 0.01699
6.5 0.02218
6.5167 0.0284
6.5333 0.03624
6.55 0.04662
6.5667 0.05826
6.5833 0.07419
6.6 0.09104
6.6167 0.1114
6.6333 0.1354
6.65 0.1632
6.6667 0.1956
6.6833 0.2346
6.7 0.267
6.7167 0.3162
6.7333 0.3555
6.75 0.4035
6.7667 0.4622
6.7833 0.5314
6.8 0.5909
6.8167 0.6545
6.8333 0.7221
6.85 0.7931
6.8667 0.8673
6.8833 0.9445
6.9 1.025
6.9167 1.107
6.9333 1.193
6.95 1.28
6.9667 1.37
6.9833 1.463
7.0 1.557
7.0167 1.654
7.0333 1.753
7.05 1.854
7.0667 1.956
7.0833 2.061
7.1 2.168
7.1167 2.276
7.1333 2.387
7.15 2.499
7.1667 2.613
7.1833 2.729
7.2 2.847
7.2167 2.966
7.2333 3.088
7.25 3.211
7.2667 3.336
7.2833 3.463
7.3 3.592
7.3167 3.722
7.3333 3.855
7.35 3.989
7.3667 4.126
7.3833 4.264
7.4 4.404
7.4167 4.545
7.4333 4.689
7.45 4.835
7.4667 4.982
7.4833 5.132
7.5 5.283
7.5167 5.436
7.5333 5.591
7.55 5.748
7.5667 5.907
7.5833 6.067
7.6 6.229
7.6167 6.393
7.6333 6.559
7.65 6.727
7.6667 6.897
7.6833 7.068
7.7 7.24
7.7167 7.415
7.7333 7.591
7.75 7.77
7.7667 7.949
7.7833 8.13
7.8 8.313
7.8167 8.498
7.8333 8.684
7.85 8.872
7.8667 9.061
7.8833 9.251
7.9 9.443
7.9167 9.636
7.9333 9.832
7.95 10.03
7.9667 10.23
7.9833 10.42
8.0 10.62
8.0167 10.83
8.0333 11.03
8.05 11.23
8.0667 11.44
8.0833 11.65
8.1 11.85
8.1167 12.06
8.1333 12.27
8.15 12.48
8.1667 12.7
8.1833 12.91
8.2 13.12
8.2167 13.34
8.2333 13.55
8.25 13.77
8.2667 13.99
8.2833 14.21
8.3 14.43
8.3167 14.65
8.3333 14.87
8.35 15.09
8.3667 15.31
8.3833 15.54
8.4 15.76
8.4167 15.99
8.4333 16.21
8.45 16.44
8.4667 16.67
8.4833 16.89
8.5 17.12
8.5167 17.35
8.5333 17.58
8.55 17.81
8.5667 18.04
8.5833 18.27
8.6 18.5
8.6167 18.73
8.6333 18.96
8.65 19.2
8.6667 19.43
8.6833 19.66
8.7 19.9
8.7167 20.13
8.7333 20.36
8.75 20.6
8.7667 20.83
8.7833 21.07
8.8 21.3
8.8167 21.54
8.8333 21.77
8.85 22.01
8.8667 22.24
8.8833 22.48
8.9 22.71
8.9167 22.95
8.9333 23.18
8.95 23.42
8.9667 23.66
8.9833 23.89
9.0 24.13
9.0167 24.36
9.0333 24.6
9.05 24.83
9.0667 25.07
9.0833 25.3
9.1 25.54
9.1167 25.77
9.1333 26.01
9.15 26.24
9.1667 26.48
9.1833 26.71
9.2 26.95
9.2167 27.18
9.2333 27.41
9.25 27.65
9.2667 27.88
9.2833 28.11
9.3 28.35
9.3167 28.58
9.3333 28.81
9.35 29.04
9.3667 29.27
9.3833 29.51
9.4 29.74
9.4167 29.97
9.4333 30.2
9.45 30.43
9.4667 30.65
9.4833 30.88
9.5 31.11
9.5167 31.34
9.5333 31.57
9.55 31.79
9.5667 32.02
9.5833 32.24
9.6 32.47
9.6167 32.69
9.6333 32.92
9.65 33.14
9.6667 33.36
9.6833 33.58
9.7 33.81
9.7167 34.03
9.7333 34.25
9.75 34.47
9.7667 34.69
9.7833 34.9
9.8 35.12
9.8167 35.34
9.8333 35.56
9.85 35.77
9.8667 35.99
9.8833 36.2
9.9 36.42
9.9167 36.63
9.9333 36.84
9.95 37.05
9.9667 37.26
9.9833 37.47
10.0 37.68
10.0167 37.89
10.0333 38.1
10.05 38.3
10.0667 38.51
10.0833 38.71
10.1 38.92
10.1167 39.12
10.1333 39.32
10.15 39.52
10.1667 39.72
10.1833 39.93
10.2 40.12
10.2167 40.32
10.2333 40.52
10.25 40.71
10.2667 40.91
10.2833 41.1
10.3 41.3
10.3167 41.49
10.3333 41.68
10.35 41.87
10.3667 42.06
10.3833 42.25
10.4 42.44
10.4167 42.62
10.4333 42.81
10.45 42.99
10.4667 43.18
10.4833 43.36
10.5 43.54
10.5167 43.72
10.5333 43.9
10.55 44.08
10.5667 44.26
10.5833 44.43
10.6 44.61
10.6167 44.78
10.6333 44.96
10.65 45.13
10.6667 45.3
10.6833 45.47
10.7 45.64
10.7167 45.8
10.7333 45.97
10.75 46.14
10.7667 46.3
10.7833 46.46
10.8 46.62
10.8167 46.79
10.8333 46.95
10.85 47.1
10.8667 47.26
10.8833 47.42
10.9 47.57
10.9167 47.72
10.9333 47.88
10.95 48.03
10.9667 48.18
10.9833 48.33
11.0 48.47
11.0167 48.62
11.0333 48.77
11.05 48.91
11.0667 49.05
11.0833 49.19
11.1 49.33
11.1167 49.47
11.1333 49.61
11.15 49.75
11.1667 49.88
11.1833 50.01
11.2 50.15
11.2167 50.28
11.2333 50.41
11.25 50.54
11.2667 50.67
11.2833 50.79
11.3 50.92
11.3167 51.04
11.3333 51.16
11.35 51.28
11.3667 51.4
11.3833 51.52
11.4 51.64
11.4167 51.75
11.4333 51.87
11.45 51.98
11.4667 52.09
11.4833 52.2
11.5 52.31
11.5167 52.42
11.5333 52.53
11.55 52.63
11.5667 52.73
11.5833 52.84
11.6 52.94
11.6167 53.04
11.6333 53.14
11.65 53.23
11.6667 53.33
11.6833 53.42
11.7 53.51
11.7167 53.6
11.7333 53.69
11.75 53.78
11.7667 53.87
11.7833 53.96
11.8 54.04
11.8167 54.12
11.8333 54.2
11.85 54.28
11.8667 54.36
11.8833 54.44
11.9 54.52
11.9167 54.59
11.9333 54.66
11.95 54.73
11.9667 54.8
11.9833 54.87
12.0 54.94
12.0167 55.0
12.0333 55.07
12.05 55.13
12.0667 55.19
12.0833 55.25
12.1 55.31
12.1167 55.37
12.1333 55.42
12.15 55.48
12.1667 55.53
12.1833 55.58
12.2 55.63
12.2167 55.68
12.2333 55.73
12.25 55.77
12.2667 55.82
12.2833 55.86
12.3 55.9
12.3167 55.94
12.3333 55.98
12.35 56.01
12.3667 56.05
12.3833 56.08
12.4 56.11
12.4167 56.15
12.4333 56.17
12.45 56.2
12.4667 56.23
12.4833 56.25
12.5 56.28
12.5167 56.3
12.5333 56.32
12.55 56.34
12.5667 56.36
12.5833 56.37
12.6 56.39
12.6167 56.4
12.6333 56.41
12.65 56.42
12.6667 56.43
12.6833 56.44
12.7 56.44
12.7167 56.45
12.7333 56.45
12.75 56.45
12.7667 56.45
12.7833 56.45
12.8 56.44
12.8167 56.44
12.8333 56.43
12.85 56.43
12.8667 56.42
12.8833 56.41
12.9 56.39
12.9167 56.38
12.9333 56.36
12.95 56.35
12.9667 56.33
12.9833 56.31
13.0 56.29
13.0167 56.27
13.0333 56.24
13.05 56.22
13.0667 56.19
13.0833 56.16
13.1 56.13
13.1167 56.1
13.1333 56.07
13.15 56.03
13.1667 56.0
13.1833 55.96
13.2 55.92
13.2167 55.88
13.2333 55.84
13.25 55.8
13.2667 55.75
13.2833 55.71
13.3 55.66
13.3167 55.61
13.3333 55.56
13.35 55.5
13.3667 55.45
13.3833 55.4
13.4 55.34
13.4167 55.28
13.4333 55.22
13.45 55.16
13.4667 55.1
13.4833 55.04
13.5 54.97
13.5167 54.91
13.5333 54.84
13.55 54.77
13.5667 54.7
13.5833 54.63
13.6 54.55
13.6167 54.48
13.6333 54.4
13.65 54.33
13.6667 54.25
13.6833 54.17
13.7 54.08
13.7167 54.0
13.7333 53.92
13.75 53.83
13.7667 53.74
13.7833 53.65
13.8 53.56
13.8167 53.47
13.8333 53.38
13.85 53.28
13.8667 53.19
13.8833 53.09
13.9 52.99
13.9167 52.89
13.9333 52.79
13.95 52.69
13.9667 52.58
13.9833 52.48
14.0 52.37
14.0167 52.26
14.0333 52.15
14.05 52.04
14.0667 51.93
14.0833 51.82
14.1 51.7
14.1167 51.58
14.1333 51.47
14.15 51.35
14.1667 51.23
14.1833 51.11
14.2 50.98
14.2167 50.86
14.2333 50.73
14.25 50.61
14.2667 50.48
14.2833 50.35
14.3 50.22
14.3167 50.09
14.3333 49.95
14.35 49.82
14.3667 49.68
14.3833 49.55
14.4 49.41
14.4167 49.27
14.4333 49.13
14.45 48.99
14.4667 48.84
14.4833 48.7
14.5 48.55
14.5167 48.4
14.5333 48.26
14.55 48.11
14.5667 47.96
14.5833 47.81
14.6 47.65
14.6167 47.5
14.6333 47.34
14.65 47.19
14.6667 47.03
14.6833 46.87
14.7 46.71
14.7167 46.55
14.7333 46.39
14.75 46.22
14.7667 46.06
14.7833 45.89
14.8 45.73
14.8167 45.56
14.8333 45.39
14.85 45.22
14.8667 45.05
14.8833 44.88
14.9 44.7
14.9167 44.53
14.9333 44.35
14.95 44.18
14.9667 44.0
14.9833 43.82
15.0 43.64
15.0167 43.46
15.0333 43.28
15.05 43.09
15.0667 42.91
15.0833 42.72
15.1 42.54
15.1167 42.35
15.1333 42.16
15.15 41.97
15.1667 41.78
15.1833 41.59
15.2 41.4
15.2167 41.21
15.2333 41.02
15.25 40.82
15.2667 40.63
15.2833 40.43
15.3 40.23
15.3167 40.03
15.3333 39.83
15.35 39.63
15.3667 39.43
15.3833 39.23
15.4 39.03
15.4167 38.82
15.4333 38.62
15.45 38.41
15.4667 38.21
15.4833 38.0
15.5 37.79
15.5167 37.59
15.5333 37.38
15.55 37.17
15.5667 36.96
15.5833 36.74
15.6 36.53
15.6167 36.32
15.6333 36.1
15.65 35.89
15.6667 35.67
15.6833 35.46
15.7 35.24
15.7167 35.02
15.7333 34.81
15.75 34.59
15.7667 34.37
15.7833 34.15
15.8 33.93
15.8167 33.71
15.8333 33.49
15.85 33.26
15.8667 33.04
15.8833 32.82
15.9 32.59
15.9167 32.37
15.9333 32.14
15.95 31.92
15.9667 31.69
15.9833 31.46
16.0 31.24
16.0167 31.01
16.0333 30.78
16.05 30.55
16.0667 30.32
16.0833 30.09
16.1 29.86
16.1167 29.63
16.1333 29.4
16.15 29.17
16.1667 28.94
16.1833 28.71
16.2 28.48
16.2167 28.24
16.2333 28.01
16.25 27.78
16.2667 27.55
16.2833 27.31
16.3 27.08
16.3167 26.84
16.3333 26.61
16.35 26.38
16.3667 26.14
16.3833 25.91
16.4 25.67
16.4167 25.44
16.4333 25.2
16.45 24.97
16.4667 24.73
16.4833 24.49
16.5 24.26
16.5167 24.02
16.5333 23.79
16.55 23.55
16.5667 23.32
16.5833 23.08
16.6 22.85
16.6167 22.61
16.6333 22.37
16.65 22.14
16.6667 21.9
16.6833 21.67
16.7 21.43
16.7167 21.2
16.7333 20.96
16.75 20.73
16.7667 20.5
16.7833 20.26
16.8 20.03
16.8167 19.8
16.8333 19.56
16.85 19.33
16.8667 19.1
16.8833 18.87
16.9 18.63
16.9167 18.4
16.9333 18.17
16.95 17.94
16.9667 17.71
16.9833 17.48
17.0 17.25
17.0167 17.03
17.0333 16.8
17.05 16.57
17.0667 16.34
17.0833 16.12
17.1 15.89
17.1167 15.67
17.1333 15.44
17.15 15.22
17.1667 15.0
17.1833 14.78
17.2 14.56
17.2167 14.34
17.2333 14.12
17.25 13.9
17.2667 13.68
17.2833 13.46
17.3 13.25
17.3167 13.03
17.3333 12.82
17.35 12.61
17.3667 12.4
17.3833 12.19
17.4 11.98
17.4167 11.77
17.4333 11.56
17.45 11.35
17.4667 11.15
17.4833 10.95
17.5 10.74
17.5167 10.54
17.5333 10.34
17.55 10.14
17.5667 9.948
17.5833 9.752
17.6 9.558
17.6167 9.365
17.6333 9.174
17.65 8.984
17.6667 8.795
17.6833 8.609
17.7 8.423
17.7167 8.24
17.7333 8.057
17.75 7.877
17.7667 7.698
17.7833 7.521
17.8 7.345
17.8167 7.171
17.8333 6.999
17.85 6.829
17.8667 6.66
17.8833 6.493
17.9 6.328
17.9167 6.165
17.9333 6.003
17.95 5.844
17.9667 5.686
17.9833 5.53
18.0 5.376
18.0167 5.224
18.0333 5.073
18.05 4.925
18.0667 4.778
18.0833 4.633
18.1 4.49
18.1167 4.349
18.1333 4.21
18.15 4.073
18.1667 3.937
18.1833 3.804
18.2 3.672
18.2167 3.542
18.2333 3.414
18.25 3.288
18.2667 3.164
18.2833 3.041
18.3 2.921
18.3167 2.802
18.3333 2.685
18.35 2.57
18.3667 2.456
18.3833 2.345
18.4 2.235
18.4167 2.128
18.4333 2.022
18.45 1.918
18.4667 1.816
18.4833 1.716
18.5 1.618
18.5167 1.522
18.5333 1.428
18.55 1.337
18.5667 1.248
18.5833 1.161
18.6 1.077
18.6167 0.9951
18.6333 0.9162
18.65 0.8401
18.6667 0.767
18.6833 0.6972
18.7 0.631
18.7167 0.5689
18.7333 0.5068
18.75 0.4399
18.7667 0.3852
18.7833 0.3405
18.8 0.3039
18.8167 0.2542
18.8333 0.2164
18.85 0.1868
18.8667 0.1549
18.8833 0.128
18.9 0.1053
18.9167 0.08507
18.9333 0.06752
18.95 0.05437
18.9667 0.04244
18.9833 0.03386
