0 0.00000
1 0.00000
2 0.00000
3 0.00000
4 0.00000
5 0.00000
6 0.00000
7 0.00029
8 0.00705
9 0.03306
10 0.08022
11 0.12797
12 0.14423
13 0.13596
14 0.10867
15 0.06291
16 0.02676
17 0.00705
18 0.00058
19 0.00000
20 0.00000
21 0.00000
22 0.00000
23 0.00000
0 0.00000
1 0.00000
2 0.00000
3 0.00000
4 0.00000
5 0.00000
6 0.00000
7 0.00029
8 0.00705
9 0.03306
10 0.08022
11 0.12797
12 0.14423
13 0.13596
14 0.10867
15 0.06291
16 0.02676
17 0.00705
18 0.00058
19 0.00000
20 0.00000
21 0.00000
22 0.00000
23 0.00000
