0 0.00000
1 0.00000
2 0.00000
3 0.00000
4 0.00000
5 0.00000
6 0.00000
7 0.00064
8 0.00886
9 0.02291
10 0.07124
11 0.09013
12 0.07398
13 0.07072
14 0.04530
15 0.02606
16 0.01253
17 0.00192
18 0.00000
19 0.00000
20 0.00000
21 0.00000
22 0.00000
23 0.00000
0 0.00000
1 0.00000
2 0.00000
3 0.00000
4 0.00000
5 0.00000
6 0.00000
7 0.00064
8 0.00886
9 0.02291
10 0.07124
11 0.09013
12 0.07398
13 0.07072
14 0.04530
15 0.02606
16 0.01253
17 0.00192
18 0.00000
19 0.00000
20 0.00000
21 0.00000
22 0.00000
23 0.00000
