0 0.00000
1 0.00000
2 0.00000
3 0.00000
4 0.00000
5 0.00000
6 0.00000
7 0.00268
8 0.02262
9 0.07556
10 0.13718
11 0.19146
12 0.23507
13 0.22760
14 0.16178
15 0.10022
16 0.03580
17 0.00402
18 0.00052
19 0.00000
20 0.00000
21 0.00000
22 0.00000
23 0.00000
0 0.00000
1 0.00000
2 0.00000
3 0.00000
4 0.00000
5 0.00000
6 0.00000
7 0.00268
8 0.02262
9 0.07556
10 0.13718
11 0.19146
12 0.23507
13 0.22760
14 0.16178
15 0.10022
16 0.03580
17 0.00402
18 0.00052
19 0.00000
20 0.00000
21 0.00000
22 0.00000
23 0.00000
