0 0.00000
1 0.00000
2 0.00000
3 0.00000
4 0.00000
5 0.00000
6 0.00000
7 0.00280
8 0.01825
9 0.04886
10 0.08570
11 0.11456
12 0.15257
13 0.13479
14 0.10407
15 0.03924
16 0.01160
17 0.00175
18 0.00000
19 0.00000
20 0.00000
21 0.00000
22 0.00000
23 0.00000
0 0.00000
1 0.00000
2 0.00000
3 0.00000
4 0.00000
5 0.00000
6 0.00000
7 0.00280
8 0.01825
9 0.04886
10 0.08570
11 0.11456
12 0.15257
13 0.13479
14 0.10407
15 0.03924
16 0.01160
17 0.00175
18 0.00000
19 0.00000
20 0.00000
21 0.00000
22 0.00000
23 0.00000
