0 0.00000
1 0.00000
2 0.00000
3 0.00000
4 0.00000
5 0.00000
6 0.00029
7 0.00367
8 0.02682
9 0.07567
10 0.13759
11 0.12704
12 0.16318
13 0.11211
14 0.12086
15 0.07113
16 0.02670
17 0.00466
18 0.00012
19 0.00000
20 0.00000
21 0.00000
22 0.00000
23 0.00000
0 0.00000
1 0.00000
2 0.00000
3 0.00000
4 0.00000
5 0.00000
6 0.00029
7 0.00367
8 0.02682
9 0.07567
10 0.13759
11 0.12704
12 0.16318
13 0.11211
14 0.12086
15 0.07113
16 0.02670
17 0.00466
18 0.00012
19 0.00000
20 0.00000
21 0.00000
22 0.00000
23 0.00000
