0 0.00000
1 0.00000
2 0.00000
3 0.00000
4 0.00000
5 0.00000
6 0.00047
7 0.00490
8 0.02145
9 0.05818
10 0.09200
11 0.07468
12 0.04448
13 0.05375
14 0.05276
15 0.03142
16 0.01283
17 0.00192
18 0.00041
19 0.00000
20 0.00000
21 0.00000
22 0.00000
23 0.00000
0 0.00000
1 0.00000
2 0.00000
3 0.00000
4 0.00000
5 0.00000
6 0.00047
7 0.00490
8 0.02145
9 0.05818
10 0.09200
11 0.07468
12 0.04448
13 0.05375
14 0.05276
15 0.03142
16 0.01283
17 0.00192
18 0.00041
19 0.00000
20 0.00000
21 0.00000
22 0.00000
23 0.00000
