0 0.00000
1 0.00000
2 0.00000
3 0.00000
4 0.00000
5 0.00000
6 0.00012
7 0.00501
8 0.03422
9 0.08926
10 0.14919
11 0.18050
12 0.19991
13 0.23128
14 0.19694
15 0.09555
16 0.05125
17 0.01813
18 0.00192
19 0.00000
20 0.00000
21 0.00000
22 0.00000
23 0.00000
0 0.00000
1 0.00000
2 0.00000
3 0.00000
4 0.00000
5 0.00000
6 0.00012
7 0.00501
8 0.03422
9 0.08926
10 0.14919
11 0.18050
12 0.19991
13 0.23128
14 0.19694
15 0.09555
16 0.05125
17 0.01813
18 0.00192
19 0.00000
20 0.00000
21 0.00000
22 0.00000
23 0.00000
