0 0.00000
1 0.00000
2 0.00000
3 0.00000
4 0.00000
5 0.00000
6 0.00017
7 0.00157
8 0.01621
9 0.06186
10 0.12855
11 0.19111
12 0.22498
13 0.23198
14 0.17513
15 0.09917
16 0.04314
17 0.01376
18 0.00000
19 0.00000
20 0.00000
21 0.00000
22 0.00000
23 0.00000
0 0.00000
1 0.00000
2 0.00000
3 0.00000
4 0.00000
5 0.00000
6 0.00017
7 0.00157
8 0.01621
9 0.06186
10 0.12855
11 0.19111
12 0.22498
13 0.23198
14 0.17513
15 0.09917
16 0.04314
17 0.01376
18 0.00000
19 0.00000
20 0.00000
21 0.00000
22 0.00000
23 0.00000
