   10.0000000      0.120399997    
   10.0166664      0.121500000    
   10.0333328      0.122599997    
   10.0499992      0.123800002    
   10.0666656      0.124899998    
   10.0833321      0.126000002    
   10.0999985      0.127100006    
   10.1166649      0.128199995    
   10.1333313      0.129299998    
   10.1499977      0.130400002    
   10.1666641      0.131500006    
   10.1833305      0.132599995    
   10.1999969      0.133699998    
   10.2166634      0.134800002    
   10.2333298      0.135900006    
   10.2499962      0.136999995    
   10.2666626      0.138099998    
   10.2833290      0.139200002    
   10.2999954      0.140300006    
   10.3166618      0.141299993    
   10.3333282      0.142499998    
   10.3499947      0.143600002    
   10.3666611      0.144600004    
   10.3833275      0.145699993    
   10.3999939      0.146799996    
   10.4166603      0.147900000    
   10.4333267      0.148900002    
   10.4499931      0.150000006    
   10.4666595      0.151099995    
   10.4833260      0.152099997    
   10.4999924      0.153200001    
   10.5166588      0.154200003    
   10.5333252      0.155200005    
   10.5499916      0.156299993    
   10.5666580      0.157299995    
   10.5833244      0.158399999    
   10.5999908      0.159400001    
   10.6166573      0.160400003    
   10.6333237      0.161400005    
   10.6499901      0.162400007    
   10.6666565      0.163399994    
   10.6833229      0.164499998    
   10.6999893      0.165500000    
   10.7166557      0.166400000    
   10.7333221      0.167400002    
   10.7499886      0.168400005    
   10.7666550      0.169400007    
   10.7833214      0.170300007    
   10.7999878      0.171299994    
   10.8166542      0.172299996    
   10.8333206      0.173199996    
   10.8499870      0.174099997    
   10.8666534      0.175099999    
   10.8833199      0.175999999    
   10.8999863      0.176899999    
   10.9166527      0.177800000    
   10.9333191      0.178700000    
   10.9499855      0.179600000    
   10.9666519      0.180500001    
   10.9833183      0.181400001    
   10.9999847      0.178299993    
   11.0166512      0.178900003    
   11.0333176      0.180000007    
   11.0499840      0.180800006    
   11.0666504      0.181700006    
   11.0833168      0.182500005    
   11.0999832      0.183400005    
   11.1166496      0.184100002    
   11.1333160      0.185000002    
   11.1499825      0.185699999    
   11.1666489      0.186499998    
   11.1833153      0.187299997    
   11.1999817      0.188099995    
   11.2166481      0.188800007    
   11.2333145      0.189600006    
   11.2499809      0.190300003    
   11.2666473      0.191000000    
   11.2833138      0.191799998    
   11.2999802      0.192499995    
   11.3166466      0.193100005    
   11.3333130      0.193700001    
   11.3499794      0.194600001    
   11.3666458      0.195199996    
   11.3833122      0.195899993    
   11.3999786      0.196500003    
   11.4166451      0.197200000    
   11.4333115      0.197699994    
   11.4499779      0.198400006    
   11.4666443      0.199100003    
   11.4833107      0.199699998    
   11.4999771      0.200299993    
   11.5166435      0.200800002    
   11.5333099      0.201399997    
   11.5499763      0.202000007    
   11.5666428      0.202500001    
   11.5833092      0.202900007    
   11.5999756      0.203600004    
   11.6166420      0.203999996    
   11.6333084      0.204600006    
   11.6499748      0.205100000    
   11.6666412      0.205599993    
   11.6833076      0.206000000    
   11.6999741      0.206599995    
   11.7166405      0.207000002    
   11.7333069      0.207499996    
   11.7499733      0.207900003    
   11.7666397      0.208299994    
   11.7833061      0.208700001    
   11.7999725      0.209099993    
   11.8166389      0.209500000    
   11.8333054      0.209900007    
   11.8499718      0.210199997    
   11.8666382      0.210600004    
   11.8833046      0.210899994    
   11.8999710      0.211300001    
   11.9166374      0.211600006    
   11.9333038      0.211899996    
   11.9499702      0.212200001    
   11.9666367      0.212400004    
   11.9833031      0.212699994    
   11.9999695      0.217500001    
   12.0166359      0.217800006    
   12.0333023      0.217999995    
   12.0499687      0.218199998    
   12.0666351      0.218400002    
   12.0833015      0.218600005    
   12.0999680      0.218799993    
   12.1166344      0.218999997    
   12.1333008      0.219200000    
   12.1499672      0.219300002    
   12.1666336      0.219500005    
   12.1833000      0.219600007    
   12.1999664      0.219699994    
   12.2166328      0.219799995    
   12.2332993      0.219899997    
   12.2499657      0.219899997    
   12.2666321      0.219999999    
   12.2832985      0.220100001    
   12.2999649      0.220100001    
   12.3166313      0.220200002    
   12.3332977      0.220200002    
   12.3499641      0.220200002    
   12.3666306      0.220200002    
   12.3832970      0.220100001    
   12.3999634      0.220100001    
   12.4166298      0.220100001    
   12.4332962      0.219999999    
   12.4499626      0.219899997    
   12.4666290      0.219799995    
   12.4832954      0.219799995    
   12.4999619      0.219600007    
   12.5166283      0.219500005    
   12.5332947      0.219400004    
   12.5499611      0.219200000    
   12.5666275      0.219099998    
   12.5832939      0.218899995    
   12.5999603      0.218700007    
   12.6166267      0.218500003    
   12.6332932      0.218300000    
   12.6499596      0.218099996    
   12.6666260      0.217899993    
   12.6832924      0.217600003    
   12.6999588      0.217399999    
   12.7166252      0.217099994    
   12.7332916      0.216800004    
   12.7499580      0.216499999    
   12.7666245      0.216199994    
   12.7832909      0.215900004    
   12.7999573      0.215599999    
   12.8166237      0.215200007    
   12.8332901      0.214900002    
   12.8499565      0.214499995    
   12.8666229      0.214100003    
   12.8832893      0.213799998    
   12.8999557      0.213400006    
   12.9166222      0.212899998    
   12.9332886      0.212500006    
   12.9499550      0.212099999    
   12.9666214      0.211600006    
   12.9832878      0.211199999    
   12.9999542      0.215200007    
   13.0166206      0.214699998    
   13.0332870      0.214200005    
   13.0499535      0.213699996    
   13.0666199      0.213200003    
   13.0832863      0.212699994    
   13.0999527      0.212099999    
   13.1166191      0.211600006    
   13.1332855      0.210999995    
   13.1499519      0.210400000    
   13.1666183      0.209900007    
   13.1832848      0.209099993    
   13.1999512      0.208600000    
   13.2166176      0.208000004    
   13.2332840      0.207399994    
   13.2499504      0.206799999    
   13.2666168      0.206100002    
   13.2832832      0.205400005    
   13.2999496      0.204799995    
   13.3166161      0.204099998    
   13.3332825      0.203299999    
   13.3499489      0.202600002    
   13.3666153      0.202000007    
   13.3832817      0.201299995    
   13.3999481      0.200499997    
   13.4166145      0.199800000    
   13.4332809      0.199000001    
   13.4499474      0.198300004    
   13.4666138      0.197500005    
   13.4832802      0.196700007    
   13.4999466      0.195899993    
   13.5166130      0.194999993    
   13.5332794      0.194299996    
   13.5499458      0.193399996    
   13.5666122      0.192699999    
   13.5832787      0.191799998    
   13.5999451      0.191000000    
   13.6166115      0.190200001    
   13.6332779      0.189300001    
   13.6499443      0.188500002    
   13.6666107      0.187500000    
   13.6832771      0.186700001    
   13.6999435      0.185800001    
   13.7166100      0.184900001    
   13.7332764      0.184000000    
   13.7499428      0.182999998    
   13.7666092      0.182200000    
   13.7832756      0.181299999    
   13.7999420      0.180299997    
   13.8166084      0.179399997    
   13.8332748      0.178399995    
   13.8499413      0.177499995    
   13.8666077      0.176499993    
   13.8832741      0.175600007    
   13.8999405      0.174600005    
   13.9166069      0.173600003    
   13.9332733      0.172600001    
   13.9499397      0.171599999    
   13.9666061      0.170599997    
   13.9832726      0.169599995    
   13.9999390      0.176300004    
   14.0166054      0.175200000    
   14.0332718      0.174199998    
   14.0499382      0.173099995    
   14.0666046      0.172099993    
   14.0832710      0.171000004    
   14.0999374      0.169900000    
   14.1166039      0.168799996    
   14.1332703      0.167699993    
   14.1499367      0.166600004    
   14.1666031      0.165500000    
   14.1832695      0.164399996    
   14.1999359      0.163299993    
   14.2166023      0.162200004    
   14.2332687      0.161100000    
   14.2499352      0.159999996    
   14.2666016      0.158800006    
   14.2832680      0.157700002    
   14.2999344      0.156499997    
   14.3166008      0.155399993    
   14.3332672      0.154300004    
   14.3499336      0.153200001    
   14.3666000      0.151999995    
   14.3832664      0.150900006    
   14.3999329      0.149700001    
   14.4165993      0.148599997    
   14.4332657      0.147300005    
   14.4499321      0.146200001    
   14.4665985      0.145099998    
   14.4832649      0.143900007    
   14.4999313      0.142700002    
   14.5165977      0.141599998    
   14.5332642      0.140400007    
   14.5499306      0.139200002    
   14.5665970      0.137999997    
   14.5832634      0.136800006    
   14.5999298      0.135700002    
   14.6165962      0.134499997    
   14.6332626      0.133300006    
   14.6499290      0.132200003    
   14.6665955      0.130999997    
   14.6832619      0.129800007    
   14.6999283      0.128700003    
   14.7165947      0.127499998    
   14.7332611      0.126300007    
   14.7499275      0.125100002    
   14.7665939      0.123899996    
   14.7832603      0.122800000    
   14.7999268      0.121600002    
   14.8165932      0.120399997    
   14.8332596      0.119199999    
   14.8499260      0.118000001    
   14.8665924      0.116899997    
   14.8832588      0.115699999    
   14.8999252      0.114500001    
   14.9165916      0.113399997    
   14.9332581      0.112199999    
   14.9499245      0.111000001    
   14.9665909      0.109899998    
   14.9832573      0.108700000    
   14.9999237      0.110200003    
   15.0165901      0.108999997    
   15.0332565      0.107900001    
   15.0499229      0.106700003    
   15.0665894      0.105499998    
   15.0832558      0.104300000    
   15.0999222      0.103200004    
   15.1165886      0.101999998    
   15.1332550      0.100800000    
   15.1499214       9.96600017E-02
   15.1665878       9.84999985E-02
   15.1832542       9.73500013E-02
   15.1999207       9.61999968E-02
   15.2165871       9.50499997E-02
   15.2332535       9.39100012E-02
   15.2499199       9.27599967E-02
   15.2665863       9.16299969E-02
   15.2832527       9.04999971E-02
   15.2999191       8.93699974E-02
   15.3165855       8.82499963E-02
   15.3332520       8.71300027E-02
   15.3499184       8.60200003E-02
   15.3665848       8.49099979E-02
   15.3832512       8.38000029E-02
   15.3999176       8.27099979E-02
   15.4165840       8.16100016E-02
   15.4332504       8.05199966E-02
   15.4499168       7.94399977E-02
   15.4665833       7.83599988E-02
   15.4832497       7.72899985E-02
   15.4999161       7.62199983E-02
   15.5165825       7.51599967E-02
   15.5332489       7.41000026E-02
   15.5499153       7.30499998E-02
   15.5665817       7.20100030E-02
   15.5832481       7.09699988E-02
   15.5999146       6.99400008E-02
   15.6165810       6.89200014E-02
   15.6332474       6.79000020E-02
   15.6499138       6.68900013E-02
   15.6665802       6.58800006E-02
   15.6832466       6.48799986E-02
   15.6999130       6.38900027E-02
   15.7165794       6.28999993E-02
   15.7332458       6.19199984E-02
   15.7499123       6.09499998E-02
   15.7665787       5.99900000E-02
   15.7832451       5.90300001E-02
   15.7999115       5.80799989E-02
   15.8165779       5.71400002E-02
   15.8332443       5.62000014E-02
   15.8499107       5.52700013E-02
   15.8665771       5.43499999E-02
   15.8832436       5.34400009E-02
   15.8999100       5.25300018E-02
   15.9165764       5.16300015E-02
   15.9332428       5.07399999E-02
   15.9499092       4.98600006E-02
   15.9665756       4.89900000E-02
   15.9832420       4.81199995E-02
