   10.0000000       6.41800016E-02
   10.0166664       6.49299994E-02
   10.0333328       6.56900033E-02
   10.0499992       6.64499998E-02
   10.0666656       6.72099963E-02
   10.0833321       6.79799989E-02
   10.0999985       6.87500015E-02
   10.1166649       6.95099980E-02
   10.1333313       7.02899992E-02
   10.1499977       7.10600019E-02
   10.1666641       7.18299970E-02
   10.1833305       7.26099983E-02
   10.1999969       7.33800009E-02
   10.2166634       7.41600022E-02
   10.2333298       7.49400035E-02
   10.2499962       7.57199973E-02
   10.2666626       7.64999986E-02
   10.2833290       7.72799999E-02
   10.2999954       7.80699998E-02
   10.3166618       7.88500011E-02
   10.3333282       7.96400011E-02
   10.3499947       8.04200023E-02
   10.3666611       8.12100023E-02
   10.3833275       8.19900036E-02
   10.3999939       8.27800035E-02
   10.4166603       8.35599974E-02
   10.4333267       8.43399987E-02
   10.4499931       8.51399973E-02
   10.4666595       8.59199986E-02
   10.4833260       8.66999999E-02
   10.4999924       8.74899998E-02
   10.5166588       8.82600024E-02
   10.5333252       8.90500024E-02
   10.5499916       8.98300037E-02
   10.5666580       9.06300023E-02
   10.5833244       9.14100036E-02
   10.5999908       9.22000036E-02
   10.6166573       9.29799974E-02
   10.6333237       9.37599987E-02
   10.6499901       9.45400000E-02
   10.6666565       9.52999964E-02
   10.6833229       9.60899964E-02
   10.6999893       9.68599990E-02
   10.7166557       9.76400003E-02
   10.7333221       9.84100029E-02
   10.7499886       9.91699994E-02
   10.7666550       9.99400020E-02
   10.7833214      0.100699998    
   10.7999878      0.101400003    
   10.8166542      0.102200001    
   10.8333206      0.103000000    
   10.8499870      0.103699997    
   10.8666534      0.104500003    
   10.8833199      0.105300002    
   10.8999863      0.105999999    
   10.9166527      0.106700003    
   10.9333191      0.107500002    
   10.9499855      0.108199999    
   10.9666519      0.108999997    
   10.9833183      0.109700002    
   10.9999847      0.115699999    
   11.0166512      0.116499998    
   11.0333176      0.117200002    
   11.0499840      0.118000001    
   11.0666504      0.118699998    
   11.0833168      0.119499996    
   11.0999832      0.120099999    
   11.1166496      0.120899998    
   11.1333160      0.121600002    
   11.1499825      0.122400001    
   11.1666489      0.123000003    
   11.1833153      0.123800002    
   11.1999817      0.124499999    
   11.2166481      0.125200003    
   11.2333145      0.125900000    
   11.2499809      0.126599997    
   11.2666473      0.127299994    
   11.2833138      0.128000006    
   11.2999802      0.128700003    
   11.3166466      0.129299998    
   11.3333130      0.129999995    
   11.3499794      0.130700007    
   11.3666458      0.131300002    
   11.3833122      0.131999999    
   11.3999786      0.132599995    
   11.4166451      0.133300006    
   11.4333115      0.133900002    
   11.4499779      0.134499997    
   11.4666443      0.135100007    
   11.4833107      0.135800004    
   11.4999771      0.136399999    
   11.5166435      0.136999995    
   11.5333099      0.137500003    
   11.5499763      0.138200000    
   11.5666428      0.138699993    
   11.5833092      0.139300004    
   11.5999756      0.139899999    
   11.6166420      0.140400007    
   11.6333084      0.141000003    
   11.6499748      0.141499996    
   11.6666412      0.142100006    
   11.6833076      0.142600000    
   11.6999741      0.143099993    
   11.7166405      0.143700004    
   11.7333069      0.144199997    
   11.7499733      0.144700006    
   11.7666397      0.145199999    
   11.7833061      0.145699993    
   11.7999725      0.146100000    
   11.8166389      0.146599993    
   11.8333054      0.147100002    
   11.8499718      0.147499993    
   11.8666382      0.148000002    
   11.8833046      0.148300007    
   11.8999710      0.148900002    
   11.9166374      0.149299994    
   11.9333038      0.149700001    
   11.9499702      0.150099993    
   11.9666367      0.150500000    
   11.9833031      0.150900006    
   11.9999695      0.151299998    
   12.0166359      0.151700005    
   12.0333023      0.151999995    
   12.0499687      0.152400002    
   12.0666351      0.152799994    
   12.0833015      0.153099999    
   12.0999680      0.153400004    
   12.1166344      0.153799996    
   12.1333008      0.153999999    
   12.1499672      0.154400006    
   12.1666336      0.154699996    
   12.1833000      0.154899999    
   12.1999664      0.155200005    
   12.2166328      0.155499995    
   12.2332993      0.155699998    
   12.2499657      0.156000003    
   12.2666321      0.156299993    
   12.2832985      0.156499997    
   12.2999649      0.156700000    
   12.3166313      0.157000005    
   12.3332977      0.157199994    
   12.3499641      0.157299995    
   12.3666306      0.157499999    
   12.3832970      0.157700002    
   12.3999634      0.157900006    
   12.4166298      0.158099994    
   12.4332962      0.158199996    
   12.4499626      0.158299997    
   12.4666290      0.158500001    
   12.4832954      0.158600003    
   12.4999619      0.158700004    
   12.5166283      0.158700004    
   12.5332947      0.158899993    
   12.5499611      0.158999994    
   12.5666275      0.159099996    
   12.5832939      0.159099996    
   12.5999603      0.159199998    
   12.6166267      0.159199998    
   12.6332932      0.159299999    
   12.6499596      0.159299999    
   12.6666260      0.159299999    
   12.6832924      0.159299999    
   12.6999588      0.159299999    
   12.7166252      0.159299999    
   12.7332916      0.159299999    
   12.7499580      0.159299999    
   12.7666245      0.159199998    
   12.7832909      0.159199998    
   12.7999573      0.159099996    
   12.8166237      0.159099996    
   12.8332901      0.158999994    
   12.8499565      0.158899993    
   12.8666229      0.158700004    
   12.8832893      0.158700004    
   12.8999557      0.158600003    
   12.9166222      0.158399999    
   12.9332886      0.158299997    
   12.9499550      0.158199996    
   12.9666214      0.158000007    
   12.9832878      0.157800004    
   12.9999542      0.154200003    
   13.0166206      0.153999999    
   13.0332870      0.153799996    
   13.0499535      0.153600007    
   13.0666199      0.153400004    
   13.0832863      0.153200001    
   13.0999527      0.152899995    
   13.1166191      0.152700007    
   13.1332855      0.152500004    
   13.1499519      0.152300000    
   13.1666183      0.151999995    
   13.1832848      0.151700005    
   13.1999512      0.151500002    
   13.2166176      0.151199996    
   13.2332840      0.150900006    
   13.2499504      0.150600001    
   13.2666168      0.150299996    
   13.2832832      0.150000006    
   13.2999496      0.149599999    
   13.3166161      0.149299994    
   13.3332825      0.148900002    
   13.3499489      0.148599997    
   13.3666153      0.148200005    
   13.3832817      0.147799999    
   13.3999481      0.147400007    
   13.4166145      0.147100002    
   13.4332809      0.146699995    
   13.4499474      0.146300003    
   13.4666138      0.145899996    
   13.4832802      0.145500004    
   13.4999466      0.144999996    
   13.5166130      0.144600004    
   13.5332794      0.144099995    
   13.5499458      0.143700004    
   13.5666122      0.143199995    
   13.5832787      0.142800003    
   13.5999451      0.142299995    
   13.6166115      0.141800001    
   13.6332779      0.141299993    
   13.6499443      0.140799999    
   13.6666107      0.140300006    
   13.6832771      0.139799997    
   13.6999435      0.139300004    
   13.7166100      0.138699993    
   13.7332764      0.138200000    
   13.7499428      0.137700006    
   13.7666092      0.137099996    
   13.7832756      0.136600003    
   13.7999420      0.136000007    
   13.8166084      0.135399997    
   13.8332748      0.134900004    
   13.8499413      0.134299994    
   13.8666077      0.133699998    
   13.8832741      0.133100003    
   13.8999405      0.132499993    
   13.9166069      0.131899998    
   13.9332733      0.131300002    
   13.9499397      0.130700007    
   13.9666061      0.130099997    
   13.9832726      0.129500002    
   13.9999390      0.137999997    
   14.0166054      0.137300000    
   14.0332718      0.136600003    
   14.0499382      0.135900006    
   14.0666046      0.135199994    
   14.0832710      0.134499997    
   14.0999374      0.133800000    
   14.1166039      0.133100003    
   14.1332703      0.132400006    
   14.1499367      0.131699994    
   14.1666031      0.130899996    
   14.1832695      0.130199999    
   14.1999359      0.129500002    
   14.2166023      0.128700003    
   14.2332687      0.128000006    
   14.2499352      0.127200007    
   14.2666016      0.126399994    
   14.2832680      0.125699997    
   14.2999344      0.124899998    
   14.3166008      0.124200001    
   14.3332672      0.123400003    
   14.3499336      0.122599997    
   14.3666000      0.121799998    
   14.3832664      0.120999999    
   14.3999329      0.120200001    
   14.4165993      0.119499996    
   14.4332657      0.118699998    
   14.4499321      0.117799997    
   14.4665985      0.116999999    
   14.4832649      0.116200000    
   14.4999313      0.115400001    
   14.5165977      0.114600003    
   14.5332642      0.113799997    
   14.5499306      0.112999998    
   14.5665970      0.112199999    
   14.5832634      0.111299999    
   14.5999298      0.110500000    
   14.6165962      0.109700002    
   14.6332626      0.108800001    
   14.6499290      0.108000003    
   14.6665955      0.107199997    
   14.6832619      0.106299996    
   14.6999283      0.105499998    
   14.7165947      0.104599997    
   14.7332611      0.103799999    
   14.7499275      0.102899998    
   14.7665939      0.102100000    
   14.7832603      0.101199999    
   14.7999268      0.100400001    
   14.8165932       9.95500013E-02
   14.8332596       9.87000018E-02
   14.8499260       9.78400037E-02
   14.8665924       9.69899967E-02
   14.8832588       9.61399972E-02
   14.8999252       9.52700004E-02
   14.9165916       9.44200009E-02
   14.9332581       9.35700014E-02
   14.9499245       9.27100033E-02
   14.9665909       9.18599963E-02
   14.9832573       9.09999982E-02
   14.9999237       8.79700035E-02
   15.0165901       8.71300027E-02
   15.0332565       8.63000005E-02
   15.0499229       8.54599997E-02
   15.0665894       8.46199989E-02
   15.0832558       8.37899968E-02
   15.0999222       8.29500034E-02
   15.1165886       8.21100026E-02
   15.1332550       8.12800005E-02
   15.1499214       8.04499984E-02
   15.1665878       7.96200037E-02
   15.1832542       7.87800029E-02
   15.1999207       7.79500008E-02
   15.2165871       7.71299973E-02
   15.2332535       7.63000026E-02
   15.2499199       7.54799992E-02
   15.2665863       7.46499971E-02
   15.2832527       7.38300011E-02
   15.2999191       7.30099976E-02
   15.3165855       7.21900016E-02
   15.3332520       7.13799968E-02
   15.3499184       7.05600008E-02
   15.3665848       6.97500035E-02
   15.3832512       6.89399987E-02
   15.3999176       6.81400001E-02
   15.4165840       6.73300028E-02
   15.4332504       6.65299967E-02
   15.4499168       6.57399967E-02
   15.4665833       6.49399981E-02
   15.4832497       6.41499981E-02
   15.4999161       6.33599982E-02
   15.5165825       6.25699982E-02
   15.5332489       6.17900006E-02
   15.5499153       6.10099994E-02
   15.5665817       6.02300018E-02
   15.5832481       5.94599992E-02
   15.5999146       5.86900003E-02
   15.6165810       5.79200014E-02
   15.6332474       5.71600012E-02
   15.6499138       5.64000010E-02
   15.6665802       5.56400008E-02
   15.6832466       5.48899993E-02
   15.6999130       5.41400015E-02
   15.7165794       5.33999987E-02
   15.7332458       5.26599996E-02
   15.7499123       5.19299991E-02
   15.7665787       5.11900000E-02
   15.7832451       5.04699983E-02
   15.7999115       4.97500002E-02
   15.8165779       4.90299985E-02
   15.8332443       4.83100004E-02
   15.8499107       4.76099998E-02
   15.8665771       4.69000004E-02
   15.8832436       4.61999997E-02
   15.8999100       4.55100015E-02
   15.9165764       4.48199995E-02
   15.9332428       4.41300012E-02
   15.9499092       4.34500016E-02
   15.9665756       4.27800007E-02
   15.9832420       4.21000011E-02
