0.0 0.0
0.0167 0.0
0.0333 0.0
0.05 0.0
0.0667 0.0
0.0833 0.0
0.1 0.0
0.1167 0.0
0.1333 0.0
0.15 0.0
0.1667 0.0
0.1833 0.0
0.2 0.0
0.2167 0.0
0.2333 0.0
0.25 0.0
0.2667 0.0
0.2833 0.0
0.3 0.0
0.3167 0.0
0.3333 0.0
0.35 0.0
0.3667 0.0
0.3833 0.0
0.4 0.0
0.4167 0.0
0.4333 0.0
0.45 0.0
0.4667 0.0
0.4833 0.0
0.5 0.0
0.5167 0.0
0.5333 0.0
0.55 0.0
0.5667 0.0
0.5833 0.0
0.6 0.0
0.6167 0.0
0.6333 0.0
0.65 0.0
0.6667 0.0
0.6833 0.0
0.7 0.0
0.7167 0.0
0.7333 0.0
0.75 0.0
0.7667 0.0
0.7833 0.0
0.8 0.0
0.8167 0.0
0.8333 0.0
0.85 0.0
0.8667 0.0
0.8833 0.0
0.9 0.0
0.9167 0.0
0.9333 0.0
0.95 0.0
0.9667 0.0
0.9833 0.0
1.0 0.0
1.0167 0.0
1.0333 0.0
1.05 0.0
1.0667 0.0
1.0833 0.0
1.1 0.0
1.1167 0.0
1.1333 0.0
1.15 0.0
1.1667 0.0
1.1833 0.0
1.2 0.0
1.2167 0.0
1.2333 0.0
1.25 0.0
1.2667 0.0
1.2833 0.0
1.3 0.0
1.3167 0.0
1.3333 0.0
1.35 0.0
1.3667 0.0
1.3833 0.0
1.4 0.0
1.4167 0.0
1.4333 0.0
1.45 0.0
1.4667 0.0
1.4833 0.0
1.5 0.0
1.5167 0.0
1.5333 0.0
1.55 0.0
1.5667 0.0
1.5833 0.0
1.6 0.0
1.6167 0.0
1.6333 0.0
1.65 0.0
1.6667 0.0
1.6833 0.0
1.7 0.0
1.7167 0.0
1.7333 0.0
1.75 0.0
1.7667 0.0
1.7833 0.0
1.8 0.0
1.8167 0.0
1.8333 0.0
1.85 0.0
1.8667 0.0
1.8833 0.0
1.9 0.0
1.9167 0.0
1.9333 0.0
1.95 0.0
1.9667 0.0
1.9833 0.0
2.0 0.0
2.0167 0.0
2.0333 0.0
2.05 0.0
2.0667 0.0
2.0833 0.0
2.1 0.0
2.1167 0.0
2.1333 0.0
2.15 0.0
2.1667 0.0
2.1833 0.0
2.2 0.0
2.2167 0.0
2.2333 0.0
2.25 0.0
2.2667 0.0
2.2833 0.0
2.3 0.0
2.3167 0.0
2.3333 0.0
2.35 0.0
2.3667 0.0
2.3833 0.0
2.4 0.0
2.4167 0.0
2.4333 0.0
2.45 0.0
2.4667 0.0
2.4833 0.0
2.5 0.0
2.5167 0.0
2.5333 0.0
2.55 0.0
2.5667 0.0
2.5833 0.0
2.6 0.0
2.6167 0.0
2.6333 0.0
2.65 0.0
2.6667 0.0
2.6833 0.0
2.7 0.0
2.7167 0.0
2.7333 0.0
2.75 0.0
2.7667 0.0
2.7833 0.0
2.8 0.0
2.8167 0.0
2.8333 0.0
2.85 0.0
2.8667 0.0
2.8833 0.0
2.9 0.0
2.9167 0.0
2.9333 0.0
2.95 0.0
2.9667 0.0
2.9833 0.0
3.0 0.0
3.0167 0.0
3.0333 0.0
3.05 0.0
3.0667 0.0
3.0833 0.0
3.1 0.0
3.1167 0.0
3.1333 0.0
3.15 0.0
3.1667 0.0
3.1833 0.0
3.2 0.0
3.2167 0.0
3.2333 0.0
3.25 0.0
3.2667 0.0
3.2833 0.0
3.3 0.0
3.3167 0.0
3.3333 0.0
3.35 0.0
3.3667 0.0
3.3833 0.0
3.4 0.0
3.4167 0.0
3.4333 0.0
3.45 0.0
3.4667 0.0
3.4833 0.0
3.5 0.0
3.5167 0.0
3.5333 0.0
3.55 0.0
3.5667 0.0
3.5833 0.0
3.6 0.0
3.6167 0.0
3.6333 0.0
3.65 0.0
3.6667 0.0
3.6833 0.0
3.7 0.0
3.7167 0.0
3.7333 0.0
3.75 0.0
3.7667 0.0
3.7833 0.0
3.8 0.0
3.8167 0.0
3.8333 0.0
3.85 0.0
3.8667 0.0
3.8833 0.0
3.9 0.0
3.9167 0.0
3.9333 0.0
3.95 0.0
3.9667 0.0
3.9833 0.0
4.0 0.0
4.0167 0.0
4.0333 0.0
4.05 0.0
4.0667 0.0
4.0833 0.0
4.1 0.0
4.1167 0.0
4.1333 0.0
4.15 0.0
4.1667 0.0
4.1833 0.0
4.2 0.0
4.2167 0.0
4.2333 0.0
4.25 0.0
4.2667 0.0
4.2833 0.0
4.3 0.0
4.3167 0.0
4.3333 0.0
4.35 0.0
4.3667 0.0
4.3833 0.0
4.4 0.0
4.4167 0.0
4.4333 0.0
4.45 0.0
4.4667 0.0
4.4833 0.0
4.5 0.0
4.5167 0.0
4.5333 0.0
4.55 0.0
4.5667 0.0
4.5833 0.0
4.6 0.0
4.6167 0.0
4.6333 0.0
4.65 0.0
4.6667 0.0
4.6833 0.0
4.7 0.0
4.7167 0.0
4.7333 0.0
4.75 0.0
4.7667 0.0
4.7833 0.0
4.8 0.0
4.8167 0.0
4.8333 0.0
4.85 0.0
4.8667 0.0
4.8833 0.0
4.9 0.0
4.9167 0.0
4.9333 0.0
4.95 0.0
4.9667 0.0
4.9833 0.0
5.0 0.0
5.0167 0.0
5.0333 0.0
5.05 0.0
5.0667 0.0
5.0833 0.0
5.1 0.0
5.1167 0.0
5.1333 0.0
5.15 0.0
5.1667 0.0
5.1833 0.0
5.2 0.0
5.2167 0.0
5.2333 0.0
5.25 0.0
5.2667 0.0
5.2833 0.0
5.3 0.0
5.3167 0.0
5.3333 0.0
5.35 0.0
5.3667 0.0
5.3833 0.0
5.4 0.0
5.4167 0.0
5.4333 0.0
5.45 0.0
5.4667 0.0
5.4833 0.0
5.5 0.0
5.5167 0.0
5.5333 0.0
5.55 0.0
5.5667 0.0
5.5833 0.0
5.6 0.0
5.6167 0.0
5.6333 0.0
5.65 0.0
5.6667 0.0
5.6833 0.0
5.7 0.0
5.7167 0.0
5.7333 0.0
5.75 0.0
5.7667 0.0
5.7833 0.0
5.8 0.0
5.8167 0.0
5.8333 0.0
5.85 0.0
5.8667 0.0
5.8833 0.0
5.9 0.0
5.9167 0.0
5.9333 0.0
5.95 0.0
5.9667 0.0
5.9833 0.0
6.0 0.0
6.0167 0.0
6.0333 0.0
6.05 0.0
6.0667 0.0
6.0833 0.0
6.1 0.0
6.1167 0.0
6.1333 0.0
6.15 0.0
6.1667 0.0
6.1833 0.0
6.2 0.0
6.2167 0.0
6.2333 0.0
6.25 0.0
6.2667 0.0
6.2833 0.0
6.3 0.0
6.3167 0.0
6.3333 0.0
6.35 0.0
6.3667 0.0
6.3833 0.0
6.4 0.0
6.4167 0.0
6.4333 0.0
6.45 0.0
6.4667 0.0
6.4833 0.0
6.5 0.0
6.5167 0.0
6.5333 0.0
6.55 0.0
6.5667 1.497e-19
6.5833 2.02e-15
6.6 5.757e-13
6.6167 4.362e-11
6.6333 8.722e-10
6.65 7.929e-09
6.6667 3.144e-08
6.6833 8.269e-08
6.7 1.693e-07
6.7167 3.115e-07
6.7333 5.461e-07
6.75 9.374e-07
6.7667 1.566e-06
6.7833 2.449e-06
6.8 3.758e-06
6.8167 5.418e-06
6.8333 7.659e-06
6.85 1.036e-05
6.8667 1.383e-05
6.8833 1.823e-05
6.9 2.365e-05
6.9167 3.026e-05
6.9333 3.835e-05
6.95 4.834e-05
6.9667 5.984e-05
6.9833 7.332e-05
7.0 8.916e-05
7.0167 0.0001083
7.0333 0.0001286
7.05 0.0001521
7.0667 0.0001789
7.0833 0.000209
7.1 0.0002431
7.1167 0.0002823
7.1333 0.000321
7.15 0.0003644
7.1667 0.0004161
7.1833 0.0004653
7.2 0.0005157
7.2167 0.0005752
7.2333 0.0006452
7.25 0.0007214
7.2667 0.0007904
7.2833 0.0008641
7.3 0.0009423
7.3167 0.001025
7.3333 0.001111
7.35 0.001201
7.3667 0.001295
7.3833 0.001393
7.4 0.001495
7.4167 0.001601
7.4333 0.00171
7.45 0.001824
7.4667 0.001942
7.4833 0.002064
7.5 0.002189
7.5167 0.002319
7.5333 0.002454
7.55 0.002592
7.5667 0.002735
7.5833 0.002882
7.6 0.003034
7.6167 0.00319
7.6333 0.003351
7.65 0.003516
7.6667 0.003687
7.6833 0.003862
7.7 0.004042
7.7167 0.004227
7.7333 0.004417
7.75 0.004612
7.7667 0.004813
7.7833 0.005019
7.8 0.00523
7.8167 0.005447
7.8333 0.005669
7.85 0.005897
7.8667 0.006131
7.8833 0.00637
7.9 0.006616
7.9167 0.006867
7.9333 0.007124
7.95 0.007388
7.9667 0.007657
7.9833 0.007933
8.0 0.008215
8.0167 0.008504
8.0333 0.008799
8.05 0.0091
8.0667 0.009409
8.0833 0.009723
8.1 0.01005
8.1167 0.01037
8.1333 0.01071
8.15 0.01105
8.1667 0.0114
8.1833 0.01176
8.2 0.01212
8.2167 0.01249
8.2333 0.01287
8.25 0.01325
8.2667 0.01364
8.2833 0.01404
8.3 0.01445
8.3167 0.01486
8.3333 0.01529
8.35 0.01572
8.3667 0.01615
8.3833 0.0166
8.4 0.01705
8.4167 0.01751
8.4333 0.01798
8.45 0.01845
8.4667 0.01893
8.4833 0.01943
8.5 0.01992
8.5167 0.02043
8.5333 0.02094
8.55 0.02147
8.5667 0.022
8.5833 0.02253
8.6 0.02308
8.6167 0.02363
8.6333 0.0242
8.65 0.02477
8.6667 0.02534
8.6833 0.02593
8.7 0.02652
8.7167 0.02712
8.7333 0.02773
8.75 0.02835
8.7667 0.02898
8.7833 0.02961
8.8 0.03025
8.8167 0.0309
8.8333 0.03156
8.85 0.03222
8.8667 0.03289
8.8833 0.03357
8.9 0.03426
8.9167 0.03496
8.9333 0.03566
8.95 0.03637
8.9667 0.03709
8.9833 0.03782
9.0 0.03855
9.0167 0.0393
9.0333 0.04005
9.05 0.0408
9.0667 0.04157
9.0833 0.04234
9.1 0.04312
9.1167 0.04391
9.1333 0.0447
9.15 0.0455
9.1667 0.04631
9.1833 0.04712
9.2 0.04795
9.2167 0.04878
9.2333 0.04961
9.25 0.05045
9.2667 0.0513
9.2833 0.05216
9.3 0.05302
9.3167 0.05389
9.3333 0.05477
9.35 0.05565
9.3667 0.05654
9.3833 0.05744
9.4 0.05834
9.4167 0.05925
9.4333 0.06016
9.45 0.06108
9.4667 0.06201
9.4833 0.06294
9.5 0.06388
9.5167 0.06482
9.5333 0.06577
9.55 0.06672
9.5667 0.06768
9.5833 0.06865
9.6 0.06962
9.6167 0.07059
9.6333 0.07157
9.65 0.07256
9.6667 0.07355
9.6833 0.07454
9.7 0.07554
9.7167 0.07654
9.7333 0.07755
9.75 0.07856
9.7667 0.07958
9.7833 0.0806
9.8 0.08162
9.8167 0.08265
9.8333 0.08368
9.85 0.08472
9.8667 0.08576
9.8833 0.0868
9.9 0.08785
9.9167 0.0889
9.9333 0.08995
9.95 0.091
9.9667 0.09206
9.9833 0.09312
10.0 0.09418
10.0167 0.09525
10.0333 0.09632
10.05 0.09739
10.0667 0.09846
10.0833 0.09953
10.1 0.1006
10.1167 0.1017
10.1333 0.1028
10.15 0.1038
10.1667 0.1049
10.1833 0.106
10.2 0.1071
10.2167 0.1082
10.2333 0.1093
10.25 0.1104
10.2667 0.1114
10.2833 0.1125
10.3 0.1136
10.3167 0.1147
10.3333 0.1158
10.35 0.1169
10.3667 0.118
10.3833 0.1191
10.4 0.1201
10.4167 0.1212
10.4333 0.1223
10.45 0.1234
10.4667 0.1245
10.4833 0.1256
10.5 0.1267
10.5167 0.1277
10.5333 0.1288
10.55 0.1299
10.5667 0.131
10.5833 0.132
10.6 0.1331
10.6167 0.1342
10.6333 0.1353
10.65 0.1363
10.6667 0.1374
10.6833 0.1384
10.7 0.1395
10.7167 0.1406
10.7333 0.1416
10.75 0.1427
10.7667 0.1437
10.7833 0.1447
10.8 0.1458
10.8167 0.1468
10.8333 0.1478
10.85 0.1489
10.8667 0.1499
10.8833 0.1509
10.9 0.1519
10.9167 0.1529
10.9333 0.1539
10.95 0.1549
10.9667 0.1559
10.9833 0.1569
11.0 0.1579
11.0167 0.1589
11.0333 0.1599
11.05 0.1608
11.0667 0.1618
11.0833 0.1628
11.1 0.1637
11.1167 0.1646
11.1333 0.1656
11.15 0.1665
11.1667 0.1675
11.1833 0.1684
11.2 0.1693
11.2167 0.1702
11.2333 0.1711
11.25 0.172
11.2667 0.1729
11.2833 0.1738
11.3 0.1746
11.3167 0.1755
11.3333 0.1764
11.35 0.1772
11.3667 0.1781
11.3833 0.1789
11.4 0.1797
11.4167 0.1805
11.4333 0.1814
11.45 0.1822
11.4667 0.183
11.4833 0.1837
11.5 0.1845
11.5167 0.1853
11.5333 0.1861
11.55 0.1868
11.5667 0.1876
11.5833 0.1883
11.6 0.189
11.6167 0.1897
11.6333 0.1904
11.65 0.1911
11.6667 0.1918
11.6833 0.1925
11.7 0.1932
11.7167 0.1938
11.7333 0.1945
11.75 0.1951
11.7667 0.1957
11.7833 0.1964
11.8 0.197
11.8167 0.1976
11.8333 0.1981
11.85 0.1988
11.8667 0.1993
11.8833 0.1999
11.9 0.2004
11.9167 0.201
11.9333 0.2015
11.95 0.202
11.9667 0.2025
11.9833 0.203
12.0 0.2034
12.0167 0.2038
12.0333 0.2044
12.05 0.2049
12.0667 0.2053
12.0833 0.2057
12.1 0.2061
12.1167 0.2066
12.1333 0.207
12.15 0.2073
12.1667 0.2077
12.1833 0.2081
12.2 0.2084
12.2167 0.2087
12.2333 0.2091
12.25 0.2094
12.2667 0.2096
12.2833 0.21
12.3 0.2103
12.3167 0.2105
12.3333 0.2108
12.35 0.211
12.3667 0.2112
12.3833 0.2114
12.4 0.2117
12.4167 0.2119
12.4333 0.2121
12.45 0.2122
12.4667 0.2124
12.4833 0.2125
12.5 0.2127
12.5167 0.2128
12.5333 0.2129
12.55 0.213
12.5667 0.213
12.5833 0.213
12.6 0.2131
12.6167 0.2132
12.6333 0.2132
12.65 0.2133
12.6667 0.2133
12.6833 0.2133
12.7 0.2133
12.7167 0.2132
12.7333 0.2132
12.75 0.2131
12.7667 0.213
12.7833 0.213
12.8 0.213
12.8167 0.2129
12.8333 0.2128
12.85 0.2127
12.8667 0.2126
12.8833 0.2124
12.9 0.2123
12.9167 0.2121
12.9333 0.2119
12.95 0.2117
12.9667 0.2114
12.9833 0.2112
13.0 0.2111
13.0167 0.2108
13.0333 0.2106
13.05 0.2103
13.0667 0.21
13.0833 0.2096
13.1 0.2094
13.1167 0.2091
13.1333 0.2087
13.15 0.2084
13.1667 0.2081
13.1833 0.2077
13.2 0.2074
13.2167 0.207
13.2333 0.2066
13.25 0.2062
13.2667 0.2058
13.2833 0.2053
13.3 0.2049
13.3167 0.2045
13.3333 0.2039
13.35 0.2034
13.3667 0.203
13.3833 0.2025
13.4 0.202
13.4167 0.2015
13.4333 0.201
13.45 0.2004
13.4667 0.1999
13.4833 0.1994
13.5 0.1988
13.5167 0.1982
13.5333 0.1976
13.55 0.197
13.5667 0.1964
13.5833 0.1958
13.6 0.1952
13.6167 0.1945
13.6333 0.1939
13.65 0.1932
13.6667 0.1925
13.6833 0.1919
13.7 0.1912
13.7167 0.1904
13.7333 0.1898
13.75 0.189
13.7667 0.1883
13.7833 0.1876
13.8 0.1868
13.8167 0.1861
13.8333 0.1853
13.85 0.1846
13.8667 0.1838
13.8833 0.183
13.9 0.1822
13.9167 0.1814
13.9333 0.1805
13.95 0.1798
13.9667 0.1789
13.9833 0.1781
14.0 0.1773
14.0167 0.1764
14.0333 0.1756
14.05 0.1747
14.0667 0.1738
14.0833 0.1729
14.1 0.172
14.1167 0.1712
14.1333 0.1702
14.15 0.1693
14.1667 0.1684
14.1833 0.1675
14.2 0.1666
14.2167 0.1657
14.2333 0.1647
14.25 0.1638
14.2667 0.1628
14.2833 0.1619
14.3 0.1609
14.3167 0.1599
14.3333 0.159
14.35 0.1579
14.3667 0.157
14.3833 0.156
14.4 0.155
14.4167 0.154
14.4333 0.153
14.45 0.152
14.4667 0.151
14.4833 0.1499
14.5 0.1489
14.5167 0.1479
14.5333 0.1469
14.55 0.1458
14.5667 0.1447
14.5833 0.1437
14.6 0.1427
14.6167 0.1417
14.6333 0.1406
14.65 0.1395
14.6667 0.1385
14.6833 0.1374
14.7 0.1364
14.7167 0.1353
14.7333 0.1342
14.75 0.1332
14.7667 0.1321
14.7833 0.131
14.8 0.13
14.8167 0.1289
14.8333 0.1278
14.85 0.1267
14.8667 0.1256
14.8833 0.1245
14.9 0.1235
14.9167 0.1224
14.9333 0.1213
14.95 0.1202
14.9667 0.1191
14.9833 0.118
15.0 0.1169
15.0167 0.1159
15.0333 0.1148
15.05 0.1137
15.0667 0.1126
15.0833 0.1115
15.1 0.1104
15.1167 0.1093
15.1333 0.1082
15.15 0.1072
15.1667 0.1061
15.1833 0.105
15.2 0.1039
15.2167 0.1028
15.2333 0.1017
15.25 0.1007
15.2667 0.09959
15.2833 0.09851
15.3 0.09744
15.3167 0.09637
15.3333 0.0953
15.35 0.09424
15.3667 0.09317
15.3833 0.09211
15.4 0.09105
15.4167 0.09
15.4333 0.08895
15.45 0.0879
15.4667 0.08685
15.4833 0.08581
15.5 0.08477
15.5167 0.08374
15.5333 0.0827
15.55 0.08167
15.5667 0.08065
15.5833 0.07963
15.6 0.07861
15.6167 0.0776
15.6333 0.07659
15.65 0.07559
15.6667 0.07459
15.6833 0.07359
15.7 0.0726
15.7167 0.07162
15.7333 0.07064
15.75 0.06966
15.7667 0.06869
15.7833 0.06773
15.8 0.06677
15.8167 0.06581
15.8333 0.06486
15.85 0.06392
15.8667 0.06298
15.8833 0.06205
15.9 0.06113
15.9167 0.06021
15.9333 0.05929
15.95 0.05838
15.9667 0.05748
15.9833 0.05658
16.0 0.0557
16.0167 0.05481
16.0333 0.05393
16.05 0.05306
16.0667 0.0522
16.0833 0.05134
16.1 0.05049
16.1167 0.04965
16.1333 0.04881
16.15 0.04798
16.1667 0.04716
16.1833 0.04635
16.2 0.04554
16.2167 0.04473
16.2333 0.04394
16.25 0.04315
16.2667 0.04237
16.2833 0.0416
16.3 0.04084
16.3167 0.04008
16.3333 0.03933
16.35 0.03859
16.3667 0.03785
16.3833 0.03713
16.4 0.03641
16.4167 0.03569
16.4333 0.03499
16.45 0.03429
16.4667 0.0336
16.4833 0.03292
16.5 0.03225
16.5167 0.03158
16.5333 0.03093
16.55 0.03028
16.5667 0.02964
16.5833 0.029
16.6 0.02838
16.6167 0.02776
16.6333 0.02715
16.65 0.02655
16.6667 0.02595
16.6833 0.02537
16.7 0.02479
16.7167 0.02422
16.7333 0.02366
16.75 0.0231
16.7667 0.02256
16.7833 0.02202
16.8 0.02149
16.8167 0.02097
16.8333 0.02045
16.85 0.01994
16.8667 0.01945
16.8833 0.01895
16.9 0.01847
16.9167 0.01799
16.9333 0.01753
16.95 0.01707
16.9667 0.01662
16.9833 0.01617
17.0 0.01573
17.0167 0.0153
17.0333 0.01488
17.05 0.01447
17.0667 0.01406
17.0833 0.01366
17.1 0.01327
17.1167 0.01288
17.1333 0.0125
17.15 0.01213
17.1667 0.01177
17.1833 0.01141
17.2 0.01106
17.2167 0.01072
17.2333 0.01039
17.25 0.01006
17.2667 0.009736
17.2833 0.00942
17.3 0.009113
17.3167 0.008811
17.3333 0.008515
17.35 0.008226
17.3667 0.007944
17.3833 0.007667
17.4 0.007398
17.4167 0.007134
17.4333 0.006877
17.45 0.006625
17.4667 0.006379
17.4833 0.006139
17.5 0.005906
17.5167 0.005678
17.5333 0.005455
17.55 0.005238
17.5667 0.005026
17.5833 0.004821
17.6 0.00462
17.6167 0.004424
17.6333 0.004234
17.65 0.004049
17.6667 0.003868
17.6833 0.003693
17.7 0.003523
17.7167 0.003357
17.7333 0.003196
17.75 0.003039
17.7667 0.002888
17.7833 0.00274
17.8 0.002597
17.8167 0.002458
17.8333 0.002324
17.85 0.002194
17.8667 0.002068
17.8833 0.001946
17.9 0.001828
17.9167 0.001714
17.9333 0.001604
17.95 0.001498
17.9667 0.001396
17.9833 0.001298
18.0 0.001204
18.0167 0.001114
18.0333 0.001027
18.05 0.000945
18.0667 0.0008667
18.0833 0.0007928
18.1 0.0007235
18.1167 0.0006477
18.1333 0.0005772
18.15 0.0005175
18.1667 0.0004669
18.1833 0.0004192
18.2 0.0003656
18.2167 0.0003228
18.2333 0.0002833
18.25 0.0002441
18.2667 0.00021
18.2833 0.0001798
18.3 0.0001528
18.3167 0.0001292
18.3333 0.0001088
18.35 8.992e-05
18.3667 7.369e-05
18.3833 6.054e-05
18.4 4.859e-05
18.4167 3.859e-05
18.4333 3.052e-05
18.45 2.389e-05
18.4667 1.841e-05
18.4833 1.395e-05
18.5 1.044e-05
18.5167 7.715e-06
18.5333 5.49e-06
18.55 3.793e-06
18.5667 2.482e-06
18.5833 1.589e-06
18.6 9.478e-07
18.6167 5.533e-07
18.6333 3.159e-07
18.65 1.717e-07
18.6667 8.401e-08
18.6833 3.256e-08
18.7 8.239e-09
18.7167 9.76e-10
18.7333 4.744e-11
18.75 6.604e-13
18.7667 2.644e-15
18.7833 1.923e-19
18.8 0.0
18.8167 0.0
18.8333 0.0
18.85 0.0
18.8667 0.0
18.8833 0.0
18.9 0.0
18.9167 0.0
18.9333 0.0
18.95 0.0
18.9667 0.0
18.9833 0.0
19.0 0.0
19.0167 0.0
19.0333 0.0
19.05 0.0
19.0667 0.0
19.0833 0.0
19.1 0.0
19.1167 0.0
19.1333 0.0
19.15 0.0
19.1667 0.0
19.1833 0.0
19.2 0.0
19.2167 0.0
19.2333 0.0
19.25 0.0
19.2667 0.0
19.2833 0.0
19.3 0.0
19.3167 0.0
19.3333 0.0
19.35 0.0
19.3667 0.0
19.3833 0.0
19.4 0.0
19.4167 0.0
19.4333 0.0
19.45 0.0
19.4667 0.0
19.4833 0.0
19.5 0.0
19.5167 0.0
19.5333 0.0
19.55 0.0
19.5667 0.0
19.5833 0.0
19.6 0.0
19.6167 0.0
19.6333 0.0
19.65 0.0
19.6667 0.0
19.6833 0.0
19.7 0.0
19.7167 0.0
19.7333 0.0
19.75 0.0
19.7667 0.0
19.7833 0.0
19.8 0.0
19.8167 0.0
19.8333 0.0
19.85 0.0
19.8667 0.0
19.8833 0.0
19.9 0.0
19.9167 0.0
19.9333 0.0
19.95 0.0
19.9667 0.0
19.9833 0.0
20.0 0.0
20.0167 0.0
20.0333 0.0
20.05 0.0
20.0667 0.0
20.0833 0.0
20.1 0.0
20.1167 0.0
20.1333 0.0
20.15 0.0
20.1667 0.0
20.1833 0.0
20.2 0.0
20.2167 0.0
20.2333 0.0
20.25 0.0
20.2667 0.0
20.2833 0.0
20.3 0.0
20.3167 0.0
20.3333 0.0
20.35 0.0
20.3667 0.0
20.3833 0.0
20.4 0.0
20.4167 0.0
20.4333 0.0
20.45 0.0
20.4667 0.0
20.4833 0.0
20.5 0.0
20.5167 0.0
20.5333 0.0
20.55 0.0
20.5667 0.0
20.5833 0.0
20.6 0.0
20.6167 0.0
20.6333 0.0
20.65 0.0
20.6667 0.0
20.6833 0.0
20.7 0.0
20.7167 0.0
20.7333 0.0
20.75 0.0
20.7667 0.0
20.7833 0.0
20.8 0.0
20.8167 0.0
20.8333 0.0
20.85 0.0
20.8667 0.0
20.8833 0.0
20.9 0.0
20.9167 0.0
20.9333 0.0
20.95 0.0
20.9667 0.0
20.9833 0.0
21.0 0.0
21.0167 0.0
21.0333 0.0
21.05 0.0
21.0667 0.0
21.0833 0.0
21.1 0.0
21.1167 0.0
21.1333 0.0
21.15 0.0
21.1667 0.0
21.1833 0.0
21.2 0.0
21.2167 0.0
21.2333 0.0
21.25 0.0
21.2667 0.0
21.2833 0.0
21.3 0.0
21.3167 0.0
21.3333 0.0
21.35 0.0
21.3667 0.0
21.3833 0.0
21.4 0.0
21.4167 0.0
21.4333 0.0
21.45 0.0
21.4667 0.0
21.4833 0.0
21.5 0.0
21.5167 0.0
21.5333 0.0
21.55 0.0
21.5667 0.0
21.5833 0.0
21.6 0.0
21.6167 0.0
21.6333 0.0
21.65 0.0
21.6667 0.0
21.6833 0.0
21.7 0.0
21.7167 0.0
21.7333 0.0
21.75 0.0
21.7667 0.0
21.7833 0.0
21.8 0.0
21.8167 0.0
21.8333 0.0
21.85 0.0
21.8667 0.0
21.8833 0.0
21.9 0.0
21.9167 0.0
21.9333 0.0
21.95 0.0
21.9667 0.0
21.9833 0.0
22.0 0.0
22.0167 0.0
22.0333 0.0
22.05 0.0
22.0667 0.0
22.0833 0.0
22.1 0.0
22.1167 0.0
22.1333 0.0
22.15 0.0
22.1667 0.0
22.1833 0.0
22.2 0.0
22.2167 0.0
22.2333 0.0
22.25 0.0
22.2667 0.0
22.2833 0.0
22.3 0.0
22.3167 0.0
22.3333 0.0
22.35 0.0
22.3667 0.0
22.3833 0.0
22.4 0.0
22.4167 0.0
22.4333 0.0
22.45 0.0
22.4667 0.0
22.4833 0.0
22.5 0.0
22.5167 0.0
22.5333 0.0
22.55 0.0
22.5667 0.0
22.5833 0.0
22.6 0.0
22.6167 0.0
22.6333 0.0
22.65 0.0
22.6667 0.0
22.6833 0.0
22.7 0.0
22.7167 0.0
22.7333 0.0
22.75 0.0
22.7667 0.0
22.7833 0.0
22.8 0.0
22.8167 0.0
22.8333 0.0
22.85 0.0
22.8667 0.0
22.8833 0.0
22.9 0.0
22.9167 0.0
22.9333 0.0
22.95 0.0
22.9667 0.0
22.9833 0.0
23.0 0.0
23.0167 0.0
23.0333 0.0
23.05 0.0
23.0667 0.0
23.0833 0.0
23.1 0.0
23.1167 0.0
23.1333 0.0
23.15 0.0
23.1667 0.0
23.1833 0.0
23.2 0.0
23.2167 0.0
23.2333 0.0
23.25 0.0
23.2667 0.0
23.2833 0.0
23.3 0.0
23.3167 0.0
23.3333 0.0
23.35 0.0
23.3667 0.0
23.3833 0.0
23.4 0.0
23.4167 0.0
23.4333 0.0
23.45 0.0
23.4667 0.0
23.4833 0.0
23.5 0.0
23.5167 0.0
23.5333 0.0
23.55 0.0
23.5667 0.0
23.5833 0.0
23.6 0.0
23.6167 0.0
23.6333 0.0
23.65 0.0
23.6667 0.0
23.6833 0.0
23.7 0.0
23.7167 0.0
23.7333 0.0
23.75 0.0
23.7667 0.0
23.7833 0.0
23.8 0.0
23.8167 0.0
23.8333 0.0
23.85 0.0
23.8667 0.0
23.8833 0.0
23.9 0.0
23.9167 0.0
23.9333 0.0
23.95 0.0
23.9667 0.0
23.9833 0.0
