0.0 0.0
0.0167 0.0
0.0333 0.0
0.05 0.0
0.0667 0.0
0.0833 0.0
0.1 0.0
0.1167 0.0
0.1333 0.0
0.15 0.0
0.1667 0.0
0.1833 0.0
0.2 0.0
0.2167 0.0
0.2333 0.0
0.25 0.0
0.2667 0.0
0.2833 0.0
0.3 0.0
0.3167 0.0
0.3333 0.0
0.35 0.0
0.3667 0.0
0.3833 0.0
0.4 0.0
0.4167 0.0
0.4333 0.0
0.45 0.0
0.4667 0.0
0.4833 0.0
0.5 0.0
0.5167 0.0
0.5333 0.0
0.55 0.0
0.5667 0.0
0.5833 0.0
0.6 0.0
0.6167 0.0
0.6333 0.0
0.65 0.0
0.6667 0.0
0.6833 0.0
0.7 0.0
0.7167 0.0
0.7333 0.0
0.75 0.0
0.7667 0.0
0.7833 0.0
0.8 0.0
0.8167 0.0
0.8333 0.0
0.85 0.0
0.8667 0.0
0.8833 0.0
0.9 0.0
0.9167 0.0
0.9333 0.0
0.95 0.0
0.9667 0.0
0.9833 0.0
1.0 0.0
1.0167 0.0
1.0333 0.0
1.05 0.0
1.0667 0.0
1.0833 0.0
1.1 0.0
1.1167 0.0
1.1333 0.0
1.15 0.0
1.1667 0.0
1.1833 0.0
1.2 0.0
1.2167 0.0
1.2333 0.0
1.25 0.0
1.2667 0.0
1.2833 0.0
1.3 0.0
1.3167 0.0
1.3333 0.0
1.35 0.0
1.3667 0.0
1.3833 0.0
1.4 0.0
1.4167 0.0
1.4333 0.0
1.45 0.0
1.4667 0.0
1.4833 0.0
1.5 0.0
1.5167 0.0
1.5333 0.0
1.55 0.0
1.5667 0.0
1.5833 0.0
1.6 0.0
1.6167 0.0
1.6333 0.0
1.65 0.0
1.6667 0.0
1.6833 0.0
1.7 0.0
1.7167 0.0
1.7333 0.0
1.75 0.0
1.7667 0.0
1.7833 0.0
1.8 0.0
1.8167 0.0
1.8333 0.0
1.85 0.0
1.8667 0.0
1.8833 0.0
1.9 0.0
1.9167 0.0
1.9333 0.0
1.95 0.0
1.9667 0.0
1.9833 0.0
2.0 0.0
2.0167 0.0
2.0333 0.0
2.05 0.0
2.0667 0.0
2.0833 0.0
2.1 0.0
2.1167 0.0
2.1333 0.0
2.15 0.0
2.1667 0.0
2.1833 0.0
2.2 0.0
2.2167 0.0
2.2333 0.0
2.25 0.0
2.2667 0.0
2.2833 0.0
2.3 0.0
2.3167 0.0
2.3333 0.0
2.35 0.0
2.3667 0.0
2.3833 0.0
2.4 0.0
2.4167 0.0
2.4333 0.0
2.45 0.0
2.4667 0.0
2.4833 0.0
2.5 0.0
2.5167 0.0
2.5333 0.0
2.55 0.0
2.5667 0.0
2.5833 0.0
2.6 0.0
2.6167 0.0
2.6333 0.0
2.65 0.0
2.6667 0.0
2.6833 0.0
2.7 0.0
2.7167 0.0
2.7333 0.0
2.75 0.0
2.7667 0.0
2.7833 0.0
2.8 0.0
2.8167 0.0
2.8333 0.0
2.85 0.0
2.8667 0.0
2.8833 0.0
2.9 0.0
2.9167 0.0
2.9333 0.0
2.95 0.0
2.9667 0.0
2.9833 0.0
3.0 0.0
3.0167 0.0
3.0333 0.0
3.05 0.0
3.0667 0.0
3.0833 0.0
3.1 0.0
3.1167 0.0
3.1333 0.0
3.15 0.0
3.1667 0.0
3.1833 0.0
3.2 0.0
3.2167 0.0
3.2333 0.0
3.25 0.0
3.2667 0.0
3.2833 0.0
3.3 0.0
3.3167 0.0
3.3333 0.0
3.35 0.0
3.3667 0.0
3.3833 0.0
3.4 0.0
3.4167 0.0
3.4333 0.0
3.45 0.0
3.4667 0.0
3.4833 0.0
3.5 0.0
3.5167 0.0
3.5333 0.0
3.55 0.0
3.5667 0.0
3.5833 0.0
3.6 0.0
3.6167 0.0
3.6333 0.0
3.65 0.0
3.6667 0.0
3.6833 0.0
3.7 0.0
3.7167 0.0
3.7333 0.0
3.75 0.0
3.7667 0.0
3.7833 0.0
3.8 0.0
3.8167 0.0
3.8333 0.0
3.85 0.0
3.8667 0.0
3.8833 0.0
3.9 0.0
3.9167 0.0
3.9333 0.0
3.95 0.0
3.9667 0.0
3.9833 0.0
4.0 0.0
4.0167 0.0
4.0333 0.0
4.05 0.0
4.0667 0.0
4.0833 0.0
4.1 0.0
4.1167 0.0
4.1333 0.0
4.15 0.0
4.1667 0.0
4.1833 0.0
4.2 0.0
4.2167 0.0
4.2333 0.0
4.25 0.0
4.2667 0.0
4.2833 0.0
4.3 0.0
4.3167 0.0
4.3333 0.0
4.35 0.0
4.3667 0.0
4.3833 0.0
4.4 0.0
4.4167 0.0
4.4333 0.0
4.45 0.0
4.4667 0.0
4.4833 0.0
4.5 0.0
4.5167 0.0
4.5333 0.0
4.55 0.0
4.5667 0.0
4.5833 0.0
4.6 0.0
4.6167 0.0
4.6333 0.0
4.65 0.0
4.6667 0.0
4.6833 0.0
4.7 0.0
4.7167 0.0
4.7333 0.0
4.75 0.0
4.7667 0.0
4.7833 0.0
4.8 0.0
4.8167 0.0
4.8333 0.0
4.85 0.0
4.8667 0.0
4.8833 0.0
4.9 0.0
4.9167 0.0
4.9333 0.0
4.95 0.0
4.9667 0.0
4.9833 0.0
5.0 0.0
5.0167 0.0
5.0333 0.0
5.05 0.0
5.0667 0.0
5.0833 0.0
5.1 0.0
5.1167 0.0
5.1333 0.0
5.15 0.0
5.1667 0.0
5.1833 0.0
5.2 0.0
5.2167 0.0
5.2333 0.0
5.25 0.0
5.2667 0.0
5.2833 0.0
5.3 0.0
5.3167 0.0
5.3333 0.0
5.35 0.0
5.3667 0.0
5.3833 0.0
5.4 0.0
5.4167 0.0
5.4333 1.632e-33
5.45 2.627e-16
5.4667 1.048e-13
5.4833 1.092e-11
5.5 2.623e-10
5.5167 2.896e-09
5.5333 1.608e-08
5.55 4.547e-08
5.5667 9.934e-08
5.5833 1.869e-07
5.6 3.253e-07
5.6167 5.466e-07
5.6333 8.964e-07
5.65 1.405e-06
5.6667 2.178e-06
5.6833 3.182e-06
5.7 4.571e-06
5.7167 6.235e-06
5.7333 8.372e-06
5.75 1.11e-05
5.7667 1.45e-05
5.7833 1.866e-05
5.8 2.373e-05
5.8167 2.998e-05
5.8333 3.775e-05
5.85 4.626e-05
5.8667 5.705e-05
5.8833 6.888e-05
5.9 8.443e-05
5.9167 0.0001001
5.9333 0.0001183
5.95 0.0001392
5.9667 0.000163
5.9833 0.0001902
6.0 0.0002216
6.0167 0.0002496
6.0333 0.0002863
6.05 0.0003232
6.0667 0.0003669
6.0833 0.0004064
6.1 0.0004531
6.1167 0.0005083
6.1333 0.0005717
6.15 0.0006271
6.1667 0.0006866
6.1833 0.0007498
6.2 0.0008165
6.2167 0.0008864
6.2333 0.0009597
6.25 0.001036
6.2667 0.001116
6.2833 0.001199
6.3 0.001285
6.3167 0.001375
6.3333 0.001468
6.35 0.001564
6.3667 0.001664
6.3833 0.001767
6.4 0.001873
6.4167 0.001984
6.4333 0.002097
6.45 0.002215
6.4667 0.002336
6.4833 0.002461
6.5 0.002589
6.5167 0.002722
6.5333 0.002859
6.55 0.003
6.5667 0.003145
6.5833 0.003294
6.6 0.003447
6.6167 0.003605
6.6333 0.003768
6.65 0.003935
6.6667 0.004107
6.6833 0.004283
6.7 0.004465
6.7167 0.004651
6.7333 0.004842
6.75 0.005038
6.7667 0.00524
6.7833 0.005447
6.8 0.005659
6.8167 0.005876
6.8333 0.0061
6.85 0.006329
6.8667 0.006563
6.8833 0.006803
6.9 0.007049
6.9167 0.007301
6.9333 0.00756
6.95 0.007824
6.9667 0.008094
6.9833 0.008371
7.0 0.008654
7.0167 0.008944
7.0333 0.00924
7.05 0.009543
7.0667 0.009852
7.0833 0.01017
7.1 0.01049
7.1167 0.01082
7.1333 0.01116
7.15 0.0115
7.1667 0.01185
7.1833 0.01221
7.2 0.01258
7.2167 0.01295
7.2333 0.01333
7.25 0.01372
7.2667 0.01412
7.2833 0.01452
7.3 0.01493
7.3167 0.01535
7.3333 0.01578
7.35 0.01621
7.3667 0.01666
7.3833 0.01711
7.4 0.01757
7.4167 0.01803
7.4333 0.01851
7.45 0.01899
7.4667 0.01948
7.4833 0.01999
7.5 0.02049
7.5167 0.02101
7.5333 0.02154
7.55 0.02207
7.5667 0.02262
7.5833 0.02317
7.6 0.02373
7.6167 0.0243
7.6333 0.02488
7.65 0.02546
7.6667 0.02606
7.6833 0.02667
7.7 0.02728
7.7167 0.0279
7.7333 0.02854
7.75 0.02918
7.7667 0.02983
7.7833 0.03049
7.8 0.03116
7.8167 0.03183
7.8333 0.03252
7.85 0.03322
7.8667 0.03392
7.8833 0.03464
7.9 0.03536
7.9167 0.0361
7.9333 0.03684
7.95 0.03759
7.9667 0.03835
7.9833 0.03912
8.0 0.0399
8.0167 0.04069
8.0333 0.04149
8.05 0.0423
8.0667 0.04312
8.0833 0.04394
8.1 0.04478
8.1167 0.04563
8.1333 0.04648
8.15 0.04734
8.1667 0.04822
8.1833 0.0491
8.2 0.04999
8.2167 0.05089
8.2333 0.0518
8.25 0.05272
8.2667 0.05365
8.2833 0.05459
8.3 0.05554
8.3167 0.0565
8.3333 0.05746
8.35 0.05844
8.3667 0.05942
8.3833 0.06041
8.4 0.06141
8.4167 0.06242
8.4333 0.06344
8.45 0.06447
8.4667 0.06551
8.4833 0.06656
8.5 0.06761
8.5167 0.06867
8.5333 0.06975
8.55 0.07083
8.5667 0.07192
8.5833 0.07301
8.6 0.07412
8.6167 0.07524
8.6333 0.07636
8.65 0.07749
8.6667 0.07863
8.6833 0.07978
8.7 0.08093
8.7167 0.0821
8.7333 0.08327
8.75 0.08445
8.7667 0.08564
8.7833 0.08683
8.8 0.08803
8.8167 0.08925
8.8333 0.09046
8.85 0.09169
8.8667 0.09292
8.8833 0.09416
8.9 0.0954
8.9167 0.09666
8.9333 0.09793
8.95 0.09919
8.9667 0.1005
8.9833 0.1018
9.0 0.103
9.0167 0.1043
9.0333 0.1056
9.05 0.107
9.0667 0.1083
9.0833 0.1096
9.1 0.1109
9.1167 0.1123
9.1333 0.1136
9.15 0.1149
9.1667 0.1163
9.1833 0.1177
9.2 0.119
9.2167 0.1204
9.2333 0.1218
9.25 0.1232
9.2667 0.1245
9.2833 0.1259
9.3 0.1273
9.3167 0.1287
9.3333 0.1301
9.35 0.1315
9.3667 0.133
9.3833 0.1344
9.4 0.1358
9.4167 0.1372
9.4333 0.1387
9.45 0.14
9.4667 0.1415
9.4833 0.143
9.5 0.1444
9.5167 0.1459
9.5333 0.1473
9.55 0.1488
9.5667 0.1503
9.5833 0.1517
9.6 0.1532
9.6167 0.1546
9.6333 0.1561
9.65 0.1576
9.6667 0.1591
9.6833 0.1606
9.7 0.1621
9.7167 0.1635
9.7333 0.165
9.75 0.1665
9.7667 0.168
9.7833 0.1695
9.8 0.171
9.8167 0.1725
9.8333 0.174
9.85 0.1755
9.8667 0.177
9.8833 0.1785
9.9 0.1799
9.9167 0.1815
9.9333 0.183
9.95 0.1845
9.9667 0.1859
9.9833 0.1875
10.0 0.1889
10.0167 0.1905
10.0333 0.192
10.05 0.1935
10.0667 0.195
10.0833 0.1965
10.1 0.198
10.1167 0.1995
10.1333 0.2008
10.15 0.2025
10.1667 0.204
10.1833 0.2055
10.2 0.207
10.2167 0.2084
10.2333 0.21
10.25 0.2114
10.2667 0.2128
10.2833 0.2144
10.3 0.2159
10.3167 0.2174
10.3333 0.2188
10.35 0.2203
10.3667 0.2218
10.3833 0.2232
10.4 0.2247
10.4167 0.2262
10.4333 0.2276
10.45 0.2291
10.4667 0.2305
10.4833 0.2319
10.5 0.2334
10.5167 0.2348
10.5333 0.2363
10.55 0.2377
10.5667 0.2391
10.5833 0.2405
10.6 0.2419
10.6167 0.2433
10.6333 0.2447
10.65 0.2459
10.6667 0.2475
10.6833 0.2489
10.7 0.2503
10.7167 0.2516
10.7333 0.253
10.75 0.2544
10.7667 0.2558
10.7833 0.2571
10.8 0.2585
10.8167 0.2598
10.8333 0.2609
10.85 0.2624
10.8667 0.2638
10.8833 0.2651
10.9 0.2664
10.9167 0.2677
10.9333 0.269
10.95 0.2702
10.9667 0.2715
10.9833 0.2727
11.0 0.274
11.0167 0.2753
11.0333 0.2765
11.05 0.2777
11.0667 0.279
11.0833 0.2801
11.1 0.2814
11.1167 0.2826
11.1333 0.2838
11.15 0.285
11.1667 0.2861
11.1833 0.2873
11.2 0.2885
11.2167 0.2894
11.2333 0.2907
11.25 0.2917
11.2667 0.293
11.2833 0.2941
11.3 0.2952
11.3167 0.2962
11.3333 0.2973
11.35 0.2984
11.3667 0.2995
11.3833 0.3005
11.4 0.3015
11.4167 0.3024
11.4333 0.3036
11.45 0.3046
11.4667 0.3056
11.4833 0.3065
11.5 0.3075
11.5167 0.3085
11.5333 0.3094
11.55 0.3103
11.5667 0.3113
11.5833 0.3122
11.6 0.3131
11.6167 0.314
11.6333 0.3146
11.65 0.3157
11.6667 0.3166
11.6833 0.3174
11.7 0.3182
11.7167 0.3191
11.7333 0.3199
11.75 0.3207
11.7667 0.3214
11.7833 0.3221
11.8 0.323
11.8167 0.3237
11.8333 0.3244
11.85 0.3251
11.8667 0.3258
11.8833 0.3265
11.9 0.3272
11.9167 0.3279
11.9333 0.3285
11.95 0.3292
11.9667 0.3298
11.9833 0.3304
12.0 0.331
12.0167 0.3316
12.0333 0.3321
12.05 0.3326
12.0667 0.3329
12.0833 0.3338
12.1 0.3343
12.1167 0.3348
12.1333 0.3353
12.15 0.3358
12.1667 0.3362
12.1833 0.3367
12.2 0.3371
12.2167 0.3375
12.2333 0.3379
12.25 0.3383
12.2667 0.3387
12.2833 0.3391
12.3 0.3394
12.3167 0.3398
12.3333 0.34
12.35 0.3403
12.3667 0.3407
12.3833 0.341
12.4 0.3412
12.4167 0.3415
12.4333 0.3417
12.45 0.3419
12.4667 0.3421
12.4833 0.3423
12.5 0.3425
12.5167 0.3427
12.5333 0.3428
12.55 0.3429
12.5667 0.3431
12.5833 0.3432
12.6 0.3432
12.6167 0.3433
12.6333 0.3434
12.65 0.3434
12.6667 0.3435
12.6833 0.3435
12.7 0.3435
12.7167 0.3435
12.7333 0.3434
12.75 0.3434
12.7667 0.3433
12.7833 0.3433
12.8 0.3432
12.8167 0.3431
12.8333 0.343
12.85 0.3428
12.8667 0.3427
12.8833 0.3425
12.9 0.3423
12.9167 0.3422
12.9333 0.342
12.95 0.3417
12.9667 0.3415
12.9833 0.3413
13.0 0.341
13.0167 0.3407
13.0333 0.3404
13.05 0.3401
13.0667 0.3398
13.0833 0.3395
13.1 0.3391
13.1167 0.3388
13.1333 0.3384
13.15 0.338
13.1667 0.3376
13.1833 0.3372
13.2 0.3368
13.2167 0.3363
13.2333 0.3359
13.25 0.3354
13.2667 0.3349
13.2833 0.3344
13.3 0.3339
13.3167 0.3331
13.3333 0.3327
13.35 0.3322
13.3667 0.3316
13.3833 0.3311
13.4 0.3305
13.4167 0.3299
13.4333 0.3293
13.45 0.3286
13.4667 0.328
13.4833 0.3273
13.5 0.3266
13.5167 0.326
13.5333 0.3253
13.55 0.3245
13.5667 0.3238
13.5833 0.3231
13.6 0.3222
13.6167 0.3216
13.6333 0.3208
13.65 0.32
13.6667 0.3192
13.6833 0.3184
13.7 0.3175
13.7167 0.3167
13.7333 0.3159
13.75 0.3148
13.7667 0.3141
13.7833 0.3132
13.8 0.3123
13.8167 0.3114
13.8333 0.3105
13.85 0.3096
13.8667 0.3086
13.8833 0.3077
13.9 0.3067
13.9167 0.3056
13.9333 0.3047
13.95 0.3037
13.9667 0.3025
13.9833 0.3017
14.0 0.3006
14.0167 0.2996
14.0333 0.2986
14.05 0.2975
14.0667 0.2964
14.0833 0.2953
14.1 0.2942
14.1167 0.2931
14.1333 0.292
14.15 0.2909
14.1667 0.2898
14.1833 0.2886
14.2 0.2875
14.2167 0.2863
14.2333 0.2852
14.25 0.284
14.2667 0.2828
14.2833 0.2816
14.3 0.2804
14.3167 0.2792
14.3333 0.2779
14.35 0.2767
14.3667 0.2755
14.3833 0.2742
14.4 0.2727
14.4167 0.2717
14.4333 0.2704
14.45 0.2692
14.4667 0.2679
14.4833 0.2666
14.5 0.2653
14.5167 0.264
14.5333 0.2626
14.55 0.2613
14.5667 0.26
14.5833 0.2587
14.6 0.2573
14.6167 0.256
14.6333 0.2546
14.65 0.2533
14.6667 0.2517
14.6833 0.2505
14.7 0.2491
14.7167 0.2477
14.7333 0.2462
14.75 0.245
14.7667 0.2436
14.7833 0.2422
14.8 0.2407
14.8167 0.2393
14.8333 0.2379
14.85 0.2365
14.8667 0.235
14.8833 0.2336
14.9 0.2322
14.9167 0.2307
14.9333 0.2293
14.95 0.2278
14.9667 0.2263
14.9833 0.2249
15.0 0.2235
15.0167 0.222
15.0333 0.2205
15.05 0.2191
15.0667 0.2176
15.0833 0.2161
15.1 0.2146
15.1167 0.2131
15.1333 0.2117
15.15 0.2102
15.1667 0.2087
15.1833 0.2072
15.2 0.2057
15.2167 0.2042
15.2333 0.2027
15.25 0.2012
15.2667 0.1997
15.2833 0.1982
15.3 0.1967
15.3167 0.1952
15.3333 0.1937
15.35 0.1922
15.3667 0.1907
15.3833 0.1892
15.4 0.1877
15.4167 0.1862
15.4333 0.1847
15.45 0.1832
15.4667 0.1817
15.4833 0.1802
15.5 0.1787
15.5167 0.1772
15.5333 0.1757
15.55 0.1742
15.5667 0.1726
15.5833 0.1712
15.6 0.1697
15.6167 0.1682
15.6333 0.1667
15.65 0.1652
15.6667 0.1637
15.6833 0.1623
15.7 0.1608
15.7167 0.1593
15.7333 0.1577
15.75 0.1564
15.7667 0.1549
15.7833 0.1534
15.8 0.1519
15.8167 0.1505
15.8333 0.149
15.85 0.1475
15.8667 0.146
15.8833 0.1446
15.9 0.1432
15.9167 0.1417
15.9333 0.1403
15.95 0.1389
15.9667 0.1374
15.9833 0.136
16.0 0.1346
16.0167 0.1332
16.0333 0.1317
16.05 0.1303
16.0667 0.1289
16.0833 0.1275
16.1 0.1261
16.1167 0.1247
16.1333 0.1233
16.15 0.122
16.1667 0.1206
16.1833 0.1192
16.2 0.1178
16.2167 0.1165
16.2333 0.1151
16.25 0.1138
16.2667 0.1124
16.2833 0.1111
16.3 0.1098
16.3167 0.1085
16.3333 0.1071
16.35 0.1058
16.3667 0.1045
16.3833 0.1032
16.4 0.1019
16.4167 0.1006
16.4333 0.09934
16.45 0.09809
16.4667 0.09683
16.4833 0.09558
16.5 0.09431
16.5167 0.09308
16.5333 0.09185
16.55 0.09061
16.5667 0.0894
16.5833 0.08819
16.6 0.08699
16.6167 0.08579
16.6333 0.0846
16.65 0.08342
16.6667 0.08225
16.6833 0.08108
16.7 0.07993
16.7167 0.07878
16.7333 0.07763
16.75 0.0765
16.7667 0.07538
16.7833 0.07426
16.8 0.07315
16.8167 0.07205
16.8333 0.07096
16.85 0.06988
16.8667 0.06881
16.8833 0.06774
16.9 0.06669
16.9167 0.06564
16.9333 0.0646
16.95 0.06357
16.9667 0.06255
16.9833 0.06154
17.0 0.06053
17.0167 0.05954
17.0333 0.05855
17.05 0.05758
17.0667 0.05661
17.0833 0.05565
17.1 0.0547
17.1167 0.05377
17.1333 0.05283
17.15 0.05191
17.1667 0.051
17.1833 0.0501
17.2 0.04921
17.2167 0.04832
17.2333 0.04745
17.25 0.04658
17.2667 0.04572
17.2833 0.04488
17.3 0.04404
17.3167 0.04321
17.3333 0.04239
17.35 0.04158
17.3667 0.04078
17.3833 0.03999
17.4 0.03921
17.4167 0.03844
17.4333 0.03768
17.45 0.03692
17.4667 0.03618
17.4833 0.03544
17.5 0.03472
17.5167 0.034
17.5333 0.03329
17.55 0.0326
17.5667 0.03191
17.5833 0.03123
17.6 0.03056
17.6167 0.0299
17.6333 0.02925
17.65 0.0286
17.6667 0.02797
17.6833 0.02735
17.7 0.02673
17.7167 0.02612
17.7333 0.02553
17.75 0.02494
17.7667 0.02436
17.7833 0.02379
17.8 0.02323
17.8167 0.02267
17.8333 0.02213
17.85 0.02159
17.8667 0.02106
17.8833 0.02055
17.9 0.02004
17.9167 0.01953
17.9333 0.01904
17.95 0.01856
17.9667 0.01808
17.9833 0.01761
18.0 0.01715
18.0167 0.0167
18.0333 0.01625
18.05 0.01582
18.0667 0.01539
18.0833 0.01497
18.1 0.01456
18.1167 0.01415
18.1333 0.01376
18.15 0.01337
18.1667 0.01299
18.1833 0.01261
18.2 0.01225
18.2167 0.01189
18.2333 0.01153
18.25 0.01119
18.2667 0.01085
18.2833 0.01052
18.3 0.0102
18.3167 0.009879
18.3333 0.009569
18.35 0.009266
18.3667 0.008969
18.3833 0.008678
18.4 0.008395
18.4167 0.008117
18.4333 0.007846
18.45 0.007581
18.4667 0.007322
18.4833 0.00707
18.5 0.006823
18.5167 0.006582
18.5333 0.006347
18.55 0.006118
18.5667 0.005894
18.5833 0.005676
18.6 0.005463
18.6167 0.005256
18.6333 0.005053
18.65 0.004857
18.6667 0.004665
18.6833 0.004478
18.7 0.004296
18.7167 0.004119
18.7333 0.003947
18.75 0.00378
18.7667 0.003617
18.7833 0.003458
18.8 0.003304
18.8167 0.003155
18.8333 0.003009
18.85 0.002868
18.8667 0.002731
18.8833 0.002598
18.9 0.002469
18.9167 0.002344
18.9333 0.002222
18.95 0.002104
18.9667 0.00199
18.9833 0.00188
19.0 0.001773
19.0167 0.00167
19.0333 0.00157
19.05 0.001473
19.0667 0.00138
19.0833 0.00129
19.1 0.001204
19.1167 0.00112
19.1333 0.00104
19.15 0.0009637
19.1667 0.0008902
19.1833 0.00082
19.2 0.0007532
19.2167 0.0006898
19.2333 0.0006301
19.25 0.0005744
19.2667 0.0005112
19.2833 0.0004556
19.3 0.0004085
19.3167 0.0003686
19.3333 0.0003254
19.35 0.0002876
19.3667 0.0002512
19.3833 0.0002226
19.4 0.0001911
19.4167 0.0001639
19.4333 0.00014
19.45 0.000119
19.4667 0.0001007
19.4833 8.485e-05
19.5 6.94e-05
19.5167 5.738e-05
19.5333 4.666e-05
19.55 3.796e-05
19.5667 3.019e-05
19.5833 2.393e-05
19.6 1.887e-05
19.6167 1.471e-05
19.6333 1.122e-05
19.65 8.445e-06
19.6667 6.282e-06
19.6833 4.603e-06
19.7 3.217e-06
19.7167 2.196e-06
19.7333 1.42e-06
19.75 9.111e-07
19.7667 5.515e-07
19.7833 3.285e-07
19.8 1.889e-07
19.8167 1.005e-07
19.8333 4.608e-08
19.85 1.635e-08
19.8667 3.035e-09
19.8833 2.731e-10
19.9 1.138e-11
19.9167 1.119e-13
19.9333 3.043e-16
19.95 1.907e-33
19.9667 0.0
19.9833 0.0
20.0 0.0
20.0167 0.0
20.0333 0.0
20.05 0.0
20.0667 0.0
20.0833 0.0
20.1 0.0
20.1167 0.0
20.1333 0.0
20.15 0.0
20.1667 0.0
20.1833 0.0
20.2 0.0
20.2167 0.0
20.2333 0.0
20.25 0.0
20.2667 0.0
20.2833 0.0
20.3 0.0
20.3167 0.0
20.3333 0.0
20.35 0.0
20.3667 0.0
20.3833 0.0
20.4 0.0
20.4167 0.0
20.4333 0.0
20.45 0.0
20.4667 0.0
20.4833 0.0
20.5 0.0
20.5167 0.0
20.5333 0.0
20.55 0.0
20.5667 0.0
20.5833 0.0
20.6 0.0
20.6167 0.0
20.6333 0.0
20.65 0.0
20.6667 0.0
20.6833 0.0
20.7 0.0
20.7167 0.0
20.7333 0.0
20.75 0.0
20.7667 0.0
20.7833 0.0
20.8 0.0
20.8167 0.0
20.8333 0.0
20.85 0.0
20.8667 0.0
20.8833 0.0
20.9 0.0
20.9167 0.0
20.9333 0.0
20.95 0.0
20.9667 0.0
20.9833 0.0
21.0 0.0
21.0167 0.0
21.0333 0.0
21.05 0.0
21.0667 0.0
21.0833 0.0
21.1 0.0
21.1167 0.0
21.1333 0.0
21.15 0.0
21.1667 0.0
21.1833 0.0
21.2 0.0
21.2167 0.0
21.2333 0.0
21.25 0.0
21.2667 0.0
21.2833 0.0
21.3 0.0
21.3167 0.0
21.3333 0.0
21.35 0.0
21.3667 0.0
21.3833 0.0
21.4 0.0
21.4167 0.0
21.4333 0.0
21.45 0.0
21.4667 0.0
21.4833 0.0
21.5 0.0
21.5167 0.0
21.5333 0.0
21.55 0.0
21.5667 0.0
21.5833 0.0
21.6 0.0
21.6167 0.0
21.6333 0.0
21.65 0.0
21.6667 0.0
21.6833 0.0
21.7 0.0
21.7167 0.0
21.7333 0.0
21.75 0.0
21.7667 0.0
21.7833 0.0
21.8 0.0
21.8167 0.0
21.8333 0.0
21.85 0.0
21.8667 0.0
21.8833 0.0
21.9 0.0
21.9167 0.0
21.9333 0.0
21.95 0.0
21.9667 0.0
21.9833 0.0
22.0 0.0
22.0167 0.0
22.0333 0.0
22.05 0.0
22.0667 0.0
22.0833 0.0
22.1 0.0
22.1167 0.0
22.1333 0.0
22.15 0.0
22.1667 0.0
22.1833 0.0
22.2 0.0
22.2167 0.0
22.2333 0.0
22.25 0.0
22.2667 0.0
22.2833 0.0
22.3 0.0
22.3167 0.0
22.3333 0.0
22.35 0.0
22.3667 0.0
22.3833 0.0
22.4 0.0
22.4167 0.0
22.4333 0.0
22.45 0.0
22.4667 0.0
22.4833 0.0
22.5 0.0
22.5167 0.0
22.5333 0.0
22.55 0.0
22.5667 0.0
22.5833 0.0
22.6 0.0
22.6167 0.0
22.6333 0.0
22.65 0.0
22.6667 0.0
22.6833 0.0
22.7 0.0
22.7167 0.0
22.7333 0.0
22.75 0.0
22.7667 0.0
22.7833 0.0
22.8 0.0
22.8167 0.0
22.8333 0.0
22.85 0.0
22.8667 0.0
22.8833 0.0
22.9 0.0
22.9167 0.0
22.9333 0.0
22.95 0.0
22.9667 0.0
22.9833 0.0
23.0 0.0
23.0167 0.0
23.0333 0.0
23.05 0.0
23.0667 0.0
23.0833 0.0
23.1 0.0
23.1167 0.0
23.1333 0.0
23.15 0.0
23.1667 0.0
23.1833 0.0
23.2 0.0
23.2167 0.0
23.2333 0.0
23.25 0.0
23.2667 0.0
23.2833 0.0
23.3 0.0
23.3167 0.0
23.3333 0.0
23.35 0.0
23.3667 0.0
23.3833 0.0
23.4 0.0
23.4167 0.0
23.4333 0.0
23.45 0.0
23.4667 0.0
23.4833 0.0
23.5 0.0
23.5167 0.0
23.5333 0.0
23.55 0.0
23.5667 0.0
23.5833 0.0
23.6 0.0
23.6167 0.0
23.6333 0.0
23.65 0.0
23.6667 0.0
23.6833 0.0
23.7 0.0
23.7167 0.0
23.7333 0.0
23.75 0.0
23.7667 0.0
23.7833 0.0
23.8 0.0
23.8167 0.0
23.8333 0.0
23.85 0.0
23.8667 0.0
23.8833 0.0
23.9 0.0
23.9167 0.0
23.9333 0.0
23.95 0.0
23.9667 0.0
23.9833 0.0
