0.0 0.0
0.0167 0.0
0.0333 0.0
0.05 0.0
0.0667 0.0
0.0833 0.0
0.1 0.0
0.1167 0.0
0.1333 0.0
0.15 0.0
0.1667 0.0
0.1833 0.0
0.2 0.0
0.2167 0.0
0.2333 0.0
0.25 0.0
0.2667 0.0
0.2833 0.0
0.3 0.0
0.3167 0.0
0.3333 0.0
0.35 0.0
0.3667 0.0
0.3833 0.0
0.4 0.0
0.4167 0.0
0.4333 0.0
0.45 0.0
0.4667 0.0
0.4833 0.0
0.5 0.0
0.5167 0.0
0.5333 0.0
0.55 0.0
0.5667 0.0
0.5833 0.0
0.6 0.0
0.6167 0.0
0.6333 0.0
0.65 0.0
0.6667 0.0
0.6833 0.0
0.7 0.0
0.7167 0.0
0.7333 0.0
0.75 0.0
0.7667 0.0
0.7833 0.0
0.8 0.0
0.8167 0.0
0.8333 0.0
0.85 0.0
0.8667 0.0
0.8833 0.0
0.9 0.0
0.9167 0.0
0.9333 0.0
0.95 0.0
0.9667 0.0
0.9833 0.0
1.0 0.0
1.0167 0.0
1.0333 0.0
1.05 0.0
1.0667 0.0
1.0833 0.0
1.1 0.0
1.1167 0.0
1.1333 0.0
1.15 0.0
1.1667 0.0
1.1833 0.0
1.2 0.0
1.2167 0.0
1.2333 0.0
1.25 0.0
1.2667 0.0
1.2833 0.0
1.3 0.0
1.3167 0.0
1.3333 0.0
1.35 0.0
1.3667 0.0
1.3833 0.0
1.4 0.0
1.4167 0.0
1.4333 0.0
1.45 0.0
1.4667 0.0
1.4833 0.0
1.5 0.0
1.5167 0.0
1.5333 0.0
1.55 0.0
1.5667 0.0
1.5833 0.0
1.6 0.0
1.6167 0.0
1.6333 0.0
1.65 0.0
1.6667 0.0
1.6833 0.0
1.7 0.0
1.7167 0.0
1.7333 0.0
1.75 0.0
1.7667 0.0
1.7833 0.0
1.8 0.0
1.8167 0.0
1.8333 0.0
1.85 0.0
1.8667 0.0
1.8833 0.0
1.9 0.0
1.9167 0.0
1.9333 0.0
1.95 0.0
1.9667 0.0
1.9833 0.0
2.0 0.0
2.0167 0.0
2.0333 0.0
2.05 0.0
2.0667 0.0
2.0833 0.0
2.1 0.0
2.1167 0.0
2.1333 0.0
2.15 0.0
2.1667 0.0
2.1833 0.0
2.2 0.0
2.2167 0.0
2.2333 0.0
2.25 0.0
2.2667 0.0
2.2833 0.0
2.3 0.0
2.3167 0.0
2.3333 0.0
2.35 0.0
2.3667 0.0
2.3833 0.0
2.4 0.0
2.4167 0.0
2.4333 0.0
2.45 0.0
2.4667 0.0
2.4833 0.0
2.5 0.0
2.5167 0.0
2.5333 0.0
2.55 0.0
2.5667 0.0
2.5833 0.0
2.6 0.0
2.6167 0.0
2.6333 0.0
2.65 0.0
2.6667 0.0
2.6833 0.0
2.7 0.0
2.7167 0.0
2.7333 0.0
2.75 0.0
2.7667 0.0
2.7833 0.0
2.8 0.0
2.8167 0.0
2.8333 0.0
2.85 0.0
2.8667 0.0
2.8833 0.0
2.9 0.0
2.9167 0.0
2.9333 0.0
2.95 0.0
2.9667 0.0
2.9833 0.0
3.0 0.0
3.0167 0.0
3.0333 0.0
3.05 0.0
3.0667 0.0
3.0833 0.0
3.1 0.0
3.1167 0.0
3.1333 0.0
3.15 0.0
3.1667 0.0
3.1833 0.0
3.2 0.0
3.2167 0.0
3.2333 0.0
3.25 0.0
3.2667 0.0
3.2833 0.0
3.3 0.0
3.3167 0.0
3.3333 0.0
3.35 0.0
3.3667 0.0
3.3833 0.0
3.4 0.0
3.4167 0.0
3.4333 0.0
3.45 0.0
3.4667 0.0
3.4833 0.0
3.5 0.0
3.5167 0.0
3.5333 0.0
3.55 0.0
3.5667 0.0
3.5833 0.0
3.6 0.0
3.6167 0.0
3.6333 0.0
3.65 0.0
3.6667 0.0
3.6833 0.0
3.7 0.0
3.7167 0.0
3.7333 0.0
3.75 0.0
3.7667 0.0
3.7833 0.0
3.8 0.0
3.8167 0.0
3.8333 0.0
3.85 0.0
3.8667 0.0
3.8833 0.0
3.9 0.0
3.9167 0.0
3.9333 0.0
3.95 0.0
3.9667 0.0
3.9833 0.0
4.0 0.0
4.0167 0.0
4.0333 0.0
4.05 0.0
4.0667 0.0
4.0833 0.0
4.1 0.0
4.1167 0.0
4.1333 0.0
4.15 0.0
4.1667 0.0
4.1833 0.0
4.2 0.0
4.2167 0.0
4.2333 0.0
4.25 0.0
4.2667 0.0
4.2833 0.0
4.3 0.0
4.3167 0.0
4.3333 0.0
4.35 0.0
4.3667 0.0
4.3833 0.0
4.4 0.0
4.4167 0.0
4.4333 0.0
4.45 0.0
4.4667 0.0
4.4833 0.0
4.5 0.0
4.5167 0.0
4.5333 0.0
4.55 0.0
4.5667 0.0
4.5833 0.0
4.6 0.0
4.6167 0.0
4.6333 0.0
4.65 0.0
4.6667 0.0
4.6833 0.0
4.7 0.0
4.7167 0.0
4.7333 0.0
4.75 0.0
4.7667 0.0
4.7833 0.0
4.8 0.0
4.8167 0.0
4.8333 0.0
4.85 0.0
4.8667 0.0
4.8833 0.0
4.9 0.0
4.9167 0.0
4.9333 0.0
4.95 0.0
4.9667 0.0
4.9833 0.0
5.0 0.0
5.0167 0.0
5.0333 0.0
5.05 0.0
5.0667 0.0
5.0833 0.0
5.1 0.0
5.1167 0.0
5.1333 0.0
5.15 0.0
5.1667 0.0
5.1833 0.0
5.2 0.0
5.2167 0.0
5.2333 0.0
5.25 0.0
5.2667 0.0
5.2833 0.0
5.3 0.0
5.3167 0.0
5.3333 1.916e-19
5.35 1.665e-15
5.3667 4.111e-13
5.3833 3.096e-11
5.4 5.549e-10
5.4167 5.151e-09
5.4333 2.321e-08
5.45 5.961e-08
5.4667 1.239e-07
5.4833 2.272e-07
5.5 3.917e-07
5.5167 6.58e-07
5.5333 1.057e-06
5.55 1.67e-06
5.5667 2.582e-06
5.5833 3.709e-06
5.6 5.254e-06
5.6167 7.191e-06
5.6333 9.578e-06
5.65 1.26e-05
5.6667 1.638e-05
5.6833 2.107e-05
5.7 2.685e-05
5.7167 3.402e-05
5.7333 4.188e-05
5.75 5.188e-05
5.7667 6.325e-05
5.7833 7.723e-05
5.8 9.215e-05
5.8167 0.0001098
5.8333 0.0001302
5.85 0.0001532
5.8667 0.0001783
5.8833 0.0002064
5.9 0.000239
5.9167 0.0002779
5.9333 0.0003091
5.95 0.0003575
5.9667 0.0003946
5.9833 0.0004384
6.0 0.0004902
6.0167 0.0005513
6.0333 0.0006134
6.05 0.0006726
6.0667 0.0007357
6.0833 0.0008025
6.1 0.0008729
6.1167 0.0009468
6.1333 0.001024
6.15 0.001105
6.1667 0.001189
6.1833 0.001276
6.2 0.001367
6.2167 0.001461
6.2333 0.001559
6.25 0.00166
6.2667 0.001765
6.2833 0.001874
6.3 0.001986
6.3167 0.002102
6.3333 0.002221
6.35 0.002345
6.3667 0.002472
6.3833 0.002604
6.4 0.00274
6.4167 0.002879
6.4333 0.003023
6.45 0.003172
6.4667 0.003324
6.4833 0.003482
6.5 0.003643
6.5167 0.00381
6.5333 0.003981
6.55 0.004157
6.5667 0.004338
6.5833 0.004524
6.6 0.004716
6.6167 0.004912
6.6333 0.005114
6.65 0.005321
6.6667 0.005534
6.6833 0.005752
6.7 0.005976
6.7167 0.006205
6.7333 0.006441
6.75 0.006682
6.7667 0.00693
6.7833 0.007184
6.8 0.007443
6.8167 0.00771
6.8333 0.007982
6.85 0.008261
6.8667 0.008547
6.8833 0.008839
6.9 0.009138
6.9167 0.009444
6.9333 0.009757
6.95 0.01008
6.9667 0.0104
6.9833 0.01074
7.0 0.01108
7.0167 0.01143
7.0333 0.01178
7.05 0.01215
7.0667 0.01252
7.0833 0.0129
7.1 0.01329
7.1167 0.01368
7.1333 0.01408
7.15 0.01449
7.1667 0.01491
7.1833 0.01534
7.2 0.01577
7.2167 0.01622
7.2333 0.01667
7.25 0.01713
7.2667 0.0176
7.2833 0.01807
7.3 0.01856
7.3167 0.01905
7.3333 0.01956
7.35 0.02007
7.3667 0.02059
7.3833 0.02112
7.4 0.02166
7.4167 0.0222
7.4333 0.02276
7.45 0.02333
7.4667 0.0239
7.4833 0.02448
7.5 0.02508
7.5167 0.02568
7.5333 0.02629
7.55 0.02691
7.5667 0.02754
7.5833 0.02818
7.6 0.02883
7.6167 0.02949
7.6333 0.03016
7.65 0.03084
7.6667 0.03153
7.6833 0.03223
7.7 0.03293
7.7167 0.03365
7.7333 0.03438
7.75 0.03511
7.7667 0.03586
7.7833 0.03661
7.8 0.03738
7.8167 0.03816
7.8333 0.03894
7.85 0.03974
7.8667 0.04054
7.8833 0.04136
7.9 0.04218
7.9167 0.04302
7.9333 0.04386
7.95 0.04471
7.9667 0.04558
7.9833 0.04645
8.0 0.04734
8.0167 0.04823
8.0333 0.04913
8.05 0.05005
8.0667 0.05097
8.0833 0.0519
8.1 0.05285
8.1167 0.0538
8.1333 0.05476
8.15 0.05573
8.1667 0.05671
8.1833 0.05771
8.2 0.05871
8.2167 0.05972
8.2333 0.06074
8.25 0.06177
8.2667 0.06281
8.2833 0.06385
8.3 0.06491
8.3167 0.06598
8.3333 0.06706
8.35 0.06814
8.3667 0.06924
8.3833 0.07034
8.4 0.07146
8.4167 0.07258
8.4333 0.07371
8.45 0.07485
8.4667 0.076
8.4833 0.07716
8.5 0.07833
8.5167 0.07951
8.5333 0.08069
8.55 0.08189
8.5667 0.08309
8.5833 0.0843
8.6 0.08552
8.6167 0.08675
8.6333 0.08799
8.65 0.08923
8.6667 0.09048
8.6833 0.09174
8.7 0.09301
8.7167 0.09429
8.7333 0.09557
8.75 0.09686
8.7667 0.09815
8.7833 0.09947
8.8 0.1008
8.8167 0.1021
8.8333 0.1035
8.85 0.1048
8.8667 0.1061
8.8833 0.1075
8.9 0.1088
8.9167 0.1102
8.9333 0.1116
8.95 0.1129
8.9667 0.1144
8.9833 0.1157
9.0 0.1172
9.0167 0.1186
9.0333 0.12
9.05 0.1214
9.0667 0.1228
9.0833 0.1242
9.1 0.1257
9.1167 0.1271
9.1333 0.1285
9.15 0.13
9.1667 0.1315
9.1833 0.133
9.2 0.1344
9.2167 0.1359
9.2333 0.1374
9.25 0.1389
9.2667 0.1404
9.2833 0.1418
9.3 0.1433
9.3167 0.1448
9.3333 0.1464
9.35 0.1479
9.3667 0.1494
9.3833 0.1509
9.4 0.1524
9.4167 0.154
9.4333 0.1555
9.45 0.157
9.4667 0.1586
9.4833 0.1601
9.5 0.1616
9.5167 0.1632
9.5333 0.1647
9.55 0.1663
9.5667 0.1678
9.5833 0.1694
9.6 0.171
9.6167 0.1725
9.6333 0.174
9.65 0.1756
9.6667 0.1772
9.6833 0.1788
9.7 0.1804
9.7167 0.1819
9.7333 0.1835
9.75 0.1851
9.7667 0.1866
9.7833 0.1882
9.8 0.1898
9.8167 0.1914
9.8333 0.1929
9.85 0.1945
9.8667 0.1961
9.8833 0.1977
9.9 0.1993
9.9167 0.2008
9.9333 0.2024
9.95 0.204
9.9667 0.2056
9.9833 0.2071
10.0 0.2087
10.0167 0.2103
10.0333 0.2118
10.05 0.2134
10.0667 0.215
10.0833 0.2165
10.1 0.2181
10.1167 0.2197
10.1333 0.2212
10.15 0.2228
10.1667 0.2243
10.1833 0.2259
10.2 0.2273
10.2167 0.229
10.2333 0.2305
10.25 0.2321
10.2667 0.2336
10.2833 0.2351
10.3 0.2367
10.3167 0.2382
10.3333 0.2397
10.35 0.2412
10.3667 0.2428
10.3833 0.2443
10.4 0.2458
10.4167 0.2473
10.4333 0.2488
10.45 0.2503
10.4667 0.2517
10.4833 0.2532
10.5 0.2547
10.5167 0.2562
10.5333 0.2576
10.55 0.2591
10.5667 0.2605
10.5833 0.262
10.6 0.2632
10.6167 0.2649
10.6333 0.2663
10.65 0.2677
10.6667 0.2691
10.6833 0.2705
10.7 0.272
10.7167 0.2733
10.7333 0.2747
10.75 0.2761
10.7667 0.2773
10.7833 0.2789
10.8 0.2802
10.8167 0.2816
10.8333 0.2829
10.85 0.2842
10.8667 0.2856
10.8833 0.2869
10.9 0.2882
10.9167 0.2894
10.9333 0.2908
10.95 0.2921
10.9667 0.2933
10.9833 0.2946
11.0 0.2959
11.0167 0.2971
11.0333 0.2984
11.05 0.2996
11.0667 0.3008
11.0833 0.302
11.1 0.3032
11.1167 0.3044
11.1333 0.3056
11.15 0.3067
11.1667 0.3079
11.1833 0.3091
11.2 0.3099
11.2167 0.3113
11.2333 0.3124
11.25 0.3135
11.2667 0.3146
11.2833 0.3157
11.3 0.3168
11.3167 0.3178
11.3333 0.3189
11.35 0.32
11.3667 0.321
11.3833 0.322
11.4 0.3229
11.4167 0.324
11.4333 0.3248
11.45 0.3259
11.4667 0.3269
11.4833 0.3278
11.5 0.3288
11.5167 0.3297
11.5333 0.3306
11.55 0.3315
11.5667 0.3324
11.5833 0.3332
11.6 0.3341
11.6167 0.3349
11.6333 0.3358
11.65 0.3366
11.6667 0.3374
11.6833 0.338
11.7 0.339
11.7167 0.3397
11.7333 0.3405
11.75 0.3412
11.7667 0.3419
11.7833 0.3426
11.8 0.3433
11.8167 0.344
11.8333 0.3447
11.85 0.3453
11.8667 0.3458
11.8833 0.3466
11.9 0.3472
11.9167 0.3478
11.9333 0.3484
11.95 0.349
11.9667 0.3495
11.9833 0.3501
12.0 0.3506
12.0167 0.3511
12.0333 0.3516
12.05 0.3521
12.0667 0.3525
12.0833 0.353
12.1 0.3534
12.1167 0.3539
12.1333 0.3543
12.15 0.3547
12.1667 0.355
12.1833 0.3554
12.2 0.3558
12.2167 0.3561
12.2333 0.3563
12.25 0.3565
12.2667 0.357
12.2833 0.3572
12.3 0.3573
12.3167 0.3574
12.3333 0.3576
12.35 0.3581
12.3667 0.3584
12.3833 0.3586
12.4 0.3588
12.4167 0.3589
12.4333 0.3591
12.45 0.3592
12.4667 0.3593
12.4833 0.3594
12.5 0.3594
12.5167 0.3595
12.5333 0.3596
12.55 0.3596
12.5667 0.3596
12.5833 0.3596
12.6 0.3596
12.6167 0.3595
12.6333 0.3595
12.65 0.3594
12.6667 0.3594
12.6833 0.3593
12.7 0.3592
12.7167 0.359
12.7333 0.3589
12.75 0.3587
12.7667 0.3586
12.7833 0.3584
12.8 0.358
12.8167 0.3576
12.8333 0.3574
12.85 0.3573
12.8667 0.3571
12.8833 0.3569
12.9 0.3565
12.9167 0.3563
12.9333 0.356
12.95 0.3557
12.9667 0.3554
12.9833 0.355
13.0 0.3546
13.0167 0.3542
13.0333 0.3538
13.05 0.3534
13.0667 0.3529
13.0833 0.3525
13.1 0.352
13.1167 0.3515
13.1333 0.351
13.15 0.3505
13.1667 0.35
13.1833 0.3494
13.2 0.3489
13.2167 0.3483
13.2333 0.3477
13.25 0.3471
13.2667 0.3465
13.2833 0.3458
13.3 0.3452
13.3167 0.3446
13.3333 0.3439
13.35 0.3432
13.3667 0.3425
13.3833 0.3418
13.4 0.3411
13.4167 0.3404
13.4333 0.3396
13.45 0.3388
13.4667 0.3379
13.4833 0.3373
13.5 0.3365
13.5167 0.3357
13.5333 0.3348
13.55 0.334
13.5667 0.3331
13.5833 0.3323
13.6 0.3314
13.6167 0.3305
13.6333 0.3296
13.65 0.3286
13.6667 0.3277
13.6833 0.3268
13.7 0.3258
13.7167 0.3246
13.7333 0.3239
13.75 0.3228
13.7667 0.3219
13.7833 0.3208
13.8 0.3198
13.8167 0.3187
13.8333 0.3176
13.85 0.3167
13.8667 0.3156
13.8833 0.3145
13.9 0.3134
13.9167 0.3123
13.9333 0.3112
13.95 0.3098
13.9667 0.3089
13.9833 0.3078
14.0 0.3066
14.0167 0.3054
14.0333 0.3043
14.05 0.303
14.0667 0.3018
14.0833 0.3007
14.1 0.2994
14.1167 0.2982
14.1333 0.297
14.15 0.2957
14.1667 0.2945
14.1833 0.2931
14.2 0.2919
14.2167 0.2906
14.2333 0.2892
14.25 0.288
14.2667 0.2867
14.2833 0.2854
14.3 0.2841
14.3167 0.2827
14.3333 0.2814
14.35 0.28
14.3667 0.2787
14.3833 0.2772
14.4 0.2759
14.4167 0.2746
14.4333 0.2732
14.45 0.2718
14.4667 0.2704
14.4833 0.269
14.5 0.2675
14.5167 0.2661
14.5333 0.2647
14.55 0.2631
14.5667 0.2617
14.5833 0.2604
14.6 0.2589
14.6167 0.2575
14.6333 0.256
14.65 0.2545
14.6667 0.253
14.6833 0.2515
14.7 0.2501
14.7167 0.2485
14.7333 0.2471
14.75 0.2456
14.7667 0.2441
14.7833 0.2426
14.8 0.2411
14.8167 0.2395
14.8333 0.238
14.85 0.2365
14.8667 0.235
14.8833 0.2334
14.9 0.2319
14.9167 0.2304
14.9333 0.2288
14.95 0.2273
14.9667 0.2257
14.9833 0.2242
15.0 0.2226
15.0167 0.221
15.0333 0.2195
15.05 0.2179
15.0667 0.2164
15.0833 0.2148
15.1 0.2132
15.1167 0.2117
15.1333 0.2101
15.15 0.2085
15.1667 0.2069
15.1833 0.2054
15.2 0.2038
15.2167 0.2022
15.2333 0.2006
15.25 0.1991
15.2667 0.1975
15.2833 0.1959
15.3 0.1943
15.3167 0.1928
15.3333 0.1912
15.35 0.1896
15.3667 0.1879
15.3833 0.1865
15.4 0.1849
15.4167 0.1833
15.4333 0.1817
15.45 0.1802
15.4667 0.1786
15.4833 0.177
15.5 0.1755
15.5167 0.1738
15.5333 0.1723
15.55 0.1708
15.5667 0.1692
15.5833 0.1676
15.6 0.1661
15.6167 0.1646
15.6333 0.163
15.65 0.1615
15.6667 0.1599
15.6833 0.1584
15.7 0.1569
15.7167 0.1553
15.7333 0.1538
15.75 0.1522
15.7667 0.1507
15.7833 0.1492
15.8 0.1477
15.8167 0.1462
15.8333 0.1447
15.85 0.1432
15.8667 0.1417
15.8833 0.1402
15.9 0.1387
15.9167 0.1372
15.9333 0.1357
15.95 0.1342
15.9667 0.1328
15.9833 0.1313
16.0 0.1299
16.0167 0.1284
16.0333 0.127
16.05 0.1255
16.0667 0.1241
16.0833 0.1226
16.1 0.1212
16.1167 0.1198
16.1333 0.1184
16.15 0.117
16.1667 0.1156
16.1833 0.1142
16.2 0.1128
16.2167 0.1114
16.2333 0.1101
16.25 0.1087
16.2667 0.1073
16.2833 0.106
16.3 0.1046
16.3167 0.1033
16.3333 0.102
16.35 0.1007
16.3667 0.09935
16.3833 0.09804
16.4 0.09674
16.4167 0.09545
16.4333 0.09417
16.45 0.09289
16.4667 0.09163
16.4833 0.09037
16.5 0.08912
16.5167 0.08787
16.5333 0.08664
16.55 0.08541
16.5667 0.08419
16.5833 0.08298
16.6 0.08178
16.6167 0.08059
16.6333 0.0794
16.65 0.07823
16.6667 0.07706
16.6833 0.0759
16.7 0.07475
16.7167 0.07361
16.7333 0.07248
16.75 0.07136
16.7667 0.07025
16.7833 0.06915
16.8 0.06805
16.8167 0.06697
16.8333 0.06589
16.85 0.06482
16.8667 0.06377
16.8833 0.06272
16.9 0.06168
16.9167 0.06065
16.9333 0.05964
16.95 0.05863
16.9667 0.05763
16.9833 0.05664
17.0 0.05566
17.0167 0.05469
17.0333 0.05372
17.05 0.05277
17.0667 0.05183
17.0833 0.0509
17.1 0.04998
17.1167 0.04907
17.1333 0.04816
17.15 0.04727
17.1667 0.04639
17.1833 0.04551
17.2 0.04465
17.2167 0.0438
17.2333 0.04296
17.25 0.04212
17.2667 0.0413
17.2833 0.04048
17.3 0.03968
17.3167 0.03889
17.3333 0.0381
17.35 0.03733
17.3667 0.03656
17.3833 0.03581
17.4 0.03506
17.4167 0.03433
17.4333 0.0336
17.45 0.03289
17.4667 0.03218
17.4833 0.03148
17.5 0.0308
17.5167 0.03012
17.5333 0.02945
17.55 0.02879
17.5667 0.02814
17.5833 0.0275
17.6 0.02687
17.6167 0.02625
17.6333 0.02564
17.65 0.02504
17.6667 0.02445
17.6833 0.02387
17.7 0.02329
17.7167 0.02273
17.7333 0.02217
17.75 0.02163
17.7667 0.02109
17.7833 0.02056
17.8 0.02004
17.8167 0.01953
17.8333 0.01903
17.85 0.01853
17.8667 0.01805
17.8833 0.01757
17.9 0.0171
17.9167 0.01665
17.9333 0.01619
17.95 0.01575
17.9667 0.01532
17.9833 0.01489
18.0 0.01447
18.0167 0.01406
18.0333 0.01366
18.05 0.01327
18.0667 0.01288
18.0833 0.0125
18.1 0.01213
18.1167 0.01177
18.1333 0.01141
18.15 0.01107
18.1667 0.01072
18.1833 0.01039
18.2 0.01006
18.2167 0.009745
18.2333 0.009432
18.25 0.009127
18.2667 0.008828
18.2833 0.008536
18.3 0.008251
18.3167 0.007972
18.3333 0.0077
18.35 0.007435
18.3667 0.007175
18.3833 0.006922
18.4 0.006675
18.4167 0.006433
18.4333 0.006198
18.45 0.005969
18.4667 0.005745
18.4833 0.005528
18.5 0.005315
18.5167 0.005109
18.5333 0.004907
18.55 0.004711
18.5667 0.00452
18.5833 0.004334
18.6 0.004153
18.6167 0.003977
18.6333 0.003806
18.65 0.00364
18.6667 0.003478
18.6833 0.003321
18.7 0.003169
18.7167 0.003021
18.7333 0.002877
18.75 0.002737
18.7667 0.002602
18.7833 0.002471
18.8 0.002343
18.8167 0.00222
18.8333 0.0021
18.85 0.001985
18.8667 0.001873
18.8833 0.001764
18.9 0.00166
18.9167 0.001558
18.9333 0.001461
18.95 0.001366
18.9667 0.001276
18.9833 0.001188
19.0 0.001104
19.0167 0.001024
19.0333 0.0009467
19.05 0.000873
19.0667 0.0008026
19.0833 0.0007361
19.1 0.0006728
19.1167 0.0006136
19.1333 0.0005517
19.15 0.0004905
19.1667 0.0004387
19.1833 0.0003949
19.2 0.0003579
19.2167 0.0003095
19.2333 0.0002782
19.25 0.0002393
19.2667 0.0002068
19.2833 0.0001787
19.3 0.0001537
19.3167 0.0001307
19.3333 0.0001101
19.35 9.24e-05
19.3667 7.744e-05
19.3833 6.357e-05
19.4 5.206e-05
19.4167 4.211e-05
19.4333 3.415e-05
19.45 2.697e-05
19.4667 2.118e-05
19.4833 1.649e-05
19.5 1.269e-05
19.5167 9.643e-06
19.5333 7.239e-06
19.55 5.339e-06
19.5667 3.748e-06
19.5833 2.607e-06
19.6 1.692e-06
19.6167 1.083e-06
19.6333 6.666e-07
19.65 3.979e-07
19.6667 2.314e-07
19.6833 1.266e-07
19.7 6.119e-08
19.7167 2.4e-08
19.7333 5.7e-09
19.75 6.138e-10
19.7667 3.488e-11
19.7833 5.064e-13
19.8 2.555e-15
19.8167 3.082e-19
19.8333 0.0
19.85 0.0
19.8667 0.0
19.8833 0.0
19.9 0.0
19.9167 0.0
19.9333 0.0
19.95 0.0
19.9667 0.0
19.9833 0.0
20.0 0.0
20.0167 0.0
20.0333 0.0
20.05 0.0
20.0667 0.0
20.0833 0.0
20.1 0.0
20.1167 0.0
20.1333 0.0
20.15 0.0
20.1667 0.0
20.1833 0.0
20.2 0.0
20.2167 0.0
20.2333 0.0
20.25 0.0
20.2667 0.0
20.2833 0.0
20.3 0.0
20.3167 0.0
20.3333 0.0
20.35 0.0
20.3667 0.0
20.3833 0.0
20.4 0.0
20.4167 0.0
20.4333 0.0
20.45 0.0
20.4667 0.0
20.4833 0.0
20.5 0.0
20.5167 0.0
20.5333 0.0
20.55 0.0
20.5667 0.0
20.5833 0.0
20.6 0.0
20.6167 0.0
20.6333 0.0
20.65 0.0
20.6667 0.0
20.6833 0.0
20.7 0.0
20.7167 0.0
20.7333 0.0
20.75 0.0
20.7667 0.0
20.7833 0.0
20.8 0.0
20.8167 0.0
20.8333 0.0
20.85 0.0
20.8667 0.0
20.8833 0.0
20.9 0.0
20.9167 0.0
20.9333 0.0
20.95 0.0
20.9667 0.0
20.9833 0.0
21.0 0.0
21.0167 0.0
21.0333 0.0
21.05 0.0
21.0667 0.0
21.0833 0.0
21.1 0.0
21.1167 0.0
21.1333 0.0
21.15 0.0
21.1667 0.0
21.1833 0.0
21.2 0.0
21.2167 0.0
21.2333 0.0
21.25 0.0
21.2667 0.0
21.2833 0.0
21.3 0.0
21.3167 0.0
21.3333 0.0
21.35 0.0
21.3667 0.0
21.3833 0.0
21.4 0.0
21.4167 0.0
21.4333 0.0
21.45 0.0
21.4667 0.0
21.4833 0.0
21.5 0.0
21.5167 0.0
21.5333 0.0
21.55 0.0
21.5667 0.0
21.5833 0.0
21.6 0.0
21.6167 0.0
21.6333 0.0
21.65 0.0
21.6667 0.0
21.6833 0.0
21.7 0.0
21.7167 0.0
21.7333 0.0
21.75 0.0
21.7667 0.0
21.7833 0.0
21.8 0.0
21.8167 0.0
21.8333 0.0
21.85 0.0
21.8667 0.0
21.8833 0.0
21.9 0.0
21.9167 0.0
21.9333 0.0
21.95 0.0
21.9667 0.0
21.9833 0.0
22.0 0.0
22.0167 0.0
22.0333 0.0
22.05 0.0
22.0667 0.0
22.0833 0.0
22.1 0.0
22.1167 0.0
22.1333 0.0
22.15 0.0
22.1667 0.0
22.1833 0.0
22.2 0.0
22.2167 0.0
22.2333 0.0
22.25 0.0
22.2667 0.0
22.2833 0.0
22.3 0.0
22.3167 0.0
22.3333 0.0
22.35 0.0
22.3667 0.0
22.3833 0.0
22.4 0.0
22.4167 0.0
22.4333 0.0
22.45 0.0
22.4667 0.0
22.4833 0.0
22.5 0.0
22.5167 0.0
22.5333 0.0
22.55 0.0
22.5667 0.0
22.5833 0.0
22.6 0.0
22.6167 0.0
22.6333 0.0
22.65 0.0
22.6667 0.0
22.6833 0.0
22.7 0.0
22.7167 0.0
22.7333 0.0
22.75 0.0
22.7667 0.0
22.7833 0.0
22.8 0.0
22.8167 0.0
22.8333 0.0
22.85 0.0
22.8667 0.0
22.8833 0.0
22.9 0.0
22.9167 0.0
22.9333 0.0
22.95 0.0
22.9667 0.0
22.9833 0.0
23.0 0.0
23.0167 0.0
23.0333 0.0
23.05 0.0
23.0667 0.0
23.0833 0.0
23.1 0.0
23.1167 0.0
23.1333 0.0
23.15 0.0
23.1667 0.0
23.1833 0.0
23.2 0.0
23.2167 0.0
23.2333 0.0
23.25 0.0
23.2667 0.0
23.2833 0.0
23.3 0.0
23.3167 0.0
23.3333 0.0
23.35 0.0
23.3667 0.0
23.3833 0.0
23.4 0.0
23.4167 0.0
23.4333 0.0
23.45 0.0
23.4667 0.0
23.4833 0.0
23.5 0.0
23.5167 0.0
23.5333 0.0
23.55 0.0
23.5667 0.0
23.5833 0.0
23.6 0.0
23.6167 0.0
23.6333 0.0
23.65 0.0
23.6667 0.0
23.6833 0.0
23.7 0.0
23.7167 0.0
23.7333 0.0
23.75 0.0
23.7667 0.0
23.7833 0.0
23.8 0.0
23.8167 0.0
23.8333 0.0
23.85 0.0
23.8667 0.0
23.8833 0.0
23.9 0.0
23.9167 0.0
23.9333 0.0
23.95 0.0
23.9667 0.0
23.9833 0.0
