0.0 0.0
0.0167 0.0
0.0333 0.0
0.05 0.0
0.0667 0.0
0.0833 0.0
0.1 0.0
0.1167 0.0
0.1333 0.0
0.15 0.0
0.1667 0.0
0.1833 0.0
0.2 0.0
0.2167 0.0
0.2333 0.0
0.25 0.0
0.2667 0.0
0.2833 0.0
0.3 0.0
0.3167 0.0
0.3333 0.0
0.35 0.0
0.3667 0.0
0.3833 0.0
0.4 0.0
0.4167 0.0
0.4333 0.0
0.45 0.0
0.4667 0.0
0.4833 0.0
0.5 0.0
0.5167 0.0
0.5333 0.0
0.55 0.0
0.5667 0.0
0.5833 0.0
0.6 0.0
0.6167 0.0
0.6333 0.0
0.65 0.0
0.6667 0.0
0.6833 0.0
0.7 0.0
0.7167 0.0
0.7333 0.0
0.75 0.0
0.7667 0.0
0.7833 0.0
0.8 0.0
0.8167 0.0
0.8333 0.0
0.85 0.0
0.8667 0.0
0.8833 0.0
0.9 0.0
0.9167 0.0
0.9333 0.0
0.95 0.0
0.9667 0.0
0.9833 0.0
1.0 0.0
1.0167 0.0
1.0333 0.0
1.05 0.0
1.0667 0.0
1.0833 0.0
1.1 0.0
1.1167 0.0
1.1333 0.0
1.15 0.0
1.1667 0.0
1.1833 0.0
1.2 0.0
1.2167 0.0
1.2333 0.0
1.25 0.0
1.2667 0.0
1.2833 0.0
1.3 0.0
1.3167 0.0
1.3333 0.0
1.35 0.0
1.3667 0.0
1.3833 0.0
1.4 0.0
1.4167 0.0
1.4333 0.0
1.45 0.0
1.4667 0.0
1.4833 0.0
1.5 0.0
1.5167 0.0
1.5333 0.0
1.55 0.0
1.5667 0.0
1.5833 0.0
1.6 0.0
1.6167 0.0
1.6333 0.0
1.65 0.0
1.6667 0.0
1.6833 0.0
1.7 0.0
1.7167 0.0
1.7333 0.0
1.75 0.0
1.7667 0.0
1.7833 0.0
1.8 0.0
1.8167 0.0
1.8333 0.0
1.85 0.0
1.8667 0.0
1.8833 0.0
1.9 0.0
1.9167 0.0
1.9333 0.0
1.95 0.0
1.9667 0.0
1.9833 0.0
2.0 0.0
2.0167 0.0
2.0333 0.0
2.05 0.0
2.0667 0.0
2.0833 0.0
2.1 0.0
2.1167 0.0
2.1333 0.0
2.15 0.0
2.1667 0.0
2.1833 0.0
2.2 0.0
2.2167 0.0
2.2333 0.0
2.25 0.0
2.2667 0.0
2.2833 0.0
2.3 0.0
2.3167 0.0
2.3333 0.0
2.35 0.0
2.3667 0.0
2.3833 0.0
2.4 0.0
2.4167 0.0
2.4333 0.0
2.45 0.0
2.4667 0.0
2.4833 0.0
2.5 0.0
2.5167 0.0
2.5333 0.0
2.55 0.0
2.5667 0.0
2.5833 0.0
2.6 0.0
2.6167 0.0
2.6333 0.0
2.65 0.0
2.6667 0.0
2.6833 0.0
2.7 0.0
2.7167 0.0
2.7333 0.0
2.75 0.0
2.7667 0.0
2.7833 0.0
2.8 0.0
2.8167 0.0
2.8333 0.0
2.85 0.0
2.8667 0.0
2.8833 0.0
2.9 0.0
2.9167 0.0
2.9333 0.0
2.95 0.0
2.9667 0.0
2.9833 0.0
3.0 0.0
3.0167 0.0
3.0333 0.0
3.05 0.0
3.0667 0.0
3.0833 0.0
3.1 0.0
3.1167 0.0
3.1333 0.0
3.15 0.0
3.1667 0.0
3.1833 0.0
3.2 0.0
3.2167 0.0
3.2333 0.0
3.25 0.0
3.2667 0.0
3.2833 0.0
3.3 0.0
3.3167 0.0
3.3333 0.0
3.35 0.0
3.3667 0.0
3.3833 0.0
3.4 0.0
3.4167 0.0
3.4333 0.0
3.45 0.0
3.4667 0.0
3.4833 0.0
3.5 0.0
3.5167 0.0
3.5333 0.0
3.55 0.0
3.5667 0.0
3.5833 0.0
3.6 0.0
3.6167 0.0
3.6333 0.0
3.65 0.0
3.6667 0.0
3.6833 0.0
3.7 0.0
3.7167 0.0
3.7333 0.0
3.75 0.0
3.7667 0.0
3.7833 0.0
3.8 0.0
3.8167 0.0
3.8333 0.0
3.85 0.0
3.8667 0.0
3.8833 0.0
3.9 0.0
3.9167 0.0
3.9333 0.0
3.95 0.0
3.9667 0.0
3.9833 0.0
4.0 0.0
4.0167 0.0
4.0333 0.0
4.05 0.0
4.0667 0.0
4.0833 0.0
4.1 0.0
4.1167 0.0
4.1333 0.0
4.15 0.0
4.1667 0.0
4.1833 0.0
4.2 0.0
4.2167 0.0
4.2333 0.0
4.25 0.0
4.2667 0.0
4.2833 0.0
4.3 0.0
4.3167 0.0
4.3333 0.0
4.35 0.0
4.3667 0.0
4.3833 0.0
4.4 0.0
4.4167 0.0
4.4333 0.0
4.45 0.0
4.4667 0.0
4.4833 0.0
4.5 0.0
4.5167 0.0
4.5333 0.0
4.55 0.0
4.5667 0.0
4.5833 0.0
4.6 0.0
4.6167 0.0
4.6333 0.0
4.65 0.0
4.6667 0.0
4.6833 0.0
4.7 0.0
4.7167 0.0
4.7333 0.0
4.75 0.0
4.7667 0.0
4.7833 0.0
4.8 0.0
4.8167 0.0
4.8333 0.0
4.85 0.0
4.8667 0.0
4.8833 0.0
4.9 0.0
4.9167 0.0
4.9333 0.0
4.95 0.0
4.9667 0.0
4.9833 0.0
5.0 0.0
5.0167 0.0
5.0333 0.0
5.05 0.0
5.0667 0.0
5.0833 0.0
5.1 0.0
5.1167 0.0
5.1333 0.0
5.15 0.0
5.1667 0.0
5.1833 0.0
5.2 0.0
5.2167 0.0
5.2333 0.0
5.25 0.0
5.2667 0.0
5.2833 0.0
5.3 0.0
5.3167 0.0
5.3333 0.0
5.35 0.0
5.3667 0.0
5.3833 0.0
5.4 0.0
5.4167 0.0
5.4333 0.0
5.45 0.0
5.4667 0.0
5.4833 0.0
5.5 0.0
5.5167 0.0
5.5333 0.0
5.55 0.0
5.5667 0.0
5.5833 0.0
5.6 0.0
5.6167 0.0
5.6333 0.0
5.65 0.0
5.6667 0.0
5.6833 0.0
5.7 0.0
5.7167 0.0
5.7333 0.0
5.75 0.0
5.7667 0.0
5.7833 0.0
5.8 0.0
5.8167 0.0
5.8333 0.0
5.85 0.0
5.8667 0.0
5.8833 0.0
5.9 0.0
5.9167 0.0
5.9333 0.0
5.95 0.0
5.9667 0.0
5.9833 0.0
6.0 0.0
6.0167 0.0
6.0333 0.0
6.05 0.0
6.0667 0.0
6.0833 0.0
6.1 0.0
6.1167 0.0
6.1333 0.0
6.15 0.0
6.1667 0.0
6.1833 0.0
6.2 0.0
6.2167 0.0
6.2333 0.0
6.25 0.0
6.2667 1.653e-32
6.2833 1.19e-15
6.3 4.417e-13
6.3167 3.837e-11
6.3333 7.749e-10
6.35 7.593e-09
6.3667 3.058e-08
6.3833 8.126e-08
6.4 1.667e-07
6.4167 3.074e-07
6.4333 5.384e-07
6.45 9.23e-07
6.4667 1.545e-06
6.4833 2.435e-06
6.5 3.694e-06
6.5167 5.427e-06
6.5333 7.511e-06
6.55 1.022e-05
6.5667 1.386e-05
6.5833 1.825e-05
6.6 2.37e-05
6.6167 3.048e-05
6.6333 3.818e-05
6.65 4.776e-05
6.6667 5.979e-05
6.6833 7.282e-05
6.7 8.963e-05
6.7167 0.0001071
6.7333 0.0001279
6.75 0.0001523
6.7667 0.0001796
6.7833 0.0002092
6.8 0.000242
6.8167 0.00028
6.8333 0.0003253
6.85 0.0003629
6.8667 0.0004187
6.8833 0.0004627
6.9 0.0005147
6.9167 0.0005763
6.9333 0.0006489
6.95 0.0007189
6.9667 0.000788
6.9833 0.0008617
7.0 0.0009394
7.0167 0.001021
7.0333 0.001107
7.05 0.001196
7.0667 0.00129
7.0833 0.001387
7.1 0.001488
7.1167 0.001593
7.1333 0.001702
7.15 0.001814
7.1667 0.001931
7.1833 0.002051
7.2 0.002176
7.2167 0.002305
7.2333 0.002438
7.25 0.002575
7.2667 0.002716
7.2833 0.002862
7.3 0.003012
7.3167 0.003167
7.3333 0.003326
7.35 0.00349
7.3667 0.003658
7.3833 0.003831
7.4 0.00401
7.4167 0.004193
7.4333 0.004381
7.45 0.004574
7.4667 0.004772
7.4833 0.004976
7.5 0.005185
7.5167 0.0054
7.5333 0.00562
7.55 0.005845
7.5667 0.006076
7.5833 0.006313
7.6 0.006556
7.6167 0.006805
7.6333 0.00706
7.65 0.00732
7.6667 0.007586
7.6833 0.00786
7.7 0.008139
7.7167 0.008425
7.7333 0.008717
7.75 0.009014
7.7667 0.009319
7.7833 0.009631
7.8 0.009949
7.8167 0.01027
7.8333 0.01061
7.85 0.01094
7.8667 0.01129
7.8833 0.01164
7.9 0.012
7.9167 0.01237
7.9333 0.01274
7.95 0.01312
7.9667 0.01351
7.9833 0.01391
8.0 0.01431
8.0167 0.01472
8.0333 0.01513
8.05 0.01556
8.0667 0.01599
8.0833 0.01643
8.1 0.01688
8.1167 0.01733
8.1333 0.0178
8.15 0.01827
8.1667 0.01874
8.1833 0.01923
8.2 0.01972
8.2167 0.02022
8.2333 0.02073
8.25 0.02125
8.2667 0.02178
8.2833 0.02231
8.3 0.02285
8.3167 0.02339
8.3333 0.02395
8.35 0.02451
8.3667 0.02509
8.3833 0.02567
8.4 0.02625
8.4167 0.02685
8.4333 0.02745
8.45 0.02806
8.4667 0.02868
8.4833 0.02931
8.5 0.02994
8.5167 0.03058
8.5333 0.03124
8.55 0.03189
8.5667 0.03256
8.5833 0.03323
8.6 0.03391
8.6167 0.0346
8.6333 0.0353
8.65 0.036
8.6667 0.03672
8.6833 0.03743
8.7 0.03816
8.7167 0.0389
8.7333 0.03964
8.75 0.04039
8.7667 0.04114
8.7833 0.04191
8.8 0.04268
8.8167 0.04346
8.8333 0.04425
8.85 0.04504
8.8667 0.04584
8.8833 0.04665
8.9 0.04746
8.9167 0.04828
8.9333 0.04911
8.95 0.04995
8.9667 0.05079
8.9833 0.05164
9.0 0.05249
9.0167 0.05335
9.0333 0.05422
9.05 0.05509
9.0667 0.05598
9.0833 0.05686
9.1 0.05776
9.1167 0.05866
9.1333 0.05957
9.15 0.06047
9.1667 0.06139
9.1833 0.06232
9.2 0.06325
9.2167 0.06418
9.2333 0.06512
9.25 0.06607
9.2667 0.06702
9.2833 0.06798
9.3 0.06894
9.3167 0.06991
9.3333 0.07088
9.35 0.07185
9.3667 0.07284
9.3833 0.07382
9.4 0.07481
9.4167 0.07581
9.4333 0.07681
9.45 0.07781
9.4667 0.07882
9.4833 0.07984
9.5 0.08085
9.5167 0.08187
9.5333 0.0829
9.55 0.08392
9.5667 0.08496
9.5833 0.08599
9.6 0.08703
9.6167 0.08807
9.6333 0.08912
9.65 0.09016
9.6667 0.09122
9.6833 0.09227
9.7 0.09333
9.7167 0.09438
9.7333 0.09545
9.75 0.09651
9.7667 0.09758
9.7833 0.09865
9.8 0.09971
9.8167 0.1008
9.8333 0.1019
9.85 0.1029
9.8667 0.104
9.8833 0.1051
9.9 0.1062
9.9167 0.1072
9.9333 0.1083
9.95 0.1094
9.9667 0.1105
9.9833 0.1116
10.0 0.1127
10.0167 0.1137
10.0333 0.1148
10.05 0.1159
10.0667 0.117
10.0833 0.1181
10.1 0.1192
10.1167 0.1203
10.1333 0.1213
10.15 0.1224
10.1667 0.1235
10.1833 0.1246
10.2 0.1256
10.2167 0.1267
10.2333 0.1278
10.25 0.1289
10.2667 0.13
10.2833 0.131
10.3 0.1321
10.3167 0.1332
10.3333 0.1342
10.35 0.1353
10.3667 0.1364
10.3833 0.1374
10.4 0.1385
10.4167 0.1395
10.4333 0.1406
10.45 0.1416
10.4667 0.1427
10.4833 0.1437
10.5 0.1448
10.5167 0.1458
10.5333 0.1468
10.55 0.1478
10.5667 0.1489
10.5833 0.1499
10.6 0.1509
10.6167 0.1519
10.6333 0.1529
10.65 0.1539
10.6667 0.1549
10.6833 0.1559
10.7 0.1569
10.7167 0.1579
10.7333 0.1589
10.75 0.1598
10.7667 0.1608
10.7833 0.1618
10.8 0.1628
10.8167 0.1637
10.8333 0.1646
10.85 0.1656
10.8667 0.1665
10.8833 0.1674
10.9 0.1684
10.9167 0.1693
10.9333 0.1702
10.95 0.1711
10.9667 0.172
10.9833 0.1729
11.0 0.1738
11.0167 0.1746
11.0333 0.1755
11.05 0.1764
11.0667 0.1772
11.0833 0.1781
11.1 0.1789
11.1167 0.1797
11.1333 0.1805
11.15 0.1814
11.1667 0.1822
11.1833 0.183
11.2 0.1837
11.2167 0.1845
11.2333 0.1853
11.25 0.186
11.2667 0.1868
11.2833 0.1876
11.3 0.1883
11.3167 0.189
11.3333 0.1897
11.35 0.1905
11.3667 0.1912
11.3833 0.1919
11.4 0.1925
11.4167 0.1932
11.4333 0.1939
11.45 0.1945
11.4667 0.1952
11.4833 0.1958
11.5 0.1964
11.5167 0.197
11.5333 0.1977
11.55 0.1983
11.5667 0.1988
11.5833 0.1994
11.6 0.2
11.6167 0.2005
11.6333 0.2011
11.65 0.2016
11.6667 0.2021
11.6833 0.2026
11.7 0.2031
11.7167 0.2036
11.7333 0.2041
11.75 0.2046
11.7667 0.205
11.7833 0.2055
11.8 0.2059
11.8167 0.2063
11.8333 0.2067
11.85 0.2071
11.8667 0.2076
11.8833 0.2079
11.9 0.2083
11.9167 0.2087
11.9333 0.209
11.95 0.2093
11.9667 0.2097
11.9833 0.2099
12.0 0.2103
12.0167 0.2105
12.0333 0.2107
12.05 0.2111
12.0667 0.2114
12.0833 0.2116
12.1 0.2118
12.1167 0.2121
12.1333 0.2123
12.15 0.2124
12.1667 0.2126
12.1833 0.2128
12.2 0.213
12.2167 0.2131
12.2333 0.2132
12.25 0.2134
12.2667 0.2135
12.2833 0.2135
12.3 0.2136
12.3167 0.2136
12.3333 0.2136
12.35 0.2137
12.3667 0.2138
12.3833 0.2139
12.4 0.2139
12.4167 0.2139
12.4333 0.2139
12.45 0.2138
12.4667 0.2137
12.4833 0.2136
12.5 0.2136
12.5167 0.2136
12.5333 0.2136
12.55 0.2135
12.5667 0.2134
12.5833 0.2133
12.6 0.2131
12.6167 0.213
12.6333 0.2128
12.65 0.2127
12.6667 0.2125
12.6833 0.2123
12.7 0.2121
12.7167 0.2119
12.7333 0.2116
12.75 0.2114
12.7667 0.2112
12.7833 0.2108
12.8 0.2106
12.8167 0.2103
12.8333 0.21
12.85 0.2097
12.8667 0.2094
12.8833 0.2091
12.9 0.2087
12.9167 0.2084
12.9333 0.208
12.95 0.2076
12.9667 0.2072
12.9833 0.2068
13.0 0.2063
13.0167 0.206
13.0333 0.2056
13.05 0.2051
13.0667 0.2047
13.0833 0.2042
13.1 0.2037
13.1167 0.2032
13.1333 0.2027
13.15 0.2022
13.1667 0.2017
13.1833 0.2012
13.2 0.2006
13.2167 0.2001
13.2333 0.1995
13.25 0.199
13.2667 0.1984
13.2833 0.1978
13.3 0.1971
13.3167 0.1966
13.3333 0.1959
13.35 0.1953
13.3667 0.1947
13.3833 0.194
13.4 0.1933
13.4167 0.1927
13.4333 0.192
13.45 0.1913
13.4667 0.1906
13.4833 0.1899
13.5 0.1892
13.5167 0.1883
13.5333 0.1876
13.55 0.187
13.5667 0.1862
13.5833 0.1854
13.6 0.1847
13.6167 0.1839
13.6333 0.1831
13.65 0.1823
13.6667 0.1815
13.6833 0.1807
13.7 0.1799
13.7167 0.1791
13.7333 0.1782
13.75 0.1774
13.7667 0.1765
13.7833 0.1757
13.8 0.1748
13.8167 0.1738
13.8333 0.173
13.85 0.1722
13.8667 0.1713
13.8833 0.1704
13.9 0.1694
13.9167 0.1686
13.9333 0.1676
13.95 0.1667
13.9667 0.1658
13.9833 0.1648
14.0 0.1639
14.0167 0.1629
14.0333 0.162
14.05 0.161
14.0667 0.16
14.0833 0.1591
14.1 0.1581
14.1167 0.1571
14.1333 0.1561
14.15 0.1551
14.1667 0.1541
14.1833 0.1531
14.2 0.1521
14.2167 0.1511
14.2333 0.1501
14.25 0.1491
14.2667 0.1481
14.2833 0.147
14.3 0.146
14.3167 0.145
14.3333 0.1439
14.35 0.1428
14.3667 0.1419
14.3833 0.1408
14.4 0.1398
14.4167 0.1387
14.4333 0.1376
14.45 0.1366
14.4667 0.1355
14.4833 0.1345
14.5 0.1334
14.5167 0.1323
14.5333 0.1313
14.55 0.1302
14.5667 0.1291
14.5833 0.128
14.6 0.127
14.6167 0.1259
14.6333 0.1248
14.65 0.1237
14.6667 0.1226
14.6833 0.1215
14.7 0.1205
14.7167 0.1194
14.7333 0.1183
14.75 0.1172
14.7667 0.1161
14.7833 0.115
14.8 0.114
14.8167 0.1129
14.8333 0.1118
14.85 0.1107
14.8667 0.1096
14.8833 0.1085
14.9 0.1075
14.9167 0.1064
14.9333 0.1053
14.95 0.1042
14.9667 0.1032
14.9833 0.1021
15.0 0.101
15.0167 0.09993
15.0333 0.09886
15.05 0.09779
15.0667 0.09673
15.0833 0.09566
15.1 0.0946
15.1167 0.09354
15.1333 0.09248
15.15 0.09143
15.1667 0.09038
15.1833 0.08933
15.2 0.08829
15.2167 0.08724
15.2333 0.0862
15.25 0.08517
15.2667 0.08414
15.2833 0.08311
15.3 0.08208
15.3167 0.08106
15.3333 0.08004
15.35 0.07903
15.3667 0.07802
15.3833 0.07701
15.4 0.07601
15.4167 0.07502
15.4333 0.07402
15.45 0.07304
15.4667 0.07205
15.4833 0.07108
15.5 0.0701
15.5167 0.06914
15.5333 0.06817
15.55 0.06722
15.5667 0.06626
15.5833 0.06532
15.6 0.06438
15.6167 0.06344
15.6333 0.06251
15.65 0.06158
15.6667 0.06067
15.6833 0.05975
15.7 0.05885
15.7167 0.05794
15.7333 0.05705
15.75 0.05616
15.7667 0.05528
15.7833 0.0544
15.8 0.05353
15.8167 0.05267
15.8333 0.05181
15.85 0.05096
15.8667 0.05012
15.8833 0.04928
15.9 0.04845
15.9167 0.04763
15.9333 0.04682
15.95 0.04601
15.9667 0.04521
15.9833 0.04441
16.0 0.04362
16.0167 0.04284
16.0333 0.04207
16.05 0.0413
16.0667 0.04055
16.0833 0.03979
16.1 0.03905
16.1167 0.03831
16.1333 0.03759
16.15 0.03687
16.1667 0.03615
16.1833 0.03545
16.2 0.03475
16.2167 0.03406
16.2333 0.03337
16.25 0.0327
16.2667 0.03203
16.2833 0.03137
16.3 0.03072
16.3167 0.03008
16.3333 0.02944
16.35 0.02881
16.3667 0.02819
16.3833 0.02758
16.4 0.02698
16.4167 0.02638
16.4333 0.02579
16.45 0.02521
16.4667 0.02464
16.4833 0.02407
16.5 0.02351
16.5167 0.02296
16.5333 0.02242
16.55 0.02189
16.5667 0.02136
16.5833 0.02084
16.6 0.02033
16.6167 0.01983
16.6333 0.01934
16.65 0.01885
16.6667 0.01837
16.6833 0.0179
16.7 0.01743
16.7167 0.01698
16.7333 0.01653
16.75 0.01609
16.7667 0.01565
16.7833 0.01523
16.8 0.01481
16.8167 0.0144
16.8333 0.01399
16.85 0.01359
16.8667 0.01321
16.8833 0.01282
16.9 0.01245
16.9167 0.01208
16.9333 0.01172
16.95 0.01137
16.9667 0.01102
16.9833 0.01068
17.0 0.01035
17.0167 0.01002
17.0333 0.0097
17.05 0.009387
17.0667 0.00908
17.0833 0.008781
17.1 0.008487
17.1167 0.0082
17.1333 0.00792
17.15 0.007646
17.1667 0.007378
17.1833 0.007116
17.2 0.00686
17.2167 0.00661
17.2333 0.006366
17.25 0.006128
17.2667 0.005895
17.2833 0.005669
17.3 0.005447
17.3167 0.005232
17.3333 0.005022
17.35 0.004817
17.3667 0.004617
17.3833 0.004423
17.4 0.004234
17.4167 0.00405
17.4333 0.00387
17.45 0.003696
17.4667 0.003526
17.4833 0.003362
17.5 0.003201
17.5167 0.003046
17.5333 0.002895
17.55 0.002748
17.5667 0.002606
17.5833 0.002468
17.6 0.002334
17.6167 0.002204
17.6333 0.002079
17.65 0.001957
17.6667 0.00184
17.6833 0.001726
17.7 0.001617
17.7167 0.001511
17.7333 0.001409
17.75 0.001311
17.7667 0.001217
17.7833 0.001127
17.8 0.00104
17.8167 0.0009574
17.8333 0.0008787
17.85 0.0008042
17.8667 0.000734
17.8833 0.0006669
17.9 0.0005916
17.9167 0.0005277
17.9333 0.0004736
17.95 0.000428
17.9667 0.0003733
17.9833 0.0003329
18.0 0.0002878
18.0167 0.0002509
18.0333 0.0002201
18.05 0.0001879
18.0667 0.0001599
18.0833 0.0001356
18.1 0.0001115
18.1167 9.277e-05
18.1333 7.731e-05
18.15 6.219e-05
18.1667 5.084e-05
18.1833 4.043e-05
18.2 3.181e-05
18.2167 2.483e-05
18.2333 1.917e-05
18.25 1.462e-05
18.2667 1.102e-05
18.2833 8.165e-06
18.3 5.796e-06
18.3167 4.094e-06
18.3333 2.687e-06
18.35 1.704e-06
18.3667 1.052e-06
18.3833 6.188e-07
18.4 3.553e-07
18.4167 1.964e-07
18.4333 9.547e-08
18.45 3.928e-08
18.4667 1.152e-08
18.4833 1.393e-09
18.5 8.932e-11
18.5167 1.423e-12
18.5333 5.681e-15
18.55 8.532e-19
18.5667 0.0
18.5833 0.0
18.6 0.0
18.6167 0.0
18.6333 0.0
18.65 0.0
18.6667 0.0
18.6833 0.0
18.7 0.0
18.7167 0.0
18.7333 0.0
18.75 0.0
18.7667 0.0
18.7833 0.0
18.8 0.0
18.8167 0.0
18.8333 0.0
18.85 0.0
18.8667 0.0
18.8833 0.0
18.9 0.0
18.9167 0.0
18.9333 0.0
18.95 0.0
18.9667 0.0
18.9833 0.0
19.0 0.0
19.0167 0.0
19.0333 0.0
19.05 0.0
19.0667 0.0
19.0833 0.0
19.1 0.0
19.1167 0.0
19.1333 0.0
19.15 0.0
19.1667 0.0
19.1833 0.0
19.2 0.0
19.2167 0.0
19.2333 0.0
19.25 0.0
19.2667 0.0
19.2833 0.0
19.3 0.0
19.3167 0.0
19.3333 0.0
19.35 0.0
19.3667 0.0
19.3833 0.0
19.4 0.0
19.4167 0.0
19.4333 0.0
19.45 0.0
19.4667 0.0
19.4833 0.0
19.5 0.0
19.5167 0.0
19.5333 0.0
19.55 0.0
19.5667 0.0
19.5833 0.0
19.6 0.0
19.6167 0.0
19.6333 0.0
19.65 0.0
19.6667 0.0
19.6833 0.0
19.7 0.0
19.7167 0.0
19.7333 0.0
19.75 0.0
19.7667 0.0
19.7833 0.0
19.8 0.0
19.8167 0.0
19.8333 0.0
19.85 0.0
19.8667 0.0
19.8833 0.0
19.9 0.0
19.9167 0.0
19.9333 0.0
19.95 0.0
19.9667 0.0
19.9833 0.0
20.0 0.0
20.0167 0.0
20.0333 0.0
20.05 0.0
20.0667 0.0
20.0833 0.0
20.1 0.0
20.1167 0.0
20.1333 0.0
20.15 0.0
20.1667 0.0
20.1833 0.0
20.2 0.0
20.2167 0.0
20.2333 0.0
20.25 0.0
20.2667 0.0
20.2833 0.0
20.3 0.0
20.3167 0.0
20.3333 0.0
20.35 0.0
20.3667 0.0
20.3833 0.0
20.4 0.0
20.4167 0.0
20.4333 0.0
20.45 0.0
20.4667 0.0
20.4833 0.0
20.5 0.0
20.5167 0.0
20.5333 0.0
20.55 0.0
20.5667 0.0
20.5833 0.0
20.6 0.0
20.6167 0.0
20.6333 0.0
20.65 0.0
20.6667 0.0
20.6833 0.0
20.7 0.0
20.7167 0.0
20.7333 0.0
20.75 0.0
20.7667 0.0
20.7833 0.0
20.8 0.0
20.8167 0.0
20.8333 0.0
20.85 0.0
20.8667 0.0
20.8833 0.0
20.9 0.0
20.9167 0.0
20.9333 0.0
20.95 0.0
20.9667 0.0
20.9833 0.0
21.0 0.0
21.0167 0.0
21.0333 0.0
21.05 0.0
21.0667 0.0
21.0833 0.0
21.1 0.0
21.1167 0.0
21.1333 0.0
21.15 0.0
21.1667 0.0
21.1833 0.0
21.2 0.0
21.2167 0.0
21.2333 0.0
21.25 0.0
21.2667 0.0
21.2833 0.0
21.3 0.0
21.3167 0.0
21.3333 0.0
21.35 0.0
21.3667 0.0
21.3833 0.0
21.4 0.0
21.4167 0.0
21.4333 0.0
21.45 0.0
21.4667 0.0
21.4833 0.0
21.5 0.0
21.5167 0.0
21.5333 0.0
21.55 0.0
21.5667 0.0
21.5833 0.0
21.6 0.0
21.6167 0.0
21.6333 0.0
21.65 0.0
21.6667 0.0
21.6833 0.0
21.7 0.0
21.7167 0.0
21.7333 0.0
21.75 0.0
21.7667 0.0
21.7833 0.0
21.8 0.0
21.8167 0.0
21.8333 0.0
21.85 0.0
21.8667 0.0
21.8833 0.0
21.9 0.0
21.9167 0.0
21.9333 0.0
21.95 0.0
21.9667 0.0
21.9833 0.0
22.0 0.0
22.0167 0.0
22.0333 0.0
22.05 0.0
22.0667 0.0
22.0833 0.0
22.1 0.0
22.1167 0.0
22.1333 0.0
22.15 0.0
22.1667 0.0
22.1833 0.0
22.2 0.0
22.2167 0.0
22.2333 0.0
22.25 0.0
22.2667 0.0
22.2833 0.0
22.3 0.0
22.3167 0.0
22.3333 0.0
22.35 0.0
22.3667 0.0
22.3833 0.0
22.4 0.0
22.4167 0.0
22.4333 0.0
22.45 0.0
22.4667 0.0
22.4833 0.0
22.5 0.0
22.5167 0.0
22.5333 0.0
22.55 0.0
22.5667 0.0
22.5833 0.0
22.6 0.0
22.6167 0.0
22.6333 0.0
22.65 0.0
22.6667 0.0
22.6833 0.0
22.7 0.0
22.7167 0.0
22.7333 0.0
22.75 0.0
22.7667 0.0
22.7833 0.0
22.8 0.0
22.8167 0.0
22.8333 0.0
22.85 0.0
22.8667 0.0
22.8833 0.0
22.9 0.0
22.9167 0.0
22.9333 0.0
22.95 0.0
22.9667 0.0
22.9833 0.0
23.0 0.0
23.0167 0.0
23.0333 0.0
23.05 0.0
23.0667 0.0
23.0833 0.0
23.1 0.0
23.1167 0.0
23.1333 0.0
23.15 0.0
23.1667 0.0
23.1833 0.0
23.2 0.0
23.2167 0.0
23.2333 0.0
23.25 0.0
23.2667 0.0
23.2833 0.0
23.3 0.0
23.3167 0.0
23.3333 0.0
23.35 0.0
23.3667 0.0
23.3833 0.0
23.4 0.0
23.4167 0.0
23.4333 0.0
23.45 0.0
23.4667 0.0
23.4833 0.0
23.5 0.0
23.5167 0.0
23.5333 0.0
23.55 0.0
23.5667 0.0
23.5833 0.0
23.6 0.0
23.6167 0.0
23.6333 0.0
23.65 0.0
23.6667 0.0
23.6833 0.0
23.7 0.0
23.7167 0.0
23.7333 0.0
23.75 0.0
23.7667 0.0
23.7833 0.0
23.8 0.0
23.8167 0.0
23.8333 0.0
23.85 0.0
23.8667 0.0
23.8833 0.0
23.9 0.0
23.9167 0.0
23.9333 0.0
23.95 0.0
23.9667 0.0
23.9833 0.0
