0.0 0.0
0.0167 0.0
0.0333 0.0
0.05 0.0
0.0667 0.0
0.0833 0.0
0.1 0.0
0.1167 0.0
0.1333 0.0
0.15 0.0
0.1667 0.0
0.1833 0.0
0.2 0.0
0.2167 0.0
0.2333 0.0
0.25 0.0
0.2667 0.0
0.2833 0.0
0.3 0.0
0.3167 0.0
0.3333 0.0
0.35 0.0
0.3667 0.0
0.3833 0.0
0.4 0.0
0.4167 0.0
0.4333 0.0
0.45 0.0
0.4667 0.0
0.4833 0.0
0.5 0.0
0.5167 0.0
0.5333 0.0
0.55 0.0
0.5667 0.0
0.5833 0.0
0.6 0.0
0.6167 0.0
0.6333 0.0
0.65 0.0
0.6667 0.0
0.6833 0.0
0.7 0.0
0.7167 0.0
0.7333 0.0
0.75 0.0
0.7667 0.0
0.7833 0.0
0.8 0.0
0.8167 0.0
0.8333 0.0
0.85 0.0
0.8667 0.0
0.8833 0.0
0.9 0.0
0.9167 0.0
0.9333 0.0
0.95 0.0
0.9667 0.0
0.9833 0.0
1.0 0.0
1.0167 0.0
1.0333 0.0
1.05 0.0
1.0667 0.0
1.0833 0.0
1.1 0.0
1.1167 0.0
1.1333 0.0
1.15 0.0
1.1667 0.0
1.1833 0.0
1.2 0.0
1.2167 0.0
1.2333 0.0
1.25 0.0
1.2667 0.0
1.2833 0.0
1.3 0.0
1.3167 0.0
1.3333 0.0
1.35 0.0
1.3667 0.0
1.3833 0.0
1.4 0.0
1.4167 0.0
1.4333 0.0
1.45 0.0
1.4667 0.0
1.4833 0.0
1.5 0.0
1.5167 0.0
1.5333 0.0
1.55 0.0
1.5667 0.0
1.5833 0.0
1.6 0.0
1.6167 0.0
1.6333 0.0
1.65 0.0
1.6667 0.0
1.6833 0.0
1.7 0.0
1.7167 0.0
1.7333 0.0
1.75 0.0
1.7667 0.0
1.7833 0.0
1.8 0.0
1.8167 0.0
1.8333 0.0
1.85 0.0
1.8667 0.0
1.8833 0.0
1.9 0.0
1.9167 0.0
1.9333 0.0
1.95 0.0
1.9667 0.0
1.9833 0.0
2.0 0.0
2.0167 0.0
2.0333 0.0
2.05 0.0
2.0667 0.0
2.0833 0.0
2.1 0.0
2.1167 0.0
2.1333 0.0
2.15 0.0
2.1667 0.0
2.1833 0.0
2.2 0.0
2.2167 0.0
2.2333 0.0
2.25 0.0
2.2667 0.0
2.2833 0.0
2.3 0.0
2.3167 0.0
2.3333 0.0
2.35 0.0
2.3667 0.0
2.3833 0.0
2.4 0.0
2.4167 0.0
2.4333 0.0
2.45 0.0
2.4667 0.0
2.4833 0.0
2.5 0.0
2.5167 0.0
2.5333 0.0
2.55 0.0
2.5667 0.0
2.5833 0.0
2.6 0.0
2.6167 0.0
2.6333 0.0
2.65 0.0
2.6667 0.0
2.6833 0.0
2.7 0.0
2.7167 0.0
2.7333 0.0
2.75 0.0
2.7667 0.0
2.7833 0.0
2.8 0.0
2.8167 0.0
2.8333 0.0
2.85 0.0
2.8667 0.0
2.8833 0.0
2.9 0.0
2.9167 0.0
2.9333 0.0
2.95 0.0
2.9667 0.0
2.9833 0.0
3.0 0.0
3.0167 0.0
3.0333 0.0
3.05 0.0
3.0667 0.0
3.0833 0.0
3.1 0.0
3.1167 0.0
3.1333 0.0
3.15 0.0
3.1667 0.0
3.1833 0.0
3.2 0.0
3.2167 0.0
3.2333 0.0
3.25 0.0
3.2667 0.0
3.2833 0.0
3.3 0.0
3.3167 0.0
3.3333 0.0
3.35 0.0
3.3667 0.0
3.3833 0.0
3.4 0.0
3.4167 0.0
3.4333 0.0
3.45 0.0
3.4667 0.0
3.4833 0.0
3.5 0.0
3.5167 0.0
3.5333 0.0
3.55 0.0
3.5667 0.0
3.5833 0.0
3.6 0.0
3.6167 0.0
3.6333 0.0
3.65 0.0
3.6667 0.0
3.6833 0.0
3.7 0.0
3.7167 0.0
3.7333 0.0
3.75 0.0
3.7667 0.0
3.7833 0.0
3.8 0.0
3.8167 0.0
3.8333 0.0
3.85 0.0
3.8667 0.0
3.8833 0.0
3.9 0.0
3.9167 0.0
3.9333 0.0
3.95 0.0
3.9667 0.0
3.9833 0.0
4.0 0.0
4.0167 0.0
4.0333 0.0
4.05 0.0
4.0667 0.0
4.0833 0.0
4.1 0.0
4.1167 0.0
4.1333 0.0
4.15 0.0
4.1667 0.0
4.1833 0.0
4.2 0.0
4.2167 0.0
4.2333 0.0
4.25 0.0
4.2667 0.0
4.2833 0.0
4.3 0.0
4.3167 0.0
4.3333 0.0
4.35 0.0
4.3667 0.0
4.3833 0.0
4.4 0.0
4.4167 0.0
4.4333 0.0
4.45 0.0
4.4667 0.0
4.4833 0.0
4.5 0.0
4.5167 0.0
4.5333 0.0
4.55 0.0
4.5667 0.0
4.5833 0.0
4.6 0.0
4.6167 0.0
4.6333 0.0
4.65 0.0
4.6667 0.0
4.6833 0.0
4.7 0.0
4.7167 0.0
4.7333 0.0
4.75 0.0
4.7667 0.0
4.7833 0.0
4.8 0.0
4.8167 0.0
4.8333 0.0
4.85 0.0
4.8667 0.0
4.8833 0.0
4.9 0.0
4.9167 0.0
4.9333 0.0
4.95 0.0
4.9667 0.0
4.9833 0.0
5.0 0.0
5.0167 0.0
5.0333 0.0
5.05 0.0
5.0667 0.0
5.0833 0.0
5.1 0.0
5.1167 0.0
5.1333 0.0
5.15 0.0
5.1667 0.0
5.1833 0.0
5.2 0.0
5.2167 0.0
5.2333 0.0
5.25 0.0
5.2667 0.0
5.2833 0.0
5.3 0.0
5.3167 0.0
5.3333 0.0
5.35 0.0
5.3667 0.0
5.3833 0.0
5.4 0.0
5.4167 0.0
5.4333 0.0
5.45 0.0
5.4667 0.0
5.4833 0.0
5.5 0.0
5.5167 0.0
5.5333 0.0
5.55 0.0
5.5667 0.0
5.5833 0.0
5.6 0.0
5.6167 0.0
5.6333 0.0
5.65 0.0
5.6667 0.0
5.6833 0.0
5.7 0.0
5.7167 0.0
5.7333 0.0
5.75 0.0
5.7667 0.0
5.7833 0.0
5.8 0.0
5.8167 0.0
5.8333 0.0
5.85 0.0
5.8667 0.0
5.8833 0.0
5.9 0.0
5.9167 0.0
5.9333 0.0
5.95 0.0
5.9667 0.0
5.9833 0.0
6.0 0.0
6.0167 0.0
6.0333 0.0
6.05 0.0
6.0667 0.0
6.0833 0.0
6.1 0.0
6.1167 0.0
6.1333 0.0
6.15 0.0
6.1667 0.0
6.1833 0.0
6.2 0.0
6.2167 0.0
6.2333 0.0
6.25 0.0
6.2667 0.0
6.2833 0.0
6.3 0.0
6.3167 0.0
6.3333 0.0
6.35 0.0
6.3667 0.0
6.3833 0.0
6.4 0.0
6.4167 0.0
6.4333 0.0
6.45 0.0
6.4667 0.0
6.4833 0.0
6.5 0.0
6.5167 0.0
6.5333 0.0
6.55 0.0
6.5667 0.0
6.5833 0.0
6.6 0.0
6.6167 0.0
6.6333 1.462e-16
6.65 1.078e-13
6.6667 1.394e-11
6.6833 4.043e-10
6.7 4.716e-09
6.7167 2.404e-08
6.7333 6.732e-08
6.75 1.461e-07
6.7667 2.79e-07
6.7833 5e-07
6.8 8.683e-07
6.8167 1.468e-06
6.8333 2.39e-06
6.85 3.74e-06
6.8667 5.401e-06
6.8833 7.754e-06
6.9 1.053e-05
6.9167 1.412e-05
6.9333 1.871e-05
6.95 2.444e-05
6.9667 3.142e-05
6.9833 3.991e-05
7.0 5.036e-05
7.0167 6.335e-05
7.0333 7.688e-05
7.05 9.52e-05
7.0667 0.0001137
7.0833 0.0001357
7.1 0.0001613
7.1167 0.0001904
7.1333 0.0002224
7.15 0.0002579
7.1667 0.0002987
7.1833 0.0003472
7.2 0.0003874
7.2167 0.0004473
7.2333 0.0004945
7.25 0.0005505
7.2667 0.0006169
7.2833 0.0006952
7.3 0.0007699
7.3167 0.0008444
7.3333 0.0009237
7.35 0.001008
7.3667 0.001096
7.3833 0.001188
7.4 0.001285
7.4167 0.001386
7.4333 0.001491
7.45 0.0016
7.4667 0.001714
7.4833 0.001832
7.5 0.001954
7.5167 0.002081
7.5333 0.002212
7.55 0.002347
7.5667 0.002487
7.5833 0.002632
7.6 0.002781
7.6167 0.002935
7.6333 0.003094
7.65 0.003258
7.6667 0.003427
7.6833 0.003601
7.7 0.00378
7.7167 0.003965
7.7333 0.004154
7.75 0.00435
7.7667 0.004551
7.7833 0.004757
7.8 0.004969
7.8167 0.005187
7.8333 0.005411
7.85 0.005641
7.8667 0.005877
7.8833 0.00612
7.9 0.006368
7.9167 0.006623
7.9333 0.006885
7.95 0.007153
7.9667 0.007428
7.9833 0.007709
8.0 0.007997
8.0167 0.008293
8.0333 0.008595
8.05 0.008904
8.0667 0.00922
8.0833 0.009544
8.1 0.009875
8.1167 0.01021
8.1333 0.01056
8.15 0.01091
8.1667 0.01127
8.1833 0.01164
8.2 0.01202
8.2167 0.0124
8.2333 0.0128
8.25 0.0132
8.2667 0.0136
8.2833 0.01402
8.3 0.01445
8.3167 0.01488
8.3333 0.01532
8.35 0.01577
8.3667 0.01623
8.3833 0.01669
8.4 0.01717
8.4167 0.01765
8.4333 0.01814
8.45 0.01864
8.4667 0.01915
8.4833 0.01967
8.5 0.0202
8.5167 0.02073
8.5333 0.02128
8.55 0.02183
8.5667 0.02239
8.5833 0.02297
8.6 0.02355
8.6167 0.02413
8.6333 0.02473
8.65 0.02534
8.6667 0.02595
8.6833 0.02658
8.7 0.02721
8.7167 0.02786
8.7333 0.02851
8.75 0.02917
8.7667 0.02984
8.7833 0.03052
8.8 0.03121
8.8167 0.0319
8.8333 0.03261
8.85 0.03333
8.8667 0.03405
8.8833 0.03478
8.9 0.03553
8.9167 0.03628
8.9333 0.03704
8.95 0.03781
8.9667 0.03858
8.9833 0.03937
9.0 0.04017
9.0167 0.04097
9.0333 0.04178
9.05 0.04261
9.0667 0.04344
9.0833 0.04428
9.1 0.04512
9.1167 0.04598
9.1333 0.04684
9.15 0.04772
9.1667 0.0486
9.1833 0.04949
9.2 0.05039
9.2167 0.05129
9.2333 0.05221
9.25 0.05313
9.2667 0.05406
9.2833 0.055
9.3 0.05595
9.3167 0.0569
9.3333 0.05787
9.35 0.05884
9.3667 0.05981
9.3833 0.0608
9.4 0.06179
9.4167 0.06279
9.4333 0.0638
9.45 0.06482
9.4667 0.06584
9.4833 0.06687
9.5 0.0679
9.5167 0.06895
9.5333 0.07
9.55 0.07105
9.5667 0.07211
9.5833 0.07318
9.6 0.07426
9.6167 0.07534
9.6333 0.07643
9.65 0.07752
9.6667 0.07862
9.6833 0.07973
9.7 0.08084
9.7167 0.08196
9.7333 0.08308
9.75 0.08421
9.7667 0.08535
9.7833 0.08648
9.8 0.08763
9.8167 0.08878
9.8333 0.08993
9.85 0.09109
9.8667 0.09225
9.8833 0.09342
9.9 0.0946
9.9167 0.09577
9.9333 0.09695
9.95 0.09814
9.9667 0.09933
9.9833 0.1005
10.0 0.1017
10.0167 0.1029
10.0333 0.1041
10.05 0.1053
10.0667 0.1065
10.0833 0.1077
10.1 0.109
10.1167 0.1102
10.1333 0.1114
10.15 0.1126
10.1667 0.1138
10.1833 0.1151
10.2 0.1163
10.2167 0.1175
10.2333 0.1188
10.25 0.12
10.2667 0.1212
10.2833 0.1225
10.3 0.1237
10.3167 0.1249
10.3333 0.1262
10.35 0.1274
10.3667 0.1287
10.3833 0.1299
10.4 0.1311
10.4167 0.1324
10.4333 0.1336
10.45 0.1349
10.4667 0.1361
10.4833 0.1374
10.5 0.1386
10.5167 0.1399
10.5333 0.1411
10.55 0.1423
10.5667 0.1436
10.5833 0.1448
10.6 0.146
10.6167 0.1472
10.6333 0.1485
10.65 0.1497
10.6667 0.151
10.6833 0.1522
10.7 0.1533
10.7167 0.1546
10.7333 0.1558
10.75 0.1571
10.7667 0.1583
10.7833 0.1595
10.8 0.1607
10.8167 0.1619
10.8333 0.1631
10.85 0.1642
10.8667 0.1654
10.8833 0.1667
10.9 0.1678
10.9167 0.169
10.9333 0.1702
10.95 0.1714
10.9667 0.1725
10.9833 0.1736
11.0 0.1748
11.0167 0.176
11.0333 0.1771
11.05 0.1782
11.0667 0.1794
11.0833 0.1805
11.1 0.1817
11.1167 0.1828
11.1333 0.1839
11.15 0.185
11.1667 0.1861
11.1833 0.1872
11.2 0.1882
11.2167 0.1893
11.2333 0.1904
11.25 0.1915
11.2667 0.1925
11.2833 0.1936
11.3 0.1947
11.3167 0.1956
11.3333 0.1967
11.35 0.1977
11.3667 0.1987
11.3833 0.1997
11.4 0.2008
11.4167 0.2017
11.4333 0.2027
11.45 0.2037
11.4667 0.2047
11.4833 0.2056
11.5 0.2066
11.5167 0.2075
11.5333 0.2084
11.55 0.2093
11.5667 0.2102
11.5833 0.2111
11.6 0.212
11.6167 0.2128
11.6333 0.2137
11.65 0.2146
11.6667 0.2155
11.6833 0.2163
11.7 0.2172
11.7167 0.218
11.7333 0.2188
11.75 0.2195
11.7667 0.2204
11.7833 0.2212
11.8 0.2219
11.8167 0.2226
11.8333 0.2234
11.85 0.2242
11.8667 0.2249
11.8833 0.2256
11.9 0.2263
11.9167 0.227
11.9333 0.2277
11.95 0.2283
11.9667 0.229
11.9833 0.2296
12.0 0.2302
12.0167 0.2309
12.0333 0.2315
12.05 0.2321
12.0667 0.2327
12.0833 0.2332
12.1 0.2338
12.1167 0.2343
12.1333 0.2349
12.15 0.2352
12.1667 0.2359
12.1833 0.2364
12.2 0.2369
12.2167 0.2373
12.2333 0.2378
12.25 0.2382
12.2667 0.2387
12.2833 0.2391
12.3 0.2394
12.3167 0.2399
12.3333 0.2402
12.35 0.2405
12.3667 0.241
12.3833 0.2413
12.4 0.2417
12.4167 0.242
12.4333 0.2423
12.45 0.2426
12.4667 0.2428
12.4833 0.2431
12.5 0.2433
12.5167 0.2436
12.5333 0.2438
12.55 0.2439
12.5667 0.2441
12.5833 0.2444
12.6 0.2445
12.6167 0.2447
12.6333 0.2448
12.65 0.2449
12.6667 0.2451
12.6833 0.2452
12.7 0.2452
12.7167 0.2453
12.7333 0.2453
12.75 0.2453
12.7667 0.2453
12.7833 0.2454
12.8 0.2454
12.8167 0.2453
12.8333 0.2453
12.85 0.2453
12.8667 0.2453
12.8833 0.2452
12.9 0.2451
12.9167 0.2451
12.9333 0.2449
12.95 0.2448
12.9667 0.2447
12.9833 0.2445
13.0 0.2444
13.0167 0.2441
13.0333 0.2439
13.05 0.2438
13.0667 0.2435
13.0833 0.2433
13.1 0.2431
13.1167 0.2428
13.1333 0.2425
13.15 0.2423
13.1667 0.242
13.1833 0.2416
13.2 0.2413
13.2167 0.241
13.2333 0.2405
13.25 0.2402
13.2667 0.2399
13.2833 0.2394
13.3 0.2391
13.3167 0.2387
13.3333 0.2382
13.35 0.2378
13.3667 0.2373
13.3833 0.2369
13.4 0.2364
13.4167 0.2359
13.4333 0.2352
13.45 0.2348
13.4667 0.2343
13.4833 0.2338
13.5 0.2332
13.5167 0.2326
13.5333 0.232
13.55 0.2315
13.5667 0.2308
13.5833 0.2302
13.6 0.2296
13.6167 0.2289
13.6333 0.2283
13.65 0.2276
13.6667 0.227
13.6833 0.2263
13.7 0.2256
13.7167 0.2248
13.7333 0.2241
13.75 0.2234
13.7667 0.2226
13.7833 0.2219
13.8 0.2211
13.8167 0.2203
13.8333 0.2195
13.85 0.2188
13.8667 0.2179
13.8833 0.2171
13.9 0.2163
13.9167 0.2155
13.9333 0.2146
13.95 0.2137
13.9667 0.2128
13.9833 0.212
14.0 0.2111
14.0167 0.2102
14.0333 0.2093
14.05 0.2084
14.0667 0.2074
14.0833 0.2065
14.1 0.2055
14.1167 0.2046
14.1333 0.2036
14.15 0.2027
14.1667 0.2017
14.1833 0.2007
14.2 0.1996
14.2167 0.1987
14.2333 0.1977
14.25 0.1966
14.2667 0.1956
14.2833 0.1946
14.3 0.1936
14.3167 0.1925
14.3333 0.1914
14.35 0.1904
14.3667 0.1893
14.3833 0.1882
14.4 0.1871
14.4167 0.1861
14.4333 0.185
14.45 0.1838
14.4667 0.1827
14.4833 0.1816
14.5 0.1805
14.5167 0.1794
14.5333 0.1782
14.55 0.1771
14.5667 0.1759
14.5833 0.1748
14.6 0.1736
14.6167 0.1725
14.6333 0.1713
14.65 0.1701
14.6667 0.169
14.6833 0.1678
14.7 0.1666
14.7167 0.1654
14.7333 0.1642
14.75 0.163
14.7667 0.1618
14.7833 0.1606
14.8 0.1594
14.8167 0.1582
14.8333 0.157
14.85 0.1557
14.8667 0.1546
14.8833 0.1533
14.9 0.1521
14.9167 0.1509
14.9333 0.1497
14.95 0.1484
14.9667 0.1472
14.9833 0.146
15.0 0.1447
15.0167 0.1435
15.0333 0.1422
15.05 0.141
15.0667 0.1398
15.0833 0.1385
15.1 0.1373
15.1167 0.136
15.1333 0.1348
15.15 0.1336
15.1667 0.1323
15.1833 0.1311
15.2 0.1298
15.2167 0.1286
15.2333 0.1273
15.25 0.1261
15.2667 0.1249
15.2833 0.1236
15.3 0.1224
15.3167 0.1212
15.3333 0.1199
15.35 0.1187
15.3667 0.1175
15.3833 0.1162
15.4 0.115
15.4167 0.1138
15.4333 0.1126
15.45 0.1113
15.4667 0.1101
15.4833 0.1089
15.5 0.1077
15.5167 0.1065
15.5333 0.1053
15.55 0.1041
15.5667 0.1028
15.5833 0.1016
15.6 0.1004
15.6167 0.09926
15.6333 0.09807
15.65 0.09689
15.6667 0.0957
15.6833 0.09453
15.7 0.09335
15.7167 0.09219
15.7333 0.09103
15.75 0.08987
15.7667 0.08871
15.7833 0.08756
15.8 0.08642
15.8167 0.08528
15.8333 0.08415
15.85 0.08302
15.8667 0.08189
15.8833 0.08077
15.9 0.07967
15.9167 0.07856
15.9333 0.07746
15.95 0.07636
15.9667 0.07527
15.9833 0.07419
16.0 0.07312
16.0167 0.07205
16.0333 0.07099
16.05 0.06993
16.0667 0.06888
16.0833 0.06784
16.1 0.0668
16.1167 0.06578
16.1333 0.06475
16.15 0.06374
16.1667 0.06273
16.1833 0.06173
16.2 0.06074
16.2167 0.05975
16.2333 0.05878
16.25 0.05781
16.2667 0.05685
16.2833 0.05589
16.3 0.05494
16.3167 0.05401
16.3333 0.05307
16.35 0.05215
16.3667 0.05124
16.3833 0.05033
16.4 0.04943
16.4167 0.04854
16.4333 0.04766
16.45 0.04679
16.4667 0.04593
16.4833 0.04507
16.5 0.04422
16.5167 0.04338
16.5333 0.04255
16.55 0.04173
16.5667 0.04092
16.5833 0.04012
16.6 0.03932
16.6167 0.03853
16.6333 0.03775
16.65 0.03699
16.6667 0.03623
16.6833 0.03548
16.7 0.03473
16.7167 0.034
16.7333 0.03328
16.75 0.03256
16.7667 0.03186
16.7833 0.03116
16.8 0.03047
16.8167 0.02979
16.8333 0.02913
16.85 0.02847
16.8667 0.02781
16.8833 0.02717
16.9 0.02654
16.9167 0.02591
16.9333 0.0253
16.95 0.02469
16.9667 0.02409
16.9833 0.0235
17.0 0.02293
17.0167 0.02236
17.0333 0.02179
17.05 0.02124
17.0667 0.0207
17.0833 0.02016
17.1 0.01963
17.1167 0.01912
17.1333 0.01861
17.15 0.01811
17.1667 0.01762
17.1833 0.01713
17.2 0.01666
17.2167 0.01619
17.2333 0.01574
17.25 0.01529
17.2667 0.01485
17.2833 0.01441
17.3 0.01399
17.3167 0.01358
17.3333 0.01317
17.35 0.01277
17.3667 0.01238
17.3833 0.01199
17.4 0.01162
17.4167 0.01125
17.4333 0.01089
17.45 0.01053
17.4667 0.01019
17.4833 0.00985
17.5 0.00952
17.5167 0.009197
17.5333 0.008881
17.55 0.008572
17.5667 0.00827
17.5833 0.007976
17.6 0.007688
17.6167 0.007407
17.6333 0.007132
17.65 0.006865
17.6667 0.006604
17.6833 0.006349
17.7 0.006101
17.7167 0.005859
17.7333 0.005623
17.75 0.005394
17.7667 0.005171
17.7833 0.004953
17.8 0.004741
17.8167 0.004535
17.8333 0.004334
17.85 0.004139
17.8667 0.00395
17.8833 0.003766
17.9 0.003587
17.9167 0.003413
17.9333 0.003245
17.95 0.003081
17.9667 0.002923
17.9833 0.002769
18.0 0.00262
18.0167 0.002476
18.0333 0.002336
18.05 0.002201
18.0667 0.00207
18.0833 0.001944
18.1 0.001822
18.1167 0.001705
18.1333 0.001591
18.15 0.001482
18.1667 0.001378
18.1833 0.001277
18.2 0.001181
18.2167 0.001088
18.2333 0.001
18.25 0.000917
18.2667 0.000838
18.2833 0.0007639
18.3 0.0006881
18.3167 0.0006108
18.3333 0.0005455
18.35 0.0004903
18.3667 0.0004436
18.3833 0.0003835
18.4 0.0003442
18.4167 0.0002957
18.4333 0.0002549
18.45 0.0002193
18.4667 0.0001874
18.4833 0.0001589
18.5 0.0001338
18.5167 0.0001123
18.5333 9.283e-05
18.55 7.568e-05
18.5667 6.16e-05
18.5833 4.957e-05
18.6 3.915e-05
18.6167 3.071e-05
18.6333 2.383e-05
18.65 1.824e-05
18.6667 1.379e-05
18.6833 1.03e-05
18.7 7.422e-06
18.7167 5.253e-06
18.7333 3.546e-06
18.75 2.314e-06
18.7667 1.41e-06
18.7833 8.278e-07
18.8 4.753e-07
18.8167 2.649e-07
18.8333 1.384e-07
18.85 6.328e-08
18.8667 2.095e-08
18.8833 4.043e-09
18.9 3.054e-10
18.9167 9.248e-12
18.9333 7.003e-14
18.95 7.435e-17
18.9667 0.0
18.9833 0.0
19.0 0.0
19.0167 0.0
19.0333 0.0
19.05 0.0
19.0667 0.0
19.0833 0.0
19.1 0.0
19.1167 0.0
19.1333 0.0
19.15 0.0
19.1667 0.0
19.1833 0.0
19.2 0.0
19.2167 0.0
19.2333 0.0
19.25 0.0
19.2667 0.0
19.2833 0.0
19.3 0.0
19.3167 0.0
19.3333 0.0
19.35 0.0
19.3667 0.0
19.3833 0.0
19.4 0.0
19.4167 0.0
19.4333 0.0
19.45 0.0
19.4667 0.0
19.4833 0.0
19.5 0.0
19.5167 0.0
19.5333 0.0
19.55 0.0
19.5667 0.0
19.5833 0.0
19.6 0.0
19.6167 0.0
19.6333 0.0
19.65 0.0
19.6667 0.0
19.6833 0.0
19.7 0.0
19.7167 0.0
19.7333 0.0
19.75 0.0
19.7667 0.0
19.7833 0.0
19.8 0.0
19.8167 0.0
19.8333 0.0
19.85 0.0
19.8667 0.0
19.8833 0.0
19.9 0.0
19.9167 0.0
19.9333 0.0
19.95 0.0
19.9667 0.0
19.9833 0.0
20.0 0.0
20.0167 0.0
20.0333 0.0
20.05 0.0
20.0667 0.0
20.0833 0.0
20.1 0.0
20.1167 0.0
20.1333 0.0
20.15 0.0
20.1667 0.0
20.1833 0.0
20.2 0.0
20.2167 0.0
20.2333 0.0
20.25 0.0
20.2667 0.0
20.2833 0.0
20.3 0.0
20.3167 0.0
20.3333 0.0
20.35 0.0
20.3667 0.0
20.3833 0.0
20.4 0.0
20.4167 0.0
20.4333 0.0
20.45 0.0
20.4667 0.0
20.4833 0.0
20.5 0.0
20.5167 0.0
20.5333 0.0
20.55 0.0
20.5667 0.0
20.5833 0.0
20.6 0.0
20.6167 0.0
20.6333 0.0
20.65 0.0
20.6667 0.0
20.6833 0.0
20.7 0.0
20.7167 0.0
20.7333 0.0
20.75 0.0
20.7667 0.0
20.7833 0.0
20.8 0.0
20.8167 0.0
20.8333 0.0
20.85 0.0
20.8667 0.0
20.8833 0.0
20.9 0.0
20.9167 0.0
20.9333 0.0
20.95 0.0
20.9667 0.0
20.9833 0.0
21.0 0.0
21.0167 0.0
21.0333 0.0
21.05 0.0
21.0667 0.0
21.0833 0.0
21.1 0.0
21.1167 0.0
21.1333 0.0
21.15 0.0
21.1667 0.0
21.1833 0.0
21.2 0.0
21.2167 0.0
21.2333 0.0
21.25 0.0
21.2667 0.0
21.2833 0.0
21.3 0.0
21.3167 0.0
21.3333 0.0
21.35 0.0
21.3667 0.0
21.3833 0.0
21.4 0.0
21.4167 0.0
21.4333 0.0
21.45 0.0
21.4667 0.0
21.4833 0.0
21.5 0.0
21.5167 0.0
21.5333 0.0
21.55 0.0
21.5667 0.0
21.5833 0.0
21.6 0.0
21.6167 0.0
21.6333 0.0
21.65 0.0
21.6667 0.0
21.6833 0.0
21.7 0.0
21.7167 0.0
21.7333 0.0
21.75 0.0
21.7667 0.0
21.7833 0.0
21.8 0.0
21.8167 0.0
21.8333 0.0
21.85 0.0
21.8667 0.0
21.8833 0.0
21.9 0.0
21.9167 0.0
21.9333 0.0
21.95 0.0
21.9667 0.0
21.9833 0.0
22.0 0.0
22.0167 0.0
22.0333 0.0
22.05 0.0
22.0667 0.0
22.0833 0.0
22.1 0.0
22.1167 0.0
22.1333 0.0
22.15 0.0
22.1667 0.0
22.1833 0.0
22.2 0.0
22.2167 0.0
22.2333 0.0
22.25 0.0
22.2667 0.0
22.2833 0.0
22.3 0.0
22.3167 0.0
22.3333 0.0
22.35 0.0
22.3667 0.0
22.3833 0.0
22.4 0.0
22.4167 0.0
22.4333 0.0
22.45 0.0
22.4667 0.0
22.4833 0.0
22.5 0.0
22.5167 0.0
22.5333 0.0
22.55 0.0
22.5667 0.0
22.5833 0.0
22.6 0.0
22.6167 0.0
22.6333 0.0
22.65 0.0
22.6667 0.0
22.6833 0.0
22.7 0.0
22.7167 0.0
22.7333 0.0
22.75 0.0
22.7667 0.0
22.7833 0.0
22.8 0.0
22.8167 0.0
22.8333 0.0
22.85 0.0
22.8667 0.0
22.8833 0.0
22.9 0.0
22.9167 0.0
22.9333 0.0
22.95 0.0
22.9667 0.0
22.9833 0.0
23.0 0.0
23.0167 0.0
23.0333 0.0
23.05 0.0
23.0667 0.0
23.0833 0.0
23.1 0.0
23.1167 0.0
23.1333 0.0
23.15 0.0
23.1667 0.0
23.1833 0.0
23.2 0.0
23.2167 0.0
23.2333 0.0
23.25 0.0
23.2667 0.0
23.2833 0.0
23.3 0.0
23.3167 0.0
23.3333 0.0
23.35 0.0
23.3667 0.0
23.3833 0.0
23.4 0.0
23.4167 0.0
23.4333 0.0
23.45 0.0
23.4667 0.0
23.4833 0.0
23.5 0.0
23.5167 0.0
23.5333 0.0
23.55 0.0
23.5667 0.0
23.5833 0.0
23.6 0.0
23.6167 0.0
23.6333 0.0
23.65 0.0
23.6667 0.0
23.6833 0.0
23.7 0.0
23.7167 0.0
23.7333 0.0
23.75 0.0
23.7667 0.0
23.7833 0.0
23.8 0.0
23.8167 0.0
23.8333 0.0
23.85 0.0
23.8667 0.0
23.8833 0.0
23.9 0.0
23.9167 0.0
23.9333 0.0
23.95 0.0
23.9667 0.0
23.9833 0.0
