0.0 0.0
0.0167 0.0
0.0333 0.0
0.05 0.0
0.0667 0.0
0.0833 0.0
0.1 0.0
0.1167 0.0
0.1333 0.0
0.15 0.0
0.1667 0.0
0.1833 0.0
0.2 0.0
0.2167 0.0
0.2333 0.0
0.25 0.0
0.2667 0.0
0.2833 0.0
0.3 0.0
0.3167 0.0
0.3333 0.0
0.35 0.0
0.3667 0.0
0.3833 0.0
0.4 0.0
0.4167 0.0
0.4333 0.0
0.45 0.0
0.4667 0.0
0.4833 0.0
0.5 0.0
0.5167 0.0
0.5333 0.0
0.55 0.0
0.5667 0.0
0.5833 0.0
0.6 0.0
0.6167 0.0
0.6333 0.0
0.65 0.0
0.6667 0.0
0.6833 0.0
0.7 0.0
0.7167 0.0
0.7333 0.0
0.75 0.0
0.7667 0.0
0.7833 0.0
0.8 0.0
0.8167 0.0
0.8333 0.0
0.85 0.0
0.8667 0.0
0.8833 0.0
0.9 0.0
0.9167 0.0
0.9333 0.0
0.95 0.0
0.9667 0.0
0.9833 0.0
1.0 0.0
1.0167 0.0
1.0333 0.0
1.05 0.0
1.0667 0.0
1.0833 0.0
1.1 0.0
1.1167 0.0
1.1333 0.0
1.15 0.0
1.1667 0.0
1.1833 0.0
1.2 0.0
1.2167 0.0
1.2333 0.0
1.25 0.0
1.2667 0.0
1.2833 0.0
1.3 0.0
1.3167 0.0
1.3333 0.0
1.35 0.0
1.3667 0.0
1.3833 0.0
1.4 0.0
1.4167 0.0
1.4333 0.0
1.45 0.0
1.4667 0.0
1.4833 0.0
1.5 0.0
1.5167 0.0
1.5333 0.0
1.55 0.0
1.5667 0.0
1.5833 0.0
1.6 0.0
1.6167 0.0
1.6333 0.0
1.65 0.0
1.6667 0.0
1.6833 0.0
1.7 0.0
1.7167 0.0
1.7333 0.0
1.75 0.0
1.7667 0.0
1.7833 0.0
1.8 0.0
1.8167 0.0
1.8333 0.0
1.85 0.0
1.8667 0.0
1.8833 0.0
1.9 0.0
1.9167 0.0
1.9333 0.0
1.95 0.0
1.9667 0.0
1.9833 0.0
2.0 0.0
2.0167 0.0
2.0333 0.0
2.05 0.0
2.0667 0.0
2.0833 0.0
2.1 0.0
2.1167 0.0
2.1333 0.0
2.15 0.0
2.1667 0.0
2.1833 0.0
2.2 0.0
2.2167 0.0
2.2333 0.0
2.25 0.0
2.2667 0.0
2.2833 0.0
2.3 0.0
2.3167 0.0
2.3333 0.0
2.35 0.0
2.3667 0.0
2.3833 0.0
2.4 0.0
2.4167 0.0
2.4333 0.0
2.45 0.0
2.4667 0.0
2.4833 0.0
2.5 0.0
2.5167 0.0
2.5333 0.0
2.55 0.0
2.5667 0.0
2.5833 0.0
2.6 0.0
2.6167 0.0
2.6333 0.0
2.65 0.0
2.6667 0.0
2.6833 0.0
2.7 0.0
2.7167 0.0
2.7333 0.0
2.75 0.0
2.7667 0.0
2.7833 0.0
2.8 0.0
2.8167 0.0
2.8333 0.0
2.85 0.0
2.8667 0.0
2.8833 0.0
2.9 0.0
2.9167 0.0
2.9333 0.0
2.95 0.0
2.9667 0.0
2.9833 0.0
3.0 0.0
3.0167 0.0
3.0333 0.0
3.05 0.0
3.0667 0.0
3.0833 0.0
3.1 0.0
3.1167 0.0
3.1333 0.0
3.15 0.0
3.1667 0.0
3.1833 0.0
3.2 0.0
3.2167 0.0
3.2333 0.0
3.25 0.0
3.2667 0.0
3.2833 0.0
3.3 0.0
3.3167 0.0
3.3333 0.0
3.35 0.0
3.3667 0.0
3.3833 0.0
3.4 0.0
3.4167 0.0
3.4333 0.0
3.45 0.0
3.4667 0.0
3.4833 0.0
3.5 0.0
3.5167 0.0
3.5333 0.0
3.55 0.0
3.5667 0.0
3.5833 0.0
3.6 0.0
3.6167 0.0
3.6333 0.0
3.65 0.0
3.6667 0.0
3.6833 0.0
3.7 0.0
3.7167 0.0
3.7333 0.0
3.75 0.0
3.7667 0.0
3.7833 0.0
3.8 0.0
3.8167 0.0
3.8333 0.0
3.85 0.0
3.8667 0.0
3.8833 0.0
3.9 0.0
3.9167 0.0
3.9333 0.0
3.95 0.0
3.9667 0.0
3.9833 0.0
4.0 0.0
4.0167 0.0
4.0333 0.0
4.05 0.0
4.0667 0.0
4.0833 0.0
4.1 0.0
4.1167 0.0
4.1333 0.0
4.15 0.0
4.1667 0.0
4.1833 0.0
4.2 0.0
4.2167 0.0
4.2333 0.0
4.25 0.0
4.2667 0.0
4.2833 0.0
4.3 0.0
4.3167 0.0
4.3333 0.0
4.35 0.0
4.3667 0.0
4.3833 0.0
4.4 0.0
4.4167 0.0
4.4333 0.0
4.45 0.0
4.4667 0.0
4.4833 0.0
4.5 0.0
4.5167 0.0
4.5333 0.0
4.55 0.0
4.5667 0.0
4.5833 0.0
4.6 0.0
4.6167 0.0
4.6333 0.0
4.65 0.0
4.6667 0.0
4.6833 0.0
4.7 0.0
4.7167 0.0
4.7333 0.0
4.75 0.0
4.7667 0.0
4.7833 0.0
4.8 0.0
4.8167 0.0
4.8333 0.0
4.85 0.0
4.8667 0.0
4.8833 0.0
4.9 0.0
4.9167 0.0
4.9333 0.0
4.95 0.0
4.9667 0.0
4.9833 0.0
5.0 0.0
5.0167 0.0
5.0333 0.0
5.05 0.0
5.0667 0.0
5.0833 0.0
5.1 0.0
5.1167 0.0
5.1333 0.0
5.15 0.0
5.1667 0.0
5.1833 0.0
5.2 0.0
5.2167 0.0
5.2333 0.0
5.25 0.0
5.2667 0.0
5.2833 0.0
5.3 0.0
5.3167 0.0
5.3333 0.0
5.35 0.0
5.3667 0.0
5.3833 0.0
5.4 0.0
5.4167 0.0
5.4333 0.0
5.45 0.0
5.4667 0.0
5.4833 0.0
5.5 0.0
5.5167 0.0
5.5333 0.0
5.55 0.0
5.5667 0.0
5.5833 0.0
5.6 0.0
5.6167 0.0
5.6333 0.0
5.65 0.0
5.6667 0.0
5.6833 0.0
5.7 0.0
5.7167 0.0
5.7333 0.0
5.75 0.0
5.7667 0.0
5.7833 0.0
5.8 0.0
5.8167 0.0
5.8333 0.0
5.85 0.0
5.8667 0.0
5.8833 0.0
5.9 4.601e-33
5.9167 1.072e-15
5.9333 5.471e-13
5.95 5.261e-11
5.9667 1.184e-09
5.9833 1.117e-08
6.0 4.034e-08
6.0167 1.02e-07
6.0333 2.059e-07
6.05 3.856e-07
6.0667 6.903e-07
6.0833 1.19e-06
6.1 1.975e-06
6.1167 3.082e-06
6.1333 4.591e-06
6.15 6.661e-06
6.1667 9.201e-06
6.1833 1.274e-05
6.2 1.693e-05
6.2167 2.228e-05
6.2333 2.899e-05
6.25 3.731e-05
6.2667 4.763e-05
6.2833 5.974e-05
6.3 7.376e-05
6.3167 9.209e-05
6.3333 0.0001108
6.35 0.0001329
6.3667 0.0001587
6.3833 0.0001879
6.4 0.0002206
6.4167 0.0002577
6.4333 0.0003016
6.45 0.000341
6.4667 0.0003944
6.4833 0.0004405
6.5 0.0004958
6.5167 0.000562
6.5333 0.0006355
6.55 0.0007025
6.5667 0.0007745
6.5833 0.000851
6.6 0.0009319
6.6167 0.001017
6.6333 0.001106
6.65 0.0012
6.6667 0.001297
6.6833 0.001399
6.7 0.001505
6.7167 0.001615
6.7333 0.001729
6.75 0.001848
6.7667 0.001971
6.7833 0.002098
6.8 0.00223
6.8167 0.002366
6.8333 0.002508
6.85 0.002653
6.8667 0.002804
6.8833 0.00296
6.9 0.00312
6.9167 0.003286
6.9333 0.003457
6.95 0.003633
6.9667 0.003815
6.9833 0.004002
7.0 0.004195
7.0167 0.004393
7.0333 0.004598
7.05 0.004808
7.0667 0.005025
7.0833 0.005247
7.1 0.005476
7.1167 0.005711
7.1333 0.005953
7.15 0.006201
7.1667 0.006456
7.1833 0.006717
7.2 0.006985
7.2167 0.007261
7.2333 0.007544
7.25 0.007833
7.2667 0.00813
7.2833 0.008434
7.3 0.008746
7.3167 0.009066
7.3333 0.009393
7.35 0.009728
7.3667 0.01007
7.3833 0.01042
7.4 0.01078
7.4167 0.01115
7.4333 0.01152
7.45 0.0119
7.4667 0.0123
7.4833 0.0127
7.5 0.01311
7.5167 0.01352
7.5333 0.01395
7.55 0.01438
7.5667 0.01483
7.5833 0.01528
7.6 0.01574
7.6167 0.01621
7.6333 0.01669
7.65 0.01718
7.6667 0.01768
7.6833 0.01819
7.7 0.0187
7.7167 0.01923
7.7333 0.01977
7.75 0.02031
7.7667 0.02087
7.7833 0.02143
7.8 0.02201
7.8167 0.02259
7.8333 0.02318
7.85 0.02379
7.8667 0.0244
7.8833 0.02503
7.9 0.02566
7.9167 0.0263
7.9333 0.02696
7.95 0.02762
7.9667 0.02829
7.9833 0.02898
8.0 0.02967
8.0167 0.03037
8.0333 0.03109
8.05 0.03181
8.0667 0.03255
8.0833 0.03329
8.1 0.03405
8.1167 0.03481
8.1333 0.03559
8.15 0.03637
8.1667 0.03717
8.1833 0.03797
8.2 0.03879
8.2167 0.03962
8.2333 0.04045
8.25 0.0413
8.2667 0.04216
8.2833 0.04302
8.3 0.0439
8.3167 0.04479
8.3333 0.04568
8.35 0.04659
8.3667 0.04751
8.3833 0.04843
8.4 0.04937
8.4167 0.05032
8.4333 0.05127
8.45 0.05224
8.4667 0.05322
8.4833 0.0542
8.5 0.0552
8.5167 0.0562
8.5333 0.05722
8.55 0.05824
8.5667 0.05927
8.5833 0.06032
8.6 0.06137
8.6167 0.06243
8.6333 0.0635
8.65 0.06458
8.6667 0.06567
8.6833 0.06677
8.7 0.06788
8.7167 0.06899
8.7333 0.07012
8.75 0.07125
8.7667 0.07239
8.7833 0.07355
8.8 0.07471
8.8167 0.07587
8.8333 0.07705
8.85 0.07824
8.8667 0.07943
8.8833 0.08063
8.9 0.08184
8.9167 0.08306
8.9333 0.08428
8.95 0.08551
8.9667 0.08675
8.9833 0.088
9.0 0.08926
9.0167 0.09052
9.0333 0.09179
9.05 0.09306
9.0667 0.09435
9.0833 0.09564
9.1 0.09694
9.1167 0.09824
9.1333 0.09955
9.15 0.1009
9.1667 0.1022
9.1833 0.1035
9.2 0.1048
9.2167 0.1062
9.2333 0.1075
9.25 0.1089
9.2667 0.1103
9.2833 0.1116
9.3 0.113
9.3167 0.1144
9.3333 0.1157
9.35 0.1171
9.3667 0.1185
9.3833 0.1199
9.4 0.1213
9.4167 0.1227
9.4333 0.1241
9.45 0.1255
9.4667 0.127
9.4833 0.1284
9.5 0.1298
9.5167 0.1312
9.5333 0.1327
9.55 0.134
9.5667 0.1355
9.5833 0.137
9.6 0.1384
9.6167 0.1399
9.6333 0.1413
9.65 0.1428
9.6667 0.1442
9.6833 0.1457
9.7 0.1471
9.7167 0.1486
9.7333 0.15
9.75 0.1515
9.7667 0.153
9.7833 0.1544
9.8 0.1559
9.8167 0.1574
9.8333 0.1588
9.85 0.1603
9.8667 0.1618
9.8833 0.1633
9.9 0.1647
9.9167 0.1662
9.9333 0.1677
9.95 0.169
9.9667 0.1706
9.9833 0.1721
10.0 0.1735
10.0167 0.175
10.0333 0.1764
10.05 0.1779
10.0667 0.1794
10.0833 0.1809
10.1 0.1823
10.1167 0.1836
10.1333 0.1852
10.15 0.1867
10.1667 0.1882
10.1833 0.1896
10.2 0.191
10.2167 0.1925
10.2333 0.1939
10.25 0.1954
10.2667 0.1968
10.2833 0.1982
10.3 0.1997
10.3167 0.2011
10.3333 0.2025
10.35 0.2039
10.3667 0.2054
10.3833 0.2066
10.4 0.2082
10.4167 0.2096
10.4333 0.211
10.45 0.2122
10.4667 0.2137
10.4833 0.2151
10.5 0.2165
10.5167 0.2179
10.5333 0.2192
10.55 0.2206
10.5667 0.2219
10.5833 0.2233
10.6 0.2246
10.6167 0.2259
10.6333 0.2273
10.65 0.2286
10.6667 0.2299
10.6833 0.2312
10.7 0.2325
10.7167 0.2338
10.7333 0.2351
10.75 0.2362
10.7667 0.2377
10.7833 0.2389
10.8 0.2402
10.8167 0.2414
10.8333 0.2425
10.85 0.2439
10.8667 0.2451
10.8833 0.2463
10.9 0.2475
10.9167 0.2487
10.9333 0.2499
10.95 0.2509
10.9667 0.2523
10.9833 0.2534
11.0 0.2546
11.0167 0.2557
11.0333 0.2568
11.05 0.258
11.0667 0.2591
11.0833 0.2602
11.1 0.2613
11.1167 0.2623
11.1333 0.2634
11.15 0.2645
11.1667 0.2655
11.1833 0.2666
11.2 0.2675
11.2167 0.2686
11.2333 0.2696
11.25 0.2706
11.2667 0.2716
11.2833 0.2725
11.3 0.2735
11.3167 0.2744
11.3333 0.2754
11.35 0.2763
11.3667 0.2772
11.3833 0.2781
11.4 0.279
11.4167 0.2798
11.4333 0.2807
11.45 0.2816
11.4667 0.2822
11.4833 0.2832
11.5 0.284
11.5167 0.2848
11.5333 0.2856
11.55 0.2864
11.5667 0.2871
11.5833 0.2879
11.6 0.2886
11.6167 0.2891
11.6333 0.29
11.65 0.2907
11.6667 0.2911
11.6833 0.292
11.7 0.2927
11.7167 0.2933
11.7333 0.2939
11.75 0.2946
11.7667 0.2951
11.7833 0.2957
11.8 0.2962
11.8167 0.2968
11.8333 0.2974
11.85 0.2979
11.8667 0.2982
11.8833 0.2989
11.9 0.2994
11.9167 0.2998
11.9333 0.3003
11.95 0.3007
11.9667 0.3011
11.9833 0.3015
12.0 0.3019
12.0167 0.3023
12.0333 0.3027
12.05 0.303
12.0667 0.3033
12.0833 0.3036
12.1 0.3039
12.1167 0.3042
12.1333 0.3045
12.15 0.3047
12.1667 0.305
12.1833 0.3052
12.2 0.3054
12.2167 0.3056
12.2333 0.3058
12.25 0.3059
12.2667 0.3061
12.2833 0.3062
12.3 0.3063
12.3167 0.3064
12.3333 0.3065
12.35 0.3066
12.3667 0.3066
12.3833 0.3067
12.4 0.3067
12.4167 0.3067
12.4333 0.3067
12.45 0.3067
12.4667 0.3066
12.4833 0.3066
12.5 0.3065
12.5167 0.3064
12.5333 0.3063
12.55 0.3062
12.5667 0.3061
12.5833 0.3059
12.6 0.3058
12.6167 0.3056
12.6333 0.3054
12.65 0.3052
12.6667 0.3049
12.6833 0.3047
12.7 0.3044
12.7167 0.3042
12.7333 0.3039
12.75 0.3036
12.7667 0.3033
12.7833 0.303
12.8 0.3026
12.8167 0.3022
12.8333 0.3019
12.85 0.3015
12.8667 0.3011
12.8833 0.3007
12.9 0.3002
12.9167 0.2998
12.9333 0.2993
12.95 0.2988
12.9667 0.2981
12.9833 0.2978
13.0 0.2973
13.0167 0.2968
13.0333 0.2961
13.05 0.2956
13.0667 0.2951
13.0833 0.2945
13.1 0.2938
13.1167 0.2932
13.1333 0.2926
13.15 0.2919
13.1667 0.2911
13.1833 0.2905
13.2 0.2899
13.2167 0.2891
13.2333 0.2885
13.25 0.2878
13.2667 0.287
13.2833 0.2863
13.3 0.2855
13.3167 0.2847
13.3333 0.2839
13.35 0.2831
13.3667 0.2822
13.3833 0.2814
13.4 0.2806
13.4167 0.2797
13.4333 0.2788
13.45 0.278
13.4667 0.2771
13.4833 0.2762
13.5 0.2752
13.5167 0.2742
13.5333 0.2734
13.55 0.2724
13.5667 0.2714
13.5833 0.2704
13.6 0.2694
13.6167 0.2684
13.6333 0.2673
13.65 0.2664
13.6667 0.2654
13.6833 0.2643
13.7 0.2632
13.7167 0.2622
13.7333 0.2611
13.75 0.26
13.7667 0.2589
13.7833 0.2578
13.8 0.2567
13.8167 0.2555
13.8333 0.2544
13.85 0.2533
13.8667 0.2521
13.8833 0.2509
13.9 0.2498
13.9167 0.2485
13.9333 0.2474
13.95 0.2462
13.9667 0.2449
13.9833 0.2437
14.0 0.2424
14.0167 0.2412
14.0333 0.24
14.05 0.2387
14.0667 0.2375
14.0833 0.2362
14.1 0.2349
14.1167 0.2336
14.1333 0.2323
14.15 0.231
14.1667 0.2297
14.1833 0.2284
14.2 0.2271
14.2167 0.2258
14.2333 0.2244
14.25 0.2231
14.2667 0.2217
14.2833 0.2203
14.3 0.219
14.3167 0.2177
14.3333 0.2163
14.35 0.2149
14.3667 0.2135
14.3833 0.2122
14.4 0.2106
14.4167 0.2094
14.4333 0.208
14.45 0.2065
14.4667 0.2051
14.4833 0.2037
14.5 0.2023
14.5167 0.2009
14.5333 0.1995
14.55 0.198
14.5667 0.1966
14.5833 0.1952
14.6 0.1937
14.6167 0.1923
14.6333 0.1907
14.65 0.1894
14.6667 0.1879
14.6833 0.1865
14.7 0.185
14.7167 0.1836
14.7333 0.1821
14.75 0.1806
14.7667 0.1792
14.7833 0.1777
14.8 0.1762
14.8167 0.1748
14.8333 0.1733
14.85 0.1718
14.8667 0.1704
14.8833 0.1689
14.9 0.1674
14.9167 0.166
14.9333 0.1645
14.95 0.163
14.9667 0.1615
14.9833 0.16
15.0 0.1586
15.0167 0.1571
15.0333 0.1557
15.05 0.1542
15.0667 0.1527
15.0833 0.1512
15.1 0.1498
15.1167 0.1484
15.1333 0.1469
15.15 0.1454
15.1667 0.144
15.1833 0.1425
15.2 0.1411
15.2167 0.1396
15.2333 0.1382
15.25 0.1367
15.2667 0.1353
15.2833 0.1339
15.3 0.1324
15.3167 0.131
15.3333 0.1296
15.35 0.1281
15.3667 0.1267
15.3833 0.1253
15.4 0.1239
15.4167 0.1225
15.4333 0.1211
15.45 0.1197
15.4667 0.1183
15.4833 0.1169
15.5 0.1155
15.5167 0.1141
15.5333 0.1128
15.55 0.1114
15.5667 0.11
15.5833 0.1086
15.6 0.1073
15.6167 0.106
15.6333 0.1046
15.65 0.1033
15.6667 0.102
15.6833 0.1006
15.7 0.09934
15.7167 0.09802
15.7333 0.09672
15.75 0.09543
15.7667 0.09414
15.7833 0.09286
15.8 0.09158
15.8167 0.09031
15.8333 0.08905
15.85 0.0878
15.8667 0.08655
15.8833 0.08531
15.9 0.08408
15.9167 0.08285
15.9333 0.08164
15.95 0.08043
15.9667 0.07923
15.9833 0.07804
16.0 0.07685
16.0167 0.07568
16.0333 0.07451
16.05 0.07335
16.0667 0.07221
16.0833 0.07106
16.1 0.06993
16.1167 0.06881
16.1333 0.06769
16.15 0.06659
16.1667 0.06549
16.1833 0.0644
16.2 0.06332
16.2167 0.06225
16.2333 0.06119
16.25 0.06014
16.2667 0.0591
16.2833 0.05806
16.3 0.05704
16.3167 0.05603
16.3333 0.05503
16.35 0.05403
16.3667 0.05305
16.3833 0.05207
16.4 0.05111
16.4167 0.05015
16.4333 0.04921
16.45 0.04827
16.4667 0.04735
16.4833 0.04643
16.5 0.04553
16.5167 0.04463
16.5333 0.04375
16.55 0.04287
16.5667 0.04201
16.5833 0.04115
16.6 0.04031
16.6167 0.03947
16.6333 0.03865
16.65 0.03783
16.6667 0.03703
16.6833 0.03623
16.7 0.03545
16.7167 0.03468
16.7333 0.03392
16.75 0.03316
16.7667 0.03242
16.7833 0.03168
16.8 0.03096
16.8167 0.03025
16.8333 0.02955
16.85 0.02885
16.8667 0.02817
16.8833 0.0275
16.9 0.02684
16.9167 0.02619
16.9333 0.02554
16.95 0.02491
16.9667 0.02429
16.9833 0.02368
17.0 0.02308
17.0167 0.02248
17.0333 0.0219
17.05 0.02133
17.0667 0.02077
17.0833 0.02021
17.1 0.01967
17.1167 0.01913
17.1333 0.01861
17.15 0.01809
17.1667 0.01759
17.1833 0.01709
17.2 0.0166
17.2167 0.01612
17.2333 0.01565
17.25 0.0152
17.2667 0.01474
17.2833 0.0143
17.3 0.01387
17.3167 0.01344
17.3333 0.01303
17.35 0.01262
17.3667 0.01222
17.3833 0.01183
17.4 0.01145
17.4167 0.01108
17.4333 0.01071
17.45 0.01035
17.4667 0.01
17.4833 0.009664
17.5 0.009329
17.5167 0.009004
17.5333 0.008686
17.55 0.008376
17.5667 0.008073
17.5833 0.007776
17.6 0.007488
17.6167 0.007207
17.6333 0.006933
17.65 0.006666
17.6667 0.006406
17.6833 0.006151
17.7 0.005905
17.7167 0.005664
17.7333 0.005431
17.75 0.005203
17.7667 0.004981
17.7833 0.004766
17.8 0.004557
17.8167 0.004354
17.8333 0.004156
17.85 0.003965
17.8667 0.003778
17.8833 0.003597
17.9 0.003422
17.9167 0.003252
17.9333 0.003088
17.95 0.002928
17.9667 0.002773
17.9833 0.002623
18.0 0.002478
18.0167 0.002338
18.0333 0.002203
18.05 0.002071
18.0667 0.001945
18.0833 0.001823
18.1 0.001705
18.1167 0.001592
18.1333 0.001482
18.15 0.001377
18.1667 0.001276
18.1833 0.00118
18.2 0.001087
18.2167 0.0009988
18.2333 0.0009146
18.25 0.0008344
18.2667 0.0007588
18.2833 0.0006878
18.3 0.000622
18.3167 0.0005469
18.3333 0.000483
18.35 0.0004298
18.3667 0.0003855
18.3833 0.0003312
18.4 0.0002946
18.4167 0.0002508
18.4333 0.0002137
18.45 0.0001814
18.4667 0.000153
18.4833 0.0001284
18.5 0.0001073
18.5167 8.654e-05
18.5333 7.102e-05
18.55 5.648e-05
18.5667 4.493e-05
18.5833 3.579e-05
18.6 2.772e-05
18.6167 2.121e-05
18.6333 1.581e-05
18.65 1.174e-05
18.6667 8.657e-06
18.6833 6.098e-06
18.7 4.269e-06
18.7167 2.8e-06
18.7333 1.744e-06
18.75 1.04e-06
18.7667 5.995e-07
18.7833 3.377e-07
18.8 1.774e-07
18.8167 8.358e-08
18.8333 3.176e-08
18.85 7.246e-09
18.8667 6.238e-10
18.8833 2.106e-11
18.9 1.493e-13
18.9167 1.585e-16
18.9333 0.0
18.95 0.0
18.9667 0.0
18.9833 0.0
19.0 0.0
19.0167 0.0
19.0333 0.0
19.05 0.0
19.0667 0.0
19.0833 0.0
19.1 0.0
19.1167 0.0
19.1333 0.0
19.15 0.0
19.1667 0.0
19.1833 0.0
19.2 0.0
19.2167 0.0
19.2333 0.0
19.25 0.0
19.2667 0.0
19.2833 0.0
19.3 0.0
19.3167 0.0
19.3333 0.0
19.35 0.0
19.3667 0.0
19.3833 0.0
19.4 0.0
19.4167 0.0
19.4333 0.0
19.45 0.0
19.4667 0.0
19.4833 0.0
19.5 0.0
19.5167 0.0
19.5333 0.0
19.55 0.0
19.5667 0.0
19.5833 0.0
19.6 0.0
19.6167 0.0
19.6333 0.0
19.65 0.0
19.6667 0.0
19.6833 0.0
19.7 0.0
19.7167 0.0
19.7333 0.0
19.75 0.0
19.7667 0.0
19.7833 0.0
19.8 0.0
19.8167 0.0
19.8333 0.0
19.85 0.0
19.8667 0.0
19.8833 0.0
19.9 0.0
19.9167 0.0
19.9333 0.0
19.95 0.0
19.9667 0.0
19.9833 0.0
20.0 0.0
20.0167 0.0
20.0333 0.0
20.05 0.0
20.0667 0.0
20.0833 0.0
20.1 0.0
20.1167 0.0
20.1333 0.0
20.15 0.0
20.1667 0.0
20.1833 0.0
20.2 0.0
20.2167 0.0
20.2333 0.0
20.25 0.0
20.2667 0.0
20.2833 0.0
20.3 0.0
20.3167 0.0
20.3333 0.0
20.35 0.0
20.3667 0.0
20.3833 0.0
20.4 0.0
20.4167 0.0
20.4333 0.0
20.45 0.0
20.4667 0.0
20.4833 0.0
20.5 0.0
20.5167 0.0
20.5333 0.0
20.55 0.0
20.5667 0.0
20.5833 0.0
20.6 0.0
20.6167 0.0
20.6333 0.0
20.65 0.0
20.6667 0.0
20.6833 0.0
20.7 0.0
20.7167 0.0
20.7333 0.0
20.75 0.0
20.7667 0.0
20.7833 0.0
20.8 0.0
20.8167 0.0
20.8333 0.0
20.85 0.0
20.8667 0.0
20.8833 0.0
20.9 0.0
20.9167 0.0
20.9333 0.0
20.95 0.0
20.9667 0.0
20.9833 0.0
21.0 0.0
21.0167 0.0
21.0333 0.0
21.05 0.0
21.0667 0.0
21.0833 0.0
21.1 0.0
21.1167 0.0
21.1333 0.0
21.15 0.0
21.1667 0.0
21.1833 0.0
21.2 0.0
21.2167 0.0
21.2333 0.0
21.25 0.0
21.2667 0.0
21.2833 0.0
21.3 0.0
21.3167 0.0
21.3333 0.0
21.35 0.0
21.3667 0.0
21.3833 0.0
21.4 0.0
21.4167 0.0
21.4333 0.0
21.45 0.0
21.4667 0.0
21.4833 0.0
21.5 0.0
21.5167 0.0
21.5333 0.0
21.55 0.0
21.5667 0.0
21.5833 0.0
21.6 0.0
21.6167 0.0
21.6333 0.0
21.65 0.0
21.6667 0.0
21.6833 0.0
21.7 0.0
21.7167 0.0
21.7333 0.0
21.75 0.0
21.7667 0.0
21.7833 0.0
21.8 0.0
21.8167 0.0
21.8333 0.0
21.85 0.0
21.8667 0.0
21.8833 0.0
21.9 0.0
21.9167 0.0
21.9333 0.0
21.95 0.0
21.9667 0.0
21.9833 0.0
22.0 0.0
22.0167 0.0
22.0333 0.0
22.05 0.0
22.0667 0.0
22.0833 0.0
22.1 0.0
22.1167 0.0
22.1333 0.0
22.15 0.0
22.1667 0.0
22.1833 0.0
22.2 0.0
22.2167 0.0
22.2333 0.0
22.25 0.0
22.2667 0.0
22.2833 0.0
22.3 0.0
22.3167 0.0
22.3333 0.0
22.35 0.0
22.3667 0.0
22.3833 0.0
22.4 0.0
22.4167 0.0
22.4333 0.0
22.45 0.0
22.4667 0.0
22.4833 0.0
22.5 0.0
22.5167 0.0
22.5333 0.0
22.55 0.0
22.5667 0.0
22.5833 0.0
22.6 0.0
22.6167 0.0
22.6333 0.0
22.65 0.0
22.6667 0.0
22.6833 0.0
22.7 0.0
22.7167 0.0
22.7333 0.0
22.75 0.0
22.7667 0.0
22.7833 0.0
22.8 0.0
22.8167 0.0
22.8333 0.0
22.85 0.0
22.8667 0.0
22.8833 0.0
22.9 0.0
22.9167 0.0
22.9333 0.0
22.95 0.0
22.9667 0.0
22.9833 0.0
23.0 0.0
23.0167 0.0
23.0333 0.0
23.05 0.0
23.0667 0.0
23.0833 0.0
23.1 0.0
23.1167 0.0
23.1333 0.0
23.15 0.0
23.1667 0.0
23.1833 0.0
23.2 0.0
23.2167 0.0
23.2333 0.0
23.25 0.0
23.2667 0.0
23.2833 0.0
23.3 0.0
23.3167 0.0
23.3333 0.0
23.35 0.0
23.3667 0.0
23.3833 0.0
23.4 0.0
23.4167 0.0
23.4333 0.0
23.45 0.0
23.4667 0.0
23.4833 0.0
23.5 0.0
23.5167 0.0
23.5333 0.0
23.55 0.0
23.5667 0.0
23.5833 0.0
23.6 0.0
23.6167 0.0
23.6333 0.0
23.65 0.0
23.6667 0.0
23.6833 0.0
23.7 0.0
23.7167 0.0
23.7333 0.0
23.75 0.0
23.7667 0.0
23.7833 0.0
23.8 0.0
23.8167 0.0
23.8333 0.0
23.85 0.0
23.8667 0.0
23.8833 0.0
23.9 0.0
23.9167 0.0
23.9333 0.0
23.95 0.0
23.9667 0.0
23.9833 0.0
