0.0 0.0
0.0167 0.0
0.0333 0.0
0.05 0.0
0.0667 0.0
0.0833 0.0
0.1 0.0
0.1167 0.0
0.1333 0.0
0.15 0.0
0.1667 0.0
0.1833 0.0
0.2 0.0
0.2167 0.0
0.2333 0.0
0.25 0.0
0.2667 0.0
0.2833 0.0
0.3 0.0
0.3167 0.0
0.3333 0.0
0.35 0.0
0.3667 0.0
0.3833 0.0
0.4 0.0
0.4167 0.0
0.4333 0.0
0.45 0.0
0.4667 0.0
0.4833 0.0
0.5 0.0
0.5167 0.0
0.5333 0.0
0.55 0.0
0.5667 0.0
0.5833 0.0
0.6 0.0
0.6167 0.0
0.6333 0.0
0.65 0.0
0.6667 0.0
0.6833 0.0
0.7 0.0
0.7167 0.0
0.7333 0.0
0.75 0.0
0.7667 0.0
0.7833 0.0
0.8 0.0
0.8167 0.0
0.8333 0.0
0.85 0.0
0.8667 0.0
0.8833 0.0
0.9 0.0
0.9167 0.0
0.9333 0.0
0.95 0.0
0.9667 0.0
0.9833 0.0
1.0 0.0
1.0167 0.0
1.0333 0.0
1.05 0.0
1.0667 0.0
1.0833 0.0
1.1 0.0
1.1167 0.0
1.1333 0.0
1.15 0.0
1.1667 0.0
1.1833 0.0
1.2 0.0
1.2167 0.0
1.2333 0.0
1.25 0.0
1.2667 0.0
1.2833 0.0
1.3 0.0
1.3167 0.0
1.3333 0.0
1.35 0.0
1.3667 0.0
1.3833 0.0
1.4 0.0
1.4167 0.0
1.4333 0.0
1.45 0.0
1.4667 0.0
1.4833 0.0
1.5 0.0
1.5167 0.0
1.5333 0.0
1.55 0.0
1.5667 0.0
1.5833 0.0
1.6 0.0
1.6167 0.0
1.6333 0.0
1.65 0.0
1.6667 0.0
1.6833 0.0
1.7 0.0
1.7167 0.0
1.7333 0.0
1.75 0.0
1.7667 0.0
1.7833 0.0
1.8 0.0
1.8167 0.0
1.8333 0.0
1.85 0.0
1.8667 0.0
1.8833 0.0
1.9 0.0
1.9167 0.0
1.9333 0.0
1.95 0.0
1.9667 0.0
1.9833 0.0
2.0 0.0
2.0167 0.0
2.0333 0.0
2.05 0.0
2.0667 0.0
2.0833 0.0
2.1 0.0
2.1167 0.0
2.1333 0.0
2.15 0.0
2.1667 0.0
2.1833 0.0
2.2 0.0
2.2167 0.0
2.2333 0.0
2.25 0.0
2.2667 0.0
2.2833 0.0
2.3 0.0
2.3167 0.0
2.3333 0.0
2.35 0.0
2.3667 0.0
2.3833 0.0
2.4 0.0
2.4167 0.0
2.4333 0.0
2.45 0.0
2.4667 0.0
2.4833 0.0
2.5 0.0
2.5167 0.0
2.5333 0.0
2.55 0.0
2.5667 0.0
2.5833 0.0
2.6 0.0
2.6167 0.0
2.6333 0.0
2.65 0.0
2.6667 0.0
2.6833 0.0
2.7 0.0
2.7167 0.0
2.7333 0.0
2.75 0.0
2.7667 0.0
2.7833 0.0
2.8 0.0
2.8167 0.0
2.8333 0.0
2.85 0.0
2.8667 0.0
2.8833 0.0
2.9 0.0
2.9167 0.0
2.9333 0.0
2.95 0.0
2.9667 0.0
2.9833 0.0
3.0 0.0
3.0167 0.0
3.0333 0.0
3.05 0.0
3.0667 0.0
3.0833 0.0
3.1 0.0
3.1167 0.0
3.1333 0.0
3.15 0.0
3.1667 0.0
3.1833 0.0
3.2 0.0
3.2167 0.0
3.2333 0.0
3.25 0.0
3.2667 0.0
3.2833 0.0
3.3 0.0
3.3167 0.0
3.3333 0.0
3.35 0.0
3.3667 0.0
3.3833 0.0
3.4 0.0
3.4167 0.0
3.4333 0.0
3.45 0.0
3.4667 0.0
3.4833 0.0
3.5 0.0
3.5167 0.0
3.5333 0.0
3.55 0.0
3.5667 0.0
3.5833 0.0
3.6 0.0
3.6167 0.0
3.6333 0.0
3.65 0.0
3.6667 0.0
3.6833 0.0
3.7 0.0
3.7167 0.0
3.7333 0.0
3.75 0.0
3.7667 0.0
3.7833 0.0
3.8 0.0
3.8167 0.0
3.8333 0.0
3.85 0.0
3.8667 0.0
3.8833 0.0
3.9 0.0
3.9167 0.0
3.9333 0.0
3.95 0.0
3.9667 0.0
3.9833 0.0
4.0 0.0
4.0167 0.0
4.0333 0.0
4.05 0.0
4.0667 0.0
4.0833 0.0
4.1 0.0
4.1167 0.0
4.1333 0.0
4.15 0.0
4.1667 0.0
4.1833 0.0
4.2 0.0
4.2167 0.0
4.2333 0.0
4.25 0.0
4.2667 0.0
4.2833 0.0
4.3 0.0
4.3167 0.0
4.3333 0.0
4.35 0.0
4.3667 0.0
4.3833 0.0
4.4 0.0
4.4167 0.0
4.4333 0.0
4.45 0.0
4.4667 0.0
4.4833 0.0
4.5 0.0
4.5167 0.0
4.5333 0.0
4.55 0.0
4.5667 0.0
4.5833 0.0
4.6 0.0
4.6167 0.0
4.6333 0.0
4.65 0.0
4.6667 0.0
4.6833 0.0
4.7 0.0
4.7167 0.0
4.7333 0.0
4.75 0.0
4.7667 0.0
4.7833 0.0
4.8 0.0
4.8167 0.0
4.8333 0.0
4.85 0.0
4.8667 0.0
4.8833 0.0
4.9 0.0
4.9167 0.0
4.9333 0.0
4.95 0.0
4.9667 0.0
4.9833 0.0
5.0 0.0
5.0167 0.0
5.0333 0.0
5.05 0.0
5.0667 0.0
5.0833 0.0
5.1 0.0
5.1167 0.0
5.1333 0.0
5.15 0.0
5.1667 0.0
5.1833 0.0
5.2 0.0
5.2167 0.0
5.2333 0.0
5.25 0.0
5.2667 0.0
5.2833 0.0
5.3 0.0
5.3167 0.0
5.3333 0.0
5.35 0.0
5.3667 0.0
5.3833 0.0
5.4 0.0
5.4167 0.0
5.4333 0.0
5.45 0.0
5.4667 0.0
5.4833 0.0
5.5 0.0
5.5167 0.0
5.5333 0.0
5.55 0.0
5.5667 0.0
5.5833 0.0
5.6 0.0
5.6167 0.0
5.6333 0.0
5.65 0.0
5.6667 0.0
5.6833 0.0
5.7 0.0
5.7167 0.0
5.7333 0.0
5.75 0.0
5.7667 0.0
5.7833 0.0
5.8 0.0
5.8167 0.0
5.8333 0.0
5.85 0.0
5.8667 0.0
5.8833 0.0
5.9 0.0
5.9167 0.0
5.9333 0.0
5.95 0.0
5.9667 0.0
5.9833 0.0
6.0 0.0
6.0167 0.0
6.0333 0.0
6.05 0.0
6.0667 0.0
6.0833 0.0
6.1 0.0
6.1167 0.0
6.1333 0.0
6.15 0.0
6.1667 0.0
6.1833 0.0
6.2 0.0
6.2167 0.0
6.2333 0.0
6.25 0.0
6.2667 0.0
6.2833 0.0
6.3 0.0
6.3167 0.0
6.3333 0.0
6.35 0.0
6.3667 0.0
6.3833 0.0
6.4 0.0
6.4167 0.0
6.4333 0.0
6.45 0.0
6.4667 0.0
6.4833 0.0
6.5 0.0
6.5167 0.0
6.5333 0.0
6.55 0.0
6.5667 0.0
6.5833 0.0
6.6 0.0
6.6167 0.0
6.6333 2.36e-16
6.65 1.425e-13
6.6667 1.659e-11
6.6833 4.835e-10
6.7 5.156e-09
6.7167 2.583e-08
6.7333 6.944e-08
6.75 1.501e-07
6.7667 2.866e-07
6.7833 5.139e-07
6.8 8.866e-07
6.8167 1.489e-06
6.8333 2.411e-06
6.85 3.763e-06
6.8667 5.433e-06
6.8833 7.772e-06
6.9 1.055e-05
6.9167 1.415e-05
6.9333 1.876e-05
6.95 2.45e-05
6.9667 3.144e-05
6.9833 3.987e-05
7.0 5.026e-05
7.0167 6.319e-05
7.0333 7.668e-05
7.05 9.49e-05
7.0667 0.0001133
7.0833 0.0001352
7.1 0.0001607
7.1167 0.0001896
7.1333 0.0002214
7.15 0.0002567
7.1667 0.0002972
7.1833 0.0003455
7.2 0.0003854
7.2167 0.000445
7.2333 0.0004918
7.25 0.0005473
7.2667 0.000613
7.2833 0.0006906
7.3 0.0007652
7.3167 0.0008391
7.3333 0.0009179
7.35 0.001001
7.3667 0.001089
7.3833 0.001181
7.4 0.001276
7.4167 0.001377
7.4333 0.001481
7.45 0.001589
7.4667 0.001702
7.4833 0.001819
7.5 0.00194
7.5167 0.002066
7.5333 0.002196
7.55 0.00233
7.5667 0.002469
7.5833 0.002612
7.6 0.00276
7.6167 0.002913
7.6333 0.003071
7.65 0.003233
7.6667 0.003401
7.6833 0.003573
7.7 0.003751
7.7167 0.003933
7.7333 0.004122
7.75 0.004315
7.7667 0.004514
7.7833 0.004719
7.8 0.004929
7.8167 0.005145
7.8333 0.005367
7.85 0.005594
7.8667 0.005828
7.8833 0.006068
7.9 0.006314
7.9167 0.006567
7.9333 0.006826
7.95 0.007091
7.9667 0.007363
7.9833 0.007641
8.0 0.007926
8.0167 0.008219
8.0333 0.008518
8.05 0.008824
8.0667 0.009137
8.0833 0.009457
8.1 0.009784
8.1167 0.01012
8.1333 0.01046
8.15 0.01081
8.1667 0.01117
8.1833 0.01153
8.2 0.0119
8.2167 0.01228
8.2333 0.01267
8.25 0.01307
8.2667 0.01347
8.2833 0.01388
8.3 0.0143
8.3167 0.01473
8.3333 0.01517
8.35 0.01561
8.3667 0.01606
8.3833 0.01653
8.4 0.017
8.4167 0.01747
8.4333 0.01796
8.45 0.01845
8.4667 0.01896
8.4833 0.01947
8.5 0.01999
8.5167 0.02052
8.5333 0.02106
8.55 0.0216
8.5667 0.02216
8.5833 0.02272
8.6 0.02329
8.6167 0.02388
8.6333 0.02447
8.65 0.02507
8.6667 0.02567
8.6833 0.02629
8.7 0.02692
8.7167 0.02755
8.7333 0.0282
8.75 0.02885
8.7667 0.02951
8.7833 0.03018
8.8 0.03086
8.8167 0.03155
8.8333 0.03225
8.85 0.03295
8.8667 0.03367
8.8833 0.03439
8.9 0.03512
8.9167 0.03587
8.9333 0.03662
8.95 0.03737
8.9667 0.03814
8.9833 0.03892
9.0 0.0397
9.0167 0.0405
9.0333 0.0413
9.05 0.04211
9.0667 0.04293
9.0833 0.04376
9.1 0.0446
9.1167 0.04544
9.1333 0.04629
9.15 0.04716
9.1667 0.04802
9.1833 0.0489
9.2 0.04979
9.2167 0.05068
9.2333 0.05159
9.25 0.0525
9.2667 0.05341
9.2833 0.05434
9.3 0.05527
9.3167 0.05622
9.3333 0.05717
9.35 0.05812
9.3667 0.05909
9.3833 0.06006
9.4 0.06104
9.4167 0.06202
9.4333 0.06302
9.45 0.06402
9.4667 0.06503
9.4833 0.06604
9.5 0.06706
9.5167 0.06809
9.5333 0.06912
9.55 0.07017
9.5667 0.07121
9.5833 0.07227
9.6 0.07333
9.6167 0.0744
9.6333 0.07547
9.65 0.07655
9.6667 0.07763
9.6833 0.07872
9.7 0.07982
9.7167 0.08092
9.7333 0.08203
9.75 0.08314
9.7667 0.08426
9.7833 0.08538
9.8 0.08651
9.8167 0.08764
9.8333 0.08878
9.85 0.08992
9.8667 0.09106
9.8833 0.09222
9.9 0.09337
9.9167 0.09453
9.9333 0.09569
9.95 0.09686
9.9667 0.09803
9.9833 0.09921
10.0 0.1004
10.0167 0.1016
10.0333 0.1028
10.05 0.1039
10.0667 0.1051
10.0833 0.1063
10.1 0.1075
10.1167 0.1087
10.1333 0.1099
10.15 0.1111
10.1667 0.1123
10.1833 0.1135
10.2 0.1148
10.2167 0.116
10.2333 0.1172
10.25 0.1184
10.2667 0.1196
10.2833 0.1208
10.3 0.122
10.3167 0.1233
10.3333 0.1245
10.35 0.1257
10.3667 0.1269
10.3833 0.1281
10.4 0.1294
10.4167 0.1306
10.4333 0.1318
10.45 0.133
10.4667 0.1342
10.4833 0.1355
10.5 0.1367
10.5167 0.1379
10.5333 0.1391
10.55 0.1404
10.5667 0.1416
10.5833 0.1428
10.6 0.144
10.6167 0.1452
10.6333 0.1464
10.65 0.1477
10.6667 0.1489
10.6833 0.1501
10.7 0.1513
10.7167 0.1524
10.7333 0.1537
10.75 0.1548
10.7667 0.1561
10.7833 0.1572
10.8 0.1584
10.8167 0.1596
10.8333 0.1608
10.85 0.162
10.8667 0.1631
10.8833 0.1643
10.9 0.1655
10.9167 0.1666
10.9333 0.1678
10.95 0.1689
10.9667 0.1701
10.9833 0.1711
11.0 0.1722
11.0167 0.1735
11.0333 0.1746
11.05 0.1757
11.0667 0.1768
11.0833 0.178
11.1 0.1791
11.1167 0.1802
11.1333 0.1813
11.15 0.1823
11.1667 0.1834
11.1833 0.1845
11.2 0.1856
11.2167 0.1866
11.2333 0.1877
11.25 0.1887
11.2667 0.1898
11.2833 0.1908
11.3 0.1918
11.3167 0.1928
11.3333 0.1938
11.35 0.1948
11.3667 0.1958
11.3833 0.1968
11.4 0.1978
11.4167 0.1986
11.4333 0.1997
11.45 0.2007
11.4667 0.2016
11.4833 0.2026
11.5 0.2035
11.5167 0.2044
11.5333 0.2053
11.55 0.2062
11.5667 0.2071
11.5833 0.208
11.6 0.2089
11.6167 0.2097
11.6333 0.2106
11.65 0.2113
11.6667 0.2122
11.6833 0.2131
11.7 0.2139
11.7167 0.2147
11.7333 0.2155
11.75 0.2163
11.7667 0.217
11.7833 0.2178
11.8 0.2186
11.8167 0.2193
11.8333 0.22
11.85 0.2206
11.8667 0.2215
11.8833 0.2221
11.9 0.2227
11.9167 0.2235
11.9333 0.2242
11.95 0.2248
11.9667 0.2255
11.9833 0.2261
12.0 0.2267
12.0167 0.2273
12.0333 0.2279
12.05 0.2284
12.0667 0.229
12.0833 0.2296
12.1 0.2301
12.1167 0.2307
12.1333 0.2312
12.15 0.2317
12.1667 0.2322
12.1833 0.2327
12.2 0.2332
12.2167 0.2335
12.2333 0.2341
12.25 0.2345
12.2667 0.2349
12.2833 0.2353
12.3 0.2357
12.3167 0.2361
12.3333 0.2365
12.35 0.2368
12.3667 0.2372
12.3833 0.2375
12.4 0.2377
12.4167 0.2381
12.4333 0.2383
12.45 0.2386
12.4667 0.2389
12.4833 0.2392
12.5 0.2394
12.5167 0.2396
12.5333 0.2399
12.55 0.24
12.5667 0.2402
12.5833 0.2404
12.6 0.2406
12.6167 0.2407
12.6333 0.2408
12.65 0.2409
12.6667 0.241
12.6833 0.2411
12.7 0.2412
12.7167 0.2413
12.7333 0.2413
12.75 0.2414
12.7667 0.2414
12.7833 0.2414
12.8 0.2414
12.8167 0.2414
12.8333 0.2413
12.85 0.2413
12.8667 0.2412
12.8833 0.2411
12.9 0.2411
12.9167 0.2409
12.9333 0.2408
12.95 0.2407
12.9667 0.2406
12.9833 0.2404
13.0 0.2402
13.0167 0.2401
13.0333 0.2399
13.05 0.2396
13.0667 0.2394
13.0833 0.2392
13.1 0.2389
13.1167 0.2386
13.1333 0.2383
13.15 0.2381
13.1667 0.2377
13.1833 0.2375
13.2 0.2372
13.2167 0.2368
13.2333 0.2365
13.25 0.2361
13.2667 0.2357
13.2833 0.2353
13.3 0.2349
13.3167 0.2345
13.3333 0.2341
13.35 0.2335
13.3667 0.2332
13.3833 0.2327
13.4 0.2322
13.4167 0.2317
13.4333 0.2312
13.45 0.2307
13.4667 0.2302
13.4833 0.2296
13.5 0.2291
13.5167 0.2284
13.5333 0.2279
13.55 0.2273
13.5667 0.2267
13.5833 0.2261
13.6 0.2255
13.6167 0.2248
13.6333 0.2242
13.65 0.2235
13.6667 0.2227
13.6833 0.2222
13.7 0.2215
13.7167 0.2206
13.7333 0.22
13.75 0.2193
13.7667 0.2186
13.7833 0.2178
13.8 0.2171
13.8167 0.2163
13.8333 0.2155
13.85 0.2147
13.8667 0.2139
13.8833 0.2131
13.9 0.2122
13.9167 0.2113
13.9333 0.2106
13.95 0.2097
13.9667 0.2089
13.9833 0.208
14.0 0.2071
14.0167 0.2062
14.0333 0.2053
14.05 0.2044
14.0667 0.2035
14.0833 0.2026
14.1 0.2016
14.1167 0.2007
14.1333 0.1997
14.15 0.1987
14.1667 0.1978
14.1833 0.1968
14.2 0.1958
14.2167 0.1949
14.2333 0.1939
14.25 0.1928
14.2667 0.1918
14.2833 0.1908
14.3 0.1898
14.3167 0.1887
14.3333 0.1877
14.35 0.1866
14.3667 0.1856
14.3833 0.1845
14.4 0.1834
14.4167 0.1824
14.4333 0.1813
14.45 0.1802
14.4667 0.1791
14.4833 0.178
14.5 0.1769
14.5167 0.1757
14.5333 0.1746
14.55 0.1735
14.5667 0.1722
14.5833 0.1712
14.6 0.1701
14.6167 0.1689
14.6333 0.1678
14.65 0.1666
14.6667 0.1655
14.6833 0.1643
14.7 0.1631
14.7167 0.162
14.7333 0.1608
14.75 0.1596
14.7667 0.1584
14.7833 0.1573
14.8 0.1561
14.8167 0.1549
14.8333 0.1537
14.85 0.1524
14.8667 0.1513
14.8833 0.1501
14.9 0.1489
14.9167 0.1477
14.9333 0.1464
14.95 0.1452
14.9667 0.144
14.9833 0.1428
15.0 0.1416
15.0167 0.1404
15.0333 0.1391
15.05 0.1379
15.0667 0.1367
15.0833 0.1355
15.1 0.1342
15.1167 0.1331
15.1333 0.1318
15.15 0.1306
15.1667 0.1294
15.1833 0.1282
15.2 0.1269
15.2167 0.1257
15.2333 0.1245
15.25 0.1233
15.2667 0.1221
15.2833 0.1208
15.3 0.1196
15.3167 0.1184
15.3333 0.1172
15.35 0.116
15.3667 0.1148
15.3833 0.1135
15.4 0.1123
15.4167 0.1111
15.4333 0.1099
15.45 0.1087
15.4667 0.1075
15.4833 0.1063
15.5 0.1051
15.5167 0.1039
15.5333 0.1028
15.55 0.1016
15.5667 0.1004
15.5833 0.09921
15.6 0.09804
15.6167 0.09687
15.6333 0.0957
15.65 0.09454
15.6667 0.09337
15.6833 0.09222
15.7 0.09107
15.7167 0.08992
15.7333 0.08878
15.75 0.08764
15.7667 0.08651
15.7833 0.08538
15.8 0.08426
15.8167 0.08314
15.8333 0.08203
15.85 0.08092
15.8667 0.07982
15.8833 0.07872
15.9 0.07764
15.9167 0.07655
15.9333 0.07547
15.95 0.0744
15.9667 0.07333
15.9833 0.07227
16.0 0.07122
16.0167 0.07017
16.0333 0.06913
16.05 0.06809
16.0667 0.06706
16.0833 0.06604
16.1 0.06503
16.1167 0.06402
16.1333 0.06302
16.15 0.06202
16.1667 0.06104
16.1833 0.06006
16.2 0.05909
16.2167 0.05812
16.2333 0.05716
16.25 0.05621
16.2667 0.05528
16.2833 0.05434
16.3 0.05341
16.3167 0.0525
16.3333 0.05158
16.35 0.05068
16.3667 0.04979
16.3833 0.0489
16.4 0.04802
16.4167 0.04715
16.4333 0.04629
16.45 0.04544
16.4667 0.04459
16.4833 0.04376
16.5 0.04293
16.5167 0.04211
16.5333 0.0413
16.55 0.0405
16.5667 0.0397
16.5833 0.03892
16.6 0.03814
16.6167 0.03737
16.6333 0.03661
16.65 0.03586
16.6667 0.03512
16.6833 0.03439
16.7 0.03366
16.7167 0.03295
16.7333 0.03224
16.75 0.03155
16.7667 0.03086
16.7833 0.03018
16.8 0.02951
16.8167 0.02884
16.8333 0.02819
16.85 0.02755
16.8667 0.02691
16.8833 0.02629
16.9 0.02567
16.9167 0.02506
16.9333 0.02446
16.95 0.02387
16.9667 0.02329
16.9833 0.02272
17.0 0.02215
17.0167 0.0216
17.0333 0.02105
17.05 0.02051
17.0667 0.01998
17.0833 0.01946
17.1 0.01895
17.1167 0.01845
17.1333 0.01796
17.15 0.01747
17.1667 0.01699
17.1833 0.01652
17.2 0.01606
17.2167 0.01561
17.2333 0.01516
17.25 0.01473
17.2667 0.0143
17.2833 0.01388
17.3 0.01347
17.3167 0.01306
17.3333 0.01267
17.35 0.01228
17.3667 0.0119
17.3833 0.01153
17.4 0.01116
17.4167 0.01081
17.4333 0.01046
17.45 0.01011
17.4667 0.00978
17.4833 0.009452
17.5 0.009133
17.5167 0.00882
17.5333 0.008514
17.55 0.008215
17.5667 0.007922
17.5833 0.007638
17.6 0.007359
17.6167 0.007087
17.6333 0.006822
17.65 0.006563
17.6667 0.00631
17.6833 0.006065
17.7 0.005825
17.7167 0.005591
17.7333 0.005363
17.75 0.005141
17.7667 0.004926
17.7833 0.004715
17.8 0.004511
17.8167 0.004312
17.8333 0.004118
17.85 0.00393
17.8667 0.003748
17.8833 0.00357
17.9 0.003398
17.9167 0.00323
17.9333 0.003068
17.95 0.00291
17.9667 0.002758
17.9833 0.00261
18.0 0.002466
18.0167 0.002327
18.0333 0.002193
18.05 0.002064
18.0667 0.001938
18.0833 0.001817
18.1 0.0017
18.1167 0.001587
18.1333 0.001479
18.15 0.001375
18.1667 0.001275
18.1833 0.001179
18.2 0.001087
18.2167 0.0009993
18.2333 0.0009161
18.25 0.0008375
18.2667 0.0007637
18.2833 0.0006887
18.3 0.0006114
18.3167 0.0005459
18.3333 0.0004907
18.35 0.000444
18.3667 0.0003843
18.3833 0.0003447
18.4 0.0002964
18.4167 0.0002558
18.4333 0.0002205
18.45 0.0001887
18.4667 0.00016
18.4833 0.0001346
18.5 0.0001129
18.5167 9.459e-05
18.5333 7.633e-05
18.55 6.295e-05
18.5667 5.002e-05
18.5833 3.963e-05
18.6 3.119e-05
18.6167 2.428e-05
18.6333 1.86e-05
18.65 1.404e-05
18.6667 1.048e-05
18.6833 7.718e-06
18.7 5.38e-06
18.7167 3.734e-06
18.7333 2.385e-06
18.75 1.468e-06
18.7667 8.698e-07
18.7833 5.019e-07
18.8 2.808e-07
18.8167 1.472e-07
18.8333 6.797e-08
18.85 2.514e-08
18.8667 4.866e-09
18.8833 4.468e-10
18.9 1.501e-11
18.9167 1.215e-13
18.9333 1.79e-16
18.95 0.0
18.9667 0.0
18.9833 0.0
19.0 0.0
19.0167 0.0
19.0333 0.0
19.05 0.0
19.0667 0.0
19.0833 0.0
19.1 0.0
19.1167 0.0
19.1333 0.0
19.15 0.0
19.1667 0.0
19.1833 0.0
19.2 0.0
19.2167 0.0
19.2333 0.0
19.25 0.0
19.2667 0.0
19.2833 0.0
19.3 0.0
19.3167 0.0
19.3333 0.0
19.35 0.0
19.3667 0.0
19.3833 0.0
19.4 0.0
19.4167 0.0
19.4333 0.0
19.45 0.0
19.4667 0.0
19.4833 0.0
19.5 0.0
19.5167 0.0
19.5333 0.0
19.55 0.0
19.5667 0.0
19.5833 0.0
19.6 0.0
19.6167 0.0
19.6333 0.0
19.65 0.0
19.6667 0.0
19.6833 0.0
19.7 0.0
19.7167 0.0
19.7333 0.0
19.75 0.0
19.7667 0.0
19.7833 0.0
19.8 0.0
19.8167 0.0
19.8333 0.0
19.85 0.0
19.8667 0.0
19.8833 0.0
19.9 0.0
19.9167 0.0
19.9333 0.0
19.95 0.0
19.9667 0.0
19.9833 0.0
20.0 0.0
20.0167 0.0
20.0333 0.0
20.05 0.0
20.0667 0.0
20.0833 0.0
20.1 0.0
20.1167 0.0
20.1333 0.0
20.15 0.0
20.1667 0.0
20.1833 0.0
20.2 0.0
20.2167 0.0
20.2333 0.0
20.25 0.0
20.2667 0.0
20.2833 0.0
20.3 0.0
20.3167 0.0
20.3333 0.0
20.35 0.0
20.3667 0.0
20.3833 0.0
20.4 0.0
20.4167 0.0
20.4333 0.0
20.45 0.0
20.4667 0.0
20.4833 0.0
20.5 0.0
20.5167 0.0
20.5333 0.0
20.55 0.0
20.5667 0.0
20.5833 0.0
20.6 0.0
20.6167 0.0
20.6333 0.0
20.65 0.0
20.6667 0.0
20.6833 0.0
20.7 0.0
20.7167 0.0
20.7333 0.0
20.75 0.0
20.7667 0.0
20.7833 0.0
20.8 0.0
20.8167 0.0
20.8333 0.0
20.85 0.0
20.8667 0.0
20.8833 0.0
20.9 0.0
20.9167 0.0
20.9333 0.0
20.95 0.0
20.9667 0.0
20.9833 0.0
21.0 0.0
21.0167 0.0
21.0333 0.0
21.05 0.0
21.0667 0.0
21.0833 0.0
21.1 0.0
21.1167 0.0
21.1333 0.0
21.15 0.0
21.1667 0.0
21.1833 0.0
21.2 0.0
21.2167 0.0
21.2333 0.0
21.25 0.0
21.2667 0.0
21.2833 0.0
21.3 0.0
21.3167 0.0
21.3333 0.0
21.35 0.0
21.3667 0.0
21.3833 0.0
21.4 0.0
21.4167 0.0
21.4333 0.0
21.45 0.0
21.4667 0.0
21.4833 0.0
21.5 0.0
21.5167 0.0
21.5333 0.0
21.55 0.0
21.5667 0.0
21.5833 0.0
21.6 0.0
21.6167 0.0
21.6333 0.0
21.65 0.0
21.6667 0.0
21.6833 0.0
21.7 0.0
21.7167 0.0
21.7333 0.0
21.75 0.0
21.7667 0.0
21.7833 0.0
21.8 0.0
21.8167 0.0
21.8333 0.0
21.85 0.0
21.8667 0.0
21.8833 0.0
21.9 0.0
21.9167 0.0
21.9333 0.0
21.95 0.0
21.9667 0.0
21.9833 0.0
22.0 0.0
22.0167 0.0
22.0333 0.0
22.05 0.0
22.0667 0.0
22.0833 0.0
22.1 0.0
22.1167 0.0
22.1333 0.0
22.15 0.0
22.1667 0.0
22.1833 0.0
22.2 0.0
22.2167 0.0
22.2333 0.0
22.25 0.0
22.2667 0.0
22.2833 0.0
22.3 0.0
22.3167 0.0
22.3333 0.0
22.35 0.0
22.3667 0.0
22.3833 0.0
22.4 0.0
22.4167 0.0
22.4333 0.0
22.45 0.0
22.4667 0.0
22.4833 0.0
22.5 0.0
22.5167 0.0
22.5333 0.0
22.55 0.0
22.5667 0.0
22.5833 0.0
22.6 0.0
22.6167 0.0
22.6333 0.0
22.65 0.0
22.6667 0.0
22.6833 0.0
22.7 0.0
22.7167 0.0
22.7333 0.0
22.75 0.0
22.7667 0.0
22.7833 0.0
22.8 0.0
22.8167 0.0
22.8333 0.0
22.85 0.0
22.8667 0.0
22.8833 0.0
22.9 0.0
22.9167 0.0
22.9333 0.0
22.95 0.0
22.9667 0.0
22.9833 0.0
23.0 0.0
23.0167 0.0
23.0333 0.0
23.05 0.0
23.0667 0.0
23.0833 0.0
23.1 0.0
23.1167 0.0
23.1333 0.0
23.15 0.0
23.1667 0.0
23.1833 0.0
23.2 0.0
23.2167 0.0
23.2333 0.0
23.25 0.0
23.2667 0.0
23.2833 0.0
23.3 0.0
23.3167 0.0
23.3333 0.0
23.35 0.0
23.3667 0.0
23.3833 0.0
23.4 0.0
23.4167 0.0
23.4333 0.0
23.45 0.0
23.4667 0.0
23.4833 0.0
23.5 0.0
23.5167 0.0
23.5333 0.0
23.55 0.0
23.5667 0.0
23.5833 0.0
23.6 0.0
23.6167 0.0
23.6333 0.0
23.65 0.0
23.6667 0.0
23.6833 0.0
23.7 0.0
23.7167 0.0
23.7333 0.0
23.75 0.0
23.7667 0.0
23.7833 0.0
23.8 0.0
23.8167 0.0
23.8333 0.0
23.85 0.0
23.8667 0.0
23.8833 0.0
23.9 0.0
23.9167 0.0
23.9333 0.0
23.95 0.0
23.9667 0.0
23.9833 0.0
