0.0 0.0
0.0167 0.0
0.0333 0.0
0.05 0.0
0.0667 0.0
0.0833 0.0
0.1 0.0
0.1167 0.0
0.1333 0.0
0.15 0.0
0.1667 0.0
0.1833 0.0
0.2 0.0
0.2167 0.0
0.2333 0.0
0.25 0.0
0.2667 0.0
0.2833 0.0
0.3 0.0
0.3167 0.0
0.3333 0.0
0.35 0.0
0.3667 0.0
0.3833 0.0
0.4 0.0
0.4167 0.0
0.4333 0.0
0.45 0.0
0.4667 0.0
0.4833 0.0
0.5 0.0
0.5167 0.0
0.5333 0.0
0.55 0.0
0.5667 0.0
0.5833 0.0
0.6 0.0
0.6167 0.0
0.6333 0.0
0.65 0.0
0.6667 0.0
0.6833 0.0
0.7 0.0
0.7167 0.0
0.7333 0.0
0.75 0.0
0.7667 0.0
0.7833 0.0
0.8 0.0
0.8167 0.0
0.8333 0.0
0.85 0.0
0.8667 0.0
0.8833 0.0
0.9 0.0
0.9167 0.0
0.9333 0.0
0.95 0.0
0.9667 0.0
0.9833 0.0
1.0 0.0
1.0167 0.0
1.0333 0.0
1.05 0.0
1.0667 0.0
1.0833 0.0
1.1 0.0
1.1167 0.0
1.1333 0.0
1.15 0.0
1.1667 0.0
1.1833 0.0
1.2 0.0
1.2167 0.0
1.2333 0.0
1.25 0.0
1.2667 0.0
1.2833 0.0
1.3 0.0
1.3167 0.0
1.3333 0.0
1.35 0.0
1.3667 0.0
1.3833 0.0
1.4 0.0
1.4167 0.0
1.4333 0.0
1.45 0.0
1.4667 0.0
1.4833 0.0
1.5 0.0
1.5167 0.0
1.5333 0.0
1.55 0.0
1.5667 0.0
1.5833 0.0
1.6 0.0
1.6167 0.0
1.6333 0.0
1.65 0.0
1.6667 0.0
1.6833 0.0
1.7 0.0
1.7167 0.0
1.7333 0.0
1.75 0.0
1.7667 0.0
1.7833 0.0
1.8 0.0
1.8167 0.0
1.8333 0.0
1.85 0.0
1.8667 0.0
1.8833 0.0
1.9 0.0
1.9167 0.0
1.9333 0.0
1.95 0.0
1.9667 0.0
1.9833 0.0
2.0 0.0
2.0167 0.0
2.0333 0.0
2.05 0.0
2.0667 0.0
2.0833 0.0
2.1 0.0
2.1167 0.0
2.1333 0.0
2.15 0.0
2.1667 0.0
2.1833 0.0
2.2 0.0
2.2167 0.0
2.2333 0.0
2.25 0.0
2.2667 0.0
2.2833 0.0
2.3 0.0
2.3167 0.0
2.3333 0.0
2.35 0.0
2.3667 0.0
2.3833 0.0
2.4 0.0
2.4167 0.0
2.4333 0.0
2.45 0.0
2.4667 0.0
2.4833 0.0
2.5 0.0
2.5167 0.0
2.5333 0.0
2.55 0.0
2.5667 0.0
2.5833 0.0
2.6 0.0
2.6167 0.0
2.6333 0.0
2.65 0.0
2.6667 0.0
2.6833 0.0
2.7 0.0
2.7167 0.0
2.7333 0.0
2.75 0.0
2.7667 0.0
2.7833 0.0
2.8 0.0
2.8167 0.0
2.8333 0.0
2.85 0.0
2.8667 0.0
2.8833 0.0
2.9 0.0
2.9167 0.0
2.9333 0.0
2.95 0.0
2.9667 0.0
2.9833 0.0
3.0 0.0
3.0167 0.0
3.0333 0.0
3.05 0.0
3.0667 0.0
3.0833 0.0
3.1 0.0
3.1167 0.0
3.1333 0.0
3.15 0.0
3.1667 0.0
3.1833 0.0
3.2 0.0
3.2167 0.0
3.2333 0.0
3.25 0.0
3.2667 0.0
3.2833 0.0
3.3 0.0
3.3167 0.0
3.3333 0.0
3.35 0.0
3.3667 0.0
3.3833 0.0
3.4 0.0
3.4167 0.0
3.4333 0.0
3.45 0.0
3.4667 0.0
3.4833 0.0
3.5 0.0
3.5167 0.0
3.5333 0.0
3.55 0.0
3.5667 0.0
3.5833 0.0
3.6 0.0
3.6167 0.0
3.6333 0.0
3.65 0.0
3.6667 0.0
3.6833 0.0
3.7 0.0
3.7167 0.0
3.7333 0.0
3.75 0.0
3.7667 0.0
3.7833 0.0
3.8 0.0
3.8167 0.0
3.8333 0.0
3.85 0.0
3.8667 0.0
3.8833 0.0
3.9 0.0
3.9167 0.0
3.9333 0.0
3.95 0.0
3.9667 0.0
3.9833 0.0
4.0 0.0
4.0167 0.0
4.0333 0.0
4.05 0.0
4.0667 0.0
4.0833 0.0
4.1 0.0
4.1167 0.0
4.1333 0.0
4.15 0.0
4.1667 0.0
4.1833 0.0
4.2 0.0
4.2167 0.0
4.2333 0.0
4.25 0.0
4.2667 0.0
4.2833 0.0
4.3 0.0
4.3167 0.0
4.3333 0.0
4.35 0.0
4.3667 0.0
4.3833 0.0
4.4 0.0
4.4167 0.0
4.4333 0.0
4.45 0.0
4.4667 0.0
4.4833 0.0
4.5 0.0
4.5167 0.0
4.5333 0.0
4.55 0.0
4.5667 0.0
4.5833 0.0
4.6 0.0
4.6167 0.0
4.6333 0.0
4.65 0.0
4.6667 0.0
4.6833 0.0
4.7 0.0
4.7167 0.0
4.7333 0.0
4.75 0.0
4.7667 0.0
4.7833 0.0
4.8 0.0
4.8167 0.0
4.8333 0.0
4.85 0.0
4.8667 0.0
4.8833 0.0
4.9 0.0
4.9167 0.0
4.9333 0.0
4.95 0.0
4.9667 0.0
4.9833 0.0
5.0 0.0
5.0167 0.0
5.0333 0.0
5.05 0.0
5.0667 0.0
5.0833 0.0
5.1 0.0
5.1167 0.0
5.1333 0.0
5.15 0.0
5.1667 0.0
5.1833 0.0
5.2 0.0
5.2167 0.0
5.2333 0.0
5.25 0.0
5.2667 0.0
5.2833 0.0
5.3 0.0
5.3167 0.0
5.3333 0.0
5.35 0.0
5.3667 0.0
5.3833 0.0
5.4 0.0
5.4167 0.0
5.4333 0.0
5.45 0.0
5.4667 0.0
5.4833 0.0
5.5 0.0
5.5167 0.0
5.5333 0.0
5.55 0.0
5.5667 0.0
5.5833 0.0
5.6 0.0
5.6167 0.0
5.6333 0.0
5.65 0.0
5.6667 0.0
5.6833 0.0
5.7 0.0
5.7167 0.0
5.7333 0.0
5.75 0.0
5.7667 0.0
5.7833 0.0
5.8 0.0
5.8167 0.0
5.8333 0.0
5.85 0.0
5.8667 0.0
5.8833 0.0
5.9 0.0
5.9167 0.0
5.9333 0.0
5.95 0.0
5.9667 0.0
5.9833 0.0
6.0 0.0
6.0167 0.0
6.0333 0.0
6.05 0.0
6.0667 0.0
6.0833 0.0
6.1 0.0
6.1167 0.0
6.1333 0.0
6.15 0.0
6.1667 0.0
6.1833 0.0
6.2 0.0
6.2167 0.0
6.2333 0.0
6.25 0.0
6.2667 0.0
6.2833 0.0
6.3 0.0
6.3167 0.0
6.3333 0.0
6.35 0.0
6.3667 0.0
6.3833 0.0
6.4 0.0
6.4167 0.0
6.4333 0.0
6.45 0.0
6.4667 0.0
6.4833 0.0
6.5 0.0
6.5167 0.0
6.5333 0.0
6.55 0.0
6.5667 0.0
6.5833 0.0
6.6 0.0
6.6167 3.768e-18
6.6333 1.103e-14
6.65 2.384e-12
6.6667 1.281e-10
6.6833 2.146e-09
6.7 1.459e-08
6.7167 4.951e-08
6.7333 1.152e-07
6.75 2.293e-07
6.7667 4.22e-07
6.7833 7.461e-07
6.8 1.274e-06
6.8167 2.097e-06
6.8333 3.32e-06
6.85 5.003e-06
6.8667 7.075e-06
6.8833 9.857e-06
6.9 1.342e-05
6.9167 1.778e-05
6.9333 2.328e-05
6.95 3.014e-05
6.9667 3.861e-05
6.9833 4.908e-05
7.0 6.084e-05
7.0167 7.524e-05
7.0333 9.235e-05
7.05 0.0001121
7.0667 0.0001339
7.0833 0.0001594
7.1 0.0001886
7.1167 0.0002209
7.1333 0.0002569
7.15 0.0002981
7.1667 0.000347
7.1833 0.000388
7.2 0.0004483
7.2167 0.0004965
7.2333 0.0005537
7.25 0.0006217
7.2667 0.0007023
7.2833 0.0007765
7.3 0.0008526
7.3167 0.0009336
7.3333 0.001019
7.35 0.001109
7.3667 0.001204
7.3833 0.001303
7.4 0.001406
7.4167 0.001513
7.4333 0.001625
7.45 0.001741
7.4667 0.001862
7.4833 0.001987
7.5 0.002116
7.5167 0.00225
7.5333 0.002389
7.55 0.002533
7.5667 0.002681
7.5833 0.002834
7.6 0.002993
7.6167 0.003156
7.6333 0.003324
7.65 0.003498
7.6667 0.003677
7.6833 0.003861
7.7 0.004051
7.7167 0.004246
7.7333 0.004447
7.75 0.004654
7.7667 0.004867
7.7833 0.005086
7.8 0.005311
7.8167 0.005542
7.8333 0.005779
7.85 0.006023
7.8667 0.006273
7.8833 0.00653
7.9 0.006793
7.9167 0.007064
7.9333 0.007341
7.95 0.007625
7.9667 0.007917
7.9833 0.008215
8.0 0.00852
8.0167 0.008834
8.0333 0.009154
8.05 0.009482
8.0667 0.009818
8.0833 0.01016
8.1 0.01051
8.1167 0.01087
8.1333 0.01124
8.15 0.01161
8.1667 0.012
8.1833 0.01239
8.2 0.01279
8.2167 0.01319
8.2333 0.01361
8.25 0.01404
8.2667 0.01447
8.2833 0.01491
8.3 0.01536
8.3167 0.01582
8.3333 0.01629
8.35 0.01677
8.3667 0.01725
8.3833 0.01775
8.4 0.01825
8.4167 0.01876
8.4333 0.01929
8.45 0.01982
8.4667 0.02036
8.4833 0.02091
8.5 0.02147
8.5167 0.02204
8.5333 0.02261
8.55 0.0232
8.5667 0.0238
8.5833 0.0244
8.6 0.02502
8.6167 0.02564
8.6333 0.02628
8.65 0.02692
8.6667 0.02758
8.6833 0.02824
8.7 0.02891
8.7167 0.02959
8.7333 0.03029
8.75 0.03099
8.7667 0.0317
8.7833 0.03242
8.8 0.03315
8.8167 0.03389
8.8333 0.03464
8.85 0.0354
8.8667 0.03617
8.8833 0.03695
8.9 0.03774
8.9167 0.03853
8.9333 0.03934
8.95 0.04016
8.9667 0.04098
8.9833 0.04182
9.0 0.04266
9.0167 0.04352
9.0333 0.04438
9.05 0.04525
9.0667 0.04613
9.0833 0.04702
9.1 0.04792
9.1167 0.04883
9.1333 0.04975
9.15 0.05068
9.1667 0.05161
9.1833 0.05256
9.2 0.05351
9.2167 0.05448
9.2333 0.05545
9.25 0.05643
9.2667 0.05742
9.2833 0.05841
9.3 0.05942
9.3167 0.06043
9.3333 0.06145
9.35 0.06248
9.3667 0.06352
9.3833 0.06457
9.4 0.06562
9.4167 0.06668
9.4333 0.06776
9.45 0.06883
9.4667 0.06992
9.4833 0.07101
9.5 0.07211
9.5167 0.07322
9.5333 0.07434
9.55 0.07546
9.5667 0.07659
9.5833 0.07772
9.6 0.07887
9.6167 0.08002
9.6333 0.08117
9.65 0.08234
9.6667 0.0835
9.6833 0.08468
9.7 0.08586
9.7167 0.08705
9.7333 0.08824
9.75 0.08944
9.7667 0.09065
9.7833 0.09186
9.8 0.09308
9.8167 0.0943
9.8333 0.09553
9.85 0.09676
9.8667 0.09799
9.8833 0.09924
9.9 0.1005
9.9167 0.1017
9.9333 0.103
9.95 0.1043
9.9667 0.1055
9.9833 0.1068
10.0 0.1081
10.0167 0.1093
10.0333 0.1106
10.05 0.1119
10.0667 0.1132
10.0833 0.1145
10.1 0.1158
10.1167 0.1171
10.1333 0.1184
10.15 0.1197
10.1667 0.121
10.1833 0.1223
10.2 0.1236
10.2167 0.1249
10.2333 0.1262
10.25 0.1275
10.2667 0.1288
10.2833 0.1302
10.3 0.1315
10.3167 0.1328
10.3333 0.1341
10.35 0.1354
10.3667 0.1368
10.3833 0.1381
10.4 0.1394
10.4167 0.1407
10.4333 0.142
10.45 0.1434
10.4667 0.1447
10.4833 0.146
10.5 0.1473
10.5167 0.1487
10.5333 0.15
10.55 0.1513
10.5667 0.1526
10.5833 0.154
10.6 0.1553
10.6167 0.1566
10.6333 0.1579
10.65 0.1592
10.6667 0.1605
10.6833 0.1619
10.7 0.1631
10.7167 0.1645
10.7333 0.1657
10.75 0.1671
10.7667 0.1684
10.7833 0.1696
10.8 0.1709
10.8167 0.1722
10.8333 0.1735
10.85 0.1748
10.8667 0.1761
10.8833 0.1773
10.9 0.1786
10.9167 0.1798
10.9333 0.1811
10.95 0.1824
10.9667 0.1836
10.9833 0.1849
11.0 0.1861
11.0167 0.1874
11.0333 0.1886
11.05 0.1898
11.0667 0.1909
11.0833 0.1922
11.1 0.1934
11.1167 0.1946
11.1333 0.1958
11.15 0.197
11.1667 0.1982
11.1833 0.1993
11.2 0.2005
11.2167 0.2017
11.2333 0.2029
11.25 0.204
11.2667 0.2051
11.2833 0.2063
11.3 0.2074
11.3167 0.2085
11.3333 0.2096
11.35 0.2107
11.3667 0.2118
11.3833 0.2129
11.4 0.2138
11.4167 0.215
11.4333 0.2161
11.45 0.2171
11.4667 0.2182
11.4833 0.2191
11.5 0.2201
11.5167 0.2212
11.5333 0.2222
11.55 0.2232
11.5667 0.2242
11.5833 0.2252
11.6 0.2262
11.6167 0.2271
11.6333 0.2281
11.65 0.229
11.6667 0.2299
11.6833 0.2308
11.7 0.2317
11.7167 0.2326
11.7333 0.2335
11.75 0.2344
11.7667 0.2352
11.7833 0.2361
11.8 0.2369
11.8167 0.2377
11.8333 0.2386
11.85 0.2393
11.8667 0.24
11.8833 0.2409
11.9 0.2417
11.9167 0.2424
11.9333 0.2432
11.95 0.2439
11.9667 0.2446
11.9833 0.2453
12.0 0.246
12.0167 0.2467
12.0333 0.2474
12.05 0.2481
12.0667 0.2487
12.0833 0.2493
12.1 0.2499
12.1167 0.2505
12.1333 0.2511
12.15 0.2517
12.1667 0.2523
12.1833 0.2528
12.2 0.2534
12.2167 0.2539
12.2333 0.2544
12.25 0.2547
12.2667 0.2553
12.2833 0.2558
12.3 0.2563
12.3167 0.2566
12.3333 0.2572
12.35 0.2576
12.3667 0.258
12.3833 0.2584
12.4 0.2588
12.4167 0.2591
12.4333 0.2595
12.45 0.2598
12.4667 0.2601
12.4833 0.2605
12.5 0.2607
12.5167 0.261
12.5333 0.2613
12.55 0.2615
12.5667 0.2617
12.5833 0.262
12.6 0.2622
12.6167 0.2624
12.6333 0.2626
12.65 0.2627
12.6667 0.2629
12.6833 0.263
12.7 0.2631
12.7167 0.2632
12.7333 0.2633
12.75 0.2634
12.7667 0.2634
12.7833 0.2635
12.8 0.2635
12.8167 0.2635
12.8333 0.2635
12.85 0.2635
12.8667 0.2635
12.8833 0.2634
12.9 0.2634
12.9167 0.2633
12.9333 0.2632
12.95 0.2631
12.9667 0.263
12.9833 0.2629
13.0 0.2627
13.0167 0.2626
13.0333 0.2624
13.05 0.2622
13.0667 0.262
13.0833 0.2618
13.1 0.2616
13.1167 0.2613
13.1333 0.2611
13.15 0.2608
13.1667 0.2605
13.1833 0.2602
13.2 0.2599
13.2167 0.2596
13.2333 0.2592
13.25 0.2588
13.2667 0.2585
13.2833 0.2581
13.3 0.2577
13.3167 0.2573
13.3333 0.2567
13.35 0.2564
13.3667 0.2558
13.3833 0.2555
13.4 0.2549
13.4167 0.2545
13.4333 0.254
13.45 0.2535
13.4667 0.2529
13.4833 0.2524
13.5 0.2518
13.5167 0.2512
13.5333 0.2506
13.55 0.25
13.5667 0.2494
13.5833 0.2488
13.6 0.2482
13.6167 0.2475
13.6333 0.2468
13.65 0.2462
13.6667 0.2455
13.6833 0.2448
13.7 0.244
13.7167 0.2433
13.7333 0.2426
13.75 0.2418
13.7667 0.2411
13.7833 0.2402
13.8 0.2395
13.8167 0.2387
13.8333 0.2379
13.85 0.2371
13.8667 0.2362
13.8833 0.2354
13.9 0.2345
13.9167 0.2337
13.9333 0.2328
13.95 0.2319
13.9667 0.231
13.9833 0.2301
14.0 0.2292
14.0167 0.2282
14.0333 0.2273
14.05 0.2263
14.0667 0.2254
14.0833 0.2244
14.1 0.2234
14.1167 0.2224
14.1333 0.2214
14.15 0.2204
14.1667 0.2194
14.1833 0.2184
14.2 0.2173
14.2167 0.2163
14.2333 0.2152
14.25 0.2141
14.2667 0.2131
14.2833 0.212
14.3 0.2109
14.3167 0.2098
14.3333 0.2087
14.35 0.2076
14.3667 0.2065
14.3833 0.2053
14.4 0.2042
14.4167 0.2031
14.4333 0.2019
14.45 0.2007
14.4667 0.1995
14.4833 0.1984
14.5 0.1972
14.5167 0.196
14.5333 0.1948
14.55 0.1936
14.5667 0.1924
14.5833 0.1912
14.6 0.19
14.6167 0.1888
14.6333 0.1876
14.65 0.1863
14.6667 0.1851
14.6833 0.1839
14.7 0.1826
14.7167 0.1813
14.7333 0.1801
14.75 0.1788
14.7667 0.1775
14.7833 0.1763
14.8 0.175
14.8167 0.1737
14.8333 0.1725
14.85 0.1711
14.8667 0.1699
14.8833 0.1686
14.9 0.1673
14.9167 0.166
14.9333 0.1647
14.95 0.1634
14.9667 0.1621
14.9833 0.1608
15.0 0.1594
15.0167 0.1581
15.0333 0.1568
15.05 0.1555
15.0667 0.1542
15.0833 0.1529
15.1 0.1516
15.1167 0.1502
15.1333 0.1489
15.15 0.1476
15.1667 0.1463
15.1833 0.1449
15.2 0.1436
15.2167 0.1423
15.2333 0.141
15.25 0.1396
15.2667 0.1383
15.2833 0.137
15.3 0.1357
15.3167 0.1343
15.3333 0.133
15.35 0.1317
15.3667 0.1304
15.3833 0.129
15.4 0.1277
15.4167 0.1264
15.4333 0.1251
15.45 0.1238
15.4667 0.1225
15.4833 0.1212
15.5 0.1199
15.5167 0.1186
15.5333 0.1173
15.55 0.116
15.5667 0.1147
15.5833 0.1134
15.6 0.1121
15.6167 0.1108
15.6333 0.1096
15.65 0.1083
15.6667 0.107
15.6833 0.1057
15.7 0.1045
15.7167 0.1032
15.7333 0.1019
15.75 0.1007
15.7667 0.09945
15.7833 0.0982
15.8 0.09697
15.8167 0.09573
15.8333 0.0945
15.85 0.09328
15.8667 0.09206
15.8833 0.09085
15.9 0.08965
15.9167 0.08844
15.9333 0.08725
15.95 0.08606
15.9667 0.08487
15.9833 0.0837
16.0 0.08253
16.0167 0.08137
16.0333 0.08021
16.05 0.07906
16.0667 0.07791
16.0833 0.07678
16.1 0.07565
16.1167 0.07452
16.1333 0.0734
16.15 0.07229
16.1667 0.07119
16.1833 0.0701
16.2 0.06901
16.2167 0.06793
16.2333 0.06686
16.25 0.0658
16.2667 0.06474
16.2833 0.06369
16.3 0.06265
16.3167 0.06162
16.3333 0.0606
16.35 0.05958
16.3667 0.05858
16.3833 0.05758
16.4 0.05659
16.4167 0.05561
16.4333 0.05463
16.45 0.05367
16.4667 0.05271
16.4833 0.05177
16.5 0.05083
16.5167 0.0499
16.5333 0.04898
16.55 0.04807
16.5667 0.04717
16.5833 0.04628
16.6 0.04539
16.6167 0.04452
16.6333 0.04365
16.65 0.0428
16.6667 0.04195
16.6833 0.04112
16.7 0.04029
16.7167 0.03947
16.7333 0.03866
16.75 0.03786
16.7667 0.03707
16.7833 0.03629
16.8 0.03552
16.8167 0.03476
16.8333 0.03401
16.85 0.03327
16.8667 0.03254
16.8833 0.03181
16.9 0.0311
16.9167 0.0304
16.9333 0.0297
16.95 0.02902
16.9667 0.02835
16.9833 0.02768
17.0 0.02702
17.0167 0.02638
17.0333 0.02574
17.05 0.02512
17.0667 0.0245
17.0833 0.02389
17.1 0.02329
17.1167 0.02271
17.1333 0.02213
17.15 0.02156
17.1667 0.02099
17.1833 0.02044
17.2 0.0199
17.2167 0.01937
17.2333 0.01884
17.25 0.01833
17.2667 0.01782
17.2833 0.01733
17.3 0.01684
17.3167 0.01636
17.3333 0.01589
17.35 0.01543
17.3667 0.01498
17.3833 0.01454
17.4 0.0141
17.4167 0.01368
17.4333 0.01326
17.45 0.01285
17.4667 0.01245
17.4833 0.01205
17.5 0.01167
17.5167 0.0113
17.5333 0.01093
17.55 0.01057
17.5667 0.01021
17.5833 0.00987
17.6 0.009533
17.6167 0.009204
17.6333 0.008882
17.65 0.008567
17.6667 0.00826
17.6833 0.007961
17.7 0.007669
17.7167 0.007384
17.7333 0.007105
17.75 0.006834
17.7667 0.00657
17.7833 0.006312
17.8 0.00606
17.8167 0.005815
17.8333 0.005577
17.85 0.005345
17.8667 0.005119
17.8833 0.004899
17.9 0.004686
17.9167 0.004478
17.9333 0.004276
17.95 0.004079
17.9667 0.003889
17.9833 0.003704
18.0 0.003524
18.0167 0.003349
18.0333 0.00318
18.05 0.003017
18.0667 0.002858
18.0833 0.002703
18.1 0.002554
18.1167 0.00241
18.1333 0.00227
18.15 0.002136
18.1667 0.002005
18.1833 0.00188
18.2 0.001758
18.2167 0.001641
18.2333 0.001529
18.25 0.001421
18.2667 0.001317
18.2833 0.001218
18.3 0.001123
18.3167 0.001032
18.3333 0.0009458
18.35 0.000864
18.3667 0.0007872
18.3833 0.0007149
18.4 0.0006325
18.4167 0.0005628
18.4333 0.0005041
18.45 0.0004547
18.4667 0.0003951
18.4833 0.0003522
18.5 0.0003033
18.5167 0.0002625
18.5333 0.000227
18.55 0.0001948
18.5667 0.0001641
18.5833 0.0001372
18.6 0.0001146
18.6167 9.566e-05
18.6333 7.724e-05
18.65 6.343e-05
18.6667 5.032e-05
18.6833 3.976e-05
18.7 3.117e-05
18.7167 2.415e-05
18.7333 1.842e-05
18.75 1.387e-05
18.7667 1.032e-05
18.7833 7.419e-06
18.8 5.229e-06
18.8167 3.504e-06
18.8333 2.284e-06
18.85 1.381e-06
18.8667 8.043e-07
18.8833 4.578e-07
18.9 2.536e-07
18.9167 1.298e-07
18.9333 5.528e-08
18.95 1.83e-08
18.9667 2.832e-09
18.9833 2.132e-10
19.0 4.683e-12
19.0167 2.406e-14
19.0333 1.151e-17
19.05 0.0
19.0667 0.0
19.0833 0.0
19.1 0.0
19.1167 0.0
19.1333 0.0
19.15 0.0
19.1667 0.0
19.1833 0.0
19.2 0.0
19.2167 0.0
19.2333 0.0
19.25 0.0
19.2667 0.0
19.2833 0.0
19.3 0.0
19.3167 0.0
19.3333 0.0
19.35 0.0
19.3667 0.0
19.3833 0.0
19.4 0.0
19.4167 0.0
19.4333 0.0
19.45 0.0
19.4667 0.0
19.4833 0.0
19.5 0.0
19.5167 0.0
19.5333 0.0
19.55 0.0
19.5667 0.0
19.5833 0.0
19.6 0.0
19.6167 0.0
19.6333 0.0
19.65 0.0
19.6667 0.0
19.6833 0.0
19.7 0.0
19.7167 0.0
19.7333 0.0
19.75 0.0
19.7667 0.0
19.7833 0.0
19.8 0.0
19.8167 0.0
19.8333 0.0
19.85 0.0
19.8667 0.0
19.8833 0.0
19.9 0.0
19.9167 0.0
19.9333 0.0
19.95 0.0
19.9667 0.0
19.9833 0.0
20.0 0.0
20.0167 0.0
20.0333 0.0
20.05 0.0
20.0667 0.0
20.0833 0.0
20.1 0.0
20.1167 0.0
20.1333 0.0
20.15 0.0
20.1667 0.0
20.1833 0.0
20.2 0.0
20.2167 0.0
20.2333 0.0
20.25 0.0
20.2667 0.0
20.2833 0.0
20.3 0.0
20.3167 0.0
20.3333 0.0
20.35 0.0
20.3667 0.0
20.3833 0.0
20.4 0.0
20.4167 0.0
20.4333 0.0
20.45 0.0
20.4667 0.0
20.4833 0.0
20.5 0.0
20.5167 0.0
20.5333 0.0
20.55 0.0
20.5667 0.0
20.5833 0.0
20.6 0.0
20.6167 0.0
20.6333 0.0
20.65 0.0
20.6667 0.0
20.6833 0.0
20.7 0.0
20.7167 0.0
20.7333 0.0
20.75 0.0
20.7667 0.0
20.7833 0.0
20.8 0.0
20.8167 0.0
20.8333 0.0
20.85 0.0
20.8667 0.0
20.8833 0.0
20.9 0.0
20.9167 0.0
20.9333 0.0
20.95 0.0
20.9667 0.0
20.9833 0.0
21.0 0.0
21.0167 0.0
21.0333 0.0
21.05 0.0
21.0667 0.0
21.0833 0.0
21.1 0.0
21.1167 0.0
21.1333 0.0
21.15 0.0
21.1667 0.0
21.1833 0.0
21.2 0.0
21.2167 0.0
21.2333 0.0
21.25 0.0
21.2667 0.0
21.2833 0.0
21.3 0.0
21.3167 0.0
21.3333 0.0
21.35 0.0
21.3667 0.0
21.3833 0.0
21.4 0.0
21.4167 0.0
21.4333 0.0
21.45 0.0
21.4667 0.0
21.4833 0.0
21.5 0.0
21.5167 0.0
21.5333 0.0
21.55 0.0
21.5667 0.0
21.5833 0.0
21.6 0.0
21.6167 0.0
21.6333 0.0
21.65 0.0
21.6667 0.0
21.6833 0.0
21.7 0.0
21.7167 0.0
21.7333 0.0
21.75 0.0
21.7667 0.0
21.7833 0.0
21.8 0.0
21.8167 0.0
21.8333 0.0
21.85 0.0
21.8667 0.0
21.8833 0.0
21.9 0.0
21.9167 0.0
21.9333 0.0
21.95 0.0
21.9667 0.0
21.9833 0.0
22.0 0.0
22.0167 0.0
22.0333 0.0
22.05 0.0
22.0667 0.0
22.0833 0.0
22.1 0.0
22.1167 0.0
22.1333 0.0
22.15 0.0
22.1667 0.0
22.1833 0.0
22.2 0.0
22.2167 0.0
22.2333 0.0
22.25 0.0
22.2667 0.0
22.2833 0.0
22.3 0.0
22.3167 0.0
22.3333 0.0
22.35 0.0
22.3667 0.0
22.3833 0.0
22.4 0.0
22.4167 0.0
22.4333 0.0
22.45 0.0
22.4667 0.0
22.4833 0.0
22.5 0.0
22.5167 0.0
22.5333 0.0
22.55 0.0
22.5667 0.0
22.5833 0.0
22.6 0.0
22.6167 0.0
22.6333 0.0
22.65 0.0
22.6667 0.0
22.6833 0.0
22.7 0.0
22.7167 0.0
22.7333 0.0
22.75 0.0
22.7667 0.0
22.7833 0.0
22.8 0.0
22.8167 0.0
22.8333 0.0
22.85 0.0
22.8667 0.0
22.8833 0.0
22.9 0.0
22.9167 0.0
22.9333 0.0
22.95 0.0
22.9667 0.0
22.9833 0.0
23.0 0.0
23.0167 0.0
23.0333 0.0
23.05 0.0
23.0667 0.0
23.0833 0.0
23.1 0.0
23.1167 0.0
23.1333 0.0
23.15 0.0
23.1667 0.0
23.1833 0.0
23.2 0.0
23.2167 0.0
23.2333 0.0
23.25 0.0
23.2667 0.0
23.2833 0.0
23.3 0.0
23.3167 0.0
23.3333 0.0
23.35 0.0
23.3667 0.0
23.3833 0.0
23.4 0.0
23.4167 0.0
23.4333 0.0
23.45 0.0
23.4667 0.0
23.4833 0.0
23.5 0.0
23.5167 0.0
23.5333 0.0
23.55 0.0
23.5667 0.0
23.5833 0.0
23.6 0.0
23.6167 0.0
23.6333 0.0
23.65 0.0
23.6667 0.0
23.6833 0.0
23.7 0.0
23.7167 0.0
23.7333 0.0
23.75 0.0
23.7667 0.0
23.7833 0.0
23.8 0.0
23.8167 0.0
23.8333 0.0
23.85 0.0
23.8667 0.0
23.8833 0.0
23.9 0.0
23.9167 0.0
23.9333 0.0
23.95 0.0
23.9667 0.0
23.9833 0.0
