0.0 0.0
0.0167 0.0
0.0333 0.0
0.05 0.0
0.0667 0.0
0.0833 0.0
0.1 0.0
0.1167 0.0
0.1333 0.0
0.15 0.0
0.1667 0.0
0.1833 0.0
0.2 0.0
0.2167 0.0
0.2333 0.0
0.25 0.0
0.2667 0.0
0.2833 0.0
0.3 0.0
0.3167 0.0
0.3333 0.0
0.35 0.0
0.3667 0.0
0.3833 0.0
0.4 0.0
0.4167 0.0
0.4333 0.0
0.45 0.0
0.4667 0.0
0.4833 0.0
0.5 0.0
0.5167 0.0
0.5333 0.0
0.55 0.0
0.5667 0.0
0.5833 0.0
0.6 0.0
0.6167 0.0
0.6333 0.0
0.65 0.0
0.6667 0.0
0.6833 0.0
0.7 0.0
0.7167 0.0
0.7333 0.0
0.75 0.0
0.7667 0.0
0.7833 0.0
0.8 0.0
0.8167 0.0
0.8333 0.0
0.85 0.0
0.8667 0.0
0.8833 0.0
0.9 0.0
0.9167 0.0
0.9333 0.0
0.95 0.0
0.9667 0.0
0.9833 0.0
1.0 0.0
1.0167 0.0
1.0333 0.0
1.05 0.0
1.0667 0.0
1.0833 0.0
1.1 0.0
1.1167 0.0
1.1333 0.0
1.15 0.0
1.1667 0.0
1.1833 0.0
1.2 0.0
1.2167 0.0
1.2333 0.0
1.25 0.0
1.2667 0.0
1.2833 0.0
1.3 0.0
1.3167 0.0
1.3333 0.0
1.35 0.0
1.3667 0.0
1.3833 0.0
1.4 0.0
1.4167 0.0
1.4333 0.0
1.45 0.0
1.4667 0.0
1.4833 0.0
1.5 0.0
1.5167 0.0
1.5333 0.0
1.55 0.0
1.5667 0.0
1.5833 0.0
1.6 0.0
1.6167 0.0
1.6333 0.0
1.65 0.0
1.6667 0.0
1.6833 0.0
1.7 0.0
1.7167 0.0
1.7333 0.0
1.75 0.0
1.7667 0.0
1.7833 0.0
1.8 0.0
1.8167 0.0
1.8333 0.0
1.85 0.0
1.8667 0.0
1.8833 0.0
1.9 0.0
1.9167 0.0
1.9333 0.0
1.95 0.0
1.9667 0.0
1.9833 0.0
2.0 0.0
2.0167 0.0
2.0333 0.0
2.05 0.0
2.0667 0.0
2.0833 0.0
2.1 0.0
2.1167 0.0
2.1333 0.0
2.15 0.0
2.1667 0.0
2.1833 0.0
2.2 0.0
2.2167 0.0
2.2333 0.0
2.25 0.0
2.2667 0.0
2.2833 0.0
2.3 0.0
2.3167 0.0
2.3333 0.0
2.35 0.0
2.3667 0.0
2.3833 0.0
2.4 0.0
2.4167 0.0
2.4333 0.0
2.45 0.0
2.4667 0.0
2.4833 0.0
2.5 0.0
2.5167 0.0
2.5333 0.0
2.55 0.0
2.5667 0.0
2.5833 0.0
2.6 0.0
2.6167 0.0
2.6333 0.0
2.65 0.0
2.6667 0.0
2.6833 0.0
2.7 0.0
2.7167 0.0
2.7333 0.0
2.75 0.0
2.7667 0.0
2.7833 0.0
2.8 0.0
2.8167 0.0
2.8333 0.0
2.85 0.0
2.8667 0.0
2.8833 0.0
2.9 0.0
2.9167 0.0
2.9333 0.0
2.95 0.0
2.9667 0.0
2.9833 0.0
3.0 0.0
3.0167 0.0
3.0333 0.0
3.05 0.0
3.0667 0.0
3.0833 0.0
3.1 0.0
3.1167 0.0
3.1333 0.0
3.15 0.0
3.1667 0.0
3.1833 0.0
3.2 0.0
3.2167 0.0
3.2333 0.0
3.25 0.0
3.2667 0.0
3.2833 0.0
3.3 0.0
3.3167 0.0
3.3333 0.0
3.35 0.0
3.3667 0.0
3.3833 0.0
3.4 0.0
3.4167 0.0
3.4333 0.0
3.45 0.0
3.4667 0.0
3.4833 0.0
3.5 0.0
3.5167 0.0
3.5333 0.0
3.55 0.0
3.5667 0.0
3.5833 0.0
3.6 0.0
3.6167 0.0
3.6333 0.0
3.65 0.0
3.6667 0.0
3.6833 0.0
3.7 0.0
3.7167 0.0
3.7333 0.0
3.75 0.0
3.7667 0.0
3.7833 0.0
3.8 0.0
3.8167 0.0
3.8333 0.0
3.85 0.0
3.8667 0.0
3.8833 0.0
3.9 0.0
3.9167 0.0
3.9333 0.0
3.95 0.0
3.9667 0.0
3.9833 0.0
4.0 0.0
4.0167 0.0
4.0333 0.0
4.05 0.0
4.0667 0.0
4.0833 0.0
4.1 0.0
4.1167 0.0
4.1333 0.0
4.15 0.0
4.1667 0.0
4.1833 0.0
4.2 0.0
4.2167 0.0
4.2333 0.0
4.25 0.0
4.2667 0.0
4.2833 0.0
4.3 0.0
4.3167 0.0
4.3333 0.0
4.35 0.0
4.3667 0.0
4.3833 0.0
4.4 0.0
4.4167 0.0
4.4333 0.0
4.45 0.0
4.4667 0.0
4.4833 0.0
4.5 0.0
4.5167 0.0
4.5333 0.0
4.55 0.0
4.5667 0.0
4.5833 0.0
4.6 0.0
4.6167 0.0
4.6333 0.0
4.65 0.0
4.6667 0.0
4.6833 0.0
4.7 0.0
4.7167 0.0
4.7333 0.0
4.75 0.0
4.7667 0.0
4.7833 0.0
4.8 0.0
4.8167 0.0
4.8333 0.0
4.85 0.0
4.8667 0.0
4.8833 0.0
4.9 0.0
4.9167 0.0
4.9333 0.0
4.95 0.0
4.9667 0.0
4.9833 0.0
5.0 0.0
5.0167 0.0
5.0333 0.0
5.05 0.0
5.0667 0.0
5.0833 0.0
5.1 0.0
5.1167 0.0
5.1333 0.0
5.15 0.0
5.1667 0.0
5.1833 0.0
5.2 0.0
5.2167 0.0
5.2333 0.0
5.25 0.0
5.2667 0.0
5.2833 0.0
5.3 0.0
5.3167 0.0
5.3333 0.0
5.35 0.0
5.3667 0.0
5.3833 0.0
5.4 0.0
5.4167 1.497e-19
5.4333 1.738e-15
5.45 4.835e-13
5.4667 3.706e-11
5.4833 7.019e-10
5.5 6.795e-09
5.5167 2.685e-08
5.5333 6.909e-08
5.55 1.458e-07
5.5667 2.667e-07
5.5833 4.615e-07
5.6 7.719e-07
5.6167 1.25e-06
5.6333 1.982e-06
5.65 3.052e-06
5.6667 4.355e-06
5.6833 6.183e-06
5.7 8.386e-06
5.7167 1.118e-05
5.7333 1.472e-05
5.75 1.915e-05
5.7667 2.462e-05
5.7833 3.134e-05
5.8 3.967e-05
5.8167 4.906e-05
5.8333 6.054e-05
5.85 7.389e-05
5.8667 9.009e-05
5.8833 0.0001074
5.9 0.0001276
5.9167 0.0001508
5.9333 0.0001768
5.95 0.000206
5.9667 0.0002398
5.9833 0.0002799
6.0 0.0003119
6.0167 0.0003619
6.0333 0.0004003
6.05 0.0004461
6.0667 0.0005004
6.0833 0.0005648
6.1 0.0006281
6.1167 0.00069
6.1333 0.0007562
6.15 0.0008263
6.1667 0.0009
6.1833 0.0009774
6.2 0.001058
6.2167 0.001143
6.2333 0.001231
6.25 0.001323
6.2667 0.001419
6.2833 0.001518
6.3 0.00162
6.3167 0.001727
6.3333 0.001838
6.35 0.001952
6.3667 0.00207
6.3833 0.002192
6.4 0.002318
6.4167 0.002448
6.4333 0.002583
6.45 0.002722
6.4667 0.002865
6.4833 0.003013
6.5 0.003165
6.5167 0.003322
6.5333 0.003484
6.55 0.00365
6.5667 0.003821
6.5833 0.003998
6.6 0.004179
6.6167 0.004366
6.6333 0.004558
6.65 0.004755
6.6667 0.004958
6.6833 0.005167
6.7 0.005381
6.7167 0.005601
6.7333 0.005827
6.75 0.006059
6.7667 0.006296
6.7833 0.006541
6.8 0.006791
6.8167 0.007048
6.8333 0.007311
6.85 0.007581
6.8667 0.007857
6.8833 0.008141
6.9 0.008431
6.9167 0.008728
6.9333 0.009032
6.95 0.009344
6.9667 0.009662
6.9833 0.009988
7.0 0.01032
7.0167 0.01066
7.0333 0.01101
7.05 0.01137
7.0667 0.01173
7.0833 0.0121
7.1 0.01248
7.1167 0.01287
7.1333 0.01327
7.15 0.01367
7.1667 0.01408
7.1833 0.0145
7.2 0.01493
7.2167 0.01537
7.2333 0.01582
7.25 0.01627
7.2667 0.01673
7.2833 0.01721
7.3 0.01769
7.3167 0.01818
7.3333 0.01868
7.35 0.01919
7.3667 0.0197
7.3833 0.02023
7.4 0.02077
7.4167 0.02131
7.4333 0.02187
7.45 0.02243
7.4667 0.02301
7.4833 0.02359
7.5 0.02418
7.5167 0.02478
7.5333 0.0254
7.55 0.02602
7.5667 0.02665
7.5833 0.02729
7.6 0.02794
7.6167 0.02861
7.6333 0.02928
7.65 0.02996
7.6667 0.03065
7.6833 0.03135
7.7 0.03206
7.7167 0.03279
7.7333 0.03352
7.75 0.03426
7.7667 0.03501
7.7833 0.03577
7.8 0.03655
7.8167 0.03733
7.8333 0.03812
7.85 0.03893
7.8667 0.03974
7.8833 0.04057
7.9 0.0414
7.9167 0.04224
7.9333 0.0431
7.95 0.04397
7.9667 0.04484
7.9833 0.04573
8.0 0.04662
8.0167 0.04753
8.0333 0.04845
8.05 0.04938
8.0667 0.05031
8.0833 0.05126
8.1 0.05222
8.1167 0.05319
8.1333 0.05417
8.15 0.05515
8.1667 0.05615
8.1833 0.05716
8.2 0.05818
8.2167 0.05921
8.2333 0.06025
8.25 0.0613
8.2667 0.06236
8.2833 0.06343
8.3 0.06451
8.3167 0.0656
8.3333 0.0667
8.35 0.0678
8.3667 0.06892
8.3833 0.07005
8.4 0.07119
8.4167 0.07234
8.4333 0.07349
8.45 0.07466
8.4667 0.07584
8.4833 0.07702
8.5 0.07822
8.5167 0.07942
8.5333 0.08063
8.55 0.08186
8.5667 0.08309
8.5833 0.08433
8.6 0.08558
8.6167 0.08684
8.6333 0.0881
8.65 0.08938
8.6667 0.09066
8.6833 0.09196
8.7 0.09326
8.7167 0.09456
8.7333 0.09588
8.75 0.09721
8.7667 0.09855
8.7833 0.09989
8.8 0.1012
8.8167 0.1026
8.8333 0.1039
8.85 0.1053
8.8667 0.1067
8.8833 0.1081
8.9 0.1095
8.9167 0.1109
8.9333 0.1123
8.95 0.1137
8.9667 0.1152
8.9833 0.1166
9.0 0.118
9.0167 0.1195
9.0333 0.1209
9.05 0.1224
9.0667 0.1239
9.0833 0.1253
9.1 0.1268
9.1167 0.1282
9.1333 0.1298
9.15 0.1313
9.1667 0.1328
9.1833 0.1343
9.2 0.1357
9.2167 0.1373
9.2333 0.1388
9.25 0.1404
9.2667 0.1419
9.2833 0.1434
9.3 0.145
9.3167 0.1465
9.3333 0.1481
9.35 0.1497
9.3667 0.151
9.3833 0.1528
9.4 0.1543
9.4167 0.1559
9.4333 0.1574
9.45 0.1591
9.4667 0.1607
9.4833 0.1622
9.5 0.1638
9.5167 0.1654
9.5333 0.167
9.55 0.1686
9.5667 0.1702
9.5833 0.1718
9.6 0.1734
9.6167 0.1751
9.6333 0.1766
9.65 0.1782
9.6667 0.1799
9.6833 0.1815
9.7 0.1831
9.7167 0.1847
9.7333 0.1864
9.75 0.1879
9.7667 0.1896
9.7833 0.1912
9.8 0.1929
9.8167 0.1945
9.8333 0.1961
9.85 0.1977
9.8667 0.1994
9.8833 0.201
9.9 0.2026
9.9167 0.2041
9.9333 0.2059
9.95 0.2075
9.9667 0.2091
9.9833 0.2107
10.0 0.2123
10.0167 0.214
10.0333 0.2156
10.05 0.2172
10.0667 0.2186
10.0833 0.2204
10.1 0.222
10.1167 0.2237
10.1333 0.2253
10.15 0.2268
10.1667 0.2285
10.1833 0.2301
10.2 0.2317
10.2167 0.2333
10.2333 0.2348
10.25 0.2364
10.2667 0.238
10.2833 0.2396
10.3 0.2411
10.3167 0.2427
10.3333 0.2443
10.35 0.2459
10.3667 0.2473
10.3833 0.249
10.4 0.2505
10.4167 0.2521
10.4333 0.2536
10.45 0.2552
10.4667 0.2567
10.4833 0.2582
10.5 0.2597
10.5167 0.2612
10.5333 0.2628
10.55 0.2643
10.5667 0.2658
10.5833 0.267
10.6 0.2687
10.6167 0.2702
10.6333 0.2717
10.65 0.2731
10.6667 0.2746
10.6833 0.276
10.7 0.2775
10.7167 0.2789
10.7333 0.2803
10.75 0.2818
10.7667 0.2831
10.7833 0.2846
10.8 0.286
10.8167 0.2874
10.8333 0.2887
10.85 0.2901
10.8667 0.2915
10.8833 0.2928
10.9 0.2942
10.9167 0.2954
10.9333 0.2968
10.95 0.2981
10.9667 0.2994
10.9833 0.3008
11.0 0.302
11.0167 0.3033
11.0333 0.3046
11.05 0.3059
11.0667 0.3071
11.0833 0.3083
11.1 0.3095
11.1167 0.3108
11.1333 0.312
11.15 0.3132
11.1667 0.3144
11.1833 0.3155
11.2 0.3165
11.2167 0.3179
11.2333 0.319
11.25 0.3201
11.2667 0.3213
11.2833 0.3224
11.3 0.3235
11.3167 0.3244
11.3333 0.3255
11.35 0.3267
11.3667 0.3277
11.3833 0.3288
11.4 0.3297
11.4167 0.3308
11.4333 0.3316
11.45 0.3328
11.4667 0.3338
11.4833 0.3347
11.5 0.3356
11.5167 0.3366
11.5333 0.3375
11.55 0.3384
11.5667 0.3393
11.5833 0.3402
11.6 0.3411
11.6167 0.3419
11.6333 0.3428
11.65 0.3436
11.6667 0.3444
11.6833 0.345
11.7 0.346
11.7167 0.3468
11.7333 0.3475
11.75 0.3483
11.7667 0.349
11.7833 0.3497
11.8 0.3504
11.8167 0.3511
11.8333 0.3518
11.85 0.3524
11.8667 0.3531
11.8833 0.3536
11.9 0.3543
11.9167 0.3549
11.9333 0.3555
11.95 0.3561
11.9667 0.3566
11.9833 0.3572
12.0 0.3577
12.0167 0.3582
12.0333 0.3587
12.05 0.3592
12.0667 0.3596
12.0833 0.3601
12.1 0.3605
12.1167 0.3609
12.1333 0.3613
12.15 0.3617
12.1667 0.3621
12.1833 0.3624
12.2 0.3628
12.2167 0.3631
12.2333 0.3634
12.25 0.3637
12.2667 0.364
12.2833 0.3641
12.3 0.3643
12.3167 0.3646
12.3333 0.3649
12.35 0.365
12.3667 0.3651
12.3833 0.3651
12.4 0.3652
12.4167 0.3653
12.4333 0.3656
12.45 0.3657
12.4667 0.3659
12.4833 0.3661
12.5 0.3662
12.5167 0.3662
12.5333 0.3662
12.55 0.3663
12.5667 0.3662
12.5833 0.3662
12.6 0.3661
12.6167 0.366
12.6333 0.3659
12.65 0.3657
12.6667 0.3655
12.6833 0.3653
12.7 0.3652
12.7167 0.3651
12.7333 0.3651
12.75 0.365
12.7667 0.3649
12.7833 0.3646
12.8 0.3642
12.8167 0.3641
12.8333 0.3639
12.85 0.3636
12.8667 0.3633
12.8833 0.363
12.9 0.3627
12.9167 0.3624
12.9333 0.362
12.95 0.3616
12.9667 0.3612
12.9833 0.3608
13.0 0.3604
13.0167 0.36
13.0333 0.3595
13.05 0.3591
13.0667 0.3586
13.0833 0.3581
13.1 0.3576
13.1167 0.3571
13.1333 0.3565
13.15 0.356
13.1667 0.3554
13.1833 0.3548
13.2 0.3542
13.2167 0.3534
13.2333 0.353
13.25 0.3523
13.2667 0.3516
13.2833 0.351
13.3 0.3503
13.3167 0.3496
13.3333 0.3489
13.35 0.3481
13.3667 0.3474
13.3833 0.3466
13.4 0.3458
13.4167 0.3449
13.4333 0.3443
13.45 0.3434
13.4667 0.3426
13.4833 0.3418
13.5 0.3409
13.5167 0.34
13.5333 0.3392
13.55 0.3383
13.5667 0.3373
13.5833 0.3364
13.6 0.3353
13.6167 0.3345
13.6333 0.3336
13.65 0.3326
13.6667 0.3315
13.6833 0.3306
13.7 0.3296
13.7167 0.3286
13.7333 0.3275
13.75 0.3265
13.7667 0.3252
13.7833 0.3241
13.8 0.3233
13.8167 0.3222
13.8333 0.3211
13.85 0.3199
13.8667 0.3188
13.8833 0.3177
13.9 0.3163
13.9167 0.3153
13.9333 0.3142
13.95 0.313
13.9667 0.3118
13.9833 0.3106
14.0 0.3093
14.0167 0.3081
14.0333 0.3069
14.05 0.3056
14.0667 0.3043
14.0833 0.3031
14.1 0.3018
14.1167 0.3005
14.1333 0.2991
14.15 0.2979
14.1667 0.2966
14.1833 0.2952
14.2 0.2939
14.2167 0.2926
14.2333 0.2912
14.25 0.2899
14.2667 0.2885
14.2833 0.2871
14.3 0.2856
14.3167 0.2843
14.3333 0.2829
14.35 0.2815
14.3667 0.2801
14.3833 0.2787
14.4 0.2772
14.4167 0.2758
14.4333 0.2743
14.45 0.2729
14.4667 0.2714
14.4833 0.2699
14.5 0.2685
14.5167 0.2669
14.5333 0.2655
14.55 0.264
14.5667 0.2625
14.5833 0.2608
14.6 0.2595
14.6167 0.2579
14.6333 0.2564
14.65 0.2549
14.6667 0.2533
14.6833 0.2518
14.7 0.2503
14.7167 0.2487
14.7333 0.2471
14.75 0.2456
14.7667 0.244
14.7833 0.2425
14.8 0.2408
14.8167 0.2393
14.8333 0.2377
14.85 0.236
14.8667 0.2346
14.8833 0.233
14.9 0.2314
14.9167 0.2297
14.9333 0.2282
14.95 0.2266
14.9667 0.225
14.9833 0.2234
15.0 0.2218
15.0167 0.2202
15.0333 0.2185
15.05 0.2169
15.0667 0.2153
15.0833 0.2137
15.1 0.2121
15.1167 0.2105
15.1333 0.2088
15.15 0.2072
15.1667 0.2055
15.1833 0.204
15.2 0.2023
15.2167 0.2007
15.2333 0.1991
15.25 0.1975
15.2667 0.1958
15.2833 0.1942
15.3 0.1926
15.3167 0.191
15.3333 0.1893
15.35 0.1877
15.3667 0.1861
15.3833 0.1845
15.4 0.1828
15.4167 0.1812
15.4333 0.1796
15.45 0.178
15.4667 0.1764
15.4833 0.1748
15.5 0.1732
15.5167 0.1716
15.5333 0.17
15.55 0.1684
15.5667 0.1668
15.5833 0.1652
15.6 0.1636
15.6167 0.162
15.6333 0.1604
15.65 0.1588
15.6667 0.1572
15.6833 0.1557
15.7 0.1541
15.7167 0.1525
15.7333 0.151
15.75 0.1494
15.7667 0.1479
15.7833 0.1463
15.8 0.1448
15.8167 0.1432
15.8333 0.1417
15.85 0.1401
15.8667 0.1386
15.8833 0.1371
15.9 0.1356
15.9167 0.1341
15.9333 0.1326
15.95 0.1311
15.9667 0.1296
15.9833 0.1281
16.0 0.1266
16.0167 0.1251
16.0333 0.1237
16.05 0.1222
16.0667 0.1207
16.0833 0.1193
16.1 0.1178
16.1167 0.1164
16.1333 0.115
16.15 0.1135
16.1667 0.1121
16.1833 0.1107
16.2 0.1093
16.2167 0.1079
16.2333 0.1065
16.25 0.1052
16.2667 0.1038
16.2833 0.1024
16.3 0.1011
16.3167 0.09969
16.3333 0.09835
16.35 0.09703
16.3667 0.09571
16.3833 0.09439
16.4 0.09309
16.4167 0.09179
16.4333 0.0905
16.45 0.08921
16.4667 0.08794
16.4833 0.08667
16.5 0.08542
16.5167 0.08417
16.5333 0.08293
16.55 0.0817
16.5667 0.08048
16.5833 0.07927
16.6 0.07807
16.6167 0.07688
16.6333 0.07569
16.65 0.07452
16.6667 0.07335
16.6833 0.0722
16.7 0.07105
16.7167 0.06992
16.7333 0.06879
16.75 0.06767
16.7667 0.06657
16.7833 0.06547
16.8 0.06438
16.8167 0.0633
16.8333 0.06224
16.85 0.06118
16.8667 0.06013
16.8833 0.05909
16.9 0.05807
16.9167 0.05705
16.9333 0.05604
16.95 0.05505
16.9667 0.05406
16.9833 0.05308
17.0 0.05212
17.0167 0.05116
17.0333 0.05021
17.05 0.04928
17.0667 0.04835
17.0833 0.04744
17.1 0.04653
17.1167 0.04564
17.1333 0.04475
17.15 0.04388
17.1667 0.04301
17.1833 0.04216
17.2 0.04132
17.2167 0.04048
17.2333 0.03966
17.25 0.03885
17.2667 0.03805
17.2833 0.03726
17.3 0.03648
17.3167 0.0357
17.3333 0.03494
17.35 0.03419
17.3667 0.03345
17.3833 0.03272
17.4 0.032
17.4167 0.03129
17.4333 0.03059
17.45 0.0299
17.4667 0.02922
17.4833 0.02855
17.5 0.02789
17.5167 0.02724
17.5333 0.0266
17.55 0.02597
17.5667 0.02535
17.5833 0.02474
17.6 0.02413
17.6167 0.02354
17.6333 0.02296
17.65 0.02239
17.6667 0.02183
17.6833 0.02127
17.7 0.02073
17.7167 0.02019
17.7333 0.01967
17.75 0.01915
17.7667 0.01864
17.7833 0.01815
17.8 0.01766
17.8167 0.01718
17.8333 0.0167
17.85 0.01624
17.8667 0.01579
17.8833 0.01534
17.9 0.01491
17.9167 0.01448
17.9333 0.01406
17.95 0.01365
17.9667 0.01324
17.9833 0.01285
18.0 0.01246
18.0167 0.01208
18.0333 0.01171
18.05 0.01135
18.0667 0.01099
18.0833 0.01064
18.1 0.0103
18.1167 0.009972
18.1333 0.009647
18.15 0.009329
18.1667 0.009018
18.1833 0.008715
18.2 0.008418
18.2167 0.008129
18.2333 0.007846
18.25 0.00757
18.2667 0.007301
18.2833 0.007038
18.3 0.006782
18.3167 0.006532
18.3333 0.006288
18.35 0.006051
18.3667 0.005819
18.3833 0.005594
18.4 0.005374
18.4167 0.00516
18.4333 0.004952
18.45 0.00475
18.4667 0.004553
18.4833 0.004361
18.5 0.004175
18.5167 0.003994
18.5333 0.003818
18.55 0.003647
18.5667 0.003481
18.5833 0.003319
18.6 0.003163
18.6167 0.003011
18.6333 0.002863
18.65 0.00272
18.6667 0.002582
18.6833 0.002447
18.7 0.002317
18.7167 0.002191
18.7333 0.002069
18.75 0.001951
18.7667 0.001837
18.7833 0.001727
18.8 0.001621
18.8167 0.001518
18.8333 0.001419
18.85 0.001323
18.8667 0.001232
18.8833 0.001144
18.9 0.001059
18.9167 0.0009782
18.9333 0.0009009
18.95 0.0008272
18.9667 0.0007572
18.9833 0.000691
19.0 0.0006292
19.0167 0.0005661
19.0333 0.0005016
19.05 0.0004472
19.0667 0.0004013
19.0833 0.0003627
19.1 0.0003129
19.1167 0.0002806
19.1333 0.0002406
19.15 0.0002069
19.1667 0.0001776
19.1833 0.0001516
19.2 0.0001282
19.2167 0.000108
19.2333 9.057e-05
19.25 7.474e-05
19.2667 6.098e-05
19.2833 4.976e-05
19.3 3.998e-05
19.3167 3.164e-05
19.3333 2.49e-05
19.35 1.941e-05
19.3667 1.493e-05
19.3833 1.133e-05
19.4 8.497e-06
19.4167 6.295e-06
19.4333 4.442e-06
19.45 3.104e-06
19.4667 2.03e-06
19.4833 1.3e-06
19.5 7.996e-07
19.5167 4.736e-07
19.5333 2.745e-07
19.55 1.515e-07
19.5667 7.511e-08
19.5833 2.91e-08
19.6 7.529e-09
19.6167 9.137e-10
19.6333 4.667e-11
19.65 7.484e-13
19.6667 3.16e-15
19.6833 3.5e-19
19.7 0.0
19.7167 0.0
19.7333 0.0
19.75 0.0
19.7667 0.0
19.7833 0.0
19.8 0.0
19.8167 0.0
19.8333 0.0
19.85 0.0
19.8667 0.0
19.8833 0.0
19.9 0.0
19.9167 0.0
19.9333 0.0
19.95 0.0
19.9667 0.0
19.9833 0.0
20.0 0.0
20.0167 0.0
20.0333 0.0
20.05 0.0
20.0667 0.0
20.0833 0.0
20.1 0.0
20.1167 0.0
20.1333 0.0
20.15 0.0
20.1667 0.0
20.1833 0.0
20.2 0.0
20.2167 0.0
20.2333 0.0
20.25 0.0
20.2667 0.0
20.2833 0.0
20.3 0.0
20.3167 0.0
20.3333 0.0
20.35 0.0
20.3667 0.0
20.3833 0.0
20.4 0.0
20.4167 0.0
20.4333 0.0
20.45 0.0
20.4667 0.0
20.4833 0.0
20.5 0.0
20.5167 0.0
20.5333 0.0
20.55 0.0
20.5667 0.0
20.5833 0.0
20.6 0.0
20.6167 0.0
20.6333 0.0
20.65 0.0
20.6667 0.0
20.6833 0.0
20.7 0.0
20.7167 0.0
20.7333 0.0
20.75 0.0
20.7667 0.0
20.7833 0.0
20.8 0.0
20.8167 0.0
20.8333 0.0
20.85 0.0
20.8667 0.0
20.8833 0.0
20.9 0.0
20.9167 0.0
20.9333 0.0
20.95 0.0
20.9667 0.0
20.9833 0.0
21.0 0.0
21.0167 0.0
21.0333 0.0
21.05 0.0
21.0667 0.0
21.0833 0.0
21.1 0.0
21.1167 0.0
21.1333 0.0
21.15 0.0
21.1667 0.0
21.1833 0.0
21.2 0.0
21.2167 0.0
21.2333 0.0
21.25 0.0
21.2667 0.0
21.2833 0.0
21.3 0.0
21.3167 0.0
21.3333 0.0
21.35 0.0
21.3667 0.0
21.3833 0.0
21.4 0.0
21.4167 0.0
21.4333 0.0
21.45 0.0
21.4667 0.0
21.4833 0.0
21.5 0.0
21.5167 0.0
21.5333 0.0
21.55 0.0
21.5667 0.0
21.5833 0.0
21.6 0.0
21.6167 0.0
21.6333 0.0
21.65 0.0
21.6667 0.0
21.6833 0.0
21.7 0.0
21.7167 0.0
21.7333 0.0
21.75 0.0
21.7667 0.0
21.7833 0.0
21.8 0.0
21.8167 0.0
21.8333 0.0
21.85 0.0
21.8667 0.0
21.8833 0.0
21.9 0.0
21.9167 0.0
21.9333 0.0
21.95 0.0
21.9667 0.0
21.9833 0.0
22.0 0.0
22.0167 0.0
22.0333 0.0
22.05 0.0
22.0667 0.0
22.0833 0.0
22.1 0.0
22.1167 0.0
22.1333 0.0
22.15 0.0
22.1667 0.0
22.1833 0.0
22.2 0.0
22.2167 0.0
22.2333 0.0
22.25 0.0
22.2667 0.0
22.2833 0.0
22.3 0.0
22.3167 0.0
22.3333 0.0
22.35 0.0
22.3667 0.0
22.3833 0.0
22.4 0.0
22.4167 0.0
22.4333 0.0
22.45 0.0
22.4667 0.0
22.4833 0.0
22.5 0.0
22.5167 0.0
22.5333 0.0
22.55 0.0
22.5667 0.0
22.5833 0.0
22.6 0.0
22.6167 0.0
22.6333 0.0
22.65 0.0
22.6667 0.0
22.6833 0.0
22.7 0.0
22.7167 0.0
22.7333 0.0
22.75 0.0
22.7667 0.0
22.7833 0.0
22.8 0.0
22.8167 0.0
22.8333 0.0
22.85 0.0
22.8667 0.0
22.8833 0.0
22.9 0.0
22.9167 0.0
22.9333 0.0
22.95 0.0
22.9667 0.0
22.9833 0.0
23.0 0.0
23.0167 0.0
23.0333 0.0
23.05 0.0
23.0667 0.0
23.0833 0.0
23.1 0.0
23.1167 0.0
23.1333 0.0
23.15 0.0
23.1667 0.0
23.1833 0.0
23.2 0.0
23.2167 0.0
23.2333 0.0
23.25 0.0
23.2667 0.0
23.2833 0.0
23.3 0.0
23.3167 0.0
23.3333 0.0
23.35 0.0
23.3667 0.0
23.3833 0.0
23.4 0.0
23.4167 0.0
23.4333 0.0
23.45 0.0
23.4667 0.0
23.4833 0.0
23.5 0.0
23.5167 0.0
23.5333 0.0
23.55 0.0
23.5667 0.0
23.5833 0.0
23.6 0.0
23.6167 0.0
23.6333 0.0
23.65 0.0
23.6667 0.0
23.6833 0.0
23.7 0.0
23.7167 0.0
23.7333 0.0
23.75 0.0
23.7667 0.0
23.7833 0.0
23.8 0.0
23.8167 0.0
23.8333 0.0
23.85 0.0
23.8667 0.0
23.8833 0.0
23.9 0.0
23.9167 0.0
23.9333 0.0
23.95 0.0
23.9667 0.0
23.9833 0.0
