0.0 0.0
0.0167 0.0
0.0333 0.0
0.05 0.0
0.0667 0.0
0.0833 0.0
0.1 0.0
0.1167 0.0
0.1333 0.0
0.15 0.0
0.1667 0.0
0.1833 0.0
0.2 0.0
0.2167 0.0
0.2333 0.0
0.25 0.0
0.2667 0.0
0.2833 0.0
0.3 0.0
0.3167 0.0
0.3333 0.0
0.35 0.0
0.3667 0.0
0.3833 0.0
0.4 0.0
0.4167 0.0
0.4333 0.0
0.45 0.0
0.4667 0.0
0.4833 0.0
0.5 0.0
0.5167 0.0
0.5333 0.0
0.55 0.0
0.5667 0.0
0.5833 0.0
0.6 0.0
0.6167 0.0
0.6333 0.0
0.65 0.0
0.6667 0.0
0.6833 0.0
0.7 0.0
0.7167 0.0
0.7333 0.0
0.75 0.0
0.7667 0.0
0.7833 0.0
0.8 0.0
0.8167 0.0
0.8333 0.0
0.85 0.0
0.8667 0.0
0.8833 0.0
0.9 0.0
0.9167 0.0
0.9333 0.0
0.95 0.0
0.9667 0.0
0.9833 0.0
1.0 0.0
1.0167 0.0
1.0333 0.0
1.05 0.0
1.0667 0.0
1.0833 0.0
1.1 0.0
1.1167 0.0
1.1333 0.0
1.15 0.0
1.1667 0.0
1.1833 0.0
1.2 0.0
1.2167 0.0
1.2333 0.0
1.25 0.0
1.2667 0.0
1.2833 0.0
1.3 0.0
1.3167 0.0
1.3333 0.0
1.35 0.0
1.3667 0.0
1.3833 0.0
1.4 0.0
1.4167 0.0
1.4333 0.0
1.45 0.0
1.4667 0.0
1.4833 0.0
1.5 0.0
1.5167 0.0
1.5333 0.0
1.55 0.0
1.5667 0.0
1.5833 0.0
1.6 0.0
1.6167 0.0
1.6333 0.0
1.65 0.0
1.6667 0.0
1.6833 0.0
1.7 0.0
1.7167 0.0
1.7333 0.0
1.75 0.0
1.7667 0.0
1.7833 0.0
1.8 0.0
1.8167 0.0
1.8333 0.0
1.85 0.0
1.8667 0.0
1.8833 0.0
1.9 0.0
1.9167 0.0
1.9333 0.0
1.95 0.0
1.9667 0.0
1.9833 0.0
2.0 0.0
2.0167 0.0
2.0333 0.0
2.05 0.0
2.0667 0.0
2.0833 0.0
2.1 0.0
2.1167 0.0
2.1333 0.0
2.15 0.0
2.1667 0.0
2.1833 0.0
2.2 0.0
2.2167 0.0
2.2333 0.0
2.25 0.0
2.2667 0.0
2.2833 0.0
2.3 0.0
2.3167 0.0
2.3333 0.0
2.35 0.0
2.3667 0.0
2.3833 0.0
2.4 0.0
2.4167 0.0
2.4333 0.0
2.45 0.0
2.4667 0.0
2.4833 0.0
2.5 0.0
2.5167 0.0
2.5333 0.0
2.55 0.0
2.5667 0.0
2.5833 0.0
2.6 0.0
2.6167 0.0
2.6333 0.0
2.65 0.0
2.6667 0.0
2.6833 0.0
2.7 0.0
2.7167 0.0
2.7333 0.0
2.75 0.0
2.7667 0.0
2.7833 0.0
2.8 0.0
2.8167 0.0
2.8333 0.0
2.85 0.0
2.8667 0.0
2.8833 0.0
2.9 0.0
2.9167 0.0
2.9333 0.0
2.95 0.0
2.9667 0.0
2.9833 0.0
3.0 0.0
3.0167 0.0
3.0333 0.0
3.05 0.0
3.0667 0.0
3.0833 0.0
3.1 0.0
3.1167 0.0
3.1333 0.0
3.15 0.0
3.1667 0.0
3.1833 0.0
3.2 0.0
3.2167 0.0
3.2333 0.0
3.25 0.0
3.2667 0.0
3.2833 0.0
3.3 0.0
3.3167 0.0
3.3333 0.0
3.35 0.0
3.3667 0.0
3.3833 0.0
3.4 0.0
3.4167 0.0
3.4333 0.0
3.45 0.0
3.4667 0.0
3.4833 0.0
3.5 0.0
3.5167 0.0
3.5333 0.0
3.55 0.0
3.5667 0.0
3.5833 0.0
3.6 0.0
3.6167 0.0
3.6333 0.0
3.65 0.0
3.6667 0.0
3.6833 0.0
3.7 0.0
3.7167 0.0
3.7333 0.0
3.75 0.0
3.7667 0.0
3.7833 0.0
3.8 0.0
3.8167 0.0
3.8333 0.0
3.85 0.0
3.8667 0.0
3.8833 0.0
3.9 0.0
3.9167 0.0
3.9333 0.0
3.95 0.0
3.9667 0.0
3.9833 0.0
4.0 0.0
4.0167 0.0
4.0333 0.0
4.05 0.0
4.0667 0.0
4.0833 0.0
4.1 0.0
4.1167 0.0
4.1333 0.0
4.15 0.0
4.1667 0.0
4.1833 0.0
4.2 0.0
4.2167 0.0
4.2333 0.0
4.25 0.0
4.2667 0.0
4.2833 0.0
4.3 0.0
4.3167 0.0
4.3333 0.0
4.35 0.0
4.3667 0.0
4.3833 0.0
4.4 0.0
4.4167 0.0
4.4333 0.0
4.45 0.0
4.4667 0.0
4.4833 0.0
4.5 0.0
4.5167 0.0
4.5333 0.0
4.55 0.0
4.5667 0.0
4.5833 0.0
4.6 0.0
4.6167 0.0
4.6333 0.0
4.65 0.0
4.6667 0.0
4.6833 0.0
4.7 0.0
4.7167 0.0
4.7333 0.0
4.75 0.0
4.7667 0.0
4.7833 0.0
4.8 0.0
4.8167 0.0
4.8333 0.0
4.85 0.0
4.8667 0.0
4.8833 0.0
4.9 0.0
4.9167 0.0
4.9333 0.0
4.95 0.0
4.9667 0.0
4.9833 0.0
5.0 0.0
5.0167 0.0
5.0333 0.0
5.05 0.0
5.0667 0.0
5.0833 0.0
5.1 0.0
5.1167 0.0
5.1333 0.0
5.15 0.0
5.1667 0.0
5.1833 0.0
5.2 0.0
5.2167 0.0
5.2333 0.0
5.25 0.0
5.2667 0.0
5.2833 0.0
5.3 0.0
5.3167 0.0
5.3333 0.0
5.35 0.0
5.3667 0.0
5.3833 0.0
5.4 0.0
5.4167 0.0
5.4333 4.982e-19
5.45 3.1e-15
5.4667 6.016e-13
5.4833 3.78e-11
5.5 6.486e-10
5.5167 6.186e-09
5.5333 2.413e-08
5.55 6.106e-08
5.5667 1.256e-07
5.5833 2.282e-07
5.6 3.907e-07
5.6167 6.522e-07
5.6333 1.052e-06
5.65 1.641e-06
5.6667 2.524e-06
5.6833 3.616e-06
5.7 5.119e-06
5.7167 6.98e-06
5.7333 9.284e-06
5.75 1.22e-05
5.7667 1.583e-05
5.7833 2.034e-05
5.8 2.592e-05
5.8167 3.284e-05
5.8333 4.03e-05
5.85 5.001e-05
5.8667 6.074e-05
5.8833 7.443e-05
5.9 8.87e-05
5.9167 0.0001055
5.9333 0.0001249
5.95 0.0001469
5.9667 0.0001712
5.9833 0.0001986
6.0 0.0002302
6.0167 0.0002655
6.0333 0.0002975
6.05 0.0003447
6.0667 0.00038
6.0833 0.0004217
6.1 0.0004711
6.1167 0.0005293
6.1333 0.0005905
6.15 0.0006473
6.1667 0.0007081
6.1833 0.0007725
6.2 0.0008403
6.2167 0.0009115
6.2333 0.0009859
6.25 0.001063
6.2667 0.001144
6.2833 0.001229
6.3 0.001316
6.3167 0.001407
6.3333 0.001501
6.35 0.001599
6.3667 0.001699
6.3833 0.001804
6.4 0.001912
6.4167 0.002023
6.4333 0.002138
6.45 0.002257
6.4667 0.00238
6.4833 0.002506
6.5 0.002636
6.5167 0.00277
6.5333 0.002908
6.55 0.003051
6.5667 0.003198
6.5833 0.003348
6.6 0.003504
6.6167 0.003663
6.6333 0.003827
6.65 0.003996
6.6667 0.00417
6.6833 0.004348
6.7 0.004532
6.7167 0.00472
6.7333 0.004913
6.75 0.005111
6.7667 0.005315
6.7833 0.005524
6.8 0.005738
6.8167 0.005958
6.8333 0.006183
6.85 0.006414
6.8667 0.006651
6.8833 0.006894
6.9 0.007142
6.9167 0.007396
6.9333 0.007657
6.95 0.007924
6.9667 0.008197
6.9833 0.008476
7.0 0.008762
7.0167 0.009054
7.0333 0.009353
7.05 0.009659
7.0667 0.009971
7.0833 0.01029
7.1 0.01062
7.1167 0.01095
7.1333 0.01129
7.15 0.01164
7.1667 0.01199
7.1833 0.01235
7.2 0.01272
7.2167 0.0131
7.2333 0.01348
7.25 0.01387
7.2667 0.01427
7.2833 0.01468
7.3 0.01509
7.3167 0.01552
7.3333 0.01595
7.35 0.01639
7.3667 0.01683
7.3833 0.01729
7.4 0.01775
7.4167 0.01822
7.4333 0.0187
7.45 0.01919
7.4667 0.01968
7.4833 0.02019
7.5 0.0207
7.5167 0.02122
7.5333 0.02175
7.55 0.02229
7.5667 0.02284
7.5833 0.02339
7.6 0.02396
7.6167 0.02453
7.6333 0.02512
7.65 0.02571
7.6667 0.02631
7.6833 0.02692
7.7 0.02754
7.7167 0.02816
7.7333 0.0288
7.75 0.02945
7.7667 0.0301
7.7833 0.03077
7.8 0.03144
7.8167 0.03212
7.8333 0.03281
7.85 0.03352
7.8667 0.03423
7.8833 0.03495
7.9 0.03568
7.9167 0.03641
7.9333 0.03716
7.95 0.03792
7.9667 0.03868
7.9833 0.03946
8.0 0.04025
8.0167 0.04104
8.0333 0.04184
8.05 0.04266
8.0667 0.04348
8.0833 0.04431
8.1 0.04515
8.1167 0.046
8.1333 0.04686
8.15 0.04773
8.1667 0.04861
8.1833 0.0495
8.2 0.0504
8.2167 0.05131
8.2333 0.05222
8.25 0.05315
8.2667 0.05408
8.2833 0.05503
8.3 0.05598
8.3167 0.05694
8.3333 0.05791
8.35 0.05889
8.3667 0.05988
8.3833 0.06088
8.4 0.06189
8.4167 0.0629
8.4333 0.06393
8.45 0.06496
8.4667 0.06601
8.4833 0.06706
8.5 0.06812
8.5167 0.06919
8.5333 0.07027
8.55 0.07135
8.5667 0.07245
8.5833 0.07355
8.6 0.07467
8.6167 0.07579
8.6333 0.07692
8.65 0.07805
8.6667 0.0792
8.6833 0.08035
8.7 0.08152
8.7167 0.08269
8.7333 0.08386
8.75 0.08505
8.7667 0.08624
8.7833 0.08745
8.8 0.08865
8.8167 0.08987
8.8333 0.09109
8.85 0.09232
8.8667 0.09357
8.8833 0.09481
8.9 0.09607
8.9167 0.09731
8.9333 0.09859
8.95 0.09987
8.9667 0.1012
8.9833 0.1024
9.0 0.1037
9.0167 0.105
9.0333 0.1063
9.05 0.1077
9.0667 0.109
9.0833 0.1103
9.1 0.1117
9.1167 0.113
9.1333 0.1144
9.15 0.1157
9.1667 0.1171
9.1833 0.1184
9.2 0.1198
9.2167 0.1212
9.2333 0.1226
9.25 0.1239
9.2667 0.1253
9.2833 0.1267
9.3 0.1281
9.3167 0.1295
9.3333 0.1309
9.35 0.1324
9.3667 0.1338
9.3833 0.1352
9.4 0.1366
9.4167 0.1381
9.4333 0.1395
9.45 0.1409
9.4667 0.1424
9.4833 0.1439
9.5 0.1453
9.5167 0.1468
9.5333 0.1482
9.55 0.1497
9.5667 0.1512
9.5833 0.1526
9.6 0.1541
9.6167 0.1556
9.6333 0.1571
9.65 0.1586
9.6667 0.16
9.6833 0.1615
9.7 0.163
9.7167 0.1645
9.7333 0.166
9.75 0.1675
9.7667 0.169
9.7833 0.1705
9.8 0.172
9.8167 0.1735
9.8333 0.175
9.85 0.1765
9.8667 0.178
9.8833 0.1795
9.9 0.181
9.9167 0.1825
9.9333 0.184
9.95 0.1856
9.9667 0.1871
9.9833 0.1886
10.0 0.1901
10.0167 0.1916
10.0333 0.1931
10.05 0.1946
10.0667 0.1961
10.0833 0.1976
10.1 0.1991
10.1167 0.2006
10.1333 0.2021
10.15 0.2036
10.1667 0.2051
10.1833 0.2066
10.2 0.2081
10.2167 0.2096
10.2333 0.2111
10.25 0.2126
10.2667 0.2141
10.2833 0.2156
10.3 0.2171
10.3167 0.2185
10.3333 0.22
10.35 0.2215
10.3667 0.223
10.3833 0.2244
10.4 0.2259
10.4167 0.2274
10.4333 0.2288
10.45 0.2303
10.4667 0.2317
10.4833 0.2332
10.5 0.2346
10.5167 0.2361
10.5333 0.2375
10.55 0.2389
10.5667 0.2402
10.5833 0.2418
10.6 0.2432
10.6167 0.2446
10.6333 0.2459
10.65 0.2474
10.6667 0.2488
10.6833 0.2502
10.7 0.2515
10.7167 0.253
10.7333 0.2543
10.75 0.2557
10.7667 0.2571
10.7833 0.2584
10.8 0.2598
10.8167 0.261
10.8333 0.2624
10.85 0.2637
10.8667 0.2651
10.8833 0.2664
10.9 0.2677
10.9167 0.269
10.9333 0.2703
10.95 0.2716
10.9667 0.2728
10.9833 0.2741
11.0 0.2753
11.0167 0.2766
11.0333 0.2779
11.05 0.2791
11.0667 0.2803
11.0833 0.2816
11.1 0.2828
11.1167 0.284
11.1333 0.2851
11.15 0.2863
11.1667 0.2875
11.1833 0.2887
11.2 0.2898
11.2167 0.2909
11.2333 0.2921
11.25 0.2932
11.2667 0.2944
11.2833 0.2955
11.3 0.2966
11.3167 0.2977
11.3333 0.2986
11.35 0.2998
11.3667 0.3009
11.3833 0.3019
11.4 0.3029
11.4167 0.304
11.4333 0.3049
11.45 0.306
11.4667 0.307
11.4833 0.3078
11.5 0.3089
11.5167 0.3099
11.5333 0.3108
11.55 0.3118
11.5667 0.3127
11.5833 0.3136
11.6 0.3145
11.6167 0.3154
11.6333 0.3163
11.65 0.3169
11.6667 0.318
11.6833 0.3189
11.7 0.3197
11.7167 0.3205
11.7333 0.3213
11.75 0.3221
11.7667 0.3229
11.7833 0.3236
11.8 0.3244
11.8167 0.3251
11.8333 0.3259
11.85 0.3266
11.8667 0.3273
11.8833 0.328
11.9 0.3287
11.9167 0.3293
11.9333 0.33
11.95 0.3306
11.9667 0.3312
11.9833 0.3319
12.0 0.3325
12.0167 0.333
12.0333 0.3336
12.05 0.3341
12.0667 0.3347
12.0833 0.3351
12.1 0.3355
12.1167 0.3363
12.1333 0.3368
12.15 0.3372
12.1667 0.3377
12.1833 0.3381
12.2 0.3386
12.2167 0.339
12.2333 0.3394
12.25 0.3398
12.2667 0.3402
12.2833 0.3405
12.3 0.3409
12.3167 0.3412
12.3333 0.3415
12.35 0.3418
12.3667 0.3421
12.3833 0.3424
12.4 0.3426
12.4167 0.3428
12.4333 0.3431
12.45 0.3434
12.4667 0.3436
12.4833 0.3438
12.5 0.3439
12.5167 0.3441
12.5333 0.3442
12.55 0.3444
12.5667 0.3445
12.5833 0.3446
12.6 0.3447
12.6167 0.3447
12.6333 0.3448
12.65 0.3448
12.6667 0.3449
12.6833 0.3449
12.7 0.3449
12.7167 0.3449
12.7333 0.3448
12.75 0.3448
12.7667 0.3447
12.7833 0.3447
12.8 0.3446
12.8167 0.3445
12.8333 0.3444
12.85 0.3442
12.8667 0.3441
12.8833 0.3439
12.9 0.3437
12.9167 0.3435
12.9333 0.3433
12.95 0.3431
12.9667 0.3428
12.9833 0.3425
13.0 0.3424
13.0167 0.3421
13.0333 0.3418
13.05 0.3415
13.0667 0.3412
13.0833 0.3408
13.1 0.3405
13.1167 0.3401
13.1333 0.3397
13.15 0.3393
13.1667 0.3389
13.1833 0.3385
13.2 0.3381
13.2167 0.3376
13.2333 0.3372
13.25 0.3367
13.2667 0.3362
13.2833 0.3354
13.3 0.335
13.3167 0.3346
13.3333 0.334
13.35 0.3335
13.3667 0.333
13.3833 0.3324
13.4 0.3318
13.4167 0.3312
13.4333 0.3305
13.45 0.3299
13.4667 0.3292
13.4833 0.3286
13.5 0.3279
13.5167 0.3272
13.5333 0.3265
13.55 0.3258
13.5667 0.325
13.5833 0.3243
13.6 0.3236
13.6167 0.3228
13.6333 0.322
13.65 0.3212
13.6667 0.3204
13.6833 0.3196
13.7 0.3187
13.7167 0.3179
13.7333 0.3168
13.75 0.3162
13.7667 0.3153
13.7833 0.3144
13.8 0.3135
13.8167 0.3126
13.8333 0.3117
13.85 0.3107
13.8667 0.3098
13.8833 0.3088
13.9 0.3078
13.9167 0.3069
13.9333 0.3059
13.95 0.3047
13.9667 0.3038
13.9833 0.3028
14.0 0.3018
14.0167 0.3007
14.0333 0.2997
14.05 0.2986
14.0667 0.2975
14.0833 0.2964
14.1 0.2953
14.1167 0.2942
14.1333 0.2931
14.15 0.292
14.1667 0.2908
14.1833 0.2897
14.2 0.2885
14.2167 0.2874
14.2333 0.2862
14.25 0.2849
14.2667 0.2838
14.2833 0.2826
14.3 0.2814
14.3167 0.2801
14.3333 0.2789
14.35 0.2777
14.3667 0.2765
14.3833 0.2751
14.4 0.2739
14.4167 0.2727
14.4333 0.2714
14.45 0.2701
14.4667 0.2688
14.4833 0.2675
14.5 0.2662
14.5167 0.2649
14.5333 0.2636
14.55 0.2623
14.5667 0.2607
14.5833 0.2596
14.6 0.2582
14.6167 0.2569
14.6333 0.2555
14.65 0.2541
14.6667 0.2528
14.6833 0.2514
14.7 0.25
14.7167 0.2486
14.7333 0.2472
14.75 0.2458
14.7667 0.2444
14.7833 0.243
14.8 0.2416
14.8167 0.2401
14.8333 0.2387
14.85 0.2373
14.8667 0.2359
14.8833 0.2344
14.9 0.233
14.9167 0.2315
14.9333 0.2301
14.95 0.2286
14.9667 0.2272
14.9833 0.2257
15.0 0.2242
15.0167 0.2228
15.0333 0.2213
15.05 0.2198
15.0667 0.2183
15.0833 0.2169
15.1 0.2154
15.1167 0.2139
15.1333 0.2124
15.15 0.2109
15.1667 0.2094
15.1833 0.2079
15.2 0.2064
15.2167 0.2049
15.2333 0.2034
15.25 0.2019
15.2667 0.2004
15.2833 0.1989
15.3 0.1974
15.3167 0.1959
15.3333 0.1944
15.35 0.1928
15.3667 0.1914
15.3833 0.1899
15.4 0.1884
15.4167 0.1868
15.4333 0.1853
15.45 0.1838
15.4667 0.1823
15.4833 0.1808
15.5 0.1793
15.5167 0.1777
15.5333 0.1763
15.55 0.1748
15.5667 0.1733
15.5833 0.1718
15.6 0.1703
15.6167 0.1688
15.6333 0.1673
15.65 0.1658
15.6667 0.1643
15.6833 0.1628
15.7 0.1613
15.7167 0.1598
15.7333 0.1583
15.75 0.1569
15.7667 0.1553
15.7833 0.1539
15.8 0.1524
15.8167 0.151
15.8333 0.1495
15.85 0.148
15.8667 0.1465
15.8833 0.1451
15.9 0.1436
15.9167 0.1422
15.9333 0.1407
15.95 0.1393
15.9667 0.1379
15.9833 0.1364
16.0 0.135
16.0167 0.1336
16.0333 0.1322
16.05 0.1307
16.0667 0.1293
16.0833 0.1279
16.1 0.1265
16.1167 0.1251
16.1333 0.1237
16.15 0.1223
16.1667 0.121
16.1833 0.1196
16.2 0.1182
16.2167 0.1168
16.2333 0.1155
16.25 0.1141
16.2667 0.1128
16.2833 0.1115
16.3 0.1101
16.3167 0.1088
16.3333 0.1075
16.35 0.1061
16.3667 0.1048
16.3833 0.1035
16.4 0.1022
16.4167 0.101
16.4333 0.09967
16.45 0.0984
16.4667 0.09714
16.4833 0.09586
16.5 0.09462
16.5167 0.09337
16.5333 0.09212
16.55 0.0909
16.5667 0.08968
16.5833 0.08846
16.6 0.08726
16.6167 0.08605
16.6333 0.08486
16.65 0.08368
16.6667 0.0825
16.6833 0.08133
16.7 0.08017
16.7167 0.07902
16.7333 0.07787
16.75 0.07673
16.7667 0.07561
16.7833 0.07449
16.8 0.07337
16.8167 0.07227
16.8333 0.07118
16.85 0.07009
16.8667 0.06901
16.8833 0.06795
16.9 0.06689
16.9167 0.06584
16.9333 0.06479
16.95 0.06376
16.9667 0.06274
16.9833 0.06172
17.0 0.06071
17.0167 0.05972
17.0333 0.05873
17.05 0.05775
17.0667 0.05678
17.0833 0.05582
17.1 0.05487
17.1167 0.05392
17.1333 0.05299
17.15 0.05207
17.1667 0.05115
17.1833 0.05025
17.2 0.04935
17.2167 0.04846
17.2333 0.04759
17.25 0.04672
17.2667 0.04586
17.2833 0.04501
17.3 0.04417
17.3167 0.04334
17.3333 0.04252
17.35 0.0417
17.3667 0.0409
17.3833 0.04011
17.4 0.03932
17.4167 0.03855
17.4333 0.03779
17.45 0.03703
17.4667 0.03628
17.4833 0.03555
17.5 0.03482
17.5167 0.0341
17.5333 0.03339
17.55 0.03269
17.5667 0.032
17.5833 0.03132
17.6 0.03065
17.6167 0.02998
17.6333 0.02933
17.65 0.02869
17.6667 0.02805
17.6833 0.02742
17.7 0.02681
17.7167 0.0262
17.7333 0.0256
17.75 0.02501
17.7667 0.02443
17.7833 0.02386
17.8 0.02329
17.8167 0.02274
17.8333 0.02219
17.85 0.02165
17.8667 0.02112
17.8833 0.0206
17.9 0.02009
17.9167 0.01959
17.9333 0.01909
17.95 0.01861
17.9667 0.01813
17.9833 0.01766
18.0 0.0172
18.0167 0.01675
18.0333 0.0163
18.05 0.01586
18.0667 0.01543
18.0833 0.01501
18.1 0.0146
18.1167 0.01419
18.1333 0.0138
18.15 0.01341
18.1667 0.01302
18.1833 0.01265
18.2 0.01228
18.2167 0.01192
18.2333 0.01157
18.25 0.01122
18.2667 0.01088
18.2833 0.01055
18.3 0.01023
18.3167 0.009908
18.3333 0.009597
18.35 0.009293
18.3667 0.008995
18.3833 0.008704
18.4 0.008419
18.4167 0.008141
18.4333 0.007869
18.45 0.007604
18.4667 0.007344
18.4833 0.007091
18.5 0.006843
18.5167 0.006602
18.5333 0.006366
18.55 0.006136
18.5667 0.005912
18.5833 0.005693
18.6 0.00548
18.6167 0.005272
18.6333 0.005069
18.65 0.004872
18.6667 0.00468
18.6833 0.004492
18.7 0.00431
18.7167 0.004133
18.7333 0.00396
18.75 0.003792
18.7667 0.003629
18.7833 0.00347
18.8 0.003315
18.8167 0.003165
18.8333 0.00302
18.85 0.002878
18.8667 0.002741
18.8833 0.002607
18.9 0.002478
18.9167 0.002352
18.9333 0.00223
18.95 0.002112
18.9667 0.001998
18.9833 0.001887
19.0 0.00178
19.0167 0.001677
19.0333 0.001576
19.05 0.00148
19.0667 0.001386
19.0833 0.001296
19.1 0.001209
19.1167 0.001126
19.1333 0.001045
19.15 0.0009685
19.1667 0.0008948
19.1833 0.0008243
19.2 0.0007574
19.2167 0.0006937
19.2333 0.0006338
19.25 0.0005778
19.2667 0.0005147
19.2833 0.0004587
19.3 0.0004112
19.3167 0.0003711
19.3333 0.0003284
19.35 0.0002897
19.3667 0.0002535
19.3833 0.0002243
19.4 0.0001927
19.4167 0.0001654
19.4333 0.0001414
19.45 0.0001203
19.4667 0.0001016
19.4833 8.566e-05
19.5 7.037e-05
19.5167 5.803e-05
19.5333 4.751e-05
19.55 3.842e-05
19.5667 3.062e-05
19.5833 2.439e-05
19.6 1.939e-05
19.6167 1.505e-05
19.6333 1.155e-05
19.65 8.646e-06
19.6667 6.409e-06
19.6833 4.689e-06
19.7 3.332e-06
19.7167 2.248e-06
19.7333 1.472e-06
19.75 9.34e-07
19.7667 5.676e-07
19.7833 3.395e-07
19.8 1.963e-07
19.8167 1.051e-07
19.8333 4.863e-08
19.85 1.752e-08
19.8667 3.666e-09
19.8833 3.311e-10
19.9 1.422e-11
19.9167 1.653e-13
19.9333 5.33e-16
19.95 5.642e-33
19.9667 0.0
19.9833 0.0
20.0 0.0
20.0167 0.0
20.0333 0.0
20.05 0.0
20.0667 0.0
20.0833 0.0
20.1 0.0
20.1167 0.0
20.1333 0.0
20.15 0.0
20.1667 0.0
20.1833 0.0
20.2 0.0
20.2167 0.0
20.2333 0.0
20.25 0.0
20.2667 0.0
20.2833 0.0
20.3 0.0
20.3167 0.0
20.3333 0.0
20.35 0.0
20.3667 0.0
20.3833 0.0
20.4 0.0
20.4167 0.0
20.4333 0.0
20.45 0.0
20.4667 0.0
20.4833 0.0
20.5 0.0
20.5167 0.0
20.5333 0.0
20.55 0.0
20.5667 0.0
20.5833 0.0
20.6 0.0
20.6167 0.0
20.6333 0.0
20.65 0.0
20.6667 0.0
20.6833 0.0
20.7 0.0
20.7167 0.0
20.7333 0.0
20.75 0.0
20.7667 0.0
20.7833 0.0
20.8 0.0
20.8167 0.0
20.8333 0.0
20.85 0.0
20.8667 0.0
20.8833 0.0
20.9 0.0
20.9167 0.0
20.9333 0.0
20.95 0.0
20.9667 0.0
20.9833 0.0
21.0 0.0
21.0167 0.0
21.0333 0.0
21.05 0.0
21.0667 0.0
21.0833 0.0
21.1 0.0
21.1167 0.0
21.1333 0.0
21.15 0.0
21.1667 0.0
21.1833 0.0
21.2 0.0
21.2167 0.0
21.2333 0.0
21.25 0.0
21.2667 0.0
21.2833 0.0
21.3 0.0
21.3167 0.0
21.3333 0.0
21.35 0.0
21.3667 0.0
21.3833 0.0
21.4 0.0
21.4167 0.0
21.4333 0.0
21.45 0.0
21.4667 0.0
21.4833 0.0
21.5 0.0
21.5167 0.0
21.5333 0.0
21.55 0.0
21.5667 0.0
21.5833 0.0
21.6 0.0
21.6167 0.0
21.6333 0.0
21.65 0.0
21.6667 0.0
21.6833 0.0
21.7 0.0
21.7167 0.0
21.7333 0.0
21.75 0.0
21.7667 0.0
21.7833 0.0
21.8 0.0
21.8167 0.0
21.8333 0.0
21.85 0.0
21.8667 0.0
21.8833 0.0
21.9 0.0
21.9167 0.0
21.9333 0.0
21.95 0.0
21.9667 0.0
21.9833 0.0
22.0 0.0
22.0167 0.0
22.0333 0.0
22.05 0.0
22.0667 0.0
22.0833 0.0
22.1 0.0
22.1167 0.0
22.1333 0.0
22.15 0.0
22.1667 0.0
22.1833 0.0
22.2 0.0
22.2167 0.0
22.2333 0.0
22.25 0.0
22.2667 0.0
22.2833 0.0
22.3 0.0
22.3167 0.0
22.3333 0.0
22.35 0.0
22.3667 0.0
22.3833 0.0
22.4 0.0
22.4167 0.0
22.4333 0.0
22.45 0.0
22.4667 0.0
22.4833 0.0
22.5 0.0
22.5167 0.0
22.5333 0.0
22.55 0.0
22.5667 0.0
22.5833 0.0
22.6 0.0
22.6167 0.0
22.6333 0.0
22.65 0.0
22.6667 0.0
22.6833 0.0
22.7 0.0
22.7167 0.0
22.7333 0.0
22.75 0.0
22.7667 0.0
22.7833 0.0
22.8 0.0
22.8167 0.0
22.8333 0.0
22.85 0.0
22.8667 0.0
22.8833 0.0
22.9 0.0
22.9167 0.0
22.9333 0.0
22.95 0.0
22.9667 0.0
22.9833 0.0
23.0 0.0
23.0167 0.0
23.0333 0.0
23.05 0.0
23.0667 0.0
23.0833 0.0
23.1 0.0
23.1167 0.0
23.1333 0.0
23.15 0.0
23.1667 0.0
23.1833 0.0
23.2 0.0
23.2167 0.0
23.2333 0.0
23.25 0.0
23.2667 0.0
23.2833 0.0
23.3 0.0
23.3167 0.0
23.3333 0.0
23.35 0.0
23.3667 0.0
23.3833 0.0
23.4 0.0
23.4167 0.0
23.4333 0.0
23.45 0.0
23.4667 0.0
23.4833 0.0
23.5 0.0
23.5167 0.0
23.5333 0.0
23.55 0.0
23.5667 0.0
23.5833 0.0
23.6 0.0
23.6167 0.0
23.6333 0.0
23.65 0.0
23.6667 0.0
23.6833 0.0
23.7 0.0
23.7167 0.0
23.7333 0.0
23.75 0.0
23.7667 0.0
23.7833 0.0
23.8 0.0
23.8167 0.0
23.8333 0.0
23.85 0.0
23.8667 0.0
23.8833 0.0
23.9 0.0
23.9167 0.0
23.9333 0.0
23.95 0.0
23.9667 0.0
23.9833 0.0
