0.0 0.0
0.0167 0.0
0.0333 0.0
0.05 0.0
0.0667 0.0
0.0833 0.0
0.1 0.0
0.1167 0.0
0.1333 0.0
0.15 0.0
0.1667 0.0
0.1833 0.0
0.2 0.0
0.2167 0.0
0.2333 0.0
0.25 0.0
0.2667 0.0
0.2833 0.0
0.3 0.0
0.3167 0.0
0.3333 0.0
0.35 0.0
0.3667 0.0
0.3833 0.0
0.4 0.0
0.4167 0.0
0.4333 0.0
0.45 0.0
0.4667 0.0
0.4833 0.0
0.5 0.0
0.5167 0.0
0.5333 0.0
0.55 0.0
0.5667 0.0
0.5833 0.0
0.6 0.0
0.6167 0.0
0.6333 0.0
0.65 0.0
0.6667 0.0
0.6833 0.0
0.7 0.0
0.7167 0.0
0.7333 0.0
0.75 0.0
0.7667 0.0
0.7833 0.0
0.8 0.0
0.8167 0.0
0.8333 0.0
0.85 0.0
0.8667 0.0
0.8833 0.0
0.9 0.0
0.9167 0.0
0.9333 0.0
0.95 0.0
0.9667 0.0
0.9833 0.0
1.0 0.0
1.0167 0.0
1.0333 0.0
1.05 0.0
1.0667 0.0
1.0833 0.0
1.1 0.0
1.1167 0.0
1.1333 0.0
1.15 0.0
1.1667 0.0
1.1833 0.0
1.2 0.0
1.2167 0.0
1.2333 0.0
1.25 0.0
1.2667 0.0
1.2833 0.0
1.3 0.0
1.3167 0.0
1.3333 0.0
1.35 0.0
1.3667 0.0
1.3833 0.0
1.4 0.0
1.4167 0.0
1.4333 0.0
1.45 0.0
1.4667 0.0
1.4833 0.0
1.5 0.0
1.5167 0.0
1.5333 0.0
1.55 0.0
1.5667 0.0
1.5833 0.0
1.6 0.0
1.6167 0.0
1.6333 0.0
1.65 0.0
1.6667 0.0
1.6833 0.0
1.7 0.0
1.7167 0.0
1.7333 0.0
1.75 0.0
1.7667 0.0
1.7833 0.0
1.8 0.0
1.8167 0.0
1.8333 0.0
1.85 0.0
1.8667 0.0
1.8833 0.0
1.9 0.0
1.9167 0.0
1.9333 0.0
1.95 0.0
1.9667 0.0
1.9833 0.0
2.0 0.0
2.0167 0.0
2.0333 0.0
2.05 0.0
2.0667 0.0
2.0833 0.0
2.1 0.0
2.1167 0.0
2.1333 0.0
2.15 0.0
2.1667 0.0
2.1833 0.0
2.2 0.0
2.2167 0.0
2.2333 0.0
2.25 0.0
2.2667 0.0
2.2833 0.0
2.3 0.0
2.3167 0.0
2.3333 0.0
2.35 0.0
2.3667 0.0
2.3833 0.0
2.4 0.0
2.4167 0.0
2.4333 0.0
2.45 0.0
2.4667 0.0
2.4833 0.0
2.5 0.0
2.5167 0.0
2.5333 0.0
2.55 0.0
2.5667 0.0
2.5833 0.0
2.6 0.0
2.6167 0.0
2.6333 0.0
2.65 0.0
2.6667 0.0
2.6833 0.0
2.7 0.0
2.7167 0.0
2.7333 0.0
2.75 0.0
2.7667 0.0
2.7833 0.0
2.8 0.0
2.8167 0.0
2.8333 0.0
2.85 0.0
2.8667 0.0
2.8833 0.0
2.9 0.0
2.9167 0.0
2.9333 0.0
2.95 0.0
2.9667 0.0
2.9833 0.0
3.0 0.0
3.0167 0.0
3.0333 0.0
3.05 0.0
3.0667 0.0
3.0833 0.0
3.1 0.0
3.1167 0.0
3.1333 0.0
3.15 0.0
3.1667 0.0
3.1833 0.0
3.2 0.0
3.2167 0.0
3.2333 0.0
3.25 0.0
3.2667 0.0
3.2833 0.0
3.3 0.0
3.3167 0.0
3.3333 0.0
3.35 0.0
3.3667 0.0
3.3833 0.0
3.4 0.0
3.4167 0.0
3.4333 0.0
3.45 0.0
3.4667 0.0
3.4833 0.0
3.5 0.0
3.5167 0.0
3.5333 0.0
3.55 0.0
3.5667 0.0
3.5833 0.0
3.6 0.0
3.6167 0.0
3.6333 0.0
3.65 0.0
3.6667 0.0
3.6833 0.0
3.7 0.0
3.7167 0.0
3.7333 0.0
3.75 0.0
3.7667 0.0
3.7833 0.0
3.8 0.0
3.8167 0.0
3.8333 0.0
3.85 0.0
3.8667 0.0
3.8833 0.0
3.9 0.0
3.9167 0.0
3.9333 0.0
3.95 0.0
3.9667 0.0
3.9833 0.0
4.0 0.0
4.0167 0.0
4.0333 0.0
4.05 0.0
4.0667 0.0
4.0833 0.0
4.1 0.0
4.1167 0.0
4.1333 0.0
4.15 0.0
4.1667 0.0
4.1833 0.0
4.2 0.0
4.2167 0.0
4.2333 0.0
4.25 0.0
4.2667 0.0
4.2833 0.0
4.3 0.0
4.3167 0.0
4.3333 0.0
4.35 0.0
4.3667 0.0
4.3833 0.0
4.4 0.0
4.4167 0.0
4.4333 0.0
4.45 0.0
4.4667 0.0
4.4833 0.0
4.5 0.0
4.5167 0.0
4.5333 0.0
4.55 0.0
4.5667 0.0
4.5833 0.0
4.6 0.0
4.6167 0.0
4.6333 0.0
4.65 0.0
4.6667 0.0
4.6833 0.0
4.7 0.0
4.7167 0.0
4.7333 0.0
4.75 0.0
4.7667 0.0
4.7833 0.0
4.8 0.0
4.8167 0.0
4.8333 0.0
4.85 0.0
4.8667 0.0
4.8833 0.0
4.9 0.0
4.9167 0.0
4.9333 0.0
4.95 0.0
4.9667 0.0
4.9833 0.0
5.0 0.0
5.0167 0.0
5.0333 0.0
5.05 0.0
5.0667 0.0
5.0833 0.0
5.1 0.0
5.1167 0.0
5.1333 0.0
5.15 0.0
5.1667 0.0
5.1833 0.0
5.2 0.0
5.2167 0.0
5.2333 0.0
5.25 0.0
5.2667 0.0
5.2833 0.0
5.3 0.0
5.3167 0.0
5.3333 0.0
5.35 0.0
5.3667 0.0
5.3833 0.0
5.4 0.0
5.4167 0.0
5.4333 0.0
5.45 0.0
5.4667 0.0
5.4833 0.0
5.5 0.0
5.5167 0.0
5.5333 0.0
5.55 0.0
5.5667 0.0
5.5833 0.0
5.6 0.0
5.6167 0.0
5.6333 0.0
5.65 0.0
5.6667 0.0
5.6833 0.0
5.7 0.0
5.7167 0.0
5.7333 0.0
5.75 0.0
5.7667 0.0
5.7833 0.0
5.8 0.0
5.8167 0.0
5.8333 0.0
5.85 0.0
5.8667 0.0
5.8833 0.0
5.9 0.0
5.9167 0.0
5.9333 0.0
5.95 0.0
5.9667 0.0
5.9833 0.0
6.0 0.0
6.0167 0.0
6.0333 0.0
6.05 0.0
6.0667 0.0
6.0833 0.0
6.1 0.0
6.1167 0.0
6.1333 0.0
6.15 0.0
6.1667 0.0
6.1833 0.0
6.2 0.0
6.2167 0.0
6.2333 0.0
6.25 0.0
6.2667 0.0
6.2833 0.0
6.3 0.0
6.3167 0.0
6.3333 0.0
6.35 0.0
6.3667 0.0
6.3833 0.0
6.4 0.0
6.4167 0.0
6.4333 0.0
6.45 0.0
6.4667 0.0
6.4833 0.0
6.5 0.0
6.5167 0.0
6.5333 0.0
6.55 0.0
6.5667 0.0
6.5833 0.0
6.6 0.0
6.6167 4.339e-19
6.6333 4.165e-15
6.65 1.153e-12
6.6667 6.905e-11
6.6833 1.238e-09
6.7 1.049e-08
6.7167 3.778e-08
6.7333 9.21e-08
6.75 1.878e-07
6.7667 3.475e-07
6.7833 6.067e-07
6.8 1.023e-06
6.8167 1.683e-06
6.8333 2.675e-06
6.85 4.058e-06
6.8667 5.793e-06
6.8833 8.079e-06
6.9 1.107e-05
6.9167 1.468e-05
6.9333 1.924e-05
6.95 2.494e-05
6.9667 3.199e-05
6.9833 4.071e-05
7.0 5.064e-05
7.0167 6.259e-05
7.0333 7.796e-05
7.05 9.348e-05
7.0667 0.0001122
7.0833 0.0001352
7.1 0.0001614
7.1167 0.0001897
7.1333 0.0002223
7.15 0.0002527
7.1667 0.0002904
7.1833 0.0003362
7.2 0.0003765
7.2167 0.0004323
7.2333 0.0004783
7.25 0.0005327
7.2667 0.0005971
7.2833 0.0006729
7.3 0.0007415
7.3167 0.0008125
7.3333 0.000888
7.35 0.0009677
7.3667 0.001051
7.3833 0.001139
7.4 0.001231
7.4167 0.001326
7.4333 0.001425
7.45 0.001529
7.4667 0.001636
7.4833 0.001747
7.5 0.001862
7.5167 0.001981
7.5333 0.002104
7.55 0.002231
7.5667 0.002363
7.5833 0.002498
7.6 0.002638
7.6167 0.002783
7.6333 0.002932
7.65 0.003085
7.6667 0.003243
7.6833 0.003405
7.7 0.003573
7.7167 0.003745
7.7333 0.003922
7.75 0.004103
7.7667 0.00429
7.7833 0.004483
7.8 0.00468
7.8167 0.004883
7.8333 0.005091
7.85 0.005304
7.8667 0.005523
7.8833 0.005748
7.9 0.005978
7.9167 0.006214
7.9333 0.006456
7.95 0.006704
7.9667 0.006958
7.9833 0.007218
8.0 0.007484
8.0167 0.007757
8.0333 0.008035
8.05 0.00832
8.0667 0.008612
8.0833 0.00891
8.1 0.009215
8.1167 0.009526
8.1333 0.009844
8.15 0.01017
8.1667 0.0105
8.1833 0.01084
8.2 0.01119
8.2167 0.01154
8.2333 0.0119
8.25 0.01227
8.2667 0.01264
8.2833 0.01302
8.3 0.01341
8.3167 0.01381
8.3333 0.01421
8.35 0.01462
8.3667 0.01504
8.3833 0.01547
8.4 0.0159
8.4167 0.01634
8.4333 0.01679
8.45 0.01725
8.4667 0.01771
8.4833 0.01818
8.5 0.01866
8.5167 0.01915
8.5333 0.01965
8.55 0.02015
8.5667 0.02066
8.5833 0.02118
8.6 0.02171
8.6167 0.02225
8.6333 0.02279
8.65 0.02334
8.6667 0.0239
8.6833 0.02447
8.7 0.02505
8.7167 0.02563
8.7333 0.02622
8.75 0.02682
8.7667 0.02743
8.7833 0.02805
8.8 0.02867
8.8167 0.0293
8.8333 0.02994
8.85 0.03059
8.8667 0.03125
8.8833 0.03191
8.9 0.03258
8.9167 0.03326
8.9333 0.03395
8.95 0.03465
8.9667 0.03535
8.9833 0.03606
9.0 0.03678
9.0167 0.03751
9.0333 0.03824
9.05 0.03898
9.0667 0.03973
9.0833 0.04049
9.1 0.04126
9.1167 0.04203
9.1333 0.04281
9.15 0.0436
9.1667 0.04439
9.1833 0.0452
9.2 0.04601
9.2167 0.04682
9.2333 0.04765
9.25 0.04848
9.2667 0.04932
9.2833 0.05017
9.3 0.05102
9.3167 0.05188
9.3333 0.05274
9.35 0.05362
9.3667 0.0545
9.3833 0.05538
9.4 0.05628
9.4167 0.05718
9.4333 0.05808
9.45 0.059
9.4667 0.05991
9.4833 0.06084
9.5 0.06177
9.5167 0.06271
9.5333 0.06365
9.55 0.0646
9.5667 0.06555
9.5833 0.06651
9.6 0.06748
9.6167 0.06845
9.6333 0.06943
9.65 0.07041
9.6667 0.0714
9.6833 0.07239
9.7 0.07339
9.7167 0.07439
9.7333 0.0754
9.75 0.07641
9.7667 0.07743
9.7833 0.07845
9.8 0.07947
9.8167 0.0805
9.8333 0.08154
9.85 0.08257
9.8667 0.08362
9.8833 0.08466
9.9 0.08571
9.9167 0.08676
9.9333 0.08782
9.95 0.08888
9.9667 0.08994
9.9833 0.09101
10.0 0.09208
10.0167 0.09315
10.0333 0.09423
10.05 0.09531
10.0667 0.09639
10.0833 0.09747
10.1 0.09856
10.1167 0.09965
10.1333 0.1007
10.15 0.1018
10.1667 0.1029
10.1833 0.104
10.2 0.1051
10.2167 0.1062
10.2333 0.1073
10.25 0.1084
10.2667 0.1095
10.2833 0.1106
10.3 0.1117
10.3167 0.1128
10.3333 0.1139
10.35 0.115
10.3667 0.1161
10.3833 0.1173
10.4 0.1183
10.4167 0.1195
10.4333 0.1206
10.45 0.1217
10.4667 0.1228
10.4833 0.1239
10.5 0.125
10.5167 0.1261
10.5333 0.1272
10.55 0.1283
10.5667 0.1294
10.5833 0.1305
10.6 0.1316
10.6167 0.1327
10.6333 0.1338
10.65 0.1349
10.6667 0.136
10.6833 0.1371
10.7 0.1382
10.7167 0.1392
10.7333 0.1403
10.75 0.1414
10.7667 0.1424
10.7833 0.1435
10.8 0.1446
10.8167 0.1457
10.8333 0.1468
10.85 0.1478
10.8667 0.1489
10.8833 0.1499
10.9 0.151
10.9167 0.152
10.9333 0.1531
10.95 0.1541
10.9667 0.1551
10.9833 0.1561
11.0 0.1572
11.0167 0.1581
11.0333 0.1592
11.05 0.1602
11.0667 0.1612
11.0833 0.1622
11.1 0.1632
11.1167 0.1642
11.1333 0.1652
11.15 0.1662
11.1667 0.1671
11.1833 0.1681
11.2 0.169
11.2167 0.17
11.2333 0.1709
11.25 0.1718
11.2667 0.1727
11.2833 0.1737
11.3 0.1747
11.3167 0.1756
11.3333 0.1765
11.35 0.1774
11.3667 0.1783
11.3833 0.1791
11.4 0.18
11.4167 0.1808
11.4333 0.1818
11.45 0.1826
11.4667 0.1835
11.4833 0.1843
11.5 0.1851
11.5167 0.186
11.5333 0.1868
11.55 0.1876
11.5667 0.1884
11.5833 0.1891
11.6 0.1898
11.6167 0.1907
11.6333 0.1915
11.65 0.1922
11.6667 0.1929
11.6833 0.1937
11.7 0.1944
11.7167 0.1951
11.7333 0.1958
11.75 0.1965
11.7667 0.1972
11.7833 0.1979
11.8 0.1985
11.8167 0.1992
11.8333 0.1999
11.85 0.2005
11.8667 0.2011
11.8833 0.2017
11.9 0.2024
11.9167 0.203
11.9333 0.2035
11.95 0.2041
11.9667 0.2047
11.9833 0.2052
12.0 0.2058
12.0167 0.2063
12.0333 0.2068
12.05 0.2073
12.0667 0.2078
12.0833 0.2083
12.1 0.2088
12.1167 0.2093
12.1333 0.2097
12.15 0.2102
12.1667 0.2106
12.1833 0.211
12.2 0.2114
12.2167 0.2118
12.2333 0.2122
12.25 0.2126
12.2667 0.213
12.2833 0.2133
12.3 0.2137
12.3167 0.214
12.3333 0.2143
12.35 0.2146
12.3667 0.2149
12.3833 0.2151
12.4 0.2154
12.4167 0.2157
12.4333 0.2159
12.45 0.2162
12.4667 0.2164
12.4833 0.2166
12.5 0.2168
12.5167 0.217
12.5333 0.2172
12.55 0.2173
12.5667 0.2175
12.5833 0.2176
12.6 0.2177
12.6167 0.2179
12.6333 0.218
12.65 0.218
12.6667 0.2181
12.6833 0.2182
12.7 0.2182
12.7167 0.2183
12.7333 0.2183
12.75 0.2183
12.7667 0.2183
12.7833 0.2183
12.8 0.2183
12.8167 0.2182
12.8333 0.2182
12.85 0.2181
12.8667 0.218
12.8833 0.218
12.9 0.2179
12.9167 0.2178
12.9333 0.2176
12.95 0.2175
12.9667 0.2173
12.9833 0.2172
13.0 0.217
13.0167 0.2168
13.0333 0.2166
13.05 0.2164
13.0667 0.2162
13.0833 0.2159
13.1 0.2157
13.1167 0.2154
13.1333 0.2151
13.15 0.2149
13.1667 0.2146
13.1833 0.2143
13.2 0.214
13.2167 0.2137
13.2333 0.2133
13.25 0.213
13.2667 0.2126
13.2833 0.2123
13.3 0.2119
13.3167 0.2114
13.3333 0.2111
13.35 0.2106
13.3667 0.2102
13.3833 0.2098
13.4 0.2093
13.4167 0.2088
13.4333 0.2084
13.45 0.2079
13.4667 0.2074
13.4833 0.2069
13.5 0.2063
13.5167 0.2058
13.5333 0.2053
13.55 0.2047
13.5667 0.2042
13.5833 0.2036
13.6 0.203
13.6167 0.2024
13.6333 0.2017
13.65 0.2012
13.6667 0.2005
13.6833 0.1999
13.7 0.1993
13.7167 0.1985
13.7333 0.1979
13.75 0.1973
13.7667 0.1966
13.7833 0.1959
13.8 0.1952
13.8167 0.1945
13.8333 0.1937
13.85 0.193
13.8667 0.1923
13.8833 0.1915
13.9 0.1907
13.9167 0.1899
13.9333 0.1892
13.95 0.1884
13.9667 0.1876
13.9833 0.1868
14.0 0.186
14.0167 0.1852
14.0333 0.1844
14.05 0.1835
14.0667 0.1827
14.0833 0.1818
14.1 0.1809
14.1167 0.1801
14.1333 0.1792
14.15 0.1783
14.1667 0.1774
14.1833 0.1765
14.2 0.1756
14.2167 0.1747
14.2333 0.1738
14.25 0.1727
14.2667 0.1718
14.2833 0.171
14.3 0.1701
14.3167 0.1691
14.3333 0.1682
14.35 0.1672
14.3667 0.1662
14.3833 0.1652
14.4 0.1643
14.4167 0.1633
14.4333 0.1623
14.45 0.1613
14.4667 0.1603
14.4833 0.1593
14.5 0.1582
14.5167 0.1572
14.5333 0.1562
14.55 0.1552
14.5667 0.1542
14.5833 0.1531
14.6 0.1521
14.6167 0.151
14.6333 0.15
14.65 0.1489
14.6667 0.1479
14.6833 0.1468
14.7 0.1458
14.7167 0.1447
14.7333 0.1436
14.75 0.1425
14.7667 0.1415
14.7833 0.1403
14.8 0.1393
14.8167 0.1382
14.8333 0.1371
14.85 0.136
14.8667 0.135
14.8833 0.1339
14.9 0.1328
14.9167 0.1317
14.9333 0.1306
14.95 0.1295
14.9667 0.1284
14.9833 0.1273
15.0 0.1262
15.0167 0.1251
15.0333 0.124
15.05 0.1229
15.0667 0.1217
15.0833 0.1206
15.1 0.1195
15.1167 0.1184
15.1333 0.1173
15.15 0.1162
15.1667 0.1151
15.1833 0.114
15.2 0.1129
15.2167 0.1118
15.2333 0.1107
15.25 0.1096
15.2667 0.1085
15.2833 0.1074
15.3 0.1063
15.3167 0.1052
15.3333 0.1041
15.35 0.103
15.3667 0.1019
15.3833 0.1008
15.4 0.09971
15.4167 0.09862
15.4333 0.09754
15.45 0.09645
15.4667 0.09537
15.4833 0.09429
15.5 0.09322
15.5167 0.09215
15.5333 0.09108
15.55 0.09001
15.5667 0.08894
15.5833 0.08788
15.6 0.08682
15.6167 0.08577
15.6333 0.08472
15.65 0.08368
15.6667 0.08263
15.6833 0.08159
15.7 0.08056
15.7167 0.07953
15.7333 0.07851
15.75 0.07748
15.7667 0.07647
15.7833 0.07545
15.8 0.07445
15.8167 0.07345
15.8333 0.07245
15.85 0.07145
15.8667 0.07047
15.8833 0.06948
15.9 0.06851
15.9167 0.06754
15.9333 0.06657
15.95 0.06561
15.9667 0.06465
15.9833 0.0637
16.0 0.06276
16.0167 0.06182
16.0333 0.06089
16.05 0.05996
16.0667 0.05904
16.0833 0.05813
16.1 0.05723
16.1167 0.05633
16.1333 0.05543
16.15 0.05454
16.1667 0.05366
16.1833 0.05279
16.2 0.05192
16.2167 0.05106
16.2333 0.05021
16.25 0.04936
16.2667 0.04853
16.2833 0.04769
16.3 0.04687
16.3167 0.04605
16.3333 0.04524
16.35 0.04444
16.3667 0.04364
16.3833 0.04285
16.4 0.04207
16.4167 0.0413
16.4333 0.04053
16.45 0.03977
16.4667 0.03902
16.4833 0.03828
16.5 0.03754
16.5167 0.03682
16.5333 0.0361
16.55 0.03539
16.5667 0.03468
16.5833 0.03399
16.6 0.0333
16.6167 0.03262
16.6333 0.03194
16.65 0.03128
16.6667 0.03062
16.6833 0.02997
16.7 0.02933
16.7167 0.0287
16.7333 0.02808
16.75 0.02746
16.7667 0.02685
16.7833 0.02625
16.8 0.02566
16.8167 0.02507
16.8333 0.0245
16.85 0.02393
16.8667 0.02337
16.8833 0.02282
16.9 0.02227
16.9167 0.02174
16.9333 0.02121
16.95 0.02069
16.9667 0.02018
16.9833 0.01967
17.0 0.01918
17.0167 0.01869
17.0333 0.01821
17.05 0.01773
17.0667 0.01727
17.0833 0.01681
17.1 0.01636
17.1167 0.01592
17.1333 0.01549
17.15 0.01506
17.1667 0.01464
17.1833 0.01423
17.2 0.01382
17.2167 0.01343
17.2333 0.01304
17.25 0.01266
17.2667 0.01228
17.2833 0.01191
17.3 0.01155
17.3167 0.0112
17.3333 0.01086
17.35 0.01052
17.3667 0.01018
17.3833 0.009858
17.4 0.00954
17.4167 0.009228
17.4333 0.008923
17.45 0.008624
17.4667 0.008332
17.4833 0.008047
17.5 0.007768
17.5167 0.007496
17.5333 0.007229
17.55 0.006968
17.5667 0.006714
17.5833 0.006466
17.6 0.006224
17.6167 0.005988
17.6333 0.005757
17.65 0.005532
17.6667 0.005312
17.6833 0.005099
17.7 0.004891
17.7167 0.004688
17.7333 0.00449
17.75 0.004298
17.7667 0.004111
17.7833 0.003929
17.8 0.003751
17.8167 0.003579
17.8333 0.003411
17.85 0.003249
17.8667 0.003091
17.8833 0.002937
17.9 0.002788
17.9167 0.002644
17.9333 0.002503
17.95 0.002368
17.9667 0.002236
17.9833 0.002109
18.0 0.001985
18.0167 0.001866
18.0333 0.001751
18.05 0.00164
18.0667 0.001532
18.0833 0.001429
18.1 0.001329
18.1167 0.001234
18.1333 0.001142
18.15 0.001054
18.1667 0.0009705
18.1833 0.0008907
18.2 0.000815
18.2167 0.0007438
18.2333 0.0006756
18.25 0.0005995
18.2667 0.0005347
18.2833 0.0004799
18.3 0.0004337
18.3167 0.0003781
18.3333 0.0003373
18.35 0.0002916
18.3667 0.0002541
18.3833 0.000223
18.4 0.0001904
18.4167 0.000162
18.4333 0.000137
18.45 0.0001129
18.4667 9.393e-05
18.4833 7.831e-05
18.5 6.293e-05
18.5167 5.12e-05
18.5333 4.092e-05
18.55 3.218e-05
18.5667 2.51e-05
18.5833 1.937e-05
18.6 1.477e-05
18.6167 1.114e-05
18.6333 8.197e-06
18.65 5.842e-06
18.6667 4.12e-06
18.6833 2.7e-06
18.7 1.704e-06
18.7167 1.046e-06
18.7333 6.198e-07
18.75 3.552e-07
18.7667 1.925e-07
18.7833 9.394e-08
18.8 3.866e-08
18.8167 1.125e-08
18.8333 1.31e-09
18.85 7.784e-11
18.8667 1.265e-12
18.8833 4.746e-15
18.9 5.829e-19
18.9167 0.0
18.9333 0.0
18.95 0.0
18.9667 0.0
18.9833 0.0
19.0 0.0
19.0167 0.0
19.0333 0.0
19.05 0.0
19.0667 0.0
19.0833 0.0
19.1 0.0
19.1167 0.0
19.1333 0.0
19.15 0.0
19.1667 0.0
19.1833 0.0
19.2 0.0
19.2167 0.0
19.2333 0.0
19.25 0.0
19.2667 0.0
19.2833 0.0
19.3 0.0
19.3167 0.0
19.3333 0.0
19.35 0.0
19.3667 0.0
19.3833 0.0
19.4 0.0
19.4167 0.0
19.4333 0.0
19.45 0.0
19.4667 0.0
19.4833 0.0
19.5 0.0
19.5167 0.0
19.5333 0.0
19.55 0.0
19.5667 0.0
19.5833 0.0
19.6 0.0
19.6167 0.0
19.6333 0.0
19.65 0.0
19.6667 0.0
19.6833 0.0
19.7 0.0
19.7167 0.0
19.7333 0.0
19.75 0.0
19.7667 0.0
19.7833 0.0
19.8 0.0
19.8167 0.0
19.8333 0.0
19.85 0.0
19.8667 0.0
19.8833 0.0
19.9 0.0
19.9167 0.0
19.9333 0.0
19.95 0.0
19.9667 0.0
19.9833 0.0
20.0 0.0
20.0167 0.0
20.0333 0.0
20.05 0.0
20.0667 0.0
20.0833 0.0
20.1 0.0
20.1167 0.0
20.1333 0.0
20.15 0.0
20.1667 0.0
20.1833 0.0
20.2 0.0
20.2167 0.0
20.2333 0.0
20.25 0.0
20.2667 0.0
20.2833 0.0
20.3 0.0
20.3167 0.0
20.3333 0.0
20.35 0.0
20.3667 0.0
20.3833 0.0
20.4 0.0
20.4167 0.0
20.4333 0.0
20.45 0.0
20.4667 0.0
20.4833 0.0
20.5 0.0
20.5167 0.0
20.5333 0.0
20.55 0.0
20.5667 0.0
20.5833 0.0
20.6 0.0
20.6167 0.0
20.6333 0.0
20.65 0.0
20.6667 0.0
20.6833 0.0
20.7 0.0
20.7167 0.0
20.7333 0.0
20.75 0.0
20.7667 0.0
20.7833 0.0
20.8 0.0
20.8167 0.0
20.8333 0.0
20.85 0.0
20.8667 0.0
20.8833 0.0
20.9 0.0
20.9167 0.0
20.9333 0.0
20.95 0.0
20.9667 0.0
20.9833 0.0
21.0 0.0
21.0167 0.0
21.0333 0.0
21.05 0.0
21.0667 0.0
21.0833 0.0
21.1 0.0
21.1167 0.0
21.1333 0.0
21.15 0.0
21.1667 0.0
21.1833 0.0
21.2 0.0
21.2167 0.0
21.2333 0.0
21.25 0.0
21.2667 0.0
21.2833 0.0
21.3 0.0
21.3167 0.0
21.3333 0.0
21.35 0.0
21.3667 0.0
21.3833 0.0
21.4 0.0
21.4167 0.0
21.4333 0.0
21.45 0.0
21.4667 0.0
21.4833 0.0
21.5 0.0
21.5167 0.0
21.5333 0.0
21.55 0.0
21.5667 0.0
21.5833 0.0
21.6 0.0
21.6167 0.0
21.6333 0.0
21.65 0.0
21.6667 0.0
21.6833 0.0
21.7 0.0
21.7167 0.0
21.7333 0.0
21.75 0.0
21.7667 0.0
21.7833 0.0
21.8 0.0
21.8167 0.0
21.8333 0.0
21.85 0.0
21.8667 0.0
21.8833 0.0
21.9 0.0
21.9167 0.0
21.9333 0.0
21.95 0.0
21.9667 0.0
21.9833 0.0
22.0 0.0
22.0167 0.0
22.0333 0.0
22.05 0.0
22.0667 0.0
22.0833 0.0
22.1 0.0
22.1167 0.0
22.1333 0.0
22.15 0.0
22.1667 0.0
22.1833 0.0
22.2 0.0
22.2167 0.0
22.2333 0.0
22.25 0.0
22.2667 0.0
22.2833 0.0
22.3 0.0
22.3167 0.0
22.3333 0.0
22.35 0.0
22.3667 0.0
22.3833 0.0
22.4 0.0
22.4167 0.0
22.4333 0.0
22.45 0.0
22.4667 0.0
22.4833 0.0
22.5 0.0
22.5167 0.0
22.5333 0.0
22.55 0.0
22.5667 0.0
22.5833 0.0
22.6 0.0
22.6167 0.0
22.6333 0.0
22.65 0.0
22.6667 0.0
22.6833 0.0
22.7 0.0
22.7167 0.0
22.7333 0.0
22.75 0.0
22.7667 0.0
22.7833 0.0
22.8 0.0
22.8167 0.0
22.8333 0.0
22.85 0.0
22.8667 0.0
22.8833 0.0
22.9 0.0
22.9167 0.0
22.9333 0.0
22.95 0.0
22.9667 0.0
22.9833 0.0
23.0 0.0
23.0167 0.0
23.0333 0.0
23.05 0.0
23.0667 0.0
23.0833 0.0
23.1 0.0
23.1167 0.0
23.1333 0.0
23.15 0.0
23.1667 0.0
23.1833 0.0
23.2 0.0
23.2167 0.0
23.2333 0.0
23.25 0.0
23.2667 0.0
23.2833 0.0
23.3 0.0
23.3167 0.0
23.3333 0.0
23.35 0.0
23.3667 0.0
23.3833 0.0
23.4 0.0
23.4167 0.0
23.4333 0.0
23.45 0.0
23.4667 0.0
23.4833 0.0
23.5 0.0
23.5167 0.0
23.5333 0.0
23.55 0.0
23.5667 0.0
23.5833 0.0
23.6 0.0
23.6167 0.0
23.6333 0.0
23.65 0.0
23.6667 0.0
23.6833 0.0
23.7 0.0
23.7167 0.0
23.7333 0.0
23.75 0.0
23.7667 0.0
23.7833 0.0
23.8 0.0
23.8167 0.0
23.8333 0.0
23.85 0.0
23.8667 0.0
23.8833 0.0
23.9 0.0
23.9167 0.0
23.9333 0.0
23.95 0.0
23.9667 0.0
23.9833 0.0
