0.0 0.0
0.0167 0.0
0.0333 0.0
0.05 0.0
0.0667 0.0
0.0833 0.0
0.1 0.0
0.1167 0.0
0.1333 0.0
0.15 0.0
0.1667 0.0
0.1833 0.0
0.2 0.0
0.2167 0.0
0.2333 0.0
0.25 0.0
0.2667 0.0
0.2833 0.0
0.3 0.0
0.3167 0.0
0.3333 0.0
0.35 0.0
0.3667 0.0
0.3833 0.0
0.4 0.0
0.4167 0.0
0.4333 0.0
0.45 0.0
0.4667 0.0
0.4833 0.0
0.5 0.0
0.5167 0.0
0.5333 0.0
0.55 0.0
0.5667 0.0
0.5833 0.0
0.6 0.0
0.6167 0.0
0.6333 0.0
0.65 0.0
0.6667 0.0
0.6833 0.0
0.7 0.0
0.7167 0.0
0.7333 0.0
0.75 0.0
0.7667 0.0
0.7833 0.0
0.8 0.0
0.8167 0.0
0.8333 0.0
0.85 0.0
0.8667 0.0
0.8833 0.0
0.9 0.0
0.9167 0.0
0.9333 0.0
0.95 0.0
0.9667 0.0
0.9833 0.0
1.0 0.0
1.0167 0.0
1.0333 0.0
1.05 0.0
1.0667 0.0
1.0833 0.0
1.1 0.0
1.1167 0.0
1.1333 0.0
1.15 0.0
1.1667 0.0
1.1833 0.0
1.2 0.0
1.2167 0.0
1.2333 0.0
1.25 0.0
1.2667 0.0
1.2833 0.0
1.3 0.0
1.3167 0.0
1.3333 0.0
1.35 0.0
1.3667 0.0
1.3833 0.0
1.4 0.0
1.4167 0.0
1.4333 0.0
1.45 0.0
1.4667 0.0
1.4833 0.0
1.5 0.0
1.5167 0.0
1.5333 0.0
1.55 0.0
1.5667 0.0
1.5833 0.0
1.6 0.0
1.6167 0.0
1.6333 0.0
1.65 0.0
1.6667 0.0
1.6833 0.0
1.7 0.0
1.7167 0.0
1.7333 0.0
1.75 0.0
1.7667 0.0
1.7833 0.0
1.8 0.0
1.8167 0.0
1.8333 0.0
1.85 0.0
1.8667 0.0
1.8833 0.0
1.9 0.0
1.9167 0.0
1.9333 0.0
1.95 0.0
1.9667 0.0
1.9833 0.0
2.0 0.0
2.0167 0.0
2.0333 0.0
2.05 0.0
2.0667 0.0
2.0833 0.0
2.1 0.0
2.1167 0.0
2.1333 0.0
2.15 0.0
2.1667 0.0
2.1833 0.0
2.2 0.0
2.2167 0.0
2.2333 0.0
2.25 0.0
2.2667 0.0
2.2833 0.0
2.3 0.0
2.3167 0.0
2.3333 0.0
2.35 0.0
2.3667 0.0
2.3833 0.0
2.4 0.0
2.4167 0.0
2.4333 0.0
2.45 0.0
2.4667 0.0
2.4833 0.0
2.5 0.0
2.5167 0.0
2.5333 0.0
2.55 0.0
2.5667 0.0
2.5833 0.0
2.6 0.0
2.6167 0.0
2.6333 0.0
2.65 0.0
2.6667 0.0
2.6833 0.0
2.7 0.0
2.7167 0.0
2.7333 0.0
2.75 0.0
2.7667 0.0
2.7833 0.0
2.8 0.0
2.8167 0.0
2.8333 0.0
2.85 0.0
2.8667 0.0
2.8833 0.0
2.9 0.0
2.9167 0.0
2.9333 0.0
2.95 0.0
2.9667 0.0
2.9833 0.0
3.0 0.0
3.0167 0.0
3.0333 0.0
3.05 0.0
3.0667 0.0
3.0833 0.0
3.1 0.0
3.1167 0.0
3.1333 0.0
3.15 0.0
3.1667 0.0
3.1833 0.0
3.2 0.0
3.2167 0.0
3.2333 0.0
3.25 0.0
3.2667 0.0
3.2833 0.0
3.3 0.0
3.3167 0.0
3.3333 0.0
3.35 0.0
3.3667 0.0
3.3833 0.0
3.4 0.0
3.4167 0.0
3.4333 0.0
3.45 0.0
3.4667 0.0
3.4833 0.0
3.5 0.0
3.5167 0.0
3.5333 0.0
3.55 0.0
3.5667 0.0
3.5833 0.0
3.6 0.0
3.6167 0.0
3.6333 0.0
3.65 0.0
3.6667 0.0
3.6833 0.0
3.7 0.0
3.7167 0.0
3.7333 0.0
3.75 0.0
3.7667 0.0
3.7833 0.0
3.8 0.0
3.8167 0.0
3.8333 0.0
3.85 0.0
3.8667 0.0
3.8833 0.0
3.9 0.0
3.9167 0.0
3.9333 0.0
3.95 0.0
3.9667 0.0
3.9833 0.0
4.0 0.0
4.0167 0.0
4.0333 0.0
4.05 0.0
4.0667 0.0
4.0833 0.0
4.1 0.0
4.1167 0.0
4.1333 0.0
4.15 0.0
4.1667 0.0
4.1833 0.0
4.2 0.0
4.2167 0.0
4.2333 0.0
4.25 0.0
4.2667 0.0
4.2833 0.0
4.3 0.0
4.3167 0.0
4.3333 0.0
4.35 0.0
4.3667 0.0
4.3833 0.0
4.4 0.0
4.4167 0.0
4.4333 0.0
4.45 0.0
4.4667 0.0
4.4833 0.0
4.5 0.0
4.5167 0.0
4.5333 0.0
4.55 0.0
4.5667 0.0
4.5833 0.0
4.6 0.0
4.6167 0.0
4.6333 0.0
4.65 0.0
4.6667 0.0
4.6833 0.0
4.7 0.0
4.7167 0.0
4.7333 0.0
4.75 0.0
4.7667 0.0
4.7833 0.0
4.8 0.0
4.8167 0.0
4.8333 0.0
4.85 0.0
4.8667 0.0
4.8833 0.0
4.9 0.0
4.9167 0.0
4.9333 0.0
4.95 0.0
4.9667 0.0
4.9833 0.0
5.0 0.0
5.0167 0.0
5.0333 0.0
5.05 0.0
5.0667 0.0
5.0833 0.0
5.1 0.0
5.1167 0.0
5.1333 0.0
5.15 0.0
5.1667 0.0
5.1833 0.0
5.2 0.0
5.2167 0.0
5.2333 0.0
5.25 0.0
5.2667 0.0
5.2833 0.0
5.3 0.0
5.3167 0.0
5.3333 0.0
5.35 0.0
5.3667 0.0
5.3833 0.0
5.4 0.0
5.4167 0.0
5.4333 0.0
5.45 0.0
5.4667 0.0
5.4833 0.0
5.5 0.0
5.5167 0.0
5.5333 0.0
5.55 0.0
5.5667 0.0
5.5833 0.0
5.6 0.0
5.6167 0.0
5.6333 0.0
5.65 0.0
5.6667 0.0
5.6833 0.0
5.7 0.0
5.7167 0.0
5.7333 0.0
5.75 0.0
5.7667 0.0
5.7833 0.0
5.8 0.0
5.8167 0.0
5.8333 0.0
5.85 0.0
5.8667 0.0
5.8833 0.0
5.9 0.0
5.9167 0.0
5.9333 0.0
5.95 0.0
5.9667 0.0
5.9833 0.0
6.0 0.0
6.0167 0.0
6.0333 0.0
6.05 0.0
6.0667 0.0
6.0833 0.0
6.1 0.0
6.1167 0.0
6.1333 0.0
6.15 0.0
6.1667 0.0
6.1833 0.0
6.2 0.0
6.2167 0.0
6.2333 0.0
6.25 0.0
6.2667 0.0
6.2833 0.0
6.3 0.0
6.3167 0.0
6.3333 0.0
6.35 0.0
6.3667 0.0
6.3833 0.0
6.4 0.0
6.4167 0.0
6.4333 0.0
6.45 0.0
6.4667 0.0
6.4833 0.0
6.5 0.0
6.5167 0.0
6.5333 0.0
6.55 0.0
6.5667 1.06e-33
6.5833 3.27e-16
6.6 1.541e-13
6.6167 1.644e-11
6.6333 4.643e-10
6.65 4.806e-09
6.6667 2.361e-08
6.6833 6.524e-08
6.7 1.394e-07
6.7167 2.618e-07
6.7333 4.614e-07
6.75 7.905e-07
6.7667 1.326e-06
6.7833 2.15e-06
6.8 3.243e-06
6.8167 4.808e-06
6.8333 6.709e-06
6.85 9.284e-06
6.8667 1.248e-05
6.8833 1.641e-05
6.9 2.134e-05
6.9167 2.748e-05
6.9333 3.51e-05
6.95 4.371e-05
6.9667 5.426e-05
6.9833 6.768e-05
7.0 8.147e-05
7.0167 9.875e-05
7.0333 0.0001194
7.05 0.0001411
7.0667 0.0001661
7.0833 0.0001946
7.1 0.0002271
7.1167 0.0002648
7.1333 0.0002977
7.15 0.0003417
7.1667 0.0003852
7.1833 0.0004377
7.2 0.0004845
7.2167 0.0005397
7.2333 0.0006048
7.25 0.0006803
7.2667 0.0007458
7.2833 0.0008159
7.3 0.0008904
7.3167 0.000969
7.3333 0.001051
7.35 0.001137
7.3667 0.001227
7.3833 0.001321
7.4 0.001418
7.4167 0.001519
7.4333 0.001624
7.45 0.001733
7.4667 0.001845
7.4833 0.001962
7.5 0.002082
7.5167 0.002206
7.5333 0.002334
7.55 0.002466
7.5667 0.002603
7.5833 0.002743
7.6 0.002888
7.6167 0.003037
7.6333 0.003191
7.65 0.003349
7.6667 0.003511
7.6833 0.003678
7.7 0.00385
7.7167 0.004026
7.7333 0.004208
7.75 0.004393
7.7667 0.004585
7.7833 0.004781
7.8 0.004982
7.8167 0.005189
7.8333 0.0054
7.85 0.005617
7.8667 0.00584
7.8833 0.006068
7.9 0.006301
7.9167 0.00654
7.9333 0.006785
7.95 0.007035
7.9667 0.007292
7.9833 0.007554
8.0 0.007823
8.0167 0.008097
8.0333 0.008377
8.05 0.008664
8.0667 0.008957
8.0833 0.009256
8.1 0.009562
8.1167 0.009874
8.1333 0.01019
8.15 0.01052
8.1667 0.01085
8.1833 0.01119
8.2 0.01153
8.2167 0.01188
8.2333 0.01224
8.25 0.01261
8.2667 0.01298
8.2833 0.01336
8.3 0.01374
8.3167 0.01414
8.3333 0.01454
8.35 0.01495
8.3667 0.01536
8.3833 0.01578
8.4 0.01621
8.4167 0.01665
8.4333 0.01709
8.45 0.01754
8.4667 0.018
8.4833 0.01846
8.5 0.01894
8.5167 0.01942
8.5333 0.0199
8.55 0.0204
8.5667 0.0209
8.5833 0.02141
8.6 0.02193
8.6167 0.02245
8.6333 0.02299
8.65 0.02353
8.6667 0.02407
8.6833 0.02463
8.7 0.02519
8.7167 0.02576
8.7333 0.02634
8.75 0.02692
8.7667 0.02752
8.7833 0.02812
8.8 0.02872
8.8167 0.02934
8.8333 0.02996
8.85 0.03059
8.8667 0.03123
8.8833 0.03187
8.9 0.03252
8.9167 0.03318
8.9333 0.03385
8.95 0.03452
8.9667 0.0352
8.9833 0.03589
9.0 0.03659
9.0167 0.03729
9.0333 0.038
9.05 0.03872
9.0667 0.03944
9.0833 0.04017
9.1 0.04091
9.1167 0.04166
9.1333 0.04241
9.15 0.04317
9.1667 0.04393
9.1833 0.0447
9.2 0.04548
9.2167 0.04627
9.2333 0.04706
9.25 0.04786
9.2667 0.04866
9.2833 0.04947
9.3 0.05029
9.3167 0.05111
9.3333 0.05194
9.35 0.05278
9.3667 0.05362
9.3833 0.05447
9.4 0.05532
9.4167 0.05618
9.4333 0.05705
9.45 0.05792
9.4667 0.05879
9.4833 0.05968
9.5 0.06056
9.5167 0.06146
9.5333 0.06236
9.55 0.06326
9.5667 0.06417
9.5833 0.06508
9.6 0.066
9.6167 0.06692
9.6333 0.06785
9.65 0.06878
9.6667 0.06972
9.6833 0.07066
9.7 0.07161
9.7167 0.07256
9.7333 0.07351
9.75 0.07447
9.7667 0.07543
9.7833 0.0764
9.8 0.07737
9.8167 0.07834
9.8333 0.07932
9.85 0.0803
9.8667 0.08128
9.8833 0.08227
9.9 0.08326
9.9167 0.08425
9.9333 0.08525
9.95 0.08625
9.9667 0.08725
9.9833 0.08825
10.0 0.08926
10.0167 0.09027
10.0333 0.09128
10.05 0.09229
10.0667 0.09331
10.0833 0.09433
10.1 0.09535
10.1167 0.09637
10.1333 0.09739
10.15 0.09841
10.1667 0.09944
10.1833 0.1005
10.2 0.1015
10.2167 0.1025
10.2333 0.1035
10.25 0.1046
10.2667 0.1056
10.2833 0.1066
10.3 0.1077
10.3167 0.1087
10.3333 0.1097
10.35 0.1108
10.3667 0.1118
10.3833 0.1128
10.4 0.1138
10.4167 0.1149
10.4333 0.1159
10.45 0.1169
10.4667 0.118
10.4833 0.119
10.5 0.12
10.5167 0.121
10.5333 0.1221
10.55 0.1231
10.5667 0.1241
10.5833 0.1251
10.6 0.1261
10.6167 0.1272
10.6333 0.1282
10.65 0.1292
10.6667 0.1302
10.6833 0.1312
10.7 0.1322
10.7167 0.1332
10.7333 0.1342
10.75 0.1352
10.7667 0.1362
10.7833 0.1372
10.8 0.1381
10.8167 0.1391
10.8333 0.1401
10.85 0.1411
10.8667 0.1421
10.8833 0.143
10.9 0.144
10.9167 0.1449
10.9333 0.1459
10.95 0.1469
10.9667 0.1478
10.9833 0.1487
11.0 0.1497
11.0167 0.1506
11.0333 0.1515
11.05 0.1524
11.0667 0.1534
11.0833 0.1542
11.1 0.1552
11.1167 0.1561
11.1333 0.157
11.15 0.1578
11.1667 0.1587
11.1833 0.1596
11.2 0.1605
11.2167 0.1613
11.2333 0.1622
11.25 0.163
11.2667 0.1639
11.2833 0.1647
11.3 0.1656
11.3167 0.1664
11.3333 0.1672
11.35 0.168
11.3667 0.1688
11.3833 0.1695
11.4 0.1704
11.4167 0.1712
11.4333 0.1719
11.45 0.1727
11.4667 0.1734
11.4833 0.1742
11.5 0.1749
11.5167 0.1757
11.5333 0.1764
11.55 0.1771
11.5667 0.1778
11.5833 0.1785
11.6 0.1792
11.6167 0.1799
11.6333 0.1806
11.65 0.1812
11.6667 0.1819
11.6833 0.1825
11.7 0.1832
11.7167 0.1837
11.7333 0.1844
11.75 0.185
11.7667 0.1856
11.7833 0.1862
11.8 0.1868
11.8167 0.1874
11.8333 0.1879
11.85 0.1884
11.8667 0.1888
11.8833 0.1896
11.9 0.1901
11.9167 0.1906
11.9333 0.1911
11.95 0.1916
11.9667 0.1921
11.9833 0.1925
12.0 0.193
12.0167 0.1935
12.0333 0.1939
12.05 0.1943
12.0667 0.1948
12.0833 0.1952
12.1 0.1956
12.1167 0.1959
12.1333 0.1963
12.15 0.1967
12.1667 0.197
12.1833 0.1972
12.2 0.1977
12.2167 0.198
12.2333 0.1984
12.25 0.1987
12.2667 0.199
12.2833 0.1992
12.3 0.1995
12.3167 0.1998
12.3333 0.2
12.35 0.2002
12.3667 0.2005
12.3833 0.2007
12.4 0.2009
12.4167 0.2011
12.4333 0.2012
12.45 0.2014
12.4667 0.2016
12.4833 0.2017
12.5 0.2018
12.5167 0.202
12.5333 0.2021
12.55 0.2022
12.5667 0.2022
12.5833 0.2023
12.6 0.2023
12.6167 0.2024
12.6333 0.2024
12.65 0.2025
12.6667 0.2025
12.6833 0.2025
12.7 0.2025
12.7167 0.2025
12.7333 0.2024
12.75 0.2024
12.7667 0.2023
12.7833 0.2023
12.8 0.2022
12.8167 0.2021
12.8333 0.202
12.85 0.2019
12.8667 0.2018
12.8833 0.2017
12.9 0.2015
12.9167 0.2014
12.9333 0.2012
12.95 0.201
12.9667 0.2008
12.9833 0.2006
13.0 0.2004
13.0167 0.2002
13.0333 0.1999
13.05 0.1997
13.0667 0.1994
13.0833 0.1992
13.1 0.1989
13.1167 0.1986
13.1333 0.1982
13.15 0.198
13.1667 0.1976
13.1833 0.1972
13.2 0.197
13.2167 0.1966
13.2333 0.1962
13.25 0.1957
13.2667 0.1955
13.2833 0.1951
13.3 0.1947
13.3167 0.1942
13.3333 0.1938
13.35 0.1933
13.3667 0.1929
13.3833 0.1924
13.4 0.192
13.4167 0.1915
13.4333 0.191
13.45 0.1905
13.4667 0.19
13.4833 0.1894
13.5 0.1888
13.5167 0.1884
13.5333 0.1877
13.55 0.1872
13.5667 0.1867
13.5833 0.1861
13.6 0.1855
13.6167 0.1849
13.6333 0.1843
13.65 0.1836
13.6667 0.183
13.6833 0.1824
13.7 0.1817
13.7167 0.1811
13.7333 0.1804
13.75 0.1797
13.7667 0.179
13.7833 0.1784
13.8 0.1777
13.8167 0.1769
13.8333 0.1762
13.85 0.1754
13.8667 0.1748
13.8833 0.174
13.9 0.1733
13.9167 0.1725
13.9333 0.1718
13.95 0.171
13.9667 0.1702
13.9833 0.1694
14.0 0.1686
14.0167 0.1678
14.0333 0.167
14.05 0.1662
14.0667 0.1654
14.0833 0.1645
14.1 0.1637
14.1167 0.1628
14.1333 0.162
14.15 0.1611
14.1667 0.1602
14.1833 0.1594
14.2 0.1585
14.2167 0.1576
14.2333 0.1568
14.25 0.1559
14.2667 0.1549
14.2833 0.1541
14.3 0.1531
14.3167 0.1522
14.3333 0.1513
14.35 0.1504
14.3667 0.1494
14.3833 0.1485
14.4 0.1476
14.4167 0.1466
14.4333 0.1457
14.45 0.1447
14.4667 0.1438
14.4833 0.1428
14.5 0.1418
14.5167 0.1409
14.5333 0.1399
14.55 0.1389
14.5667 0.1379
14.5833 0.1369
14.6 0.136
14.6167 0.1349
14.6333 0.134
14.65 0.133
14.6667 0.132
14.6833 0.131
14.7 0.13
14.7167 0.1289
14.7333 0.1279
14.75 0.1269
14.7667 0.1259
14.7833 0.1249
14.8 0.1239
14.8167 0.1229
14.8333 0.1218
14.85 0.1208
14.8667 0.1198
14.8833 0.1188
14.9 0.1177
14.9167 0.1167
14.9333 0.1157
14.95 0.1146
14.9667 0.1136
14.9833 0.1126
15.0 0.1116
15.0167 0.1105
15.0333 0.1095
15.05 0.1085
15.0667 0.1074
15.0833 0.1064
15.1 0.1054
15.1167 0.1043
15.1333 0.1033
15.15 0.1023
15.1667 0.1012
15.1833 0.1002
15.2 0.09919
15.2167 0.09817
15.2333 0.09714
15.25 0.09613
15.2667 0.0951
15.2833 0.09408
15.3 0.09307
15.3167 0.09205
15.3333 0.09104
15.35 0.09003
15.3667 0.08902
15.3833 0.08801
15.4 0.08701
15.4167 0.08601
15.4333 0.08501
15.45 0.08402
15.4667 0.08302
15.4833 0.08203
15.5 0.08105
15.5167 0.08007
15.5333 0.07909
15.55 0.07811
15.5667 0.07713
15.5833 0.07617
15.6 0.0752
15.6167 0.07424
15.6333 0.07328
15.65 0.07233
15.6667 0.07138
15.6833 0.07043
15.7 0.06949
15.7167 0.06856
15.7333 0.06763
15.75 0.0667
15.7667 0.06578
15.7833 0.06486
15.8 0.06395
15.8167 0.06304
15.8333 0.06214
15.85 0.06124
15.8667 0.06035
15.8833 0.05946
15.9 0.05859
15.9167 0.05771
15.9333 0.05684
15.95 0.05597
15.9667 0.05512
15.9833 0.05426
16.0 0.05342
16.0167 0.05258
16.0333 0.05174
16.05 0.05091
16.0667 0.05009
16.0833 0.04928
16.1 0.04847
16.1167 0.04766
16.1333 0.04687
16.15 0.04608
16.1667 0.04529
16.1833 0.04452
16.2 0.04375
16.2167 0.04298
16.2333 0.04222
16.25 0.04147
16.2667 0.04073
16.2833 0.04
16.3 0.03927
16.3167 0.03854
16.3333 0.03783
16.35 0.03712
16.3667 0.03642
16.3833 0.03573
16.4 0.03504
16.4167 0.03436
16.4333 0.03369
16.45 0.03302
16.4667 0.03237
16.4833 0.03172
16.5 0.03107
16.5167 0.03044
16.5333 0.02981
16.55 0.02919
16.5667 0.02858
16.5833 0.02797
16.6 0.02737
16.6167 0.02678
16.6333 0.0262
16.65 0.02562
16.6667 0.02505
16.6833 0.02449
16.7 0.02394
16.7167 0.02339
16.7333 0.02286
16.75 0.02233
16.7667 0.0218
16.7833 0.02129
16.8 0.02078
16.8167 0.02028
16.8333 0.01979
16.85 0.0193
16.8667 0.01882
16.8833 0.01835
16.9 0.01789
16.9167 0.01743
16.9333 0.01698
16.95 0.01654
16.9667 0.0161
16.9833 0.01568
17.0 0.01526
17.0167 0.01485
17.0333 0.01444
17.05 0.01404
17.0667 0.01365
17.0833 0.01326
17.1 0.01289
17.1167 0.01252
17.1333 0.01215
17.15 0.0118
17.1667 0.01145
17.1833 0.0111
17.2 0.01077
17.2167 0.01044
17.2333 0.01011
17.25 0.009796
17.2667 0.009485
17.2833 0.009181
17.3 0.008884
17.3167 0.008593
17.3333 0.008307
17.35 0.008028
17.3667 0.007755
17.3833 0.007488
17.4 0.007228
17.4167 0.006973
17.4333 0.006724
17.45 0.00648
17.4667 0.006242
17.4833 0.00601
17.5 0.005784
17.5167 0.005563
17.5333 0.005347
17.55 0.005136
17.5667 0.004931
17.5833 0.004731
17.6 0.004537
17.6167 0.004347
17.6333 0.004162
17.65 0.003981
17.6667 0.003806
17.6833 0.003636
17.7 0.00347
17.7167 0.003309
17.7333 0.003152
17.75 0.002999
17.7667 0.002852
17.7833 0.002708
17.8 0.002568
17.8167 0.002433
17.8333 0.002302
17.85 0.002174
17.8667 0.002051
17.8833 0.001932
17.9 0.001817
17.9167 0.001705
17.9333 0.001597
17.95 0.001493
17.9667 0.001393
17.9833 0.001297
18.0 0.001204
18.0167 0.001115
18.0333 0.00103
18.05 0.0009487
18.0667 0.0008712
18.0833 0.0007977
18.1 0.0007287
18.1167 0.0006607
18.1333 0.0005871
18.15 0.0005248
18.1667 0.0004718
18.1833 0.000427
18.2 0.0003722
18.2167 0.0003327
18.2333 0.0002878
18.25 0.0002512
18.2667 0.0002208
18.2833 0.0001887
18.3 0.0001608
18.3167 0.0001366
18.3333 0.0001129
18.35 9.388e-05
18.3667 7.826e-05
18.3833 6.329e-05
18.4 5.194e-05
18.4167 4.125e-05
18.4333 3.265e-05
18.45 2.565e-05
18.4667 1.99e-05
18.4833 1.521e-05
18.5 1.147e-05
18.5167 8.544e-06
18.5333 6.243e-06
18.55 4.332e-06
18.5667 2.959e-06
18.5833 1.888e-06
18.6 1.156e-06
18.6167 6.885e-07
18.6333 4.006e-07
18.65 2.24e-07
18.6667 1.156e-07
18.6833 5.119e-08
18.7 1.733e-08
18.7167 2.738e-09
18.7333 2.214e-10
18.75 5.546e-12
18.7667 3.663e-14
18.7833 3.573e-17
18.8 0.0
18.8167 0.0
18.8333 0.0
18.85 0.0
18.8667 0.0
18.8833 0.0
18.9 0.0
18.9167 0.0
18.9333 0.0
18.95 0.0
18.9667 0.0
18.9833 0.0
19.0 0.0
19.0167 0.0
19.0333 0.0
19.05 0.0
19.0667 0.0
19.0833 0.0
19.1 0.0
19.1167 0.0
19.1333 0.0
19.15 0.0
19.1667 0.0
19.1833 0.0
19.2 0.0
19.2167 0.0
19.2333 0.0
19.25 0.0
19.2667 0.0
19.2833 0.0
19.3 0.0
19.3167 0.0
19.3333 0.0
19.35 0.0
19.3667 0.0
19.3833 0.0
19.4 0.0
19.4167 0.0
19.4333 0.0
19.45 0.0
19.4667 0.0
19.4833 0.0
19.5 0.0
19.5167 0.0
19.5333 0.0
19.55 0.0
19.5667 0.0
19.5833 0.0
19.6 0.0
19.6167 0.0
19.6333 0.0
19.65 0.0
19.6667 0.0
19.6833 0.0
19.7 0.0
19.7167 0.0
19.7333 0.0
19.75 0.0
19.7667 0.0
19.7833 0.0
19.8 0.0
19.8167 0.0
19.8333 0.0
19.85 0.0
19.8667 0.0
19.8833 0.0
19.9 0.0
19.9167 0.0
19.9333 0.0
19.95 0.0
19.9667 0.0
19.9833 0.0
20.0 0.0
20.0167 0.0
20.0333 0.0
20.05 0.0
20.0667 0.0
20.0833 0.0
20.1 0.0
20.1167 0.0
20.1333 0.0
20.15 0.0
20.1667 0.0
20.1833 0.0
20.2 0.0
20.2167 0.0
20.2333 0.0
20.25 0.0
20.2667 0.0
20.2833 0.0
20.3 0.0
20.3167 0.0
20.3333 0.0
20.35 0.0
20.3667 0.0
20.3833 0.0
20.4 0.0
20.4167 0.0
20.4333 0.0
20.45 0.0
20.4667 0.0
20.4833 0.0
20.5 0.0
20.5167 0.0
20.5333 0.0
20.55 0.0
20.5667 0.0
20.5833 0.0
20.6 0.0
20.6167 0.0
20.6333 0.0
20.65 0.0
20.6667 0.0
20.6833 0.0
20.7 0.0
20.7167 0.0
20.7333 0.0
20.75 0.0
20.7667 0.0
20.7833 0.0
20.8 0.0
20.8167 0.0
20.8333 0.0
20.85 0.0
20.8667 0.0
20.8833 0.0
20.9 0.0
20.9167 0.0
20.9333 0.0
20.95 0.0
20.9667 0.0
20.9833 0.0
21.0 0.0
21.0167 0.0
21.0333 0.0
21.05 0.0
21.0667 0.0
21.0833 0.0
21.1 0.0
21.1167 0.0
21.1333 0.0
21.15 0.0
21.1667 0.0
21.1833 0.0
21.2 0.0
21.2167 0.0
21.2333 0.0
21.25 0.0
21.2667 0.0
21.2833 0.0
21.3 0.0
21.3167 0.0
21.3333 0.0
21.35 0.0
21.3667 0.0
21.3833 0.0
21.4 0.0
21.4167 0.0
21.4333 0.0
21.45 0.0
21.4667 0.0
21.4833 0.0
21.5 0.0
21.5167 0.0
21.5333 0.0
21.55 0.0
21.5667 0.0
21.5833 0.0
21.6 0.0
21.6167 0.0
21.6333 0.0
21.65 0.0
21.6667 0.0
21.6833 0.0
21.7 0.0
21.7167 0.0
21.7333 0.0
21.75 0.0
21.7667 0.0
21.7833 0.0
21.8 0.0
21.8167 0.0
21.8333 0.0
21.85 0.0
21.8667 0.0
21.8833 0.0
21.9 0.0
21.9167 0.0
21.9333 0.0
21.95 0.0
21.9667 0.0
21.9833 0.0
22.0 0.0
22.0167 0.0
22.0333 0.0
22.05 0.0
22.0667 0.0
22.0833 0.0
22.1 0.0
22.1167 0.0
22.1333 0.0
22.15 0.0
22.1667 0.0
22.1833 0.0
22.2 0.0
22.2167 0.0
22.2333 0.0
22.25 0.0
22.2667 0.0
22.2833 0.0
22.3 0.0
22.3167 0.0
22.3333 0.0
22.35 0.0
22.3667 0.0
22.3833 0.0
22.4 0.0
22.4167 0.0
22.4333 0.0
22.45 0.0
22.4667 0.0
22.4833 0.0
22.5 0.0
22.5167 0.0
22.5333 0.0
22.55 0.0
22.5667 0.0
22.5833 0.0
22.6 0.0
22.6167 0.0
22.6333 0.0
22.65 0.0
22.6667 0.0
22.6833 0.0
22.7 0.0
22.7167 0.0
22.7333 0.0
22.75 0.0
22.7667 0.0
22.7833 0.0
22.8 0.0
22.8167 0.0
22.8333 0.0
22.85 0.0
22.8667 0.0
22.8833 0.0
22.9 0.0
22.9167 0.0
22.9333 0.0
22.95 0.0
22.9667 0.0
22.9833 0.0
23.0 0.0
23.0167 0.0
23.0333 0.0
23.05 0.0
23.0667 0.0
23.0833 0.0
23.1 0.0
23.1167 0.0
23.1333 0.0
23.15 0.0
23.1667 0.0
23.1833 0.0
23.2 0.0
23.2167 0.0
23.2333 0.0
23.25 0.0
23.2667 0.0
23.2833 0.0
23.3 0.0
23.3167 0.0
23.3333 0.0
23.35 0.0
23.3667 0.0
23.3833 0.0
23.4 0.0
23.4167 0.0
23.4333 0.0
23.45 0.0
23.4667 0.0
23.4833 0.0
23.5 0.0
23.5167 0.0
23.5333 0.0
23.55 0.0
23.5667 0.0
23.5833 0.0
23.6 0.0
23.6167 0.0
23.6333 0.0
23.65 0.0
23.6667 0.0
23.6833 0.0
23.7 0.0
23.7167 0.0
23.7333 0.0
23.75 0.0
23.7667 0.0
23.7833 0.0
23.8 0.0
23.8167 0.0
23.8333 0.0
23.85 0.0
23.8667 0.0
23.8833 0.0
23.9 0.0
23.9167 0.0
23.9333 0.0
23.95 0.0
23.9667 0.0
23.9833 0.0
