0.0 0.0
0.0167 0.0
0.0333 0.0
0.05 0.0
0.0667 0.0
0.0833 0.0
0.1 0.0
0.1167 0.0
0.1333 0.0
0.15 0.0
0.1667 0.0
0.1833 0.0
0.2 0.0
0.2167 0.0
0.2333 0.0
0.25 0.0
0.2667 0.0
0.2833 0.0
0.3 0.0
0.3167 0.0
0.3333 0.0
0.35 0.0
0.3667 0.0
0.3833 0.0
0.4 0.0
0.4167 0.0
0.4333 0.0
0.45 0.0
0.4667 0.0
0.4833 0.0
0.5 0.0
0.5167 0.0
0.5333 0.0
0.55 0.0
0.5667 0.0
0.5833 0.0
0.6 0.0
0.6167 0.0
0.6333 0.0
0.65 0.0
0.6667 0.0
0.6833 0.0
0.7 0.0
0.7167 0.0
0.7333 0.0
0.75 0.0
0.7667 0.0
0.7833 0.0
0.8 0.0
0.8167 0.0
0.8333 0.0
0.85 0.0
0.8667 0.0
0.8833 0.0
0.9 0.0
0.9167 0.0
0.9333 0.0
0.95 0.0
0.9667 0.0
0.9833 0.0
1.0 0.0
1.0167 0.0
1.0333 0.0
1.05 0.0
1.0667 0.0
1.0833 0.0
1.1 0.0
1.1167 0.0
1.1333 0.0
1.15 0.0
1.1667 0.0
1.1833 0.0
1.2 0.0
1.2167 0.0
1.2333 0.0
1.25 0.0
1.2667 0.0
1.2833 0.0
1.3 0.0
1.3167 0.0
1.3333 0.0
1.35 0.0
1.3667 0.0
1.3833 0.0
1.4 0.0
1.4167 0.0
1.4333 0.0
1.45 0.0
1.4667 0.0
1.4833 0.0
1.5 0.0
1.5167 0.0
1.5333 0.0
1.55 0.0
1.5667 0.0
1.5833 0.0
1.6 0.0
1.6167 0.0
1.6333 0.0
1.65 0.0
1.6667 0.0
1.6833 0.0
1.7 0.0
1.7167 0.0
1.7333 0.0
1.75 0.0
1.7667 0.0
1.7833 0.0
1.8 0.0
1.8167 0.0
1.8333 0.0
1.85 0.0
1.8667 0.0
1.8833 0.0
1.9 0.0
1.9167 0.0
1.9333 0.0
1.95 0.0
1.9667 0.0
1.9833 0.0
2.0 0.0
2.0167 0.0
2.0333 0.0
2.05 0.0
2.0667 0.0
2.0833 0.0
2.1 0.0
2.1167 0.0
2.1333 0.0
2.15 0.0
2.1667 0.0
2.1833 0.0
2.2 0.0
2.2167 0.0
2.2333 0.0
2.25 0.0
2.2667 0.0
2.2833 0.0
2.3 0.0
2.3167 0.0
2.3333 0.0
2.35 0.0
2.3667 0.0
2.3833 0.0
2.4 0.0
2.4167 0.0
2.4333 0.0
2.45 0.0
2.4667 0.0
2.4833 0.0
2.5 0.0
2.5167 0.0
2.5333 0.0
2.55 0.0
2.5667 0.0
2.5833 0.0
2.6 0.0
2.6167 0.0
2.6333 0.0
2.65 0.0
2.6667 0.0
2.6833 0.0
2.7 0.0
2.7167 0.0
2.7333 0.0
2.75 0.0
2.7667 0.0
2.7833 0.0
2.8 0.0
2.8167 0.0
2.8333 0.0
2.85 0.0
2.8667 0.0
2.8833 0.0
2.9 0.0
2.9167 0.0
2.9333 0.0
2.95 0.0
2.9667 0.0
2.9833 0.0
3.0 0.0
3.0167 0.0
3.0333 0.0
3.05 0.0
3.0667 0.0
3.0833 0.0
3.1 0.0
3.1167 0.0
3.1333 0.0
3.15 0.0
3.1667 0.0
3.1833 0.0
3.2 0.0
3.2167 0.0
3.2333 0.0
3.25 0.0
3.2667 0.0
3.2833 0.0
3.3 0.0
3.3167 0.0
3.3333 0.0
3.35 0.0
3.3667 0.0
3.3833 0.0
3.4 0.0
3.4167 0.0
3.4333 0.0
3.45 0.0
3.4667 0.0
3.4833 0.0
3.5 0.0
3.5167 0.0
3.5333 0.0
3.55 0.0
3.5667 0.0
3.5833 0.0
3.6 0.0
3.6167 0.0
3.6333 0.0
3.65 0.0
3.6667 0.0
3.6833 0.0
3.7 0.0
3.7167 0.0
3.7333 0.0
3.75 0.0
3.7667 0.0
3.7833 0.0
3.8 0.0
3.8167 0.0
3.8333 0.0
3.85 0.0
3.8667 0.0
3.8833 0.0
3.9 0.0
3.9167 0.0
3.9333 0.0
3.95 0.0
3.9667 0.0
3.9833 0.0
4.0 0.0
4.0167 0.0
4.0333 0.0
4.05 0.0
4.0667 0.0
4.0833 0.0
4.1 0.0
4.1167 0.0
4.1333 0.0
4.15 0.0
4.1667 0.0
4.1833 0.0
4.2 0.0
4.2167 0.0
4.2333 0.0
4.25 0.0
4.2667 0.0
4.2833 0.0
4.3 0.0
4.3167 0.0
4.3333 0.0
4.35 0.0
4.3667 0.0
4.3833 0.0
4.4 0.0
4.4167 0.0
4.4333 0.0
4.45 0.0
4.4667 0.0
4.4833 0.0
4.5 0.0
4.5167 0.0
4.5333 0.0
4.55 0.0
4.5667 0.0
4.5833 0.0
4.6 0.0
4.6167 0.0
4.6333 0.0
4.65 0.0
4.6667 0.0
4.6833 0.0
4.7 0.0
4.7167 0.0
4.7333 0.0
4.75 0.0
4.7667 0.0
4.7833 0.0
4.8 0.0
4.8167 0.0
4.8333 0.0
4.85 0.0
4.8667 0.0
4.8833 0.0
4.9 0.0
4.9167 0.0
4.9333 0.0
4.95 0.0
4.9667 0.0
4.9833 0.0
5.0 0.0
5.0167 0.0
5.0333 0.0
5.05 0.0
5.0667 0.0
5.0833 0.0
5.1 0.0
5.1167 0.0
5.1333 0.0
5.15 0.0
5.1667 0.0
5.1833 0.0
5.2 0.0
5.2167 0.0
5.2333 0.0
5.25 0.0
5.2667 0.0
5.2833 0.0
5.3 0.0
5.3167 0.0
5.3333 0.0
5.35 0.0
5.3667 1.365e-32
5.3833 8.218e-16
5.4 2.884e-13
5.4167 2.131e-11
5.4333 4.931e-10
5.45 4.758e-09
5.4667 2.228e-08
5.4833 5.911e-08
5.5 1.239e-07
5.5167 2.283e-07
5.5333 3.949e-07
5.55 6.645e-07
5.5667 1.095e-06
5.5833 1.704e-06
5.6 2.618e-06
5.6167 3.8e-06
5.6333 5.391e-06
5.65 7.323e-06
5.6667 9.819e-06
5.6833 1.303e-05
5.7 1.705e-05
5.7167 2.181e-05
5.7333 2.763e-05
5.75 3.482e-05
5.7667 4.379e-05
5.7833 5.352e-05
5.8 6.607e-05
5.8167 7.943e-05
5.8333 9.594e-05
5.85 0.0001157
5.8667 0.0001365
5.8833 0.0001604
5.9 0.000188
5.9167 0.0002156
5.9333 0.0002465
5.95 0.000285
5.9667 0.0003205
5.9833 0.0003671
6.0 0.0004068
6.0167 0.000454
6.0333 0.0005098
6.05 0.0005758
6.0667 0.0006328
6.0833 0.0006939
6.1 0.0007589
6.1167 0.0008275
6.1333 0.0008997
6.15 0.0009754
6.1667 0.001054
6.1833 0.001137
6.2 0.001223
6.2167 0.001312
6.2333 0.001405
6.25 0.001501
6.2667 0.001601
6.2833 0.001704
6.3 0.001811
6.3167 0.001922
6.3333 0.002036
6.35 0.002154
6.3667 0.002276
6.3833 0.002402
6.4 0.002532
6.4167 0.002666
6.4333 0.002804
6.45 0.002946
6.4667 0.003093
6.4833 0.003244
6.5 0.003399
6.5167 0.003559
6.5333 0.003724
6.55 0.003893
6.5667 0.004068
6.5833 0.004247
6.6 0.004431
6.6167 0.00462
6.6333 0.004815
6.65 0.005015
6.6667 0.00522
6.6833 0.00543
6.7 0.005647
6.7167 0.005869
6.7333 0.006096
6.75 0.00633
6.7667 0.006569
6.7833 0.006814
6.8 0.007066
6.8167 0.007324
6.8333 0.007588
6.85 0.007858
6.8667 0.008135
6.8833 0.008418
6.9 0.008708
6.9167 0.009005
6.9333 0.009309
6.95 0.009619
6.9667 0.009937
6.9833 0.01026
7.0 0.01059
7.0167 0.01093
7.0333 0.01128
7.05 0.01163
7.0667 0.01199
7.0833 0.01236
7.1 0.01274
7.1167 0.01312
7.1333 0.01351
7.15 0.01391
7.1667 0.01432
7.1833 0.01474
7.2 0.01516
7.2167 0.01559
7.2333 0.01603
7.25 0.01648
7.2667 0.01694
7.2833 0.0174
7.3 0.01788
7.3167 0.01836
7.3333 0.01885
7.35 0.01935
7.3667 0.01986
7.3833 0.02037
7.4 0.0209
7.4167 0.02143
7.4333 0.02198
7.45 0.02253
7.4667 0.02309
7.4833 0.02366
7.5 0.02424
7.5167 0.02483
7.5333 0.02543
7.55 0.02604
7.5667 0.02665
7.5833 0.02728
7.6 0.02792
7.6167 0.02856
7.6333 0.02922
7.65 0.02988
7.6667 0.03055
7.6833 0.03124
7.7 0.03193
7.7167 0.03263
7.7333 0.03334
7.75 0.03406
7.7667 0.0348
7.7833 0.03554
7.8 0.03629
7.8167 0.03705
7.8333 0.03782
7.85 0.0386
7.8667 0.03939
7.8833 0.04018
7.9 0.04099
7.9167 0.04181
7.9333 0.04264
7.95 0.04348
7.9667 0.04433
7.9833 0.04518
8.0 0.04605
8.0167 0.04693
8.0333 0.04781
8.05 0.04871
8.0667 0.04962
8.0833 0.05053
8.1 0.05146
8.1167 0.05239
8.1333 0.05334
8.15 0.05429
8.1667 0.05526
8.1833 0.05623
8.2 0.05721
8.2167 0.0582
8.2333 0.05921
8.25 0.06022
8.2667 0.06124
8.2833 0.06227
8.3 0.06331
8.3167 0.06436
8.3333 0.06541
8.35 0.06648
8.3667 0.06756
8.3833 0.06864
8.4 0.06974
8.4167 0.07084
8.4333 0.07195
8.45 0.07308
8.4667 0.07421
8.4833 0.07535
8.5 0.07649
8.5167 0.07765
8.5333 0.07882
8.55 0.07999
8.5667 0.08117
8.5833 0.08236
8.6 0.08356
8.6167 0.08477
8.6333 0.08599
8.65 0.08721
8.6667 0.08844
8.6833 0.08968
8.7 0.09093
8.7167 0.09218
8.7333 0.09345
8.75 0.09472
8.7667 0.096
8.7833 0.09728
8.8 0.09858
8.8167 0.09988
8.8333 0.1012
8.85 0.1025
8.8667 0.1038
8.8833 0.1052
8.9 0.1065
8.9167 0.1078
8.9333 0.1092
8.95 0.1106
8.9667 0.1119
8.9833 0.1133
9.0 0.1147
9.0167 0.1161
9.0333 0.1174
9.05 0.1188
9.0667 0.1202
9.0833 0.1216
9.1 0.1231
9.1167 0.1245
9.1333 0.1259
9.15 0.1273
9.1667 0.1288
9.1833 0.1302
9.2 0.1317
9.2167 0.1331
9.2333 0.1346
9.25 0.136
9.2667 0.1375
9.2833 0.139
9.3 0.1404
9.3167 0.1419
9.3333 0.1434
9.35 0.1449
9.3667 0.1464
9.3833 0.1479
9.4 0.1493
9.4167 0.1509
9.4333 0.1524
9.45 0.1539
9.4667 0.1554
9.4833 0.1569
9.5 0.1584
9.5167 0.16
9.5333 0.1615
9.55 0.163
9.5667 0.1645
9.5833 0.1661
9.6 0.1676
9.6167 0.1691
9.6333 0.1707
9.65 0.1722
9.6667 0.1737
9.6833 0.1753
9.7 0.1768
9.7167 0.1784
9.7333 0.1799
9.75 0.1815
9.7667 0.183
9.7833 0.1845
9.8 0.1861
9.8167 0.1877
9.8333 0.1892
9.85 0.1908
9.8667 0.1923
9.8833 0.1938
9.9 0.1954
9.9167 0.197
9.9333 0.1985
9.95 0.2001
9.9667 0.2016
9.9833 0.2032
10.0 0.2047
10.0167 0.2061
10.0333 0.2078
10.05 0.2093
10.0667 0.2109
10.0833 0.2124
10.1 0.2139
10.1167 0.2155
10.1333 0.217
10.15 0.2185
10.1667 0.2201
10.1833 0.2216
10.2 0.2231
10.2167 0.2246
10.2333 0.2261
10.25 0.2277
10.2667 0.2291
10.2833 0.2307
10.3 0.2322
10.3167 0.2337
10.3333 0.2352
10.35 0.2367
10.3667 0.2381
10.3833 0.2396
10.4 0.2411
10.4167 0.2426
10.4333 0.244
10.45 0.2454
10.4667 0.247
10.4833 0.2484
10.5 0.2499
10.5167 0.2512
10.5333 0.2526
10.55 0.2542
10.5667 0.2556
10.5833 0.257
10.6 0.2584
10.6167 0.2598
10.6333 0.2612
10.65 0.2626
10.6667 0.264
10.6833 0.2654
10.7 0.2668
10.7167 0.268
10.7333 0.2695
10.75 0.2708
10.7667 0.2722
10.7833 0.2735
10.8 0.2749
10.8167 0.2762
10.8333 0.2774
10.85 0.2788
10.8667 0.2801
10.8833 0.2814
10.9 0.2827
10.9167 0.2839
10.9333 0.2852
10.95 0.2865
10.9667 0.2876
10.9833 0.289
11.0 0.2902
11.0167 0.2914
11.0333 0.2926
11.05 0.2938
11.0667 0.295
11.0833 0.2962
11.1 0.297
11.1167 0.2985
11.1333 0.2996
11.15 0.3008
11.1667 0.3019
11.1833 0.3031
11.2 0.3039
11.2167 0.305
11.2333 0.3064
11.25 0.3074
11.2667 0.3085
11.2833 0.3095
11.3 0.3106
11.3167 0.3116
11.3333 0.3127
11.35 0.3137
11.3667 0.3145
11.3833 0.3157
11.4 0.3166
11.4167 0.3176
11.4333 0.3186
11.45 0.3195
11.4667 0.3204
11.4833 0.3213
11.5 0.3222
11.5167 0.3231
11.5333 0.3239
11.55 0.3249
11.5667 0.3257
11.5833 0.3266
11.6 0.3274
11.6167 0.3282
11.6333 0.329
11.65 0.3298
11.6667 0.3306
11.6833 0.3312
11.7 0.3321
11.7167 0.3329
11.7333 0.3336
11.75 0.3343
11.7667 0.335
11.7833 0.3357
11.8 0.3363
11.8167 0.337
11.8333 0.3376
11.85 0.3383
11.8667 0.3389
11.8833 0.3395
11.9 0.3401
11.9167 0.3407
11.9333 0.3411
11.95 0.3417
11.9667 0.3421
11.9833 0.3425
12.0 0.3433
12.0167 0.3438
12.0333 0.3443
12.05 0.3447
12.0667 0.3452
12.0833 0.3456
12.1 0.346
12.1167 0.3464
12.1333 0.3468
12.15 0.3472
12.1667 0.3475
12.1833 0.3479
12.2 0.3482
12.2167 0.3485
12.2333 0.3488
12.25 0.3491
12.2667 0.3494
12.2833 0.3496
12.3 0.3498
12.3167 0.35
12.3333 0.3503
12.35 0.3505
12.3667 0.3507
12.3833 0.3508
12.4 0.351
12.4167 0.3511
12.4333 0.3512
12.45 0.3513
12.4667 0.3514
12.4833 0.3515
12.5 0.3515
12.5167 0.3516
12.5333 0.3516
12.55 0.3516
12.5667 0.3516
12.5833 0.3516
12.6 0.3516
12.6167 0.3515
12.6333 0.3514
12.65 0.3514
12.6667 0.3513
12.6833 0.3512
12.7 0.351
12.7167 0.3509
12.7333 0.3507
12.75 0.3506
12.7667 0.3504
12.7833 0.3501
12.8 0.3499
12.8167 0.3497
12.8333 0.3495
12.85 0.3492
12.8667 0.349
12.8833 0.3487
12.9 0.3484
12.9167 0.348
12.9333 0.3477
12.95 0.3474
12.9667 0.347
12.9833 0.3466
13.0 0.3462
13.0167 0.3458
13.0333 0.3454
13.05 0.345
13.0667 0.3445
13.0833 0.344
13.1 0.3436
13.1167 0.343
13.1333 0.3422
13.15 0.3419
13.1667 0.3413
13.1833 0.3409
13.2 0.3404
13.2167 0.3398
13.2333 0.3392
13.25 0.3386
13.2667 0.338
13.2833 0.3373
13.3 0.3367
13.3167 0.336
13.3333 0.3353
13.35 0.3346
13.3667 0.3339
13.3833 0.3332
13.4 0.3325
13.4167 0.3317
13.4333 0.331
13.45 0.3302
13.4667 0.3294
13.4833 0.3286
13.5 0.3278
13.5167 0.327
13.5333 0.3262
13.55 0.3253
13.5667 0.3245
13.5833 0.3234
13.6 0.3227
13.6167 0.3218
13.6333 0.3209
13.65 0.32
13.6667 0.319
13.6833 0.3181
13.7 0.3171
13.7167 0.3161
13.7333 0.3152
13.75 0.3142
13.7667 0.3132
13.7833 0.3122
13.8 0.3109
13.8167 0.3101
13.8333 0.309
13.85 0.308
13.8667 0.3069
13.8833 0.3058
13.9 0.3047
13.9167 0.3036
13.9333 0.3025
13.95 0.3014
13.9667 0.3002
13.9833 0.2991
14.0 0.2979
14.0167 0.2968
14.0333 0.2956
14.05 0.2944
14.0667 0.2932
14.0833 0.292
14.1 0.2908
14.1167 0.2896
14.1333 0.2883
14.15 0.2871
14.1667 0.2858
14.1833 0.2846
14.2 0.2833
14.2167 0.282
14.2333 0.2806
14.25 0.2795
14.2667 0.2782
14.2833 0.2769
14.3 0.2755
14.3167 0.2742
14.3333 0.2729
14.35 0.2715
14.3667 0.2702
14.3833 0.2688
14.4 0.2675
14.4167 0.266
14.4333 0.2647
14.45 0.2633
14.4667 0.2619
14.4833 0.2606
14.5 0.2591
14.5167 0.2577
14.5333 0.2563
14.55 0.2549
14.5667 0.2535
14.5833 0.252
14.6 0.2506
14.6167 0.2492
14.6333 0.2476
14.65 0.2462
14.6667 0.2448
14.6833 0.2433
14.7 0.2419
14.7167 0.2404
14.7333 0.2389
14.75 0.2374
14.7667 0.2359
14.7833 0.2344
14.8 0.2329
14.8167 0.2314
14.8333 0.2299
14.85 0.2284
14.8667 0.2268
14.8833 0.2254
14.9 0.2239
14.9167 0.2222
14.9333 0.2209
14.95 0.2193
14.9667 0.2178
14.9833 0.2163
15.0 0.2147
15.0167 0.2132
15.0333 0.2117
15.05 0.2101
15.0667 0.2086
15.0833 0.207
15.1 0.2055
15.1167 0.204
15.1333 0.2024
15.15 0.2009
15.1667 0.1993
15.1833 0.1978
15.2 0.1962
15.2167 0.1947
15.2333 0.1931
15.25 0.1916
15.2667 0.19
15.2833 0.1884
15.3 0.1869
15.3167 0.1854
15.3333 0.1838
15.35 0.1823
15.3667 0.1807
15.3833 0.1792
15.4 0.1776
15.4167 0.1761
15.4333 0.1746
15.45 0.173
15.4667 0.1715
15.4833 0.1699
15.5 0.1684
15.5167 0.1669
15.5333 0.1653
15.55 0.1638
15.5667 0.1623
15.5833 0.1607
15.6 0.1592
15.6167 0.1577
15.6333 0.1562
15.65 0.1547
15.6667 0.1532
15.6833 0.1517
15.7 0.1502
15.7167 0.1487
15.7333 0.1471
15.75 0.1457
15.7667 0.1442
15.7833 0.1427
15.8 0.1412
15.8167 0.1398
15.8333 0.1383
15.85 0.1368
15.8667 0.1353
15.8833 0.1339
15.9 0.1324
15.9167 0.131
15.9333 0.1295
15.95 0.1281
15.9667 0.1267
15.9833 0.1253
16.0 0.1238
16.0167 0.1224
16.0333 0.121
16.05 0.1196
16.0667 0.1182
16.0833 0.1168
16.1 0.1154
16.1167 0.114
16.1333 0.1127
16.15 0.1113
16.1667 0.1099
16.1833 0.1086
16.2 0.1072
16.2167 0.1059
16.2333 0.1045
16.25 0.1032
16.2667 0.1019
16.2833 0.1006
16.3 0.0993
16.3167 0.09799
16.3333 0.0967
16.35 0.09541
16.3667 0.09415
16.3833 0.09288
16.4 0.09162
16.4167 0.09037
16.4333 0.08913
16.45 0.08789
16.4667 0.08667
16.4833 0.08545
16.5 0.08423
16.5167 0.08303
16.5333 0.08183
16.55 0.08065
16.5667 0.07947
16.5833 0.0783
16.6 0.07714
16.6167 0.07599
16.6333 0.07484
16.65 0.07371
16.6667 0.07258
16.6833 0.07147
16.7 0.07036
16.7167 0.06926
16.7333 0.06817
16.75 0.06709
16.7667 0.06602
16.7833 0.06495
16.8 0.0639
16.8167 0.06286
16.8333 0.06182
16.85 0.0608
16.8667 0.05978
16.8833 0.05877
16.9 0.05778
16.9167 0.05679
16.9333 0.05581
16.95 0.05484
16.9667 0.05388
16.9833 0.05293
17.0 0.05199
17.0167 0.05106
17.0333 0.05014
17.05 0.04923
17.0667 0.04833
17.0833 0.04744
17.1 0.04656
17.1167 0.04568
17.1333 0.04482
17.15 0.04397
17.1667 0.04313
17.1833 0.04229
17.2 0.04147
17.2167 0.04065
17.2333 0.03985
17.25 0.03906
17.2667 0.03827
17.2833 0.0375
17.3 0.03673
17.3167 0.03598
17.3333 0.03523
17.35 0.03449
17.3667 0.03377
17.3833 0.03305
17.4 0.03234
17.4167 0.03164
17.4333 0.03096
17.45 0.03028
17.4667 0.02961
17.4833 0.02895
17.5 0.0283
17.5167 0.02766
17.5333 0.02703
17.55 0.0264
17.5667 0.02579
17.5833 0.02519
17.6 0.02459
17.6167 0.02401
17.6333 0.02343
17.65 0.02287
17.6667 0.02231
17.6833 0.02176
17.7 0.02122
17.7167 0.02069
17.7333 0.02017
17.75 0.01966
17.7667 0.01915
17.7833 0.01866
17.8 0.01817
17.8167 0.01769
17.8333 0.01722
17.85 0.01676
17.8667 0.01631
17.8833 0.01586
17.9 0.01542
17.9167 0.015
17.9333 0.01458
17.95 0.01416
17.9667 0.01376
17.9833 0.01336
18.0 0.01297
18.0167 0.01259
18.0333 0.01222
18.05 0.01186
18.0667 0.0115
18.0833 0.01115
18.1 0.0108
18.1167 0.01047
18.1333 0.01014
18.15 0.009817
18.1667 0.009503
18.1833 0.009195
18.2 0.008894
18.2167 0.0086
18.2333 0.008313
18.25 0.008032
18.2667 0.007758
18.2833 0.00749
18.3 0.007229
18.3167 0.006974
18.3333 0.006725
18.35 0.006482
18.3667 0.006245
18.3833 0.006014
18.4 0.005788
18.4167 0.005568
18.4333 0.005355
18.45 0.005146
18.4667 0.004943
18.4833 0.004745
18.5 0.004553
18.5167 0.004366
18.5333 0.004183
18.55 0.004006
18.5667 0.003834
18.5833 0.003666
18.6 0.003503
18.6167 0.003345
18.6333 0.003191
18.65 0.003042
18.6667 0.002897
18.6833 0.002756
18.7 0.002619
18.7167 0.002487
18.7333 0.002359
18.75 0.002234
18.7667 0.002114
18.7833 0.001997
18.8 0.001884
18.8167 0.001775
18.8333 0.001669
18.85 0.001567
18.8667 0.001469
18.8833 0.001374
18.9 0.001283
18.9167 0.001194
18.9333 0.00111
18.95 0.001028
18.9667 0.0009506
18.9833 0.0008762
19.0 0.0008053
19.0167 0.0007379
19.0333 0.0006741
19.05 0.0006143
19.0667 0.0005539
19.0833 0.0004914
19.1 0.0004385
19.1167 0.0003938
19.1333 0.0003561
19.15 0.0003081
19.1667 0.0002761
19.1833 0.0002374
19.2 0.000205
19.2167 0.0001771
19.2333 0.0001519
19.25 0.0001288
19.2667 0.0001083
19.2833 9.065e-05
19.3 7.582e-05
19.3167 6.182e-05
19.3333 5.069e-05
19.35 4.068e-05
19.3667 3.309e-05
19.3833 2.602e-05
19.4 2.033e-05
19.4167 1.574e-05
19.4333 1.206e-05
19.45 9.149e-06
19.4667 6.755e-06
19.4833 4.874e-06
19.5 3.478e-06
19.5167 2.322e-06
19.5333 1.529e-06
19.55 9.524e-07
19.5667 5.746e-07
19.5833 3.404e-07
19.6 1.944e-07
19.6167 1.025e-07
19.6333 4.646e-08
19.65 1.622e-08
19.6667 2.787e-09
19.6833 2.419e-10
19.7 7.831e-12
19.7167 7.476e-14
19.7333 1.204e-16
19.75 0.0
19.7667 0.0
19.7833 0.0
19.8 0.0
19.8167 0.0
19.8333 0.0
19.85 0.0
19.8667 0.0
19.8833 0.0
19.9 0.0
19.9167 0.0
19.9333 0.0
19.95 0.0
19.9667 0.0
19.9833 0.0
20.0 0.0
20.0167 0.0
20.0333 0.0
20.05 0.0
20.0667 0.0
20.0833 0.0
20.1 0.0
20.1167 0.0
20.1333 0.0
20.15 0.0
20.1667 0.0
20.1833 0.0
20.2 0.0
20.2167 0.0
20.2333 0.0
20.25 0.0
20.2667 0.0
20.2833 0.0
20.3 0.0
20.3167 0.0
20.3333 0.0
20.35 0.0
20.3667 0.0
20.3833 0.0
20.4 0.0
20.4167 0.0
20.4333 0.0
20.45 0.0
20.4667 0.0
20.4833 0.0
20.5 0.0
20.5167 0.0
20.5333 0.0
20.55 0.0
20.5667 0.0
20.5833 0.0
20.6 0.0
20.6167 0.0
20.6333 0.0
20.65 0.0
20.6667 0.0
20.6833 0.0
20.7 0.0
20.7167 0.0
20.7333 0.0
20.75 0.0
20.7667 0.0
20.7833 0.0
20.8 0.0
20.8167 0.0
20.8333 0.0
20.85 0.0
20.8667 0.0
20.8833 0.0
20.9 0.0
20.9167 0.0
20.9333 0.0
20.95 0.0
20.9667 0.0
20.9833 0.0
21.0 0.0
21.0167 0.0
21.0333 0.0
21.05 0.0
21.0667 0.0
21.0833 0.0
21.1 0.0
21.1167 0.0
21.1333 0.0
21.15 0.0
21.1667 0.0
21.1833 0.0
21.2 0.0
21.2167 0.0
21.2333 0.0
21.25 0.0
21.2667 0.0
21.2833 0.0
21.3 0.0
21.3167 0.0
21.3333 0.0
21.35 0.0
21.3667 0.0
21.3833 0.0
21.4 0.0
21.4167 0.0
21.4333 0.0
21.45 0.0
21.4667 0.0
21.4833 0.0
21.5 0.0
21.5167 0.0
21.5333 0.0
21.55 0.0
21.5667 0.0
21.5833 0.0
21.6 0.0
21.6167 0.0
21.6333 0.0
21.65 0.0
21.6667 0.0
21.6833 0.0
21.7 0.0
21.7167 0.0
21.7333 0.0
21.75 0.0
21.7667 0.0
21.7833 0.0
21.8 0.0
21.8167 0.0
21.8333 0.0
21.85 0.0
21.8667 0.0
21.8833 0.0
21.9 0.0
21.9167 0.0
21.9333 0.0
21.95 0.0
21.9667 0.0
21.9833 0.0
22.0 0.0
22.0167 0.0
22.0333 0.0
22.05 0.0
22.0667 0.0
22.0833 0.0
22.1 0.0
22.1167 0.0
22.1333 0.0
22.15 0.0
22.1667 0.0
22.1833 0.0
22.2 0.0
22.2167 0.0
22.2333 0.0
22.25 0.0
22.2667 0.0
22.2833 0.0
22.3 0.0
22.3167 0.0
22.3333 0.0
22.35 0.0
22.3667 0.0
22.3833 0.0
22.4 0.0
22.4167 0.0
22.4333 0.0
22.45 0.0
22.4667 0.0
22.4833 0.0
22.5 0.0
22.5167 0.0
22.5333 0.0
22.55 0.0
22.5667 0.0
22.5833 0.0
22.6 0.0
22.6167 0.0
22.6333 0.0
22.65 0.0
22.6667 0.0
22.6833 0.0
22.7 0.0
22.7167 0.0
22.7333 0.0
22.75 0.0
22.7667 0.0
22.7833 0.0
22.8 0.0
22.8167 0.0
22.8333 0.0
22.85 0.0
22.8667 0.0
22.8833 0.0
22.9 0.0
22.9167 0.0
22.9333 0.0
22.95 0.0
22.9667 0.0
22.9833 0.0
23.0 0.0
23.0167 0.0
23.0333 0.0
23.05 0.0
23.0667 0.0
23.0833 0.0
23.1 0.0
23.1167 0.0
23.1333 0.0
23.15 0.0
23.1667 0.0
23.1833 0.0
23.2 0.0
23.2167 0.0
23.2333 0.0
23.25 0.0
23.2667 0.0
23.2833 0.0
23.3 0.0
23.3167 0.0
23.3333 0.0
23.35 0.0
23.3667 0.0
23.3833 0.0
23.4 0.0
23.4167 0.0
23.4333 0.0
23.45 0.0
23.4667 0.0
23.4833 0.0
23.5 0.0
23.5167 0.0
23.5333 0.0
23.55 0.0
23.5667 0.0
23.5833 0.0
23.6 0.0
23.6167 0.0
23.6333 0.0
23.65 0.0
23.6667 0.0
23.6833 0.0
23.7 0.0
23.7167 0.0
23.7333 0.0
23.75 0.0
23.7667 0.0
23.7833 0.0
23.8 0.0
23.8167 0.0
23.8333 0.0
23.85 0.0
23.8667 0.0
23.8833 0.0
23.9 0.0
23.9167 0.0
23.9333 0.0
23.95 0.0
23.9667 0.0
23.9833 0.0
