0.0 0.0
0.0167 0.0
0.0333 0.0
0.05 0.0
0.0667 0.0
0.0833 0.0
0.1 0.0
0.1167 0.0
0.1333 0.0
0.15 0.0
0.1667 0.0
0.1833 0.0
0.2 0.0
0.2167 0.0
0.2333 0.0
0.25 0.0
0.2667 0.0
0.2833 0.0
0.3 0.0
0.3167 0.0
0.3333 0.0
0.35 0.0
0.3667 0.0
0.3833 0.0
0.4 0.0
0.4167 0.0
0.4333 0.0
0.45 0.0
0.4667 0.0
0.4833 0.0
0.5 0.0
0.5167 0.0
0.5333 0.0
0.55 0.0
0.5667 0.0
0.5833 0.0
0.6 0.0
0.6167 0.0
0.6333 0.0
0.65 0.0
0.6667 0.0
0.6833 0.0
0.7 0.0
0.7167 0.0
0.7333 0.0
0.75 0.0
0.7667 0.0
0.7833 0.0
0.8 0.0
0.8167 0.0
0.8333 0.0
0.85 0.0
0.8667 0.0
0.8833 0.0
0.9 0.0
0.9167 0.0
0.9333 0.0
0.95 0.0
0.9667 0.0
0.9833 0.0
1.0 0.0
1.0167 0.0
1.0333 0.0
1.05 0.0
1.0667 0.0
1.0833 0.0
1.1 0.0
1.1167 0.0
1.1333 0.0
1.15 0.0
1.1667 0.0
1.1833 0.0
1.2 0.0
1.2167 0.0
1.2333 0.0
1.25 0.0
1.2667 0.0
1.2833 0.0
1.3 0.0
1.3167 0.0
1.3333 0.0
1.35 0.0
1.3667 0.0
1.3833 0.0
1.4 0.0
1.4167 0.0
1.4333 0.0
1.45 0.0
1.4667 0.0
1.4833 0.0
1.5 0.0
1.5167 0.0
1.5333 0.0
1.55 0.0
1.5667 0.0
1.5833 0.0
1.6 0.0
1.6167 0.0
1.6333 0.0
1.65 0.0
1.6667 0.0
1.6833 0.0
1.7 0.0
1.7167 0.0
1.7333 0.0
1.75 0.0
1.7667 0.0
1.7833 0.0
1.8 0.0
1.8167 0.0
1.8333 0.0
1.85 0.0
1.8667 0.0
1.8833 0.0
1.9 0.0
1.9167 0.0
1.9333 0.0
1.95 0.0
1.9667 0.0
1.9833 0.0
2.0 0.0
2.0167 0.0
2.0333 0.0
2.05 0.0
2.0667 0.0
2.0833 0.0
2.1 0.0
2.1167 0.0
2.1333 0.0
2.15 0.0
2.1667 0.0
2.1833 0.0
2.2 0.0
2.2167 0.0
2.2333 0.0
2.25 0.0
2.2667 0.0
2.2833 0.0
2.3 0.0
2.3167 0.0
2.3333 0.0
2.35 0.0
2.3667 0.0
2.3833 0.0
2.4 0.0
2.4167 0.0
2.4333 0.0
2.45 0.0
2.4667 0.0
2.4833 0.0
2.5 0.0
2.5167 0.0
2.5333 0.0
2.55 0.0
2.5667 0.0
2.5833 0.0
2.6 0.0
2.6167 0.0
2.6333 0.0
2.65 0.0
2.6667 0.0
2.6833 0.0
2.7 0.0
2.7167 0.0
2.7333 0.0
2.75 0.0
2.7667 0.0
2.7833 0.0
2.8 0.0
2.8167 0.0
2.8333 0.0
2.85 0.0
2.8667 0.0
2.8833 0.0
2.9 0.0
2.9167 0.0
2.9333 0.0
2.95 0.0
2.9667 0.0
2.9833 0.0
3.0 0.0
3.0167 0.0
3.0333 0.0
3.05 0.0
3.0667 0.0
3.0833 0.0
3.1 0.0
3.1167 0.0
3.1333 0.0
3.15 0.0
3.1667 0.0
3.1833 0.0
3.2 0.0
3.2167 0.0
3.2333 0.0
3.25 0.0
3.2667 0.0
3.2833 0.0
3.3 0.0
3.3167 0.0
3.3333 0.0
3.35 0.0
3.3667 0.0
3.3833 0.0
3.4 0.0
3.4167 0.0
3.4333 0.0
3.45 0.0
3.4667 0.0
3.4833 0.0
3.5 0.0
3.5167 0.0
3.5333 0.0
3.55 0.0
3.5667 0.0
3.5833 0.0
3.6 0.0
3.6167 0.0
3.6333 0.0
3.65 0.0
3.6667 0.0
3.6833 0.0
3.7 0.0
3.7167 0.0
3.7333 0.0
3.75 0.0
3.7667 0.0
3.7833 0.0
3.8 0.0
3.8167 0.0
3.8333 0.0
3.85 0.0
3.8667 0.0
3.8833 0.0
3.9 0.0
3.9167 0.0
3.9333 0.0
3.95 0.0
3.9667 0.0
3.9833 0.0
4.0 0.0
4.0167 0.0
4.0333 0.0
4.05 0.0
4.0667 0.0
4.0833 0.0
4.1 0.0
4.1167 0.0
4.1333 0.0
4.15 0.0
4.1667 0.0
4.1833 0.0
4.2 0.0
4.2167 0.0
4.2333 0.0
4.25 0.0
4.2667 0.0
4.2833 0.0
4.3 0.0
4.3167 0.0
4.3333 0.0
4.35 0.0
4.3667 0.0
4.3833 0.0
4.4 0.0
4.4167 0.0
4.4333 0.0
4.45 0.0
4.4667 0.0
4.4833 0.0
4.5 0.0
4.5167 0.0
4.5333 0.0
4.55 0.0
4.5667 0.0
4.5833 0.0
4.6 0.0
4.6167 0.0
4.6333 0.0
4.65 0.0
4.6667 0.0
4.6833 0.0
4.7 0.0
4.7167 0.0
4.7333 0.0
4.75 0.0
4.7667 0.0
4.7833 0.0
4.8 0.0
4.8167 0.0
4.8333 0.0
4.85 0.0
4.8667 0.0
4.8833 0.0
4.9 0.0
4.9167 0.0
4.9333 0.0
4.95 0.0
4.9667 0.0
4.9833 0.0
5.0 0.0
5.0167 0.0
5.0333 0.0
5.05 0.0
5.0667 0.0
5.0833 0.0
5.1 0.0
5.1167 0.0
5.1333 0.0
5.15 0.0
5.1667 0.0
5.1833 0.0
5.2 0.0
5.2167 0.0
5.2333 0.0
5.25 0.0
5.2667 0.0
5.2833 0.0
5.3 0.0
5.3167 0.0
5.3333 0.0
5.35 0.0
5.3667 0.0
5.3833 0.0
5.4 0.0
5.4167 0.0
5.4333 0.0
5.45 0.0
5.4667 0.0
5.4833 0.0
5.5 0.0
5.5167 0.0
5.5333 0.0
5.55 0.0
5.5667 0.0
5.5833 0.0
5.6 0.0
5.6167 0.0
5.6333 0.0
5.65 0.0
5.6667 0.0
5.6833 0.0
5.7 0.0
5.7167 0.0
5.7333 0.0
5.75 0.0
5.7667 0.0
5.7833 0.0
5.8 0.0
5.8167 0.0
5.8333 0.0
5.85 0.0
5.8667 0.0
5.8833 0.0
5.9 0.0
5.9167 0.0
5.9333 0.0
5.95 0.0
5.9667 0.0
5.9833 0.0
6.0 0.0
6.0167 0.0
6.0333 0.0
6.05 0.0
6.0667 0.0
6.0833 0.0
6.1 0.0
6.1167 0.0
6.1333 0.0
6.15 0.0
6.1667 0.0
6.1833 0.0
6.2 0.0
6.2167 0.0
6.2333 0.0
6.25 0.0
6.2667 0.0
6.2833 0.0
6.3 0.0
6.3167 0.0
6.3333 0.0
6.35 0.0
6.3667 3.394e-19
6.3833 3.514e-15
6.4 9.893e-13
6.4167 5.712e-11
6.4333 1.089e-09
6.45 9.06e-09
6.4667 3.569e-08
6.4833 8.734e-08
6.5 1.78e-07
6.5167 3.269e-07
6.5333 5.725e-07
6.55 9.802e-07
6.5667 1.638e-06
6.5833 2.608e-06
6.6 3.911e-06
6.6167 5.74e-06
6.6333 7.919e-06
6.65 1.075e-05
6.6667 1.448e-05
6.6833 1.916e-05
6.7 2.484e-05
6.7167 3.161e-05
6.7333 3.963e-05
6.75 4.971e-05
6.7667 6.23e-05
6.7833 7.54e-05
6.8 9.314e-05
6.8167 0.0001109
6.8333 0.0001319
6.85 0.0001564
6.8667 0.0001838
6.8833 0.0002144
6.9 0.0002487
6.9167 0.0002882
6.9333 0.0003321
6.95 0.0003722
6.9667 0.0004308
6.9833 0.0004747
7.0 0.0005265
7.0167 0.0005877
7.0333 0.0006599
7.05 0.0007353
7.0667 0.0008056
7.0833 0.0008804
7.1 0.0009597
7.1167 0.001043
7.1333 0.001131
7.15 0.001222
7.1667 0.001318
7.1833 0.001417
7.2 0.00152
7.2167 0.001628
7.2333 0.001739
7.25 0.001854
7.2667 0.001973
7.2833 0.002097
7.3 0.002224
7.3167 0.002356
7.3333 0.002493
7.35 0.002633
7.3667 0.002778
7.3833 0.002927
7.4 0.003081
7.4167 0.003239
7.4333 0.003403
7.45 0.003571
7.4667 0.003743
7.4833 0.003921
7.5 0.004104
7.5167 0.004291
7.5333 0.004484
7.55 0.004682
7.5667 0.004886
7.5833 0.005095
7.6 0.005309
7.6167 0.00553
7.6333 0.005755
7.65 0.005986
7.6667 0.006224
7.6833 0.006467
7.7 0.006716
7.7167 0.006971
7.7333 0.007233
7.75 0.0075
7.7667 0.007774
7.7833 0.008054
7.8 0.008341
7.8167 0.008634
7.8333 0.008933
7.85 0.009239
7.8667 0.009552
7.8833 0.009872
7.9 0.0102
7.9167 0.01053
7.9333 0.01087
7.95 0.01122
7.9667 0.01158
7.9833 0.01194
8.0 0.01231
8.0167 0.01268
8.0333 0.01307
8.05 0.01346
8.0667 0.01386
8.0833 0.01426
8.1 0.01468
8.1167 0.0151
8.1333 0.01552
8.15 0.01596
8.1667 0.01641
8.1833 0.01686
8.2 0.01732
8.2167 0.01778
8.2333 0.01826
8.25 0.01874
8.2667 0.01923
8.2833 0.01973
8.3 0.02024
8.3167 0.02075
8.3333 0.02128
8.35 0.02181
8.3667 0.02235
8.3833 0.02289
8.4 0.02345
8.4167 0.02401
8.4333 0.02458
8.45 0.02516
8.4667 0.02575
8.4833 0.02635
8.5 0.02695
8.5167 0.02756
8.5333 0.02818
8.55 0.02881
8.5667 0.02945
8.5833 0.03009
8.6 0.03074
8.6167 0.0314
8.6333 0.03207
8.65 0.03275
8.6667 0.03343
8.6833 0.03412
8.7 0.03482
8.7167 0.03553
8.7333 0.03625
8.75 0.03697
8.7667 0.0377
8.7833 0.03844
8.8 0.03919
8.8167 0.03994
8.8333 0.0407
8.85 0.04148
8.8667 0.04225
8.8833 0.04304
8.9 0.04383
8.9167 0.04463
8.9333 0.04544
8.95 0.04625
8.9667 0.04707
8.9833 0.0479
9.0 0.04874
9.0167 0.04959
9.0333 0.05044
9.05 0.05129
9.0667 0.05216
9.0833 0.05303
9.1 0.05391
9.1167 0.05479
9.1333 0.05569
9.15 0.05658
9.1667 0.05749
9.1833 0.0584
9.2 0.05932
9.2167 0.06024
9.2333 0.06117
9.25 0.0621
9.2667 0.06305
9.2833 0.064
9.3 0.06495
9.3167 0.06591
9.3333 0.06687
9.35 0.06784
9.3667 0.06882
9.3833 0.0698
9.4 0.07079
9.4167 0.07178
9.4333 0.07278
9.45 0.07378
9.4667 0.07479
9.4833 0.0758
9.5 0.07682
9.5167 0.07783
9.5333 0.07886
9.55 0.07989
9.5667 0.08093
9.5833 0.08196
9.6 0.08301
9.6167 0.08405
9.6333 0.0851
9.65 0.08616
9.6667 0.08721
9.6833 0.08827
9.7 0.08934
9.7167 0.0904
9.7333 0.09147
9.75 0.09255
9.7667 0.09363
9.7833 0.09471
9.8 0.09578
9.8167 0.09687
9.8333 0.09796
9.85 0.09905
9.8667 0.1001
9.8833 0.1012
9.9 0.1023
9.9167 0.1034
9.9333 0.1045
9.95 0.1056
9.9667 0.1067
9.9833 0.1078
10.0 0.1089
10.0167 0.11
10.0333 0.1111
10.05 0.1122
10.0667 0.1133
10.0833 0.1145
10.1 0.1156
10.1167 0.1167
10.1333 0.1178
10.15 0.1189
10.1667 0.12
10.1833 0.1211
10.2 0.1222
10.2167 0.1233
10.2333 0.1244
10.25 0.1255
10.2667 0.1266
10.2833 0.1277
10.3 0.1288
10.3167 0.1299
10.3333 0.131
10.35 0.1321
10.3667 0.1332
10.3833 0.1343
10.4 0.1354
10.4167 0.1365
10.4333 0.1376
10.45 0.1386
10.4667 0.1397
10.4833 0.1408
10.5 0.1419
10.5167 0.143
10.5333 0.1441
10.55 0.1451
10.5667 0.1462
10.5833 0.1472
10.6 0.1483
10.6167 0.1493
10.6333 0.1504
10.65 0.1514
10.6667 0.1525
10.6833 0.1535
10.7 0.1545
10.7167 0.1556
10.7333 0.1566
10.75 0.1576
10.7667 0.1586
10.7833 0.1596
10.8 0.1606
10.8167 0.1616
10.8333 0.1626
10.85 0.1636
10.8667 0.1646
10.8833 0.1656
10.9 0.1665
10.9167 0.1675
10.9333 0.1685
10.95 0.1694
10.9667 0.1704
10.9833 0.1713
11.0 0.1722
11.0167 0.1731
11.0333 0.1741
11.05 0.175
11.0667 0.1759
11.0833 0.1768
11.1 0.1777
11.1167 0.1785
11.1333 0.1794
11.15 0.1803
11.1667 0.1811
11.1833 0.182
11.2 0.1828
11.2167 0.1837
11.2333 0.1845
11.25 0.1853
11.2667 0.1861
11.2833 0.1869
11.3 0.1877
11.3167 0.1885
11.3333 0.1893
11.35 0.19
11.3667 0.1908
11.3833 0.1915
11.4 0.1923
11.4167 0.193
11.4333 0.1937
11.45 0.1945
11.4667 0.1952
11.4833 0.1958
11.5 0.1965
11.5167 0.1972
11.5333 0.1979
11.55 0.1985
11.5667 0.1992
11.5833 0.1998
11.6 0.2004
11.6167 0.201
11.6333 0.2016
11.65 0.2022
11.6667 0.2028
11.6833 0.2034
11.7 0.2038
11.7167 0.2045
11.7333 0.205
11.75 0.2055
11.7667 0.206
11.7833 0.2065
11.8 0.2069
11.8167 0.2074
11.8333 0.208
11.85 0.2085
11.8667 0.2089
11.8833 0.2093
11.9 0.2097
11.9167 0.2102
11.9333 0.2106
11.95 0.211
11.9667 0.2113
11.9833 0.2117
12.0 0.2121
12.0167 0.2123
12.0333 0.2127
12.05 0.2131
12.0667 0.2133
12.0833 0.2137
12.1 0.214
12.1167 0.2142
12.1333 0.2145
12.15 0.2147
12.1667 0.215
12.1833 0.2151
12.2 0.2154
12.2167 0.2156
12.2333 0.2158
12.25 0.216
12.2667 0.2161
12.2833 0.2163
12.3 0.2164
12.3167 0.2165
12.3333 0.2167
12.35 0.2168
12.3667 0.2168
12.3833 0.2168
12.4 0.2168
12.4167 0.2169
12.4333 0.2169
12.45 0.217
12.4667 0.217
12.4833 0.217
12.5 0.217
12.5167 0.217
12.5333 0.2169
12.55 0.2168
12.5667 0.2168
12.5833 0.2168
12.6 0.2168
12.6167 0.2167
12.6333 0.2166
12.65 0.2164
12.6667 0.2163
12.6833 0.2162
12.7 0.216
12.7167 0.2158
12.7333 0.2156
12.75 0.2154
12.7667 0.2152
12.7833 0.215
12.8 0.2148
12.8167 0.2145
12.8333 0.2143
12.85 0.214
12.8667 0.2137
12.8833 0.2134
12.9 0.2131
12.9167 0.2128
12.9333 0.2125
12.95 0.2121
12.9667 0.2118
12.9833 0.2114
13.0 0.2111
13.0167 0.2107
13.0333 0.2103
13.05 0.2098
13.0667 0.2094
13.0833 0.209
13.1 0.2086
13.1167 0.2081
13.1333 0.2076
13.15 0.2071
13.1667 0.2067
13.1833 0.2061
13.2 0.2056
13.2167 0.2051
13.2333 0.2046
13.25 0.204
13.2667 0.2035
13.2833 0.2029
13.3 0.2023
13.3167 0.2018
13.3333 0.2011
13.35 0.2005
13.3667 0.1999
13.3833 0.1993
13.4 0.1987
13.4167 0.198
13.4333 0.1973
13.45 0.1967
13.4667 0.196
13.4833 0.1953
13.5 0.1946
13.5167 0.1938
13.5333 0.1932
13.55 0.1925
13.5667 0.1917
13.5833 0.191
13.6 0.1902
13.6167 0.1895
13.6333 0.1887
13.65 0.1879
13.6667 0.1871
13.6833 0.1863
13.7 0.1855
13.7167 0.1846
13.7333 0.1838
13.75 0.183
13.7667 0.1822
13.7833 0.1813
13.8 0.1805
13.8167 0.1796
13.8333 0.1787
13.85 0.1779
13.8667 0.177
13.8833 0.1761
13.9 0.1751
13.9167 0.1743
13.9333 0.1734
13.95 0.1724
13.9667 0.1715
13.9833 0.1706
14.0 0.1696
14.0167 0.1686
14.0333 0.1677
14.05 0.1668
14.0667 0.1658
14.0833 0.1648
14.1 0.1638
14.1167 0.1629
14.1333 0.1619
14.15 0.1609
14.1667 0.1599
14.1833 0.1589
14.2 0.1578
14.2167 0.1568
14.2333 0.1558
14.25 0.1548
14.2667 0.1537
14.2833 0.1527
14.3 0.1517
14.3167 0.1506
14.3333 0.1496
14.35 0.1485
14.3667 0.1475
14.3833 0.1464
14.4 0.1454
14.4167 0.1443
14.4333 0.1432
14.45 0.1422
14.4667 0.141
14.4833 0.14
14.5 0.1389
14.5167 0.1378
14.5333 0.1367
14.55 0.1356
14.5667 0.1346
14.5833 0.1334
14.6 0.1324
14.6167 0.1313
14.6333 0.1302
14.65 0.1291
14.6667 0.128
14.6833 0.1269
14.7 0.1257
14.7167 0.1247
14.7333 0.1236
14.75 0.1225
14.7667 0.1213
14.7833 0.1202
14.8 0.1191
14.8167 0.118
14.8333 0.1169
14.85 0.1158
14.8667 0.1147
14.8833 0.1136
14.9 0.1125
14.9167 0.1114
14.9333 0.1103
14.95 0.1092
14.9667 0.1081
14.9833 0.107
15.0 0.1059
15.0167 0.1048
15.0333 0.1037
15.05 0.1026
15.0667 0.1015
15.0833 0.1004
15.1 0.09929
15.1167 0.0982
15.1333 0.09712
15.15 0.09603
15.1667 0.09495
15.1833 0.09387
15.2 0.09279
15.2167 0.09172
15.2333 0.09065
15.25 0.08958
15.2667 0.08852
15.2833 0.08746
15.3 0.0864
15.3167 0.08534
15.3333 0.08429
15.35 0.08325
15.3667 0.0822
15.3833 0.08116
15.4 0.08013
15.4167 0.0791
15.4333 0.07807
15.45 0.07705
15.4667 0.07603
15.4833 0.07502
15.5 0.07401
15.5167 0.07301
15.5333 0.07201
15.55 0.07102
15.5667 0.07003
15.5833 0.06905
15.6 0.06807
15.6167 0.0671
15.6333 0.06613
15.65 0.06517
15.6667 0.06421
15.6833 0.06326
15.7 0.06232
15.7167 0.06138
15.7333 0.06045
15.75 0.05953
15.7667 0.05861
15.7833 0.0577
15.8 0.05679
15.8167 0.05589
15.8333 0.055
15.85 0.05411
15.8667 0.05323
15.8833 0.05236
15.9 0.05149
15.9167 0.05063
15.9333 0.04978
15.95 0.04894
15.9667 0.0481
15.9833 0.04727
16.0 0.04644
16.0167 0.04563
16.0333 0.04482
16.05 0.04401
16.0667 0.04322
16.0833 0.04243
16.1 0.04165
16.1167 0.04088
16.1333 0.04012
16.15 0.03936
16.1667 0.03861
16.1833 0.03787
16.2 0.03714
16.2167 0.03641
16.2333 0.0357
16.25 0.03499
16.2667 0.03428
16.2833 0.03359
16.3 0.0329
16.3167 0.03223
16.3333 0.03156
16.35 0.03089
16.3667 0.03024
16.3833 0.02959
16.4 0.02896
16.4167 0.02833
16.4333 0.02771
16.45 0.02709
16.4667 0.02649
16.4833 0.02589
16.5 0.0253
16.5167 0.02472
16.5333 0.02415
16.55 0.02358
16.5667 0.02302
16.5833 0.02247
16.6 0.02193
16.6167 0.0214
16.6333 0.02088
16.65 0.02036
16.6667 0.01985
16.6833 0.01935
16.7 0.01886
16.7167 0.01837
16.7333 0.0179
16.75 0.01743
16.7667 0.01696
16.7833 0.01651
16.8 0.01607
16.8167 0.01563
16.8333 0.0152
16.85 0.01477
16.8667 0.01436
16.8833 0.01395
16.9 0.01355
16.9167 0.01316
16.9333 0.01277
16.95 0.01239
16.9667 0.01202
16.9833 0.01166
17.0 0.0113
17.0167 0.01095
17.0333 0.01061
17.05 0.01028
17.0667 0.009949
17.0833 0.009628
17.1 0.009313
17.1167 0.009005
17.1333 0.008704
17.15 0.008409
17.1667 0.008121
17.1833 0.00784
17.2 0.007564
17.2167 0.007296
17.2333 0.007033
17.25 0.006776
17.2667 0.006526
17.2833 0.006281
17.3 0.006043
17.3167 0.00581
17.3333 0.005583
17.35 0.005361
17.3667 0.005146
17.3833 0.004935
17.4 0.004731
17.4167 0.004531
17.4333 0.004337
17.45 0.004148
17.4667 0.003964
17.4833 0.003785
17.5 0.003611
17.5167 0.003442
17.5333 0.003278
17.55 0.003118
17.5667 0.002963
17.5833 0.002813
17.6 0.002667
17.6167 0.002526
17.6333 0.002389
17.65 0.002256
17.6667 0.002127
17.6833 0.002003
17.7 0.001882
17.7167 0.001766
17.7333 0.001654
17.75 0.001546
17.7667 0.001442
17.7833 0.001341
17.8 0.001245
17.8167 0.001152
17.8333 0.001064
17.85 0.0009796
17.8667 0.0008993
17.8833 0.0008233
17.9 0.0007519
17.9167 0.0006792
17.9333 0.0006045
17.95 0.0005404
17.9667 0.0004865
17.9833 0.0004407
18.0 0.0003829
18.0167 0.0003434
18.0333 0.0002964
18.05 0.0002573
18.0667 0.0002238
18.0833 0.0001947
18.1 0.0001654
18.1167 0.0001379
18.1333 0.0001153
18.15 9.643e-05
18.1667 7.998e-05
18.1833 6.479e-05
18.2 5.246e-05
18.2167 4.232e-05
18.2333 3.333e-05
18.25 2.605e-05
18.2667 2.015e-05
18.2833 1.541e-05
18.3 1.164e-05
18.3167 8.658e-06
18.3333 6.152e-06
18.35 4.347e-06
18.3667 2.866e-06
18.3833 1.844e-06
18.4 1.126e-06
18.4167 6.595e-07
18.4333 3.79e-07
18.45 2.098e-07
18.4667 1.069e-07
18.4833 4.479e-08
18.5 1.347e-08
18.5167 2.052e-09
18.5333 1.299e-10
18.55 2.903e-12
18.5667 1.644e-14
18.5833 7.712e-18
18.6 0.0
18.6167 0.0
18.6333 0.0
18.65 0.0
18.6667 0.0
18.6833 0.0
18.7 0.0
18.7167 0.0
18.7333 0.0
18.75 0.0
18.7667 0.0
18.7833 0.0
18.8 0.0
18.8167 0.0
18.8333 0.0
18.85 0.0
18.8667 0.0
18.8833 0.0
18.9 0.0
18.9167 0.0
18.9333 0.0
18.95 0.0
18.9667 0.0
18.9833 0.0
19.0 0.0
19.0167 0.0
19.0333 0.0
19.05 0.0
19.0667 0.0
19.0833 0.0
19.1 0.0
19.1167 0.0
19.1333 0.0
19.15 0.0
19.1667 0.0
19.1833 0.0
19.2 0.0
19.2167 0.0
19.2333 0.0
19.25 0.0
19.2667 0.0
19.2833 0.0
19.3 0.0
19.3167 0.0
19.3333 0.0
19.35 0.0
19.3667 0.0
19.3833 0.0
19.4 0.0
19.4167 0.0
19.4333 0.0
19.45 0.0
19.4667 0.0
19.4833 0.0
19.5 0.0
19.5167 0.0
19.5333 0.0
19.55 0.0
19.5667 0.0
19.5833 0.0
19.6 0.0
19.6167 0.0
19.6333 0.0
19.65 0.0
19.6667 0.0
19.6833 0.0
19.7 0.0
19.7167 0.0
19.7333 0.0
19.75 0.0
19.7667 0.0
19.7833 0.0
19.8 0.0
19.8167 0.0
19.8333 0.0
19.85 0.0
19.8667 0.0
19.8833 0.0
19.9 0.0
19.9167 0.0
19.9333 0.0
19.95 0.0
19.9667 0.0
19.9833 0.0
20.0 0.0
20.0167 0.0
20.0333 0.0
20.05 0.0
20.0667 0.0
20.0833 0.0
20.1 0.0
20.1167 0.0
20.1333 0.0
20.15 0.0
20.1667 0.0
20.1833 0.0
20.2 0.0
20.2167 0.0
20.2333 0.0
20.25 0.0
20.2667 0.0
20.2833 0.0
20.3 0.0
20.3167 0.0
20.3333 0.0
20.35 0.0
20.3667 0.0
20.3833 0.0
20.4 0.0
20.4167 0.0
20.4333 0.0
20.45 0.0
20.4667 0.0
20.4833 0.0
20.5 0.0
20.5167 0.0
20.5333 0.0
20.55 0.0
20.5667 0.0
20.5833 0.0
20.6 0.0
20.6167 0.0
20.6333 0.0
20.65 0.0
20.6667 0.0
20.6833 0.0
20.7 0.0
20.7167 0.0
20.7333 0.0
20.75 0.0
20.7667 0.0
20.7833 0.0
20.8 0.0
20.8167 0.0
20.8333 0.0
20.85 0.0
20.8667 0.0
20.8833 0.0
20.9 0.0
20.9167 0.0
20.9333 0.0
20.95 0.0
20.9667 0.0
20.9833 0.0
21.0 0.0
21.0167 0.0
21.0333 0.0
21.05 0.0
21.0667 0.0
21.0833 0.0
21.1 0.0
21.1167 0.0
21.1333 0.0
21.15 0.0
21.1667 0.0
21.1833 0.0
21.2 0.0
21.2167 0.0
21.2333 0.0
21.25 0.0
21.2667 0.0
21.2833 0.0
21.3 0.0
21.3167 0.0
21.3333 0.0
21.35 0.0
21.3667 0.0
21.3833 0.0
21.4 0.0
21.4167 0.0
21.4333 0.0
21.45 0.0
21.4667 0.0
21.4833 0.0
21.5 0.0
21.5167 0.0
21.5333 0.0
21.55 0.0
21.5667 0.0
21.5833 0.0
21.6 0.0
21.6167 0.0
21.6333 0.0
21.65 0.0
21.6667 0.0
21.6833 0.0
21.7 0.0
21.7167 0.0
21.7333 0.0
21.75 0.0
21.7667 0.0
21.7833 0.0
21.8 0.0
21.8167 0.0
21.8333 0.0
21.85 0.0
21.8667 0.0
21.8833 0.0
21.9 0.0
21.9167 0.0
21.9333 0.0
21.95 0.0
21.9667 0.0
21.9833 0.0
22.0 0.0
22.0167 0.0
22.0333 0.0
22.05 0.0
22.0667 0.0
22.0833 0.0
22.1 0.0
22.1167 0.0
22.1333 0.0
22.15 0.0
22.1667 0.0
22.1833 0.0
22.2 0.0
22.2167 0.0
22.2333 0.0
22.25 0.0
22.2667 0.0
22.2833 0.0
22.3 0.0
22.3167 0.0
22.3333 0.0
22.35 0.0
22.3667 0.0
22.3833 0.0
22.4 0.0
22.4167 0.0
22.4333 0.0
22.45 0.0
22.4667 0.0
22.4833 0.0
22.5 0.0
22.5167 0.0
22.5333 0.0
22.55 0.0
22.5667 0.0
22.5833 0.0
22.6 0.0
22.6167 0.0
22.6333 0.0
22.65 0.0
22.6667 0.0
22.6833 0.0
22.7 0.0
22.7167 0.0
22.7333 0.0
22.75 0.0
22.7667 0.0
22.7833 0.0
22.8 0.0
22.8167 0.0
22.8333 0.0
22.85 0.0
22.8667 0.0
22.8833 0.0
22.9 0.0
22.9167 0.0
22.9333 0.0
22.95 0.0
22.9667 0.0
22.9833 0.0
23.0 0.0
23.0167 0.0
23.0333 0.0
23.05 0.0
23.0667 0.0
23.0833 0.0
23.1 0.0
23.1167 0.0
23.1333 0.0
23.15 0.0
23.1667 0.0
23.1833 0.0
23.2 0.0
23.2167 0.0
23.2333 0.0
23.25 0.0
23.2667 0.0
23.2833 0.0
23.3 0.0
23.3167 0.0
23.3333 0.0
23.35 0.0
23.3667 0.0
23.3833 0.0
23.4 0.0
23.4167 0.0
23.4333 0.0
23.45 0.0
23.4667 0.0
23.4833 0.0
23.5 0.0
23.5167 0.0
23.5333 0.0
23.55 0.0
23.5667 0.0
23.5833 0.0
23.6 0.0
23.6167 0.0
23.6333 0.0
23.65 0.0
23.6667 0.0
23.6833 0.0
23.7 0.0
23.7167 0.0
23.7333 0.0
23.75 0.0
23.7667 0.0
23.7833 0.0
23.8 0.0
23.8167 0.0
23.8333 0.0
23.85 0.0
23.8667 0.0
23.8833 0.0
23.9 0.0
23.9167 0.0
23.9333 0.0
23.95 0.0
23.9667 0.0
23.9833 0.0
