0.0 0.0
0.0167 0.0
0.0333 0.0
0.05 0.0
0.0667 0.0
0.0833 0.0
0.1 0.0
0.1167 0.0
0.1333 0.0
0.15 0.0
0.1667 0.0
0.1833 0.0
0.2 0.0
0.2167 0.0
0.2333 0.0
0.25 0.0
0.2667 0.0
0.2833 0.0
0.3 0.0
0.3167 0.0
0.3333 0.0
0.35 0.0
0.3667 0.0
0.3833 0.0
0.4 0.0
0.4167 0.0
0.4333 0.0
0.45 0.0
0.4667 0.0
0.4833 0.0
0.5 0.0
0.5167 0.0
0.5333 0.0
0.55 0.0
0.5667 0.0
0.5833 0.0
0.6 0.0
0.6167 0.0
0.6333 0.0
0.65 0.0
0.6667 0.0
0.6833 0.0
0.7 0.0
0.7167 0.0
0.7333 0.0
0.75 0.0
0.7667 0.0
0.7833 0.0
0.8 0.0
0.8167 0.0
0.8333 0.0
0.85 0.0
0.8667 0.0
0.8833 0.0
0.9 0.0
0.9167 0.0
0.9333 0.0
0.95 0.0
0.9667 0.0
0.9833 0.0
1.0 0.0
1.0167 0.0
1.0333 0.0
1.05 0.0
1.0667 0.0
1.0833 0.0
1.1 0.0
1.1167 0.0
1.1333 0.0
1.15 0.0
1.1667 0.0
1.1833 0.0
1.2 0.0
1.2167 0.0
1.2333 0.0
1.25 0.0
1.2667 0.0
1.2833 0.0
1.3 0.0
1.3167 0.0
1.3333 0.0
1.35 0.0
1.3667 0.0
1.3833 0.0
1.4 0.0
1.4167 0.0
1.4333 0.0
1.45 0.0
1.4667 0.0
1.4833 0.0
1.5 0.0
1.5167 0.0
1.5333 0.0
1.55 0.0
1.5667 0.0
1.5833 0.0
1.6 0.0
1.6167 0.0
1.6333 0.0
1.65 0.0
1.6667 0.0
1.6833 0.0
1.7 0.0
1.7167 0.0
1.7333 0.0
1.75 0.0
1.7667 0.0
1.7833 0.0
1.8 0.0
1.8167 0.0
1.8333 0.0
1.85 0.0
1.8667 0.0
1.8833 0.0
1.9 0.0
1.9167 0.0
1.9333 0.0
1.95 0.0
1.9667 0.0
1.9833 0.0
2.0 0.0
2.0167 0.0
2.0333 0.0
2.05 0.0
2.0667 0.0
2.0833 0.0
2.1 0.0
2.1167 0.0
2.1333 0.0
2.15 0.0
2.1667 0.0
2.1833 0.0
2.2 0.0
2.2167 0.0
2.2333 0.0
2.25 0.0
2.2667 0.0
2.2833 0.0
2.3 0.0
2.3167 0.0
2.3333 0.0
2.35 0.0
2.3667 0.0
2.3833 0.0
2.4 0.0
2.4167 0.0
2.4333 0.0
2.45 0.0
2.4667 0.0
2.4833 0.0
2.5 0.0
2.5167 0.0
2.5333 0.0
2.55 0.0
2.5667 0.0
2.5833 0.0
2.6 0.0
2.6167 0.0
2.6333 0.0
2.65 0.0
2.6667 0.0
2.6833 0.0
2.7 0.0
2.7167 0.0
2.7333 0.0
2.75 0.0
2.7667 0.0
2.7833 0.0
2.8 0.0
2.8167 0.0
2.8333 0.0
2.85 0.0
2.8667 0.0
2.8833 0.0
2.9 0.0
2.9167 0.0
2.9333 0.0
2.95 0.0
2.9667 0.0
2.9833 0.0
3.0 0.0
3.0167 0.0
3.0333 0.0
3.05 0.0
3.0667 0.0
3.0833 0.0
3.1 0.0
3.1167 0.0
3.1333 0.0
3.15 0.0
3.1667 0.0
3.1833 0.0
3.2 0.0
3.2167 0.0
3.2333 0.0
3.25 0.0
3.2667 0.0
3.2833 0.0
3.3 0.0
3.3167 0.0
3.3333 0.0
3.35 0.0
3.3667 0.0
3.3833 0.0
3.4 0.0
3.4167 0.0
3.4333 0.0
3.45 0.0
3.4667 0.0
3.4833 0.0
3.5 0.0
3.5167 0.0
3.5333 0.0
3.55 0.0
3.5667 0.0
3.5833 0.0
3.6 0.0
3.6167 0.0
3.6333 0.0
3.65 0.0
3.6667 0.0
3.6833 0.0
3.7 0.0
3.7167 0.0
3.7333 0.0
3.75 0.0
3.7667 0.0
3.7833 0.0
3.8 0.0
3.8167 0.0
3.8333 0.0
3.85 0.0
3.8667 0.0
3.8833 0.0
3.9 0.0
3.9167 0.0
3.9333 0.0
3.95 0.0
3.9667 0.0
3.9833 0.0
4.0 0.0
4.0167 0.0
4.0333 0.0
4.05 0.0
4.0667 0.0
4.0833 0.0
4.1 0.0
4.1167 0.0
4.1333 0.0
4.15 0.0
4.1667 0.0
4.1833 0.0
4.2 0.0
4.2167 0.0
4.2333 0.0
4.25 0.0
4.2667 0.0
4.2833 0.0
4.3 0.0
4.3167 0.0
4.3333 0.0
4.35 0.0
4.3667 0.0
4.3833 0.0
4.4 0.0
4.4167 0.0
4.4333 0.0
4.45 0.0
4.4667 0.0
4.4833 0.0
4.5 0.0
4.5167 0.0
4.5333 0.0
4.55 0.0
4.5667 0.0
4.5833 0.0
4.6 0.0
4.6167 0.0
4.6333 0.0
4.65 0.0
4.6667 0.0
4.6833 0.0
4.7 0.0
4.7167 0.0
4.7333 0.0
4.75 0.0
4.7667 0.0
4.7833 0.0
4.8 0.0
4.8167 0.0
4.8333 0.0
4.85 0.0
4.8667 0.0
4.8833 0.0
4.9 0.0
4.9167 0.0
4.9333 0.0
4.95 0.0
4.9667 0.0
4.9833 0.0
5.0 0.0
5.0167 0.0
5.0333 0.0
5.05 0.0
5.0667 0.0
5.0833 0.0
5.1 0.0
5.1167 0.0
5.1333 0.0
5.15 0.0
5.1667 0.0
5.1833 0.0
5.2 0.0
5.2167 0.0
5.2333 0.0
5.25 0.0
5.2667 0.0
5.2833 0.0
5.3 0.0
5.3167 0.0
5.3333 0.0
5.35 0.0
5.3667 0.0
5.3833 0.0
5.4 0.0
5.4167 0.0
5.4333 0.0
5.45 0.0
5.4667 0.0
5.4833 0.0
5.5 0.0
5.5167 0.0
5.5333 0.0
5.55 0.0
5.5667 0.0
5.5833 0.0
5.6 0.0
5.6167 0.0
5.6333 0.0
5.65 0.0
5.6667 0.0
5.6833 0.0
5.7 0.0
5.7167 0.0
5.7333 0.0
5.75 0.0
5.7667 0.0
5.7833 0.0
5.8 0.0
5.8167 0.0
5.8333 0.0
5.85 5.038e-32
5.8667 2.589e-15
5.8833 9.628e-13
5.9 6.862e-11
5.9167 1.344e-09
5.9333 1.17e-08
5.95 4.151e-08
5.9667 1.029e-07
5.9833 2.062e-07
6.0 3.816e-07
6.0167 6.824e-07
6.0333 1.173e-06
6.05 1.925e-06
6.0667 3.006e-06
6.0833 4.516e-06
6.1 6.543e-06
6.1167 9.02e-06
6.1333 1.228e-05
6.15 1.667e-05
6.1667 2.188e-05
6.1833 2.843e-05
6.2 3.662e-05
6.2167 4.653e-05
6.2333 5.768e-05
6.25 7.224e-05
6.2667 8.808e-05
6.2833 0.0001087
6.3 0.0001299
6.3167 0.0001547
6.3333 0.0001832
6.35 0.0002156
6.3667 0.0002527
6.3833 0.0002966
6.4 0.0003332
6.4167 0.0003876
6.4333 0.000432
6.45 0.000485
6.4667 0.0005485
6.4833 0.000624
6.5 0.0006899
6.5167 0.0007611
6.5333 0.0008367
6.55 0.0009168
6.5667 0.001001
6.5833 0.00109
6.6 0.001182
6.6167 0.00128
6.6333 0.001381
6.65 0.001486
6.6667 0.001596
6.6833 0.00171
6.7 0.001828
6.7167 0.001951
6.7333 0.002079
6.75 0.00221
6.7667 0.002347
6.7833 0.002488
6.8 0.002635
6.8167 0.002786
6.8333 0.002942
6.85 0.003103
6.8667 0.003269
6.8833 0.003441
6.9 0.003618
6.9167 0.003801
6.9333 0.003989
6.95 0.004183
6.9667 0.004383
6.9833 0.004589
7.0 0.004802
7.0167 0.00502
7.0333 0.005245
7.05 0.005476
7.0667 0.005714
7.0833 0.005959
7.1 0.00621
7.1167 0.006469
7.1333 0.006734
7.15 0.007006
7.1667 0.007286
7.1833 0.007574
7.2 0.007868
7.2167 0.00817
7.2333 0.00848
7.25 0.008798
7.2667 0.009124
7.2833 0.009458
7.3 0.0098
7.3167 0.01015
7.3333 0.01051
7.35 0.01088
7.3667 0.01125
7.3833 0.01164
7.4 0.01203
7.4167 0.01243
7.4333 0.01284
7.45 0.01326
7.4667 0.01369
7.4833 0.01413
7.5 0.01458
7.5167 0.01503
7.5333 0.0155
7.55 0.01598
7.5667 0.01646
7.5833 0.01696
7.6 0.01747
7.6167 0.01798
7.6333 0.01851
7.65 0.01904
7.6667 0.01959
7.6833 0.02015
7.7 0.02071
7.7167 0.02129
7.7333 0.02188
7.75 0.02248
7.7667 0.02308
7.7833 0.0237
7.8 0.02433
7.8167 0.02497
7.8333 0.02563
7.85 0.02629
7.8667 0.02696
7.8833 0.02765
7.9 0.02834
7.9167 0.02905
7.9333 0.02977
7.95 0.0305
7.9667 0.03123
7.9833 0.03199
8.0 0.03275
8.0167 0.03352
8.0333 0.03431
8.05 0.0351
8.0667 0.03591
8.0833 0.03673
8.1 0.03756
8.1167 0.0384
8.1333 0.03925
8.15 0.04012
8.1667 0.04099
8.1833 0.04188
8.2 0.04278
8.2167 0.04369
8.2333 0.04461
8.25 0.04554
8.2667 0.04649
8.2833 0.04744
8.3 0.04841
8.3167 0.04939
8.3333 0.05038
8.35 0.05138
8.3667 0.05239
8.3833 0.05342
8.4 0.05445
8.4167 0.0555
8.4333 0.05656
8.45 0.05763
8.4667 0.05871
8.4833 0.0598
8.5 0.0609
8.5167 0.06201
8.5333 0.06314
8.55 0.06427
8.5667 0.06542
8.5833 0.06658
8.6 0.06774
8.6167 0.06892
8.6333 0.07011
8.65 0.07131
8.6667 0.07252
8.6833 0.07374
8.7 0.07497
8.7167 0.07621
8.7333 0.07747
8.75 0.07873
8.7667 0.08
8.7833 0.08129
8.8 0.08258
8.8167 0.08388
8.8333 0.08519
8.85 0.08651
8.8667 0.08785
8.8833 0.08919
8.9 0.09054
8.9167 0.0919
8.9333 0.09327
8.95 0.09465
8.9667 0.09604
8.9833 0.09744
9.0 0.09884
9.0167 0.1003
9.0333 0.1017
9.05 0.1031
9.0667 0.1045
9.0833 0.106
9.1 0.1075
9.1167 0.1089
9.1333 0.1104
9.15 0.1119
9.1667 0.1134
9.1833 0.1149
9.2 0.1164
9.2167 0.1179
9.2333 0.1194
9.25 0.1209
9.2667 0.1225
9.2833 0.124
9.3 0.1256
9.3167 0.1271
9.3333 0.1287
9.35 0.1302
9.3667 0.1318
9.3833 0.1334
9.4 0.135
9.4167 0.1366
9.4333 0.1382
9.45 0.1397
9.4667 0.1414
9.4833 0.143
9.5 0.1446
9.5167 0.1463
9.5333 0.1479
9.55 0.1495
9.5667 0.1512
9.5833 0.1528
9.6 0.1545
9.6167 0.1561
9.6333 0.1578
9.65 0.1595
9.6667 0.1611
9.6833 0.1628
9.7 0.1645
9.7167 0.1661
9.7333 0.1678
9.75 0.1695
9.7667 0.1712
9.7833 0.1728
9.8 0.1746
9.8167 0.1763
9.8333 0.178
9.85 0.1797
9.8667 0.1814
9.8833 0.183
9.9 0.1848
9.9167 0.1865
9.9333 0.1882
9.95 0.1899
9.9667 0.1916
9.9833 0.1933
10.0 0.195
10.0167 0.1967
10.0333 0.1984
10.05 0.2001
10.0667 0.2019
10.0833 0.2036
10.1 0.2053
10.1167 0.207
10.1333 0.2087
10.15 0.2104
10.1667 0.2121
10.1833 0.2138
10.2 0.2155
10.2167 0.2172
10.2333 0.2189
10.25 0.2206
10.2667 0.2223
10.2833 0.224
10.3 0.2257
10.3167 0.2274
10.3333 0.2291
10.35 0.2307
10.3667 0.2325
10.3833 0.2341
10.4 0.2358
10.4167 0.2374
10.4333 0.2391
10.45 0.2408
10.4667 0.2425
10.4833 0.2441
10.5 0.2458
10.5167 0.2474
10.5333 0.2491
10.55 0.2507
10.5667 0.2523
10.5833 0.254
10.6 0.2556
10.6167 0.2572
10.6333 0.2588
10.65 0.2604
10.6667 0.262
10.6833 0.2636
10.7 0.2652
10.7167 0.2668
10.7333 0.2683
10.75 0.2699
10.7667 0.2715
10.7833 0.2729
10.8 0.2745
10.8167 0.276
10.8333 0.2776
10.85 0.2791
10.8667 0.2806
10.8833 0.2822
10.9 0.2836
10.9167 0.2851
10.9333 0.2866
10.95 0.288
10.9667 0.2895
10.9833 0.291
11.0 0.2924
11.0167 0.2939
11.0333 0.2953
11.05 0.2966
11.0667 0.2981
11.0833 0.2995
11.1 0.3009
11.1167 0.3023
11.1333 0.3036
11.15 0.3049
11.1667 0.3063
11.1833 0.3077
11.2 0.309
11.2167 0.3103
11.2333 0.3116
11.25 0.3129
11.2667 0.3142
11.2833 0.3154
11.3 0.3166
11.3167 0.3179
11.3333 0.3192
11.35 0.3204
11.3667 0.3216
11.3833 0.3228
11.4 0.324
11.4167 0.3251
11.4333 0.3263
11.45 0.3273
11.4667 0.3286
11.4833 0.3297
11.5 0.3308
11.5167 0.3317
11.5333 0.3329
11.55 0.334
11.5667 0.3351
11.5833 0.3361
11.6 0.3371
11.6167 0.3381
11.6333 0.3391
11.65 0.3401
11.6667 0.3411
11.6833 0.342
11.7 0.343
11.7167 0.3439
11.7333 0.3448
11.75 0.3457
11.7667 0.3466
11.7833 0.3474
11.8 0.3483
11.8167 0.3491
11.8333 0.3499
11.85 0.3506
11.8667 0.3512
11.8833 0.3523
11.9 0.3531
11.9167 0.3538
11.9333 0.3544
11.95 0.3552
11.9667 0.3559
11.9833 0.3566
12.0 0.3573
12.0167 0.3579
12.0333 0.3585
12.05 0.3592
12.0667 0.3597
12.0833 0.3602
12.1 0.3607
12.1167 0.3614
12.1333 0.362
12.15 0.3625
12.1667 0.363
12.1833 0.3635
12.2 0.3639
12.2167 0.3644
12.2333 0.3648
12.25 0.3652
12.2667 0.3656
12.2833 0.366
12.3 0.3663
12.3167 0.3667
12.3333 0.3671
12.35 0.3674
12.3667 0.3677
12.3833 0.368
12.4 0.3682
12.4167 0.3682
12.4333 0.3684
12.45 0.3688
12.4667 0.3691
12.4833 0.3693
12.5 0.3694
12.5167 0.3696
12.5333 0.3697
12.55 0.3698
12.5667 0.3699
12.5833 0.37
12.6 0.37
12.6167 0.3701
12.6333 0.3701
12.65 0.3701
12.6667 0.3701
12.6833 0.3701
12.7 0.37
12.7167 0.3699
12.7333 0.3699
12.75 0.3698
12.7667 0.3696
12.7833 0.3695
12.8 0.3694
12.8167 0.3692
12.8333 0.3689
12.85 0.3686
12.8667 0.3683
12.8833 0.3682
12.9 0.3681
12.9167 0.3678
12.9333 0.3675
12.95 0.3672
12.9667 0.3669
12.9833 0.3665
13.0 0.3661
13.0167 0.3658
13.0333 0.3654
13.05 0.365
13.0667 0.3646
13.0833 0.3641
13.1 0.3637
13.1167 0.3632
13.1333 0.3627
13.15 0.3622
13.1667 0.3617
13.1833 0.3608
13.2 0.3606
13.2167 0.3597
13.2333 0.3594
13.25 0.3588
13.2667 0.3582
13.2833 0.3576
13.3 0.3569
13.3167 0.3562
13.3333 0.3555
13.35 0.3548
13.3667 0.3541
13.3833 0.3534
13.4 0.3526
13.4167 0.3517
13.4333 0.3509
13.45 0.3503
13.4667 0.3495
13.4833 0.3486
13.5 0.3478
13.5167 0.3469
13.5333 0.3461
13.55 0.3452
13.5667 0.3443
13.5833 0.3433
13.6 0.3424
13.6167 0.3415
13.6333 0.3405
13.65 0.3395
13.6667 0.3386
13.6833 0.3376
13.7 0.3366
13.7167 0.3355
13.7333 0.3345
13.75 0.3334
13.7667 0.3323
13.7833 0.3311
13.8 0.3302
13.8167 0.3291
13.8333 0.3279
13.85 0.3268
13.8667 0.3256
13.8833 0.3245
13.9 0.3233
13.9167 0.3221
13.9333 0.3209
13.95 0.3197
13.9667 0.3185
13.9833 0.3172
14.0 0.316
14.0167 0.3147
14.0333 0.3135
14.05 0.3122
14.0667 0.3109
14.0833 0.3096
14.1 0.3083
14.1167 0.3069
14.1333 0.3056
14.15 0.3043
14.1667 0.3029
14.1833 0.3015
14.2 0.3001
14.2167 0.2988
14.2333 0.2973
14.25 0.2959
14.2667 0.2945
14.2833 0.2931
14.3 0.2917
14.3167 0.2902
14.3333 0.2887
14.35 0.2873
14.3667 0.2858
14.3833 0.2843
14.4 0.2828
14.4167 0.2813
14.4333 0.2798
14.45 0.2783
14.4667 0.2768
14.4833 0.2752
14.5 0.2737
14.5167 0.2722
14.5333 0.2706
14.55 0.269
14.5667 0.2675
14.5833 0.2656
14.6 0.2643
14.6167 0.2627
14.6333 0.2611
14.65 0.2595
14.6667 0.2579
14.6833 0.2561
14.7 0.2547
14.7167 0.2531
14.7333 0.2514
14.75 0.2498
14.7667 0.2482
14.7833 0.2465
14.8 0.2449
14.8167 0.2432
14.8333 0.2416
14.85 0.2399
14.8667 0.2382
14.8833 0.2366
14.9 0.2349
14.9167 0.2332
14.9333 0.2315
14.95 0.2299
14.9667 0.2282
14.9833 0.2265
15.0 0.2247
15.0167 0.2231
15.0333 0.2214
15.05 0.2196
15.0667 0.218
15.0833 0.2163
15.1 0.2146
15.1167 0.2129
15.1333 0.2112
15.15 0.2095
15.1667 0.2078
15.1833 0.2061
15.2 0.2044
15.2167 0.2027
15.2333 0.2009
15.25 0.1992
15.2667 0.1975
15.2833 0.1958
15.3 0.1941
15.3167 0.1924
15.3333 0.1907
15.35 0.189
15.3667 0.1872
15.3833 0.1856
15.4 0.1839
15.4167 0.1822
15.4333 0.1805
15.45 0.1788
15.4667 0.1771
15.4833 0.1754
15.5 0.1737
15.5167 0.172
15.5333 0.1703
15.55 0.1686
15.5667 0.1669
15.5833 0.1653
15.6 0.1636
15.6167 0.1619
15.6333 0.1602
15.65 0.1586
15.6667 0.1569
15.6833 0.1553
15.7 0.1536
15.7167 0.152
15.7333 0.1503
15.75 0.1487
15.7667 0.147
15.7833 0.1454
15.8 0.1438
15.8167 0.1422
15.8333 0.1406
15.85 0.1389
15.8667 0.1374
15.8833 0.1358
15.9 0.1342
15.9167 0.1326
15.9333 0.131
15.95 0.1294
15.9667 0.1279
15.9833 0.1263
16.0 0.1248
16.0167 0.1232
16.0333 0.1217
16.05 0.1201
16.0667 0.1186
16.0833 0.1171
16.1 0.1156
16.1167 0.1141
16.1333 0.1126
16.15 0.1111
16.1667 0.1096
16.1833 0.1082
16.2 0.1067
16.2167 0.1053
16.2333 0.1038
16.25 0.1024
16.2667 0.101
16.2833 0.09954
16.3 0.09813
16.3167 0.09673
16.3333 0.09533
16.35 0.09395
16.3667 0.09258
16.3833 0.09121
16.4 0.08986
16.4167 0.08851
16.4333 0.08717
16.45 0.08585
16.4667 0.08453
16.4833 0.08323
16.5 0.08193
16.5167 0.08064
16.5333 0.07936
16.55 0.0781
16.5667 0.07684
16.5833 0.0756
16.6 0.07436
16.6167 0.07313
16.6333 0.07192
16.65 0.07071
16.6667 0.06952
16.6833 0.06834
16.7 0.06716
16.7167 0.066
16.7333 0.06485
16.75 0.06371
16.7667 0.06258
16.7833 0.06146
16.8 0.06036
16.8167 0.05926
16.8333 0.05818
16.85 0.0571
16.8667 0.05604
16.8833 0.05499
16.9 0.05395
16.9167 0.05292
16.9333 0.0519
16.95 0.0509
16.9667 0.0499
16.9833 0.04892
17.0 0.04794
17.0167 0.04698
17.0333 0.04603
17.05 0.0451
17.0667 0.04417
17.0833 0.04325
17.1 0.04235
17.1167 0.04146
17.1333 0.04058
17.15 0.03971
17.1667 0.03885
17.1833 0.038
17.2 0.03716
17.2167 0.03634
17.2333 0.03553
17.25 0.03473
17.2667 0.03394
17.2833 0.03316
17.3 0.03239
17.3167 0.03163
17.3333 0.03089
17.35 0.03015
17.3667 0.02943
17.3833 0.02872
17.4 0.02802
17.4167 0.02733
17.4333 0.02665
17.45 0.02598
17.4667 0.02532
17.4833 0.02468
17.5 0.02404
17.5167 0.02342
17.5333 0.0228
17.55 0.0222
17.5667 0.02161
17.5833 0.02103
17.6 0.02045
17.6167 0.01989
17.6333 0.01934
17.65 0.0188
17.6667 0.01827
17.6833 0.01775
17.7 0.01724
17.7167 0.01674
17.7333 0.01624
17.75 0.01576
17.7667 0.01529
17.7833 0.01483
17.8 0.01438
17.8167 0.01393
17.8333 0.0135
17.85 0.01307
17.8667 0.01266
17.8833 0.01225
17.9 0.01185
17.9167 0.01147
17.9333 0.01109
17.95 0.01071
17.9667 0.01035
17.9833 0.009996
18.0 0.00965
18.0167 0.009312
18.0333 0.008982
18.05 0.00866
18.0667 0.008346
18.0833 0.008039
18.1 0.007741
18.1167 0.00745
18.1333 0.007166
18.15 0.00689
18.1667 0.00662
18.1833 0.006358
18.2 0.006103
18.2167 0.005855
18.2333 0.005613
18.25 0.005379
18.2667 0.00515
18.2833 0.004928
18.3 0.004713
18.3167 0.004503
18.3333 0.0043
18.35 0.004103
18.3667 0.003911
18.3833 0.003725
18.4 0.003545
18.4167 0.00337
18.4333 0.003201
18.45 0.003037
18.4667 0.002878
18.4833 0.002724
18.5 0.002575
18.5167 0.002431
18.5333 0.002292
18.55 0.002157
18.5667 0.002027
18.5833 0.001902
18.6 0.001781
18.6167 0.001665
18.6333 0.001552
18.65 0.001444
18.6667 0.001341
18.6833 0.001241
18.7 0.001146
18.7167 0.001055
18.7333 0.0009682
18.75 0.0008855
18.7667 0.0008071
18.7833 0.0007333
18.8 0.0006643
18.8167 0.0005942
18.8333 0.0005232
18.85 0.0004639
18.8667 0.0004143
18.8833 0.0003663
18.9 0.0003183
18.9167 0.0002751
18.9333 0.0002421
18.95 0.0002056
18.9667 0.0001742
18.9833 0.000147
19.0 0.0001217
19.0167 9.996e-05
19.0333 8.262e-05
19.05 6.635e-05
19.0667 5.402e-05
19.0833 4.251e-05
19.1 3.325e-05
19.1167 2.576e-05
19.1333 1.973e-05
19.15 1.495e-05
19.1667 1.119e-05
19.1833 8.043e-06
19.2 5.797e-06
19.2167 3.942e-06
19.2333 2.585e-06
19.25 1.632e-06
19.2667 9.793e-07
19.2833 5.626e-07
19.3 3.114e-07
19.3167 1.652e-07
19.3333 7.888e-08
19.35 2.867e-08
19.3667 6.69e-09
19.3833 5.636e-10
19.4 1.907e-11
19.4167 1.452e-13
19.4333 1.761e-16
19.45 0.0
19.4667 0.0
19.4833 0.0
19.5 0.0
19.5167 0.0
19.5333 0.0
19.55 0.0
19.5667 0.0
19.5833 0.0
19.6 0.0
19.6167 0.0
19.6333 0.0
19.65 0.0
19.6667 0.0
19.6833 0.0
19.7 0.0
19.7167 0.0
19.7333 0.0
19.75 0.0
19.7667 0.0
19.7833 0.0
19.8 0.0
19.8167 0.0
19.8333 0.0
19.85 0.0
19.8667 0.0
19.8833 0.0
19.9 0.0
19.9167 0.0
19.9333 0.0
19.95 0.0
19.9667 0.0
19.9833 0.0
20.0 0.0
20.0167 0.0
20.0333 0.0
20.05 0.0
20.0667 0.0
20.0833 0.0
20.1 0.0
20.1167 0.0
20.1333 0.0
20.15 0.0
20.1667 0.0
20.1833 0.0
20.2 0.0
20.2167 0.0
20.2333 0.0
20.25 0.0
20.2667 0.0
20.2833 0.0
20.3 0.0
20.3167 0.0
20.3333 0.0
20.35 0.0
20.3667 0.0
20.3833 0.0
20.4 0.0
20.4167 0.0
20.4333 0.0
20.45 0.0
20.4667 0.0
20.4833 0.0
20.5 0.0
20.5167 0.0
20.5333 0.0
20.55 0.0
20.5667 0.0
20.5833 0.0
20.6 0.0
20.6167 0.0
20.6333 0.0
20.65 0.0
20.6667 0.0
20.6833 0.0
20.7 0.0
20.7167 0.0
20.7333 0.0
20.75 0.0
20.7667 0.0
20.7833 0.0
20.8 0.0
20.8167 0.0
20.8333 0.0
20.85 0.0
20.8667 0.0
20.8833 0.0
20.9 0.0
20.9167 0.0
20.9333 0.0
20.95 0.0
20.9667 0.0
20.9833 0.0
21.0 0.0
21.0167 0.0
21.0333 0.0
21.05 0.0
21.0667 0.0
21.0833 0.0
21.1 0.0
21.1167 0.0
21.1333 0.0
21.15 0.0
21.1667 0.0
21.1833 0.0
21.2 0.0
21.2167 0.0
21.2333 0.0
21.25 0.0
21.2667 0.0
21.2833 0.0
21.3 0.0
21.3167 0.0
21.3333 0.0
21.35 0.0
21.3667 0.0
21.3833 0.0
21.4 0.0
21.4167 0.0
21.4333 0.0
21.45 0.0
21.4667 0.0
21.4833 0.0
21.5 0.0
21.5167 0.0
21.5333 0.0
21.55 0.0
21.5667 0.0
21.5833 0.0
21.6 0.0
21.6167 0.0
21.6333 0.0
21.65 0.0
21.6667 0.0
21.6833 0.0
21.7 0.0
21.7167 0.0
21.7333 0.0
21.75 0.0
21.7667 0.0
21.7833 0.0
21.8 0.0
21.8167 0.0
21.8333 0.0
21.85 0.0
21.8667 0.0
21.8833 0.0
21.9 0.0
21.9167 0.0
21.9333 0.0
21.95 0.0
21.9667 0.0
21.9833 0.0
22.0 0.0
22.0167 0.0
22.0333 0.0
22.05 0.0
22.0667 0.0
22.0833 0.0
22.1 0.0
22.1167 0.0
22.1333 0.0
22.15 0.0
22.1667 0.0
22.1833 0.0
22.2 0.0
22.2167 0.0
22.2333 0.0
22.25 0.0
22.2667 0.0
22.2833 0.0
22.3 0.0
22.3167 0.0
22.3333 0.0
22.35 0.0
22.3667 0.0
22.3833 0.0
22.4 0.0
22.4167 0.0
22.4333 0.0
22.45 0.0
22.4667 0.0
22.4833 0.0
22.5 0.0
22.5167 0.0
22.5333 0.0
22.55 0.0
22.5667 0.0
22.5833 0.0
22.6 0.0
22.6167 0.0
22.6333 0.0
22.65 0.0
22.6667 0.0
22.6833 0.0
22.7 0.0
22.7167 0.0
22.7333 0.0
22.75 0.0
22.7667 0.0
22.7833 0.0
22.8 0.0
22.8167 0.0
22.8333 0.0
22.85 0.0
22.8667 0.0
22.8833 0.0
22.9 0.0
22.9167 0.0
22.9333 0.0
22.95 0.0
22.9667 0.0
22.9833 0.0
23.0 0.0
23.0167 0.0
23.0333 0.0
23.05 0.0
23.0667 0.0
23.0833 0.0
23.1 0.0
23.1167 0.0
23.1333 0.0
23.15 0.0
23.1667 0.0
23.1833 0.0
23.2 0.0
23.2167 0.0
23.2333 0.0
23.25 0.0
23.2667 0.0
23.2833 0.0
23.3 0.0
23.3167 0.0
23.3333 0.0
23.35 0.0
23.3667 0.0
23.3833 0.0
23.4 0.0
23.4167 0.0
23.4333 0.0
23.45 0.0
23.4667 0.0
23.4833 0.0
23.5 0.0
23.5167 0.0
23.5333 0.0
23.55 0.0
23.5667 0.0
23.5833 0.0
23.6 0.0
23.6167 0.0
23.6333 0.0
23.65 0.0
23.6667 0.0
23.6833 0.0
23.7 0.0
23.7167 0.0
23.7333 0.0
23.75 0.0
23.7667 0.0
23.7833 0.0
23.8 0.0
23.8167 0.0
23.8333 0.0
23.85 0.0
23.8667 0.0
23.8833 0.0
23.9 0.0
23.9167 0.0
23.9333 0.0
23.95 0.0
23.9667 0.0
23.9833 0.0
