0.0 0.0
0.0167 0.0
0.0333 0.0
0.05 0.0
0.0667 0.0
0.0833 0.0
0.1 0.0
0.1167 0.0
0.1333 0.0
0.15 0.0
0.1667 0.0
0.1833 0.0
0.2 0.0
0.2167 0.0
0.2333 0.0
0.25 0.0
0.2667 0.0
0.2833 0.0
0.3 0.0
0.3167 0.0
0.3333 0.0
0.35 0.0
0.3667 0.0
0.3833 0.0
0.4 0.0
0.4167 0.0
0.4333 0.0
0.45 0.0
0.4667 0.0
0.4833 0.0
0.5 0.0
0.5167 0.0
0.5333 0.0
0.55 0.0
0.5667 0.0
0.5833 0.0
0.6 0.0
0.6167 0.0
0.6333 0.0
0.65 0.0
0.6667 0.0
0.6833 0.0
0.7 0.0
0.7167 0.0
0.7333 0.0
0.75 0.0
0.7667 0.0
0.7833 0.0
0.8 0.0
0.8167 0.0
0.8333 0.0
0.85 0.0
0.8667 0.0
0.8833 0.0
0.9 0.0
0.9167 0.0
0.9333 0.0
0.95 0.0
0.9667 0.0
0.9833 0.0
1.0 0.0
1.0167 0.0
1.0333 0.0
1.05 0.0
1.0667 0.0
1.0833 0.0
1.1 0.0
1.1167 0.0
1.1333 0.0
1.15 0.0
1.1667 0.0
1.1833 0.0
1.2 0.0
1.2167 0.0
1.2333 0.0
1.25 0.0
1.2667 0.0
1.2833 0.0
1.3 0.0
1.3167 0.0
1.3333 0.0
1.35 0.0
1.3667 0.0
1.3833 0.0
1.4 0.0
1.4167 0.0
1.4333 0.0
1.45 0.0
1.4667 0.0
1.4833 0.0
1.5 0.0
1.5167 0.0
1.5333 0.0
1.55 0.0
1.5667 0.0
1.5833 0.0
1.6 0.0
1.6167 0.0
1.6333 0.0
1.65 0.0
1.6667 0.0
1.6833 0.0
1.7 0.0
1.7167 0.0
1.7333 0.0
1.75 0.0
1.7667 0.0
1.7833 0.0
1.8 0.0
1.8167 0.0
1.8333 0.0
1.85 0.0
1.8667 0.0
1.8833 0.0
1.9 0.0
1.9167 0.0
1.9333 0.0
1.95 0.0
1.9667 0.0
1.9833 0.0
2.0 0.0
2.0167 0.0
2.0333 0.0
2.05 0.0
2.0667 0.0
2.0833 0.0
2.1 0.0
2.1167 0.0
2.1333 0.0
2.15 0.0
2.1667 0.0
2.1833 0.0
2.2 0.0
2.2167 0.0
2.2333 0.0
2.25 0.0
2.2667 0.0
2.2833 0.0
2.3 0.0
2.3167 0.0
2.3333 0.0
2.35 0.0
2.3667 0.0
2.3833 0.0
2.4 0.0
2.4167 0.0
2.4333 0.0
2.45 0.0
2.4667 0.0
2.4833 0.0
2.5 0.0
2.5167 0.0
2.5333 0.0
2.55 0.0
2.5667 0.0
2.5833 0.0
2.6 0.0
2.6167 0.0
2.6333 0.0
2.65 0.0
2.6667 0.0
2.6833 0.0
2.7 0.0
2.7167 0.0
2.7333 0.0
2.75 0.0
2.7667 0.0
2.7833 0.0
2.8 0.0
2.8167 0.0
2.8333 0.0
2.85 0.0
2.8667 0.0
2.8833 0.0
2.9 0.0
2.9167 0.0
2.9333 0.0
2.95 0.0
2.9667 0.0
2.9833 0.0
3.0 0.0
3.0167 0.0
3.0333 0.0
3.05 0.0
3.0667 0.0
3.0833 0.0
3.1 0.0
3.1167 0.0
3.1333 0.0
3.15 0.0
3.1667 0.0
3.1833 0.0
3.2 0.0
3.2167 0.0
3.2333 0.0
3.25 0.0
3.2667 0.0
3.2833 0.0
3.3 0.0
3.3167 0.0
3.3333 0.0
3.35 0.0
3.3667 0.0
3.3833 0.0
3.4 0.0
3.4167 0.0
3.4333 0.0
3.45 0.0
3.4667 0.0
3.4833 0.0
3.5 0.0
3.5167 0.0
3.5333 0.0
3.55 0.0
3.5667 0.0
3.5833 0.0
3.6 0.0
3.6167 0.0
3.6333 0.0
3.65 0.0
3.6667 0.0
3.6833 0.0
3.7 0.0
3.7167 0.0
3.7333 0.0
3.75 0.0
3.7667 0.0
3.7833 0.0
3.8 0.0
3.8167 0.0
3.8333 0.0
3.85 0.0
3.8667 0.0
3.8833 0.0
3.9 0.0
3.9167 0.0
3.9333 0.0
3.95 0.0
3.9667 0.0
3.9833 0.0
4.0 0.0
4.0167 0.0
4.0333 0.0
4.05 0.0
4.0667 0.0
4.0833 0.0
4.1 0.0
4.1167 0.0
4.1333 0.0
4.15 0.0
4.1667 0.0
4.1833 0.0
4.2 0.0
4.2167 0.0
4.2333 0.0
4.25 0.0
4.2667 0.0
4.2833 0.0
4.3 0.0
4.3167 0.0
4.3333 0.0
4.35 0.0
4.3667 0.0
4.3833 0.0
4.4 0.0
4.4167 0.0
4.4333 0.0
4.45 0.0
4.4667 0.0
4.4833 0.0
4.5 0.0
4.5167 0.0
4.5333 0.0
4.55 0.0
4.5667 0.0
4.5833 0.0
4.6 0.0
4.6167 0.0
4.6333 0.0
4.65 0.0
4.6667 0.0
4.6833 0.0
4.7 0.0
4.7167 0.0
4.7333 0.0
4.75 0.0
4.7667 0.0
4.7833 0.0
4.8 0.0
4.8167 0.0
4.8333 0.0
4.85 0.0
4.8667 0.0
4.8833 0.0
4.9 0.0
4.9167 0.0
4.9333 0.0
4.95 0.0
4.9667 0.0
4.9833 0.0
5.0 0.0
5.0167 0.0
5.0333 0.0
5.05 0.0
5.0667 0.0
5.0833 0.0
5.1 0.0
5.1167 0.0
5.1333 0.0
5.15 0.0
5.1667 0.0
5.1833 0.0
5.2 0.0
5.2167 0.0
5.2333 0.0
5.25 0.0
5.2667 0.0
5.2833 0.0
5.3 0.0
5.3167 0.0
5.3333 0.0
5.35 0.0
5.3667 0.0
5.3833 0.0
5.4 0.0
5.4167 0.0
5.4333 0.0
5.45 0.0
5.4667 0.0
5.4833 0.0
5.5 0.0
5.5167 0.0
5.5333 0.0
5.55 0.0
5.5667 0.0
5.5833 0.0
5.6 0.0
5.6167 0.0
5.6333 0.0
5.65 0.0
5.6667 0.0
5.6833 0.0
5.7 0.0
5.7167 0.0
5.7333 0.0
5.75 0.0
5.7667 0.0
5.7833 0.0
5.8 0.0
5.8167 0.0
5.8333 0.0
5.85 1.747e-17
5.8667 3.772e-14
5.8833 7.436e-12
5.9 3.051e-10
5.9167 4.281e-09
5.9333 2.378e-08
5.95 6.615e-08
5.9667 1.499e-07
5.9833 2.83e-07
6.0 5.07e-07
6.0167 8.856e-07
6.0333 1.499e-06
6.05 2.423e-06
6.0667 3.744e-06
6.0833 5.484e-06
6.1 7.699e-06
6.1167 1.064e-05
6.1333 1.444e-05
6.15 1.909e-05
6.1667 2.499e-05
6.1833 3.233e-05
6.2 4.143e-05
6.2167 5.274e-05
6.2333 6.502e-05
6.25 8.092e-05
6.2667 9.825e-05
6.2833 0.0001213
6.3 0.0001445
6.3167 0.0001715
6.3333 0.0002025
6.35 0.0002386
6.3667 0.000273
6.3833 0.0003146
6.4 0.0003684
6.4167 0.0004101
6.4333 0.00046
6.45 0.0005201
6.4667 0.0005918
6.4833 0.000659
6.5 0.0007277
6.5167 0.0008012
6.5333 0.000879
6.55 0.0009611
6.5667 0.001047
6.5833 0.001138
6.6 0.001232
6.6167 0.001331
6.6333 0.001433
6.65 0.00154
6.6667 0.001651
6.6833 0.001767
6.7 0.001886
6.7167 0.00201
6.7333 0.002139
6.75 0.002272
6.7667 0.00241
6.7833 0.002552
6.8 0.002699
6.8167 0.002851
6.8333 0.003008
6.85 0.00317
6.8667 0.003337
6.8833 0.00351
6.9 0.003688
6.9167 0.003871
6.9333 0.00406
6.95 0.004255
6.9667 0.004455
6.9833 0.004661
7.0 0.004874
7.0167 0.005092
7.0333 0.005317
7.05 0.005548
7.0667 0.005786
7.0833 0.00603
7.1 0.006281
7.1167 0.006538
7.1333 0.006803
7.15 0.007075
7.1667 0.007353
7.1833 0.007639
7.2 0.007932
7.2167 0.008233
7.2333 0.008541
7.25 0.008857
7.2667 0.00918
7.2833 0.009511
7.3 0.009851
7.3167 0.0102
7.3333 0.01055
7.35 0.01092
7.3667 0.01129
7.3833 0.01167
7.4 0.01206
7.4167 0.01246
7.4333 0.01286
7.45 0.01328
7.4667 0.0137
7.4833 0.01413
7.5 0.01457
7.5167 0.01503
7.5333 0.01549
7.55 0.01595
7.5667 0.01643
7.5833 0.01692
7.6 0.01742
7.6167 0.01793
7.6333 0.01844
7.65 0.01897
7.6667 0.0195
7.6833 0.02005
7.7 0.02061
7.7167 0.02117
7.7333 0.02175
7.75 0.02233
7.7667 0.02293
7.7833 0.02353
7.8 0.02415
7.8167 0.02478
7.8333 0.02541
7.85 0.02606
7.8667 0.02672
7.8833 0.02739
7.9 0.02806
7.9167 0.02875
7.9333 0.02945
7.95 0.03016
7.9667 0.03088
7.9833 0.03161
8.0 0.03235
8.0167 0.0331
8.0333 0.03387
8.05 0.03464
8.0667 0.03542
8.0833 0.03622
8.1 0.03702
8.1167 0.03784
8.1333 0.03867
8.15 0.0395
8.1667 0.04035
8.1833 0.04121
8.2 0.04208
8.2167 0.04296
8.2333 0.04385
8.25 0.04475
8.2667 0.04566
8.2833 0.04658
8.3 0.04752
8.3167 0.04846
8.3333 0.04941
8.35 0.05038
8.3667 0.05135
8.3833 0.05234
8.4 0.05333
8.4167 0.05434
8.4333 0.05536
8.45 0.05638
8.4667 0.05742
8.4833 0.05847
8.5 0.05953
8.5167 0.06059
8.5333 0.06167
8.55 0.06276
8.5667 0.06386
8.5833 0.06497
8.6 0.06608
8.6167 0.06721
8.6333 0.06835
8.65 0.0695
8.6667 0.07065
8.6833 0.07182
8.7 0.07299
8.7167 0.07418
8.7333 0.07537
8.75 0.07658
8.7667 0.07779
8.7833 0.07901
8.8 0.08024
8.8167 0.08148
8.8333 0.08273
8.85 0.08399
8.8667 0.08525
8.8833 0.08653
8.9 0.08781
8.9167 0.0891
8.9333 0.0904
8.95 0.09171
8.9667 0.09303
8.9833 0.09435
9.0 0.09568
9.0167 0.09702
9.0333 0.09837
9.05 0.09972
9.0667 0.1011
9.0833 0.1024
9.1 0.1038
9.1167 0.1052
9.1333 0.1066
9.15 0.108
9.1667 0.1094
9.1833 0.1108
9.2 0.1122
9.2167 0.1137
9.2333 0.1151
9.25 0.1165
9.2667 0.118
9.2833 0.1194
9.3 0.1209
9.3167 0.1224
9.3333 0.1238
9.35 0.1253
9.3667 0.1268
9.3833 0.1283
9.4 0.1297
9.4167 0.1312
9.4333 0.1327
9.45 0.1342
9.4667 0.1357
9.4833 0.1373
9.5 0.1388
9.5167 0.1403
9.5333 0.1418
9.55 0.1433
9.5667 0.1449
9.5833 0.1464
9.6 0.1479
9.6167 0.1495
9.6333 0.151
9.65 0.1526
9.6667 0.1541
9.6833 0.1557
9.7 0.1572
9.7167 0.1588
9.7333 0.1604
9.75 0.1619
9.7667 0.1635
9.7833 0.165
9.8 0.1666
9.8167 0.1682
9.8333 0.1698
9.85 0.1713
9.8667 0.1729
9.8833 0.1745
9.9 0.176
9.9167 0.1775
9.9333 0.1792
9.95 0.1808
9.9667 0.1823
9.9833 0.1839
10.0 0.1854
10.0167 0.1871
10.0333 0.1886
10.05 0.1902
10.0667 0.1918
10.0833 0.1933
10.1 0.1949
10.1167 0.1965
10.1333 0.198
10.15 0.1996
10.1667 0.2012
10.1833 0.2027
10.2 0.2043
10.2167 0.2058
10.2333 0.2074
10.25 0.2089
10.2667 0.2105
10.2833 0.2119
10.3 0.2136
10.3167 0.2151
10.3333 0.2167
10.35 0.2182
10.3667 0.2197
10.3833 0.2212
10.4 0.2227
10.4167 0.2243
10.4333 0.2258
10.45 0.2273
10.4667 0.2288
10.4833 0.2303
10.5 0.2318
10.5167 0.2333
10.5333 0.2347
10.55 0.2362
10.5667 0.2377
10.5833 0.2391
10.6 0.2406
10.6167 0.242
10.6333 0.2435
10.65 0.2449
10.6667 0.2464
10.6833 0.2477
10.7 0.2492
10.7167 0.2506
10.7333 0.252
10.75 0.2534
10.7667 0.2548
10.7833 0.2562
10.8 0.2576
10.8167 0.2589
10.8333 0.2603
10.85 0.2616
10.8667 0.263
10.8833 0.2643
10.9 0.2656
10.9167 0.2669
10.9333 0.2682
10.95 0.2695
10.9667 0.2708
10.9833 0.2721
11.0 0.2734
11.0167 0.2746
11.0333 0.2759
11.05 0.2771
11.0667 0.2783
11.0833 0.2796
11.1 0.2805
11.1167 0.282
11.1333 0.2832
11.15 0.2843
11.1667 0.2855
11.1833 0.2867
11.2 0.2878
11.2167 0.2889
11.2333 0.2901
11.25 0.2912
11.2667 0.2923
11.2833 0.2934
11.3 0.2944
11.3167 0.2955
11.3333 0.2965
11.35 0.2976
11.3667 0.2986
11.3833 0.2996
11.4 0.3006
11.4167 0.3016
11.4333 0.3026
11.45 0.3036
11.4667 0.3045
11.4833 0.3055
11.5 0.3064
11.5167 0.3073
11.5333 0.3082
11.55 0.3091
11.5667 0.31
11.5833 0.3107
11.6 0.3117
11.6167 0.3125
11.6333 0.3133
11.65 0.314
11.6667 0.3148
11.6833 0.3157
11.7 0.3164
11.7167 0.3172
11.7333 0.3179
11.75 0.3186
11.7667 0.3194
11.7833 0.32
11.8 0.3207
11.8167 0.3214
11.8333 0.322
11.85 0.3227
11.8667 0.3233
11.8833 0.3238
11.9 0.3245
11.9167 0.325
11.9333 0.3255
11.95 0.3261
11.9667 0.3267
11.9833 0.3272
12.0 0.3277
12.0167 0.3281
12.0333 0.3286
12.05 0.3291
12.0667 0.3295
12.0833 0.3299
12.1 0.3303
12.1167 0.3307
12.1333 0.3311
12.15 0.3314
12.1667 0.3318
12.1833 0.3321
12.2 0.3324
12.2167 0.3326
12.2333 0.3328
12.25 0.333
12.2667 0.3331
12.2833 0.3336
12.3 0.3339
12.3167 0.3341
12.3333 0.3343
12.35 0.3344
12.3667 0.3346
12.3833 0.3347
12.4 0.3348
12.4167 0.3349
12.4333 0.335
12.45 0.3351
12.4667 0.3351
12.4833 0.3352
12.5 0.3352
12.5167 0.3352
12.5333 0.3352
12.55 0.3351
12.5667 0.3351
12.5833 0.335
12.6 0.335
12.6167 0.3349
12.6333 0.3347
12.65 0.3346
12.6667 0.3345
12.6833 0.3343
12.7 0.3341
12.7167 0.3339
12.7333 0.3336
12.75 0.3332
12.7667 0.333
12.7833 0.3329
12.8 0.3326
12.8167 0.3324
12.8333 0.3321
12.85 0.3318
12.8667 0.3315
12.8833 0.3311
12.9 0.3308
12.9167 0.3304
12.9333 0.33
12.95 0.3296
12.9667 0.3291
12.9833 0.3287
13.0 0.3282
13.0167 0.3277
13.0333 0.3273
13.05 0.3267
13.0667 0.3262
13.0833 0.3256
13.1 0.3251
13.1167 0.3246
13.1333 0.3239
13.15 0.3234
13.1667 0.3228
13.1833 0.3221
13.2 0.3215
13.2167 0.3208
13.2333 0.3202
13.25 0.3195
13.2667 0.3188
13.2833 0.318
13.3 0.3173
13.3167 0.3166
13.3333 0.3158
13.35 0.315
13.3667 0.3141
13.3833 0.3134
13.4 0.3126
13.4167 0.3118
13.4333 0.3109
13.45 0.3101
13.4667 0.3092
13.4833 0.3083
13.5 0.3074
13.5167 0.3065
13.5333 0.3056
13.55 0.3047
13.5667 0.3037
13.5833 0.3028
13.6 0.3018
13.6167 0.3008
13.6333 0.2998
13.65 0.2988
13.6667 0.2976
13.6833 0.2967
13.7 0.2957
13.7167 0.2946
13.7333 0.2935
13.75 0.2924
13.7667 0.2913
13.7833 0.2902
13.8 0.2891
13.8167 0.288
13.8333 0.2868
13.85 0.2857
13.8667 0.2845
13.8833 0.2833
13.9 0.2822
13.9167 0.2809
13.9333 0.2798
13.95 0.2785
13.9667 0.2773
13.9833 0.2761
14.0 0.2748
14.0167 0.2735
14.0333 0.2723
14.05 0.271
14.0667 0.2697
14.0833 0.2684
14.1 0.2671
14.1167 0.2658
14.1333 0.2645
14.15 0.2632
14.1667 0.2618
14.1833 0.2605
14.2 0.2591
14.2167 0.2578
14.2333 0.2564
14.25 0.255
14.2667 0.2536
14.2833 0.2522
14.3 0.2508
14.3167 0.2494
14.3333 0.2479
14.35 0.2466
14.3667 0.2451
14.3833 0.2435
14.4 0.2423
14.4167 0.2408
14.4333 0.2394
14.45 0.2379
14.4667 0.2364
14.4833 0.2349
14.5 0.2335
14.5167 0.232
14.5333 0.2305
14.55 0.229
14.5667 0.2274
14.5833 0.226
14.6 0.2245
14.6167 0.223
14.6333 0.2214
14.65 0.2199
14.6667 0.2183
14.6833 0.2169
14.7 0.2153
14.7167 0.2138
14.7333 0.2123
14.75 0.2107
14.7667 0.2092
14.7833 0.2076
14.8 0.2061
14.8167 0.2045
14.8333 0.203
14.85 0.2014
14.8667 0.1998
14.8833 0.1983
14.9 0.1967
14.9167 0.1951
14.9333 0.1936
14.95 0.192
14.9667 0.1904
14.9833 0.1888
15.0 0.1873
15.0167 0.1857
15.0333 0.1841
15.05 0.1826
15.0667 0.181
15.0833 0.1794
15.1 0.1778
15.1167 0.1763
15.1333 0.1747
15.15 0.1731
15.1667 0.1715
15.1833 0.17
15.2 0.1684
15.2167 0.1668
15.2333 0.1652
15.25 0.1637
15.2667 0.1621
15.2833 0.1606
15.3 0.159
15.3167 0.1574
15.3333 0.1559
15.35 0.1543
15.3667 0.1528
15.3833 0.1512
15.4 0.1497
15.4167 0.1482
15.4333 0.1466
15.45 0.1451
15.4667 0.1435
15.4833 0.142
15.5 0.1405
15.5167 0.139
15.5333 0.1375
15.55 0.136
15.5667 0.1344
15.5833 0.1329
15.6 0.1314
15.6167 0.1299
15.6333 0.1284
15.65 0.127
15.6667 0.1255
15.6833 0.124
15.7 0.1226
15.7167 0.1211
15.7333 0.1196
15.75 0.1182
15.7667 0.1167
15.7833 0.1153
15.8 0.1139
15.8167 0.1124
15.8333 0.111
15.85 0.1096
15.8667 0.1082
15.8833 0.1068
15.9 0.1054
15.9167 0.104
15.9333 0.1026
15.95 0.1013
15.9667 0.0999
15.9833 0.09855
16.0 0.09719
16.0167 0.09585
16.0333 0.09452
16.05 0.0932
16.0667 0.09188
16.0833 0.09056
16.1 0.08926
16.1167 0.08797
16.1333 0.08669
16.15 0.08541
16.1667 0.08415
16.1833 0.08288
16.2 0.08163
16.2167 0.08039
16.2333 0.07916
16.25 0.07794
16.2667 0.07672
16.2833 0.07552
16.3 0.07432
16.3167 0.07313
16.3333 0.07196
16.35 0.07079
16.3667 0.06963
16.3833 0.06848
16.4 0.06734
16.4167 0.06622
16.4333 0.0651
16.45 0.06399
16.4667 0.06289
16.4833 0.0618
16.5 0.06072
16.5167 0.05965
16.5333 0.05859
16.55 0.05754
16.5667 0.0565
16.5833 0.05547
16.6 0.05445
16.6167 0.05345
16.6333 0.05245
16.65 0.05146
16.6667 0.05048
16.6833 0.04952
16.7 0.04856
16.7167 0.04762
16.7333 0.04669
16.75 0.04576
16.7667 0.04485
16.7833 0.04394
16.8 0.04305
16.8167 0.04217
16.8333 0.0413
16.85 0.04044
16.8667 0.03959
16.8833 0.03875
16.9 0.03792
16.9167 0.03711
16.9333 0.0363
16.95 0.0355
16.9667 0.03472
16.9833 0.03394
17.0 0.03318
17.0167 0.03243
17.0333 0.03168
17.05 0.03095
17.0667 0.03023
17.0833 0.02952
17.1 0.02882
17.1167 0.02813
17.1333 0.02745
17.15 0.02678
17.1667 0.02612
17.1833 0.02547
17.2 0.02484
17.2167 0.02421
17.2333 0.02359
17.25 0.02298
17.2667 0.02239
17.2833 0.0218
17.3 0.02122
17.3167 0.02066
17.3333 0.0201
17.35 0.01955
17.3667 0.01902
17.3833 0.01849
17.4 0.01797
17.4167 0.01746
17.4333 0.01696
17.45 0.01647
17.4667 0.016
17.4833 0.01553
17.5 0.01506
17.5167 0.01461
17.5333 0.01417
17.55 0.01374
17.5667 0.01331
17.5833 0.01289
17.6 0.01249
17.6167 0.01209
17.6333 0.0117
17.65 0.01132
17.6667 0.01095
17.6833 0.01058
17.7 0.01022
17.7167 0.009876
17.7333 0.009536
17.75 0.009204
17.7667 0.008879
17.7833 0.008563
17.8 0.008254
17.8167 0.007953
17.8333 0.007659
17.85 0.007373
17.8667 0.007093
17.8833 0.006821
17.9 0.006556
17.9167 0.006298
17.9333 0.006046
17.95 0.005802
17.9667 0.005563
17.9833 0.005331
18.0 0.005106
18.0167 0.004887
18.0333 0.004674
18.05 0.004467
18.0667 0.004266
18.0833 0.004071
18.1 0.003882
18.1167 0.003698
18.1333 0.00352
18.15 0.003346
18.1667 0.003179
18.1833 0.003016
18.2 0.002859
18.2167 0.002707
18.2333 0.00256
18.25 0.002416
18.2667 0.002279
18.2833 0.002145
18.3 0.002017
18.3167 0.001892
18.3333 0.001772
18.35 0.001656
18.3667 0.001545
18.3833 0.001438
18.4 0.001335
18.4167 0.001236
18.4333 0.001141
18.45 0.001051
18.4667 0.0009643
18.4833 0.000882
18.5 0.000804
18.5167 0.0007301
18.5333 0.0006612
18.55 0.0005943
18.5667 0.0005221
18.5833 0.0004618
18.6 0.0004115
18.6167 0.0003695
18.6333 0.0003157
18.65 0.0002743
18.6667 0.0002393
18.6833 0.0002032
18.7 0.0001721
18.7167 0.0001449
18.7333 0.0001217
18.75 9.867e-05
18.7667 8.12e-05
18.7833 6.533e-05
18.8 5.288e-05
18.8167 4.156e-05
18.8333 3.244e-05
18.85 2.508e-05
18.8667 1.916e-05
18.8833 1.448e-05
18.9 1.07e-05
18.9167 7.721e-06
18.9333 5.514e-06
18.95 3.754e-06
18.9667 2.431e-06
18.9833 1.504e-06
19.0 8.873e-07
19.0167 5.079e-07
19.0333 2.834e-07
19.05 1.501e-07
19.0667 6.623e-08
19.0833 2.372e-08
19.1 4.259e-09
19.1167 3.022e-10
19.1333 7.304e-12
19.15 3.672e-14
19.1667 1.653e-17
19.1833 0.0
19.2 0.0
19.2167 0.0
19.2333 0.0
19.25 0.0
19.2667 0.0
19.2833 0.0
19.3 0.0
19.3167 0.0
19.3333 0.0
19.35 0.0
19.3667 0.0
19.3833 0.0
19.4 0.0
19.4167 0.0
19.4333 0.0
19.45 0.0
19.4667 0.0
19.4833 0.0
19.5 0.0
19.5167 0.0
19.5333 0.0
19.55 0.0
19.5667 0.0
19.5833 0.0
19.6 0.0
19.6167 0.0
19.6333 0.0
19.65 0.0
19.6667 0.0
19.6833 0.0
19.7 0.0
19.7167 0.0
19.7333 0.0
19.75 0.0
19.7667 0.0
19.7833 0.0
19.8 0.0
19.8167 0.0
19.8333 0.0
19.85 0.0
19.8667 0.0
19.8833 0.0
19.9 0.0
19.9167 0.0
19.9333 0.0
19.95 0.0
19.9667 0.0
19.9833 0.0
20.0 0.0
20.0167 0.0
20.0333 0.0
20.05 0.0
20.0667 0.0
20.0833 0.0
20.1 0.0
20.1167 0.0
20.1333 0.0
20.15 0.0
20.1667 0.0
20.1833 0.0
20.2 0.0
20.2167 0.0
20.2333 0.0
20.25 0.0
20.2667 0.0
20.2833 0.0
20.3 0.0
20.3167 0.0
20.3333 0.0
20.35 0.0
20.3667 0.0
20.3833 0.0
20.4 0.0
20.4167 0.0
20.4333 0.0
20.45 0.0
20.4667 0.0
20.4833 0.0
20.5 0.0
20.5167 0.0
20.5333 0.0
20.55 0.0
20.5667 0.0
20.5833 0.0
20.6 0.0
20.6167 0.0
20.6333 0.0
20.65 0.0
20.6667 0.0
20.6833 0.0
20.7 0.0
20.7167 0.0
20.7333 0.0
20.75 0.0
20.7667 0.0
20.7833 0.0
20.8 0.0
20.8167 0.0
20.8333 0.0
20.85 0.0
20.8667 0.0
20.8833 0.0
20.9 0.0
20.9167 0.0
20.9333 0.0
20.95 0.0
20.9667 0.0
20.9833 0.0
21.0 0.0
21.0167 0.0
21.0333 0.0
21.05 0.0
21.0667 0.0
21.0833 0.0
21.1 0.0
21.1167 0.0
21.1333 0.0
21.15 0.0
21.1667 0.0
21.1833 0.0
21.2 0.0
21.2167 0.0
21.2333 0.0
21.25 0.0
21.2667 0.0
21.2833 0.0
21.3 0.0
21.3167 0.0
21.3333 0.0
21.35 0.0
21.3667 0.0
21.3833 0.0
21.4 0.0
21.4167 0.0
21.4333 0.0
21.45 0.0
21.4667 0.0
21.4833 0.0
21.5 0.0
21.5167 0.0
21.5333 0.0
21.55 0.0
21.5667 0.0
21.5833 0.0
21.6 0.0
21.6167 0.0
21.6333 0.0
21.65 0.0
21.6667 0.0
21.6833 0.0
21.7 0.0
21.7167 0.0
21.7333 0.0
21.75 0.0
21.7667 0.0
21.7833 0.0
21.8 0.0
21.8167 0.0
21.8333 0.0
21.85 0.0
21.8667 0.0
21.8833 0.0
21.9 0.0
21.9167 0.0
21.9333 0.0
21.95 0.0
21.9667 0.0
21.9833 0.0
22.0 0.0
22.0167 0.0
22.0333 0.0
22.05 0.0
22.0667 0.0
22.0833 0.0
22.1 0.0
22.1167 0.0
22.1333 0.0
22.15 0.0
22.1667 0.0
22.1833 0.0
22.2 0.0
22.2167 0.0
22.2333 0.0
22.25 0.0
22.2667 0.0
22.2833 0.0
22.3 0.0
22.3167 0.0
22.3333 0.0
22.35 0.0
22.3667 0.0
22.3833 0.0
22.4 0.0
22.4167 0.0
22.4333 0.0
22.45 0.0
22.4667 0.0
22.4833 0.0
22.5 0.0
22.5167 0.0
22.5333 0.0
22.55 0.0
22.5667 0.0
22.5833 0.0
22.6 0.0
22.6167 0.0
22.6333 0.0
22.65 0.0
22.6667 0.0
22.6833 0.0
22.7 0.0
22.7167 0.0
22.7333 0.0
22.75 0.0
22.7667 0.0
22.7833 0.0
22.8 0.0
22.8167 0.0
22.8333 0.0
22.85 0.0
22.8667 0.0
22.8833 0.0
22.9 0.0
22.9167 0.0
22.9333 0.0
22.95 0.0
22.9667 0.0
22.9833 0.0
23.0 0.0
23.0167 0.0
23.0333 0.0
23.05 0.0
23.0667 0.0
23.0833 0.0
23.1 0.0
23.1167 0.0
23.1333 0.0
23.15 0.0
23.1667 0.0
23.1833 0.0
23.2 0.0
23.2167 0.0
23.2333 0.0
23.25 0.0
23.2667 0.0
23.2833 0.0
23.3 0.0
23.3167 0.0
23.3333 0.0
23.35 0.0
23.3667 0.0
23.3833 0.0
23.4 0.0
23.4167 0.0
23.4333 0.0
23.45 0.0
23.4667 0.0
23.4833 0.0
23.5 0.0
23.5167 0.0
23.5333 0.0
23.55 0.0
23.5667 0.0
23.5833 0.0
23.6 0.0
23.6167 0.0
23.6333 0.0
23.65 0.0
23.6667 0.0
23.6833 0.0
23.7 0.0
23.7167 0.0
23.7333 0.0
23.75 0.0
23.7667 0.0
23.7833 0.0
23.8 0.0
23.8167 0.0
23.8333 0.0
23.85 0.0
23.8667 0.0
23.8833 0.0
23.9 0.0
23.9167 0.0
23.9333 0.0
23.95 0.0
23.9667 0.0
23.9833 0.0
