0.0 0.0
0.0167 0.0
0.0333 0.0
0.05 0.0
0.0667 0.0
0.0833 0.0
0.1 0.0
0.1167 0.0
0.1333 0.0
0.15 0.0
0.1667 0.0
0.1833 0.0
0.2 0.0
0.2167 0.0
0.2333 0.0
0.25 0.0
0.2667 0.0
0.2833 0.0
0.3 0.0
0.3167 0.0
0.3333 0.0
0.35 0.0
0.3667 0.0
0.3833 0.0
0.4 0.0
0.4167 0.0
0.4333 0.0
0.45 0.0
0.4667 0.0
0.4833 0.0
0.5 0.0
0.5167 0.0
0.5333 0.0
0.55 0.0
0.5667 0.0
0.5833 0.0
0.6 0.0
0.6167 0.0
0.6333 0.0
0.65 0.0
0.6667 0.0
0.6833 0.0
0.7 0.0
0.7167 0.0
0.7333 0.0
0.75 0.0
0.7667 0.0
0.7833 0.0
0.8 0.0
0.8167 0.0
0.8333 0.0
0.85 0.0
0.8667 0.0
0.8833 0.0
0.9 0.0
0.9167 0.0
0.9333 0.0
0.95 0.0
0.9667 0.0
0.9833 0.0
1.0 0.0
1.0167 0.0
1.0333 0.0
1.05 0.0
1.0667 0.0
1.0833 0.0
1.1 0.0
1.1167 0.0
1.1333 0.0
1.15 0.0
1.1667 0.0
1.1833 0.0
1.2 0.0
1.2167 0.0
1.2333 0.0
1.25 0.0
1.2667 0.0
1.2833 0.0
1.3 0.0
1.3167 0.0
1.3333 0.0
1.35 0.0
1.3667 0.0
1.3833 0.0
1.4 0.0
1.4167 0.0
1.4333 0.0
1.45 0.0
1.4667 0.0
1.4833 0.0
1.5 0.0
1.5167 0.0
1.5333 0.0
1.55 0.0
1.5667 0.0
1.5833 0.0
1.6 0.0
1.6167 0.0
1.6333 0.0
1.65 0.0
1.6667 0.0
1.6833 0.0
1.7 0.0
1.7167 0.0
1.7333 0.0
1.75 0.0
1.7667 0.0
1.7833 0.0
1.8 0.0
1.8167 0.0
1.8333 0.0
1.85 0.0
1.8667 0.0
1.8833 0.0
1.9 0.0
1.9167 0.0
1.9333 0.0
1.95 0.0
1.9667 0.0
1.9833 0.0
2.0 0.0
2.0167 0.0
2.0333 0.0
2.05 0.0
2.0667 0.0
2.0833 0.0
2.1 0.0
2.1167 0.0
2.1333 0.0
2.15 0.0
2.1667 0.0
2.1833 0.0
2.2 0.0
2.2167 0.0
2.2333 0.0
2.25 0.0
2.2667 0.0
2.2833 0.0
2.3 0.0
2.3167 0.0
2.3333 0.0
2.35 0.0
2.3667 0.0
2.3833 0.0
2.4 0.0
2.4167 0.0
2.4333 0.0
2.45 0.0
2.4667 0.0
2.4833 0.0
2.5 0.0
2.5167 0.0
2.5333 0.0
2.55 0.0
2.5667 0.0
2.5833 0.0
2.6 0.0
2.6167 0.0
2.6333 0.0
2.65 0.0
2.6667 0.0
2.6833 0.0
2.7 0.0
2.7167 0.0
2.7333 0.0
2.75 0.0
2.7667 0.0
2.7833 0.0
2.8 0.0
2.8167 0.0
2.8333 0.0
2.85 0.0
2.8667 0.0
2.8833 0.0
2.9 0.0
2.9167 0.0
2.9333 0.0
2.95 0.0
2.9667 0.0
2.9833 0.0
3.0 0.0
3.0167 0.0
3.0333 0.0
3.05 0.0
3.0667 0.0
3.0833 0.0
3.1 0.0
3.1167 0.0
3.1333 0.0
3.15 0.0
3.1667 0.0
3.1833 0.0
3.2 0.0
3.2167 0.0
3.2333 0.0
3.25 0.0
3.2667 0.0
3.2833 0.0
3.3 0.0
3.3167 0.0
3.3333 0.0
3.35 0.0
3.3667 0.0
3.3833 0.0
3.4 0.0
3.4167 0.0
3.4333 0.0
3.45 0.0
3.4667 0.0
3.4833 0.0
3.5 0.0
3.5167 0.0
3.5333 0.0
3.55 0.0
3.5667 0.0
3.5833 0.0
3.6 0.0
3.6167 0.0
3.6333 0.0
3.65 0.0
3.6667 0.0
3.6833 0.0
3.7 0.0
3.7167 0.0
3.7333 0.0
3.75 0.0
3.7667 0.0
3.7833 0.0
3.8 0.0
3.8167 0.0
3.8333 0.0
3.85 0.0
3.8667 0.0
3.8833 0.0
3.9 0.0
3.9167 0.0
3.9333 0.0
3.95 0.0
3.9667 0.0
3.9833 0.0
4.0 0.0
4.0167 0.0
4.0333 0.0
4.05 0.0
4.0667 0.0
4.0833 0.0
4.1 0.0
4.1167 0.0
4.1333 0.0
4.15 0.0
4.1667 0.0
4.1833 0.0
4.2 0.0
4.2167 0.0
4.2333 0.0
4.25 0.0
4.2667 0.0
4.2833 0.0
4.3 0.0
4.3167 0.0
4.3333 0.0
4.35 0.0
4.3667 0.0
4.3833 0.0
4.4 0.0
4.4167 0.0
4.4333 0.0
4.45 0.0
4.4667 0.0
4.4833 0.0
4.5 0.0
4.5167 0.0
4.5333 0.0
4.55 0.0
4.5667 0.0
4.5833 0.0
4.6 0.0
4.6167 0.0
4.6333 0.0
4.65 0.0
4.6667 0.0
4.6833 0.0
4.7 0.0
4.7167 0.0
4.7333 0.0
4.75 0.0
4.7667 0.0
4.7833 0.0
4.8 0.0
4.8167 0.0
4.8333 0.0
4.85 0.0
4.8667 0.0
4.8833 0.0
4.9 0.0
4.9167 0.0
4.9333 0.0
4.95 0.0
4.9667 0.0
4.9833 0.0
5.0 0.0
5.0167 0.0
5.0333 0.0
5.05 0.0
5.0667 0.0
5.0833 0.0
5.1 0.0
5.1167 0.0
5.1333 0.0
5.15 0.0
5.1667 0.0
5.1833 0.0
5.2 0.0
5.2167 0.0
5.2333 0.0
5.25 0.0
5.2667 0.0
5.2833 0.0
5.3 0.0
5.3167 0.0
5.3333 0.0
5.35 0.0
5.3667 0.0
5.3833 0.0
5.4 0.0
5.4167 0.0
5.4333 0.0
5.45 0.0
5.4667 0.0
5.4833 0.0
5.5 0.0
5.5167 0.0
5.5333 0.0
5.55 0.0
5.5667 0.0
5.5833 0.0
5.6 0.0
5.6167 0.0
5.6333 0.0
5.65 0.0
5.6667 0.0
5.6833 0.0
5.7 0.0
5.7167 0.0
5.7333 0.0
5.75 0.0
5.7667 0.0
5.7833 0.0
5.8 0.0
5.8167 0.0
5.8333 0.0
5.85 0.0
5.8667 0.0
5.8833 0.0
5.9 0.0
5.9167 0.0
5.9333 0.0
5.95 0.0
5.9667 0.0
5.9833 0.0
6.0 0.0
6.0167 0.0
6.0333 0.0
6.05 0.0
6.0667 0.0
6.0833 0.0
6.1 0.0
6.1167 0.0
6.1333 0.0
6.15 0.0
6.1667 0.0
6.1833 0.0
6.2 0.0
6.2167 0.0
6.2333 0.0
6.25 0.0
6.2667 0.0
6.2833 0.0
6.3 1.992e-17
6.3167 4.249e-14
6.3333 8.42e-12
6.35 3.334e-10
6.3667 4.578e-09
6.3833 2.49e-08
6.4 6.929e-08
6.4167 1.556e-07
6.4333 2.941e-07
6.45 5.274e-07
6.4667 9.215e-07
6.4833 1.555e-06
6.5 2.506e-06
6.5167 3.859e-06
6.5333 5.7e-06
6.55 7.927e-06
6.5667 1.106e-05
6.5833 1.482e-05
6.6 1.961e-05
6.6167 2.567e-05
6.6333 3.319e-05
6.65 4.247e-05
6.6667 5.399e-05
6.6833 6.676e-05
6.7 8.281e-05
6.7167 0.0001007
6.7333 0.000124
6.75 0.0001477
6.7667 0.0001752
6.7833 0.0002069
6.8 0.0002436
6.8167 0.0002792
6.8333 0.0003212
6.85 0.0003758
6.8667 0.0004182
6.8833 0.0004691
6.9 0.0005303
6.9167 0.0006033
6.9333 0.0006712
6.95 0.0007409
6.9667 0.0008154
6.9833 0.0008943
7.0 0.0009776
7.0167 0.001065
7.0333 0.001156
7.05 0.001252
7.0667 0.001351
7.0833 0.001456
7.1 0.001563
7.1167 0.001676
7.1333 0.001792
7.15 0.001913
7.1667 0.002038
7.1833 0.002168
7.2 0.002302
7.2167 0.00244
7.2333 0.002583
7.25 0.002731
7.2667 0.002885
7.2833 0.003042
7.3 0.003205
7.3167 0.003373
7.3333 0.003546
7.35 0.003725
7.3667 0.003909
7.3833 0.004098
7.4 0.004293
7.4167 0.004494
7.4333 0.0047
7.45 0.004913
7.4667 0.005132
7.4833 0.005357
7.5 0.005587
7.5167 0.005825
7.5333 0.006068
7.55 0.006319
7.5667 0.006576
7.5833 0.00684
7.6 0.00711
7.6167 0.007387
7.6333 0.007672
7.65 0.007964
7.6667 0.008263
7.6833 0.008569
7.7 0.008883
7.7167 0.009204
7.7333 0.009532
7.75 0.00987
7.7667 0.01021
7.7833 0.01057
7.8 0.01093
7.8167 0.01129
7.8333 0.01167
7.85 0.01206
7.8667 0.01245
7.8833 0.01285
7.9 0.01326
7.9167 0.01368
7.9333 0.01411
7.95 0.01454
7.9667 0.01499
7.9833 0.01544
8.0 0.0159
8.0167 0.01637
8.0333 0.01685
8.05 0.01734
8.0667 0.01784
8.0833 0.01835
8.1 0.01886
8.1167 0.01939
8.1333 0.01993
8.15 0.02047
8.1667 0.02103
8.1833 0.02159
8.2 0.02216
8.2167 0.02275
8.2333 0.02334
8.25 0.02394
8.2667 0.02456
8.2833 0.02518
8.3 0.02581
8.3167 0.02645
8.3333 0.02711
8.35 0.02777
8.3667 0.02844
8.3833 0.02912
8.4 0.02981
8.4167 0.03051
8.4333 0.03122
8.45 0.03194
8.4667 0.03268
8.4833 0.03342
8.5 0.03417
8.5167 0.03493
8.5333 0.0357
8.55 0.03648
8.5667 0.03727
8.5833 0.03808
8.6 0.03889
8.6167 0.03971
8.6333 0.04054
8.65 0.04138
8.6667 0.04223
8.6833 0.04309
8.7 0.04396
8.7167 0.04484
8.7333 0.04574
8.75 0.04664
8.7667 0.04755
8.7833 0.04847
8.8 0.0494
8.8167 0.05034
8.8333 0.05128
8.85 0.05224
8.8667 0.05321
8.8833 0.05419
8.9 0.05518
8.9167 0.05617
8.9333 0.05718
8.95 0.05819
8.9667 0.05922
8.9833 0.06025
9.0 0.0613
9.0167 0.06235
9.0333 0.06341
9.05 0.06448
9.0667 0.06556
9.0833 0.06665
9.1 0.06774
9.1167 0.06885
9.1333 0.06996
9.15 0.07109
9.1667 0.07222
9.1833 0.07336
9.2 0.0745
9.2167 0.07566
9.2333 0.07682
9.25 0.078
9.2667 0.07917
9.2833 0.08036
9.3 0.08156
9.3167 0.08276
9.3333 0.08397
9.35 0.08519
9.3667 0.08642
9.3833 0.08765
9.4 0.08889
9.4167 0.09013
9.4333 0.09139
9.45 0.09265
9.4667 0.09392
9.4833 0.09519
9.5 0.09647
9.5167 0.09776
9.5333 0.09905
9.55 0.1004
9.5667 0.1017
9.5833 0.103
9.6 0.1043
9.6167 0.1056
9.6333 0.1069
9.65 0.1083
9.6667 0.1096
9.6833 0.111
9.7 0.1123
9.7167 0.1136
9.7333 0.115
9.75 0.1164
9.7667 0.1178
9.7833 0.1191
9.8 0.1205
9.8167 0.1219
9.8333 0.1233
9.85 0.1247
9.8667 0.1261
9.8833 0.1275
9.9 0.1289
9.9167 0.1303
9.9333 0.1317
9.95 0.1331
9.9667 0.1345
9.9833 0.1359
10.0 0.1374
10.0167 0.1388
10.0333 0.1402
10.05 0.1416
10.0667 0.143
10.0833 0.1445
10.1 0.1459
10.1167 0.1474
10.1333 0.1488
10.15 0.1503
10.1667 0.1517
10.1833 0.1531
10.2 0.1546
10.2167 0.156
10.2333 0.1575
10.25 0.1589
10.2667 0.1604
10.2833 0.1618
10.3 0.1632
10.3167 0.1646
10.3333 0.1661
10.35 0.1676
10.3667 0.169
10.3833 0.1705
10.4 0.1719
10.4167 0.1733
10.4333 0.1748
10.45 0.1762
10.4667 0.1777
10.4833 0.179
10.5 0.1805
10.5167 0.182
10.5333 0.1834
10.55 0.1848
10.5667 0.1863
10.5833 0.1876
10.6 0.1891
10.6167 0.1905
10.6333 0.1919
10.65 0.1933
10.6667 0.1947
10.6833 0.1961
10.7 0.1975
10.7167 0.1989
10.7333 0.2003
10.75 0.2017
10.7667 0.2031
10.7833 0.2045
10.8 0.2059
10.8167 0.2072
10.8333 0.2086
10.85 0.21
10.8667 0.2113
10.8833 0.2127
10.9 0.214
10.9167 0.2154
10.9333 0.2167
10.95 0.218
10.9667 0.2194
10.9833 0.2207
11.0 0.222
11.0167 0.2233
11.0333 0.2246
11.05 0.2259
11.0667 0.2271
11.0833 0.2284
11.1 0.2297
11.1167 0.231
11.1333 0.2322
11.15 0.2335
11.1667 0.2347
11.1833 0.2359
11.2 0.237
11.2167 0.2384
11.2333 0.2396
11.25 0.2408
11.2667 0.242
11.2833 0.2432
11.3 0.2443
11.3167 0.2454
11.3333 0.2467
11.35 0.2478
11.3667 0.2489
11.3833 0.2501
11.4 0.2512
11.4167 0.2523
11.4333 0.2534
11.45 0.2543
11.4667 0.2556
11.4833 0.2566
11.5 0.2577
11.5167 0.2588
11.5333 0.2598
11.55 0.2608
11.5667 0.2618
11.5833 0.2628
11.6 0.2638
11.6167 0.2648
11.6333 0.2658
11.65 0.2668
11.6667 0.2677
11.6833 0.2686
11.7 0.2696
11.7167 0.2705
11.7333 0.2714
11.75 0.2723
11.7667 0.2731
11.7833 0.274
11.8 0.2749
11.8167 0.2755
11.8333 0.2765
11.85 0.2774
11.8667 0.2782
11.8833 0.279
11.9 0.2798
11.9167 0.2805
11.9333 0.2813
11.95 0.282
11.9667 0.2827
11.9833 0.2833
12.0 0.2841
12.0167 0.2849
12.0333 0.2855
12.05 0.2862
12.0667 0.2868
12.0833 0.2875
12.1 0.2881
12.1167 0.2887
12.1333 0.2893
12.15 0.2899
12.1667 0.2905
12.1833 0.2909
12.2 0.2915
12.2167 0.2921
12.2333 0.2926
12.25 0.2931
12.2667 0.2936
12.2833 0.294
12.3 0.2945
12.3167 0.2949
12.3333 0.2953
12.35 0.2957
12.3667 0.2961
12.3833 0.2965
12.4 0.2969
12.4167 0.2972
12.4333 0.2976
12.45 0.2979
12.4667 0.2982
12.4833 0.2985
12.5 0.2988
12.5167 0.299
12.5333 0.2993
12.55 0.2994
12.5667 0.2995
12.5833 0.2998
12.6 0.3001
12.6167 0.3003
12.6333 0.3004
12.65 0.3006
12.6667 0.3007
12.6833 0.3008
12.7 0.3009
12.7167 0.301
12.7333 0.301
12.75 0.3011
12.7667 0.3011
12.7833 0.3011
12.8 0.3011
12.8167 0.3011
12.8333 0.3011
12.85 0.3011
12.8667 0.301
12.8833 0.3009
12.9 0.3008
12.9167 0.3007
12.9333 0.3006
12.95 0.3005
12.9667 0.3003
12.9833 0.3002
13.0 0.3
13.0167 0.2997
13.0333 0.2994
13.05 0.2994
13.0667 0.2991
13.0833 0.2989
13.1 0.2986
13.1167 0.2983
13.1333 0.298
13.15 0.2977
13.1667 0.2974
13.1833 0.297
13.2 0.2967
13.2167 0.2963
13.2333 0.2959
13.25 0.2955
13.2667 0.2951
13.2833 0.2947
13.3 0.2942
13.3167 0.2938
13.3333 0.2933
13.35 0.2928
13.3667 0.2923
13.3833 0.2918
13.4 0.2911
13.4167 0.2907
13.4333 0.2901
13.45 0.2896
13.4667 0.2889
13.4833 0.2884
13.5 0.2878
13.5167 0.2871
13.5333 0.2865
13.55 0.2858
13.5667 0.2852
13.5833 0.2843
13.6 0.2838
13.6167 0.2831
13.6333 0.2822
13.65 0.2816
13.6667 0.2809
13.6833 0.2801
13.7 0.2793
13.7167 0.2785
13.7333 0.2778
13.75 0.2769
13.7667 0.2761
13.7833 0.2752
13.8 0.2744
13.8167 0.2736
13.8333 0.2727
13.85 0.2718
13.8667 0.2709
13.8833 0.27
13.9 0.2691
13.9167 0.2681
13.9333 0.2671
13.95 0.2662
13.9667 0.2653
13.9833 0.2643
14.0 0.2633
14.0167 0.2623
14.0333 0.2612
14.05 0.2603
14.0667 0.2592
14.0833 0.2582
14.1 0.2571
14.1167 0.2561
14.1333 0.255
14.15 0.2539
14.1667 0.2528
14.1833 0.2517
14.2 0.2506
14.2167 0.2494
14.2333 0.2483
14.25 0.2472
14.2667 0.246
14.2833 0.2449
14.3 0.2437
14.3167 0.2425
14.3333 0.2414
14.35 0.2402
14.3667 0.2389
14.3833 0.2377
14.4 0.2365
14.4167 0.2353
14.4333 0.2341
14.45 0.2328
14.4667 0.2316
14.4833 0.2303
14.5 0.229
14.5167 0.2277
14.5333 0.2265
14.55 0.2252
14.5667 0.2239
14.5833 0.2226
14.6 0.2213
14.6167 0.2199
14.6333 0.2186
14.65 0.2173
14.6667 0.216
14.6833 0.2147
14.7 0.2133
14.7167 0.212
14.7333 0.2106
14.75 0.2092
14.7667 0.2078
14.7833 0.2065
14.8 0.2051
14.8167 0.2038
14.8333 0.2023
14.85 0.201
14.8667 0.1996
14.8833 0.1982
14.9 0.1968
14.9167 0.1954
14.9333 0.194
14.95 0.1926
14.9667 0.1912
14.9833 0.1898
15.0 0.1883
15.0167 0.1869
15.0333 0.1855
15.05 0.1841
15.0667 0.1826
15.0833 0.1812
15.1 0.1798
15.1167 0.1783
15.1333 0.1769
15.15 0.1755
15.1667 0.174
15.1833 0.1726
15.2 0.1711
15.2167 0.1697
15.2333 0.1683
15.25 0.1668
15.2667 0.1654
15.2833 0.1639
15.3 0.1625
15.3167 0.161
15.3333 0.1596
15.35 0.1581
15.3667 0.1567
15.3833 0.1553
15.4 0.1538
15.4167 0.1524
15.4333 0.1509
15.45 0.1495
15.4667 0.1481
15.4833 0.1466
15.5 0.1452
15.5167 0.1436
15.5333 0.1423
15.55 0.1409
15.5667 0.1395
15.5833 0.138
15.6 0.1366
15.6167 0.1352
15.6333 0.1338
15.65 0.1323
15.6667 0.1309
15.6833 0.1295
15.7 0.1281
15.7167 0.1267
15.7333 0.1253
15.75 0.124
15.7667 0.1226
15.7833 0.1212
15.8 0.1198
15.8167 0.1184
15.8333 0.117
15.85 0.1157
15.8667 0.1143
15.8833 0.113
15.9 0.1116
15.9167 0.1103
15.9333 0.1089
15.95 0.1076
15.9667 0.1062
15.9833 0.1049
16.0 0.1036
16.0167 0.1023
16.0333 0.101
16.05 0.09967
16.0667 0.09838
16.0833 0.09709
16.1 0.09581
16.1167 0.09453
16.1333 0.09326
16.15 0.09199
16.1667 0.09073
16.1833 0.08948
16.2 0.08824
16.2167 0.087
16.2333 0.08577
16.25 0.08455
16.2667 0.08334
16.2833 0.08213
16.3 0.08093
16.3167 0.07974
16.3333 0.07856
16.35 0.07738
16.3667 0.07622
16.3833 0.07506
16.4 0.07391
16.4167 0.07276
16.4333 0.07163
16.45 0.0705
16.4667 0.06938
16.4833 0.06827
16.5 0.06717
16.5167 0.06608
16.5333 0.065
16.55 0.06393
16.5667 0.06286
16.5833 0.0618
16.6 0.06076
16.6167 0.05972
16.6333 0.05869
16.65 0.05767
16.6667 0.05666
16.6833 0.05566
16.7 0.05467
16.7167 0.05368
16.7333 0.05271
16.75 0.05175
16.7667 0.05079
16.7833 0.04985
16.8 0.04892
16.8167 0.04799
16.8333 0.04708
16.85 0.04617
16.8667 0.04528
16.8833 0.04439
16.9 0.04352
16.9167 0.04265
16.9333 0.04179
16.95 0.04095
16.9667 0.04011
16.9833 0.03929
17.0 0.03847
17.0167 0.03767
17.0333 0.03687
17.05 0.03608
17.0667 0.03531
17.0833 0.03454
17.1 0.03378
17.1167 0.03304
17.1333 0.0323
17.15 0.03158
17.1667 0.03086
17.1833 0.03015
17.2 0.02946
17.2167 0.02877
17.2333 0.0281
17.25 0.02743
17.2667 0.02677
17.2833 0.02613
17.3 0.02549
17.3167 0.02486
17.3333 0.02425
17.35 0.02364
17.3667 0.02304
17.3833 0.02245
17.4 0.02187
17.4167 0.02131
17.4333 0.02075
17.45 0.0202
17.4667 0.01966
17.4833 0.01913
17.5 0.0186
17.5167 0.01809
17.5333 0.01759
17.55 0.0171
17.5667 0.01661
17.5833 0.01614
17.6 0.01567
17.6167 0.01521
17.6333 0.01476
17.65 0.01432
17.6667 0.01389
17.6833 0.01347
17.7 0.01305
17.7167 0.01265
17.7333 0.01225
17.75 0.01186
17.7667 0.01148
17.7833 0.01111
17.8 0.01075
17.8167 0.01039
17.8333 0.01004
17.85 0.009701
17.8667 0.009369
17.8833 0.009044
17.9 0.008726
17.9167 0.008416
17.9333 0.008114
17.95 0.007818
17.9667 0.007531
17.9833 0.00725
18.0 0.006976
18.0167 0.006709
18.0333 0.006448
18.05 0.006195
18.0667 0.005948
18.0833 0.005707
18.1 0.005473
18.1167 0.005245
18.1333 0.005024
18.15 0.004808
18.1667 0.004599
18.1833 0.004395
18.2 0.004197
18.2167 0.004005
18.2333 0.003818
18.25 0.003637
18.2667 0.003461
18.2833 0.003291
18.3 0.003125
18.3167 0.002965
18.3333 0.00281
18.35 0.002659
18.3667 0.002514
18.3833 0.002373
18.4 0.002236
18.4167 0.002104
18.4333 0.001977
18.45 0.001854
18.4667 0.001735
18.4833 0.001621
18.5 0.001511
18.5167 0.001405
18.5333 0.001303
18.55 0.001206
18.5667 0.001112
18.5833 0.001023
18.6 0.0009372
18.6167 0.0008562
18.6333 0.0007794
18.65 0.0007071
18.6667 0.0006398
18.6833 0.0005669
18.7 0.0004998
18.7167 0.0004439
18.7333 0.0003972
18.75 0.0003443
18.7667 0.0003038
18.7833 0.00026
18.8 0.000223
18.8167 0.0001903
18.8333 0.0001607
18.85 0.0001341
18.8667 0.0001119
18.8833 9.304e-05
18.9 7.472e-05
18.9167 6.11e-05
18.9333 4.82e-05
18.95 3.785e-05
18.9667 2.947e-05
18.9833 2.266e-05
19.0 1.722e-05
19.0167 1.294e-05
19.0333 9.473e-06
19.05 6.799e-06
19.0667 4.738e-06
19.0833 3.22e-06
19.1 2.037e-06
19.1167 1.234e-06
19.1333 7.193e-07
19.15 4.091e-07
19.1667 2.226e-07
19.1833 1.091e-07
19.2 4.603e-08
19.2167 1.267e-08
19.2333 1.508e-09
19.25 7.948e-11
19.2667 1.011e-12
19.2833 2.53e-15
19.3 2.768e-32
19.3167 0.0
19.3333 0.0
19.35 0.0
19.3667 0.0
19.3833 0.0
19.4 0.0
19.4167 0.0
19.4333 0.0
19.45 0.0
19.4667 0.0
19.4833 0.0
19.5 0.0
19.5167 0.0
19.5333 0.0
19.55 0.0
19.5667 0.0
19.5833 0.0
19.6 0.0
19.6167 0.0
19.6333 0.0
19.65 0.0
19.6667 0.0
19.6833 0.0
19.7 0.0
19.7167 0.0
19.7333 0.0
19.75 0.0
19.7667 0.0
19.7833 0.0
19.8 0.0
19.8167 0.0
19.8333 0.0
19.85 0.0
19.8667 0.0
19.8833 0.0
19.9 0.0
19.9167 0.0
19.9333 0.0
19.95 0.0
19.9667 0.0
19.9833 0.0
20.0 0.0
20.0167 0.0
20.0333 0.0
20.05 0.0
20.0667 0.0
20.0833 0.0
20.1 0.0
20.1167 0.0
20.1333 0.0
20.15 0.0
20.1667 0.0
20.1833 0.0
20.2 0.0
20.2167 0.0
20.2333 0.0
20.25 0.0
20.2667 0.0
20.2833 0.0
20.3 0.0
20.3167 0.0
20.3333 0.0
20.35 0.0
20.3667 0.0
20.3833 0.0
20.4 0.0
20.4167 0.0
20.4333 0.0
20.45 0.0
20.4667 0.0
20.4833 0.0
20.5 0.0
20.5167 0.0
20.5333 0.0
20.55 0.0
20.5667 0.0
20.5833 0.0
20.6 0.0
20.6167 0.0
20.6333 0.0
20.65 0.0
20.6667 0.0
20.6833 0.0
20.7 0.0
20.7167 0.0
20.7333 0.0
20.75 0.0
20.7667 0.0
20.7833 0.0
20.8 0.0
20.8167 0.0
20.8333 0.0
20.85 0.0
20.8667 0.0
20.8833 0.0
20.9 0.0
20.9167 0.0
20.9333 0.0
20.95 0.0
20.9667 0.0
20.9833 0.0
21.0 0.0
21.0167 0.0
21.0333 0.0
21.05 0.0
21.0667 0.0
21.0833 0.0
21.1 0.0
21.1167 0.0
21.1333 0.0
21.15 0.0
21.1667 0.0
21.1833 0.0
21.2 0.0
21.2167 0.0
21.2333 0.0
21.25 0.0
21.2667 0.0
21.2833 0.0
21.3 0.0
21.3167 0.0
21.3333 0.0
21.35 0.0
21.3667 0.0
21.3833 0.0
21.4 0.0
21.4167 0.0
21.4333 0.0
21.45 0.0
21.4667 0.0
21.4833 0.0
21.5 0.0
21.5167 0.0
21.5333 0.0
21.55 0.0
21.5667 0.0
21.5833 0.0
21.6 0.0
21.6167 0.0
21.6333 0.0
21.65 0.0
21.6667 0.0
21.6833 0.0
21.7 0.0
21.7167 0.0
21.7333 0.0
21.75 0.0
21.7667 0.0
21.7833 0.0
21.8 0.0
21.8167 0.0
21.8333 0.0
21.85 0.0
21.8667 0.0
21.8833 0.0
21.9 0.0
21.9167 0.0
21.9333 0.0
21.95 0.0
21.9667 0.0
21.9833 0.0
22.0 0.0
22.0167 0.0
22.0333 0.0
22.05 0.0
22.0667 0.0
22.0833 0.0
22.1 0.0
22.1167 0.0
22.1333 0.0
22.15 0.0
22.1667 0.0
22.1833 0.0
22.2 0.0
22.2167 0.0
22.2333 0.0
22.25 0.0
22.2667 0.0
22.2833 0.0
22.3 0.0
22.3167 0.0
22.3333 0.0
22.35 0.0
22.3667 0.0
22.3833 0.0
22.4 0.0
22.4167 0.0
22.4333 0.0
22.45 0.0
22.4667 0.0
22.4833 0.0
22.5 0.0
22.5167 0.0
22.5333 0.0
22.55 0.0
22.5667 0.0
22.5833 0.0
22.6 0.0
22.6167 0.0
22.6333 0.0
22.65 0.0
22.6667 0.0
22.6833 0.0
22.7 0.0
22.7167 0.0
22.7333 0.0
22.75 0.0
22.7667 0.0
22.7833 0.0
22.8 0.0
22.8167 0.0
22.8333 0.0
22.85 0.0
22.8667 0.0
22.8833 0.0
22.9 0.0
22.9167 0.0
22.9333 0.0
22.95 0.0
22.9667 0.0
22.9833 0.0
23.0 0.0
23.0167 0.0
23.0333 0.0
23.05 0.0
23.0667 0.0
23.0833 0.0
23.1 0.0
23.1167 0.0
23.1333 0.0
23.15 0.0
23.1667 0.0
23.1833 0.0
23.2 0.0
23.2167 0.0
23.2333 0.0
23.25 0.0
23.2667 0.0
23.2833 0.0
23.3 0.0
23.3167 0.0
23.3333 0.0
23.35 0.0
23.3667 0.0
23.3833 0.0
23.4 0.0
23.4167 0.0
23.4333 0.0
23.45 0.0
23.4667 0.0
23.4833 0.0
23.5 0.0
23.5167 0.0
23.5333 0.0
23.55 0.0
23.5667 0.0
23.5833 0.0
23.6 0.0
23.6167 0.0
23.6333 0.0
23.65 0.0
23.6667 0.0
23.6833 0.0
23.7 0.0
23.7167 0.0
23.7333 0.0
23.75 0.0
23.7667 0.0
23.7833 0.0
23.8 0.0
23.8167 0.0
23.8333 0.0
23.85 0.0
23.8667 0.0
23.8833 0.0
23.9 0.0
23.9167 0.0
23.9333 0.0
23.95 0.0
23.9667 0.0
23.9833 0.0
