0.0 0.0
0.0167 0.0
0.0333 0.0
0.05 0.0
0.0667 0.0
0.0833 0.0
0.1 0.0
0.1167 0.0
0.1333 0.0
0.15 0.0
0.1667 0.0
0.1833 0.0
0.2 0.0
0.2167 0.0
0.2333 0.0
0.25 0.0
0.2667 0.0
0.2833 0.0
0.3 0.0
0.3167 0.0
0.3333 0.0
0.35 0.0
0.3667 0.0
0.3833 0.0
0.4 0.0
0.4167 0.0
0.4333 0.0
0.45 0.0
0.4667 0.0
0.4833 0.0
0.5 0.0
0.5167 0.0
0.5333 0.0
0.55 0.0
0.5667 0.0
0.5833 0.0
0.6 0.0
0.6167 0.0
0.6333 0.0
0.65 0.0
0.6667 0.0
0.6833 0.0
0.7 0.0
0.7167 0.0
0.7333 0.0
0.75 0.0
0.7667 0.0
0.7833 0.0
0.8 0.0
0.8167 0.0
0.8333 0.0
0.85 0.0
0.8667 0.0
0.8833 0.0
0.9 0.0
0.9167 0.0
0.9333 0.0
0.95 0.0
0.9667 0.0
0.9833 0.0
1.0 0.0
1.0167 0.0
1.0333 0.0
1.05 0.0
1.0667 0.0
1.0833 0.0
1.1 0.0
1.1167 0.0
1.1333 0.0
1.15 0.0
1.1667 0.0
1.1833 0.0
1.2 0.0
1.2167 0.0
1.2333 0.0
1.25 0.0
1.2667 0.0
1.2833 0.0
1.3 0.0
1.3167 0.0
1.3333 0.0
1.35 0.0
1.3667 0.0
1.3833 0.0
1.4 0.0
1.4167 0.0
1.4333 0.0
1.45 0.0
1.4667 0.0
1.4833 0.0
1.5 0.0
1.5167 0.0
1.5333 0.0
1.55 0.0
1.5667 0.0
1.5833 0.0
1.6 0.0
1.6167 0.0
1.6333 0.0
1.65 0.0
1.6667 0.0
1.6833 0.0
1.7 0.0
1.7167 0.0
1.7333 0.0
1.75 0.0
1.7667 0.0
1.7833 0.0
1.8 0.0
1.8167 0.0
1.8333 0.0
1.85 0.0
1.8667 0.0
1.8833 0.0
1.9 0.0
1.9167 0.0
1.9333 0.0
1.95 0.0
1.9667 0.0
1.9833 0.0
2.0 0.0
2.0167 0.0
2.0333 0.0
2.05 0.0
2.0667 0.0
2.0833 0.0
2.1 0.0
2.1167 0.0
2.1333 0.0
2.15 0.0
2.1667 0.0
2.1833 0.0
2.2 0.0
2.2167 0.0
2.2333 0.0
2.25 0.0
2.2667 0.0
2.2833 0.0
2.3 0.0
2.3167 0.0
2.3333 0.0
2.35 0.0
2.3667 0.0
2.3833 0.0
2.4 0.0
2.4167 0.0
2.4333 0.0
2.45 0.0
2.4667 0.0
2.4833 0.0
2.5 0.0
2.5167 0.0
2.5333 0.0
2.55 0.0
2.5667 0.0
2.5833 0.0
2.6 0.0
2.6167 0.0
2.6333 0.0
2.65 0.0
2.6667 0.0
2.6833 0.0
2.7 0.0
2.7167 0.0
2.7333 0.0
2.75 0.0
2.7667 0.0
2.7833 0.0
2.8 0.0
2.8167 0.0
2.8333 0.0
2.85 0.0
2.8667 0.0
2.8833 0.0
2.9 0.0
2.9167 0.0
2.9333 0.0
2.95 0.0
2.9667 0.0
2.9833 0.0
3.0 0.0
3.0167 0.0
3.0333 0.0
3.05 0.0
3.0667 0.0
3.0833 0.0
3.1 0.0
3.1167 0.0
3.1333 0.0
3.15 0.0
3.1667 0.0
3.1833 0.0
3.2 0.0
3.2167 0.0
3.2333 0.0
3.25 0.0
3.2667 0.0
3.2833 0.0
3.3 0.0
3.3167 0.0
3.3333 0.0
3.35 0.0
3.3667 0.0
3.3833 0.0
3.4 0.0
3.4167 0.0
3.4333 0.0
3.45 0.0
3.4667 0.0
3.4833 0.0
3.5 0.0
3.5167 0.0
3.5333 0.0
3.55 0.0
3.5667 0.0
3.5833 0.0
3.6 0.0
3.6167 0.0
3.6333 0.0
3.65 0.0
3.6667 0.0
3.6833 0.0
3.7 0.0
3.7167 0.0
3.7333 0.0
3.75 0.0
3.7667 0.0
3.7833 0.0
3.8 0.0
3.8167 0.0
3.8333 0.0
3.85 0.0
3.8667 0.0
3.8833 0.0
3.9 0.0
3.9167 0.0
3.9333 0.0
3.95 0.0
3.9667 0.0
3.9833 0.0
4.0 0.0
4.0167 0.0
4.0333 0.0
4.05 0.0
4.0667 0.0
4.0833 0.0
4.1 0.0
4.1167 0.0
4.1333 0.0
4.15 0.0
4.1667 0.0
4.1833 0.0
4.2 0.0
4.2167 0.0
4.2333 0.0
4.25 0.0
4.2667 0.0
4.2833 0.0
4.3 0.0
4.3167 0.0
4.3333 0.0
4.35 0.0
4.3667 0.0
4.3833 0.0
4.4 0.0
4.4167 0.0
4.4333 0.0
4.45 0.0
4.4667 0.0
4.4833 0.0
4.5 0.0
4.5167 0.0
4.5333 0.0
4.55 0.0
4.5667 0.0
4.5833 0.0
4.6 0.0
4.6167 0.0
4.6333 0.0
4.65 0.0
4.6667 0.0
4.6833 0.0
4.7 0.0
4.7167 0.0
4.7333 0.0
4.75 0.0
4.7667 0.0
4.7833 0.0
4.8 0.0
4.8167 0.0
4.8333 0.0
4.85 0.0
4.8667 0.0
4.8833 0.0
4.9 0.0
4.9167 0.0
4.9333 0.0
4.95 0.0
4.9667 0.0
4.9833 0.0
5.0 0.0
5.0167 0.0
5.0333 0.0
5.05 0.0
5.0667 0.0
5.0833 0.0
5.1 0.0
5.1167 0.0
5.1333 0.0
5.15 0.0
5.1667 0.0
5.1833 0.0
5.2 0.0
5.2167 0.0
5.2333 0.0
5.25 0.0
5.2667 0.0
5.2833 0.0
5.3 0.0
5.3167 0.0
5.3333 0.0
5.35 0.0
5.3667 0.0
5.3833 0.0
5.4 0.0
5.4167 4.944e-19
5.4333 3.725e-15
5.45 9.544e-13
5.4667 5.216e-11
5.4833 9.779e-10
5.5 7.974e-09
5.5167 3.078e-08
5.5333 7.694e-08
5.55 1.548e-07
5.5667 2.805e-07
5.5833 4.839e-07
5.6 8.163e-07
5.6167 1.348e-06
5.6333 2.08e-06
5.65 3.164e-06
5.6667 4.549e-06
5.6833 6.404e-06
5.7 8.656e-06
5.7167 1.156e-05
5.7333 1.527e-05
5.75 1.986e-05
5.7667 2.542e-05
5.7833 3.22e-05
5.8 4.06e-05
5.8167 5.109e-05
5.8333 6.195e-05
5.85 7.686e-05
5.8667 9.188e-05
5.8833 0.0001097
5.9 0.0001304
5.9167 0.0001541
5.9333 0.0001804
5.95 0.0002098
5.9667 0.0002437
5.9833 0.0002839
6.0 0.0003171
6.0167 0.0003669
6.0333 0.0004062
6.05 0.000453
6.0667 0.0005084
6.0833 0.000574
6.1 0.0006365
6.1167 0.0006991
6.1333 0.0007659
6.15 0.0008366
6.1667 0.000911
6.1833 0.000989
6.2 0.001071
6.2167 0.001156
6.2333 0.001245
6.25 0.001337
6.2667 0.001434
6.2833 0.001533
6.3 0.001637
6.3167 0.001744
6.3333 0.001856
6.35 0.001971
6.3667 0.00209
6.3833 0.002213
6.4 0.00234
6.4167 0.002471
6.4333 0.002607
6.45 0.002746
6.4667 0.002891
6.4833 0.003039
6.5 0.003193
6.5167 0.003351
6.5333 0.003514
6.55 0.003681
6.5667 0.003854
6.5833 0.004031
6.6 0.004214
6.6167 0.004402
6.6333 0.004596
6.65 0.004794
6.6667 0.004999
6.6833 0.005209
6.7 0.005424
6.7167 0.005646
6.7333 0.005874
6.75 0.006107
6.7667 0.006347
6.7833 0.006593
6.8 0.006845
6.8167 0.007104
6.8333 0.007369
6.85 0.007641
6.8667 0.007919
6.8833 0.008204
6.9 0.008497
6.9167 0.008796
6.9333 0.009102
6.95 0.009416
6.9667 0.009737
6.9833 0.01006
7.0 0.0104
7.0167 0.01074
7.0333 0.0111
7.05 0.01145
7.0667 0.01182
7.0833 0.0122
7.1 0.01258
7.1167 0.01297
7.1333 0.01337
7.15 0.01377
7.1667 0.01419
7.1833 0.01461
7.2 0.01505
7.2167 0.01549
7.2333 0.01594
7.25 0.01639
7.2667 0.01686
7.2833 0.01734
7.3 0.01782
7.3167 0.01832
7.3333 0.01882
7.35 0.01933
7.3667 0.01985
7.3833 0.02038
7.4 0.02092
7.4167 0.02147
7.4333 0.02203
7.45 0.0226
7.4667 0.02318
7.4833 0.02377
7.5 0.02436
7.5167 0.02497
7.5333 0.02559
7.55 0.02621
7.5667 0.02685
7.5833 0.0275
7.6 0.02815
7.6167 0.02882
7.6333 0.0295
7.65 0.03018
7.6667 0.03088
7.6833 0.03159
7.7 0.0323
7.7167 0.03303
7.7333 0.03377
7.75 0.03451
7.7667 0.03527
7.7833 0.03604
7.8 0.03682
7.8167 0.03761
7.8333 0.03841
7.85 0.03922
7.8667 0.04004
7.8833 0.04087
7.9 0.04171
7.9167 0.04256
7.9333 0.04342
7.95 0.04429
7.9667 0.04517
7.9833 0.04607
8.0 0.04697
8.0167 0.04788
8.0333 0.04881
8.05 0.04974
8.0667 0.05068
8.0833 0.05164
8.1 0.0526
8.1167 0.05358
8.1333 0.05457
8.15 0.05556
8.1667 0.05657
8.1833 0.05758
8.2 0.05861
8.2167 0.05965
8.2333 0.06069
8.25 0.06175
8.2667 0.06282
8.2833 0.0639
8.3 0.06498
8.3167 0.06608
8.3333 0.06719
8.35 0.0683
8.3667 0.06943
8.3833 0.07057
8.4 0.07171
8.4167 0.07287
8.4333 0.07403
8.45 0.07521
8.4667 0.07639
8.4833 0.07759
8.5 0.07879
8.5167 0.08
8.5333 0.08123
8.55 0.08246
8.5667 0.0837
8.5833 0.08495
8.6 0.08621
8.6167 0.08747
8.6333 0.08875
8.65 0.09003
8.6667 0.09133
8.6833 0.09263
8.7 0.09394
8.7167 0.09526
8.7333 0.09659
8.75 0.09792
8.7667 0.09927
8.7833 0.1006
8.8 0.102
8.8167 0.1033
8.8333 0.1047
8.85 0.1061
8.8667 0.1075
8.8833 0.1089
8.9 0.1103
8.9167 0.1117
8.9333 0.1131
8.95 0.1146
8.9667 0.116
8.9833 0.1175
9.0 0.1189
9.0167 0.1204
9.0333 0.1218
9.05 0.1233
9.0667 0.1248
9.0833 0.1262
9.1 0.1277
9.1167 0.1292
9.1333 0.1307
9.15 0.1322
9.1667 0.1338
9.1833 0.1353
9.2 0.1368
9.2167 0.1383
9.2333 0.1399
9.25 0.1413
9.2667 0.1429
9.2833 0.1445
9.3 0.146
9.3167 0.1476
9.3333 0.1492
9.35 0.1507
9.3667 0.1523
9.3833 0.1539
9.4 0.1555
9.4167 0.157
9.4333 0.1586
9.45 0.1602
9.4667 0.1618
9.4833 0.1634
9.5 0.165
9.5167 0.1666
9.5333 0.1682
9.55 0.1698
9.5667 0.1714
9.5833 0.1731
9.6 0.1747
9.6167 0.1763
9.6333 0.1779
9.65 0.1796
9.6667 0.1812
9.6833 0.1828
9.7 0.1844
9.7167 0.1861
9.7333 0.1877
9.75 0.1893
9.7667 0.191
9.7833 0.1926
9.8 0.1942
9.8167 0.1959
9.8333 0.1974
9.85 0.1992
9.8667 0.2008
9.8833 0.2024
9.9 0.2041
9.9167 0.2057
9.9333 0.2073
9.95 0.209
9.9667 0.2105
9.9833 0.2122
10.0 0.2139
10.0167 0.2155
10.0333 0.2171
10.05 0.2188
10.0667 0.2204
10.0833 0.222
10.1 0.2236
10.1167 0.2253
10.1333 0.2267
10.15 0.2284
10.1667 0.2301
10.1833 0.2317
10.2 0.2333
10.2167 0.2349
10.2333 0.2365
10.25 0.2381
10.2667 0.2397
10.2833 0.2413
10.3 0.2429
10.3167 0.2445
10.3333 0.246
10.35 0.2476
10.3667 0.2492
10.3833 0.2508
10.4 0.2523
10.4167 0.2539
10.4333 0.2554
10.45 0.257
10.4667 0.2585
10.4833 0.2601
10.5 0.2616
10.5167 0.2631
10.5333 0.2646
10.55 0.2661
10.5667 0.2677
10.5833 0.2691
10.6 0.2706
10.6167 0.2719
10.6333 0.2736
10.65 0.2751
10.6667 0.2765
10.6833 0.278
10.7 0.2795
10.7167 0.2809
10.7333 0.2823
10.75 0.2838
10.7667 0.2852
10.7833 0.2864
10.8 0.288
10.8167 0.2894
10.8333 0.2908
10.85 0.2922
10.8667 0.2935
10.8833 0.2949
10.9 0.2963
10.9167 0.2976
10.9333 0.2988
10.95 0.3003
10.9667 0.3016
10.9833 0.3028
11.0 0.3042
11.0167 0.3055
11.0333 0.3068
11.05 0.308
11.0667 0.3093
11.0833 0.3105
11.1 0.3118
11.1167 0.313
11.1333 0.3142
11.15 0.3154
11.1667 0.3166
11.1833 0.3178
11.2 0.319
11.2167 0.32
11.2333 0.3213
11.25 0.3224
11.2667 0.3235
11.2833 0.3247
11.3 0.3258
11.3167 0.3269
11.3333 0.3278
11.35 0.3287
11.3667 0.3301
11.3833 0.3311
11.4 0.3321
11.4167 0.3331
11.4333 0.3342
11.45 0.3351
11.4667 0.3361
11.4833 0.3371
11.5 0.338
11.5167 0.3389
11.5333 0.3399
11.55 0.3408
11.5667 0.3417
11.5833 0.3426
11.6 0.3435
11.6167 0.3444
11.6333 0.3452
11.65 0.346
11.6667 0.3469
11.6833 0.3476
11.7 0.3485
11.7167 0.349
11.7333 0.35
11.75 0.3507
11.7667 0.3515
11.7833 0.3522
11.8 0.3529
11.8167 0.3536
11.8333 0.3543
11.85 0.3549
11.8667 0.3556
11.8833 0.3562
11.9 0.3568
11.9167 0.3573
11.9333 0.358
11.95 0.3586
11.9667 0.3591
11.9833 0.3597
12.0 0.3602
12.0167 0.3607
12.0333 0.3612
12.05 0.3617
12.0667 0.3622
12.0833 0.3626
12.1 0.3631
12.1167 0.3635
12.1333 0.3639
12.15 0.3643
12.1667 0.3646
12.1833 0.365
12.2 0.3653
12.2167 0.3657
12.2333 0.366
12.25 0.3663
12.2667 0.3666
12.2833 0.3668
12.3 0.3671
12.3167 0.3673
12.3333 0.3675
12.35 0.3677
12.3667 0.3679
12.3833 0.3681
12.4 0.3682
12.4167 0.3683
12.4333 0.3684
12.45 0.3684
12.4667 0.3685
12.4833 0.3685
12.5 0.3686
12.5167 0.3686
12.5333 0.3686
12.55 0.3687
12.5667 0.3686
12.5833 0.3686
12.6 0.3685
12.6167 0.3685
12.6333 0.3685
12.65 0.3684
12.6667 0.3684
12.6833 0.3683
12.7 0.3682
12.7167 0.368
12.7333 0.3679
12.75 0.3677
12.7667 0.3675
12.7833 0.3673
12.8 0.367
12.8167 0.3668
12.8333 0.3665
12.85 0.3662
12.8667 0.3659
12.8833 0.3656
12.9 0.3653
12.9167 0.3649
12.9333 0.3646
12.95 0.3642
12.9667 0.3638
12.9833 0.3634
13.0 0.363
13.0167 0.3625
13.0333 0.3621
13.05 0.3616
13.0667 0.3611
13.0833 0.3606
13.1 0.3601
13.1167 0.3596
13.1333 0.3591
13.15 0.3585
13.1667 0.3578
13.1833 0.3573
13.2 0.3567
13.2167 0.3561
13.2333 0.3555
13.25 0.3548
13.2667 0.3542
13.2833 0.3535
13.3 0.3528
13.3167 0.3521
13.3333 0.3513
13.35 0.3506
13.3667 0.3499
13.3833 0.3489
13.4 0.3483
13.4167 0.3475
13.4333 0.3467
13.45 0.3459
13.4667 0.3451
13.4833 0.3442
13.5 0.3433
13.5167 0.3425
13.5333 0.3416
13.55 0.3407
13.5667 0.3398
13.5833 0.3388
13.6 0.3379
13.6167 0.3369
13.6333 0.3358
13.65 0.335
13.6667 0.3339
13.6833 0.333
13.7 0.332
13.7167 0.3309
13.7333 0.3299
13.75 0.3287
13.7667 0.3277
13.7833 0.3267
13.8 0.3256
13.8167 0.3245
13.8333 0.3232
13.85 0.3222
13.8667 0.3211
13.8833 0.3199
13.9 0.3188
13.9167 0.3176
13.9333 0.3164
13.95 0.3152
13.9667 0.314
13.9833 0.3128
14.0 0.3115
14.0167 0.3103
14.0333 0.3091
14.05 0.3078
14.0667 0.3065
14.0833 0.3053
14.1 0.304
14.1167 0.3026
14.1333 0.3014
14.15 0.3001
14.1667 0.2986
14.1833 0.2974
14.2 0.296
14.2167 0.2947
14.2333 0.2933
14.25 0.2919
14.2667 0.2906
14.2833 0.2892
14.3 0.2878
14.3167 0.2863
14.3333 0.285
14.35 0.2835
14.3667 0.2821
14.3833 0.2807
14.4 0.2792
14.4167 0.2778
14.4333 0.2762
14.45 0.2748
14.4667 0.2734
14.4833 0.2717
14.5 0.2704
14.5167 0.2689
14.5333 0.2674
14.55 0.2659
14.5667 0.2644
14.5833 0.2629
14.6 0.2613
14.6167 0.2598
14.6333 0.2583
14.65 0.2567
14.6667 0.2552
14.6833 0.2536
14.7 0.2521
14.7167 0.2505
14.7333 0.249
14.75 0.2474
14.7667 0.2458
14.7833 0.2442
14.8 0.2427
14.8167 0.2411
14.8333 0.2395
14.85 0.2379
14.8667 0.2363
14.8833 0.2345
14.9 0.2331
14.9167 0.2315
14.9333 0.2299
14.95 0.2282
14.9667 0.2266
14.9833 0.225
15.0 0.2234
15.0167 0.2218
15.0333 0.2201
15.05 0.2185
15.0667 0.2169
15.0833 0.2153
15.1 0.2136
15.1167 0.212
15.1333 0.2104
15.15 0.2087
15.1667 0.2071
15.1833 0.2055
15.2 0.2038
15.2167 0.2022
15.2333 0.2006
15.25 0.1988
15.2667 0.1973
15.2833 0.1956
15.3 0.194
15.3167 0.1924
15.3333 0.1907
15.35 0.1891
15.3667 0.1875
15.3833 0.1858
15.4 0.1842
15.4167 0.1826
15.4333 0.181
15.45 0.1792
15.4667 0.1777
15.4833 0.1761
15.5 0.1745
15.5167 0.1728
15.5333 0.1712
15.55 0.1696
15.5667 0.168
15.5833 0.1664
15.6 0.1648
15.6167 0.1632
15.6333 0.1616
15.65 0.16
15.6667 0.1584
15.6833 0.1568
15.7 0.1552
15.7167 0.1537
15.7333 0.1521
15.75 0.1505
15.7667 0.149
15.7833 0.1474
15.8 0.1458
15.8167 0.1443
15.8333 0.1427
15.85 0.1412
15.8667 0.1397
15.8833 0.1381
15.9 0.1366
15.9167 0.1351
15.9333 0.1336
15.95 0.132
15.9667 0.1305
15.9833 0.129
16.0 0.1275
16.0167 0.1261
16.0333 0.1246
16.05 0.1231
16.0667 0.1216
16.0833 0.1202
16.1 0.1187
16.1167 0.1173
16.1333 0.1158
16.15 0.1144
16.1667 0.113
16.1833 0.1115
16.2 0.1101
16.2167 0.1087
16.2333 0.1073
16.25 0.1059
16.2667 0.1046
16.2833 0.1032
16.3 0.1018
16.3167 0.1004
16.3333 0.0991
16.35 0.09776
16.3667 0.09643
16.3833 0.09511
16.4 0.09379
16.4167 0.09248
16.4333 0.09118
16.45 0.08989
16.4667 0.0886
16.4833 0.08733
16.5 0.08606
16.5167 0.08481
16.5333 0.08356
16.55 0.08232
16.5667 0.08109
16.5833 0.07987
16.6 0.07866
16.6167 0.07746
16.6333 0.07627
16.65 0.07508
16.6667 0.07391
16.6833 0.07275
16.7 0.07159
16.7167 0.07045
16.7333 0.06931
16.75 0.06819
16.7667 0.06707
16.7833 0.06597
16.8 0.06487
16.8167 0.06379
16.8333 0.06271
16.85 0.06165
16.8667 0.06059
16.8833 0.05955
16.9 0.05851
16.9167 0.05749
16.9333 0.05647
16.95 0.05547
16.9667 0.05447
16.9833 0.05349
17.0 0.05251
17.0167 0.05155
17.0333 0.0506
17.05 0.04966
17.0667 0.04872
17.0833 0.0478
17.1 0.04689
17.1167 0.04599
17.1333 0.0451
17.15 0.04422
17.1667 0.04335
17.1833 0.04249
17.2 0.04164
17.2167 0.0408
17.2333 0.03997
17.25 0.03915
17.2667 0.03834
17.2833 0.03754
17.3 0.03676
17.3167 0.03598
17.3333 0.03521
17.35 0.03446
17.3667 0.03371
17.3833 0.03297
17.4 0.03225
17.4167 0.03153
17.4333 0.03083
17.45 0.03013
17.4667 0.02945
17.4833 0.02877
17.5 0.02811
17.5167 0.02745
17.5333 0.02681
17.55 0.02617
17.5667 0.02555
17.5833 0.02493
17.6 0.02432
17.6167 0.02373
17.6333 0.02314
17.65 0.02256
17.6667 0.022
17.6833 0.02144
17.7 0.02089
17.7167 0.02035
17.7333 0.01982
17.75 0.0193
17.7667 0.01879
17.7833 0.01829
17.8 0.0178
17.8167 0.01731
17.8333 0.01684
17.85 0.01637
17.8667 0.01591
17.8833 0.01546
17.9 0.01502
17.9167 0.01459
17.9333 0.01417
17.95 0.01376
17.9667 0.01335
17.9833 0.01295
18.0 0.01256
18.0167 0.01218
18.0333 0.01181
18.05 0.01144
18.0667 0.01108
18.0833 0.01073
18.1 0.01039
18.1167 0.01005
18.1333 0.009726
18.15 0.009406
18.1667 0.009093
18.1833 0.008787
18.2 0.008488
18.2167 0.008196
18.2333 0.007911
18.25 0.007634
18.2667 0.007362
18.2833 0.007097
18.3 0.006839
18.3167 0.006587
18.3333 0.006342
18.35 0.006103
18.3667 0.005869
18.3833 0.005642
18.4 0.005421
18.4167 0.005206
18.4333 0.004996
18.45 0.004792
18.4667 0.004593
18.4833 0.0044
18.5 0.004213
18.5167 0.00403
18.5333 0.003853
18.55 0.00368
18.5667 0.003513
18.5833 0.00335
18.6 0.003193
18.6167 0.00304
18.6333 0.002891
18.65 0.002747
18.6667 0.002607
18.6833 0.002472
18.7 0.002341
18.7167 0.002214
18.7333 0.002091
18.75 0.001972
18.7667 0.001857
18.7833 0.001746
18.8 0.001639
18.8167 0.001535
18.8333 0.001435
18.85 0.001339
18.8667 0.001247
18.8833 0.001158
18.9 0.001073
18.9167 0.000991
18.9333 0.000913
18.95 0.0008386
18.9667 0.0007679
18.9833 0.0007011
19.0 0.0006385
19.0167 0.0005764
19.0333 0.0005105
19.05 0.0004548
19.0667 0.0004078
19.0833 0.0003684
19.1 0.0003187
19.1167 0.0002851
19.1333 0.0002449
19.15 0.0002112
19.1667 0.0001819
19.1833 0.0001556
19.2 0.0001317
19.2167 0.0001106
19.2333 9.261e-05
19.25 7.745e-05
19.2667 6.263e-05
19.2833 5.154e-05
19.3 4.105e-05
19.3167 3.268e-05
19.3333 2.601e-05
19.35 2.041e-05
19.3667 1.573e-05
19.3833 1.185e-05
19.4 8.827e-06
19.4167 6.517e-06
19.4333 4.726e-06
19.45 3.239e-06
19.4667 2.173e-06
19.4833 1.385e-06
19.5 8.433e-07
19.5167 5.023e-07
19.5333 2.925e-07
19.55 1.623e-07
19.5667 8.12e-08
19.5833 3.392e-08
19.6 9.361e-09
19.6167 1.18e-09
19.6333 7.688e-11
19.65 1.37e-12
19.6667 6.452e-15
19.6833 1.957e-18
19.7 0.0
19.7167 0.0
19.7333 0.0
19.75 0.0
19.7667 0.0
19.7833 0.0
19.8 0.0
19.8167 0.0
19.8333 0.0
19.85 0.0
19.8667 0.0
19.8833 0.0
19.9 0.0
19.9167 0.0
19.9333 0.0
19.95 0.0
19.9667 0.0
19.9833 0.0
20.0 0.0
20.0167 0.0
20.0333 0.0
20.05 0.0
20.0667 0.0
20.0833 0.0
20.1 0.0
20.1167 0.0
20.1333 0.0
20.15 0.0
20.1667 0.0
20.1833 0.0
20.2 0.0
20.2167 0.0
20.2333 0.0
20.25 0.0
20.2667 0.0
20.2833 0.0
20.3 0.0
20.3167 0.0
20.3333 0.0
20.35 0.0
20.3667 0.0
20.3833 0.0
20.4 0.0
20.4167 0.0
20.4333 0.0
20.45 0.0
20.4667 0.0
20.4833 0.0
20.5 0.0
20.5167 0.0
20.5333 0.0
20.55 0.0
20.5667 0.0
20.5833 0.0
20.6 0.0
20.6167 0.0
20.6333 0.0
20.65 0.0
20.6667 0.0
20.6833 0.0
20.7 0.0
20.7167 0.0
20.7333 0.0
20.75 0.0
20.7667 0.0
20.7833 0.0
20.8 0.0
20.8167 0.0
20.8333 0.0
20.85 0.0
20.8667 0.0
20.8833 0.0
20.9 0.0
20.9167 0.0
20.9333 0.0
20.95 0.0
20.9667 0.0
20.9833 0.0
21.0 0.0
21.0167 0.0
21.0333 0.0
21.05 0.0
21.0667 0.0
21.0833 0.0
21.1 0.0
21.1167 0.0
21.1333 0.0
21.15 0.0
21.1667 0.0
21.1833 0.0
21.2 0.0
21.2167 0.0
21.2333 0.0
21.25 0.0
21.2667 0.0
21.2833 0.0
21.3 0.0
21.3167 0.0
21.3333 0.0
21.35 0.0
21.3667 0.0
21.3833 0.0
21.4 0.0
21.4167 0.0
21.4333 0.0
21.45 0.0
21.4667 0.0
21.4833 0.0
21.5 0.0
21.5167 0.0
21.5333 0.0
21.55 0.0
21.5667 0.0
21.5833 0.0
21.6 0.0
21.6167 0.0
21.6333 0.0
21.65 0.0
21.6667 0.0
21.6833 0.0
21.7 0.0
21.7167 0.0
21.7333 0.0
21.75 0.0
21.7667 0.0
21.7833 0.0
21.8 0.0
21.8167 0.0
21.8333 0.0
21.85 0.0
21.8667 0.0
21.8833 0.0
21.9 0.0
21.9167 0.0
21.9333 0.0
21.95 0.0
21.9667 0.0
21.9833 0.0
22.0 0.0
22.0167 0.0
22.0333 0.0
22.05 0.0
22.0667 0.0
22.0833 0.0
22.1 0.0
22.1167 0.0
22.1333 0.0
22.15 0.0
22.1667 0.0
22.1833 0.0
22.2 0.0
22.2167 0.0
22.2333 0.0
22.25 0.0
22.2667 0.0
22.2833 0.0
22.3 0.0
22.3167 0.0
22.3333 0.0
22.35 0.0
22.3667 0.0
22.3833 0.0
22.4 0.0
22.4167 0.0
22.4333 0.0
22.45 0.0
22.4667 0.0
22.4833 0.0
22.5 0.0
22.5167 0.0
22.5333 0.0
22.55 0.0
22.5667 0.0
22.5833 0.0
22.6 0.0
22.6167 0.0
22.6333 0.0
22.65 0.0
22.6667 0.0
22.6833 0.0
22.7 0.0
22.7167 0.0
22.7333 0.0
22.75 0.0
22.7667 0.0
22.7833 0.0
22.8 0.0
22.8167 0.0
22.8333 0.0
22.85 0.0
22.8667 0.0
22.8833 0.0
22.9 0.0
22.9167 0.0
22.9333 0.0
22.95 0.0
22.9667 0.0
22.9833 0.0
23.0 0.0
23.0167 0.0
23.0333 0.0
23.05 0.0
23.0667 0.0
23.0833 0.0
23.1 0.0
23.1167 0.0
23.1333 0.0
23.15 0.0
23.1667 0.0
23.1833 0.0
23.2 0.0
23.2167 0.0
23.2333 0.0
23.25 0.0
23.2667 0.0
23.2833 0.0
23.3 0.0
23.3167 0.0
23.3333 0.0
23.35 0.0
23.3667 0.0
23.3833 0.0
23.4 0.0
23.4167 0.0
23.4333 0.0
23.45 0.0
23.4667 0.0
23.4833 0.0
23.5 0.0
23.5167 0.0
23.5333 0.0
23.55 0.0
23.5667 0.0
23.5833 0.0
23.6 0.0
23.6167 0.0
23.6333 0.0
23.65 0.0
23.6667 0.0
23.6833 0.0
23.7 0.0
23.7167 0.0
23.7333 0.0
23.75 0.0
23.7667 0.0
23.7833 0.0
23.8 0.0
23.8167 0.0
23.8333 0.0
23.85 0.0
23.8667 0.0
23.8833 0.0
23.9 0.0
23.9167 0.0
23.9333 0.0
23.95 0.0
23.9667 0.0
23.9833 0.0
