0.0 0.0
0.0167 0.0
0.0333 0.0
0.05 0.0
0.0667 0.0
0.0833 0.0
0.1 0.0
0.1167 0.0
0.1333 0.0
0.15 0.0
0.1667 0.0
0.1833 0.0
0.2 0.0
0.2167 0.0
0.2333 0.0
0.25 0.0
0.2667 0.0
0.2833 0.0
0.3 0.0
0.3167 0.0
0.3333 0.0
0.35 0.0
0.3667 0.0
0.3833 0.0
0.4 0.0
0.4167 0.0
0.4333 0.0
0.45 0.0
0.4667 0.0
0.4833 0.0
0.5 0.0
0.5167 0.0
0.5333 0.0
0.55 0.0
0.5667 0.0
0.5833 0.0
0.6 0.0
0.6167 0.0
0.6333 0.0
0.65 0.0
0.6667 0.0
0.6833 0.0
0.7 0.0
0.7167 0.0
0.7333 0.0
0.75 0.0
0.7667 0.0
0.7833 0.0
0.8 0.0
0.8167 0.0
0.8333 0.0
0.85 0.0
0.8667 0.0
0.8833 0.0
0.9 0.0
0.9167 0.0
0.9333 0.0
0.95 0.0
0.9667 0.0
0.9833 0.0
1.0 0.0
1.0167 0.0
1.0333 0.0
1.05 0.0
1.0667 0.0
1.0833 0.0
1.1 0.0
1.1167 0.0
1.1333 0.0
1.15 0.0
1.1667 0.0
1.1833 0.0
1.2 0.0
1.2167 0.0
1.2333 0.0
1.25 0.0
1.2667 0.0
1.2833 0.0
1.3 0.0
1.3167 0.0
1.3333 0.0
1.35 0.0
1.3667 0.0
1.3833 0.0
1.4 0.0
1.4167 0.0
1.4333 0.0
1.45 0.0
1.4667 0.0
1.4833 0.0
1.5 0.0
1.5167 0.0
1.5333 0.0
1.55 0.0
1.5667 0.0
1.5833 0.0
1.6 0.0
1.6167 0.0
1.6333 0.0
1.65 0.0
1.6667 0.0
1.6833 0.0
1.7 0.0
1.7167 0.0
1.7333 0.0
1.75 0.0
1.7667 0.0
1.7833 0.0
1.8 0.0
1.8167 0.0
1.8333 0.0
1.85 0.0
1.8667 0.0
1.8833 0.0
1.9 0.0
1.9167 0.0
1.9333 0.0
1.95 0.0
1.9667 0.0
1.9833 0.0
2.0 0.0
2.0167 0.0
2.0333 0.0
2.05 0.0
2.0667 0.0
2.0833 0.0
2.1 0.0
2.1167 0.0
2.1333 0.0
2.15 0.0
2.1667 0.0
2.1833 0.0
2.2 0.0
2.2167 0.0
2.2333 0.0
2.25 0.0
2.2667 0.0
2.2833 0.0
2.3 0.0
2.3167 0.0
2.3333 0.0
2.35 0.0
2.3667 0.0
2.3833 0.0
2.4 0.0
2.4167 0.0
2.4333 0.0
2.45 0.0
2.4667 0.0
2.4833 0.0
2.5 0.0
2.5167 0.0
2.5333 0.0
2.55 0.0
2.5667 0.0
2.5833 0.0
2.6 0.0
2.6167 0.0
2.6333 0.0
2.65 0.0
2.6667 0.0
2.6833 0.0
2.7 0.0
2.7167 0.0
2.7333 0.0
2.75 0.0
2.7667 0.0
2.7833 0.0
2.8 0.0
2.8167 0.0
2.8333 0.0
2.85 0.0
2.8667 0.0
2.8833 0.0
2.9 0.0
2.9167 0.0
2.9333 0.0
2.95 0.0
2.9667 0.0
2.9833 0.0
3.0 0.0
3.0167 0.0
3.0333 0.0
3.05 0.0
3.0667 0.0
3.0833 0.0
3.1 0.0
3.1167 0.0
3.1333 0.0
3.15 0.0
3.1667 0.0
3.1833 0.0
3.2 0.0
3.2167 0.0
3.2333 0.0
3.25 0.0
3.2667 0.0
3.2833 0.0
3.3 0.0
3.3167 0.0
3.3333 0.0
3.35 0.0
3.3667 0.0
3.3833 0.0
3.4 0.0
3.4167 0.0
3.4333 0.0
3.45 0.0
3.4667 0.0
3.4833 0.0
3.5 0.0
3.5167 0.0
3.5333 0.0
3.55 0.0
3.5667 0.0
3.5833 0.0
3.6 0.0
3.6167 0.0
3.6333 0.0
3.65 0.0
3.6667 0.0
3.6833 0.0
3.7 0.0
3.7167 0.0
3.7333 0.0
3.75 0.0
3.7667 0.0
3.7833 0.0
3.8 0.0
3.8167 0.0
3.8333 0.0
3.85 0.0
3.8667 0.0
3.8833 0.0
3.9 0.0
3.9167 0.0
3.9333 0.0
3.95 0.0
3.9667 0.0
3.9833 0.0
4.0 0.0
4.0167 0.0
4.0333 0.0
4.05 0.0
4.0667 0.0
4.0833 0.0
4.1 0.0
4.1167 0.0
4.1333 0.0
4.15 0.0
4.1667 0.0
4.1833 0.0
4.2 0.0
4.2167 0.0
4.2333 0.0
4.25 0.0
4.2667 0.0
4.2833 0.0
4.3 0.0
4.3167 0.0
4.3333 0.0
4.35 0.0
4.3667 0.0
4.3833 0.0
4.4 0.0
4.4167 0.0
4.4333 0.0
4.45 0.0
4.4667 0.0
4.4833 0.0
4.5 0.0
4.5167 0.0
4.5333 0.0
4.55 0.0
4.5667 0.0
4.5833 0.0
4.6 0.0
4.6167 0.0
4.6333 0.0
4.65 0.0
4.6667 0.0
4.6833 0.0
4.7 0.0
4.7167 0.0
4.7333 0.0
4.75 0.0
4.7667 0.0
4.7833 0.0
4.8 0.0
4.8167 0.0
4.8333 0.0
4.85 0.0
4.8667 0.0
4.8833 0.0
4.9 0.0
4.9167 0.0
4.9333 0.0
4.95 0.0
4.9667 0.0
4.9833 0.0
5.0 0.0
5.0167 0.0
5.0333 0.0
5.05 0.0
5.0667 0.0
5.0833 0.0
5.1 0.0
5.1167 0.0
5.1333 0.0
5.15 0.0
5.1667 0.0
5.1833 0.0
5.2 0.0
5.2167 0.0
5.2333 0.0
5.25 0.0
5.2667 0.0
5.2833 0.0
5.3 0.0
5.3167 0.0
5.3333 0.0
5.35 0.0
5.3667 0.0
5.3833 0.0
5.4 0.0
5.4167 0.0
5.4333 0.0
5.45 0.0
5.4667 0.0
5.4833 0.0
5.5 0.0
5.5167 0.0
5.5333 0.0
5.55 0.0
5.5667 0.0
5.5833 0.0
5.6 0.0
5.6167 0.0
5.6333 0.0
5.65 0.0
5.6667 0.0
5.6833 0.0
5.7 0.0
5.7167 0.0
5.7333 0.0
5.75 0.0
5.7667 0.0
5.7833 0.0
5.8 0.0
5.8167 0.0
5.8333 0.0
5.85 0.0
5.8667 0.0
5.8833 0.0
5.9 0.0
5.9167 0.0
5.9333 8.743e-19
5.95 8.274e-15
5.9667 2.4e-12
5.9833 1.432e-10
6.0 2.445e-09
6.0167 1.733e-08
6.0333 5.404e-08
6.05 1.285e-07
6.0667 2.508e-07
6.0833 4.59e-07
6.1 8.171e-07
6.1167 1.405e-06
6.1333 2.292e-06
6.15 3.575e-06
6.1667 5.336e-06
6.1833 7.551e-06
6.2 1.053e-05
6.2167 1.419e-05
6.2333 1.897e-05
6.25 2.509e-05
6.2667 3.254e-05
6.2833 4.138e-05
6.3 5.228e-05
6.3167 6.587e-05
6.3333 8.1e-05
6.35 9.987e-05
6.3667 0.0001202
6.3833 0.0001447
6.4 0.0001733
6.4167 0.0002047
6.4333 0.0002382
6.45 0.0002765
6.4667 0.0003221
6.4833 0.0003658
6.5 0.0004201
6.5167 0.0004692
6.5333 0.0005283
6.55 0.0005989
6.5667 0.0006741
6.5833 0.0007444
6.6 0.0008199
6.6167 0.0008999
6.6333 0.0009845
6.65 0.001073
6.6667 0.001167
6.6833 0.001264
6.7 0.001366
6.7167 0.001472
6.7333 0.001583
6.75 0.001698
6.7667 0.001817
6.7833 0.001941
6.8 0.002069
6.8167 0.002202
6.8333 0.00234
6.85 0.002483
6.8667 0.00263
6.8833 0.002783
6.9 0.00294
6.9167 0.003103
6.9333 0.00327
6.95 0.003444
6.9667 0.003622
6.9833 0.003807
7.0 0.003996
7.0167 0.004192
7.0333 0.004393
7.05 0.004601
7.0667 0.004815
7.0833 0.005034
7.1 0.00526
7.1167 0.005493
7.1333 0.005732
7.15 0.005978
7.1667 0.006231
7.1833 0.00649
7.2 0.006756
7.2167 0.00703
7.2333 0.00731
7.25 0.007598
7.2667 0.007893
7.2833 0.008196
7.3 0.008507
7.3167 0.008825
7.3333 0.009151
7.35 0.009485
7.3667 0.009826
7.3833 0.01018
7.4 0.01053
7.4167 0.0109
7.4333 0.01128
7.45 0.01166
7.4667 0.01205
7.4833 0.01245
7.5 0.01286
7.5167 0.01328
7.5333 0.01371
7.55 0.01414
7.5667 0.01459
7.5833 0.01504
7.6 0.01551
7.6167 0.01598
7.6333 0.01646
7.65 0.01695
7.6667 0.01745
7.6833 0.01797
7.7 0.01849
7.7167 0.01902
7.7333 0.01956
7.75 0.02011
7.7667 0.02067
7.7833 0.02124
7.8 0.02182
7.8167 0.02241
7.8333 0.023
7.85 0.02361
7.8667 0.02423
7.8833 0.02487
7.9 0.02551
7.9167 0.02616
7.9333 0.02682
7.95 0.02749
7.9667 0.02817
7.9833 0.02886
8.0 0.02957
8.0167 0.03028
8.0333 0.031
8.05 0.03174
8.0667 0.03248
8.0833 0.03324
8.1 0.034
8.1167 0.03478
8.1333 0.03557
8.15 0.03636
8.1667 0.03717
8.1833 0.03799
8.2 0.03882
8.2167 0.03966
8.2333 0.04051
8.25 0.04137
8.2667 0.04224
8.2833 0.04312
8.3 0.04401
8.3167 0.04492
8.3333 0.04583
8.35 0.04675
8.3667 0.04769
8.3833 0.04863
8.4 0.04958
8.4167 0.05055
8.4333 0.05152
8.45 0.05251
8.4667 0.0535
8.4833 0.05451
8.5 0.05552
8.5167 0.05655
8.5333 0.05758
8.55 0.05863
8.5667 0.05968
8.5833 0.06075
8.6 0.06182
8.6167 0.0629
8.6333 0.064
8.65 0.0651
8.6667 0.06621
8.6833 0.06733
8.7 0.06846
8.7167 0.0696
8.7333 0.07075
8.75 0.07191
8.7667 0.07308
8.7833 0.07425
8.8 0.07544
8.8167 0.07663
8.8333 0.07784
8.85 0.07905
8.8667 0.08026
8.8833 0.08149
8.9 0.08273
8.9167 0.08397
8.9333 0.08523
8.95 0.08649
8.9667 0.08775
8.9833 0.08903
9.0 0.09031
9.0167 0.0916
9.0333 0.0929
9.05 0.09421
9.0667 0.09552
9.0833 0.09684
9.1 0.09817
9.1167 0.0995
9.1333 0.1008
9.15 0.1022
9.1667 0.1035
9.1833 0.1049
9.2 0.1063
9.2167 0.1076
9.2333 0.109
9.25 0.1104
9.2667 0.1118
9.2833 0.1132
9.3 0.1146
9.3167 0.116
9.3333 0.1174
9.35 0.1188
9.3667 0.1202
9.3833 0.1217
9.4 0.1231
9.4167 0.1246
9.4333 0.126
9.45 0.1274
9.4667 0.1289
9.4833 0.1303
9.5 0.1318
9.5167 0.1333
9.5333 0.1347
9.55 0.1362
9.5667 0.1377
9.5833 0.1391
9.6 0.1406
9.6167 0.1421
9.6333 0.1436
9.65 0.145
9.6667 0.1465
9.6833 0.148
9.7 0.1495
9.7167 0.151
9.7333 0.1525
9.75 0.154
9.7667 0.1555
9.7833 0.157
9.8 0.1585
9.8167 0.16
9.8333 0.1615
9.85 0.163
9.8667 0.1645
9.8833 0.166
9.9 0.1675
9.9167 0.169
9.9333 0.1705
9.95 0.172
9.9667 0.1735
9.9833 0.175
10.0 0.1765
10.0167 0.178
10.0333 0.1795
10.05 0.181
10.0667 0.1825
10.0833 0.184
10.1 0.1855
10.1167 0.187
10.1333 0.1885
10.15 0.19
10.1667 0.1915
10.1833 0.1929
10.2 0.1943
10.2167 0.1959
10.2333 0.1974
10.25 0.1988
10.2667 0.2003
10.2833 0.2018
10.3 0.2032
10.3167 0.2047
10.3333 0.2061
10.35 0.2076
10.3667 0.209
10.3833 0.2104
10.4 0.2119
10.4167 0.2133
10.4333 0.2147
10.45 0.2161
10.4667 0.2176
10.4833 0.219
10.5 0.2204
10.5167 0.2218
10.5333 0.2231
10.55 0.2245
10.5667 0.2259
10.5833 0.2273
10.6 0.2286
10.6167 0.23
10.6333 0.2313
10.65 0.2327
10.6667 0.234
10.6833 0.2354
10.7 0.2367
10.7167 0.238
10.7333 0.2393
10.75 0.2406
10.7667 0.2419
10.7833 0.2432
10.8 0.2444
10.8167 0.2457
10.8333 0.247
10.85 0.2482
10.8667 0.2494
10.8833 0.2507
10.9 0.2519
10.9167 0.2531
10.9333 0.2543
10.95 0.2555
10.9667 0.2567
10.9833 0.2578
11.0 0.259
11.0167 0.2602
11.0333 0.2613
11.05 0.2624
11.0667 0.2636
11.0833 0.2647
11.1 0.2658
11.1167 0.2669
11.1333 0.2679
11.15 0.269
11.1667 0.2701
11.1833 0.2711
11.2 0.272
11.2167 0.2731
11.2333 0.2742
11.25 0.2752
11.2667 0.2761
11.2833 0.2771
11.3 0.2781
11.3167 0.2789
11.3333 0.28
11.35 0.2809
11.3667 0.2818
11.3833 0.2827
11.4 0.2835
11.4167 0.2844
11.4333 0.2853
11.45 0.2862
11.4667 0.287
11.4833 0.2878
11.5 0.2886
11.5167 0.2892
11.5333 0.2902
11.55 0.291
11.5667 0.2917
11.5833 0.2924
11.6 0.2932
11.6167 0.2939
11.6333 0.2946
11.65 0.2953
11.6667 0.2959
11.6833 0.2966
11.7 0.2971
11.7167 0.2977
11.7333 0.2985
11.75 0.2991
11.7667 0.2996
11.7833 0.3002
11.8 0.3007
11.8167 0.3013
11.8333 0.3018
11.85 0.3023
11.8667 0.3028
11.8833 0.3033
11.9 0.3038
11.9167 0.3041
11.9333 0.3046
11.95 0.305
11.9667 0.3054
11.9833 0.3058
12.0 0.3062
12.0167 0.3066
12.0333 0.3069
12.05 0.3072
12.0667 0.3075
12.0833 0.3078
12.1 0.3081
12.1167 0.3084
12.1333 0.3086
12.15 0.3088
12.1667 0.309
12.1833 0.3092
12.2 0.3094
12.2167 0.3096
12.2333 0.3098
12.25 0.3099
12.2667 0.31
12.2833 0.3101
12.3 0.3102
12.3167 0.3103
12.3333 0.3103
12.35 0.3104
12.3667 0.3104
12.3833 0.3104
12.4 0.3104
12.4167 0.3104
12.4333 0.3103
12.45 0.3103
12.4667 0.3102
12.4833 0.3101
12.5 0.31
12.5167 0.3099
12.5333 0.3097
12.55 0.3096
12.5667 0.3094
12.5833 0.3092
12.6 0.309
12.6167 0.3088
12.6333 0.3086
12.65 0.3083
12.6667 0.3081
12.6833 0.3078
12.7 0.3075
12.7167 0.3072
12.7333 0.3069
12.75 0.3065
12.7667 0.3062
12.7833 0.3058
12.8 0.3054
12.8167 0.305
12.8333 0.3046
12.85 0.3041
12.8667 0.3037
12.8833 0.3033
12.9 0.3028
12.9167 0.3023
12.9333 0.3018
12.95 0.3013
12.9667 0.3007
12.9833 0.3002
13.0 0.2996
13.0167 0.299
13.0333 0.2984
13.05 0.2977
13.0667 0.2971
13.0833 0.2966
13.1 0.2959
13.1167 0.2952
13.1333 0.2945
13.15 0.2939
13.1667 0.2931
13.1833 0.2924
13.2 0.2917
13.2167 0.2909
13.2333 0.2902
13.25 0.2893
13.2667 0.2886
13.2833 0.2878
13.3 0.2869
13.3167 0.2861
13.3333 0.2853
13.35 0.2844
13.3667 0.2835
13.3833 0.2827
13.4 0.2818
13.4167 0.2808
13.4333 0.2799
13.45 0.2789
13.4667 0.278
13.4833 0.2771
13.5 0.2761
13.5167 0.2751
13.5333 0.2741
13.55 0.2731
13.5667 0.272
13.5833 0.271
13.6 0.27
13.6167 0.269
13.6333 0.2679
13.65 0.2668
13.6667 0.2657
13.6833 0.2646
13.7 0.2635
13.7167 0.2623
13.7333 0.2613
13.75 0.2601
13.7667 0.259
13.7833 0.2578
13.8 0.2566
13.8167 0.2554
13.8333 0.2542
13.85 0.253
13.8667 0.2518
13.8833 0.2506
13.9 0.2494
13.9167 0.2482
13.9333 0.2469
13.95 0.2456
13.9667 0.2444
13.9833 0.2431
14.0 0.2418
14.0167 0.2405
14.0333 0.2392
14.05 0.2379
14.0667 0.2366
14.0833 0.2353
14.1 0.234
14.1167 0.2326
14.1333 0.2313
14.15 0.2299
14.1667 0.2285
14.1833 0.2272
14.2 0.2258
14.2167 0.2244
14.2333 0.2231
14.25 0.2217
14.2667 0.2203
14.2833 0.2189
14.3 0.2175
14.3167 0.2161
14.3333 0.2147
14.35 0.2132
14.3667 0.2118
14.3833 0.2104
14.4 0.2089
14.4167 0.2075
14.4333 0.206
14.45 0.2046
14.4667 0.2032
14.4833 0.2017
14.5 0.2002
14.5167 0.1988
14.5333 0.1973
14.55 0.1958
14.5667 0.1943
14.5833 0.1929
14.6 0.1914
14.6167 0.1899
14.6333 0.1884
14.65 0.1869
14.6667 0.1854
14.6833 0.1839
14.7 0.1824
14.7167 0.181
14.7333 0.1795
14.75 0.1779
14.7667 0.1765
14.7833 0.1749
14.8 0.1735
14.8167 0.172
14.8333 0.1705
14.85 0.1689
14.8667 0.1674
14.8833 0.1659
14.9 0.1644
14.9167 0.1629
14.9333 0.1614
14.95 0.1599
14.9667 0.1584
14.9833 0.1569
15.0 0.1554
15.0167 0.1539
15.0333 0.1524
15.05 0.1509
15.0667 0.1494
15.0833 0.148
15.1 0.1465
15.1167 0.1449
15.1333 0.1435
15.15 0.142
15.1667 0.1405
15.1833 0.1391
15.2 0.1376
15.2167 0.1361
15.2333 0.1346
15.25 0.1332
15.2667 0.1317
15.2833 0.1302
15.3 0.1288
15.3167 0.1274
15.3333 0.1259
15.35 0.1245
15.3667 0.123
15.3833 0.1216
15.4 0.1202
15.4167 0.1188
15.4333 0.1173
15.45 0.1159
15.4667 0.1145
15.4833 0.1131
15.5 0.1117
15.5167 0.1103
15.5333 0.1089
15.55 0.1076
15.5667 0.1062
15.5833 0.1048
15.6 0.1035
15.6167 0.1021
15.6333 0.1008
15.65 0.09943
15.6667 0.0981
15.6833 0.09677
15.7 0.09545
15.7167 0.09414
15.7333 0.09283
15.75 0.09153
15.7667 0.09024
15.7833 0.08896
15.8 0.08768
15.8167 0.08642
15.8333 0.08516
15.85 0.08391
15.8667 0.08266
15.8833 0.08143
15.9 0.0802
15.9167 0.07898
15.9333 0.07777
15.95 0.07657
15.9667 0.07537
15.9833 0.07419
16.0 0.07301
16.0167 0.07185
16.0333 0.07069
16.05 0.06954
16.0667 0.0684
16.0833 0.06727
16.1 0.06615
16.1167 0.06504
16.1333 0.06393
16.15 0.06284
16.1667 0.06176
16.1833 0.06068
16.2 0.05962
16.2167 0.05857
16.2333 0.05752
16.25 0.05649
16.2667 0.05546
16.2833 0.05445
16.3 0.05344
16.3167 0.05245
16.3333 0.05147
16.35 0.05049
16.3667 0.04953
16.3833 0.04857
16.4 0.04763
16.4167 0.0467
16.4333 0.04578
16.45 0.04486
16.4667 0.04396
16.4833 0.04307
16.5 0.04219
16.5167 0.04132
16.5333 0.04046
16.55 0.03961
16.5667 0.03877
16.5833 0.03794
16.6 0.03712
16.6167 0.03632
16.6333 0.03552
16.65 0.03473
16.6667 0.03396
16.6833 0.03319
16.7 0.03244
16.7167 0.03169
16.7333 0.03096
16.75 0.03023
16.7667 0.02952
16.7833 0.02882
16.8 0.02813
16.8167 0.02745
16.8333 0.02677
16.85 0.02611
16.8667 0.02546
16.8833 0.02482
16.9 0.02419
16.9167 0.02358
16.9333 0.02296
16.95 0.02237
16.9667 0.02178
16.9833 0.0212
17.0 0.02063
17.0167 0.02007
17.0333 0.01952
17.05 0.01898
17.0667 0.01845
17.0833 0.01793
17.1 0.01742
17.1167 0.01692
17.1333 0.01643
17.15 0.01595
17.1667 0.01547
17.1833 0.01501
17.2 0.01456
17.2167 0.01411
17.2333 0.01368
17.25 0.01325
17.2667 0.01283
17.2833 0.01242
17.3 0.01202
17.3167 0.01163
17.3333 0.01125
17.35 0.01088
17.3667 0.01051
17.3833 0.01015
17.4 0.009802
17.4167 0.00946
17.4333 0.009127
17.45 0.008802
17.4667 0.008484
17.4833 0.008175
17.5 0.007871
17.5167 0.007577
17.5333 0.00729
17.55 0.007009
17.5667 0.006737
17.5833 0.00647
17.6 0.006211
17.6167 0.005959
17.6333 0.005714
17.65 0.005476
17.6667 0.005244
17.6833 0.005017
17.7 0.004798
17.7167 0.004585
17.7333 0.004378
17.75 0.004177
17.7667 0.003981
17.7833 0.003792
17.8 0.003608
17.8167 0.00343
17.8333 0.003257
17.85 0.00309
17.8667 0.002927
17.8833 0.00277
17.9 0.002618
17.9167 0.002471
17.9333 0.002329
17.95 0.002192
17.9667 0.002059
17.9833 0.001931
18.0 0.001807
18.0167 0.001688
18.0333 0.001574
18.05 0.001463
18.0667 0.001357
18.0833 0.001256
18.1 0.001159
18.1167 0.001066
18.1333 0.0009773
18.15 0.0008928
18.1667 0.0008131
18.1833 0.0007382
18.2 0.0006683
18.2167 0.0005923
18.2333 0.0005228
18.25 0.0004646
18.2667 0.0004161
18.2833 0.0003611
18.3 0.000319
18.3167 0.0002733
18.3333 0.0002346
18.35 0.0002006
18.3667 0.0001697
18.3833 0.0001421
18.4 0.0001184
18.4167 9.855e-05
18.4333 7.934e-05
18.45 6.488e-05
18.4667 5.131e-05
18.4833 4.041e-05
18.5 3.154e-05
18.5167 2.427e-05
18.5333 1.844e-05
18.55 1.385e-05
18.5667 1.03e-05
18.5833 7.308e-06
18.6 5.181e-06
18.6167 3.456e-06
18.6333 2.191e-06
18.65 1.327e-06
18.6667 7.701e-07
18.6833 4.349e-07
18.7 2.384e-07
18.7167 1.177e-07
18.7333 4.941e-08
18.75 1.449e-08
18.7667 2.005e-09
18.7833 1.059e-10
18.8 1.468e-12
18.8167 4.273e-15
18.8333 2.493e-19
18.85 0.0
18.8667 0.0
18.8833 0.0
18.9 0.0
18.9167 0.0
18.9333 0.0
18.95 0.0
18.9667 0.0
18.9833 0.0
19.0 0.0
19.0167 0.0
19.0333 0.0
19.05 0.0
19.0667 0.0
19.0833 0.0
19.1 0.0
19.1167 0.0
19.1333 0.0
19.15 0.0
19.1667 0.0
19.1833 0.0
19.2 0.0
19.2167 0.0
19.2333 0.0
19.25 0.0
19.2667 0.0
19.2833 0.0
19.3 0.0
19.3167 0.0
19.3333 0.0
19.35 0.0
19.3667 0.0
19.3833 0.0
19.4 0.0
19.4167 0.0
19.4333 0.0
19.45 0.0
19.4667 0.0
19.4833 0.0
19.5 0.0
19.5167 0.0
19.5333 0.0
19.55 0.0
19.5667 0.0
19.5833 0.0
19.6 0.0
19.6167 0.0
19.6333 0.0
19.65 0.0
19.6667 0.0
19.6833 0.0
19.7 0.0
19.7167 0.0
19.7333 0.0
19.75 0.0
19.7667 0.0
19.7833 0.0
19.8 0.0
19.8167 0.0
19.8333 0.0
19.85 0.0
19.8667 0.0
19.8833 0.0
19.9 0.0
19.9167 0.0
19.9333 0.0
19.95 0.0
19.9667 0.0
19.9833 0.0
20.0 0.0
20.0167 0.0
20.0333 0.0
20.05 0.0
20.0667 0.0
20.0833 0.0
20.1 0.0
20.1167 0.0
20.1333 0.0
20.15 0.0
20.1667 0.0
20.1833 0.0
20.2 0.0
20.2167 0.0
20.2333 0.0
20.25 0.0
20.2667 0.0
20.2833 0.0
20.3 0.0
20.3167 0.0
20.3333 0.0
20.35 0.0
20.3667 0.0
20.3833 0.0
20.4 0.0
20.4167 0.0
20.4333 0.0
20.45 0.0
20.4667 0.0
20.4833 0.0
20.5 0.0
20.5167 0.0
20.5333 0.0
20.55 0.0
20.5667 0.0
20.5833 0.0
20.6 0.0
20.6167 0.0
20.6333 0.0
20.65 0.0
20.6667 0.0
20.6833 0.0
20.7 0.0
20.7167 0.0
20.7333 0.0
20.75 0.0
20.7667 0.0
20.7833 0.0
20.8 0.0
20.8167 0.0
20.8333 0.0
20.85 0.0
20.8667 0.0
20.8833 0.0
20.9 0.0
20.9167 0.0
20.9333 0.0
20.95 0.0
20.9667 0.0
20.9833 0.0
21.0 0.0
21.0167 0.0
21.0333 0.0
21.05 0.0
21.0667 0.0
21.0833 0.0
21.1 0.0
21.1167 0.0
21.1333 0.0
21.15 0.0
21.1667 0.0
21.1833 0.0
21.2 0.0
21.2167 0.0
21.2333 0.0
21.25 0.0
21.2667 0.0
21.2833 0.0
21.3 0.0
21.3167 0.0
21.3333 0.0
21.35 0.0
21.3667 0.0
21.3833 0.0
21.4 0.0
21.4167 0.0
21.4333 0.0
21.45 0.0
21.4667 0.0
21.4833 0.0
21.5 0.0
21.5167 0.0
21.5333 0.0
21.55 0.0
21.5667 0.0
21.5833 0.0
21.6 0.0
21.6167 0.0
21.6333 0.0
21.65 0.0
21.6667 0.0
21.6833 0.0
21.7 0.0
21.7167 0.0
21.7333 0.0
21.75 0.0
21.7667 0.0
21.7833 0.0
21.8 0.0
21.8167 0.0
21.8333 0.0
21.85 0.0
21.8667 0.0
21.8833 0.0
21.9 0.0
21.9167 0.0
21.9333 0.0
21.95 0.0
21.9667 0.0
21.9833 0.0
22.0 0.0
22.0167 0.0
22.0333 0.0
22.05 0.0
22.0667 0.0
22.0833 0.0
22.1 0.0
22.1167 0.0
22.1333 0.0
22.15 0.0
22.1667 0.0
22.1833 0.0
22.2 0.0
22.2167 0.0
22.2333 0.0
22.25 0.0
22.2667 0.0
22.2833 0.0
22.3 0.0
22.3167 0.0
22.3333 0.0
22.35 0.0
22.3667 0.0
22.3833 0.0
22.4 0.0
22.4167 0.0
22.4333 0.0
22.45 0.0
22.4667 0.0
22.4833 0.0
22.5 0.0
22.5167 0.0
22.5333 0.0
22.55 0.0
22.5667 0.0
22.5833 0.0
22.6 0.0
22.6167 0.0
22.6333 0.0
22.65 0.0
22.6667 0.0
22.6833 0.0
22.7 0.0
22.7167 0.0
22.7333 0.0
22.75 0.0
22.7667 0.0
22.7833 0.0
22.8 0.0
22.8167 0.0
22.8333 0.0
22.85 0.0
22.8667 0.0
22.8833 0.0
22.9 0.0
22.9167 0.0
22.9333 0.0
22.95 0.0
22.9667 0.0
22.9833 0.0
23.0 0.0
23.0167 0.0
23.0333 0.0
23.05 0.0
23.0667 0.0
23.0833 0.0
23.1 0.0
23.1167 0.0
23.1333 0.0
23.15 0.0
23.1667 0.0
23.1833 0.0
23.2 0.0
23.2167 0.0
23.2333 0.0
23.25 0.0
23.2667 0.0
23.2833 0.0
23.3 0.0
23.3167 0.0
23.3333 0.0
23.35 0.0
23.3667 0.0
23.3833 0.0
23.4 0.0
23.4167 0.0
23.4333 0.0
23.45 0.0
23.4667 0.0
23.4833 0.0
23.5 0.0
23.5167 0.0
23.5333 0.0
23.55 0.0
23.5667 0.0
23.5833 0.0
23.6 0.0
23.6167 0.0
23.6333 0.0
23.65 0.0
23.6667 0.0
23.6833 0.0
23.7 0.0
23.7167 0.0
23.7333 0.0
23.75 0.0
23.7667 0.0
23.7833 0.0
23.8 0.0
23.8167 0.0
23.8333 0.0
23.85 0.0
23.8667 0.0
23.8833 0.0
23.9 0.0
23.9167 0.0
23.9333 0.0
23.95 0.0
23.9667 0.0
23.9833 0.0
