0.0 0.0
0.0167 0.0
0.0333 0.0
0.05 0.0
0.0667 0.0
0.0833 0.0
0.1 0.0
0.1167 0.0
0.1333 0.0
0.15 0.0
0.1667 0.0
0.1833 0.0
0.2 0.0
0.2167 0.0
0.2333 0.0
0.25 0.0
0.2667 0.0
0.2833 0.0
0.3 0.0
0.3167 0.0
0.3333 0.0
0.35 0.0
0.3667 0.0
0.3833 0.0
0.4 0.0
0.4167 0.0
0.4333 0.0
0.45 0.0
0.4667 0.0
0.4833 0.0
0.5 0.0
0.5167 0.0
0.5333 0.0
0.55 0.0
0.5667 0.0
0.5833 0.0
0.6 0.0
0.6167 0.0
0.6333 0.0
0.65 0.0
0.6667 0.0
0.6833 0.0
0.7 0.0
0.7167 0.0
0.7333 0.0
0.75 0.0
0.7667 0.0
0.7833 0.0
0.8 0.0
0.8167 0.0
0.8333 0.0
0.85 0.0
0.8667 0.0
0.8833 0.0
0.9 0.0
0.9167 0.0
0.9333 0.0
0.95 0.0
0.9667 0.0
0.9833 0.0
1.0 0.0
1.0167 0.0
1.0333 0.0
1.05 0.0
1.0667 0.0
1.0833 0.0
1.1 0.0
1.1167 0.0
1.1333 0.0
1.15 0.0
1.1667 0.0
1.1833 0.0
1.2 0.0
1.2167 0.0
1.2333 0.0
1.25 0.0
1.2667 0.0
1.2833 0.0
1.3 0.0
1.3167 0.0
1.3333 0.0
1.35 0.0
1.3667 0.0
1.3833 0.0
1.4 0.0
1.4167 0.0
1.4333 0.0
1.45 0.0
1.4667 0.0
1.4833 0.0
1.5 0.0
1.5167 0.0
1.5333 0.0
1.55 0.0
1.5667 0.0
1.5833 0.0
1.6 0.0
1.6167 0.0
1.6333 0.0
1.65 0.0
1.6667 0.0
1.6833 0.0
1.7 0.0
1.7167 0.0
1.7333 0.0
1.75 0.0
1.7667 0.0
1.7833 0.0
1.8 0.0
1.8167 0.0
1.8333 0.0
1.85 0.0
1.8667 0.0
1.8833 0.0
1.9 0.0
1.9167 0.0
1.9333 0.0
1.95 0.0
1.9667 0.0
1.9833 0.0
2.0 0.0
2.0167 0.0
2.0333 0.0
2.05 0.0
2.0667 0.0
2.0833 0.0
2.1 0.0
2.1167 0.0
2.1333 0.0
2.15 0.0
2.1667 0.0
2.1833 0.0
2.2 0.0
2.2167 0.0
2.2333 0.0
2.25 0.0
2.2667 0.0
2.2833 0.0
2.3 0.0
2.3167 0.0
2.3333 0.0
2.35 0.0
2.3667 0.0
2.3833 0.0
2.4 0.0
2.4167 0.0
2.4333 0.0
2.45 0.0
2.4667 0.0
2.4833 0.0
2.5 0.0
2.5167 0.0
2.5333 0.0
2.55 0.0
2.5667 0.0
2.5833 0.0
2.6 0.0
2.6167 0.0
2.6333 0.0
2.65 0.0
2.6667 0.0
2.6833 0.0
2.7 0.0
2.7167 0.0
2.7333 0.0
2.75 0.0
2.7667 0.0
2.7833 0.0
2.8 0.0
2.8167 0.0
2.8333 0.0
2.85 0.0
2.8667 0.0
2.8833 0.0
2.9 0.0
2.9167 0.0
2.9333 0.0
2.95 0.0
2.9667 0.0
2.9833 0.0
3.0 0.0
3.0167 0.0
3.0333 0.0
3.05 0.0
3.0667 0.0
3.0833 0.0
3.1 0.0
3.1167 0.0
3.1333 0.0
3.15 0.0
3.1667 0.0
3.1833 0.0
3.2 0.0
3.2167 0.0
3.2333 0.0
3.25 0.0
3.2667 0.0
3.2833 0.0
3.3 0.0
3.3167 0.0
3.3333 0.0
3.35 0.0
3.3667 0.0
3.3833 0.0
3.4 0.0
3.4167 0.0
3.4333 0.0
3.45 0.0
3.4667 0.0
3.4833 0.0
3.5 0.0
3.5167 0.0
3.5333 0.0
3.55 0.0
3.5667 0.0
3.5833 0.0
3.6 0.0
3.6167 0.0
3.6333 0.0
3.65 0.0
3.6667 0.0
3.6833 0.0
3.7 0.0
3.7167 0.0
3.7333 0.0
3.75 0.0
3.7667 0.0
3.7833 0.0
3.8 0.0
3.8167 0.0
3.8333 0.0
3.85 0.0
3.8667 0.0
3.8833 0.0
3.9 0.0
3.9167 0.0
3.9333 0.0
3.95 0.0
3.9667 0.0
3.9833 0.0
4.0 0.0
4.0167 0.0
4.0333 0.0
4.05 0.0
4.0667 0.0
4.0833 0.0
4.1 0.0
4.1167 0.0
4.1333 0.0
4.15 0.0
4.1667 0.0
4.1833 0.0
4.2 0.0
4.2167 0.0
4.2333 0.0
4.25 0.0
4.2667 0.0
4.2833 0.0
4.3 0.0
4.3167 0.0
4.3333 0.0
4.35 0.0
4.3667 0.0
4.3833 0.0
4.4 0.0
4.4167 0.0
4.4333 0.0
4.45 0.0
4.4667 0.0
4.4833 0.0
4.5 0.0
4.5167 0.0
4.5333 0.0
4.55 0.0
4.5667 0.0
4.5833 0.0
4.6 0.0
4.6167 0.0
4.6333 0.0
4.65 0.0
4.6667 0.0
4.6833 0.0
4.7 0.0
4.7167 0.0
4.7333 0.0
4.75 0.0
4.7667 0.0
4.7833 0.0
4.8 0.0
4.8167 0.0
4.8333 0.0
4.85 0.0
4.8667 0.0
4.8833 0.0
4.9 0.0
4.9167 0.0
4.9333 0.0
4.95 0.0
4.9667 0.0
4.9833 0.0
5.0 0.0
5.0167 0.0
5.0333 0.0
5.05 0.0
5.0667 0.0
5.0833 0.0
5.1 0.0
5.1167 0.0
5.1333 0.0
5.15 0.0
5.1667 0.0
5.1833 0.0
5.2 0.0
5.2167 0.0
5.2333 0.0
5.25 0.0
5.2667 0.0
5.2833 0.0
5.3 0.0
5.3167 0.0
5.3333 0.0
5.35 1.196e-19
5.3667 1.05e-15
5.3833 2.976e-13
5.4 1.96e-11
5.4167 4.439e-10
5.4333 4.147e-09
5.45 1.9e-08
5.4667 5.171e-08
5.4833 1.105e-07
5.5 2.044e-07
5.5167 3.515e-07
5.5333 5.858e-07
5.55 9.627e-07
5.5667 1.52e-06
5.5833 2.315e-06
5.6 3.416e-06
5.6167 4.821e-06
5.6333 6.574e-06
5.65 8.827e-06
5.6667 1.172e-05
5.6833 1.53e-05
5.7 1.955e-05
5.7167 2.476e-05
5.7333 3.119e-05
5.75 3.919e-05
5.7667 4.792e-05
5.7833 5.905e-05
5.8 7.112e-05
5.8167 8.712e-05
5.8333 0.0001032
5.85 0.0001218
5.8667 0.0001431
5.8833 0.0001674
5.9 0.0001952
5.9167 0.0002274
5.9333 0.000255
5.95 0.000293
5.9667 0.0003292
5.9833 0.000375
6.0 0.0004147
6.0167 0.0004615
6.0333 0.0005167
6.05 0.0005815
6.0667 0.0006387
6.0833 0.0006989
6.1 0.000763
6.1167 0.0008305
6.1333 0.0009017
6.15 0.000976
6.1667 0.001054
6.1833 0.001135
6.2 0.001219
6.2167 0.001307
6.2333 0.001398
6.25 0.001493
6.2667 0.001591
6.2833 0.001692
6.3 0.001797
6.3167 0.001906
6.3333 0.002018
6.35 0.002134
6.3667 0.002253
6.3833 0.002377
6.4 0.002504
6.4167 0.002636
6.4333 0.002771
6.45 0.002911
6.4667 0.003054
6.4833 0.003202
6.5 0.003355
6.5167 0.003511
6.5333 0.003673
6.55 0.003839
6.5667 0.004009
6.5833 0.004185
6.6 0.004365
6.6167 0.00455
6.6333 0.004741
6.65 0.004936
6.6667 0.005137
6.6833 0.005343
6.7 0.005555
6.7167 0.005772
6.7333 0.005995
6.75 0.006223
6.7667 0.006457
6.7833 0.006698
6.8 0.006943
6.8167 0.007196
6.8333 0.007454
6.85 0.007718
6.8667 0.007989
6.8833 0.008267
6.9 0.00855
6.9167 0.00884
6.9333 0.009138
6.95 0.009441
6.9667 0.009752
6.9833 0.01007
7.0 0.01039
7.0167 0.01073
7.0333 0.01106
7.05 0.01141
7.0667 0.01176
7.0833 0.01213
7.1 0.01249
7.1167 0.01287
7.1333 0.01325
7.15 0.01364
7.1667 0.01404
7.1833 0.01445
7.2 0.01487
7.2167 0.01529
7.2333 0.01572
7.25 0.01616
7.2667 0.01661
7.2833 0.01706
7.3 0.01753
7.3167 0.018
7.3333 0.01848
7.35 0.01897
7.3667 0.01947
7.3833 0.01998
7.4 0.02049
7.4167 0.02102
7.4333 0.02155
7.45 0.02209
7.4667 0.02265
7.4833 0.02321
7.5 0.02378
7.5167 0.02435
7.5333 0.02494
7.55 0.02554
7.5667 0.02615
7.5833 0.02676
7.6 0.02739
7.6167 0.02802
7.6333 0.02867
7.65 0.02932
7.6667 0.02998
7.6833 0.03065
7.7 0.03133
7.7167 0.03203
7.7333 0.03273
7.75 0.03344
7.7667 0.03416
7.7833 0.03489
7.8 0.03563
7.8167 0.03638
7.8333 0.03713
7.85 0.0379
7.8667 0.03868
7.8833 0.03947
7.9 0.04027
7.9167 0.04108
7.9333 0.04189
7.95 0.04272
7.9667 0.04356
7.9833 0.0444
8.0 0.04526
8.0167 0.04613
8.0333 0.047
8.05 0.04789
8.0667 0.04878
8.0833 0.04969
8.1 0.05061
8.1167 0.05153
8.1333 0.05246
8.15 0.05341
8.1667 0.05436
8.1833 0.05533
8.2 0.0563
8.2167 0.05728
8.2333 0.05828
8.25 0.05928
8.2667 0.06029
8.2833 0.06131
8.3 0.06234
8.3167 0.06338
8.3333 0.06443
8.35 0.06549
8.3667 0.06656
8.3833 0.06764
8.4 0.06872
8.4167 0.06982
8.4333 0.07092
8.45 0.07204
8.4667 0.07316
8.4833 0.07429
8.5 0.07543
8.5167 0.07659
8.5333 0.07774
8.55 0.07891
8.5667 0.08009
8.5833 0.08127
8.6 0.08247
8.6167 0.08367
8.6333 0.08488
8.65 0.0861
8.6667 0.08733
8.6833 0.08857
8.7 0.08981
8.7167 0.09106
8.7333 0.09232
8.75 0.09359
8.7667 0.09487
8.7833 0.09615
8.8 0.09744
8.8167 0.09873
8.8333 0.1
8.85 0.1014
8.8667 0.1027
8.8833 0.104
8.9 0.1054
8.9167 0.1067
8.9333 0.1081
8.95 0.1094
8.9667 0.1108
8.9833 0.1121
9.0 0.1135
9.0167 0.1149
9.0333 0.1163
9.05 0.1177
9.0667 0.1191
9.0833 0.1205
9.1 0.1219
9.1167 0.1233
9.1333 0.1248
9.15 0.1262
9.1667 0.1276
9.1833 0.1291
9.2 0.1306
9.2167 0.132
9.2333 0.1335
9.25 0.135
9.2667 0.1364
9.2833 0.1379
9.3 0.1394
9.3167 0.1409
9.3333 0.1424
9.35 0.1439
9.3667 0.1454
9.3833 0.1469
9.4 0.1484
9.4167 0.1499
9.4333 0.1514
9.45 0.1529
9.4667 0.1545
9.4833 0.156
9.5 0.1575
9.5167 0.1591
9.5333 0.1606
9.55 0.1621
9.5667 0.1637
9.5833 0.1652
9.6 0.1668
9.6167 0.1683
9.6333 0.1699
9.65 0.1714
9.6667 0.173
9.6833 0.1746
9.7 0.176
9.7167 0.1777
9.7333 0.1793
9.75 0.1808
9.7667 0.1824
9.7833 0.184
9.8 0.1855
9.8167 0.1871
9.8333 0.1887
9.85 0.1901
9.8667 0.1918
9.8833 0.1934
9.9 0.195
9.9167 0.1966
9.9333 0.1981
9.95 0.1997
9.9667 0.2013
9.9833 0.2028
10.0 0.2044
10.0167 0.206
10.0333 0.2076
10.05 0.2092
10.0667 0.2107
10.0833 0.2123
10.1 0.2138
10.1167 0.2154
10.1333 0.217
10.15 0.2185
10.1667 0.2201
10.1833 0.2217
10.2 0.2231
10.2167 0.2248
10.2333 0.2263
10.25 0.2278
10.2667 0.2294
10.2833 0.231
10.3 0.2325
10.3167 0.234
10.3333 0.2356
10.35 0.2371
10.3667 0.2386
10.3833 0.2401
10.4 0.2417
10.4167 0.2432
10.4333 0.2447
10.45 0.2462
10.4667 0.2477
10.4833 0.2492
10.5 0.2507
10.5167 0.2522
10.5333 0.2537
10.55 0.2551
10.5667 0.2566
10.5833 0.2581
10.6 0.2595
10.6167 0.261
10.6333 0.2624
10.65 0.2639
10.6667 0.2652
10.6833 0.2667
10.7 0.2682
10.7167 0.2696
10.7333 0.271
10.75 0.2724
10.7667 0.2738
10.7833 0.2752
10.8 0.2766
10.8167 0.2779
10.8333 0.2793
10.85 0.2807
10.8667 0.282
10.8833 0.2832
10.9 0.2847
10.9167 0.286
10.9333 0.2873
10.95 0.2887
10.9667 0.29
10.9833 0.2913
11.0 0.2925
11.0167 0.2938
11.0333 0.2951
11.05 0.2963
11.0667 0.2976
11.0833 0.2988
11.1 0.3001
11.1167 0.3013
11.1333 0.3025
11.15 0.3037
11.1667 0.3049
11.1833 0.3061
11.2 0.3072
11.2167 0.3084
11.2333 0.3096
11.25 0.3107
11.2667 0.3119
11.2833 0.313
11.3 0.314
11.3167 0.3152
11.3333 0.3163
11.35 0.3172
11.3667 0.3184
11.3833 0.3195
11.4 0.3205
11.4167 0.3216
11.4333 0.3226
11.45 0.3236
11.4667 0.3246
11.4833 0.3256
11.5 0.3265
11.5167 0.3274
11.5333 0.3285
11.55 0.3292
11.5667 0.3303
11.5833 0.3312
11.6 0.3321
11.6167 0.3328
11.6333 0.3339
11.65 0.3348
11.6667 0.3356
11.6833 0.3364
11.7 0.3373
11.7167 0.3381
11.7333 0.3389
11.75 0.3397
11.7667 0.3404
11.7833 0.3412
11.8 0.3419
11.8167 0.3424
11.8333 0.3434
11.85 0.3441
11.8667 0.3448
11.8833 0.3455
11.9 0.3461
11.9167 0.3468
11.9333 0.3474
11.95 0.348
11.9667 0.3486
11.9833 0.3492
12.0 0.3498
12.0167 0.3504
12.0333 0.3508
12.05 0.3515
12.0667 0.352
12.0833 0.3525
12.1 0.353
12.1167 0.3535
12.1333 0.3539
12.15 0.3544
12.1667 0.3548
12.1833 0.3552
12.2 0.3556
12.2167 0.356
12.2333 0.3564
12.25 0.3567
12.2667 0.3571
12.2833 0.3574
12.3 0.3577
12.3167 0.358
12.3333 0.3583
12.35 0.3586
12.3667 0.3589
12.3833 0.3591
12.4 0.3593
12.4167 0.3595
12.4333 0.3597
12.45 0.3599
12.4667 0.3601
12.4833 0.3602
12.5 0.3604
12.5167 0.3605
12.5333 0.3606
12.55 0.3607
12.5667 0.3607
12.5833 0.3608
12.6 0.3608
12.6167 0.3609
12.6333 0.3609
12.65 0.3609
12.6667 0.3609
12.6833 0.3608
12.7 0.3608
12.7167 0.3607
12.7333 0.3606
12.75 0.3605
12.7667 0.3604
12.7833 0.3603
12.8 0.3602
12.8167 0.36
12.8333 0.3598
12.85 0.3596
12.8667 0.3594
12.8833 0.3592
12.9 0.359
12.9167 0.3587
12.9333 0.3585
12.95 0.3582
12.9667 0.3579
12.9833 0.3576
13.0 0.3573
13.0167 0.3569
13.0333 0.3566
13.05 0.3562
13.0667 0.3558
13.0833 0.3554
13.1 0.355
13.1167 0.3546
13.1333 0.3542
13.15 0.3537
13.1667 0.3532
13.1833 0.3528
13.2 0.3523
13.2167 0.3517
13.2333 0.3512
13.25 0.3506
13.2667 0.3501
13.2833 0.3496
13.3 0.349
13.3167 0.3484
13.3333 0.3478
13.35 0.3471
13.3667 0.3465
13.3833 0.3458
13.4 0.3452
13.4167 0.3445
13.4333 0.3438
13.45 0.343
13.4667 0.3423
13.4833 0.3416
13.5 0.3409
13.5167 0.3401
13.5333 0.3393
13.55 0.3385
13.5667 0.3377
13.5833 0.3369
13.6 0.3361
13.6167 0.3352
13.6333 0.3344
13.65 0.3335
13.6667 0.3326
13.6833 0.3317
13.7 0.3308
13.7167 0.3299
13.7333 0.329
13.75 0.328
13.7667 0.3271
13.7833 0.3261
13.8 0.3251
13.8167 0.3241
13.8333 0.323
13.85 0.322
13.8667 0.3211
13.8833 0.3201
13.9 0.319
13.9167 0.318
13.9333 0.3169
13.95 0.3158
13.9667 0.3144
13.9833 0.3136
14.0 0.3125
14.0167 0.3114
14.0333 0.3102
14.05 0.3091
14.0667 0.3079
14.0833 0.3068
14.1 0.3056
14.1167 0.3043
14.1333 0.3032
14.15 0.3019
14.1667 0.3008
14.1833 0.2995
14.2 0.2983
14.2167 0.2969
14.2333 0.2958
14.25 0.2945
14.2667 0.2931
14.2833 0.292
14.3 0.2907
14.3167 0.2894
14.3333 0.2881
14.35 0.2868
14.3667 0.2854
14.3833 0.2841
14.4 0.2828
14.4167 0.2813
14.4333 0.2801
14.45 0.2787
14.4667 0.2773
14.4833 0.276
14.5 0.2746
14.5167 0.273
14.5333 0.2718
14.55 0.2704
14.5667 0.2689
14.5833 0.2675
14.6 0.266
14.6167 0.2647
14.6333 0.2632
14.65 0.2618
14.6667 0.2603
14.6833 0.2587
14.7 0.2574
14.7167 0.256
14.7333 0.2545
14.75 0.253
14.7667 0.2515
14.7833 0.25
14.8 0.2485
14.8167 0.247
14.8333 0.2454
14.85 0.244
14.8667 0.2425
14.8833 0.241
14.9 0.2395
14.9167 0.238
14.9333 0.2364
14.95 0.2349
14.9667 0.2334
14.9833 0.2318
15.0 0.2302
15.0167 0.2287
15.0333 0.2272
15.05 0.2256
15.0667 0.2241
15.0833 0.2225
15.1 0.221
15.1167 0.2194
15.1333 0.2179
15.15 0.2163
15.1667 0.2147
15.1833 0.2132
15.2 0.2116
15.2167 0.21
15.2333 0.2085
15.25 0.2069
15.2667 0.2053
15.2833 0.2037
15.3 0.2022
15.3167 0.2005
15.3333 0.199
15.35 0.1974
15.3667 0.1959
15.3833 0.1943
15.4 0.1927
15.4167 0.1911
15.4333 0.1896
15.45 0.188
15.4667 0.1864
15.4833 0.1849
15.5 0.1833
15.5167 0.1817
15.5333 0.1801
15.55 0.1786
15.5667 0.177
15.5833 0.1754
15.6 0.1739
15.6167 0.1723
15.6333 0.1708
15.65 0.1692
15.6667 0.1677
15.6833 0.1661
15.7 0.1646
15.7167 0.163
15.7333 0.1615
15.75 0.1599
15.7667 0.1584
15.7833 0.1568
15.8 0.1553
15.8167 0.1538
15.8333 0.1523
15.85 0.1508
15.8667 0.1492
15.8833 0.1477
15.9 0.1462
15.9167 0.1447
15.9333 0.1432
15.95 0.1417
15.9667 0.1402
15.9833 0.1387
16.0 0.1373
16.0167 0.1358
16.0333 0.1343
16.05 0.1328
16.0667 0.1314
16.0833 0.1299
16.1 0.1285
16.1167 0.127
16.1333 0.1256
16.15 0.1242
16.1667 0.1227
16.1833 0.1213
16.2 0.1199
16.2167 0.1185
16.2333 0.1171
16.25 0.1157
16.2667 0.1143
16.2833 0.1129
16.3 0.1115
16.3167 0.1102
16.3333 0.1088
16.35 0.1075
16.3667 0.1061
16.3833 0.1048
16.4 0.1034
16.4167 0.1021
16.4333 0.1008
16.45 0.09948
16.4667 0.09816
16.4833 0.09687
16.5 0.09559
16.5167 0.09431
16.5333 0.09303
16.55 0.09177
16.5667 0.09052
16.5833 0.08927
16.6 0.08803
16.6167 0.08679
16.6333 0.08557
16.65 0.08435
16.6667 0.08315
16.6833 0.08195
16.7 0.08076
16.7167 0.07957
16.7333 0.0784
16.75 0.07724
16.7667 0.07608
16.7833 0.07494
16.8 0.0738
16.8167 0.07267
16.8333 0.07155
16.85 0.07044
16.8667 0.06934
16.8833 0.06825
16.9 0.06716
16.9167 0.06609
16.9333 0.06503
16.95 0.06397
16.9667 0.06293
16.9833 0.06189
17.0 0.06086
17.0167 0.05985
17.0333 0.05884
17.05 0.05784
17.0667 0.05685
17.0833 0.05587
17.1 0.05491
17.1167 0.05395
17.1333 0.053
17.15 0.05206
17.1667 0.05113
17.1833 0.0502
17.2 0.04929
17.2167 0.04839
17.2333 0.0475
17.25 0.04662
17.2667 0.04575
17.2833 0.04489
17.3 0.04403
17.3167 0.04319
17.3333 0.04236
17.35 0.04154
17.3667 0.04072
17.3833 0.03992
17.4 0.03913
17.4167 0.03834
17.4333 0.03757
17.45 0.0368
17.4667 0.03605
17.4833 0.0353
17.5 0.03457
17.5167 0.03384
17.5333 0.03313
17.55 0.03242
17.5667 0.03172
17.5833 0.03104
17.6 0.03036
17.6167 0.02969
17.6333 0.02903
17.65 0.02838
17.6667 0.02774
17.6833 0.02711
17.7 0.02649
17.7167 0.02588
17.7333 0.02528
17.75 0.02469
17.7667 0.0241
17.7833 0.02353
17.8 0.02296
17.8167 0.0224
17.8333 0.02186
17.85 0.02132
17.8667 0.02079
17.8833 0.02027
17.9 0.01976
17.9167 0.01925
17.9333 0.01876
17.95 0.01827
17.9667 0.01779
17.9833 0.01732
18.0 0.01686
18.0167 0.01641
18.0333 0.01597
18.05 0.01553
18.0667 0.0151
18.0833 0.01468
18.1 0.01427
18.1167 0.01387
18.1333 0.01347
18.15 0.01309
18.1667 0.01271
18.1833 0.01233
18.2 0.01197
18.2167 0.01161
18.2333 0.01126
18.25 0.01092
18.2667 0.01058
18.2833 0.01025
18.3 0.009931
18.3167 0.009616
18.3333 0.009309
18.35 0.009008
18.3667 0.008714
18.3833 0.008426
18.4 0.008145
18.4167 0.007871
18.4333 0.007603
18.45 0.007341
18.4667 0.007085
18.4833 0.006836
18.5 0.006592
18.5167 0.006355
18.5333 0.006123
18.55 0.005897
18.5667 0.005677
18.5833 0.005462
18.6 0.005253
18.6167 0.005049
18.6333 0.004851
18.65 0.004658
18.6667 0.004469
18.6833 0.004286
18.7 0.004108
18.7167 0.003935
18.7333 0.003766
18.75 0.003602
18.7667 0.003443
18.7833 0.003288
18.8 0.003138
18.8167 0.002991
18.8333 0.002849
18.85 0.002712
18.8667 0.002578
18.8833 0.002449
18.9 0.002323
18.9167 0.002201
18.9333 0.002083
18.95 0.001969
18.9667 0.001858
18.9833 0.001751
19.0 0.001648
19.0167 0.001548
19.0333 0.001451
19.05 0.001358
19.0667 0.001269
19.0833 0.001182
19.1 0.001099
19.1167 0.00102
19.1333 0.0009434
19.15 0.0008704
19.1667 0.0008009
19.1833 0.0007348
19.2 0.0006724
19.2167 0.0006138
19.2333 0.0005522
19.25 0.0004916
19.2667 0.0004402
19.2833 0.0003967
19.3 0.0003598
19.3167 0.0003118
19.3333 0.0002804
19.35 0.0002417
19.3667 0.0002095
19.3833 0.000182
19.4 0.000158
19.4167 0.000135
19.4333 0.0001131
19.45 9.475e-05
19.4667 7.934e-05
19.4833 6.643e-05
19.5 5.378e-05
19.5167 4.436e-05
19.5333 3.54e-05
19.55 2.824e-05
19.5667 2.259e-05
19.5833 1.774e-05
19.6 1.372e-05
19.6167 1.049e-05
19.6333 7.803e-06
19.65 5.75e-06
19.6667 4.173e-06
19.6833 2.896e-06
19.7 1.941e-06
19.7167 1.244e-06
19.7333 7.875e-07
19.75 4.74e-07
19.7667 2.803e-07
19.7833 1.584e-07
19.8 8.132e-08
19.8167 3.518e-08
19.8333 1.104e-08
19.85 1.716e-09
19.8667 1.273e-10
19.8833 3.893e-12
19.9 3.014e-14
19.9167 5.27e-17
19.9333 0.0
19.95 0.0
19.9667 0.0
19.9833 0.0
20.0 0.0
20.0167 0.0
20.0333 0.0
20.05 0.0
20.0667 0.0
20.0833 0.0
20.1 0.0
20.1167 0.0
20.1333 0.0
20.15 0.0
20.1667 0.0
20.1833 0.0
20.2 0.0
20.2167 0.0
20.2333 0.0
20.25 0.0
20.2667 0.0
20.2833 0.0
20.3 0.0
20.3167 0.0
20.3333 0.0
20.35 0.0
20.3667 0.0
20.3833 0.0
20.4 0.0
20.4167 0.0
20.4333 0.0
20.45 0.0
20.4667 0.0
20.4833 0.0
20.5 0.0
20.5167 0.0
20.5333 0.0
20.55 0.0
20.5667 0.0
20.5833 0.0
20.6 0.0
20.6167 0.0
20.6333 0.0
20.65 0.0
20.6667 0.0
20.6833 0.0
20.7 0.0
20.7167 0.0
20.7333 0.0
20.75 0.0
20.7667 0.0
20.7833 0.0
20.8 0.0
20.8167 0.0
20.8333 0.0
20.85 0.0
20.8667 0.0
20.8833 0.0
20.9 0.0
20.9167 0.0
20.9333 0.0
20.95 0.0
20.9667 0.0
20.9833 0.0
21.0 0.0
21.0167 0.0
21.0333 0.0
21.05 0.0
21.0667 0.0
21.0833 0.0
21.1 0.0
21.1167 0.0
21.1333 0.0
21.15 0.0
21.1667 0.0
21.1833 0.0
21.2 0.0
21.2167 0.0
21.2333 0.0
21.25 0.0
21.2667 0.0
21.2833 0.0
21.3 0.0
21.3167 0.0
21.3333 0.0
21.35 0.0
21.3667 0.0
21.3833 0.0
21.4 0.0
21.4167 0.0
21.4333 0.0
21.45 0.0
21.4667 0.0
21.4833 0.0
21.5 0.0
21.5167 0.0
21.5333 0.0
21.55 0.0
21.5667 0.0
21.5833 0.0
21.6 0.0
21.6167 0.0
21.6333 0.0
21.65 0.0
21.6667 0.0
21.6833 0.0
21.7 0.0
21.7167 0.0
21.7333 0.0
21.75 0.0
21.7667 0.0
21.7833 0.0
21.8 0.0
21.8167 0.0
21.8333 0.0
21.85 0.0
21.8667 0.0
21.8833 0.0
21.9 0.0
21.9167 0.0
21.9333 0.0
21.95 0.0
21.9667 0.0
21.9833 0.0
22.0 0.0
22.0167 0.0
22.0333 0.0
22.05 0.0
22.0667 0.0
22.0833 0.0
22.1 0.0
22.1167 0.0
22.1333 0.0
22.15 0.0
22.1667 0.0
22.1833 0.0
22.2 0.0
22.2167 0.0
22.2333 0.0
22.25 0.0
22.2667 0.0
22.2833 0.0
22.3 0.0
22.3167 0.0
22.3333 0.0
22.35 0.0
22.3667 0.0
22.3833 0.0
22.4 0.0
22.4167 0.0
22.4333 0.0
22.45 0.0
22.4667 0.0
22.4833 0.0
22.5 0.0
22.5167 0.0
22.5333 0.0
22.55 0.0
22.5667 0.0
22.5833 0.0
22.6 0.0
22.6167 0.0
22.6333 0.0
22.65 0.0
22.6667 0.0
22.6833 0.0
22.7 0.0
22.7167 0.0
22.7333 0.0
22.75 0.0
22.7667 0.0
22.7833 0.0
22.8 0.0
22.8167 0.0
22.8333 0.0
22.85 0.0
22.8667 0.0
22.8833 0.0
22.9 0.0
22.9167 0.0
22.9333 0.0
22.95 0.0
22.9667 0.0
22.9833 0.0
23.0 0.0
23.0167 0.0
23.0333 0.0
23.05 0.0
23.0667 0.0
23.0833 0.0
23.1 0.0
23.1167 0.0
23.1333 0.0
23.15 0.0
23.1667 0.0
23.1833 0.0
23.2 0.0
23.2167 0.0
23.2333 0.0
23.25 0.0
23.2667 0.0
23.2833 0.0
23.3 0.0
23.3167 0.0
23.3333 0.0
23.35 0.0
23.3667 0.0
23.3833 0.0
23.4 0.0
23.4167 0.0
23.4333 0.0
23.45 0.0
23.4667 0.0
23.4833 0.0
23.5 0.0
23.5167 0.0
23.5333 0.0
23.55 0.0
23.5667 0.0
23.5833 0.0
23.6 0.0
23.6167 0.0
23.6333 0.0
23.65 0.0
23.6667 0.0
23.6833 0.0
23.7 0.0
23.7167 0.0
23.7333 0.0
23.75 0.0
23.7667 0.0
23.7833 0.0
23.8 0.0
23.8167 0.0
23.8333 0.0
23.85 0.0
23.8667 0.0
23.8833 0.0
23.9 0.0
23.9167 0.0
23.9333 0.0
23.95 0.0
23.9667 0.0
23.9833 0.0
