0.0 0.0
0.0167 0.0
0.0333 0.0
0.05 0.0
0.0667 0.0
0.0833 0.0
0.1 0.0
0.1167 0.0
0.1333 0.0
0.15 0.0
0.1667 0.0
0.1833 0.0
0.2 0.0
0.2167 0.0
0.2333 0.0
0.25 0.0
0.2667 0.0
0.2833 0.0
0.3 0.0
0.3167 0.0
0.3333 0.0
0.35 0.0
0.3667 0.0
0.3833 0.0
0.4 0.0
0.4167 0.0
0.4333 0.0
0.45 0.0
0.4667 0.0
0.4833 0.0
0.5 0.0
0.5167 0.0
0.5333 0.0
0.55 0.0
0.5667 0.0
0.5833 0.0
0.6 0.0
0.6167 0.0
0.6333 0.0
0.65 0.0
0.6667 0.0
0.6833 0.0
0.7 0.0
0.7167 0.0
0.7333 0.0
0.75 0.0
0.7667 0.0
0.7833 0.0
0.8 0.0
0.8167 0.0
0.8333 0.0
0.85 0.0
0.8667 0.0
0.8833 0.0
0.9 0.0
0.9167 0.0
0.9333 0.0
0.95 0.0
0.9667 0.0
0.9833 0.0
1.0 0.0
1.0167 0.0
1.0333 0.0
1.05 0.0
1.0667 0.0
1.0833 0.0
1.1 0.0
1.1167 0.0
1.1333 0.0
1.15 0.0
1.1667 0.0
1.1833 0.0
1.2 0.0
1.2167 0.0
1.2333 0.0
1.25 0.0
1.2667 0.0
1.2833 0.0
1.3 0.0
1.3167 0.0
1.3333 0.0
1.35 0.0
1.3667 0.0
1.3833 0.0
1.4 0.0
1.4167 0.0
1.4333 0.0
1.45 0.0
1.4667 0.0
1.4833 0.0
1.5 0.0
1.5167 0.0
1.5333 0.0
1.55 0.0
1.5667 0.0
1.5833 0.0
1.6 0.0
1.6167 0.0
1.6333 0.0
1.65 0.0
1.6667 0.0
1.6833 0.0
1.7 0.0
1.7167 0.0
1.7333 0.0
1.75 0.0
1.7667 0.0
1.7833 0.0
1.8 0.0
1.8167 0.0
1.8333 0.0
1.85 0.0
1.8667 0.0
1.8833 0.0
1.9 0.0
1.9167 0.0
1.9333 0.0
1.95 0.0
1.9667 0.0
1.9833 0.0
2.0 0.0
2.0167 0.0
2.0333 0.0
2.05 0.0
2.0667 0.0
2.0833 0.0
2.1 0.0
2.1167 0.0
2.1333 0.0
2.15 0.0
2.1667 0.0
2.1833 0.0
2.2 0.0
2.2167 0.0
2.2333 0.0
2.25 0.0
2.2667 0.0
2.2833 0.0
2.3 0.0
2.3167 0.0
2.3333 0.0
2.35 0.0
2.3667 0.0
2.3833 0.0
2.4 0.0
2.4167 0.0
2.4333 0.0
2.45 0.0
2.4667 0.0
2.4833 0.0
2.5 0.0
2.5167 0.0
2.5333 0.0
2.55 0.0
2.5667 0.0
2.5833 0.0
2.6 0.0
2.6167 0.0
2.6333 0.0
2.65 0.0
2.6667 0.0
2.6833 0.0
2.7 0.0
2.7167 0.0
2.7333 0.0
2.75 0.0
2.7667 0.0
2.7833 0.0
2.8 0.0
2.8167 0.0
2.8333 0.0
2.85 0.0
2.8667 0.0
2.8833 0.0
2.9 0.0
2.9167 0.0
2.9333 0.0
2.95 0.0
2.9667 0.0
2.9833 0.0
3.0 0.0
3.0167 0.0
3.0333 0.0
3.05 0.0
3.0667 0.0
3.0833 0.0
3.1 0.0
3.1167 0.0
3.1333 0.0
3.15 0.0
3.1667 0.0
3.1833 0.0
3.2 0.0
3.2167 0.0
3.2333 0.0
3.25 0.0
3.2667 0.0
3.2833 0.0
3.3 0.0
3.3167 0.0
3.3333 0.0
3.35 0.0
3.3667 0.0
3.3833 0.0
3.4 0.0
3.4167 0.0
3.4333 0.0
3.45 0.0
3.4667 0.0
3.4833 0.0
3.5 0.0
3.5167 0.0
3.5333 0.0
3.55 0.0
3.5667 0.0
3.5833 0.0
3.6 0.0
3.6167 0.0
3.6333 0.0
3.65 0.0
3.6667 0.0
3.6833 0.0
3.7 0.0
3.7167 0.0
3.7333 0.0
3.75 0.0
3.7667 0.0
3.7833 0.0
3.8 0.0
3.8167 0.0
3.8333 0.0
3.85 0.0
3.8667 0.0
3.8833 0.0
3.9 0.0
3.9167 0.0
3.9333 0.0
3.95 0.0
3.9667 0.0
3.9833 0.0
4.0 0.0
4.0167 0.0
4.0333 0.0
4.05 0.0
4.0667 0.0
4.0833 0.0
4.1 0.0
4.1167 0.0
4.1333 0.0
4.15 0.0
4.1667 0.0
4.1833 0.0
4.2 0.0
4.2167 0.0
4.2333 0.0
4.25 0.0
4.2667 0.0
4.2833 0.0
4.3 0.0
4.3167 0.0
4.3333 0.0
4.35 0.0
4.3667 0.0
4.3833 0.0
4.4 0.0
4.4167 0.0
4.4333 0.0
4.45 0.0
4.4667 0.0
4.4833 0.0
4.5 0.0
4.5167 0.0
4.5333 0.0
4.55 0.0
4.5667 0.0
4.5833 0.0
4.6 0.0
4.6167 0.0
4.6333 0.0
4.65 0.0
4.6667 0.0
4.6833 0.0
4.7 0.0
4.7167 0.0
4.7333 0.0
4.75 0.0
4.7667 0.0
4.7833 0.0
4.8 0.0
4.8167 0.0
4.8333 0.0
4.85 0.0
4.8667 0.0
4.8833 0.0
4.9 0.0
4.9167 0.0
4.9333 0.0
4.95 0.0
4.9667 0.0
4.9833 0.0
5.0 0.0
5.0167 0.0
5.0333 0.0
5.05 0.0
5.0667 0.0
5.0833 0.0
5.1 0.0
5.1167 0.0
5.1333 0.0
5.15 0.0
5.1667 0.0
5.1833 0.0
5.2 0.0
5.2167 0.0
5.2333 0.0
5.25 0.0
5.2667 0.0
5.2833 0.0
5.3 0.0
5.3167 0.0
5.3333 9.716e-18
5.35 1.414e-14
5.3667 1.875e-12
5.3833 8.804e-11
5.4 1.19e-09
5.4167 8.798e-09
5.4333 3.228e-08
5.45 7.643e-08
5.4667 1.516e-07
5.4833 2.717e-07
5.5 4.642e-07
5.5167 7.561e-07
5.5333 1.226e-06
5.55 1.944e-06
5.5667 2.887e-06
5.5833 4.233e-06
5.6 5.834e-06
5.6167 7.905e-06
5.6333 1.057e-05
5.65 1.398e-05
5.6667 1.811e-05
5.6833 2.298e-05
5.7 2.9e-05
5.7167 3.647e-05
5.7333 4.579e-05
5.75 5.547e-05
5.7667 6.865e-05
5.7833 8.199e-05
5.8 9.794e-05
5.8167 0.0001169
5.8333 0.0001396
5.85 0.0001638
5.8667 0.0001886
5.8833 0.0002171
5.9 0.0002504
5.9167 0.0002904
5.9333 0.0003232
5.95 0.0003728
5.9667 0.0004113
5.9833 0.0004567
6.0 0.0005103
6.0167 0.0005735
6.0333 0.0006369
6.05 0.0006977
6.0667 0.0007627
6.0833 0.0008314
6.1 0.0009038
6.1167 0.0009796
6.1333 0.001059
6.15 0.001142
6.1667 0.001228
6.1833 0.001318
6.2 0.001411
6.2167 0.001508
6.2333 0.001609
6.25 0.001713
6.2667 0.001821
6.2833 0.001933
6.3 0.002048
6.3167 0.002167
6.3333 0.00229
6.35 0.002418
6.3667 0.002549
6.3833 0.002684
6.4 0.002824
6.4167 0.002968
6.4333 0.003116
6.45 0.003269
6.4667 0.003427
6.4833 0.003589
6.5 0.003756
6.5167 0.003927
6.5333 0.004104
6.55 0.004286
6.5667 0.004472
6.5833 0.004664
6.6 0.004862
6.6167 0.005065
6.6333 0.005273
6.65 0.005487
6.6667 0.005707
6.6833 0.005932
6.7 0.006163
6.7167 0.006401
6.7333 0.006644
6.75 0.006894
6.7667 0.00715
6.7833 0.007412
6.8 0.007681
6.8167 0.007956
6.8333 0.008238
6.85 0.008527
6.8667 0.008823
6.8833 0.009125
6.9 0.009435
6.9167 0.009752
6.9333 0.01008
6.95 0.01041
6.9667 0.01075
6.9833 0.01109
7.0 0.01145
7.0167 0.01181
7.0333 0.01218
7.05 0.01255
7.0667 0.01294
7.0833 0.01333
7.1 0.01373
7.1167 0.01414
7.1333 0.01456
7.15 0.01499
7.1667 0.01542
7.1833 0.01586
7.2 0.01632
7.2167 0.01678
7.2333 0.01725
7.25 0.01772
7.2667 0.01821
7.2833 0.01871
7.3 0.01921
7.3167 0.01972
7.3333 0.02025
7.35 0.02078
7.3667 0.02132
7.3833 0.02187
7.4 0.02243
7.4167 0.023
7.4333 0.02358
7.45 0.02417
7.4667 0.02477
7.4833 0.02538
7.5 0.02599
7.5167 0.02662
7.5333 0.02726
7.55 0.0279
7.5667 0.02856
7.5833 0.02923
7.6 0.02991
7.6167 0.03059
7.6333 0.03129
7.65 0.032
7.6667 0.03271
7.6833 0.03344
7.7 0.03418
7.7167 0.03493
7.7333 0.03568
7.75 0.03645
7.7667 0.03723
7.7833 0.03802
7.8 0.03882
7.8167 0.03963
7.8333 0.04045
7.85 0.04128
7.8667 0.04212
7.8833 0.04297
7.9 0.04383
7.9167 0.0447
7.9333 0.04558
7.95 0.04648
7.9667 0.04738
7.9833 0.04829
8.0 0.04922
8.0167 0.05015
8.0333 0.05109
8.05 0.05205
8.0667 0.05301
8.0833 0.05399
8.1 0.05497
8.1167 0.05597
8.1333 0.05698
8.15 0.05799
8.1667 0.05902
8.1833 0.06006
8.2 0.0611
8.2167 0.06216
8.2333 0.06323
8.25 0.0643
8.2667 0.06539
8.2833 0.06649
8.3 0.0676
8.3167 0.06871
8.3333 0.06984
8.35 0.07098
8.3667 0.07212
8.3833 0.07328
8.4 0.07445
8.4167 0.07562
8.4333 0.07681
8.45 0.078
8.4667 0.07921
8.4833 0.08042
8.5 0.08165
8.5167 0.08288
8.5333 0.08412
8.55 0.08537
8.5667 0.08663
8.5833 0.0879
8.6 0.08918
8.6167 0.09047
8.6333 0.09177
8.65 0.09307
8.6667 0.09439
8.6833 0.09571
8.7 0.09704
8.7167 0.09838
8.7333 0.09973
8.75 0.1011
8.7667 0.1024
8.7833 0.1038
8.8 0.1052
8.8167 0.1066
8.8333 0.108
8.85 0.1094
8.8667 0.1108
8.8833 0.1122
8.9 0.1137
8.9167 0.1151
8.9333 0.1165
8.95 0.118
8.9667 0.1194
8.9833 0.1209
9.0 0.1223
9.0167 0.1238
9.0333 0.1253
9.05 0.1268
9.0667 0.1283
9.0833 0.1298
9.1 0.1313
9.1167 0.1328
9.1333 0.1344
9.15 0.1359
9.1667 0.1374
9.1833 0.139
9.2 0.1405
9.2167 0.142
9.2333 0.1436
9.25 0.1451
9.2667 0.1467
9.2833 0.1483
9.3 0.1499
9.3167 0.1515
9.3333 0.1531
9.35 0.1546
9.3667 0.1562
9.3833 0.1578
9.4 0.1594
9.4167 0.161
9.4333 0.1627
9.45 0.1642
9.4667 0.1659
9.4833 0.1675
9.5 0.1691
9.5167 0.1708
9.5333 0.1724
9.55 0.174
9.5667 0.1757
9.5833 0.1772
9.6 0.1789
9.6167 0.1806
9.6333 0.1822
9.65 0.1839
9.6667 0.1855
9.6833 0.1872
9.7 0.1888
9.7167 0.1905
9.7333 0.1921
9.75 0.1938
9.7667 0.1955
9.7833 0.1971
9.8 0.1988
9.8167 0.2004
9.8333 0.2021
9.85 0.2038
9.8667 0.2054
9.8833 0.2071
9.9 0.2088
9.9167 0.2104
9.9333 0.2121
9.95 0.2137
9.9667 0.2154
9.9833 0.2171
10.0 0.2187
10.0167 0.2204
10.0333 0.222
10.05 0.2237
10.0667 0.2253
10.0833 0.227
10.1 0.2286
10.1167 0.2303
10.1333 0.2319
10.15 0.2334
10.1667 0.2352
10.1833 0.2369
10.2 0.2385
10.2167 0.2399
10.2333 0.2417
10.25 0.2434
10.2667 0.245
10.2833 0.2466
10.3 0.2481
10.3167 0.2499
10.3333 0.2515
10.35 0.2531
10.3667 0.2547
10.3833 0.2563
10.4 0.2578
10.4167 0.2594
10.4333 0.261
10.45 0.2626
10.4667 0.2641
10.4833 0.2657
10.5 0.2672
10.5167 0.2688
10.5333 0.2704
10.55 0.2719
10.5667 0.2735
10.5833 0.275
10.6 0.2765
10.6167 0.2781
10.6333 0.2795
10.65 0.2811
10.6667 0.2826
10.6833 0.2841
10.7 0.2856
10.7167 0.287
10.7333 0.2885
10.75 0.2899
10.7667 0.2914
10.7833 0.2928
10.8 0.2943
10.8167 0.2957
10.8333 0.2972
10.85 0.2986
10.8667 0.3
10.8833 0.3014
10.9 0.3028
10.9167 0.3041
10.9333 0.3055
10.95 0.3069
10.9667 0.3082
10.9833 0.3096
11.0 0.3109
11.0167 0.3122
11.0333 0.3136
11.05 0.3149
11.0667 0.3162
11.0833 0.3174
11.1 0.3187
11.1167 0.32
11.1333 0.3211
11.15 0.3225
11.1667 0.3237
11.1833 0.3249
11.2 0.3261
11.2167 0.3273
11.2333 0.3285
11.25 0.3297
11.2667 0.3309
11.2833 0.332
11.3 0.3332
11.3167 0.3343
11.3333 0.3354
11.35 0.3365
11.3667 0.3376
11.3833 0.3387
11.4 0.3396
11.4167 0.3408
11.4333 0.3419
11.45 0.3429
11.4667 0.344
11.4833 0.345
11.5 0.346
11.5167 0.3469
11.5333 0.3479
11.55 0.3487
11.5667 0.3497
11.5833 0.3507
11.6 0.3517
11.6167 0.3526
11.6333 0.3534
11.65 0.3543
11.6667 0.3552
11.6833 0.356
11.7 0.3566
11.7167 0.3577
11.7333 0.3585
11.75 0.3593
11.7667 0.36
11.7833 0.3608
11.8 0.3616
11.8167 0.3623
11.8333 0.363
11.85 0.3637
11.8667 0.3644
11.8833 0.3651
11.9 0.3658
11.9167 0.3664
11.9333 0.3671
11.95 0.3677
11.9667 0.3683
11.9833 0.3689
12.0 0.3694
12.0167 0.37
12.0333 0.3705
12.05 0.3709
12.0667 0.3715
12.0833 0.3721
12.1 0.3726
12.1167 0.373
12.1333 0.3735
12.15 0.3739
12.1667 0.3743
12.1833 0.3747
12.2 0.3751
12.2167 0.3755
12.2333 0.3758
12.25 0.3762
12.2667 0.3765
12.2833 0.3768
12.3 0.3771
12.3167 0.3774
12.3333 0.3776
12.35 0.3779
12.3667 0.3781
12.3833 0.3783
12.4 0.3785
12.4167 0.3787
12.4333 0.3789
12.45 0.379
12.4667 0.3792
12.4833 0.3793
12.5 0.3794
12.5167 0.3795
12.5333 0.3795
12.55 0.3796
12.5667 0.3796
12.5833 0.3796
12.6 0.3796
12.6167 0.3796
12.6333 0.3796
12.65 0.3796
12.6667 0.3795
12.6833 0.3794
12.7 0.3793
12.7167 0.3792
12.7333 0.3791
12.75 0.379
12.7667 0.3788
12.7833 0.3786
12.8 0.3784
12.8167 0.3782
12.8333 0.378
12.85 0.3778
12.8667 0.3775
12.8833 0.3772
12.9 0.377
12.9167 0.3767
12.9333 0.3763
12.95 0.376
12.9667 0.3757
12.9833 0.3753
13.0 0.3749
13.0167 0.3745
13.0333 0.3741
13.05 0.3737
13.0667 0.3732
13.0833 0.3728
13.1 0.3723
13.1167 0.3718
13.1333 0.3711
13.15 0.3708
13.1667 0.3702
13.1833 0.3697
13.2 0.3691
13.2167 0.3686
13.2333 0.368
13.25 0.3674
13.2667 0.3667
13.2833 0.3661
13.3 0.3654
13.3167 0.3648
13.3333 0.3641
13.35 0.3634
13.3667 0.3627
13.3833 0.3619
13.4 0.3612
13.4167 0.3602
13.4333 0.3597
13.45 0.3589
13.4667 0.3581
13.4833 0.3573
13.5 0.3564
13.5167 0.3556
13.5333 0.3546
13.55 0.3539
13.5667 0.353
13.5833 0.3521
13.6 0.3512
13.6167 0.3503
13.6333 0.3492
13.65 0.3482
13.6667 0.3474
13.6833 0.3464
13.7 0.3454
13.7167 0.3444
13.7333 0.3434
13.75 0.3424
13.7667 0.3414
13.7833 0.34
13.8 0.3392
13.8167 0.3382
13.8333 0.3371
13.85 0.336
13.8667 0.3349
13.8833 0.3337
13.9 0.3326
13.9167 0.3314
13.9333 0.3303
13.95 0.3291
13.9667 0.3279
13.9833 0.3267
14.0 0.3255
14.0167 0.3243
14.0333 0.3231
14.05 0.3219
14.0667 0.3205
14.0833 0.3193
14.1 0.3181
14.1167 0.3167
14.1333 0.3155
14.15 0.3142
14.1667 0.3129
14.1833 0.3116
14.2 0.3102
14.2167 0.3089
14.2333 0.3076
14.25 0.306
14.2667 0.3048
14.2833 0.3035
14.3 0.3021
14.3167 0.3007
14.3333 0.2993
14.35 0.2979
14.3667 0.2964
14.3833 0.2948
14.4 0.2936
14.4167 0.2921
14.4333 0.2907
14.45 0.2892
14.4667 0.2878
14.4833 0.286
14.5 0.2848
14.5167 0.2833
14.5333 0.2818
14.55 0.2803
14.5667 0.2787
14.5833 0.2773
14.6 0.2758
14.6167 0.2742
14.6333 0.2727
14.65 0.2711
14.6667 0.2696
14.6833 0.2681
14.7 0.2665
14.7167 0.2649
14.7333 0.2634
14.75 0.2618
14.7667 0.2602
14.7833 0.2586
14.8 0.257
14.8167 0.2555
14.8333 0.2539
14.85 0.2522
14.8667 0.2506
14.8833 0.249
14.9 0.2474
14.9167 0.2458
14.9333 0.2442
14.95 0.2425
14.9667 0.2409
14.9833 0.2393
15.0 0.2377
15.0167 0.236
15.0333 0.2344
15.05 0.2328
15.0667 0.2311
15.0833 0.2295
15.1 0.2278
15.1167 0.2262
15.1333 0.2245
15.15 0.2229
15.1667 0.2212
15.1833 0.2195
15.2 0.2178
15.2167 0.2162
15.2333 0.2146
15.25 0.2128
15.2667 0.2112
15.2833 0.2096
15.3 0.2079
15.3167 0.2063
15.3333 0.2046
15.35 0.2029
15.3667 0.2013
15.3833 0.1996
15.4 0.198
15.4167 0.1963
15.4333 0.1946
15.45 0.193
15.4667 0.1913
15.4833 0.1897
15.5 0.188
15.5167 0.1864
15.5333 0.1847
15.55 0.1831
15.5667 0.1813
15.5833 0.1798
15.6 0.1781
15.6167 0.1765
15.6333 0.1748
15.65 0.1732
15.6667 0.1716
15.6833 0.17
15.7 0.1683
15.7167 0.1667
15.7333 0.1651
15.75 0.1635
15.7667 0.1619
15.7833 0.1603
15.8 0.1586
15.8167 0.157
15.8333 0.1555
15.85 0.1539
15.8667 0.1523
15.8833 0.1507
15.9 0.1491
15.9167 0.1475
15.9333 0.146
15.95 0.1444
15.9667 0.1428
15.9833 0.1413
16.0 0.1398
16.0167 0.1382
16.0333 0.1366
16.05 0.1351
16.0667 0.1336
16.0833 0.1321
16.1 0.1306
16.1167 0.1291
16.1333 0.1276
16.15 0.1261
16.1667 0.1246
16.1833 0.1231
16.2 0.1216
16.2167 0.1202
16.2333 0.1187
16.25 0.1173
16.2667 0.1158
16.2833 0.1144
16.3 0.1129
16.3167 0.1115
16.3333 0.1101
16.35 0.1087
16.3667 0.1073
16.3833 0.1059
16.4 0.1045
16.4167 0.1031
16.4333 0.1018
16.45 0.1004
16.4667 0.09907
16.4833 0.09772
16.5 0.09639
16.5167 0.09506
16.5333 0.09375
16.55 0.09244
16.5667 0.09114
16.5833 0.08985
16.6 0.08856
16.6167 0.08729
16.6333 0.08602
16.65 0.08477
16.6667 0.08352
16.6833 0.08228
16.7 0.08106
16.7167 0.07984
16.7333 0.07863
16.75 0.07743
16.7667 0.07624
16.7833 0.07506
16.8 0.07389
16.8167 0.07272
16.8333 0.07157
16.85 0.07043
16.8667 0.0693
16.8833 0.06818
16.9 0.06706
16.9167 0.06596
16.9333 0.06487
16.95 0.06379
16.9667 0.06271
16.9833 0.06165
17.0 0.0606
17.0167 0.05956
17.0333 0.05853
17.05 0.05751
17.0667 0.05649
17.0833 0.05549
17.1 0.0545
17.1167 0.05352
17.1333 0.05255
17.15 0.05159
17.1667 0.05064
17.1833 0.0497
17.2 0.04878
17.2167 0.04786
17.2333 0.04695
17.25 0.04605
17.2667 0.04517
17.2833 0.04429
17.3 0.04342
17.3167 0.04257
17.3333 0.04172
17.35 0.04089
17.3667 0.04006
17.3833 0.03925
17.4 0.03844
17.4167 0.03765
17.4333 0.03686
17.45 0.03609
17.4667 0.03533
17.4833 0.03457
17.5 0.03383
17.5167 0.0331
17.5333 0.03238
17.55 0.03166
17.5667 0.03096
17.5833 0.03027
17.6 0.02959
17.6167 0.02892
17.6333 0.02825
17.65 0.0276
17.6667 0.02696
17.6833 0.02633
17.7 0.02571
17.7167 0.02509
17.7333 0.02449
17.75 0.0239
17.7667 0.02331
17.7833 0.02274
17.8 0.02217
17.8167 0.02162
17.8333 0.02107
17.85 0.02053
17.8667 0.02001
17.8833 0.01949
17.9 0.01898
17.9167 0.01848
17.9333 0.01799
17.95 0.0175
17.9667 0.01703
17.9833 0.01657
18.0 0.01611
18.0167 0.01566
18.0333 0.01522
18.05 0.01479
18.0667 0.01437
18.0833 0.01396
18.1 0.01355
18.1167 0.01315
18.1333 0.01276
18.15 0.01238
18.1667 0.01201
18.1833 0.01164
18.2 0.01129
18.2167 0.01094
18.2333 0.01059
18.25 0.01026
18.2667 0.009929
18.2833 0.009609
18.3 0.009295
18.3167 0.008989
18.3333 0.008689
18.35 0.008397
18.3667 0.008111
18.3833 0.007832
18.4 0.00756
18.4167 0.007294
18.4333 0.007035
18.45 0.006782
18.4667 0.006535
18.4833 0.006294
18.5 0.00606
18.5167 0.005831
18.5333 0.005609
18.55 0.005392
18.5667 0.00518
18.5833 0.004974
18.6 0.004774
18.6167 0.004579
18.6333 0.00439
18.65 0.004205
18.6667 0.004026
18.6833 0.003851
18.7 0.003682
18.7167 0.003517
18.7333 0.003357
18.75 0.003202
18.7667 0.003051
18.7833 0.002905
18.8 0.002763
18.8167 0.002625
18.8333 0.002491
18.85 0.002362
18.8667 0.002237
18.8833 0.002115
18.9 0.001998
18.9167 0.001884
18.9333 0.001774
18.95 0.001668
18.9667 0.001565
18.9833 0.001466
19.0 0.001371
19.0167 0.001279
19.0333 0.001191
19.05 0.001106
19.0667 0.001025
19.0833 0.000947
19.1 0.0008727
19.1167 0.0008019
19.1333 0.0007348
19.15 0.0006715
19.1667 0.0006125
19.1833 0.0005457
19.2 0.0004867
19.2167 0.0004367
19.2333 0.0003944
19.25 0.000349
19.2667 0.0003084
19.2833 0.0002701
19.3 0.0002392
19.3167 0.0002057
19.3333 0.0001767
19.35 0.0001513
19.3667 0.0001287
19.3833 0.000109
19.4 9.2e-05
19.4167 7.586e-05
19.4333 6.252e-05
19.45 5.167e-05
19.4667 4.15e-05
19.4833 3.318e-05
19.5 2.666e-05
19.5167 2.102e-05
19.5333 1.631e-05
19.55 1.255e-05
19.5667 9.537e-06
19.5833 7.01e-06
19.6 5.112e-06
19.6167 3.665e-06
19.6333 2.459e-06
19.65 1.636e-06
19.6667 1.015e-06
19.6833 6.18e-07
19.7 3.717e-07
19.7167 2.177e-07
19.7333 1.178e-07
19.75 5.483e-08
19.7667 2.01e-08
19.7833 4.417e-09
19.8 4.729e-10
19.8167 2.157e-11
19.8333 3.228e-13
19.85 1.16e-15
19.8667 1.311e-19
19.8833 0.0
19.9 0.0
19.9167 0.0
19.9333 0.0
19.95 0.0
19.9667 0.0
19.9833 0.0
20.0 0.0
20.0167 0.0
20.0333 0.0
20.05 0.0
20.0667 0.0
20.0833 0.0
20.1 0.0
20.1167 0.0
20.1333 0.0
20.15 0.0
20.1667 0.0
20.1833 0.0
20.2 0.0
20.2167 0.0
20.2333 0.0
20.25 0.0
20.2667 0.0
20.2833 0.0
20.3 0.0
20.3167 0.0
20.3333 0.0
20.35 0.0
20.3667 0.0
20.3833 0.0
20.4 0.0
20.4167 0.0
20.4333 0.0
20.45 0.0
20.4667 0.0
20.4833 0.0
20.5 0.0
20.5167 0.0
20.5333 0.0
20.55 0.0
20.5667 0.0
20.5833 0.0
20.6 0.0
20.6167 0.0
20.6333 0.0
20.65 0.0
20.6667 0.0
20.6833 0.0
20.7 0.0
20.7167 0.0
20.7333 0.0
20.75 0.0
20.7667 0.0
20.7833 0.0
20.8 0.0
20.8167 0.0
20.8333 0.0
20.85 0.0
20.8667 0.0
20.8833 0.0
20.9 0.0
20.9167 0.0
20.9333 0.0
20.95 0.0
20.9667 0.0
20.9833 0.0
21.0 0.0
21.0167 0.0
21.0333 0.0
21.05 0.0
21.0667 0.0
21.0833 0.0
21.1 0.0
21.1167 0.0
21.1333 0.0
21.15 0.0
21.1667 0.0
21.1833 0.0
21.2 0.0
21.2167 0.0
21.2333 0.0
21.25 0.0
21.2667 0.0
21.2833 0.0
21.3 0.0
21.3167 0.0
21.3333 0.0
21.35 0.0
21.3667 0.0
21.3833 0.0
21.4 0.0
21.4167 0.0
21.4333 0.0
21.45 0.0
21.4667 0.0
21.4833 0.0
21.5 0.0
21.5167 0.0
21.5333 0.0
21.55 0.0
21.5667 0.0
21.5833 0.0
21.6 0.0
21.6167 0.0
21.6333 0.0
21.65 0.0
21.6667 0.0
21.6833 0.0
21.7 0.0
21.7167 0.0
21.7333 0.0
21.75 0.0
21.7667 0.0
21.7833 0.0
21.8 0.0
21.8167 0.0
21.8333 0.0
21.85 0.0
21.8667 0.0
21.8833 0.0
21.9 0.0
21.9167 0.0
21.9333 0.0
21.95 0.0
21.9667 0.0
21.9833 0.0
22.0 0.0
22.0167 0.0
22.0333 0.0
22.05 0.0
22.0667 0.0
22.0833 0.0
22.1 0.0
22.1167 0.0
22.1333 0.0
22.15 0.0
22.1667 0.0
22.1833 0.0
22.2 0.0
22.2167 0.0
22.2333 0.0
22.25 0.0
22.2667 0.0
22.2833 0.0
22.3 0.0
22.3167 0.0
22.3333 0.0
22.35 0.0
22.3667 0.0
22.3833 0.0
22.4 0.0
22.4167 0.0
22.4333 0.0
22.45 0.0
22.4667 0.0
22.4833 0.0
22.5 0.0
22.5167 0.0
22.5333 0.0
22.55 0.0
22.5667 0.0
22.5833 0.0
22.6 0.0
22.6167 0.0
22.6333 0.0
22.65 0.0
22.6667 0.0
22.6833 0.0
22.7 0.0
22.7167 0.0
22.7333 0.0
22.75 0.0
22.7667 0.0
22.7833 0.0
22.8 0.0
22.8167 0.0
22.8333 0.0
22.85 0.0
22.8667 0.0
22.8833 0.0
22.9 0.0
22.9167 0.0
22.9333 0.0
22.95 0.0
22.9667 0.0
22.9833 0.0
23.0 0.0
23.0167 0.0
23.0333 0.0
23.05 0.0
23.0667 0.0
23.0833 0.0
23.1 0.0
23.1167 0.0
23.1333 0.0
23.15 0.0
23.1667 0.0
23.1833 0.0
23.2 0.0
23.2167 0.0
23.2333 0.0
23.25 0.0
23.2667 0.0
23.2833 0.0
23.3 0.0
23.3167 0.0
23.3333 0.0
23.35 0.0
23.3667 0.0
23.3833 0.0
23.4 0.0
23.4167 0.0
23.4333 0.0
23.45 0.0
23.4667 0.0
23.4833 0.0
23.5 0.0
23.5167 0.0
23.5333 0.0
23.55 0.0
23.5667 0.0
23.5833 0.0
23.6 0.0
23.6167 0.0
23.6333 0.0
23.65 0.0
23.6667 0.0
23.6833 0.0
23.7 0.0
23.7167 0.0
23.7333 0.0
23.75 0.0
23.7667 0.0
23.7833 0.0
23.8 0.0
23.8167 0.0
23.8333 0.0
23.85 0.0
23.8667 0.0
23.8833 0.0
23.9 0.0
23.9167 0.0
23.9333 0.0
23.95 0.0
23.9667 0.0
23.9833 0.0
