0.0 0.0
0.0167 0.0
0.0333 0.0
0.05 0.0
0.0667 0.0
0.0833 0.0
0.1 0.0
0.1167 0.0
0.1333 0.0
0.15 0.0
0.1667 0.0
0.1833 0.0
0.2 0.0
0.2167 0.0
0.2333 0.0
0.25 0.0
0.2667 0.0
0.2833 0.0
0.3 0.0
0.3167 0.0
0.3333 0.0
0.35 0.0
0.3667 0.0
0.3833 0.0
0.4 0.0
0.4167 0.0
0.4333 0.0
0.45 0.0
0.4667 0.0
0.4833 0.0
0.5 0.0
0.5167 0.0
0.5333 0.0
0.55 0.0
0.5667 0.0
0.5833 0.0
0.6 0.0
0.6167 0.0
0.6333 0.0
0.65 0.0
0.6667 0.0
0.6833 0.0
0.7 0.0
0.7167 0.0
0.7333 0.0
0.75 0.0
0.7667 0.0
0.7833 0.0
0.8 0.0
0.8167 0.0
0.8333 0.0
0.85 0.0
0.8667 0.0
0.8833 0.0
0.9 0.0
0.9167 0.0
0.9333 0.0
0.95 0.0
0.9667 0.0
0.9833 0.0
1.0 0.0
1.0167 0.0
1.0333 0.0
1.05 0.0
1.0667 0.0
1.0833 0.0
1.1 0.0
1.1167 0.0
1.1333 0.0
1.15 0.0
1.1667 0.0
1.1833 0.0
1.2 0.0
1.2167 0.0
1.2333 0.0
1.25 0.0
1.2667 0.0
1.2833 0.0
1.3 0.0
1.3167 0.0
1.3333 0.0
1.35 0.0
1.3667 0.0
1.3833 0.0
1.4 0.0
1.4167 0.0
1.4333 0.0
1.45 0.0
1.4667 0.0
1.4833 0.0
1.5 0.0
1.5167 0.0
1.5333 0.0
1.55 0.0
1.5667 0.0
1.5833 0.0
1.6 0.0
1.6167 0.0
1.6333 0.0
1.65 0.0
1.6667 0.0
1.6833 0.0
1.7 0.0
1.7167 0.0
1.7333 0.0
1.75 0.0
1.7667 0.0
1.7833 0.0
1.8 0.0
1.8167 0.0
1.8333 0.0
1.85 0.0
1.8667 0.0
1.8833 0.0
1.9 0.0
1.9167 0.0
1.9333 0.0
1.95 0.0
1.9667 0.0
1.9833 0.0
2.0 0.0
2.0167 0.0
2.0333 0.0
2.05 0.0
2.0667 0.0
2.0833 0.0
2.1 0.0
2.1167 0.0
2.1333 0.0
2.15 0.0
2.1667 0.0
2.1833 0.0
2.2 0.0
2.2167 0.0
2.2333 0.0
2.25 0.0
2.2667 0.0
2.2833 0.0
2.3 0.0
2.3167 0.0
2.3333 0.0
2.35 0.0
2.3667 0.0
2.3833 0.0
2.4 0.0
2.4167 0.0
2.4333 0.0
2.45 0.0
2.4667 0.0
2.4833 0.0
2.5 0.0
2.5167 0.0
2.5333 0.0
2.55 0.0
2.5667 0.0
2.5833 0.0
2.6 0.0
2.6167 0.0
2.6333 0.0
2.65 0.0
2.6667 0.0
2.6833 0.0
2.7 0.0
2.7167 0.0
2.7333 0.0
2.75 0.0
2.7667 0.0
2.7833 0.0
2.8 0.0
2.8167 0.0
2.8333 0.0
2.85 0.0
2.8667 0.0
2.8833 0.0
2.9 0.0
2.9167 0.0
2.9333 0.0
2.95 0.0
2.9667 0.0
2.9833 0.0
3.0 0.0
3.0167 0.0
3.0333 0.0
3.05 0.0
3.0667 0.0
3.0833 0.0
3.1 0.0
3.1167 0.0
3.1333 0.0
3.15 0.0
3.1667 0.0
3.1833 0.0
3.2 0.0
3.2167 0.0
3.2333 0.0
3.25 0.0
3.2667 0.0
3.2833 0.0
3.3 0.0
3.3167 0.0
3.3333 0.0
3.35 0.0
3.3667 0.0
3.3833 0.0
3.4 0.0
3.4167 0.0
3.4333 0.0
3.45 0.0
3.4667 0.0
3.4833 0.0
3.5 0.0
3.5167 0.0
3.5333 0.0
3.55 0.0
3.5667 0.0
3.5833 0.0
3.6 0.0
3.6167 0.0
3.6333 0.0
3.65 0.0
3.6667 0.0
3.6833 0.0
3.7 0.0
3.7167 0.0
3.7333 0.0
3.75 0.0
3.7667 0.0
3.7833 0.0
3.8 0.0
3.8167 0.0
3.8333 0.0
3.85 0.0
3.8667 0.0
3.8833 0.0
3.9 0.0
3.9167 0.0
3.9333 0.0
3.95 0.0
3.9667 0.0
3.9833 0.0
4.0 0.0
4.0167 0.0
4.0333 0.0
4.05 0.0
4.0667 0.0
4.0833 0.0
4.1 0.0
4.1167 0.0
4.1333 0.0
4.15 0.0
4.1667 0.0
4.1833 0.0
4.2 0.0
4.2167 0.0
4.2333 0.0
4.25 0.0
4.2667 0.0
4.2833 0.0
4.3 0.0
4.3167 0.0
4.3333 0.0
4.35 0.0
4.3667 0.0
4.3833 0.0
4.4 0.0
4.4167 0.0
4.4333 0.0
4.45 0.0
4.4667 0.0
4.4833 0.0
4.5 0.0
4.5167 0.0
4.5333 0.0
4.55 0.0
4.5667 0.0
4.5833 0.0
4.6 0.0
4.6167 0.0
4.6333 0.0
4.65 0.0
4.6667 0.0
4.6833 0.0
4.7 0.0
4.7167 0.0
4.7333 0.0
4.75 0.0
4.7667 0.0
4.7833 0.0
4.8 0.0
4.8167 0.0
4.8333 0.0
4.85 0.0
4.8667 0.0
4.8833 0.0
4.9 0.0
4.9167 0.0
4.9333 0.0
4.95 0.0
4.9667 0.0
4.9833 0.0
5.0 0.0
5.0167 0.0
5.0333 0.0
5.05 0.0
5.0667 0.0
5.0833 0.0
5.1 0.0
5.1167 0.0
5.1333 0.0
5.15 0.0
5.1667 0.0
5.1833 0.0
5.2 0.0
5.2167 0.0
5.2333 0.0
5.25 0.0
5.2667 0.0
5.2833 0.0
5.3 0.0
5.3167 0.0
5.3333 0.0
5.35 0.0
5.3667 0.0
5.3833 0.0
5.4 0.0
5.4167 0.0
5.4333 0.0
5.45 0.0
5.4667 0.0
5.4833 0.0
5.5 0.0
5.5167 0.0
5.5333 0.0
5.55 0.0
5.5667 0.0
5.5833 0.0
5.6 0.0
5.6167 0.0
5.6333 0.0
5.65 0.0
5.6667 0.0
5.6833 0.0
5.7 0.0
5.7167 0.0
5.7333 0.0
5.75 0.0
5.7667 0.0
5.7833 0.0
5.8 0.0
5.8167 0.0
5.8333 0.0
5.85 0.0
5.8667 0.0
5.8833 0.0
5.9 0.0
5.9167 0.0
5.9333 0.0
5.95 0.0
5.9667 0.0
5.9833 0.0
6.0 0.0
6.0167 0.0
6.0333 0.0
6.05 0.0
6.0667 0.0
6.0833 0.0
6.1 0.0
6.1167 0.0
6.1333 2.063e-33
6.15 7.716e-16
6.1667 4.301e-13
6.1833 4.498e-11
6.2 1.076e-09
6.2167 1.06e-08
6.2333 3.909e-08
6.25 1.016e-07
6.2667 2.06e-07
6.2833 3.844e-07
6.3 6.966e-07
6.3167 1.216e-06
6.3333 2.022e-06
6.35 3.172e-06
6.3667 4.772e-06
6.3833 6.956e-06
6.4 9.599e-06
6.4167 1.33e-05
6.4333 1.775e-05
6.45 2.337e-05
6.4667 3.042e-05
6.4833 3.919e-05
6.5 5.005e-05
6.5167 6.268e-05
6.5333 7.754e-05
6.55 9.668e-05
6.5667 0.0001165
6.5833 0.0001397
6.6 0.0001668
6.6167 0.0001977
6.6333 0.000232
6.65 0.000271
6.6667 0.0003171
6.6833 0.0003587
6.7 0.0004146
6.7167 0.0004634
6.7333 0.0005218
6.75 0.0005918
6.7667 0.0006686
6.7833 0.0007392
6.8 0.0008153
6.8167 0.000896
6.8333 0.0009813
6.85 0.001071
6.8667 0.001165
6.8833 0.001264
6.9 0.001367
6.9167 0.001475
6.9333 0.001587
6.95 0.001703
6.9667 0.001824
6.9833 0.00195
7.0 0.00208
7.0167 0.002216
7.0333 0.002356
7.05 0.0025
7.0667 0.00265
7.0833 0.002806
7.1 0.002966
7.1167 0.003132
7.1333 0.003303
7.15 0.003479
7.1667 0.003662
7.1833 0.00385
7.2 0.004044
7.2167 0.004244
7.2333 0.00445
7.25 0.004663
7.2667 0.004882
7.2833 0.005107
7.3 0.005339
7.3167 0.005577
7.3333 0.005823
7.35 0.006075
7.3667 0.006335
7.3833 0.006602
7.4 0.006875
7.4167 0.007157
7.4333 0.007445
7.45 0.007742
7.4667 0.008047
7.4833 0.008359
7.5 0.008679
7.5167 0.009007
7.5333 0.009344
7.55 0.00969
7.5667 0.01004
7.5833 0.0104
7.6 0.01078
7.6167 0.01115
7.6333 0.01154
7.65 0.01194
7.6667 0.01235
7.6833 0.01276
7.7 0.01319
7.7167 0.01362
7.7333 0.01406
7.75 0.01452
7.7667 0.01498
7.7833 0.01545
7.8 0.01594
7.8167 0.01643
7.8333 0.01693
7.85 0.01744
7.8667 0.01797
7.8833 0.0185
7.9 0.01904
7.9167 0.0196
7.9333 0.02016
7.95 0.02074
7.9667 0.02132
7.9833 0.02192
8.0 0.02252
8.0167 0.02314
8.0333 0.02377
8.05 0.02441
8.0667 0.02506
8.0833 0.02572
8.1 0.02639
8.1167 0.02708
8.1333 0.02777
8.15 0.02848
8.1667 0.02919
8.1833 0.02992
8.2 0.03066
8.2167 0.03141
8.2333 0.03218
8.25 0.03295
8.2667 0.03373
8.2833 0.03453
8.3 0.03534
8.3167 0.03616
8.3333 0.03699
8.35 0.03783
8.3667 0.03868
8.3833 0.03955
8.4 0.04043
8.4167 0.04132
8.4333 0.04222
8.45 0.04313
8.4667 0.04405
8.4833 0.04498
8.5 0.04593
8.5167 0.04689
8.5333 0.04786
8.55 0.04884
8.5667 0.04983
8.5833 0.05083
8.6 0.05185
8.6167 0.05287
8.6333 0.05391
8.65 0.05496
8.6667 0.05602
8.6833 0.05709
8.7 0.05817
8.7167 0.05926
8.7333 0.06037
8.75 0.06148
8.7667 0.06261
8.7833 0.06375
8.8 0.06489
8.8167 0.06605
8.8333 0.06722
8.85 0.0684
8.8667 0.06959
8.8833 0.0708
8.9 0.07201
8.9167 0.07323
8.9333 0.07446
8.95 0.0757
8.9667 0.07696
8.9833 0.07822
9.0 0.07949
9.0167 0.08078
9.0333 0.08207
9.05 0.08338
9.0667 0.08469
9.0833 0.08601
9.1 0.08734
9.1167 0.08868
9.1333 0.09003
9.15 0.09139
9.1667 0.09276
9.1833 0.09414
9.2 0.09553
9.2167 0.09692
9.2333 0.09832
9.25 0.09974
9.2667 0.1012
9.2833 0.1026
9.3 0.104
9.3167 0.1055
9.3333 0.1069
9.35 0.1084
9.3667 0.1099
9.3833 0.1113
9.4 0.1128
9.4167 0.1143
9.4333 0.1158
9.45 0.1173
9.4667 0.1188
9.4833 0.1204
9.5 0.1219
9.5167 0.1234
9.5333 0.125
9.55 0.1265
9.5667 0.128
9.5833 0.1296
9.6 0.1312
9.6167 0.1328
9.6333 0.1343
9.65 0.1359
9.6667 0.1375
9.6833 0.1391
9.7 0.1407
9.7167 0.1423
9.7333 0.1439
9.75 0.1455
9.7667 0.1471
9.7833 0.1487
9.8 0.1504
9.8167 0.152
9.8333 0.1536
9.85 0.1553
9.8667 0.1569
9.8833 0.1585
9.9 0.1602
9.9167 0.1619
9.9333 0.1635
9.95 0.1652
9.9667 0.1668
9.9833 0.1685
10.0 0.1702
10.0167 0.1718
10.0333 0.1734
10.05 0.1752
10.0667 0.1768
10.0833 0.1785
10.1 0.1802
10.1167 0.1818
10.1333 0.1835
10.15 0.1852
10.1667 0.1869
10.1833 0.1885
10.2 0.1902
10.2167 0.1919
10.2333 0.1935
10.25 0.1952
10.2667 0.1969
10.2833 0.1986
10.3 0.2003
10.3167 0.2019
10.3333 0.2036
10.35 0.2053
10.3667 0.207
10.3833 0.2085
10.4 0.2103
10.4167 0.2119
10.4333 0.2136
10.45 0.2153
10.4667 0.2169
10.4833 0.2186
10.5 0.2202
10.5167 0.2219
10.5333 0.2235
10.55 0.2252
10.5667 0.2268
10.5833 0.2284
10.6 0.23
10.6167 0.2315
10.6333 0.2333
10.65 0.2349
10.6667 0.2365
10.6833 0.2381
10.7 0.2397
10.7167 0.2413
10.7333 0.2429
10.75 0.2445
10.7667 0.2461
10.7833 0.2476
10.8 0.2492
10.8167 0.2508
10.8333 0.2524
10.85 0.2539
10.8667 0.2554
10.8833 0.257
10.9 0.2585
10.9167 0.26
10.9333 0.2616
10.95 0.2631
10.9667 0.2646
10.9833 0.2661
11.0 0.2675
11.0167 0.269
11.0333 0.2704
11.05 0.2719
11.0667 0.2734
11.0833 0.2748
11.1 0.2763
11.1167 0.2777
11.1333 0.2791
11.15 0.2805
11.1667 0.2818
11.1833 0.2833
11.2 0.2847
11.2167 0.286
11.2333 0.2874
11.25 0.2887
11.2667 0.2901
11.2833 0.2914
11.3 0.2927
11.3167 0.294
11.3333 0.2952
11.35 0.2966
11.3667 0.2979
11.3833 0.2991
11.4 0.3004
11.4167 0.3016
11.4333 0.3028
11.45 0.3041
11.4667 0.3053
11.4833 0.3064
11.5 0.3076
11.5167 0.3088
11.5333 0.3099
11.55 0.3111
11.5667 0.3122
11.5833 0.3133
11.6 0.3144
11.6167 0.3154
11.6333 0.3166
11.65 0.3176
11.6667 0.3187
11.6833 0.3197
11.7 0.3206
11.7167 0.3215
11.7333 0.3225
11.75 0.3237
11.7667 0.3247
11.7833 0.3256
11.8 0.3266
11.8167 0.3275
11.8333 0.3283
11.85 0.3293
11.8667 0.3301
11.8833 0.331
11.9 0.3319
11.9167 0.3327
11.9333 0.3335
11.95 0.3343
11.9667 0.3351
11.9833 0.3359
12.0 0.3366
12.0167 0.3374
12.0333 0.3381
12.05 0.3388
12.0667 0.3395
12.0833 0.34
12.1 0.3408
12.1167 0.3415
12.1333 0.3421
12.15 0.3427
12.1667 0.343
12.1833 0.3439
12.2 0.3445
12.2167 0.345
12.2333 0.3455
12.25 0.346
12.2667 0.3465
12.2833 0.347
12.3 0.3475
12.3167 0.3479
12.3333 0.3484
12.35 0.3488
12.3667 0.3492
12.3833 0.3496
12.4 0.3499
12.4167 0.3503
12.4333 0.3506
12.45 0.3509
12.4667 0.3512
12.4833 0.3515
12.5 0.3518
12.5167 0.352
12.5333 0.3522
12.55 0.3524
12.5667 0.3526
12.5833 0.3528
12.6 0.353
12.6167 0.3531
12.6333 0.3532
12.65 0.3533
12.6667 0.3534
12.6833 0.3535
12.7 0.3535
12.7167 0.3536
12.7333 0.3536
12.75 0.3536
12.7667 0.3536
12.7833 0.3536
12.8 0.3535
12.8167 0.3534
12.8333 0.3534
12.85 0.3532
12.8667 0.3531
12.8833 0.353
12.9 0.3528
12.9167 0.3527
12.9333 0.3525
12.95 0.3523
12.9667 0.352
12.9833 0.3518
13.0 0.3516
13.0167 0.3513
13.0333 0.351
13.05 0.3507
13.0667 0.3503
13.0833 0.35
13.1 0.3496
13.1167 0.3493
13.1333 0.3489
13.15 0.3485
13.1667 0.348
13.1833 0.3476
13.2 0.3471
13.2167 0.3467
13.2333 0.3461
13.25 0.3456
13.2667 0.3451
13.2833 0.3446
13.3 0.344
13.3167 0.3432
13.3333 0.3428
13.35 0.3422
13.3667 0.3416
13.3833 0.341
13.4 0.3401
13.4167 0.3396
13.4333 0.3389
13.45 0.3382
13.4667 0.3375
13.4833 0.3368
13.5 0.336
13.5167 0.3353
13.5333 0.3345
13.55 0.3337
13.5667 0.3329
13.5833 0.332
13.6 0.3312
13.6167 0.3302
13.6333 0.3295
13.65 0.3285
13.6667 0.3277
13.6833 0.3268
13.7 0.3258
13.7167 0.3249
13.7333 0.3239
13.75 0.3229
13.7667 0.3219
13.7833 0.321
13.8 0.3199
13.8167 0.3189
13.8333 0.3179
13.85 0.3168
13.8667 0.3157
13.8833 0.3147
13.9 0.3136
13.9167 0.3123
13.9333 0.3113
13.95 0.3102
13.9667 0.309
13.9833 0.3079
14.0 0.3067
14.0167 0.3055
14.0333 0.3043
14.05 0.303
14.0667 0.3019
14.0833 0.3006
14.1 0.2994
14.1167 0.2981
14.1333 0.2969
14.15 0.2956
14.1667 0.2943
14.1833 0.293
14.2 0.2917
14.2167 0.2904
14.2333 0.289
14.25 0.2875
14.2667 0.2863
14.2833 0.285
14.3 0.2836
14.3167 0.2821
14.3333 0.2808
14.35 0.2794
14.3667 0.278
14.3833 0.2766
14.4 0.2752
14.4167 0.2737
14.4333 0.2723
14.45 0.2708
14.4667 0.2693
14.4833 0.2677
14.5 0.2664
14.5167 0.2649
14.5333 0.2634
14.55 0.2619
14.5667 0.2603
14.5833 0.2589
14.6 0.2573
14.6167 0.2558
14.6333 0.2543
14.65 0.2527
14.6667 0.2511
14.6833 0.2496
14.7 0.248
14.7167 0.2464
14.7333 0.2449
14.75 0.2432
14.7667 0.2417
14.7833 0.24
14.8 0.2385
14.8167 0.2369
14.8333 0.2353
14.85 0.2336
14.8667 0.232
14.8833 0.2304
14.9 0.2288
14.9167 0.227
14.9333 0.2255
14.95 0.2239
14.9667 0.2222
14.9833 0.2206
15.0 0.2189
15.0167 0.2173
15.0333 0.2156
15.05 0.214
15.0667 0.2123
15.0833 0.2107
15.1 0.209
15.1167 0.2073
15.1333 0.2057
15.15 0.204
15.1667 0.2023
15.1833 0.2006
15.2 0.199
15.2167 0.1972
15.2333 0.1956
15.25 0.1939
15.2667 0.1923
15.2833 0.1906
15.3 0.1889
15.3167 0.1872
15.3333 0.1855
15.35 0.1839
15.3667 0.1822
15.3833 0.1805
15.4 0.1789
15.4167 0.1772
15.4333 0.1755
15.45 0.1739
15.4667 0.1722
15.4833 0.1705
15.5 0.1689
15.5167 0.1672
15.5333 0.1656
15.55 0.1639
15.5667 0.1622
15.5833 0.1606
15.6 0.1589
15.6167 0.1573
15.6333 0.1557
15.65 0.154
15.6667 0.1524
15.6833 0.1508
15.7 0.1491
15.7167 0.1475
15.7333 0.1459
15.75 0.1443
15.7667 0.1426
15.7833 0.1411
15.8 0.1395
15.8167 0.1379
15.8333 0.1363
15.85 0.1347
15.8667 0.1331
15.8833 0.1316
15.9 0.1299
15.9167 0.1284
15.9333 0.1269
15.95 0.1253
15.9667 0.1238
15.9833 0.1222
16.0 0.1207
16.0167 0.1192
16.0333 0.1177
16.05 0.1162
16.0667 0.1147
16.0833 0.1132
16.1 0.1117
16.1167 0.1102
16.1333 0.1087
16.15 0.1073
16.1667 0.1058
16.1833 0.1044
16.2 0.1029
16.2167 0.1015
16.2333 0.1001
16.25 0.09867
16.2667 0.09726
16.2833 0.09586
16.3 0.09448
16.3167 0.0931
16.3333 0.09172
16.35 0.09036
16.3667 0.08901
16.3833 0.08767
16.4 0.08633
16.4167 0.08501
16.4333 0.08369
16.45 0.08239
16.4667 0.0811
16.4833 0.07981
16.5 0.07853
16.5167 0.07727
16.5333 0.07601
16.55 0.07477
16.5667 0.07353
16.5833 0.07231
16.6 0.07109
16.6167 0.06989
16.6333 0.0687
16.65 0.06752
16.6667 0.06634
16.6833 0.06518
16.7 0.06403
16.7167 0.06289
16.7333 0.06176
16.75 0.06065
16.7667 0.05954
16.7833 0.05845
16.8 0.05736
16.8167 0.05629
16.8333 0.05523
16.85 0.05418
16.8667 0.05314
16.8833 0.05211
16.9 0.05109
16.9167 0.05008
16.9333 0.04909
16.95 0.04811
16.9667 0.04714
16.9833 0.04618
17.0 0.04523
17.0167 0.04429
17.0333 0.04337
17.05 0.04245
17.0667 0.04155
17.0833 0.04066
17.1 0.03978
17.1167 0.03891
17.1333 0.03805
17.15 0.03721
17.1667 0.03637
17.1833 0.03555
17.2 0.03474
17.2167 0.03394
17.2333 0.03315
17.25 0.03238
17.2667 0.03161
17.2833 0.03086
17.3 0.03012
17.3167 0.02939
17.3333 0.02867
17.35 0.02796
17.3667 0.02726
17.3833 0.02657
17.4 0.0259
17.4167 0.02524
17.4333 0.02458
17.45 0.02394
17.4667 0.02331
17.4833 0.02269
17.5 0.02208
17.5167 0.02148
17.5333 0.02089
17.55 0.02032
17.5667 0.01975
17.5833 0.01919
17.6 0.01865
17.6167 0.01811
17.6333 0.01759
17.65 0.01707
17.6667 0.01657
17.6833 0.01607
17.7 0.01559
17.7167 0.01511
17.7333 0.01465
17.75 0.01419
17.7667 0.01374
17.7833 0.01331
17.8 0.01288
17.8167 0.01246
17.8333 0.01205
17.85 0.01165
17.8667 0.01126
17.8833 0.01088
17.9 0.01051
17.9167 0.01014
17.9333 0.009789
17.95 0.009442
17.9667 0.009103
17.9833 0.008773
18.0 0.00845
18.0167 0.008136
18.0333 0.007829
18.05 0.007531
18.0667 0.00724
18.0833 0.006956
18.1 0.00668
18.1167 0.006412
18.1333 0.00615
18.15 0.005896
18.1667 0.005649
18.1833 0.005408
18.2 0.005175
18.2167 0.004948
18.2333 0.004727
18.25 0.004513
18.2667 0.004305
18.2833 0.004103
18.3 0.003908
18.3167 0.003718
18.3333 0.003534
18.35 0.003356
18.3667 0.003183
18.3833 0.003016
18.4 0.002854
18.4167 0.002697
18.4333 0.002546
18.45 0.002399
18.4667 0.002258
18.4833 0.002121
18.5 0.00199
18.5167 0.001863
18.5333 0.00174
18.55 0.001622
18.5667 0.001509
18.5833 0.0014
18.6 0.001296
18.6167 0.001196
18.6333 0.0011
18.65 0.001009
18.6667 0.0009224
18.6833 0.0008403
18.7 0.0007628
18.7167 0.0006906
18.7333 0.000617
18.75 0.0005429
18.7667 0.0004809
18.7833 0.0004293
18.8 0.0003777
18.8167 0.0003291
18.8333 0.0002836
18.85 0.000247
18.8667 0.000212
18.8833 0.0001793
18.9 0.000151
18.9167 0.0001234
18.9333 0.0001019
18.95 8.441e-05
18.9667 6.72e-05
18.9833 5.361e-05
19.0 4.303e-05
19.0167 3.346e-05
19.0333 2.58e-05
19.05 1.967e-05
19.0667 1.453e-05
19.0833 1.073e-05
19.1 7.816e-06
19.1167 5.435e-06
19.1333 3.661e-06
19.15 2.375e-06
19.1667 1.461e-06
19.1833 8.502e-07
19.2 4.738e-07
19.2167 2.569e-07
19.2333 1.313e-07
19.25 5.591e-08
19.2667 1.788e-08
19.2833 2.579e-09
19.3 1.539e-10
19.3167 2.657e-12
19.3333 9.162e-15
19.35 1.015e-18
19.3667 0.0
19.3833 0.0
19.4 0.0
19.4167 0.0
19.4333 0.0
19.45 0.0
19.4667 0.0
19.4833 0.0
19.5 0.0
19.5167 0.0
19.5333 0.0
19.55 0.0
19.5667 0.0
19.5833 0.0
19.6 0.0
19.6167 0.0
19.6333 0.0
19.65 0.0
19.6667 0.0
19.6833 0.0
19.7 0.0
19.7167 0.0
19.7333 0.0
19.75 0.0
19.7667 0.0
19.7833 0.0
19.8 0.0
19.8167 0.0
19.8333 0.0
19.85 0.0
19.8667 0.0
19.8833 0.0
19.9 0.0
19.9167 0.0
19.9333 0.0
19.95 0.0
19.9667 0.0
19.9833 0.0
20.0 0.0
20.0167 0.0
20.0333 0.0
20.05 0.0
20.0667 0.0
20.0833 0.0
20.1 0.0
20.1167 0.0
20.1333 0.0
20.15 0.0
20.1667 0.0
20.1833 0.0
20.2 0.0
20.2167 0.0
20.2333 0.0
20.25 0.0
20.2667 0.0
20.2833 0.0
20.3 0.0
20.3167 0.0
20.3333 0.0
20.35 0.0
20.3667 0.0
20.3833 0.0
20.4 0.0
20.4167 0.0
20.4333 0.0
20.45 0.0
20.4667 0.0
20.4833 0.0
20.5 0.0
20.5167 0.0
20.5333 0.0
20.55 0.0
20.5667 0.0
20.5833 0.0
20.6 0.0
20.6167 0.0
20.6333 0.0
20.65 0.0
20.6667 0.0
20.6833 0.0
20.7 0.0
20.7167 0.0
20.7333 0.0
20.75 0.0
20.7667 0.0
20.7833 0.0
20.8 0.0
20.8167 0.0
20.8333 0.0
20.85 0.0
20.8667 0.0
20.8833 0.0
20.9 0.0
20.9167 0.0
20.9333 0.0
20.95 0.0
20.9667 0.0
20.9833 0.0
21.0 0.0
21.0167 0.0
21.0333 0.0
21.05 0.0
21.0667 0.0
21.0833 0.0
21.1 0.0
21.1167 0.0
21.1333 0.0
21.15 0.0
21.1667 0.0
21.1833 0.0
21.2 0.0
21.2167 0.0
21.2333 0.0
21.25 0.0
21.2667 0.0
21.2833 0.0
21.3 0.0
21.3167 0.0
21.3333 0.0
21.35 0.0
21.3667 0.0
21.3833 0.0
21.4 0.0
21.4167 0.0
21.4333 0.0
21.45 0.0
21.4667 0.0
21.4833 0.0
21.5 0.0
21.5167 0.0
21.5333 0.0
21.55 0.0
21.5667 0.0
21.5833 0.0
21.6 0.0
21.6167 0.0
21.6333 0.0
21.65 0.0
21.6667 0.0
21.6833 0.0
21.7 0.0
21.7167 0.0
21.7333 0.0
21.75 0.0
21.7667 0.0
21.7833 0.0
21.8 0.0
21.8167 0.0
21.8333 0.0
21.85 0.0
21.8667 0.0
21.8833 0.0
21.9 0.0
21.9167 0.0
21.9333 0.0
21.95 0.0
21.9667 0.0
21.9833 0.0
22.0 0.0
22.0167 0.0
22.0333 0.0
22.05 0.0
22.0667 0.0
22.0833 0.0
22.1 0.0
22.1167 0.0
22.1333 0.0
22.15 0.0
22.1667 0.0
22.1833 0.0
22.2 0.0
22.2167 0.0
22.2333 0.0
22.25 0.0
22.2667 0.0
22.2833 0.0
22.3 0.0
22.3167 0.0
22.3333 0.0
22.35 0.0
22.3667 0.0
22.3833 0.0
22.4 0.0
22.4167 0.0
22.4333 0.0
22.45 0.0
22.4667 0.0
22.4833 0.0
22.5 0.0
22.5167 0.0
22.5333 0.0
22.55 0.0
22.5667 0.0
22.5833 0.0
22.6 0.0
22.6167 0.0
22.6333 0.0
22.65 0.0
22.6667 0.0
22.6833 0.0
22.7 0.0
22.7167 0.0
22.7333 0.0
22.75 0.0
22.7667 0.0
22.7833 0.0
22.8 0.0
22.8167 0.0
22.8333 0.0
22.85 0.0
22.8667 0.0
22.8833 0.0
22.9 0.0
22.9167 0.0
22.9333 0.0
22.95 0.0
22.9667 0.0
22.9833 0.0
23.0 0.0
23.0167 0.0
23.0333 0.0
23.05 0.0
23.0667 0.0
23.0833 0.0
23.1 0.0
23.1167 0.0
23.1333 0.0
23.15 0.0
23.1667 0.0
23.1833 0.0
23.2 0.0
23.2167 0.0
23.2333 0.0
23.25 0.0
23.2667 0.0
23.2833 0.0
23.3 0.0
23.3167 0.0
23.3333 0.0
23.35 0.0
23.3667 0.0
23.3833 0.0
23.4 0.0
23.4167 0.0
23.4333 0.0
23.45 0.0
23.4667 0.0
23.4833 0.0
23.5 0.0
23.5167 0.0
23.5333 0.0
23.55 0.0
23.5667 0.0
23.5833 0.0
23.6 0.0
23.6167 0.0
23.6333 0.0
23.65 0.0
23.6667 0.0
23.6833 0.0
23.7 0.0
23.7167 0.0
23.7333 0.0
23.75 0.0
23.7667 0.0
23.7833 0.0
23.8 0.0
23.8167 0.0
23.8333 0.0
23.85 0.0
23.8667 0.0
23.8833 0.0
23.9 0.0
23.9167 0.0
23.9333 0.0
23.95 0.0
23.9667 0.0
23.9833 0.0
