0.0 0.0
0.0167 0.0
0.0333 0.0
0.05 0.0
0.0667 0.0
0.0833 0.0
0.1 0.0
0.1167 0.0
0.1333 0.0
0.15 0.0
0.1667 0.0
0.1833 0.0
0.2 0.0
0.2167 0.0
0.2333 0.0
0.25 0.0
0.2667 0.0
0.2833 0.0
0.3 0.0
0.3167 0.0
0.3333 0.0
0.35 0.0
0.3667 0.0
0.3833 0.0
0.4 0.0
0.4167 0.0
0.4333 0.0
0.45 0.0
0.4667 0.0
0.4833 0.0
0.5 0.0
0.5167 0.0
0.5333 0.0
0.55 0.0
0.5667 0.0
0.5833 0.0
0.6 0.0
0.6167 0.0
0.6333 0.0
0.65 0.0
0.6667 0.0
0.6833 0.0
0.7 0.0
0.7167 0.0
0.7333 0.0
0.75 0.0
0.7667 0.0
0.7833 0.0
0.8 0.0
0.8167 0.0
0.8333 0.0
0.85 0.0
0.8667 0.0
0.8833 0.0
0.9 0.0
0.9167 0.0
0.9333 0.0
0.95 0.0
0.9667 0.0
0.9833 0.0
1.0 0.0
1.0167 0.0
1.0333 0.0
1.05 0.0
1.0667 0.0
1.0833 0.0
1.1 0.0
1.1167 0.0
1.1333 0.0
1.15 0.0
1.1667 0.0
1.1833 0.0
1.2 0.0
1.2167 0.0
1.2333 0.0
1.25 0.0
1.2667 0.0
1.2833 0.0
1.3 0.0
1.3167 0.0
1.3333 0.0
1.35 0.0
1.3667 0.0
1.3833 0.0
1.4 0.0
1.4167 0.0
1.4333 0.0
1.45 0.0
1.4667 0.0
1.4833 0.0
1.5 0.0
1.5167 0.0
1.5333 0.0
1.55 0.0
1.5667 0.0
1.5833 0.0
1.6 0.0
1.6167 0.0
1.6333 0.0
1.65 0.0
1.6667 0.0
1.6833 0.0
1.7 0.0
1.7167 0.0
1.7333 0.0
1.75 0.0
1.7667 0.0
1.7833 0.0
1.8 0.0
1.8167 0.0
1.8333 0.0
1.85 0.0
1.8667 0.0
1.8833 0.0
1.9 0.0
1.9167 0.0
1.9333 0.0
1.95 0.0
1.9667 0.0
1.9833 0.0
2.0 0.0
2.0167 0.0
2.0333 0.0
2.05 0.0
2.0667 0.0
2.0833 0.0
2.1 0.0
2.1167 0.0
2.1333 0.0
2.15 0.0
2.1667 0.0
2.1833 0.0
2.2 0.0
2.2167 0.0
2.2333 0.0
2.25 0.0
2.2667 0.0
2.2833 0.0
2.3 0.0
2.3167 0.0
2.3333 0.0
2.35 0.0
2.3667 0.0
2.3833 0.0
2.4 0.0
2.4167 0.0
2.4333 0.0
2.45 0.0
2.4667 0.0
2.4833 0.0
2.5 0.0
2.5167 0.0
2.5333 0.0
2.55 0.0
2.5667 0.0
2.5833 0.0
2.6 0.0
2.6167 0.0
2.6333 0.0
2.65 0.0
2.6667 0.0
2.6833 0.0
2.7 0.0
2.7167 0.0
2.7333 0.0
2.75 0.0
2.7667 0.0
2.7833 0.0
2.8 0.0
2.8167 0.0
2.8333 0.0
2.85 0.0
2.8667 0.0
2.8833 0.0
2.9 0.0
2.9167 0.0
2.9333 0.0
2.95 0.0
2.9667 0.0
2.9833 0.0
3.0 0.0
3.0167 0.0
3.0333 0.0
3.05 0.0
3.0667 0.0
3.0833 0.0
3.1 0.0
3.1167 0.0
3.1333 0.0
3.15 0.0
3.1667 0.0
3.1833 0.0
3.2 0.0
3.2167 0.0
3.2333 0.0
3.25 0.0
3.2667 0.0
3.2833 0.0
3.3 0.0
3.3167 0.0
3.3333 0.0
3.35 0.0
3.3667 0.0
3.3833 0.0
3.4 0.0
3.4167 0.0
3.4333 0.0
3.45 0.0
3.4667 0.0
3.4833 0.0
3.5 0.0
3.5167 0.0
3.5333 0.0
3.55 0.0
3.5667 0.0
3.5833 0.0
3.6 0.0
3.6167 0.0
3.6333 0.0
3.65 0.0
3.6667 0.0
3.6833 0.0
3.7 0.0
3.7167 0.0
3.7333 0.0
3.75 0.0
3.7667 0.0
3.7833 0.0
3.8 0.0
3.8167 0.0
3.8333 0.0
3.85 0.0
3.8667 0.0
3.8833 0.0
3.9 0.0
3.9167 0.0
3.9333 0.0
3.95 0.0
3.9667 0.0
3.9833 0.0
4.0 0.0
4.0167 0.0
4.0333 0.0
4.05 0.0
4.0667 0.0
4.0833 0.0
4.1 0.0
4.1167 0.0
4.1333 0.0
4.15 0.0
4.1667 0.0
4.1833 0.0
4.2 0.0
4.2167 0.0
4.2333 0.0
4.25 0.0
4.2667 0.0
4.2833 0.0
4.3 0.0
4.3167 0.0
4.3333 0.0
4.35 0.0
4.3667 0.0
4.3833 0.0
4.4 0.0
4.4167 0.0
4.4333 0.0
4.45 0.0
4.4667 0.0
4.4833 0.0
4.5 0.0
4.5167 0.0
4.5333 0.0
4.55 0.0
4.5667 0.0
4.5833 0.0
4.6 0.0
4.6167 0.0
4.6333 0.0
4.65 0.0
4.6667 0.0
4.6833 0.0
4.7 0.0
4.7167 0.0
4.7333 0.0
4.75 0.0
4.7667 0.0
4.7833 0.0
4.8 0.0
4.8167 0.0
4.8333 0.0
4.85 0.0
4.8667 0.0
4.8833 0.0
4.9 0.0
4.9167 0.0
4.9333 0.0
4.95 0.0
4.9667 0.0
4.9833 0.0
5.0 0.0
5.0167 0.0
5.0333 0.0
5.05 0.0
5.0667 0.0
5.0833 0.0
5.1 0.0
5.1167 0.0
5.1333 0.0
5.15 0.0
5.1667 0.0
5.1833 0.0
5.2 0.0
5.2167 0.0
5.2333 0.0
5.25 0.0
5.2667 0.0
5.2833 0.0
5.3 0.0
5.3167 0.0
5.3333 0.0
5.35 0.0
5.3667 0.0
5.3833 0.0
5.4 0.0
5.4167 2.094e-32
5.4333 8.111e-16
5.45 2.594e-13
5.4667 1.773e-11
5.4833 4.253e-10
5.5 4.039e-09
5.5167 1.88e-08
5.5333 5.159e-08
5.55 1.109e-07
5.5667 2.065e-07
5.5833 3.561e-07
5.6 5.953e-07
5.6167 9.806e-07
5.6333 1.57e-06
5.65 2.373e-06
5.6667 3.541e-06
5.6833 4.945e-06
5.7 6.766e-06
5.7167 9.161e-06
5.7333 1.218e-05
5.75 1.584e-05
5.7667 2.041e-05
5.7833 2.568e-05
5.8 3.219e-05
5.8167 4.034e-05
5.8333 4.986e-05
5.85 6.084e-05
5.8667 7.367e-05
5.8833 8.964e-05
5.9 0.0001063
5.9167 0.0001255
5.9333 0.0001475
5.95 0.0001725
5.9667 0.0002008
5.9833 0.0002337
6.0 0.0002637
6.0167 0.0003014
6.0333 0.000341
6.05 0.0003857
6.0667 0.0004271
6.0833 0.0004761
6.1 0.0005339
6.1167 0.0005996
6.1333 0.0006575
6.15 0.0007194
6.1667 0.0007853
6.1833 0.0008547
6.2 0.0009276
6.2167 0.001004
6.2333 0.001084
6.25 0.001167
6.2667 0.001254
6.2833 0.001344
6.3 0.001437
6.3167 0.001534
6.3333 0.001635
6.35 0.001739
6.3667 0.001846
6.3833 0.001958
6.4 0.002073
6.4167 0.002192
6.4333 0.002315
6.45 0.002441
6.4667 0.002572
6.4833 0.002707
6.5 0.002846
6.5167 0.002989
6.5333 0.003137
6.55 0.003289
6.5667 0.003445
6.5833 0.003607
6.6 0.003772
6.6167 0.003943
6.6333 0.004118
6.65 0.004299
6.6667 0.004484
6.6833 0.004675
6.7 0.004871
6.7167 0.005072
6.7333 0.005278
6.75 0.00549
6.7667 0.005708
6.7833 0.005932
6.8 0.00616
6.8167 0.006396
6.8333 0.006637
6.85 0.006884
6.8667 0.007137
6.8833 0.007397
6.9 0.007662
6.9167 0.007935
6.9333 0.008214
6.95 0.008499
6.9667 0.008792
6.9833 0.009091
7.0 0.009396
7.0167 0.009709
7.0333 0.01003
7.05 0.01036
7.0667 0.01069
7.0833 0.01103
7.1 0.01138
7.1167 0.01174
7.1333 0.0121
7.15 0.01247
7.1667 0.01285
7.1833 0.01324
7.2 0.01364
7.2167 0.01404
7.2333 0.01445
7.25 0.01487
7.2667 0.0153
7.2833 0.01573
7.3 0.01618
7.3167 0.01663
7.3333 0.01709
7.35 0.01756
7.3667 0.01804
7.3833 0.01853
7.4 0.01903
7.4167 0.01953
7.4333 0.02005
7.45 0.02057
7.4667 0.0211
7.4833 0.02164
7.5 0.02219
7.5167 0.02275
7.5333 0.02332
7.55 0.0239
7.5667 0.02448
7.5833 0.02508
7.6 0.02569
7.6167 0.0263
7.6333 0.02693
7.65 0.02756
7.6667 0.02821
7.6833 0.02886
7.7 0.02952
7.7167 0.0302
7.7333 0.03088
7.75 0.03157
7.7667 0.03228
7.7833 0.03299
7.8 0.03371
7.8167 0.03444
7.8333 0.03518
7.85 0.03594
7.8667 0.0367
7.8833 0.03747
7.9 0.03825
7.9167 0.03905
7.9333 0.03985
7.95 0.04066
7.9667 0.04148
7.9833 0.04231
8.0 0.04316
8.0167 0.04401
8.0333 0.04487
8.05 0.04574
8.0667 0.04663
8.0833 0.04752
8.1 0.04842
8.1167 0.04933
8.1333 0.05026
8.15 0.05119
8.1667 0.05213
8.1833 0.05309
8.2 0.05405
8.2167 0.05502
8.2333 0.056
8.25 0.057
8.2667 0.058
8.2833 0.05901
8.3 0.06003
8.3167 0.06107
8.3333 0.06211
8.35 0.06316
8.3667 0.06422
8.3833 0.06529
8.4 0.06637
8.4167 0.06746
8.4333 0.06856
8.45 0.06967
8.4667 0.07079
8.4833 0.07192
8.5 0.07306
8.5167 0.0742
8.5333 0.07536
8.55 0.07653
8.5667 0.0777
8.5833 0.07888
8.6 0.08008
8.6167 0.08128
8.6333 0.08249
8.65 0.08371
8.6667 0.08494
8.6833 0.08617
8.7 0.08742
8.7167 0.08868
8.7333 0.08994
8.75 0.09121
8.7667 0.09249
8.7833 0.09378
8.8 0.09507
8.8167 0.09637
8.8333 0.09769
8.85 0.09901
8.8667 0.1003
8.8833 0.1017
8.9 0.103
8.9167 0.1044
8.9333 0.1057
8.95 0.1071
8.9667 0.1085
8.9833 0.1099
9.0 0.1112
9.0167 0.1126
9.0333 0.114
9.05 0.1155
9.0667 0.1169
9.0833 0.1183
9.1 0.1197
9.1167 0.1212
9.1333 0.1226
9.15 0.1241
9.1667 0.1255
9.1833 0.127
9.2 0.1284
9.2167 0.1299
9.2333 0.1314
9.25 0.1329
9.2667 0.1344
9.2833 0.1359
9.3 0.1374
9.3167 0.1388
9.3333 0.1404
9.35 0.1419
9.3667 0.1434
9.3833 0.145
9.4 0.1465
9.4167 0.148
9.4333 0.1496
9.45 0.1511
9.4667 0.1527
9.4833 0.1542
9.5 0.1558
9.5167 0.1573
9.5333 0.1589
9.55 0.1605
9.5667 0.162
9.5833 0.1636
9.6 0.1652
9.6167 0.1668
9.6333 0.1684
9.65 0.1699
9.6667 0.1715
9.6833 0.1731
9.7 0.1747
9.7167 0.1763
9.7333 0.1779
9.75 0.1795
9.7667 0.1811
9.7833 0.1827
9.8 0.1843
9.8167 0.1859
9.8333 0.1875
9.85 0.1891
9.8667 0.1907
9.8833 0.1924
9.9 0.194
9.9167 0.1955
9.9333 0.1971
9.95 0.1988
9.9667 0.2004
9.9833 0.202
10.0 0.2036
10.0167 0.2053
10.0333 0.2069
10.05 0.2084
10.0667 0.2101
10.0833 0.2117
10.1 0.2133
10.1167 0.2149
10.1333 0.2165
10.15 0.2181
10.1667 0.2197
10.1833 0.2213
10.2 0.2229
10.2167 0.2245
10.2333 0.2261
10.25 0.2277
10.2667 0.2292
10.2833 0.2309
10.3 0.2325
10.3167 0.2341
10.3333 0.2356
10.35 0.2371
10.3667 0.2388
10.3833 0.2404
10.4 0.2419
10.4167 0.2435
10.4333 0.245
10.45 0.2466
10.4667 0.2481
10.4833 0.2497
10.5 0.2512
10.5167 0.2527
10.5333 0.2543
10.55 0.2558
10.5667 0.2574
10.5833 0.2589
10.6 0.2604
10.6167 0.2619
10.6333 0.2634
10.65 0.2649
10.6667 0.2663
10.6833 0.2679
10.7 0.2692
10.7167 0.2708
10.7333 0.2723
10.75 0.2737
10.7667 0.2749
10.7833 0.2766
10.8 0.2781
10.8167 0.2794
10.8333 0.2809
10.85 0.2823
10.8667 0.2837
10.8833 0.2851
10.9 0.2865
10.9167 0.2879
10.9333 0.2893
10.95 0.2906
10.9667 0.292
10.9833 0.2934
11.0 0.2947
11.0167 0.296
11.0333 0.2974
11.05 0.2987
11.0667 0.3
11.0833 0.3013
11.1 0.3025
11.1167 0.3039
11.1333 0.3051
11.15 0.3063
11.1667 0.3076
11.1833 0.3089
11.2 0.3101
11.2167 0.3113
11.2333 0.3125
11.25 0.3136
11.2667 0.3149
11.2833 0.3161
11.3 0.3172
11.3167 0.3184
11.3333 0.3196
11.35 0.3207
11.3667 0.3218
11.3833 0.323
11.4 0.3239
11.4167 0.3251
11.4333 0.3262
11.45 0.3272
11.4667 0.3284
11.4833 0.3294
11.5 0.3304
11.5167 0.3314
11.5333 0.3323
11.55 0.3332
11.5667 0.3344
11.5833 0.3354
11.6 0.3364
11.6167 0.3373
11.6333 0.3382
11.65 0.3392
11.6667 0.3398
11.6833 0.341
11.7 0.3418
11.7167 0.3427
11.7333 0.3433
11.75 0.3444
11.7667 0.3452
11.7833 0.3461
11.8 0.3469
11.8167 0.3476
11.8333 0.3484
11.85 0.3492
11.8667 0.3499
11.8833 0.3507
11.9 0.3514
11.9167 0.3521
11.9333 0.3528
11.95 0.3534
11.9667 0.354
11.9833 0.3548
12.0 0.3554
12.0167 0.356
12.0333 0.3566
12.05 0.3572
12.0667 0.3578
12.0833 0.3583
12.1 0.3589
12.1167 0.3594
12.1333 0.3599
12.15 0.3604
12.1667 0.3609
12.1833 0.3614
12.2 0.3618
12.2167 0.3621
12.2333 0.3627
12.25 0.3631
12.2667 0.3635
12.2833 0.3639
12.3 0.3643
12.3167 0.3646
12.3333 0.365
12.35 0.3653
12.3667 0.3656
12.3833 0.3659
12.4 0.3662
12.4167 0.3664
12.4333 0.3667
12.45 0.3669
12.4667 0.3671
12.4833 0.3673
12.5 0.3675
12.5167 0.3676
12.5333 0.3678
12.55 0.3679
12.5667 0.368
12.5833 0.3681
12.6 0.3682
12.6167 0.3683
12.6333 0.3684
12.65 0.3684
12.6667 0.3684
12.6833 0.3684
12.7 0.3684
12.7167 0.3684
12.7333 0.3684
12.75 0.3683
12.7667 0.3682
12.7833 0.3682
12.8 0.3681
12.8167 0.3679
12.8333 0.3678
12.85 0.3677
12.8667 0.3675
12.8833 0.3673
12.9 0.3671
12.9167 0.3669
12.9333 0.3667
12.95 0.3665
12.9667 0.3662
12.9833 0.3659
13.0 0.3656
13.0167 0.3653
13.0333 0.365
13.05 0.3647
13.0667 0.3643
13.0833 0.364
13.1 0.3636
13.1167 0.3632
13.1333 0.3628
13.15 0.3622
13.1667 0.3619
13.1833 0.3615
13.2 0.361
13.2167 0.3605
13.2333 0.36
13.25 0.3595
13.2667 0.359
13.2833 0.3584
13.3 0.3579
13.3167 0.3573
13.3333 0.3567
13.35 0.3561
13.3667 0.3555
13.3833 0.3549
13.4 0.3542
13.4167 0.3534
13.4333 0.3529
13.45 0.3522
13.4667 0.3515
13.4833 0.3508
13.5 0.35
13.5167 0.3493
13.5333 0.3485
13.55 0.3478
13.5667 0.347
13.5833 0.3462
13.6 0.3454
13.6167 0.3445
13.6333 0.3435
13.65 0.3428
13.6667 0.342
13.6833 0.3411
13.7 0.34
13.7167 0.3393
13.7333 0.3384
13.75 0.3375
13.7667 0.3365
13.7833 0.3355
13.8 0.3346
13.8167 0.3335
13.8333 0.3325
13.85 0.3316
13.8667 0.3306
13.8833 0.3295
13.9 0.3285
13.9167 0.3273
13.9333 0.3264
13.95 0.3253
13.9667 0.3241
13.9833 0.3231
14.0 0.322
14.0167 0.3209
14.0333 0.3197
14.05 0.3186
14.0667 0.3174
14.0833 0.3163
14.1 0.3151
14.1167 0.3139
14.1333 0.3127
14.15 0.3115
14.1667 0.3103
14.1833 0.3091
14.2 0.3078
14.2167 0.3064
14.2333 0.3053
14.25 0.304
14.2667 0.3027
14.2833 0.3015
14.3 0.3002
14.3167 0.2989
14.3333 0.2975
14.35 0.2962
14.3667 0.2949
14.3833 0.2936
14.4 0.292
14.4167 0.2908
14.4333 0.2895
14.45 0.2881
14.4667 0.2867
14.4833 0.2853
14.5 0.2839
14.5167 0.2825
14.5333 0.2811
14.55 0.2796
14.5667 0.2783
14.5833 0.2768
14.6 0.2752
14.6167 0.2739
14.6333 0.2725
14.65 0.271
14.6667 0.2695
14.6833 0.2681
14.7 0.2666
14.7167 0.2651
14.7333 0.2636
14.75 0.2621
14.7667 0.2606
14.7833 0.259
14.8 0.2576
14.8167 0.256
14.8333 0.2545
14.85 0.2528
14.8667 0.2515
14.8833 0.2499
14.9 0.2484
14.9167 0.2468
14.9333 0.2453
14.95 0.2437
14.9667 0.2421
14.9833 0.2406
15.0 0.239
15.0167 0.2373
15.0333 0.2359
15.05 0.2343
15.0667 0.2327
15.0833 0.2311
15.1 0.2295
15.1167 0.2279
15.1333 0.2263
15.15 0.2248
15.1667 0.2232
15.1833 0.2215
15.2 0.22
15.2167 0.2183
15.2333 0.2167
15.25 0.2151
15.2667 0.2135
15.2833 0.2119
15.3 0.2103
15.3167 0.2087
15.3333 0.2071
15.35 0.2055
15.3667 0.2038
15.3833 0.2023
15.4 0.2006
15.4167 0.199
15.4333 0.1974
15.45 0.1958
15.4667 0.1942
15.4833 0.1926
15.5 0.1909
15.5167 0.1894
15.5333 0.1877
15.55 0.1861
15.5667 0.1845
15.5833 0.1829
15.6 0.1812
15.6167 0.1797
15.6333 0.1781
15.65 0.1765
15.6667 0.1749
15.6833 0.1733
15.7 0.1717
15.7167 0.1701
15.7333 0.1686
15.75 0.167
15.7667 0.1654
15.7833 0.1638
15.8 0.1622
15.8167 0.1607
15.8333 0.159
15.85 0.1575
15.8667 0.156
15.8833 0.1544
15.9 0.1529
15.9167 0.1513
15.9333 0.1498
15.95 0.1482
15.9667 0.1467
15.9833 0.1452
16.0 0.1436
16.0167 0.1421
16.0333 0.1406
16.05 0.1391
16.0667 0.1376
16.0833 0.1361
16.1 0.1346
16.1167 0.1331
16.1333 0.1316
16.15 0.1301
16.1667 0.1286
16.1833 0.1271
16.2 0.1257
16.2167 0.1242
16.2333 0.1228
16.25 0.1213
16.2667 0.1199
16.2833 0.1185
16.3 0.1171
16.3167 0.1156
16.3333 0.1142
16.35 0.1128
16.3667 0.1114
16.3833 0.11
16.4 0.1086
16.4167 0.1073
16.4333 0.1059
16.45 0.1045
16.4667 0.1032
16.4833 0.1018
16.5 0.1005
16.5167 0.09917
16.5333 0.09785
16.55 0.09654
16.5667 0.09523
16.5833 0.09394
16.6 0.09265
16.6167 0.09137
16.6333 0.09009
16.65 0.08883
16.6667 0.08757
16.6833 0.08632
16.7 0.08509
16.7167 0.08386
16.7333 0.08263
16.75 0.08142
16.7667 0.08022
16.7833 0.07903
16.8 0.07784
16.8167 0.07666
16.8333 0.0755
16.85 0.07434
16.8667 0.07319
16.8833 0.07205
16.9 0.07092
16.9167 0.0698
16.9333 0.06869
16.95 0.06759
16.9667 0.0665
16.9833 0.06542
17.0 0.06434
17.0167 0.06328
17.0333 0.06223
17.05 0.06119
17.0667 0.06015
17.0833 0.05913
17.1 0.05811
17.1167 0.05711
17.1333 0.05612
17.15 0.05513
17.1667 0.05416
17.1833 0.05319
17.2 0.05224
17.2167 0.0513
17.2333 0.05036
17.25 0.04944
17.2667 0.04852
17.2833 0.04762
17.3 0.04673
17.3167 0.04584
17.3333 0.04497
17.35 0.0441
17.3667 0.04325
17.3833 0.04241
17.4 0.04157
17.4167 0.04075
17.4333 0.03993
17.45 0.03913
17.4667 0.03834
17.4833 0.03755
17.5 0.03678
17.5167 0.03602
17.5333 0.03526
17.55 0.03452
17.5667 0.03379
17.5833 0.03306
17.6 0.03235
17.6167 0.03165
17.6333 0.03095
17.65 0.03027
17.6667 0.02959
17.6833 0.02893
17.7 0.02827
17.7167 0.02763
17.7333 0.02699
17.75 0.02636
17.7667 0.02575
17.7833 0.02514
17.8 0.02454
17.8167 0.02395
17.8333 0.02338
17.85 0.02281
17.8667 0.02225
17.8833 0.02169
17.9 0.02115
17.9167 0.02062
17.9333 0.0201
17.95 0.01958
17.9667 0.01907
17.9833 0.01858
18.0 0.01809
18.0167 0.01761
18.0333 0.01714
18.05 0.01668
18.0667 0.01622
18.0833 0.01578
18.1 0.01534
18.1167 0.01491
18.1333 0.01449
18.15 0.01408
18.1667 0.01367
18.1833 0.01328
18.2 0.01289
18.2167 0.01251
18.2333 0.01214
18.25 0.01177
18.2667 0.01141
18.2833 0.01106
18.3 0.01072
18.3167 0.01038
18.3333 0.01006
18.35 0.009736
18.3667 0.009423
18.3833 0.009116
18.4 0.008816
18.4167 0.008523
18.4333 0.008237
18.45 0.007958
18.4667 0.007685
18.4833 0.007418
18.5 0.007158
18.5167 0.006904
18.5333 0.006656
18.55 0.006415
18.5667 0.006179
18.5833 0.005949
18.6 0.005725
18.6167 0.005507
18.6333 0.005295
18.65 0.005087
18.6667 0.004886
18.6833 0.004689
18.7 0.004498
18.7167 0.004312
18.7333 0.004132
18.75 0.003956
18.7667 0.003785
18.7833 0.003618
18.8 0.003457
18.8167 0.0033
18.8333 0.003148
18.85 0.003
18.8667 0.002856
18.8833 0.002717
18.9 0.002581
18.9167 0.00245
18.9333 0.002323
18.95 0.0022
18.9667 0.002081
18.9833 0.001965
19.0 0.001854
19.0167 0.001746
19.0333 0.001641
19.05 0.00154
19.0667 0.001443
19.0833 0.001349
19.1 0.001259
19.1167 0.001172
19.1333 0.001089
19.15 0.001009
19.1667 0.0009321
19.1833 0.0008589
19.2 0.0007892
19.2167 0.0007232
19.2333 0.0006609
19.25 0.0006027
19.2667 0.0005374
19.2833 0.000479
19.3 0.0004296
19.3167 0.0003878
19.3333 0.0003439
19.35 0.0003031
19.3667 0.0002658
19.3833 0.0002349
19.4 0.000202
19.4167 0.0001736
19.4333 0.0001486
19.45 0.0001266
19.4667 0.000107
19.4833 9.021e-05
19.5 7.452e-05
19.5167 6.13e-05
19.5333 5.079e-05
19.55 4.065e-05
19.5667 3.251e-05
19.5833 2.616e-05
19.6 2.056e-05
19.6167 1.596e-05
19.6333 1.227e-05
19.65 9.329e-06
19.6667 6.855e-06
19.6833 4.998e-06
19.7 3.584e-06
19.7167 2.405e-06
19.7333 1.601e-06
19.75 9.942e-07
19.7667 6.054e-07
19.7833 3.637e-07
19.8 2.124e-07
19.8167 1.145e-07
19.8333 5.32e-08
19.85 1.947e-08
19.8667 4.235e-09
19.8833 4.491e-10
19.9 1.953e-11
19.9167 2.877e-13
19.9333 9.513e-16
19.95 3.825e-32
19.9667 0.0
19.9833 0.0
20.0 0.0
20.0167 0.0
20.0333 0.0
20.05 0.0
20.0667 0.0
20.0833 0.0
20.1 0.0
20.1167 0.0
20.1333 0.0
20.15 0.0
20.1667 0.0
20.1833 0.0
20.2 0.0
20.2167 0.0
20.2333 0.0
20.25 0.0
20.2667 0.0
20.2833 0.0
20.3 0.0
20.3167 0.0
20.3333 0.0
20.35 0.0
20.3667 0.0
20.3833 0.0
20.4 0.0
20.4167 0.0
20.4333 0.0
20.45 0.0
20.4667 0.0
20.4833 0.0
20.5 0.0
20.5167 0.0
20.5333 0.0
20.55 0.0
20.5667 0.0
20.5833 0.0
20.6 0.0
20.6167 0.0
20.6333 0.0
20.65 0.0
20.6667 0.0
20.6833 0.0
20.7 0.0
20.7167 0.0
20.7333 0.0
20.75 0.0
20.7667 0.0
20.7833 0.0
20.8 0.0
20.8167 0.0
20.8333 0.0
20.85 0.0
20.8667 0.0
20.8833 0.0
20.9 0.0
20.9167 0.0
20.9333 0.0
20.95 0.0
20.9667 0.0
20.9833 0.0
21.0 0.0
21.0167 0.0
21.0333 0.0
21.05 0.0
21.0667 0.0
21.0833 0.0
21.1 0.0
21.1167 0.0
21.1333 0.0
21.15 0.0
21.1667 0.0
21.1833 0.0
21.2 0.0
21.2167 0.0
21.2333 0.0
21.25 0.0
21.2667 0.0
21.2833 0.0
21.3 0.0
21.3167 0.0
21.3333 0.0
21.35 0.0
21.3667 0.0
21.3833 0.0
21.4 0.0
21.4167 0.0
21.4333 0.0
21.45 0.0
21.4667 0.0
21.4833 0.0
21.5 0.0
21.5167 0.0
21.5333 0.0
21.55 0.0
21.5667 0.0
21.5833 0.0
21.6 0.0
21.6167 0.0
21.6333 0.0
21.65 0.0
21.6667 0.0
21.6833 0.0
21.7 0.0
21.7167 0.0
21.7333 0.0
21.75 0.0
21.7667 0.0
21.7833 0.0
21.8 0.0
21.8167 0.0
21.8333 0.0
21.85 0.0
21.8667 0.0
21.8833 0.0
21.9 0.0
21.9167 0.0
21.9333 0.0
21.95 0.0
21.9667 0.0
21.9833 0.0
22.0 0.0
22.0167 0.0
22.0333 0.0
22.05 0.0
22.0667 0.0
22.0833 0.0
22.1 0.0
22.1167 0.0
22.1333 0.0
22.15 0.0
22.1667 0.0
22.1833 0.0
22.2 0.0
22.2167 0.0
22.2333 0.0
22.25 0.0
22.2667 0.0
22.2833 0.0
22.3 0.0
22.3167 0.0
22.3333 0.0
22.35 0.0
22.3667 0.0
22.3833 0.0
22.4 0.0
22.4167 0.0
22.4333 0.0
22.45 0.0
22.4667 0.0
22.4833 0.0
22.5 0.0
22.5167 0.0
22.5333 0.0
22.55 0.0
22.5667 0.0
22.5833 0.0
22.6 0.0
22.6167 0.0
22.6333 0.0
22.65 0.0
22.6667 0.0
22.6833 0.0
22.7 0.0
22.7167 0.0
22.7333 0.0
22.75 0.0
22.7667 0.0
22.7833 0.0
22.8 0.0
22.8167 0.0
22.8333 0.0
22.85 0.0
22.8667 0.0
22.8833 0.0
22.9 0.0
22.9167 0.0
22.9333 0.0
22.95 0.0
22.9667 0.0
22.9833 0.0
23.0 0.0
23.0167 0.0
23.0333 0.0
23.05 0.0
23.0667 0.0
23.0833 0.0
23.1 0.0
23.1167 0.0
23.1333 0.0
23.15 0.0
23.1667 0.0
23.1833 0.0
23.2 0.0
23.2167 0.0
23.2333 0.0
23.25 0.0
23.2667 0.0
23.2833 0.0
23.3 0.0
23.3167 0.0
23.3333 0.0
23.35 0.0
23.3667 0.0
23.3833 0.0
23.4 0.0
23.4167 0.0
23.4333 0.0
23.45 0.0
23.4667 0.0
23.4833 0.0
23.5 0.0
23.5167 0.0
23.5333 0.0
23.55 0.0
23.5667 0.0
23.5833 0.0
23.6 0.0
23.6167 0.0
23.6333 0.0
23.65 0.0
23.6667 0.0
23.6833 0.0
23.7 0.0
23.7167 0.0
23.7333 0.0
23.75 0.0
23.7667 0.0
23.7833 0.0
23.8 0.0
23.8167 0.0
23.8333 0.0
23.85 0.0
23.8667 0.0
23.8833 0.0
23.9 0.0
23.9167 0.0
23.9333 0.0
23.95 0.0
23.9667 0.0
23.9833 0.0
