0.0 0.0
0.0167 0.0
0.0333 0.0
0.05 0.0
0.0667 0.0
0.0833 0.0
0.1 0.0
0.1167 0.0
0.1333 0.0
0.15 0.0
0.1667 0.0
0.1833 0.0
0.2 0.0
0.2167 0.0
0.2333 0.0
0.25 0.0
0.2667 0.0
0.2833 0.0
0.3 0.0
0.3167 0.0
0.3333 0.0
0.35 0.0
0.3667 0.0
0.3833 0.0
0.4 0.0
0.4167 0.0
0.4333 0.0
0.45 0.0
0.4667 0.0
0.4833 0.0
0.5 0.0
0.5167 0.0
0.5333 0.0
0.55 0.0
0.5667 0.0
0.5833 0.0
0.6 0.0
0.6167 0.0
0.6333 0.0
0.65 0.0
0.6667 0.0
0.6833 0.0
0.7 0.0
0.7167 0.0
0.7333 0.0
0.75 0.0
0.7667 0.0
0.7833 0.0
0.8 0.0
0.8167 0.0
0.8333 0.0
0.85 0.0
0.8667 0.0
0.8833 0.0
0.9 0.0
0.9167 0.0
0.9333 0.0
0.95 0.0
0.9667 0.0
0.9833 0.0
1.0 0.0
1.0167 0.0
1.0333 0.0
1.05 0.0
1.0667 0.0
1.0833 0.0
1.1 0.0
1.1167 0.0
1.1333 0.0
1.15 0.0
1.1667 0.0
1.1833 0.0
1.2 0.0
1.2167 0.0
1.2333 0.0
1.25 0.0
1.2667 0.0
1.2833 0.0
1.3 0.0
1.3167 0.0
1.3333 0.0
1.35 0.0
1.3667 0.0
1.3833 0.0
1.4 0.0
1.4167 0.0
1.4333 0.0
1.45 0.0
1.4667 0.0
1.4833 0.0
1.5 0.0
1.5167 0.0
1.5333 0.0
1.55 0.0
1.5667 0.0
1.5833 0.0
1.6 0.0
1.6167 0.0
1.6333 0.0
1.65 0.0
1.6667 0.0
1.6833 0.0
1.7 0.0
1.7167 0.0
1.7333 0.0
1.75 0.0
1.7667 0.0
1.7833 0.0
1.8 0.0
1.8167 0.0
1.8333 0.0
1.85 0.0
1.8667 0.0
1.8833 0.0
1.9 0.0
1.9167 0.0
1.9333 0.0
1.95 0.0
1.9667 0.0
1.9833 0.0
2.0 0.0
2.0167 0.0
2.0333 0.0
2.05 0.0
2.0667 0.0
2.0833 0.0
2.1 0.0
2.1167 0.0
2.1333 0.0
2.15 0.0
2.1667 0.0
2.1833 0.0
2.2 0.0
2.2167 0.0
2.2333 0.0
2.25 0.0
2.2667 0.0
2.2833 0.0
2.3 0.0
2.3167 0.0
2.3333 0.0
2.35 0.0
2.3667 0.0
2.3833 0.0
2.4 0.0
2.4167 0.0
2.4333 0.0
2.45 0.0
2.4667 0.0
2.4833 0.0
2.5 0.0
2.5167 0.0
2.5333 0.0
2.55 0.0
2.5667 0.0
2.5833 0.0
2.6 0.0
2.6167 0.0
2.6333 0.0
2.65 0.0
2.6667 0.0
2.6833 0.0
2.7 0.0
2.7167 0.0
2.7333 0.0
2.75 0.0
2.7667 0.0
2.7833 0.0
2.8 0.0
2.8167 0.0
2.8333 0.0
2.85 0.0
2.8667 0.0
2.8833 0.0
2.9 0.0
2.9167 0.0
2.9333 0.0
2.95 0.0
2.9667 0.0
2.9833 0.0
3.0 0.0
3.0167 0.0
3.0333 0.0
3.05 0.0
3.0667 0.0
3.0833 0.0
3.1 0.0
3.1167 0.0
3.1333 0.0
3.15 0.0
3.1667 0.0
3.1833 0.0
3.2 0.0
3.2167 0.0
3.2333 0.0
3.25 0.0
3.2667 0.0
3.2833 0.0
3.3 0.0
3.3167 0.0
3.3333 0.0
3.35 0.0
3.3667 0.0
3.3833 0.0
3.4 0.0
3.4167 0.0
3.4333 0.0
3.45 0.0
3.4667 0.0
3.4833 0.0
3.5 0.0
3.5167 0.0
3.5333 0.0
3.55 0.0
3.5667 0.0
3.5833 0.0
3.6 0.0
3.6167 0.0
3.6333 0.0
3.65 0.0
3.6667 0.0
3.6833 0.0
3.7 0.0
3.7167 0.0
3.7333 0.0
3.75 0.0
3.7667 0.0
3.7833 0.0
3.8 0.0
3.8167 0.0
3.8333 0.0
3.85 0.0
3.8667 0.0
3.8833 0.0
3.9 0.0
3.9167 0.0
3.9333 0.0
3.95 0.0
3.9667 0.0
3.9833 0.0
4.0 0.0
4.0167 0.0
4.0333 0.0
4.05 0.0
4.0667 0.0
4.0833 0.0
4.1 0.0
4.1167 0.0
4.1333 0.0
4.15 0.0
4.1667 0.0
4.1833 0.0
4.2 0.0
4.2167 0.0
4.2333 0.0
4.25 0.0
4.2667 0.0
4.2833 0.0
4.3 0.0
4.3167 0.0
4.3333 0.0
4.35 0.0
4.3667 0.0
4.3833 0.0
4.4 0.0
4.4167 0.0
4.4333 0.0
4.45 0.0
4.4667 0.0
4.4833 0.0
4.5 0.0
4.5167 0.0
4.5333 0.0
4.55 0.0
4.5667 0.0
4.5833 0.0
4.6 0.0
4.6167 0.0
4.6333 0.0
4.65 0.0
4.6667 0.0
4.6833 0.0
4.7 0.0
4.7167 0.0
4.7333 0.0
4.75 0.0
4.7667 0.0
4.7833 0.0
4.8 0.0
4.8167 0.0
4.8333 0.0
4.85 0.0
4.8667 0.0
4.8833 0.0
4.9 0.0
4.9167 0.0
4.9333 0.0
4.95 0.0
4.9667 0.0
4.9833 0.0
5.0 0.0
5.0167 0.0
5.0333 0.0
5.05 0.0
5.0667 0.0
5.0833 0.0
5.1 0.0
5.1167 0.0
5.1333 0.0
5.15 0.0
5.1667 0.0
5.1833 0.0
5.2 0.0
5.2167 0.0
5.2333 0.0
5.25 0.0
5.2667 0.0
5.2833 0.0
5.3 0.0
5.3167 0.0
5.3333 0.0
5.35 0.0
5.3667 0.0
5.3833 0.0
5.4 0.0
5.4167 0.0
5.4333 0.0
5.45 0.0
5.4667 0.0
5.4833 0.0
5.5 0.0
5.5167 0.0
5.5333 0.0
5.55 0.0
5.5667 0.0
5.5833 0.0
5.6 0.0
5.6167 0.0
5.6333 0.0
5.65 0.0
5.6667 0.0
5.6833 0.0
5.7 0.0
5.7167 0.0
5.7333 0.0
5.75 0.0
5.7667 0.0
5.7833 0.0
5.8 0.0
5.8167 0.0
5.8333 0.0
5.85 0.0
5.8667 0.0
5.8833 0.0
5.9 0.0
5.9167 0.0
5.9333 0.0
5.95 0.0
5.9667 0.0
5.9833 0.0
6.0 0.0
6.0167 0.0
6.0333 0.0
6.05 0.0
6.0667 0.0
6.0833 0.0
6.1 0.0
6.1167 0.0
6.1333 0.0
6.15 0.0
6.1667 0.0
6.1833 0.0
6.2 0.0
6.2167 0.0
6.2333 0.0
6.25 0.0
6.2667 0.0
6.2833 1.067e-33
6.3 3.863e-16
6.3167 1.692e-13
6.3333 1.778e-11
6.35 4.944e-10
6.3667 5.169e-09
6.3833 2.544e-08
6.4 6.78e-08
6.4167 1.453e-07
6.4333 2.739e-07
6.45 4.85e-07
6.4667 8.318e-07
6.4833 1.392e-06
6.5 2.25e-06
6.5167 3.47e-06
6.5333 5.031e-06
6.55 7.134e-06
6.5667 9.777e-06
6.5833 1.305e-05
6.6 1.722e-05
6.6167 2.241e-05
6.6333 2.881e-05
6.65 3.669e-05
6.6667 4.643e-05
6.6833 5.728e-05
6.7 7.067e-05
6.7167 8.592e-05
6.7333 0.0001048
6.75 0.0001246
6.7667 0.0001477
6.7833 0.000174
6.8 0.0002035
6.8167 0.0002369
6.8333 0.0002754
6.85 0.0003148
6.8667 0.0003564
6.8833 0.0004134
6.9 0.0004558
6.9167 0.000506
6.9333 0.0005654
6.95 0.0006355
6.9667 0.0007092
6.9833 0.0007777
7.0 0.0008506
7.0167 0.000928
7.0333 0.001009
7.05 0.001095
7.0667 0.001184
7.0833 0.001277
7.1 0.001374
7.1167 0.001475
7.1333 0.00158
7.15 0.001688
7.1667 0.001801
7.1833 0.001917
7.2 0.002038
7.2167 0.002163
7.2333 0.002291
7.25 0.002424
7.2667 0.002561
7.2833 0.002703
7.3 0.002849
7.3167 0.002999
7.3333 0.003154
7.35 0.003313
7.3667 0.003477
7.3833 0.003646
7.4 0.003819
7.4167 0.003998
7.4333 0.004181
7.45 0.00437
7.4667 0.004563
7.4833 0.004762
7.5 0.004966
7.5167 0.005175
7.5333 0.00539
7.55 0.00561
7.5667 0.005836
7.5833 0.006068
7.6 0.006306
7.6167 0.006549
7.6333 0.006799
7.65 0.007053
7.6667 0.007315
7.6833 0.007583
7.7 0.007856
7.7167 0.008136
7.7333 0.008423
7.75 0.008715
7.7667 0.009015
7.7833 0.009321
7.8 0.009633
7.8167 0.009953
7.8333 0.01028
7.85 0.01061
7.8667 0.01095
7.8833 0.0113
7.9 0.01165
7.9167 0.01201
7.9333 0.01238
7.95 0.01275
7.9667 0.01314
7.9833 0.01353
8.0 0.01392
8.0167 0.01433
8.0333 0.01474
8.05 0.01516
8.0667 0.01558
8.0833 0.01602
8.1 0.01646
8.1167 0.01691
8.1333 0.01737
8.15 0.01783
8.1667 0.0183
8.1833 0.01878
8.2 0.01927
8.2167 0.01977
8.2333 0.02027
8.25 0.02078
8.2667 0.0213
8.2833 0.02183
8.3 0.02236
8.3167 0.02291
8.3333 0.02346
8.35 0.02402
8.3667 0.02458
8.3833 0.02516
8.4 0.02574
8.4167 0.02633
8.4333 0.02693
8.45 0.02754
8.4667 0.02815
8.4833 0.02877
8.5 0.0294
8.5167 0.03004
8.5333 0.03069
8.55 0.03134
8.5667 0.032
8.5833 0.03267
8.6 0.03335
8.6167 0.03404
8.6333 0.03473
8.65 0.03543
8.6667 0.03614
8.6833 0.03685
8.7 0.03758
8.7167 0.03831
8.7333 0.03905
8.75 0.0398
8.7667 0.04055
8.7833 0.04131
8.8 0.04208
8.8167 0.04286
8.8333 0.04364
8.85 0.04443
8.8667 0.04523
8.8833 0.04603
8.9 0.04685
8.9167 0.04767
8.9333 0.04849
8.95 0.04933
8.9667 0.05017
8.9833 0.05101
9.0 0.05187
9.0167 0.05273
9.0333 0.0536
9.05 0.05447
9.0667 0.05535
9.0833 0.05624
9.1 0.05713
9.1167 0.05803
9.1333 0.05894
9.15 0.05985
9.1667 0.06077
9.1833 0.06169
9.2 0.06262
9.2167 0.06356
9.2333 0.0645
9.25 0.06545
9.2667 0.0664
9.2833 0.06736
9.3 0.06832
9.3167 0.06929
9.3333 0.07026
9.35 0.07124
9.3667 0.07222
9.3833 0.07321
9.4 0.07421
9.4167 0.07521
9.4333 0.07621
9.45 0.07721
9.4667 0.07823
9.4833 0.07924
9.5 0.08026
9.5167 0.08128
9.5333 0.08231
9.55 0.08334
9.5667 0.08438
9.5833 0.08542
9.6 0.08646
9.6167 0.08751
9.6333 0.08856
9.65 0.08961
9.6667 0.09066
9.6833 0.09172
9.7 0.09279
9.7167 0.09385
9.7333 0.09491
9.75 0.09598
9.7667 0.09705
9.7833 0.09813
9.8 0.0992
9.8167 0.1003
9.8333 0.1014
9.85 0.1024
9.8667 0.1035
9.8833 0.1046
9.9 0.1057
9.9167 0.1068
9.9333 0.1079
9.95 0.109
9.9667 0.11
9.9833 0.1111
10.0 0.1122
10.0167 0.1133
10.0333 0.1144
10.05 0.1155
10.0667 0.1166
10.0833 0.1177
10.1 0.1188
10.1167 0.1198
10.1333 0.1209
10.15 0.122
10.1667 0.1231
10.1833 0.1242
10.2 0.1253
10.2167 0.1264
10.2333 0.1275
10.25 0.1286
10.2667 0.1297
10.2833 0.1307
10.3 0.1318
10.3167 0.1329
10.3333 0.134
10.35 0.1351
10.3667 0.1361
10.3833 0.1372
10.4 0.1382
10.4167 0.1393
10.4333 0.1404
10.45 0.1414
10.4667 0.1425
10.4833 0.1436
10.5 0.1446
10.5167 0.1456
10.5333 0.1467
10.55 0.1477
10.5667 0.1488
10.5833 0.1497
10.6 0.1508
10.6167 0.1518
10.6333 0.1529
10.65 0.1539
10.6667 0.1549
10.6833 0.1559
10.7 0.1569
10.7167 0.1579
10.7333 0.1589
10.75 0.1599
10.7667 0.1608
10.7833 0.1618
10.8 0.1628
10.8167 0.1637
10.8333 0.1647
10.85 0.1656
10.8667 0.1666
10.8833 0.1675
10.9 0.1685
10.9167 0.1694
10.9333 0.1703
10.95 0.1712
10.9667 0.1721
10.9833 0.173
11.0 0.1739
11.0167 0.1748
11.0333 0.1757
11.05 0.1766
11.0667 0.1774
11.0833 0.1783
11.1 0.1791
11.1167 0.18
11.1333 0.1808
11.15 0.1816
11.1667 0.1825
11.1833 0.1833
11.2 0.1841
11.2167 0.1849
11.2333 0.1856
11.25 0.1864
11.2667 0.1872
11.2833 0.1879
11.3 0.1887
11.3167 0.1894
11.3333 0.1902
11.35 0.1909
11.3667 0.1916
11.3833 0.1923
11.4 0.193
11.4167 0.1935
11.4333 0.1944
11.45 0.195
11.4667 0.1957
11.4833 0.1963
11.5 0.197
11.5167 0.1976
11.5333 0.1982
11.55 0.1988
11.5667 0.1994
11.5833 0.2
11.6 0.2005
11.6167 0.2012
11.6333 0.2017
11.65 0.2022
11.6667 0.2028
11.6833 0.2033
11.7 0.2038
11.7167 0.2043
11.7333 0.2048
11.75 0.2053
11.7667 0.2058
11.7833 0.2062
11.8 0.2067
11.8167 0.2071
11.8333 0.2075
11.85 0.208
11.8667 0.2084
11.8833 0.2088
11.9 0.2091
11.9167 0.2095
11.9333 0.2099
11.95 0.2102
11.9667 0.2105
11.9833 0.2109
12.0 0.2112
12.0167 0.2115
12.0333 0.2117
12.05 0.212
12.0667 0.2123
12.0833 0.2125
12.1 0.2128
12.1167 0.213
12.1333 0.2132
12.15 0.2134
12.1667 0.2136
12.1833 0.2138
12.2 0.214
12.2167 0.2141
12.2333 0.2143
12.25 0.2144
12.2667 0.2145
12.2833 0.2146
12.3 0.2147
12.3167 0.2148
12.3333 0.2149
12.35 0.2149
12.3667 0.215
12.3833 0.215
12.4 0.2151
12.4167 0.2151
12.4333 0.2151
12.45 0.215
12.4667 0.215
12.4833 0.215
12.5 0.2149
12.5167 0.2149
12.5333 0.2148
12.55 0.2147
12.5667 0.2146
12.5833 0.2145
12.6 0.2144
12.6167 0.2142
12.6333 0.2141
12.65 0.2139
12.6667 0.2138
12.6833 0.2136
12.7 0.2134
12.7167 0.2132
12.7333 0.2129
12.75 0.2127
12.7667 0.2125
12.7833 0.2122
12.8 0.2119
12.8167 0.2117
12.8333 0.2114
12.85 0.2111
12.8667 0.2108
12.8833 0.2104
12.9 0.2101
12.9167 0.2097
12.9333 0.2094
12.95 0.209
12.9667 0.2086
12.9833 0.2082
13.0 0.2078
13.0167 0.2074
13.0333 0.207
13.05 0.2065
13.0667 0.2061
13.0833 0.2056
13.1 0.2051
13.1167 0.2047
13.1333 0.2042
13.15 0.2037
13.1667 0.2031
13.1833 0.2026
13.2 0.2021
13.2167 0.2015
13.2333 0.201
13.25 0.2004
13.2667 0.1998
13.2833 0.1992
13.3 0.1986
13.3167 0.198
13.3333 0.1974
13.35 0.1968
13.3667 0.1961
13.3833 0.1955
13.4 0.1948
13.4167 0.1941
13.4333 0.1935
13.45 0.1928
13.4667 0.1921
13.4833 0.1914
13.5 0.1906
13.5167 0.1899
13.5333 0.1892
13.55 0.1884
13.5667 0.1877
13.5833 0.1869
13.6 0.1862
13.6167 0.1854
13.6333 0.1846
13.65 0.1838
13.6667 0.183
13.6833 0.1822
13.7 0.1813
13.7167 0.1805
13.7333 0.1796
13.75 0.1788
13.7667 0.178
13.7833 0.1771
13.8 0.1763
13.8167 0.1754
13.8333 0.1745
13.85 0.1736
13.8667 0.1727
13.8833 0.1718
13.9 0.1709
13.9167 0.17
13.9333 0.1691
13.95 0.1682
13.9667 0.1672
13.9833 0.1663
14.0 0.1653
14.0167 0.1643
14.0333 0.1634
14.05 0.1625
14.0667 0.1615
14.0833 0.1605
14.1 0.1595
14.1167 0.1585
14.1333 0.1575
14.15 0.1565
14.1667 0.1555
14.1833 0.1545
14.2 0.1535
14.2167 0.1525
14.2333 0.1515
14.25 0.1505
14.2667 0.1494
14.2833 0.1484
14.3 0.1473
14.3167 0.1463
14.3333 0.1453
14.35 0.1442
14.3667 0.1431
14.3833 0.1421
14.4 0.1411
14.4167 0.14
14.4333 0.139
14.45 0.1379
14.4667 0.1368
14.4833 0.1358
14.5 0.1347
14.5167 0.1336
14.5333 0.1325
14.55 0.1314
14.5667 0.1304
14.5833 0.1293
14.6 0.1282
14.6167 0.1271
14.6333 0.126
14.65 0.1249
14.6667 0.1238
14.6833 0.1228
14.7 0.1217
14.7167 0.1206
14.7333 0.1195
14.75 0.1184
14.7667 0.1173
14.7833 0.1162
14.8 0.1151
14.8167 0.114
14.8333 0.1129
14.85 0.1119
14.8667 0.1108
14.8833 0.1097
14.9 0.1086
14.9167 0.1075
14.9333 0.1064
14.95 0.1053
14.9667 0.1042
14.9833 0.1032
15.0 0.1021
15.0167 0.101
15.0333 0.09991
15.05 0.09884
15.0667 0.09776
15.0833 0.09669
15.1 0.09562
15.1167 0.09455
15.1333 0.09348
15.15 0.09242
15.1667 0.09136
15.1833 0.0903
15.2 0.08925
15.2167 0.0882
15.2333 0.08715
15.25 0.08611
15.2667 0.08506
15.2833 0.08403
15.3 0.08299
15.3167 0.08196
15.3333 0.08094
15.35 0.07991
15.3667 0.0789
15.3833 0.07788
15.4 0.07687
15.4167 0.07587
15.4333 0.07486
15.45 0.07387
15.4667 0.07288
15.4833 0.07189
15.5 0.07091
15.5167 0.06993
15.5333 0.06896
15.55 0.06799
15.5667 0.06703
15.5833 0.06608
15.6 0.06513
15.6167 0.06418
15.6333 0.06324
15.65 0.06231
15.6667 0.06138
15.6833 0.06046
15.7 0.05954
15.7167 0.05863
15.7333 0.05773
15.75 0.05683
15.7667 0.05594
15.7833 0.05506
15.8 0.05418
15.8167 0.0533
15.8333 0.05244
15.85 0.05158
15.8667 0.05073
15.8833 0.04988
15.9 0.04905
15.9167 0.04821
15.9333 0.04739
15.95 0.04657
15.9667 0.04576
15.9833 0.04496
16.0 0.04416
16.0167 0.04338
16.0333 0.04259
16.05 0.04182
16.0667 0.04105
16.0833 0.0403
16.1 0.03954
16.1167 0.0388
16.1333 0.03806
16.15 0.03733
16.1667 0.03661
16.1833 0.0359
16.2 0.03519
16.2167 0.0345
16.2333 0.03381
16.25 0.03312
16.2667 0.03245
16.2833 0.03178
16.3 0.03112
16.3167 0.03047
16.3333 0.02983
16.35 0.02919
16.3667 0.02856
16.3833 0.02794
16.4 0.02733
16.4167 0.02673
16.4333 0.02613
16.45 0.02555
16.4667 0.02497
16.4833 0.02439
16.5 0.02383
16.5167 0.02327
16.5333 0.02273
16.55 0.02219
16.5667 0.02165
16.5833 0.02113
16.6 0.02061
16.6167 0.0201
16.6333 0.0196
16.65 0.01911
16.6667 0.01862
16.6833 0.01815
16.7 0.01768
16.7167 0.01722
16.7333 0.01676
16.75 0.01631
16.7667 0.01587
16.7833 0.01544
16.8 0.01502
16.8167 0.0146
16.8333 0.01419
16.85 0.01379
16.8667 0.0134
16.8833 0.01301
16.9 0.01263
16.9167 0.01226
16.9333 0.01189
16.95 0.01153
16.9667 0.01118
16.9833 0.01084
17.0 0.0105
17.0167 0.01017
17.0333 0.009847
17.05 0.00953
17.0667 0.00922
17.0833 0.008916
17.1 0.008619
17.1167 0.008328
17.1333 0.008044
17.15 0.007766
17.1667 0.007494
17.1833 0.007229
17.2 0.00697
17.2167 0.006716
17.2333 0.006469
17.25 0.006228
17.2667 0.005992
17.2833 0.005762
17.3 0.005538
17.3167 0.00532
17.3333 0.005106
17.35 0.004899
17.3667 0.004696
17.3833 0.004499
17.4 0.004308
17.4167 0.004121
17.4333 0.003939
17.45 0.003762
17.4667 0.00359
17.4833 0.003423
17.5 0.003261
17.5167 0.003103
17.5333 0.00295
17.55 0.002801
17.5667 0.002657
17.5833 0.002517
17.6 0.002381
17.6167 0.002249
17.6333 0.002122
17.65 0.001999
17.6667 0.001879
17.6833 0.001764
17.7 0.001653
17.7167 0.001546
17.7333 0.001442
17.75 0.001343
17.7667 0.001247
17.7833 0.001155
17.8 0.001067
17.8167 0.0009829
17.8333 0.0009027
17.85 0.0008267
17.8667 0.0007551
17.8833 0.0006883
17.9 0.0006118
17.9167 0.0005453
17.9333 0.000489
17.95 0.0004415
17.9667 0.000388
17.9833 0.0003441
18.0 0.0002992
18.0167 0.0002662
18.0333 0.0002281
18.05 0.0001951
18.0667 0.0001663
18.0833 0.0001411
18.1 0.0001193
18.1167 9.773e-05
18.1333 8.097e-05
18.15 6.625e-05
18.1667 5.371e-05
18.1833 4.282e-05
18.2 3.409e-05
18.2167 2.705e-05
18.2333 2.096e-05
18.25 1.597e-05
18.2667 1.19e-05
18.2833 8.815e-06
18.3 6.446e-06
18.3167 4.474e-06
18.3333 3.058e-06
18.35 1.939e-06
18.3667 1.187e-06
18.3833 7.05e-07
18.4 4.084e-07
18.4167 2.268e-07
18.4333 1.162e-07
18.45 5.115e-08
18.4667 1.719e-08
18.4833 2.636e-09
18.5 2.092e-10
18.5167 4.928e-12
18.5333 2.935e-14
18.55 2.04e-17
18.5667 0.0
18.5833 0.0
18.6 0.0
18.6167 0.0
18.6333 0.0
18.65 0.0
18.6667 0.0
18.6833 0.0
18.7 0.0
18.7167 0.0
18.7333 0.0
18.75 0.0
18.7667 0.0
18.7833 0.0
18.8 0.0
18.8167 0.0
18.8333 0.0
18.85 0.0
18.8667 0.0
18.8833 0.0
18.9 0.0
18.9167 0.0
18.9333 0.0
18.95 0.0
18.9667 0.0
18.9833 0.0
19.0 0.0
19.0167 0.0
19.0333 0.0
19.05 0.0
19.0667 0.0
19.0833 0.0
19.1 0.0
19.1167 0.0
19.1333 0.0
19.15 0.0
19.1667 0.0
19.1833 0.0
19.2 0.0
19.2167 0.0
19.2333 0.0
19.25 0.0
19.2667 0.0
19.2833 0.0
19.3 0.0
19.3167 0.0
19.3333 0.0
19.35 0.0
19.3667 0.0
19.3833 0.0
19.4 0.0
19.4167 0.0
19.4333 0.0
19.45 0.0
19.4667 0.0
19.4833 0.0
19.5 0.0
19.5167 0.0
19.5333 0.0
19.55 0.0
19.5667 0.0
19.5833 0.0
19.6 0.0
19.6167 0.0
19.6333 0.0
19.65 0.0
19.6667 0.0
19.6833 0.0
19.7 0.0
19.7167 0.0
19.7333 0.0
19.75 0.0
19.7667 0.0
19.7833 0.0
19.8 0.0
19.8167 0.0
19.8333 0.0
19.85 0.0
19.8667 0.0
19.8833 0.0
19.9 0.0
19.9167 0.0
19.9333 0.0
19.95 0.0
19.9667 0.0
19.9833 0.0
20.0 0.0
20.0167 0.0
20.0333 0.0
20.05 0.0
20.0667 0.0
20.0833 0.0
20.1 0.0
20.1167 0.0
20.1333 0.0
20.15 0.0
20.1667 0.0
20.1833 0.0
20.2 0.0
20.2167 0.0
20.2333 0.0
20.25 0.0
20.2667 0.0
20.2833 0.0
20.3 0.0
20.3167 0.0
20.3333 0.0
20.35 0.0
20.3667 0.0
20.3833 0.0
20.4 0.0
20.4167 0.0
20.4333 0.0
20.45 0.0
20.4667 0.0
20.4833 0.0
20.5 0.0
20.5167 0.0
20.5333 0.0
20.55 0.0
20.5667 0.0
20.5833 0.0
20.6 0.0
20.6167 0.0
20.6333 0.0
20.65 0.0
20.6667 0.0
20.6833 0.0
20.7 0.0
20.7167 0.0
20.7333 0.0
20.75 0.0
20.7667 0.0
20.7833 0.0
20.8 0.0
20.8167 0.0
20.8333 0.0
20.85 0.0
20.8667 0.0
20.8833 0.0
20.9 0.0
20.9167 0.0
20.9333 0.0
20.95 0.0
20.9667 0.0
20.9833 0.0
21.0 0.0
21.0167 0.0
21.0333 0.0
21.05 0.0
21.0667 0.0
21.0833 0.0
21.1 0.0
21.1167 0.0
21.1333 0.0
21.15 0.0
21.1667 0.0
21.1833 0.0
21.2 0.0
21.2167 0.0
21.2333 0.0
21.25 0.0
21.2667 0.0
21.2833 0.0
21.3 0.0
21.3167 0.0
21.3333 0.0
21.35 0.0
21.3667 0.0
21.3833 0.0
21.4 0.0
21.4167 0.0
21.4333 0.0
21.45 0.0
21.4667 0.0
21.4833 0.0
21.5 0.0
21.5167 0.0
21.5333 0.0
21.55 0.0
21.5667 0.0
21.5833 0.0
21.6 0.0
21.6167 0.0
21.6333 0.0
21.65 0.0
21.6667 0.0
21.6833 0.0
21.7 0.0
21.7167 0.0
21.7333 0.0
21.75 0.0
21.7667 0.0
21.7833 0.0
21.8 0.0
21.8167 0.0
21.8333 0.0
21.85 0.0
21.8667 0.0
21.8833 0.0
21.9 0.0
21.9167 0.0
21.9333 0.0
21.95 0.0
21.9667 0.0
21.9833 0.0
22.0 0.0
22.0167 0.0
22.0333 0.0
22.05 0.0
22.0667 0.0
22.0833 0.0
22.1 0.0
22.1167 0.0
22.1333 0.0
22.15 0.0
22.1667 0.0
22.1833 0.0
22.2 0.0
22.2167 0.0
22.2333 0.0
22.25 0.0
22.2667 0.0
22.2833 0.0
22.3 0.0
22.3167 0.0
22.3333 0.0
22.35 0.0
22.3667 0.0
22.3833 0.0
22.4 0.0
22.4167 0.0
22.4333 0.0
22.45 0.0
22.4667 0.0
22.4833 0.0
22.5 0.0
22.5167 0.0
22.5333 0.0
22.55 0.0
22.5667 0.0
22.5833 0.0
22.6 0.0
22.6167 0.0
22.6333 0.0
22.65 0.0
22.6667 0.0
22.6833 0.0
22.7 0.0
22.7167 0.0
22.7333 0.0
22.75 0.0
22.7667 0.0
22.7833 0.0
22.8 0.0
22.8167 0.0
22.8333 0.0
22.85 0.0
22.8667 0.0
22.8833 0.0
22.9 0.0
22.9167 0.0
22.9333 0.0
22.95 0.0
22.9667 0.0
22.9833 0.0
23.0 0.0
23.0167 0.0
23.0333 0.0
23.05 0.0
23.0667 0.0
23.0833 0.0
23.1 0.0
23.1167 0.0
23.1333 0.0
23.15 0.0
23.1667 0.0
23.1833 0.0
23.2 0.0
23.2167 0.0
23.2333 0.0
23.25 0.0
23.2667 0.0
23.2833 0.0
23.3 0.0
23.3167 0.0
23.3333 0.0
23.35 0.0
23.3667 0.0
23.3833 0.0
23.4 0.0
23.4167 0.0
23.4333 0.0
23.45 0.0
23.4667 0.0
23.4833 0.0
23.5 0.0
23.5167 0.0
23.5333 0.0
23.55 0.0
23.5667 0.0
23.5833 0.0
23.6 0.0
23.6167 0.0
23.6333 0.0
23.65 0.0
23.6667 0.0
23.6833 0.0
23.7 0.0
23.7167 0.0
23.7333 0.0
23.75 0.0
23.7667 0.0
23.7833 0.0
23.8 0.0
23.8167 0.0
23.8333 0.0
23.85 0.0
23.8667 0.0
23.8833 0.0
23.9 0.0
23.9167 0.0
23.9333 0.0
23.95 0.0
23.9667 0.0
23.9833 0.0
