0.0 0.0
0.0167 0.0
0.0333 0.0
0.05 0.0
0.0667 0.0
0.0833 0.0
0.1 0.0
0.1167 0.0
0.1333 0.0
0.15 0.0
0.1667 0.0
0.1833 0.0
0.2 0.0
0.2167 0.0
0.2333 0.0
0.25 0.0
0.2667 0.0
0.2833 0.0
0.3 0.0
0.3167 0.0
0.3333 0.0
0.35 0.0
0.3667 0.0
0.3833 0.0
0.4 0.0
0.4167 0.0
0.4333 0.0
0.45 0.0
0.4667 0.0
0.4833 0.0
0.5 0.0
0.5167 0.0
0.5333 0.0
0.55 0.0
0.5667 0.0
0.5833 0.0
0.6 0.0
0.6167 0.0
0.6333 0.0
0.65 0.0
0.6667 0.0
0.6833 0.0
0.7 0.0
0.7167 0.0
0.7333 0.0
0.75 0.0
0.7667 0.0
0.7833 0.0
0.8 0.0
0.8167 0.0
0.8333 0.0
0.85 0.0
0.8667 0.0
0.8833 0.0
0.9 0.0
0.9167 0.0
0.9333 0.0
0.95 0.0
0.9667 0.0
0.9833 0.0
1.0 0.0
1.0167 0.0
1.0333 0.0
1.05 0.0
1.0667 0.0
1.0833 0.0
1.1 0.0
1.1167 0.0
1.1333 0.0
1.15 0.0
1.1667 0.0
1.1833 0.0
1.2 0.0
1.2167 0.0
1.2333 0.0
1.25 0.0
1.2667 0.0
1.2833 0.0
1.3 0.0
1.3167 0.0
1.3333 0.0
1.35 0.0
1.3667 0.0
1.3833 0.0
1.4 0.0
1.4167 0.0
1.4333 0.0
1.45 0.0
1.4667 0.0
1.4833 0.0
1.5 0.0
1.5167 0.0
1.5333 0.0
1.55 0.0
1.5667 0.0
1.5833 0.0
1.6 0.0
1.6167 0.0
1.6333 0.0
1.65 0.0
1.6667 0.0
1.6833 0.0
1.7 0.0
1.7167 0.0
1.7333 0.0
1.75 0.0
1.7667 0.0
1.7833 0.0
1.8 0.0
1.8167 0.0
1.8333 0.0
1.85 0.0
1.8667 0.0
1.8833 0.0
1.9 0.0
1.9167 0.0
1.9333 0.0
1.95 0.0
1.9667 0.0
1.9833 0.0
2.0 0.0
2.0167 0.0
2.0333 0.0
2.05 0.0
2.0667 0.0
2.0833 0.0
2.1 0.0
2.1167 0.0
2.1333 0.0
2.15 0.0
2.1667 0.0
2.1833 0.0
2.2 0.0
2.2167 0.0
2.2333 0.0
2.25 0.0
2.2667 0.0
2.2833 0.0
2.3 0.0
2.3167 0.0
2.3333 0.0
2.35 0.0
2.3667 0.0
2.3833 0.0
2.4 0.0
2.4167 0.0
2.4333 0.0
2.45 0.0
2.4667 0.0
2.4833 0.0
2.5 0.0
2.5167 0.0
2.5333 0.0
2.55 0.0
2.5667 0.0
2.5833 0.0
2.6 0.0
2.6167 0.0
2.6333 0.0
2.65 0.0
2.6667 0.0
2.6833 0.0
2.7 0.0
2.7167 0.0
2.7333 0.0
2.75 0.0
2.7667 0.0
2.7833 0.0
2.8 0.0
2.8167 0.0
2.8333 0.0
2.85 0.0
2.8667 0.0
2.8833 0.0
2.9 0.0
2.9167 0.0
2.9333 0.0
2.95 0.0
2.9667 0.0
2.9833 0.0
3.0 0.0
3.0167 0.0
3.0333 0.0
3.05 0.0
3.0667 0.0
3.0833 0.0
3.1 0.0
3.1167 0.0
3.1333 0.0
3.15 0.0
3.1667 0.0
3.1833 0.0
3.2 0.0
3.2167 0.0
3.2333 0.0
3.25 0.0
3.2667 0.0
3.2833 0.0
3.3 0.0
3.3167 0.0
3.3333 0.0
3.35 0.0
3.3667 0.0
3.3833 0.0
3.4 0.0
3.4167 0.0
3.4333 0.0
3.45 0.0
3.4667 0.0
3.4833 0.0
3.5 0.0
3.5167 0.0
3.5333 0.0
3.55 0.0
3.5667 0.0
3.5833 0.0
3.6 0.0
3.6167 0.0
3.6333 0.0
3.65 0.0
3.6667 0.0
3.6833 0.0
3.7 0.0
3.7167 0.0
3.7333 0.0
3.75 0.0
3.7667 0.0
3.7833 0.0
3.8 0.0
3.8167 0.0
3.8333 0.0
3.85 0.0
3.8667 0.0
3.8833 0.0
3.9 0.0
3.9167 0.0
3.9333 0.0
3.95 0.0
3.9667 0.0
3.9833 0.0
4.0 0.0
4.0167 0.0
4.0333 0.0
4.05 0.0
4.0667 0.0
4.0833 0.0
4.1 0.0
4.1167 0.0
4.1333 0.0
4.15 0.0
4.1667 0.0
4.1833 0.0
4.2 0.0
4.2167 0.0
4.2333 0.0
4.25 0.0
4.2667 0.0
4.2833 0.0
4.3 0.0
4.3167 0.0
4.3333 0.0
4.35 0.0
4.3667 0.0
4.3833 0.0
4.4 0.0
4.4167 0.0
4.4333 0.0
4.45 0.0
4.4667 0.0
4.4833 0.0
4.5 0.0
4.5167 0.0
4.5333 0.0
4.55 0.0
4.5667 0.0
4.5833 0.0
4.6 0.0
4.6167 0.0
4.6333 0.0
4.65 0.0
4.6667 0.0
4.6833 0.0
4.7 0.0
4.7167 0.0
4.7333 0.0
4.75 0.0
4.7667 0.0
4.7833 0.0
4.8 0.0
4.8167 0.0
4.8333 0.0
4.85 0.0
4.8667 0.0
4.8833 0.0
4.9 0.0
4.9167 0.0
4.9333 0.0
4.95 0.0
4.9667 0.0
4.9833 0.0
5.0 0.0
5.0167 0.0
5.0333 0.0
5.05 0.0
5.0667 0.0
5.0833 0.0
5.1 0.0
5.1167 0.0
5.1333 0.0
5.15 0.0
5.1667 0.0
5.1833 0.0
5.2 0.0
5.2167 0.0
5.2333 0.0
5.25 0.0
5.2667 0.0
5.2833 0.0
5.3 0.0
5.3167 0.0
5.3333 0.0
5.35 0.0
5.3667 1.128e-17
5.3833 1.493e-14
5.4 1.921e-12
5.4167 8.779e-11
5.4333 1.169e-09
5.45 8.54e-09
5.4667 3.081e-08
5.4833 7.405e-08
5.5 1.461e-07
5.5167 2.603e-07
5.5333 4.348e-07
5.55 7.085e-07
5.5667 1.146e-06
5.5833 1.8e-06
5.6 2.669e-06
5.6167 3.878e-06
5.6333 5.389e-06
5.65 7.271e-06
5.6667 9.671e-06
5.6833 1.269e-05
5.7 1.642e-05
5.7167 2.1e-05
5.7333 2.662e-05
5.75 3.359e-05
5.7667 4.146e-05
5.7833 5.102e-05
5.8 6.223e-05
5.8167 7.564e-05
5.8333 9.012e-05
5.85 0.0001072
5.8667 0.0001267
5.8833 0.0001489
5.9 0.0001731
5.9167 0.0002004
5.9333 0.0002321
5.95 0.0002679
5.9667 0.0002994
5.9833 0.0003467
6.0 0.0003819
6.0167 0.0004235
6.0333 0.0004725
6.05 0.0005304
6.0667 0.0005919
6.0833 0.0006486
6.1 0.0007091
6.1167 0.0007733
6.1333 0.0008408
6.15 0.0009116
6.1667 0.0009857
6.1833 0.001063
6.2 0.001144
6.2167 0.001228
6.2333 0.001315
6.25 0.001405
6.2667 0.001499
6.2833 0.001596
6.3 0.001696
6.3167 0.0018
6.3333 0.001908
6.35 0.002019
6.3667 0.002133
6.3833 0.002251
6.4 0.002373
6.4167 0.002499
6.4333 0.002629
6.45 0.002762
6.4667 0.0029
6.4833 0.003042
6.5 0.003187
6.5167 0.003337
6.5333 0.003492
6.55 0.003651
6.5667 0.003814
6.5833 0.003982
6.6 0.004155
6.6167 0.004332
6.6333 0.004514
6.65 0.004702
6.6667 0.004894
6.6833 0.005091
6.7 0.005294
6.7167 0.005501
6.7333 0.005715
6.75 0.005933
6.7667 0.006157
6.7833 0.006387
6.8 0.006622
6.8167 0.006864
6.8333 0.007111
6.85 0.007364
6.8667 0.007623
6.8833 0.007888
6.9 0.00816
6.9167 0.008438
6.9333 0.008722
6.95 0.009012
6.9667 0.00931
6.9833 0.009614
7.0 0.009924
7.0167 0.01024
7.0333 0.01057
7.05 0.0109
7.0667 0.01123
7.0833 0.01158
7.1 0.01193
7.1167 0.01229
7.1333 0.01266
7.15 0.01303
7.1667 0.01342
7.1833 0.01381
7.2 0.0142
7.2167 0.01461
7.2333 0.01502
7.25 0.01544
7.2667 0.01587
7.2833 0.0163
7.3 0.01675
7.3167 0.0172
7.3333 0.01766
7.35 0.01813
7.3667 0.01861
7.3833 0.01909
7.4 0.01959
7.4167 0.02009
7.4333 0.0206
7.45 0.02112
7.4667 0.02164
7.4833 0.02218
7.5 0.02273
7.5167 0.02328
7.5333 0.02384
7.55 0.02441
7.5667 0.02499
7.5833 0.02558
7.6 0.02618
7.6167 0.02679
7.6333 0.0274
7.65 0.02803
7.6667 0.02866
7.6833 0.02931
7.7 0.02996
7.7167 0.03062
7.7333 0.03129
7.75 0.03197
7.7667 0.03266
7.7833 0.03336
7.8 0.03407
7.8167 0.03478
7.8333 0.03551
7.85 0.03625
7.8667 0.03699
7.8833 0.03775
7.9 0.03851
7.9167 0.03928
7.9333 0.04006
7.95 0.04086
7.9667 0.04166
7.9833 0.04247
8.0 0.04329
8.0167 0.04412
8.0333 0.04496
8.05 0.04581
8.0667 0.04666
8.0833 0.04753
8.1 0.04841
8.1167 0.04929
8.1333 0.05019
8.15 0.05109
8.1667 0.05201
8.1833 0.05293
8.2 0.05386
8.2167 0.0548
8.2333 0.05575
8.25 0.05671
8.2667 0.05768
8.2833 0.05866
8.3 0.05965
8.3167 0.06064
8.3333 0.06165
8.35 0.06266
8.3667 0.06369
8.3833 0.06472
8.4 0.06576
8.4167 0.06681
8.4333 0.06787
8.45 0.06894
8.4667 0.07001
8.4833 0.0711
8.5 0.07219
8.5167 0.0733
8.5333 0.07441
8.55 0.07553
8.5667 0.07665
8.5833 0.07779
8.6 0.07893
8.6167 0.08009
8.6333 0.08125
8.65 0.08242
8.6667 0.0836
8.6833 0.08478
8.7 0.08597
8.7167 0.08717
8.7333 0.08838
8.75 0.0896
8.7667 0.09082
8.7833 0.09205
8.8 0.09329
8.8167 0.09454
8.8333 0.09578
8.85 0.09706
8.8667 0.09831
8.8833 0.09959
8.9 0.1009
8.9167 0.1022
8.9333 0.1035
8.95 0.1048
8.9667 0.1061
8.9833 0.1074
9.0 0.1087
9.0167 0.1101
9.0333 0.1113
9.05 0.1127
9.0667 0.1141
9.0833 0.1154
9.1 0.1168
9.1167 0.1182
9.1333 0.1195
9.15 0.1209
9.1667 0.1223
9.1833 0.1237
9.2 0.1251
9.2167 0.1265
9.2333 0.1279
9.25 0.1293
9.2667 0.1307
9.2833 0.1321
9.3 0.1336
9.3167 0.135
9.3333 0.1364
9.35 0.1378
9.3667 0.1393
9.3833 0.1407
9.4 0.1422
9.4167 0.1436
9.4333 0.1451
9.45 0.1466
9.4667 0.148
9.4833 0.1495
9.5 0.151
9.5167 0.1524
9.5333 0.1539
9.55 0.1554
9.5667 0.1569
9.5833 0.1584
9.6 0.1597
9.6167 0.1614
9.6333 0.1628
9.65 0.1643
9.6667 0.1658
9.6833 0.1673
9.7 0.1688
9.7167 0.1704
9.7333 0.1719
9.75 0.1734
9.7667 0.1748
9.7833 0.1764
9.8 0.1779
9.8167 0.1794
9.8333 0.1809
9.85 0.1824
9.8667 0.1839
9.8833 0.1855
9.9 0.187
9.9167 0.1885
9.9333 0.19
9.95 0.1915
9.9667 0.193
9.9833 0.1946
10.0 0.1961
10.0167 0.1976
10.0333 0.1991
10.05 0.2006
10.0667 0.2021
10.0833 0.2036
10.1 0.205
10.1167 0.2066
10.1333 0.2081
10.15 0.2097
10.1667 0.2112
10.1833 0.2126
10.2 0.2142
10.2167 0.2156
10.2333 0.2171
10.25 0.2186
10.2667 0.2201
10.2833 0.2216
10.3 0.2231
10.3167 0.2246
10.3333 0.226
10.35 0.2275
10.3667 0.229
10.3833 0.2305
10.4 0.2319
10.4167 0.2334
10.4333 0.2348
10.45 0.2363
10.4667 0.2377
10.4833 0.2392
10.5 0.2406
10.5167 0.242
10.5333 0.2435
10.55 0.2449
10.5667 0.2462
10.5833 0.2477
10.6 0.2491
10.6167 0.2504
10.6333 0.2519
10.65 0.2533
10.6667 0.2547
10.6833 0.2561
10.7 0.2573
10.7167 0.2588
10.7333 0.2602
10.75 0.2615
10.7667 0.2629
10.7833 0.2642
10.8 0.2656
10.8167 0.2667
10.8333 0.2682
10.85 0.2695
10.8667 0.2708
10.8833 0.2721
10.9 0.2734
10.9167 0.2747
10.9333 0.2759
10.95 0.2772
10.9667 0.2785
10.9833 0.2797
11.0 0.281
11.0167 0.2822
11.0333 0.2835
11.05 0.2847
11.0667 0.2859
11.0833 0.2871
11.1 0.2883
11.1167 0.2894
11.1333 0.2906
11.15 0.2918
11.1667 0.2929
11.1833 0.2941
11.2 0.2952
11.2167 0.2964
11.2333 0.2975
11.25 0.2985
11.2667 0.2997
11.2833 0.3008
11.3 0.3018
11.3167 0.3028
11.3333 0.3039
11.35 0.305
11.3667 0.306
11.3833 0.307
11.4 0.3081
11.4167 0.309
11.4333 0.31
11.45 0.311
11.4667 0.312
11.4833 0.3127
11.5 0.3139
11.5167 0.3148
11.5333 0.3157
11.55 0.3166
11.5667 0.3175
11.5833 0.3184
11.6 0.3193
11.6167 0.3202
11.6333 0.321
11.65 0.3217
11.6667 0.3227
11.6833 0.3235
11.7 0.3243
11.7167 0.3251
11.7333 0.3258
11.75 0.3266
11.7667 0.3274
11.7833 0.3281
11.8 0.3288
11.8167 0.3295
11.8333 0.3302
11.85 0.3309
11.8667 0.3316
11.8833 0.3322
11.9 0.3329
11.9167 0.3335
11.9333 0.3341
11.95 0.3347
11.9667 0.3353
11.9833 0.3359
12.0 0.3365
12.0167 0.337
12.0333 0.3376
12.05 0.3381
12.0667 0.3386
12.0833 0.3391
12.1 0.3394
12.1167 0.34
12.1333 0.3404
12.15 0.3405
12.1667 0.3414
12.1833 0.3418
12.2 0.3422
12.2167 0.3426
12.2333 0.3429
12.25 0.3433
12.2667 0.3436
12.2833 0.3439
12.3 0.3443
12.3167 0.3446
12.3333 0.3448
12.35 0.3451
12.3667 0.3454
12.3833 0.3456
12.4 0.3458
12.4167 0.346
12.4333 0.3462
12.45 0.3464
12.4667 0.3466
12.4833 0.3467
12.5 0.3469
12.5167 0.347
12.5333 0.3471
12.55 0.3472
12.5667 0.3473
12.5833 0.3473
12.6 0.3474
12.6167 0.3474
12.6333 0.3474
12.65 0.3474
12.6667 0.3474
12.6833 0.3474
12.7 0.3474
12.7167 0.3473
12.7333 0.3472
12.75 0.3472
12.7667 0.3471
12.7833 0.347
12.8 0.3468
12.8167 0.3467
12.8333 0.3465
12.85 0.3464
12.8667 0.3462
12.8833 0.346
12.9 0.3457
12.9167 0.3455
12.9333 0.3453
12.95 0.345
12.9667 0.3447
12.9833 0.3445
13.0 0.3442
13.0167 0.3438
13.0333 0.3435
13.05 0.3432
13.0667 0.3428
13.0833 0.3424
13.1 0.342
13.1167 0.3416
13.1333 0.3411
13.15 0.3405
13.1667 0.3402
13.1833 0.3398
13.2 0.3393
13.2167 0.3389
13.2333 0.3384
13.25 0.3379
13.2667 0.3374
13.2833 0.3368
13.3 0.3363
13.3167 0.3357
13.3333 0.3351
13.35 0.3345
13.3667 0.3339
13.3833 0.3333
13.4 0.3327
13.4167 0.332
13.4333 0.3314
13.45 0.3307
13.4667 0.3299
13.4833 0.3293
13.5 0.3286
13.5167 0.3279
13.5333 0.3271
13.55 0.3264
13.5667 0.3256
13.5833 0.3248
13.6 0.324
13.6167 0.3232
13.6333 0.3223
13.65 0.3216
13.6667 0.3207
13.6833 0.3199
13.7 0.319
13.7167 0.3181
13.7333 0.3172
13.75 0.3163
13.7667 0.3154
13.7833 0.3145
13.8 0.3136
13.8167 0.3126
13.8333 0.3117
13.85 0.3107
13.8667 0.3096
13.8833 0.3087
13.9 0.3076
13.9167 0.3067
13.9333 0.3057
13.95 0.3046
13.9667 0.3033
13.9833 0.3024
14.0 0.3015
14.0167 0.3004
14.0333 0.2993
14.05 0.2981
14.0667 0.2971
14.0833 0.2956
14.1 0.2948
14.1167 0.2937
14.1333 0.2925
14.15 0.2914
14.1667 0.2902
14.1833 0.2891
14.2 0.2878
14.2167 0.2867
14.2333 0.2855
14.25 0.2842
14.2667 0.283
14.2833 0.2818
14.3 0.2806
14.3167 0.2792
14.3333 0.2781
14.35 0.2768
14.3667 0.2756
14.3833 0.2743
14.4 0.273
14.4167 0.2717
14.4333 0.2704
14.45 0.2691
14.4667 0.2678
14.4833 0.2664
14.5 0.2651
14.5167 0.2638
14.5333 0.2624
14.55 0.2611
14.5667 0.2597
14.5833 0.2584
14.6 0.257
14.6167 0.2556
14.6333 0.2542
14.65 0.2529
14.6667 0.2513
14.6833 0.2501
14.7 0.2487
14.7167 0.2472
14.7333 0.2458
14.75 0.2444
14.7667 0.243
14.7833 0.2416
14.8 0.2401
14.8167 0.2387
14.8333 0.2372
14.85 0.2358
14.8667 0.2343
14.8833 0.2329
14.9 0.2313
14.9167 0.23
14.9333 0.2285
14.95 0.227
14.9667 0.2255
14.9833 0.2241
15.0 0.2226
15.0167 0.221
15.0333 0.2196
15.05 0.2181
15.0667 0.2166
15.0833 0.2151
15.1 0.2136
15.1167 0.2121
15.1333 0.2105
15.15 0.2091
15.1667 0.2076
15.1833 0.2061
15.2 0.2046
15.2167 0.2031
15.2333 0.2016
15.25 0.2001
15.2667 0.1986
15.2833 0.1971
15.3 0.1955
15.3167 0.194
15.3333 0.1925
15.35 0.191
15.3667 0.1895
15.3833 0.188
15.4 0.1865
15.4167 0.1848
15.4333 0.1834
15.45 0.1819
15.4667 0.1804
15.4833 0.1789
15.5 0.1774
15.5167 0.1759
15.5333 0.1744
15.55 0.1729
15.5667 0.1714
15.5833 0.1698
15.6 0.1683
15.6167 0.1668
15.6333 0.1653
15.65 0.1638
15.6667 0.1623
15.6833 0.1607
15.7 0.1594
15.7167 0.1579
15.7333 0.1564
15.75 0.1549
15.7667 0.1534
15.7833 0.1519
15.8 0.1505
15.8167 0.1489
15.8333 0.1475
15.85 0.1461
15.8667 0.1446
15.8833 0.1431
15.9 0.1417
15.9167 0.1402
15.9333 0.1388
15.95 0.1374
15.9667 0.1359
15.9833 0.1345
16.0 0.133
16.0167 0.1316
16.0333 0.1302
16.05 0.1288
16.0667 0.1274
16.0833 0.126
16.1 0.1246
16.1167 0.1232
16.1333 0.1218
16.15 0.1204
16.1667 0.1191
16.1833 0.1177
16.2 0.1163
16.2167 0.115
16.2333 0.1136
16.25 0.1123
16.2667 0.1109
16.2833 0.1096
16.3 0.1083
16.3167 0.107
16.3333 0.1056
16.35 0.1043
16.3667 0.103
16.3833 0.1017
16.4 0.1004
16.4167 0.09917
16.4333 0.0979
16.45 0.09662
16.4667 0.09537
16.4833 0.09412
16.5 0.09287
16.5167 0.09163
16.5333 0.0904
16.55 0.08919
16.5667 0.08797
16.5833 0.08677
16.6 0.08557
16.6167 0.08438
16.6333 0.08319
16.65 0.08202
16.6667 0.08085
16.6833 0.0797
16.7 0.07855
16.7167 0.0774
16.7333 0.07627
16.75 0.07515
16.7667 0.07403
16.7833 0.07292
16.8 0.07182
16.8167 0.07073
16.8333 0.06965
16.85 0.06857
16.8667 0.06751
16.8833 0.06645
16.9 0.06541
16.9167 0.06437
16.9333 0.06334
16.95 0.06232
16.9667 0.06131
16.9833 0.0603
17.0 0.05931
17.0167 0.05833
17.0333 0.05735
17.05 0.05639
17.0667 0.05543
17.0833 0.05448
17.1 0.05354
17.1167 0.05261
17.1333 0.05169
17.15 0.05078
17.1667 0.04988
17.1833 0.04899
17.2 0.04811
17.2167 0.04723
17.2333 0.04637
17.25 0.04552
17.2667 0.04467
17.2833 0.04383
17.3 0.04301
17.3167 0.04219
17.3333 0.04138
17.35 0.04059
17.3667 0.0398
17.3833 0.03902
17.4 0.03825
17.4167 0.03749
17.4333 0.03674
17.45 0.03599
17.4667 0.03526
17.4833 0.03454
17.5 0.03382
17.5167 0.03312
17.5333 0.03242
17.55 0.03174
17.5667 0.03106
17.5833 0.03039
17.6 0.02973
17.6167 0.02909
17.6333 0.02845
17.65 0.02781
17.6667 0.02719
17.6833 0.02658
17.7 0.02598
17.7167 0.02538
17.7333 0.02479
17.75 0.02422
17.7667 0.02365
17.7833 0.02309
17.8 0.02254
17.8167 0.022
17.8333 0.02146
17.85 0.02094
17.8667 0.02042
17.8833 0.01991
17.9 0.01942
17.9167 0.01892
17.9333 0.01844
17.95 0.01797
17.9667 0.0175
17.9833 0.01704
18.0 0.0166
18.0167 0.01615
18.0333 0.01572
18.05 0.01529
18.0667 0.01488
18.0833 0.01447
18.1 0.01406
18.1167 0.01367
18.1333 0.01328
18.15 0.0129
18.1667 0.01253
18.1833 0.01217
18.2 0.01181
18.2167 0.01146
18.2333 0.01112
18.25 0.01078
18.2667 0.01045
18.2833 0.01013
18.3 0.009816
18.3167 0.009508
18.3333 0.009207
18.35 0.008912
18.3667 0.008623
18.3833 0.008341
18.4 0.008065
18.4167 0.007796
18.4333 0.007533
18.45 0.007276
18.4667 0.007025
18.4833 0.00678
18.5 0.00654
18.5167 0.006307
18.5333 0.006079
18.55 0.005857
18.5667 0.00564
18.5833 0.005429
18.6 0.005223
18.6167 0.005022
18.6333 0.004827
18.65 0.004636
18.6667 0.004451
18.6833 0.00427
18.7 0.004095
18.7167 0.003924
18.7333 0.003757
18.75 0.003595
18.7667 0.003438
18.7833 0.003285
18.8 0.003136
18.8167 0.002992
18.8333 0.002852
18.85 0.002716
18.8667 0.002583
18.8833 0.002455
18.9 0.002331
18.9167 0.00221
18.9333 0.002093
18.95 0.00198
18.9667 0.00187
18.9833 0.001764
19.0 0.001661
19.0167 0.001562
19.0333 0.001466
19.05 0.001373
19.0667 0.001284
19.0833 0.001198
19.1 0.001115
19.1167 0.001036
19.1333 0.0009596
19.15 0.0008866
19.1667 0.0008168
19.1833 0.0007505
19.2 0.0006876
19.2167 0.0006284
19.2333 0.0005731
19.25 0.0005091
19.2667 0.0004545
19.2833 0.0004082
19.3 0.0003689
19.3167 0.0003248
19.3333 0.0002882
19.35 0.0002514
19.3667 0.0002236
19.3833 0.000192
19.4 0.0001648
19.4167 0.0001409
19.4333 0.0001199
19.45 0.0001016
19.4667 8.573e-05
19.4833 7.028e-05
19.5 5.816e-05
19.5167 4.752e-05
19.5333 3.86e-05
19.55 3.081e-05
19.5667 2.459e-05
19.5833 1.958e-05
19.6 1.521e-05
19.6167 1.171e-05
19.6333 8.858e-06
19.65 6.543e-06
19.6667 4.788e-06
19.6833 3.444e-06
19.7 2.319e-06
19.7167 1.551e-06
19.7333 9.7e-07
19.75 5.961e-07
19.7667 3.632e-07
19.7833 2.146e-07
19.8 1.171e-07
19.8167 5.587e-08
19.8333 2.061e-08
19.85 4.637e-09
19.8667 5.089e-10
19.8833 2.611e-11
19.9 3.913e-13
19.9167 1.699e-15
19.9333 2.25e-19
19.95 0.0
19.9667 0.0
19.9833 0.0
20.0 0.0
20.0167 0.0
20.0333 0.0
20.05 0.0
20.0667 0.0
20.0833 0.0
20.1 0.0
20.1167 0.0
20.1333 0.0
20.15 0.0
20.1667 0.0
20.1833 0.0
20.2 0.0
20.2167 0.0
20.2333 0.0
20.25 0.0
20.2667 0.0
20.2833 0.0
20.3 0.0
20.3167 0.0
20.3333 0.0
20.35 0.0
20.3667 0.0
20.3833 0.0
20.4 0.0
20.4167 0.0
20.4333 0.0
20.45 0.0
20.4667 0.0
20.4833 0.0
20.5 0.0
20.5167 0.0
20.5333 0.0
20.55 0.0
20.5667 0.0
20.5833 0.0
20.6 0.0
20.6167 0.0
20.6333 0.0
20.65 0.0
20.6667 0.0
20.6833 0.0
20.7 0.0
20.7167 0.0
20.7333 0.0
20.75 0.0
20.7667 0.0
20.7833 0.0
20.8 0.0
20.8167 0.0
20.8333 0.0
20.85 0.0
20.8667 0.0
20.8833 0.0
20.9 0.0
20.9167 0.0
20.9333 0.0
20.95 0.0
20.9667 0.0
20.9833 0.0
21.0 0.0
21.0167 0.0
21.0333 0.0
21.05 0.0
21.0667 0.0
21.0833 0.0
21.1 0.0
21.1167 0.0
21.1333 0.0
21.15 0.0
21.1667 0.0
21.1833 0.0
21.2 0.0
21.2167 0.0
21.2333 0.0
21.25 0.0
21.2667 0.0
21.2833 0.0
21.3 0.0
21.3167 0.0
21.3333 0.0
21.35 0.0
21.3667 0.0
21.3833 0.0
21.4 0.0
21.4167 0.0
21.4333 0.0
21.45 0.0
21.4667 0.0
21.4833 0.0
21.5 0.0
21.5167 0.0
21.5333 0.0
21.55 0.0
21.5667 0.0
21.5833 0.0
21.6 0.0
21.6167 0.0
21.6333 0.0
21.65 0.0
21.6667 0.0
21.6833 0.0
21.7 0.0
21.7167 0.0
21.7333 0.0
21.75 0.0
21.7667 0.0
21.7833 0.0
21.8 0.0
21.8167 0.0
21.8333 0.0
21.85 0.0
21.8667 0.0
21.8833 0.0
21.9 0.0
21.9167 0.0
21.9333 0.0
21.95 0.0
21.9667 0.0
21.9833 0.0
22.0 0.0
22.0167 0.0
22.0333 0.0
22.05 0.0
22.0667 0.0
22.0833 0.0
22.1 0.0
22.1167 0.0
22.1333 0.0
22.15 0.0
22.1667 0.0
22.1833 0.0
22.2 0.0
22.2167 0.0
22.2333 0.0
22.25 0.0
22.2667 0.0
22.2833 0.0
22.3 0.0
22.3167 0.0
22.3333 0.0
22.35 0.0
22.3667 0.0
22.3833 0.0
22.4 0.0
22.4167 0.0
22.4333 0.0
22.45 0.0
22.4667 0.0
22.4833 0.0
22.5 0.0
22.5167 0.0
22.5333 0.0
22.55 0.0
22.5667 0.0
22.5833 0.0
22.6 0.0
22.6167 0.0
22.6333 0.0
22.65 0.0
22.6667 0.0
22.6833 0.0
22.7 0.0
22.7167 0.0
22.7333 0.0
22.75 0.0
22.7667 0.0
22.7833 0.0
22.8 0.0
22.8167 0.0
22.8333 0.0
22.85 0.0
22.8667 0.0
22.8833 0.0
22.9 0.0
22.9167 0.0
22.9333 0.0
22.95 0.0
22.9667 0.0
22.9833 0.0
23.0 0.0
23.0167 0.0
23.0333 0.0
23.05 0.0
23.0667 0.0
23.0833 0.0
23.1 0.0
23.1167 0.0
23.1333 0.0
23.15 0.0
23.1667 0.0
23.1833 0.0
23.2 0.0
23.2167 0.0
23.2333 0.0
23.25 0.0
23.2667 0.0
23.2833 0.0
23.3 0.0
23.3167 0.0
23.3333 0.0
23.35 0.0
23.3667 0.0
23.3833 0.0
23.4 0.0
23.4167 0.0
23.4333 0.0
23.45 0.0
23.4667 0.0
23.4833 0.0
23.5 0.0
23.5167 0.0
23.5333 0.0
23.55 0.0
23.5667 0.0
23.5833 0.0
23.6 0.0
23.6167 0.0
23.6333 0.0
23.65 0.0
23.6667 0.0
23.6833 0.0
23.7 0.0
23.7167 0.0
23.7333 0.0
23.75 0.0
23.7667 0.0
23.7833 0.0
23.8 0.0
23.8167 0.0
23.8333 0.0
23.85 0.0
23.8667 0.0
23.8833 0.0
23.9 0.0
23.9167 0.0
23.9333 0.0
23.95 0.0
23.9667 0.0
23.9833 0.0
