0.0 0.0
0.0167 0.0
0.0333 0.0
0.05 0.0
0.0667 0.0
0.0833 0.0
0.1 0.0
0.1167 0.0
0.1333 0.0
0.15 0.0
0.1667 0.0
0.1833 0.0
0.2 0.0
0.2167 0.0
0.2333 0.0
0.25 0.0
0.2667 0.0
0.2833 0.0
0.3 0.0
0.3167 0.0
0.3333 0.0
0.35 0.0
0.3667 0.0
0.3833 0.0
0.4 0.0
0.4167 0.0
0.4333 0.0
0.45 0.0
0.4667 0.0
0.4833 0.0
0.5 0.0
0.5167 0.0
0.5333 0.0
0.55 0.0
0.5667 0.0
0.5833 0.0
0.6 0.0
0.6167 0.0
0.6333 0.0
0.65 0.0
0.6667 0.0
0.6833 0.0
0.7 0.0
0.7167 0.0
0.7333 0.0
0.75 0.0
0.7667 0.0
0.7833 0.0
0.8 0.0
0.8167 0.0
0.8333 0.0
0.85 0.0
0.8667 0.0
0.8833 0.0
0.9 0.0
0.9167 0.0
0.9333 0.0
0.95 0.0
0.9667 0.0
0.9833 0.0
1.0 0.0
1.0167 0.0
1.0333 0.0
1.05 0.0
1.0667 0.0
1.0833 0.0
1.1 0.0
1.1167 0.0
1.1333 0.0
1.15 0.0
1.1667 0.0
1.1833 0.0
1.2 0.0
1.2167 0.0
1.2333 0.0
1.25 0.0
1.2667 0.0
1.2833 0.0
1.3 0.0
1.3167 0.0
1.3333 0.0
1.35 0.0
1.3667 0.0
1.3833 0.0
1.4 0.0
1.4167 0.0
1.4333 0.0
1.45 0.0
1.4667 0.0
1.4833 0.0
1.5 0.0
1.5167 0.0
1.5333 0.0
1.55 0.0
1.5667 0.0
1.5833 0.0
1.6 0.0
1.6167 0.0
1.6333 0.0
1.65 0.0
1.6667 0.0
1.6833 0.0
1.7 0.0
1.7167 0.0
1.7333 0.0
1.75 0.0
1.7667 0.0
1.7833 0.0
1.8 0.0
1.8167 0.0
1.8333 0.0
1.85 0.0
1.8667 0.0
1.8833 0.0
1.9 0.0
1.9167 0.0
1.9333 0.0
1.95 0.0
1.9667 0.0
1.9833 0.0
2.0 0.0
2.0167 0.0
2.0333 0.0
2.05 0.0
2.0667 0.0
2.0833 0.0
2.1 0.0
2.1167 0.0
2.1333 0.0
2.15 0.0
2.1667 0.0
2.1833 0.0
2.2 0.0
2.2167 0.0
2.2333 0.0
2.25 0.0
2.2667 0.0
2.2833 0.0
2.3 0.0
2.3167 0.0
2.3333 0.0
2.35 0.0
2.3667 0.0
2.3833 0.0
2.4 0.0
2.4167 0.0
2.4333 0.0
2.45 0.0
2.4667 0.0
2.4833 0.0
2.5 0.0
2.5167 0.0
2.5333 0.0
2.55 0.0
2.5667 0.0
2.5833 0.0
2.6 0.0
2.6167 0.0
2.6333 0.0
2.65 0.0
2.6667 0.0
2.6833 0.0
2.7 0.0
2.7167 0.0
2.7333 0.0
2.75 0.0
2.7667 0.0
2.7833 0.0
2.8 0.0
2.8167 0.0
2.8333 0.0
2.85 0.0
2.8667 0.0
2.8833 0.0
2.9 0.0
2.9167 0.0
2.9333 0.0
2.95 0.0
2.9667 0.0
2.9833 0.0
3.0 0.0
3.0167 0.0
3.0333 0.0
3.05 0.0
3.0667 0.0
3.0833 0.0
3.1 0.0
3.1167 0.0
3.1333 0.0
3.15 0.0
3.1667 0.0
3.1833 0.0
3.2 0.0
3.2167 0.0
3.2333 0.0
3.25 0.0
3.2667 0.0
3.2833 0.0
3.3 0.0
3.3167 0.0
3.3333 0.0
3.35 0.0
3.3667 0.0
3.3833 0.0
3.4 0.0
3.4167 0.0
3.4333 0.0
3.45 0.0
3.4667 0.0
3.4833 0.0
3.5 0.0
3.5167 0.0
3.5333 0.0
3.55 0.0
3.5667 0.0
3.5833 0.0
3.6 0.0
3.6167 0.0
3.6333 0.0
3.65 0.0
3.6667 0.0
3.6833 0.0
3.7 0.0
3.7167 0.0
3.7333 0.0
3.75 0.0
3.7667 0.0
3.7833 0.0
3.8 0.0
3.8167 0.0
3.8333 0.0
3.85 0.0
3.8667 0.0
3.8833 0.0
3.9 0.0
3.9167 0.0
3.9333 0.0
3.95 0.0
3.9667 0.0
3.9833 0.0
4.0 0.0
4.0167 0.0
4.0333 0.0
4.05 0.0
4.0667 0.0
4.0833 0.0
4.1 0.0
4.1167 0.0
4.1333 0.0
4.15 0.0
4.1667 0.0
4.1833 0.0
4.2 0.0
4.2167 0.0
4.2333 0.0
4.25 0.0
4.2667 0.0
4.2833 0.0
4.3 0.0
4.3167 0.0
4.3333 0.0
4.35 0.0
4.3667 0.0
4.3833 0.0
4.4 0.0
4.4167 0.0
4.4333 0.0
4.45 0.0
4.4667 0.0
4.4833 0.0
4.5 0.0
4.5167 0.0
4.5333 0.0
4.55 0.0
4.5667 0.0
4.5833 0.0
4.6 0.0
4.6167 0.0
4.6333 0.0
4.65 0.0
4.6667 0.0
4.6833 0.0
4.7 0.0
4.7167 0.0
4.7333 0.0
4.75 0.0
4.7667 0.0
4.7833 0.0
4.8 0.0
4.8167 0.0
4.8333 0.0
4.85 0.0
4.8667 0.0
4.8833 0.0
4.9 0.0
4.9167 0.0
4.9333 0.0
4.95 0.0
4.9667 0.0
4.9833 0.0
5.0 0.0
5.0167 0.0
5.0333 0.0
5.05 0.0
5.0667 0.0
5.0833 0.0
5.1 0.0
5.1167 0.0
5.1333 0.0
5.15 0.0
5.1667 0.0
5.1833 0.0
5.2 0.0
5.2167 0.0
5.2333 0.0
5.25 0.0
5.2667 0.0
5.2833 0.0
5.3 0.0
5.3167 0.0
5.3333 0.0
5.35 0.0
5.3667 0.0
5.3833 0.0
5.4 0.0
5.4167 0.0
5.4333 0.0
5.45 0.0
5.4667 0.0
5.4833 0.0
5.5 0.0
5.5167 0.0
5.5333 0.0
5.55 0.0
5.5667 0.0
5.5833 0.0
5.6 0.0
5.6167 0.0
5.6333 0.0
5.65 0.0
5.6667 0.0
5.6833 0.0
5.7 0.0
5.7167 0.0
5.7333 0.0
5.75 0.0
5.7667 0.0
5.7833 0.0
5.8 0.0
5.8167 0.0
5.8333 3.735e-19
5.85 4.818e-15
5.8667 1.525e-12
5.8833 1.033e-10
5.9 1.92e-09
5.9167 1.365e-08
5.9333 4.743e-08
5.95 1.117e-07
5.9667 2.287e-07
5.9833 4.177e-07
6.0 7.364e-07
6.0167 1.268e-06
6.0333 2.101e-06
6.05 3.311e-06
6.0667 4.871e-06
6.0833 7.042e-06
6.1 9.697e-06
6.1167 1.339e-05
6.1333 1.778e-05
6.15 2.335e-05
6.1667 3.031e-05
6.1833 3.897e-05
6.2 4.972e-05
6.2167 6.154e-05
6.2333 7.659e-05
6.25 9.381e-05
6.2667 0.0001149
6.2833 0.0001374
6.3 0.0001635
6.3167 0.0001934
6.3333 0.0002273
6.35 0.0002659
6.3667 0.0003116
6.3833 0.0003503
6.4 0.0004067
6.4167 0.0004531
6.4333 0.000509
6.45 0.0005757
6.4667 0.0006536
6.4833 0.0007224
6.5 0.0007964
6.5167 0.0008755
6.5333 0.0009589
6.55 0.001047
6.5667 0.001139
6.5833 0.001236
6.6 0.001337
6.6167 0.001443
6.6333 0.001552
6.65 0.001667
6.6667 0.001786
6.6833 0.001909
6.7 0.002037
6.7167 0.002171
6.7333 0.002308
6.75 0.002451
6.7667 0.002599
6.7833 0.002751
6.8 0.00291
6.8167 0.003073
6.8333 0.003242
6.85 0.003416
6.8667 0.003596
6.8833 0.003781
6.9 0.003974
6.9167 0.004171
6.9333 0.004375
6.95 0.004584
6.9667 0.004801
6.9833 0.005023
7.0 0.005253
7.0167 0.005489
7.0333 0.005732
7.05 0.005982
7.0667 0.006239
7.0833 0.006504
7.1 0.006776
7.1167 0.007055
7.1333 0.007341
7.15 0.007636
7.1667 0.007938
7.1833 0.008249
7.2 0.008567
7.2167 0.008894
7.2333 0.009228
7.25 0.009572
7.2667 0.009924
7.2833 0.01028
7.3 0.01065
7.3167 0.01103
7.3333 0.01142
7.35 0.01182
7.3667 0.01222
7.3833 0.01264
7.4 0.01306
7.4167 0.0135
7.4333 0.01394
7.45 0.01439
7.4667 0.01486
7.4833 0.01533
7.5 0.01581
7.5167 0.01631
7.5333 0.01681
7.55 0.01733
7.5667 0.01785
7.5833 0.01839
7.6 0.01893
7.6167 0.01949
7.6333 0.02006
7.65 0.02064
7.6667 0.02123
7.6833 0.02183
7.7 0.02244
7.7167 0.02306
7.7333 0.0237
7.75 0.02434
7.7667 0.025
7.7833 0.02567
7.8 0.02635
7.8167 0.02704
7.8333 0.02774
7.85 0.02846
7.8667 0.02918
7.8833 0.02992
7.9 0.03067
7.9167 0.03143
7.9333 0.03221
7.95 0.03299
7.9667 0.03379
7.9833 0.0346
8.0 0.03542
8.0167 0.03626
8.0333 0.0371
8.05 0.03796
8.0667 0.03883
8.0833 0.03971
8.1 0.04061
8.1167 0.04152
8.1333 0.04244
8.15 0.04337
8.1667 0.04431
8.1833 0.04527
8.2 0.04623
8.2167 0.04722
8.2333 0.04821
8.25 0.04921
8.2667 0.05023
8.2833 0.05126
8.3 0.0523
8.3167 0.05336
8.3333 0.05442
8.35 0.0555
8.3667 0.05659
8.3833 0.05769
8.4 0.05881
8.4167 0.05994
8.4333 0.06107
8.45 0.06222
8.4667 0.06338
8.4833 0.06456
8.5 0.06575
8.5167 0.06694
8.5333 0.06815
8.55 0.06937
8.5667 0.07061
8.5833 0.07185
8.6 0.07311
8.6167 0.07438
8.6333 0.07566
8.65 0.07695
8.6667 0.07825
8.6833 0.07956
8.7 0.08089
8.7167 0.08222
8.7333 0.08357
8.75 0.08492
8.7667 0.08629
8.7833 0.08767
8.8 0.08906
8.8167 0.09046
8.8333 0.09187
8.85 0.09329
8.8667 0.09473
8.8833 0.09617
8.9 0.09762
8.9167 0.09908
8.9333 0.1006
8.95 0.102
8.9667 0.1035
8.9833 0.105
9.0 0.1065
9.0167 0.1081
9.0333 0.1096
9.05 0.1111
9.0667 0.1127
9.0833 0.1142
9.1 0.1158
9.1167 0.1174
9.1333 0.1189
9.15 0.1205
9.1667 0.1221
9.1833 0.1237
9.2 0.1254
9.2167 0.127
9.2333 0.1286
9.25 0.1303
9.2667 0.1319
9.2833 0.1336
9.3 0.1352
9.3167 0.1369
9.3333 0.1386
9.35 0.1403
9.3667 0.1419
9.3833 0.1436
9.4 0.1453
9.4167 0.147
9.4333 0.1488
9.45 0.1505
9.4667 0.1522
9.4833 0.1539
9.5 0.1557
9.5167 0.1574
9.5333 0.1592
9.55 0.1609
9.5667 0.1627
9.5833 0.1645
9.6 0.1662
9.6167 0.168
9.6333 0.1698
9.65 0.1716
9.6667 0.1733
9.6833 0.1751
9.7 0.1769
9.7167 0.1786
9.7333 0.1805
9.75 0.1823
9.7667 0.1841
9.7833 0.1859
9.8 0.1877
9.8167 0.1896
9.8333 0.1914
9.85 0.1932
9.8667 0.195
9.8833 0.1968
9.9 0.1987
9.9167 0.2004
9.9333 0.2023
9.95 0.2041
9.9667 0.206
9.9833 0.2078
10.0 0.2096
10.0167 0.2115
10.0333 0.2132
10.05 0.2151
10.0667 0.2169
10.0833 0.2188
10.1 0.2206
10.1167 0.2224
10.1333 0.2243
10.15 0.2261
10.1667 0.2279
10.1833 0.2297
10.2 0.2316
10.2167 0.2334
10.2333 0.2352
10.25 0.237
10.2667 0.2388
10.2833 0.2406
10.3 0.2425
10.3167 0.2443
10.3333 0.2461
10.35 0.2477
10.3667 0.2497
10.3833 0.2515
10.4 0.2532
10.4167 0.255
10.4333 0.2568
10.45 0.2586
10.4667 0.2603
10.4833 0.2621
10.5 0.2639
10.5167 0.2655
10.5333 0.2674
10.55 0.2691
10.5667 0.2709
10.5833 0.2726
10.6 0.2743
10.6167 0.2761
10.6333 0.2778
10.65 0.2794
10.6667 0.2812
10.6833 0.2829
10.7 0.2846
10.7167 0.2863
10.7333 0.288
10.75 0.2896
10.7667 0.2913
10.7833 0.2929
10.8 0.2946
10.8167 0.2962
10.8333 0.2979
10.85 0.2995
10.8667 0.301
10.8833 0.3027
10.9 0.3043
10.9167 0.3059
10.9333 0.3075
10.95 0.309
10.9667 0.3106
10.9833 0.3121
11.0 0.3137
11.0167 0.3152
11.0333 0.3167
11.05 0.3182
11.0667 0.3197
11.0833 0.3212
11.1 0.3227
11.1167 0.3241
11.1333 0.3256
11.15 0.3267
11.1667 0.3283
11.1833 0.3299
11.2 0.3313
11.2167 0.3327
11.2333 0.3341
11.25 0.3354
11.2667 0.3368
11.2833 0.3381
11.3 0.3395
11.3167 0.3408
11.3333 0.3421
11.35 0.3434
11.3667 0.3447
11.3833 0.346
11.4 0.3471
11.4167 0.3485
11.4333 0.3497
11.45 0.3509
11.4667 0.3521
11.4833 0.3533
11.5 0.3545
11.5167 0.3556
11.5333 0.3568
11.55 0.3579
11.5667 0.359
11.5833 0.3601
11.6 0.3612
11.6167 0.3622
11.6333 0.3633
11.65 0.3644
11.6667 0.3654
11.6833 0.3664
11.7 0.3671
11.7167 0.3683
11.7333 0.3693
11.75 0.3703
11.7667 0.3712
11.7833 0.3721
11.8 0.373
11.8167 0.3739
11.8333 0.3748
11.85 0.3756
11.8667 0.3764
11.8833 0.3773
11.9 0.3781
11.9167 0.3789
11.9333 0.3796
11.95 0.3803
11.9667 0.3811
11.9833 0.3819
12.0 0.3826
12.0167 0.3832
12.0333 0.3839
12.05 0.3845
12.0667 0.3852
12.0833 0.3858
12.1 0.3864
12.1167 0.387
12.1333 0.3875
12.15 0.3881
12.1667 0.3885
12.1833 0.389
12.2 0.3894
12.2167 0.3898
12.2333 0.3905
12.25 0.391
12.2667 0.3914
12.2833 0.3918
12.3 0.3922
12.3167 0.3925
12.3333 0.3928
12.35 0.3931
12.3667 0.3935
12.3833 0.3938
12.4 0.3941
12.4167 0.3943
12.4333 0.3946
12.45 0.3948
12.4667 0.395
12.4833 0.3952
12.5 0.3953
12.5167 0.3955
12.5333 0.3956
12.55 0.3957
12.5667 0.3958
12.5833 0.3959
12.6 0.3959
12.6167 0.396
12.6333 0.396
12.65 0.396
12.6667 0.396
12.6833 0.3959
12.7 0.3959
12.7167 0.3958
12.7333 0.3957
12.75 0.3956
12.7667 0.3955
12.7833 0.3953
12.8 0.3951
12.8167 0.3949
12.8333 0.3947
12.85 0.3945
12.8667 0.3943
12.8833 0.394
12.9 0.3937
12.9167 0.3934
12.9333 0.393
12.95 0.3927
12.9667 0.3924
12.9833 0.3921
13.0 0.3917
13.0167 0.3913
13.0333 0.3908
13.05 0.3904
13.0667 0.3897
13.0833 0.3893
13.1 0.3888
13.1167 0.3884
13.1333 0.3879
13.15 0.3874
13.1667 0.3868
13.1833 0.3862
13.2 0.3856
13.2167 0.385
13.2333 0.3843
13.25 0.3837
13.2667 0.383
13.2833 0.3824
13.3 0.3817
13.3167 0.3809
13.3333 0.3801
13.35 0.3794
13.3667 0.3787
13.3833 0.3778
13.4 0.3771
13.4167 0.3761
13.4333 0.3754
13.45 0.3745
13.4667 0.3737
13.4833 0.3728
13.5 0.3719
13.5167 0.371
13.5333 0.37
13.55 0.3691
13.5667 0.3679
13.5833 0.367
13.6 0.3661
13.6167 0.3651
13.6333 0.3641
13.65 0.363
13.6667 0.362
13.6833 0.3609
13.7 0.3598
13.7167 0.3587
13.7333 0.3576
13.75 0.3564
13.7667 0.3553
13.7833 0.3541
13.8 0.353
13.8167 0.3518
13.8333 0.3504
13.85 0.3493
13.8667 0.3481
13.8833 0.3469
13.9 0.3456
13.9167 0.3443
13.9333 0.3431
13.95 0.3418
13.9667 0.3404
13.9833 0.3391
14.0 0.3378
14.0167 0.3364
14.0333 0.3349
14.05 0.3337
14.0667 0.3323
14.0833 0.3309
14.1 0.3295
14.1167 0.328
14.1333 0.3266
14.15 0.3252
14.1667 0.3237
14.1833 0.3223
14.2 0.3208
14.2167 0.3193
14.2333 0.3178
14.25 0.3163
14.2667 0.3148
14.2833 0.3132
14.3 0.3117
14.3167 0.3102
14.3333 0.3086
14.35 0.307
14.3667 0.3054
14.3833 0.3039
14.4 0.3022
14.4167 0.3007
14.4333 0.299
14.45 0.2974
14.4667 0.2958
14.4833 0.2941
14.5 0.2925
14.5167 0.2908
14.5333 0.2892
14.55 0.2873
14.5667 0.2858
14.5833 0.2841
14.6 0.2823
14.6167 0.2808
14.6333 0.279
14.65 0.2773
14.6667 0.2756
14.6833 0.2739
14.7 0.2722
14.7167 0.2704
14.7333 0.2687
14.75 0.2669
14.7667 0.2651
14.7833 0.2634
14.8 0.2617
14.8167 0.2599
14.8333 0.2581
14.85 0.2563
14.8667 0.2546
14.8833 0.2528
14.9 0.251
14.9167 0.2492
14.9333 0.2474
14.95 0.2456
14.9667 0.2438
14.9833 0.242
15.0 0.2402
15.0167 0.2384
15.0333 0.2365
15.05 0.2347
15.0667 0.2329
15.0833 0.231
15.1 0.2293
15.1167 0.2274
15.1333 0.2256
15.15 0.2238
15.1667 0.222
15.1833 0.2201
15.2 0.2183
15.2167 0.2165
15.2333 0.2146
15.25 0.2128
15.2667 0.211
15.2833 0.2092
15.3 0.2073
15.3167 0.2055
15.3333 0.2037
15.35 0.2019
15.3667 0.2
15.3833 0.1982
15.4 0.1963
15.4167 0.1946
15.4333 0.1927
15.45 0.1909
15.4667 0.1891
15.4833 0.1873
15.5 0.1855
15.5167 0.1837
15.5333 0.1819
15.55 0.1801
15.5667 0.1783
15.5833 0.1765
15.6 0.1747
15.6167 0.1729
15.6333 0.1711
15.65 0.1693
15.6667 0.1676
15.6833 0.1658
15.7 0.164
15.7167 0.1623
15.7333 0.1605
15.75 0.1588
15.7667 0.157
15.7833 0.1553
15.8 0.1535
15.8167 0.1518
15.8333 0.1501
15.85 0.1484
15.8667 0.1466
15.8833 0.1449
15.9 0.1432
15.9167 0.1415
15.9333 0.1398
15.95 0.1382
15.9667 0.1365
15.9833 0.1348
16.0 0.1332
16.0167 0.1315
16.0333 0.1299
16.05 0.1282
16.0667 0.1266
16.0833 0.125
16.1 0.1234
16.1167 0.1218
16.1333 0.1202
16.15 0.1186
16.1667 0.117
16.1833 0.1154
16.2 0.1139
16.2167 0.1123
16.2333 0.1108
16.25 0.1092
16.2667 0.1077
16.2833 0.1062
16.3 0.1047
16.3167 0.1032
16.3333 0.1017
16.35 0.1002
16.3667 0.09875
16.3833 0.09729
16.4 0.09584
16.4167 0.0944
16.4333 0.09297
16.45 0.09155
16.4667 0.09015
16.4833 0.08875
16.5 0.08736
16.5167 0.08599
16.5333 0.08462
16.55 0.08327
16.5667 0.08193
16.5833 0.08059
16.6 0.07927
16.6167 0.07796
16.6333 0.07666
16.65 0.07538
16.6667 0.0741
16.6833 0.07284
16.7 0.07158
16.7167 0.07034
16.7333 0.06911
16.75 0.0679
16.7667 0.06669
16.7833 0.06549
16.8 0.06431
16.8167 0.06314
16.8333 0.06198
16.85 0.06083
16.8667 0.0597
16.8833 0.05857
16.9 0.05746
16.9167 0.05636
16.9333 0.05528
16.95 0.0542
16.9667 0.05314
16.9833 0.05209
17.0 0.05105
17.0167 0.05002
17.0333 0.04901
17.05 0.04801
17.0667 0.04702
17.0833 0.04604
17.1 0.04508
17.1167 0.04412
17.1333 0.04318
17.15 0.04225
17.1667 0.04134
17.1833 0.04043
17.2 0.03954
17.2167 0.03866
17.2333 0.03779
17.25 0.03694
17.2667 0.0361
17.2833 0.03526
17.3 0.03445
17.3167 0.03364
17.3333 0.03284
17.35 0.03206
17.3667 0.03129
17.3833 0.03053
17.4 0.02978
17.4167 0.02905
17.4333 0.02832
17.45 0.02761
17.4667 0.02691
17.4833 0.02622
17.5 0.02555
17.5167 0.02488
17.5333 0.02422
17.55 0.02358
17.5667 0.02295
17.5833 0.02233
17.6 0.02172
17.6167 0.02112
17.6333 0.02054
17.65 0.01996
17.6667 0.01939
17.6833 0.01884
17.7 0.0183
17.7167 0.01776
17.7333 0.01724
17.75 0.01673
17.7667 0.01623
17.7833 0.01573
17.8 0.01525
17.8167 0.01478
17.8333 0.01432
17.85 0.01387
17.8667 0.01343
17.8833 0.01299
17.9 0.01257
17.9167 0.01216
17.9333 0.01175
17.95 0.01136
17.9667 0.01097
17.9833 0.0106
18.0 0.01023
18.0167 0.009869
18.0333 0.009519
18.05 0.009177
18.0667 0.008844
18.0833 0.008519
18.1 0.008202
18.1167 0.007893
18.1333 0.007592
18.15 0.007299
18.1667 0.007014
18.1833 0.006736
18.2 0.006465
18.2167 0.006202
18.2333 0.005947
18.25 0.005698
18.2667 0.005456
18.2833 0.005221
18.3 0.004993
18.3167 0.004771
18.3333 0.004556
18.35 0.004347
18.3667 0.004145
18.3833 0.003948
18.4 0.003757
18.4167 0.003573
18.4333 0.003394
18.45 0.00322
18.4667 0.003052
18.4833 0.00289
18.5 0.002733
18.5167 0.002581
18.5333 0.002434
18.55 0.002292
18.5667 0.002155
18.5833 0.002022
18.6 0.001895
18.6167 0.001772
18.6333 0.001654
18.65 0.00154
18.6667 0.001431
18.6833 0.001326
18.7 0.001225
18.7167 0.001129
18.7333 0.001037
18.75 0.0009498
18.7667 0.0008671
18.7833 0.0007887
18.8 0.0007153
18.8167 0.0006469
18.8333 0.0005687
18.85 0.0005032
18.8667 0.0004484
18.8833 0.0004028
18.9 0.0003463
18.9167 0.0003086
18.9333 0.000263
18.95 0.0002245
18.9667 0.0001909
18.9833 0.0001614
19.0 0.0001357
19.0167 0.0001136
19.0333 9.21e-05
19.05 7.561e-05
19.0667 6.046e-05
19.0833 4.89e-05
19.1 3.844e-05
19.1167 2.986e-05
19.1333 2.299e-05
19.15 1.752e-05
19.1667 1.296e-05
19.1833 9.508e-06
19.2 6.926e-06
19.2167 4.763e-06
19.2333 3.182e-06
19.25 2.05e-06
19.2667 1.239e-06
19.2833 7.185e-07
19.3 4.071e-07
19.3167 2.168e-07
19.3333 1.077e-07
19.35 4.567e-08
19.3667 1.272e-08
19.3833 1.603e-09
19.4 9.093e-11
19.4167 1.252e-12
19.4333 3.768e-15
19.45 2.341e-19
19.4667 0.0
19.4833 0.0
19.5 0.0
19.5167 0.0
19.5333 0.0
19.55 0.0
19.5667 0.0
19.5833 0.0
19.6 0.0
19.6167 0.0
19.6333 0.0
19.65 0.0
19.6667 0.0
19.6833 0.0
19.7 0.0
19.7167 0.0
19.7333 0.0
19.75 0.0
19.7667 0.0
19.7833 0.0
19.8 0.0
19.8167 0.0
19.8333 0.0
19.85 0.0
19.8667 0.0
19.8833 0.0
19.9 0.0
19.9167 0.0
19.9333 0.0
19.95 0.0
19.9667 0.0
19.9833 0.0
20.0 0.0
20.0167 0.0
20.0333 0.0
20.05 0.0
20.0667 0.0
20.0833 0.0
20.1 0.0
20.1167 0.0
20.1333 0.0
20.15 0.0
20.1667 0.0
20.1833 0.0
20.2 0.0
20.2167 0.0
20.2333 0.0
20.25 0.0
20.2667 0.0
20.2833 0.0
20.3 0.0
20.3167 0.0
20.3333 0.0
20.35 0.0
20.3667 0.0
20.3833 0.0
20.4 0.0
20.4167 0.0
20.4333 0.0
20.45 0.0
20.4667 0.0
20.4833 0.0
20.5 0.0
20.5167 0.0
20.5333 0.0
20.55 0.0
20.5667 0.0
20.5833 0.0
20.6 0.0
20.6167 0.0
20.6333 0.0
20.65 0.0
20.6667 0.0
20.6833 0.0
20.7 0.0
20.7167 0.0
20.7333 0.0
20.75 0.0
20.7667 0.0
20.7833 0.0
20.8 0.0
20.8167 0.0
20.8333 0.0
20.85 0.0
20.8667 0.0
20.8833 0.0
20.9 0.0
20.9167 0.0
20.9333 0.0
20.95 0.0
20.9667 0.0
20.9833 0.0
21.0 0.0
21.0167 0.0
21.0333 0.0
21.05 0.0
21.0667 0.0
21.0833 0.0
21.1 0.0
21.1167 0.0
21.1333 0.0
21.15 0.0
21.1667 0.0
21.1833 0.0
21.2 0.0
21.2167 0.0
21.2333 0.0
21.25 0.0
21.2667 0.0
21.2833 0.0
21.3 0.0
21.3167 0.0
21.3333 0.0
21.35 0.0
21.3667 0.0
21.3833 0.0
21.4 0.0
21.4167 0.0
21.4333 0.0
21.45 0.0
21.4667 0.0
21.4833 0.0
21.5 0.0
21.5167 0.0
21.5333 0.0
21.55 0.0
21.5667 0.0
21.5833 0.0
21.6 0.0
21.6167 0.0
21.6333 0.0
21.65 0.0
21.6667 0.0
21.6833 0.0
21.7 0.0
21.7167 0.0
21.7333 0.0
21.75 0.0
21.7667 0.0
21.7833 0.0
21.8 0.0
21.8167 0.0
21.8333 0.0
21.85 0.0
21.8667 0.0
21.8833 0.0
21.9 0.0
21.9167 0.0
21.9333 0.0
21.95 0.0
21.9667 0.0
21.9833 0.0
22.0 0.0
22.0167 0.0
22.0333 0.0
22.05 0.0
22.0667 0.0
22.0833 0.0
22.1 0.0
22.1167 0.0
22.1333 0.0
22.15 0.0
22.1667 0.0
22.1833 0.0
22.2 0.0
22.2167 0.0
22.2333 0.0
22.25 0.0
22.2667 0.0
22.2833 0.0
22.3 0.0
22.3167 0.0
22.3333 0.0
22.35 0.0
22.3667 0.0
22.3833 0.0
22.4 0.0
22.4167 0.0
22.4333 0.0
22.45 0.0
22.4667 0.0
22.4833 0.0
22.5 0.0
22.5167 0.0
22.5333 0.0
22.55 0.0
22.5667 0.0
22.5833 0.0
22.6 0.0
22.6167 0.0
22.6333 0.0
22.65 0.0
22.6667 0.0
22.6833 0.0
22.7 0.0
22.7167 0.0
22.7333 0.0
22.75 0.0
22.7667 0.0
22.7833 0.0
22.8 0.0
22.8167 0.0
22.8333 0.0
22.85 0.0
22.8667 0.0
22.8833 0.0
22.9 0.0
22.9167 0.0
22.9333 0.0
22.95 0.0
22.9667 0.0
22.9833 0.0
23.0 0.0
23.0167 0.0
23.0333 0.0
23.05 0.0
23.0667 0.0
23.0833 0.0
23.1 0.0
23.1167 0.0
23.1333 0.0
23.15 0.0
23.1667 0.0
23.1833 0.0
23.2 0.0
23.2167 0.0
23.2333 0.0
23.25 0.0
23.2667 0.0
23.2833 0.0
23.3 0.0
23.3167 0.0
23.3333 0.0
23.35 0.0
23.3667 0.0
23.3833 0.0
23.4 0.0
23.4167 0.0
23.4333 0.0
23.45 0.0
23.4667 0.0
23.4833 0.0
23.5 0.0
23.5167 0.0
23.5333 0.0
23.55 0.0
23.5667 0.0
23.5833 0.0
23.6 0.0
23.6167 0.0
23.6333 0.0
23.65 0.0
23.6667 0.0
23.6833 0.0
23.7 0.0
23.7167 0.0
23.7333 0.0
23.75 0.0
23.7667 0.0
23.7833 0.0
23.8 0.0
23.8167 0.0
23.8333 0.0
23.85 0.0
23.8667 0.0
23.8833 0.0
23.9 0.0
23.9167 0.0
23.9333 0.0
23.95 0.0
23.9667 0.0
23.9833 0.0
