0.0 0.0
0.0167 0.0
0.0333 0.0
0.05 0.0
0.0667 0.0
0.0833 0.0
0.1 0.0
0.1167 0.0
0.1333 0.0
0.15 0.0
0.1667 0.0
0.1833 0.0
0.2 0.0
0.2167 0.0
0.2333 0.0
0.25 0.0
0.2667 0.0
0.2833 0.0
0.3 0.0
0.3167 0.0
0.3333 0.0
0.35 0.0
0.3667 0.0
0.3833 0.0
0.4 0.0
0.4167 0.0
0.4333 0.0
0.45 0.0
0.4667 0.0
0.4833 0.0
0.5 0.0
0.5167 0.0
0.5333 0.0
0.55 0.0
0.5667 0.0
0.5833 0.0
0.6 0.0
0.6167 0.0
0.6333 0.0
0.65 0.0
0.6667 0.0
0.6833 0.0
0.7 0.0
0.7167 0.0
0.7333 0.0
0.75 0.0
0.7667 0.0
0.7833 0.0
0.8 0.0
0.8167 0.0
0.8333 0.0
0.85 0.0
0.8667 0.0
0.8833 0.0
0.9 0.0
0.9167 0.0
0.9333 0.0
0.95 0.0
0.9667 0.0
0.9833 0.0
1.0 0.0
1.0167 0.0
1.0333 0.0
1.05 0.0
1.0667 0.0
1.0833 0.0
1.1 0.0
1.1167 0.0
1.1333 0.0
1.15 0.0
1.1667 0.0
1.1833 0.0
1.2 0.0
1.2167 0.0
1.2333 0.0
1.25 0.0
1.2667 0.0
1.2833 0.0
1.3 0.0
1.3167 0.0
1.3333 0.0
1.35 0.0
1.3667 0.0
1.3833 0.0
1.4 0.0
1.4167 0.0
1.4333 0.0
1.45 0.0
1.4667 0.0
1.4833 0.0
1.5 0.0
1.5167 0.0
1.5333 0.0
1.55 0.0
1.5667 0.0
1.5833 0.0
1.6 0.0
1.6167 0.0
1.6333 0.0
1.65 0.0
1.6667 0.0
1.6833 0.0
1.7 0.0
1.7167 0.0
1.7333 0.0
1.75 0.0
1.7667 0.0
1.7833 0.0
1.8 0.0
1.8167 0.0
1.8333 0.0
1.85 0.0
1.8667 0.0
1.8833 0.0
1.9 0.0
1.9167 0.0
1.9333 0.0
1.95 0.0
1.9667 0.0
1.9833 0.0
2.0 0.0
2.0167 0.0
2.0333 0.0
2.05 0.0
2.0667 0.0
2.0833 0.0
2.1 0.0
2.1167 0.0
2.1333 0.0
2.15 0.0
2.1667 0.0
2.1833 0.0
2.2 0.0
2.2167 0.0
2.2333 0.0
2.25 0.0
2.2667 0.0
2.2833 0.0
2.3 0.0
2.3167 0.0
2.3333 0.0
2.35 0.0
2.3667 0.0
2.3833 0.0
2.4 0.0
2.4167 0.0
2.4333 0.0
2.45 0.0
2.4667 0.0
2.4833 0.0
2.5 0.0
2.5167 0.0
2.5333 0.0
2.55 0.0
2.5667 0.0
2.5833 0.0
2.6 0.0
2.6167 0.0
2.6333 0.0
2.65 0.0
2.6667 0.0
2.6833 0.0
2.7 0.0
2.7167 0.0
2.7333 0.0
2.75 0.0
2.7667 0.0
2.7833 0.0
2.8 0.0
2.8167 0.0
2.8333 0.0
2.85 0.0
2.8667 0.0
2.8833 0.0
2.9 0.0
2.9167 0.0
2.9333 0.0
2.95 0.0
2.9667 0.0
2.9833 0.0
3.0 0.0
3.0167 0.0
3.0333 0.0
3.05 0.0
3.0667 0.0
3.0833 0.0
3.1 0.0
3.1167 0.0
3.1333 0.0
3.15 0.0
3.1667 0.0
3.1833 0.0
3.2 0.0
3.2167 0.0
3.2333 0.0
3.25 0.0
3.2667 0.0
3.2833 0.0
3.3 0.0
3.3167 0.0
3.3333 0.0
3.35 0.0
3.3667 0.0
3.3833 0.0
3.4 0.0
3.4167 0.0
3.4333 0.0
3.45 0.0
3.4667 0.0
3.4833 0.0
3.5 0.0
3.5167 0.0
3.5333 0.0
3.55 0.0
3.5667 0.0
3.5833 0.0
3.6 0.0
3.6167 0.0
3.6333 0.0
3.65 0.0
3.6667 0.0
3.6833 0.0
3.7 0.0
3.7167 0.0
3.7333 0.0
3.75 0.0
3.7667 0.0
3.7833 0.0
3.8 0.0
3.8167 0.0
3.8333 0.0
3.85 0.0
3.8667 0.0
3.8833 0.0
3.9 0.0
3.9167 0.0
3.9333 0.0
3.95 0.0
3.9667 0.0
3.9833 0.0
4.0 0.0
4.0167 0.0
4.0333 0.0
4.05 0.0
4.0667 0.0
4.0833 0.0
4.1 0.0
4.1167 0.0
4.1333 0.0
4.15 0.0
4.1667 0.0
4.1833 0.0
4.2 0.0
4.2167 0.0
4.2333 0.0
4.25 0.0
4.2667 0.0
4.2833 0.0
4.3 0.0
4.3167 0.0
4.3333 0.0
4.35 0.0
4.3667 0.0
4.3833 0.0
4.4 0.0
4.4167 0.0
4.4333 0.0
4.45 0.0
4.4667 0.0
4.4833 0.0
4.5 0.0
4.5167 0.0
4.5333 0.0
4.55 0.0
4.5667 0.0
4.5833 0.0
4.6 0.0
4.6167 0.0
4.6333 0.0
4.65 0.0
4.6667 0.0
4.6833 0.0
4.7 0.0
4.7167 0.0
4.7333 0.0
4.75 0.0
4.7667 0.0
4.7833 0.0
4.8 0.0
4.8167 0.0
4.8333 0.0
4.85 0.0
4.8667 0.0
4.8833 0.0
4.9 0.0
4.9167 0.0
4.9333 0.0
4.95 0.0
4.9667 0.0
4.9833 0.0
5.0 0.0
5.0167 0.0
5.0333 0.0
5.05 0.0
5.0667 0.0
5.0833 0.0
5.1 0.0
5.1167 0.0
5.1333 0.0
5.15 0.0
5.1667 0.0
5.1833 0.0
5.2 0.0
5.2167 0.0
5.2333 0.0
5.25 0.0
5.2667 0.0
5.2833 0.0
5.3 0.0
5.3167 0.0
5.3333 3.445e-19
5.35 2.549e-15
5.3667 4.807e-13
5.3833 3.285e-11
5.4 5.666e-10
5.4167 5.114e-09
5.4333 2.275e-08
5.45 5.797e-08
5.4667 1.197e-07
5.4833 2.183e-07
5.5 3.738e-07
5.5167 6.122e-07
5.5333 9.825e-07
5.55 1.558e-06
5.5667 2.343e-06
5.5833 3.439e-06
5.6 4.791e-06
5.6167 6.603e-06
5.6333 8.869e-06
5.65 1.164e-05
5.6667 1.511e-05
5.6833 1.943e-05
5.7 2.482e-05
5.7167 3.074e-05
5.7333 3.835e-05
5.75 4.795e-05
5.7667 5.779e-05
5.7833 7.033e-05
5.8 8.501e-05
5.8167 0.0001008
5.8333 0.0001191
5.85 0.0001401
5.8667 0.0001637
5.8833 0.0001905
5.9 0.0002216
5.9167 0.0002505
5.9333 0.000286
5.95 0.000324
5.9667 0.000366
5.9833 0.0004053
6.0 0.0004518
6.0167 0.0005067
6.0333 0.0005689
6.05 0.0006237
6.0667 0.0006824
6.0833 0.0007447
6.1 0.0008104
6.1167 0.0008794
6.1333 0.0009516
6.15 0.001027
6.1667 0.001106
6.1833 0.001187
6.2 0.001272
6.2167 0.00136
6.2333 0.001452
6.25 0.001547
6.2667 0.001645
6.2833 0.001746
6.3 0.001851
6.3167 0.001959
6.3333 0.002071
6.35 0.002186
6.3667 0.002305
6.3833 0.002427
6.4 0.002554
6.4167 0.002684
6.4333 0.002818
6.45 0.002956
6.4667 0.003098
6.4833 0.003245
6.5 0.003395
6.5167 0.00355
6.5333 0.003709
6.55 0.003873
6.5667 0.004041
6.5833 0.004214
6.6 0.004391
6.6167 0.004573
6.6333 0.004761
6.65 0.004953
6.6667 0.00515
6.6833 0.005352
6.7 0.00556
6.7167 0.005773
6.7333 0.005991
6.75 0.006214
6.7667 0.006444
6.7833 0.006678
6.8 0.006919
6.8167 0.007165
6.8333 0.007417
6.85 0.007675
6.8667 0.007939
6.8833 0.00821
6.9 0.008486
6.9167 0.008769
6.9333 0.009058
6.95 0.009353
6.9667 0.009655
6.9833 0.009964
7.0 0.01028
7.0167 0.0106
7.0333 0.01093
7.05 0.01127
7.0667 0.01161
7.0833 0.01196
7.1 0.01231
7.1167 0.01268
7.1333 0.01305
7.15 0.01343
7.1667 0.01381
7.1833 0.01421
7.2 0.01461
7.2167 0.01502
7.2333 0.01543
7.25 0.01586
7.2667 0.01629
7.2833 0.01673
7.3 0.01717
7.3167 0.01763
7.3333 0.01809
7.35 0.01856
7.3667 0.01904
7.3833 0.01953
7.4 0.02003
7.4167 0.02053
7.4333 0.02104
7.45 0.02156
7.4667 0.02209
7.4833 0.02263
7.5 0.02318
7.5167 0.02373
7.5333 0.02429
7.55 0.02487
7.5667 0.02545
7.5833 0.02603
7.6 0.02663
7.6167 0.02724
7.6333 0.02785
7.65 0.02848
7.6667 0.02911
7.6833 0.02975
7.7 0.0304
7.7167 0.03106
7.7333 0.03173
7.75 0.03241
7.7667 0.0331
7.7833 0.03379
7.8 0.0345
7.8167 0.03521
7.8333 0.03593
7.85 0.03667
7.8667 0.03741
7.8833 0.03816
7.9 0.03892
7.9167 0.03968
7.9333 0.04046
7.95 0.04125
7.9667 0.04204
7.9833 0.04285
8.0 0.04366
8.0167 0.04448
8.0333 0.04531
8.05 0.04616
8.0667 0.04701
8.0833 0.04786
8.1 0.04873
8.1167 0.04961
8.1333 0.05049
8.15 0.05139
8.1667 0.05229
8.1833 0.05321
8.2 0.05413
8.2167 0.05506
8.2333 0.056
8.25 0.05695
8.2667 0.0579
8.2833 0.05887
8.3 0.05985
8.3167 0.06083
8.3333 0.06182
8.35 0.06282
8.3667 0.06383
8.3833 0.06485
8.4 0.06588
8.4167 0.06691
8.4333 0.06795
8.45 0.06901
8.4667 0.07007
8.4833 0.07114
8.5 0.07221
8.5167 0.0733
8.5333 0.07439
8.55 0.07549
8.5667 0.0766
8.5833 0.07772
8.6 0.07884
8.6167 0.07998
8.6333 0.08112
8.65 0.08227
8.6667 0.08342
8.6833 0.08459
8.7 0.08576
8.7167 0.08694
8.7333 0.08812
8.75 0.08932
8.7667 0.09051
8.7833 0.09173
8.8 0.09294
8.8167 0.09417
8.8333 0.09537
8.85 0.09662
8.8667 0.09785
8.8833 0.09912
8.9 0.1003
8.9167 0.1016
8.9333 0.1029
8.95 0.1042
8.9667 0.1055
8.9833 0.1067
9.0 0.108
9.0167 0.1093
9.0333 0.1107
9.05 0.112
9.0667 0.1133
9.0833 0.1146
9.1 0.1159
9.1167 0.1172
9.1333 0.1186
9.15 0.12
9.1667 0.1213
9.1833 0.1227
9.2 0.124
9.2167 0.1254
9.2333 0.1267
9.25 0.1281
9.2667 0.1295
9.2833 0.1309
9.3 0.1323
9.3167 0.1337
9.3333 0.1351
9.35 0.1365
9.3667 0.1379
9.3833 0.1393
9.4 0.1407
9.4167 0.1421
9.4333 0.1436
9.45 0.145
9.4667 0.1464
9.4833 0.1478
9.5 0.1493
9.5167 0.1506
9.5333 0.1521
9.55 0.1536
9.5667 0.155
9.5833 0.1565
9.6 0.1579
9.6167 0.1594
9.6333 0.1608
9.65 0.1623
9.6667 0.1637
9.6833 0.1652
9.7 0.1666
9.7167 0.1681
9.7333 0.1696
9.75 0.171
9.7667 0.1725
9.7833 0.174
9.8 0.1754
9.8167 0.1769
9.8333 0.1784
9.85 0.1798
9.8667 0.1813
9.8833 0.1828
9.9 0.1842
9.9167 0.1857
9.9333 0.1871
9.95 0.1886
9.9667 0.1901
9.9833 0.1916
10.0 0.193
10.0167 0.1945
10.0333 0.196
10.05 0.1974
10.0667 0.1989
10.0833 0.2002
10.1 0.2018
10.1167 0.2033
10.1333 0.2047
10.15 0.2062
10.1667 0.2076
10.1833 0.2091
10.2 0.2104
10.2167 0.212
10.2333 0.2134
10.25 0.2147
10.2667 0.2163
10.2833 0.2177
10.3 0.2192
10.3167 0.2206
10.3333 0.222
10.35 0.2234
10.3667 0.2248
10.3833 0.2262
10.4 0.2277
10.4167 0.2291
10.4333 0.2305
10.45 0.2318
10.4667 0.2333
10.4833 0.2347
10.5 0.236
10.5167 0.2372
10.5333 0.2388
10.55 0.2402
10.5667 0.2415
10.5833 0.2429
10.6 0.2442
10.6167 0.2456
10.6333 0.2469
10.65 0.2483
10.6667 0.2496
10.6833 0.2509
10.7 0.2522
10.7167 0.2534
10.7333 0.2549
10.75 0.2562
10.7667 0.2574
10.7833 0.2587
10.8 0.26
10.8167 0.2613
10.8333 0.2625
10.85 0.2638
10.8667 0.2649
10.8833 0.2663
10.9 0.2675
10.9167 0.2688
10.9333 0.27
10.95 0.2712
10.9667 0.2724
10.9833 0.2736
11.0 0.2747
11.0167 0.276
11.0333 0.2771
11.05 0.2783
11.0667 0.2794
11.0833 0.2804
11.1 0.2817
11.1167 0.2828
11.1333 0.284
11.15 0.2851
11.1667 0.2862
11.1833 0.2872
11.2 0.2883
11.2167 0.2894
11.2333 0.2905
11.25 0.2915
11.2667 0.2926
11.2833 0.2934
11.3 0.2946
11.3167 0.2956
11.3333 0.2965
11.35 0.2976
11.3667 0.2986
11.3833 0.2996
11.4 0.3005
11.4167 0.3015
11.4333 0.3024
11.45 0.3033
11.4667 0.3043
11.4833 0.305
11.5 0.306
11.5167 0.3069
11.5333 0.3078
11.55 0.3087
11.5667 0.3095
11.5833 0.3103
11.6 0.3112
11.6167 0.312
11.6333 0.3126
11.65 0.3136
11.6667 0.3143
11.6833 0.3151
11.7 0.3158
11.7167 0.3166
11.7333 0.3173
11.75 0.318
11.7667 0.3187
11.7833 0.3194
11.8 0.3201
11.8167 0.3207
11.8333 0.3214
11.85 0.3219
11.8667 0.3226
11.8833 0.3231
11.9 0.3239
11.9167 0.3244
11.9333 0.325
11.95 0.3256
11.9667 0.3261
11.9833 0.3267
12.0 0.3272
12.0167 0.3277
12.0333 0.3282
12.05 0.3287
12.0667 0.3291
12.0833 0.3296
12.1 0.3299
12.1167 0.3304
12.1333 0.3309
12.15 0.3313
12.1667 0.3316
12.1833 0.332
12.2 0.3324
12.2167 0.3327
12.2333 0.333
12.25 0.3333
12.2667 0.3336
12.2833 0.3339
12.3 0.3342
12.3167 0.3344
12.3333 0.3347
12.35 0.3349
12.3667 0.3352
12.3833 0.3354
12.4 0.3356
12.4167 0.3357
12.4333 0.3359
12.45 0.336
12.4667 0.3361
12.4833 0.3362
12.5 0.3363
12.5167 0.3363
12.5333 0.3363
12.55 0.3364
12.5667 0.3364
12.5833 0.3365
12.6 0.3365
12.6167 0.3365
12.6333 0.3365
12.65 0.3365
12.6667 0.3364
12.6833 0.3364
12.7 0.3363
12.7167 0.3363
12.7333 0.3362
12.75 0.3362
12.7667 0.3361
12.7833 0.336
12.8 0.3358
12.8167 0.3356
12.8333 0.3355
12.85 0.3353
12.8667 0.335
12.8833 0.3348
12.9 0.3346
12.9167 0.3343
12.9333 0.334
12.95 0.3338
12.9667 0.3335
12.9833 0.3332
13.0 0.3329
13.0167 0.3325
13.0333 0.3322
13.05 0.3318
13.0667 0.3314
13.0833 0.331
13.1 0.3306
13.1167 0.3302
13.1333 0.3297
13.15 0.3293
13.1667 0.3289
13.1833 0.3284
13.2 0.3279
13.2167 0.3274
13.2333 0.3269
13.25 0.3264
13.2667 0.3258
13.2833 0.3253
13.3 0.3247
13.3167 0.3241
13.3333 0.3235
13.35 0.3227
13.3667 0.3222
13.3833 0.3216
13.4 0.321
13.4167 0.3204
13.4333 0.3197
13.45 0.319
13.4667 0.3183
13.4833 0.3176
13.5 0.3169
13.5167 0.3162
13.5333 0.3154
13.55 0.3147
13.5667 0.3139
13.5833 0.3131
13.6 0.3123
13.6167 0.3115
13.6333 0.3107
13.65 0.3099
13.6667 0.3091
13.6833 0.3082
13.7 0.3073
13.7167 0.3065
13.7333 0.3055
13.75 0.3047
13.7667 0.3038
13.7833 0.3028
13.8 0.3019
13.8167 0.301
13.8333 0.3
13.85 0.2991
13.8667 0.2981
13.8833 0.2971
13.9 0.2961
13.9167 0.2951
13.9333 0.2941
13.95 0.2931
13.9667 0.292
13.9833 0.291
14.0 0.2899
14.0167 0.2889
14.0333 0.2877
14.05 0.2867
14.0667 0.2856
14.0833 0.2845
14.1 0.2833
14.1167 0.2823
14.1333 0.2811
14.15 0.28
14.1667 0.2788
14.1833 0.2777
14.2 0.2765
14.2167 0.2753
14.2333 0.2742
14.25 0.273
14.2667 0.2717
14.2833 0.2706
14.3 0.2693
14.3167 0.2681
14.3333 0.2669
14.35 0.2656
14.3667 0.2644
14.3833 0.2631
14.4 0.2619
14.4167 0.2606
14.4333 0.2593
14.45 0.258
14.4667 0.2568
14.4833 0.2555
14.5 0.2542
14.5167 0.2529
14.5333 0.2514
14.55 0.2502
14.5667 0.2489
14.5833 0.2476
14.6 0.2462
14.6167 0.2449
14.6333 0.2435
14.65 0.2422
14.6667 0.2408
14.6833 0.2394
14.7 0.238
14.7167 0.2367
14.7333 0.2353
14.75 0.2339
14.7667 0.2325
14.7833 0.2311
14.8 0.2297
14.8167 0.2283
14.8333 0.2269
14.85 0.2255
14.8667 0.2241
14.8833 0.2227
14.9 0.2213
14.9167 0.2198
14.9333 0.2184
14.95 0.217
14.9667 0.2155
14.9833 0.2141
15.0 0.2127
15.0167 0.2112
15.0333 0.2098
15.05 0.2083
15.0667 0.2069
15.0833 0.2054
15.1 0.204
15.1167 0.2025
15.1333 0.201
15.15 0.1996
15.1667 0.1981
15.1833 0.1967
15.2 0.1952
15.2167 0.1937
15.2333 0.1922
15.25 0.1908
15.2667 0.1893
15.2833 0.1879
15.3 0.1864
15.3167 0.1849
15.3333 0.1835
15.35 0.182
15.3667 0.1805
15.3833 0.179
15.4 0.1776
15.4167 0.1761
15.4333 0.1747
15.45 0.1732
15.4667 0.1717
15.4833 0.1703
15.5 0.1687
15.5167 0.1673
15.5333 0.1659
15.55 0.1644
15.5667 0.163
15.5833 0.1615
15.6 0.16
15.6167 0.1586
15.6333 0.1572
15.65 0.1557
15.6667 0.1543
15.6833 0.1528
15.7 0.1514
15.7167 0.15
15.7333 0.1485
15.75 0.1471
15.7667 0.1456
15.7833 0.1442
15.8 0.1428
15.8167 0.1414
15.8333 0.14
15.85 0.1386
15.8667 0.1372
15.8833 0.1358
15.9 0.1343
15.9167 0.133
15.9333 0.1316
15.95 0.1302
15.9667 0.1288
15.9833 0.1274
16.0 0.1261
16.0167 0.1247
16.0333 0.1233
16.05 0.122
16.0667 0.1206
16.0833 0.1193
16.1 0.1179
16.1167 0.1166
16.1333 0.1153
16.15 0.1139
16.1667 0.1126
16.1833 0.1113
16.2 0.1099
16.2167 0.1087
16.2333 0.1073
16.25 0.1061
16.2667 0.1048
16.2833 0.1035
16.3 0.1022
16.3167 0.101
16.3333 0.09973
16.35 0.09847
16.3667 0.09723
16.3833 0.09598
16.4 0.09475
16.4167 0.09353
16.4333 0.09231
16.45 0.0911
16.4667 0.08988
16.4833 0.0887
16.5 0.08751
16.5167 0.08633
16.5333 0.08515
16.55 0.08398
16.5667 0.08282
16.5833 0.08167
16.6 0.08053
16.6167 0.07939
16.6333 0.07826
16.65 0.07714
16.6667 0.07603
16.6833 0.07492
16.7 0.07383
16.7167 0.07274
16.7333 0.07166
16.75 0.07058
16.7667 0.06952
16.7833 0.06846
16.8 0.06742
16.8167 0.06638
16.8333 0.06535
16.85 0.06432
16.8667 0.06331
16.8833 0.06231
16.9 0.06131
16.9167 0.06032
16.9333 0.05934
16.95 0.05837
16.9667 0.05741
16.9833 0.05646
17.0 0.05552
17.0167 0.05458
17.0333 0.05366
17.05 0.05274
17.0667 0.05183
17.0833 0.05093
17.1 0.05004
17.1167 0.04916
17.1333 0.04829
17.15 0.04742
17.1667 0.04657
17.1833 0.04572
17.2 0.04489
17.2167 0.04406
17.2333 0.04324
17.25 0.04244
17.2667 0.04164
17.2833 0.04084
17.3 0.04006
17.3167 0.03929
17.3333 0.03853
17.35 0.03777
17.3667 0.03703
17.3833 0.03629
17.4 0.03557
17.4167 0.03485
17.4333 0.03414
17.45 0.03344
17.4667 0.03275
17.4833 0.03207
17.5 0.03139
17.5167 0.03073
17.5333 0.03007
17.55 0.02943
17.5667 0.02879
17.5833 0.02816
17.6 0.02754
17.6167 0.02693
17.6333 0.02633
17.65 0.02574
17.6667 0.02515
17.6833 0.02458
17.7 0.02401
17.7167 0.02345
17.7333 0.0229
17.75 0.02236
17.7667 0.02183
17.7833 0.0213
17.8 0.02078
17.8167 0.02028
17.8333 0.01978
17.85 0.01928
17.8667 0.0188
17.8833 0.01833
17.9 0.01786
17.9167 0.0174
17.9333 0.01695
17.95 0.01651
17.9667 0.01607
17.9833 0.01564
18.0 0.01522
18.0167 0.01481
18.0333 0.01441
18.05 0.01401
18.0667 0.01362
18.0833 0.01324
18.1 0.01286
18.1167 0.0125
18.1333 0.01214
18.15 0.01178
18.1667 0.01144
18.1833 0.0111
18.2 0.01077
18.2167 0.01044
18.2333 0.01012
18.25 0.00981
18.2667 0.009505
18.2833 0.009206
18.3 0.008914
18.3167 0.008628
18.3333 0.008349
18.35 0.008075
18.3667 0.007808
18.3833 0.007547
18.4 0.007292
18.4167 0.007043
18.4333 0.0068
18.45 0.006562
18.4667 0.00633
18.4833 0.006104
18.5 0.005883
18.5167 0.005667
18.5333 0.005457
18.55 0.005252
18.5667 0.005053
18.5833 0.004858
18.6 0.004668
18.6167 0.004484
18.6333 0.004304
18.65 0.004129
18.6667 0.003958
18.6833 0.003792
18.7 0.003631
18.7167 0.003474
18.7333 0.003321
18.75 0.003173
18.7667 0.003029
18.7833 0.002888
18.8 0.002752
18.8167 0.00262
18.8333 0.002492
18.85 0.002367
18.8667 0.002247
18.8833 0.00213
18.9 0.002016
18.9167 0.001906
18.9333 0.0018
18.95 0.001697
18.9667 0.001597
18.9833 0.0015
19.0 0.001407
19.0167 0.001318
19.0333 0.001231
19.05 0.001148
19.0667 0.001067
19.0833 0.0009905
19.1 0.0009166
19.1167 0.000846
19.1333 0.0007786
19.15 0.0007145
19.1667 0.0006539
19.1833 0.000597
19.2 0.0005391
19.2167 0.0004794
19.2333 0.0004287
19.25 0.0003858
19.2667 0.0003495
19.2833 0.0003038
19.3 0.0002722
19.3167 0.0002351
19.3333 0.0002046
19.35 0.0001806
19.3667 0.0001544
19.3833 0.0001317
19.4 0.0001119
19.4167 9.281e-05
19.4333 7.726e-05
19.45 6.447e-05
19.4667 5.263e-05
19.4833 4.308e-05
19.5 3.455e-05
19.5167 2.8e-05
19.5333 2.21e-05
19.55 1.726e-05
19.5667 1.336e-05
19.5833 1.024e-05
19.6 7.764e-06
19.6167 5.699e-06
19.6333 4.11e-06
19.65 2.918e-06
19.6667 1.937e-06
19.6833 1.282e-06
19.7 7.926e-07
19.7167 4.826e-07
19.7333 2.888e-07
19.75 1.656e-07
19.7667 8.621e-08
19.7833 3.787e-08
19.8 1.221e-08
19.8167 2.062e-09
19.8333 1.718e-10
19.85 5.298e-12
19.8667 5.619e-14
19.8833 9.047e-17
19.9 0.0
19.9167 0.0
19.9333 0.0
19.95 0.0
19.9667 0.0
19.9833 0.0
20.0 0.0
20.0167 0.0
20.0333 0.0
20.05 0.0
20.0667 0.0
20.0833 0.0
20.1 0.0
20.1167 0.0
20.1333 0.0
20.15 0.0
20.1667 0.0
20.1833 0.0
20.2 0.0
20.2167 0.0
20.2333 0.0
20.25 0.0
20.2667 0.0
20.2833 0.0
20.3 0.0
20.3167 0.0
20.3333 0.0
20.35 0.0
20.3667 0.0
20.3833 0.0
20.4 0.0
20.4167 0.0
20.4333 0.0
20.45 0.0
20.4667 0.0
20.4833 0.0
20.5 0.0
20.5167 0.0
20.5333 0.0
20.55 0.0
20.5667 0.0
20.5833 0.0
20.6 0.0
20.6167 0.0
20.6333 0.0
20.65 0.0
20.6667 0.0
20.6833 0.0
20.7 0.0
20.7167 0.0
20.7333 0.0
20.75 0.0
20.7667 0.0
20.7833 0.0
20.8 0.0
20.8167 0.0
20.8333 0.0
20.85 0.0
20.8667 0.0
20.8833 0.0
20.9 0.0
20.9167 0.0
20.9333 0.0
20.95 0.0
20.9667 0.0
20.9833 0.0
21.0 0.0
21.0167 0.0
21.0333 0.0
21.05 0.0
21.0667 0.0
21.0833 0.0
21.1 0.0
21.1167 0.0
21.1333 0.0
21.15 0.0
21.1667 0.0
21.1833 0.0
21.2 0.0
21.2167 0.0
21.2333 0.0
21.25 0.0
21.2667 0.0
21.2833 0.0
21.3 0.0
21.3167 0.0
21.3333 0.0
21.35 0.0
21.3667 0.0
21.3833 0.0
21.4 0.0
21.4167 0.0
21.4333 0.0
21.45 0.0
21.4667 0.0
21.4833 0.0
21.5 0.0
21.5167 0.0
21.5333 0.0
21.55 0.0
21.5667 0.0
21.5833 0.0
21.6 0.0
21.6167 0.0
21.6333 0.0
21.65 0.0
21.6667 0.0
21.6833 0.0
21.7 0.0
21.7167 0.0
21.7333 0.0
21.75 0.0
21.7667 0.0
21.7833 0.0
21.8 0.0
21.8167 0.0
21.8333 0.0
21.85 0.0
21.8667 0.0
21.8833 0.0
21.9 0.0
21.9167 0.0
21.9333 0.0
21.95 0.0
21.9667 0.0
21.9833 0.0
22.0 0.0
22.0167 0.0
22.0333 0.0
22.05 0.0
22.0667 0.0
22.0833 0.0
22.1 0.0
22.1167 0.0
22.1333 0.0
22.15 0.0
22.1667 0.0
22.1833 0.0
22.2 0.0
22.2167 0.0
22.2333 0.0
22.25 0.0
22.2667 0.0
22.2833 0.0
22.3 0.0
22.3167 0.0
22.3333 0.0
22.35 0.0
22.3667 0.0
22.3833 0.0
22.4 0.0
22.4167 0.0
22.4333 0.0
22.45 0.0
22.4667 0.0
22.4833 0.0
22.5 0.0
22.5167 0.0
22.5333 0.0
22.55 0.0
22.5667 0.0
22.5833 0.0
22.6 0.0
22.6167 0.0
22.6333 0.0
22.65 0.0
22.6667 0.0
22.6833 0.0
22.7 0.0
22.7167 0.0
22.7333 0.0
22.75 0.0
22.7667 0.0
22.7833 0.0
22.8 0.0
22.8167 0.0
22.8333 0.0
22.85 0.0
22.8667 0.0
22.8833 0.0
22.9 0.0
22.9167 0.0
22.9333 0.0
22.95 0.0
22.9667 0.0
22.9833 0.0
23.0 0.0
23.0167 0.0
23.0333 0.0
23.05 0.0
23.0667 0.0
23.0833 0.0
23.1 0.0
23.1167 0.0
23.1333 0.0
23.15 0.0
23.1667 0.0
23.1833 0.0
23.2 0.0
23.2167 0.0
23.2333 0.0
23.25 0.0
23.2667 0.0
23.2833 0.0
23.3 0.0
23.3167 0.0
23.3333 0.0
23.35 0.0
23.3667 0.0
23.3833 0.0
23.4 0.0
23.4167 0.0
23.4333 0.0
23.45 0.0
23.4667 0.0
23.4833 0.0
23.5 0.0
23.5167 0.0
23.5333 0.0
23.55 0.0
23.5667 0.0
23.5833 0.0
23.6 0.0
23.6167 0.0
23.6333 0.0
23.65 0.0
23.6667 0.0
23.6833 0.0
23.7 0.0
23.7167 0.0
23.7333 0.0
23.75 0.0
23.7667 0.0
23.7833 0.0
23.8 0.0
23.8167 0.0
23.8333 0.0
23.85 0.0
23.8667 0.0
23.8833 0.0
23.9 0.0
23.9167 0.0
23.9333 0.0
23.95 0.0
23.9667 0.0
23.9833 0.0
