0.0 0.0
0.0167 0.0
0.0333 0.0
0.05 0.0
0.0667 0.0
0.0833 0.0
0.1 0.0
0.1167 0.0
0.1333 0.0
0.15 0.0
0.1667 0.0
0.1833 0.0
0.2 0.0
0.2167 0.0
0.2333 0.0
0.25 0.0
0.2667 0.0
0.2833 0.0
0.3 0.0
0.3167 0.0
0.3333 0.0
0.35 0.0
0.3667 0.0
0.3833 0.0
0.4 0.0
0.4167 0.0
0.4333 0.0
0.45 0.0
0.4667 0.0
0.4833 0.0
0.5 0.0
0.5167 0.0
0.5333 0.0
0.55 0.0
0.5667 0.0
0.5833 0.0
0.6 0.0
0.6167 0.0
0.6333 0.0
0.65 0.0
0.6667 0.0
0.6833 0.0
0.7 0.0
0.7167 0.0
0.7333 0.0
0.75 0.0
0.7667 0.0
0.7833 0.0
0.8 0.0
0.8167 0.0
0.8333 0.0
0.85 0.0
0.8667 0.0
0.8833 0.0
0.9 0.0
0.9167 0.0
0.9333 0.0
0.95 0.0
0.9667 0.0
0.9833 0.0
1.0 0.0
1.0167 0.0
1.0333 0.0
1.05 0.0
1.0667 0.0
1.0833 0.0
1.1 0.0
1.1167 0.0
1.1333 0.0
1.15 0.0
1.1667 0.0
1.1833 0.0
1.2 0.0
1.2167 0.0
1.2333 0.0
1.25 0.0
1.2667 0.0
1.2833 0.0
1.3 0.0
1.3167 0.0
1.3333 0.0
1.35 0.0
1.3667 0.0
1.3833 0.0
1.4 0.0
1.4167 0.0
1.4333 0.0
1.45 0.0
1.4667 0.0
1.4833 0.0
1.5 0.0
1.5167 0.0
1.5333 0.0
1.55 0.0
1.5667 0.0
1.5833 0.0
1.6 0.0
1.6167 0.0
1.6333 0.0
1.65 0.0
1.6667 0.0
1.6833 0.0
1.7 0.0
1.7167 0.0
1.7333 0.0
1.75 0.0
1.7667 0.0
1.7833 0.0
1.8 0.0
1.8167 0.0
1.8333 0.0
1.85 0.0
1.8667 0.0
1.8833 0.0
1.9 0.0
1.9167 0.0
1.9333 0.0
1.95 0.0
1.9667 0.0
1.9833 0.0
2.0 0.0
2.0167 0.0
2.0333 0.0
2.05 0.0
2.0667 0.0
2.0833 0.0
2.1 0.0
2.1167 0.0
2.1333 0.0
2.15 0.0
2.1667 0.0
2.1833 0.0
2.2 0.0
2.2167 0.0
2.2333 0.0
2.25 0.0
2.2667 0.0
2.2833 0.0
2.3 0.0
2.3167 0.0
2.3333 0.0
2.35 0.0
2.3667 0.0
2.3833 0.0
2.4 0.0
2.4167 0.0
2.4333 0.0
2.45 0.0
2.4667 0.0
2.4833 0.0
2.5 0.0
2.5167 0.0
2.5333 0.0
2.55 0.0
2.5667 0.0
2.5833 0.0
2.6 0.0
2.6167 0.0
2.6333 0.0
2.65 0.0
2.6667 0.0
2.6833 0.0
2.7 0.0
2.7167 0.0
2.7333 0.0
2.75 0.0
2.7667 0.0
2.7833 0.0
2.8 0.0
2.8167 0.0
2.8333 0.0
2.85 0.0
2.8667 0.0
2.8833 0.0
2.9 0.0
2.9167 0.0
2.9333 0.0
2.95 0.0
2.9667 0.0
2.9833 0.0
3.0 0.0
3.0167 0.0
3.0333 0.0
3.05 0.0
3.0667 0.0
3.0833 0.0
3.1 0.0
3.1167 0.0
3.1333 0.0
3.15 0.0
3.1667 0.0
3.1833 0.0
3.2 0.0
3.2167 0.0
3.2333 0.0
3.25 0.0
3.2667 0.0
3.2833 0.0
3.3 0.0
3.3167 0.0
3.3333 0.0
3.35 0.0
3.3667 0.0
3.3833 0.0
3.4 0.0
3.4167 0.0
3.4333 0.0
3.45 0.0
3.4667 0.0
3.4833 0.0
3.5 0.0
3.5167 0.0
3.5333 0.0
3.55 0.0
3.5667 0.0
3.5833 0.0
3.6 0.0
3.6167 0.0
3.6333 0.0
3.65 0.0
3.6667 0.0
3.6833 0.0
3.7 0.0
3.7167 0.0
3.7333 0.0
3.75 0.0
3.7667 0.0
3.7833 0.0
3.8 0.0
3.8167 0.0
3.8333 0.0
3.85 0.0
3.8667 0.0
3.8833 0.0
3.9 0.0
3.9167 0.0
3.9333 0.0
3.95 0.0
3.9667 0.0
3.9833 0.0
4.0 0.0
4.0167 0.0
4.0333 0.0
4.05 0.0
4.0667 0.0
4.0833 0.0
4.1 0.0
4.1167 0.0
4.1333 0.0
4.15 0.0
4.1667 0.0
4.1833 0.0
4.2 0.0
4.2167 0.0
4.2333 0.0
4.25 0.0
4.2667 0.0
4.2833 0.0
4.3 0.0
4.3167 0.0
4.3333 0.0
4.35 0.0
4.3667 0.0
4.3833 0.0
4.4 0.0
4.4167 0.0
4.4333 0.0
4.45 0.0
4.4667 0.0
4.4833 0.0
4.5 0.0
4.5167 0.0
4.5333 0.0
4.55 0.0
4.5667 0.0
4.5833 0.0
4.6 0.0
4.6167 0.0
4.6333 0.0
4.65 0.0
4.6667 0.0
4.6833 0.0
4.7 0.0
4.7167 0.0
4.7333 0.0
4.75 0.0
4.7667 0.0
4.7833 0.0
4.8 0.0
4.8167 0.0
4.8333 0.0
4.85 0.0
4.8667 0.0
4.8833 0.0
4.9 0.0
4.9167 0.0
4.9333 0.0
4.95 0.0
4.9667 0.0
4.9833 0.0
5.0 0.0
5.0167 0.0
5.0333 0.0
5.05 0.0
5.0667 0.0
5.0833 0.0
5.1 0.0
5.1167 0.0
5.1333 0.0
5.15 0.0
5.1667 0.0
5.1833 0.0
5.2 0.0
5.2167 0.0
5.2333 0.0
5.25 0.0
5.2667 0.0
5.2833 0.0
5.3 0.0
5.3167 0.0
5.3333 0.0
5.35 0.0
5.3667 0.0
5.3833 0.0
5.4 0.0
5.4167 0.0
5.4333 0.0
5.45 0.0
5.4667 0.0
5.4833 0.0
5.5 0.0
5.5167 0.0
5.5333 0.0
5.55 0.0
5.5667 0.0
5.5833 0.0
5.6 0.0
5.6167 0.0
5.6333 0.0
5.65 0.0
5.6667 0.0
5.6833 0.0
5.7 0.0
5.7167 0.0
5.7333 0.0
5.75 0.0
5.7667 0.0
5.7833 0.0
5.8 0.0
5.8167 0.0
5.8333 0.0
5.85 0.0
5.8667 0.0
5.8833 0.0
5.9 0.0
5.9167 0.0
5.9333 0.0
5.95 0.0
5.9667 0.0
5.9833 0.0
6.0 0.0
6.0167 0.0
6.0333 0.0
6.05 0.0
6.0667 0.0
6.0833 0.0
6.1 0.0
6.1167 0.0
6.1333 0.0
6.15 0.0
6.1667 0.0
6.1833 0.0
6.2 0.0
6.2167 0.0
6.2333 0.0
6.25 0.0
6.2667 0.0
6.2833 0.0
6.3 0.0
6.3167 0.0
6.3333 0.0
6.35 0.0
6.3667 0.0
6.3833 0.0
6.4 0.0
6.4167 0.0
6.4333 1.343e-16
6.45 9.296e-14
6.4667 1.19e-11
6.4833 3.23e-10
6.5 4.045e-09
6.5167 2.034e-08
6.5333 5.887e-08
6.55 1.326e-07
6.5667 2.51e-07
6.5833 4.456e-07
6.6 7.699e-07
6.6167 1.289e-06
6.6333 2.057e-06
6.65 3.211e-06
6.6667 4.715e-06
6.6833 6.717e-06
6.7 9.174e-06
6.7167 1.237e-05
6.7333 1.656e-05
6.75 2.161e-05
6.7667 2.779e-05
6.7833 3.492e-05
6.8 4.382e-05
6.8167 5.493e-05
6.8333 6.725e-05
6.85 8.255e-05
6.8667 9.915e-05
6.8833 0.0001199
6.9 0.0001434
6.9167 0.0001687
6.9333 0.0001977
6.95 0.000231
6.9667 0.0002639
6.9833 0.0003011
7.0 0.0003473
7.0167 0.0003888
7.0333 0.000445
7.05 0.0004916
7.0667 0.0005466
7.0833 0.0006114
7.1 0.0006876
7.1167 0.0007573
7.1333 0.0008286
7.15 0.0009045
7.1667 0.0009846
7.1833 0.001068
7.2 0.001156
7.2167 0.001248
7.2333 0.001344
7.25 0.001444
7.2667 0.001547
7.2833 0.001654
7.3 0.001766
7.3167 0.001881
7.3333 0.002
7.35 0.002124
7.3667 0.002251
7.3833 0.002382
7.4 0.002518
7.4167 0.002658
7.4333 0.002803
7.45 0.002952
7.4667 0.003104
7.4833 0.003262
7.5 0.003425
7.5167 0.003592
7.5333 0.003764
7.55 0.00394
7.5667 0.004122
7.5833 0.004308
7.6 0.0045
7.6167 0.004697
7.6333 0.004899
7.65 0.005106
7.6667 0.005319
7.6833 0.005537
7.7 0.005761
7.7167 0.005991
7.7333 0.006226
7.75 0.006466
7.7667 0.006713
7.7833 0.006966
7.8 0.007224
7.8167 0.007489
7.8333 0.00776
7.85 0.008037
7.8667 0.008321
7.8833 0.00861
7.9 0.008907
7.9167 0.00921
7.9333 0.009518
7.95 0.009834
7.9667 0.01016
7.9833 0.01049
8.0 0.01082
8.0167 0.01117
8.0333 0.01152
8.05 0.01187
8.0667 0.01224
8.0833 0.01261
8.1 0.01299
8.1167 0.01337
8.1333 0.01376
8.15 0.01416
8.1667 0.01457
8.1833 0.01499
8.2 0.01541
8.2167 0.01584
8.2333 0.01627
8.25 0.01672
8.2667 0.01717
8.2833 0.01763
8.3 0.0181
8.3167 0.01857
8.3333 0.01906
8.35 0.01955
8.3667 0.02005
8.3833 0.02055
8.4 0.02106
8.4167 0.02159
8.4333 0.02212
8.45 0.02265
8.4667 0.0232
8.4833 0.02375
8.5 0.02431
8.5167 0.02488
8.5333 0.02546
8.55 0.02604
8.5667 0.02663
8.5833 0.02723
8.6 0.02784
8.6167 0.02846
8.6333 0.02908
8.65 0.02971
8.6667 0.03035
8.6833 0.03099
8.7 0.03165
8.7167 0.03231
8.7333 0.03298
8.75 0.03366
8.7667 0.03434
8.7833 0.03504
8.8 0.03574
8.8167 0.03645
8.8333 0.03716
8.85 0.03789
8.8667 0.03862
8.8833 0.03936
8.9 0.0401
8.9167 0.04086
8.9333 0.04162
8.95 0.04238
8.9667 0.04316
8.9833 0.04394
9.0 0.04473
9.0167 0.04553
9.0333 0.04633
9.05 0.04714
9.0667 0.04796
9.0833 0.04878
9.1 0.04961
9.1167 0.05045
9.1333 0.05129
9.15 0.05214
9.1667 0.053
9.1833 0.05387
9.2 0.05474
9.2167 0.05561
9.2333 0.0565
9.25 0.05738
9.2667 0.05828
9.2833 0.05918
9.3 0.06009
9.3167 0.061
9.3333 0.06192
9.35 0.06284
9.3667 0.06377
9.3833 0.06471
9.4 0.06565
9.4167 0.06659
9.4333 0.06754
9.45 0.0685
9.4667 0.06946
9.4833 0.07043
9.5 0.0714
9.5167 0.07237
9.5333 0.07336
9.55 0.07434
9.5667 0.07533
9.5833 0.07633
9.6 0.07732
9.6167 0.07832
9.6333 0.07933
9.65 0.08034
9.6667 0.08136
9.6833 0.08237
9.7 0.0834
9.7167 0.08442
9.7333 0.08545
9.75 0.08648
9.7667 0.08752
9.7833 0.08855
9.8 0.08959
9.8167 0.09064
9.8333 0.09168
9.85 0.09273
9.8667 0.09378
9.8833 0.09484
9.9 0.09589
9.9167 0.09695
9.9333 0.09801
9.95 0.09907
9.9667 0.1001
9.9833 0.1012
10.0 0.1023
10.0167 0.1033
10.0333 0.1044
10.05 0.1055
10.0667 0.1065
10.0833 0.1076
10.1 0.1087
10.1167 0.1098
10.1333 0.1108
10.15 0.1119
10.1667 0.113
10.1833 0.1141
10.2 0.1151
10.2167 0.1162
10.2333 0.1173
10.25 0.1184
10.2667 0.1194
10.2833 0.1205
10.3 0.1216
10.3167 0.1226
10.3333 0.1237
10.35 0.1248
10.3667 0.1258
10.3833 0.1269
10.4 0.128
10.4167 0.129
10.4333 0.1301
10.45 0.1311
10.4667 0.1322
10.4833 0.1333
10.5 0.1343
10.5167 0.1354
10.5333 0.1364
10.55 0.1375
10.5667 0.1385
10.5833 0.1395
10.6 0.1406
10.6167 0.1416
10.6333 0.1426
10.65 0.1436
10.6667 0.1446
10.6833 0.1457
10.7 0.1467
10.7167 0.1477
10.7333 0.1487
10.75 0.1497
10.7667 0.1507
10.7833 0.1517
10.8 0.1527
10.8167 0.1537
10.8333 0.1547
10.85 0.1556
10.8667 0.1565
10.8833 0.1575
10.9 0.1585
10.9167 0.1595
10.9333 0.1604
10.95 0.1613
10.9667 0.1622
10.9833 0.1632
11.0 0.1641
11.0167 0.165
11.0333 0.1659
11.05 0.1669
11.0667 0.1678
11.0833 0.1686
11.1 0.1695
11.1167 0.1704
11.1333 0.1713
11.15 0.1721
11.1667 0.173
11.1833 0.1738
11.2 0.1747
11.2167 0.1755
11.2333 0.1763
11.25 0.1771
11.2667 0.178
11.2833 0.1788
11.3 0.1795
11.3167 0.1803
11.3333 0.1811
11.35 0.1819
11.3667 0.1826
11.3833 0.1834
11.4 0.1841
11.4167 0.1849
11.4333 0.1856
11.45 0.1862
11.4667 0.187
11.4833 0.1877
11.5 0.1884
11.5167 0.1891
11.5333 0.1897
11.55 0.1903
11.5667 0.1911
11.5833 0.1917
11.6 0.1923
11.6167 0.193
11.6333 0.1936
11.65 0.1942
11.6667 0.1948
11.6833 0.1953
11.7 0.1959
11.7167 0.1965
11.7333 0.197
11.75 0.1976
11.7667 0.1981
11.7833 0.1986
11.8 0.1991
11.8167 0.1996
11.8333 0.2001
11.85 0.2005
11.8667 0.2011
11.8833 0.2015
11.9 0.202
11.9167 0.2023
11.9333 0.2028
11.95 0.2031
11.9667 0.2035
11.9833 0.204
12.0 0.2044
12.0167 0.2048
12.0333 0.2051
12.05 0.2054
12.0667 0.2058
12.0833 0.2061
12.1 0.2064
12.1167 0.2067
12.1333 0.207
12.15 0.2073
12.1667 0.2075
12.1833 0.2078
12.2 0.208
12.2167 0.2082
12.2333 0.2084
12.25 0.2087
12.2667 0.2089
12.2833 0.209
12.3 0.2092
12.3167 0.2094
12.3333 0.2094
12.35 0.2096
12.3667 0.2097
12.3833 0.2099
12.4 0.21
12.4167 0.21
12.4333 0.2101
12.45 0.2102
12.4667 0.2102
12.4833 0.2103
12.5 0.2103
12.5167 0.2103
12.5333 0.2103
12.55 0.2103
12.5667 0.2102
12.5833 0.2102
12.6 0.2102
12.6167 0.2101
12.6333 0.21
12.65 0.2099
12.6667 0.2098
12.6833 0.2097
12.7 0.2096
12.7167 0.2094
12.7333 0.2093
12.75 0.2092
12.7667 0.209
12.7833 0.2088
12.8 0.2086
12.8167 0.2084
12.8333 0.2082
12.85 0.208
12.8667 0.2077
12.8833 0.2075
12.9 0.2072
12.9167 0.2069
12.9333 0.2067
12.95 0.2064
12.9667 0.206
12.9833 0.2057
13.0 0.2054
13.0167 0.2051
13.0333 0.2047
13.05 0.2043
13.0667 0.2039
13.0833 0.2035
13.1 0.2031
13.1167 0.2027
13.1333 0.2023
13.15 0.2019
13.1667 0.2014
13.1833 0.201
13.2 0.2005
13.2167 0.2
13.2333 0.1995
13.25 0.199
13.2667 0.1985
13.2833 0.198
13.3 0.1975
13.3167 0.1969
13.3333 0.1964
13.35 0.1958
13.3667 0.1953
13.3833 0.1947
13.4 0.1941
13.4167 0.1935
13.4333 0.1929
13.45 0.1922
13.4667 0.1916
13.4833 0.191
13.5 0.1903
13.5167 0.1896
13.5333 0.189
13.55 0.1883
13.5667 0.1876
13.5833 0.1869
13.6 0.1862
13.6167 0.1855
13.6333 0.1847
13.65 0.184
13.6667 0.1833
13.6833 0.1825
13.7 0.1816
13.7167 0.181
13.7333 0.1802
13.75 0.1794
13.7667 0.1786
13.7833 0.1778
13.8 0.177
13.8167 0.1762
13.8333 0.1754
13.85 0.1745
13.8667 0.1737
13.8833 0.1729
13.9 0.172
13.9167 0.1711
13.9333 0.1703
13.95 0.1694
13.9667 0.1685
13.9833 0.1676
14.0 0.1667
14.0167 0.1658
14.0333 0.1649
14.05 0.164
14.0667 0.1631
14.0833 0.1621
14.1 0.1612
14.1167 0.1603
14.1333 0.1593
14.15 0.1584
14.1667 0.1574
14.1833 0.1564
14.2 0.1555
14.2167 0.1544
14.2333 0.1535
14.25 0.1525
14.2667 0.1516
14.2833 0.1506
14.3 0.1496
14.3167 0.1486
14.3333 0.1476
14.35 0.1465
14.3667 0.1455
14.3833 0.1445
14.4 0.1435
14.4167 0.1425
14.4333 0.1414
14.45 0.1404
14.4667 0.1393
14.4833 0.1383
14.5 0.1373
14.5167 0.1362
14.5333 0.1352
14.55 0.1342
14.5667 0.1331
14.5833 0.132
14.6 0.131
14.6167 0.1299
14.6333 0.1289
14.65 0.1278
14.6667 0.1267
14.6833 0.1257
14.7 0.1246
14.7167 0.1235
14.7333 0.1225
14.75 0.1214
14.7667 0.1203
14.7833 0.1193
14.8 0.1182
14.8167 0.1171
14.8333 0.116
14.85 0.115
14.8667 0.1139
14.8833 0.1128
14.9 0.1117
14.9167 0.1107
14.9333 0.1096
14.95 0.1085
14.9667 0.1075
14.9833 0.1064
15.0 0.1053
15.0167 0.1042
15.0333 0.1032
15.05 0.1021
15.0667 0.101
15.0833 0.09997
15.1 0.09891
15.1167 0.09785
15.1333 0.09679
15.15 0.09573
15.1667 0.09468
15.1833 0.09362
15.2 0.09257
15.2167 0.09152
15.2333 0.09048
15.25 0.08943
15.2667 0.08839
15.2833 0.08736
15.3 0.08632
15.3167 0.08529
15.3333 0.08426
15.35 0.08324
15.3667 0.08222
15.3833 0.0812
15.4 0.08019
15.4167 0.07918
15.4333 0.07817
15.45 0.07717
15.4667 0.07617
15.4833 0.07518
15.5 0.07419
15.5167 0.07321
15.5333 0.07223
15.55 0.07125
15.5667 0.07028
15.5833 0.06932
15.6 0.06836
15.6167 0.0674
15.6333 0.06645
15.65 0.06551
15.6667 0.06457
15.6833 0.06363
15.7 0.0627
15.7167 0.06178
15.7333 0.06086
15.75 0.05995
15.7667 0.05904
15.7833 0.05814
15.8 0.05725
15.8167 0.05636
15.8333 0.05548
15.85 0.0546
15.8667 0.05373
15.8833 0.05287
15.9 0.05202
15.9167 0.05117
15.9333 0.05032
15.95 0.04949
15.9667 0.04866
15.9833 0.04783
16.0 0.04702
16.0167 0.04621
16.0333 0.04541
16.05 0.04461
16.0667 0.04382
16.0833 0.04304
16.1 0.04227
16.1167 0.0415
16.1333 0.04074
16.15 0.03999
16.1667 0.03924
16.1833 0.03851
16.2 0.03778
16.2167 0.03706
16.2333 0.03634
16.25 0.03563
16.2667 0.03493
16.2833 0.03424
16.3 0.03356
16.3167 0.03288
16.3333 0.03221
16.35 0.03155
16.3667 0.0309
16.3833 0.03025
16.4 0.02961
16.4167 0.02898
16.4333 0.02836
16.45 0.02775
16.4667 0.02714
16.4833 0.02654
16.5 0.02595
16.5167 0.02537
16.5333 0.02479
16.55 0.02423
16.5667 0.02367
16.5833 0.02312
16.6 0.02257
16.6167 0.02204
16.6333 0.02151
16.65 0.02099
16.6667 0.02048
16.6833 0.01997
16.7 0.01947
16.7167 0.01898
16.7333 0.0185
16.75 0.01803
16.7667 0.01756
16.7833 0.0171
16.8 0.01665
16.8167 0.01621
16.8333 0.01577
16.85 0.01535
16.8667 0.01492
16.8833 0.01451
16.9 0.0141
16.9167 0.01371
16.9333 0.01331
16.95 0.01293
16.9667 0.01255
16.9833 0.01218
17.0 0.01182
17.0167 0.01146
17.0333 0.01111
17.05 0.01077
17.0667 0.01044
17.0833 0.01011
17.1 0.009787
17.1167 0.009473
17.1333 0.009164
17.15 0.008862
17.1667 0.008567
17.1833 0.008278
17.2 0.007996
17.2167 0.00772
17.2333 0.00745
17.25 0.007186
17.2667 0.006928
17.2833 0.006676
17.3 0.006431
17.3167 0.006191
17.3333 0.005956
17.35 0.005728
17.3667 0.005505
17.3833 0.005287
17.4 0.005076
17.4167 0.004869
17.4333 0.004668
17.45 0.004472
17.4667 0.004281
17.4833 0.004095
17.5 0.003914
17.5167 0.003738
17.5333 0.003567
17.55 0.003401
17.5667 0.003239
17.5833 0.003082
17.6 0.002929
17.6167 0.002781
17.6333 0.002638
17.65 0.002498
17.6667 0.002363
17.6833 0.002232
17.7 0.002105
17.7167 0.001983
17.7333 0.001864
17.75 0.001749
17.7667 0.001639
17.7833 0.001532
17.8 0.001429
17.8167 0.00133
17.8333 0.001235
17.85 0.001143
17.8667 0.001056
17.8833 0.0009725
17.9 0.0008931
17.9167 0.000818
17.9333 0.0007473
17.95 0.0006758
17.9667 0.0006014
17.9833 0.000538
18.0 0.0004843
18.0167 0.0004388
18.0333 0.0003818
18.05 0.0003423
18.0667 0.0002958
18.0833 0.0002573
18.1 0.0002258
18.1167 0.0001944
18.1333 0.0001658
18.15 0.0001394
18.1667 0.0001159
18.1833 9.675e-05
18.2 8.083e-05
18.2167 6.522e-05
18.2333 5.37e-05
18.25 4.263e-05
18.2667 3.37e-05
18.2833 2.644e-05
18.3 2.051e-05
18.3167 1.569e-05
18.3333 1.185e-05
18.35 8.835e-06
18.3667 6.41e-06
18.3833 4.471e-06
18.4 3.033e-06
18.4167 1.942e-06
18.4333 1.185e-06
18.45 7.021e-07
18.4667 4.071e-07
18.4833 2.271e-07
18.5 1.17e-07
18.5167 5.183e-08
18.5333 1.757e-08
18.55 2.801e-09
18.5667 2.275e-10
18.5833 5.875e-12
18.6 4.108e-14
18.6167 5.158e-17
18.6333 0.0
18.65 0.0
18.6667 0.0
18.6833 0.0
18.7 0.0
18.7167 0.0
18.7333 0.0
18.75 0.0
18.7667 0.0
18.7833 0.0
18.8 0.0
18.8167 0.0
18.8333 0.0
18.85 0.0
18.8667 0.0
18.8833 0.0
18.9 0.0
18.9167 0.0
18.9333 0.0
18.95 0.0
18.9667 0.0
18.9833 0.0
19.0 0.0
19.0167 0.0
19.0333 0.0
19.05 0.0
19.0667 0.0
19.0833 0.0
19.1 0.0
19.1167 0.0
19.1333 0.0
19.15 0.0
19.1667 0.0
19.1833 0.0
19.2 0.0
19.2167 0.0
19.2333 0.0
19.25 0.0
19.2667 0.0
19.2833 0.0
19.3 0.0
19.3167 0.0
19.3333 0.0
19.35 0.0
19.3667 0.0
19.3833 0.0
19.4 0.0
19.4167 0.0
19.4333 0.0
19.45 0.0
19.4667 0.0
19.4833 0.0
19.5 0.0
19.5167 0.0
19.5333 0.0
19.55 0.0
19.5667 0.0
19.5833 0.0
19.6 0.0
19.6167 0.0
19.6333 0.0
19.65 0.0
19.6667 0.0
19.6833 0.0
19.7 0.0
19.7167 0.0
19.7333 0.0
19.75 0.0
19.7667 0.0
19.7833 0.0
19.8 0.0
19.8167 0.0
19.8333 0.0
19.85 0.0
19.8667 0.0
19.8833 0.0
19.9 0.0
19.9167 0.0
19.9333 0.0
19.95 0.0
19.9667 0.0
19.9833 0.0
20.0 0.0
20.0167 0.0
20.0333 0.0
20.05 0.0
20.0667 0.0
20.0833 0.0
20.1 0.0
20.1167 0.0
20.1333 0.0
20.15 0.0
20.1667 0.0
20.1833 0.0
20.2 0.0
20.2167 0.0
20.2333 0.0
20.25 0.0
20.2667 0.0
20.2833 0.0
20.3 0.0
20.3167 0.0
20.3333 0.0
20.35 0.0
20.3667 0.0
20.3833 0.0
20.4 0.0
20.4167 0.0
20.4333 0.0
20.45 0.0
20.4667 0.0
20.4833 0.0
20.5 0.0
20.5167 0.0
20.5333 0.0
20.55 0.0
20.5667 0.0
20.5833 0.0
20.6 0.0
20.6167 0.0
20.6333 0.0
20.65 0.0
20.6667 0.0
20.6833 0.0
20.7 0.0
20.7167 0.0
20.7333 0.0
20.75 0.0
20.7667 0.0
20.7833 0.0
20.8 0.0
20.8167 0.0
20.8333 0.0
20.85 0.0
20.8667 0.0
20.8833 0.0
20.9 0.0
20.9167 0.0
20.9333 0.0
20.95 0.0
20.9667 0.0
20.9833 0.0
21.0 0.0
21.0167 0.0
21.0333 0.0
21.05 0.0
21.0667 0.0
21.0833 0.0
21.1 0.0
21.1167 0.0
21.1333 0.0
21.15 0.0
21.1667 0.0
21.1833 0.0
21.2 0.0
21.2167 0.0
21.2333 0.0
21.25 0.0
21.2667 0.0
21.2833 0.0
21.3 0.0
21.3167 0.0
21.3333 0.0
21.35 0.0
21.3667 0.0
21.3833 0.0
21.4 0.0
21.4167 0.0
21.4333 0.0
21.45 0.0
21.4667 0.0
21.4833 0.0
21.5 0.0
21.5167 0.0
21.5333 0.0
21.55 0.0
21.5667 0.0
21.5833 0.0
21.6 0.0
21.6167 0.0
21.6333 0.0
21.65 0.0
21.6667 0.0
21.6833 0.0
21.7 0.0
21.7167 0.0
21.7333 0.0
21.75 0.0
21.7667 0.0
21.7833 0.0
21.8 0.0
21.8167 0.0
21.8333 0.0
21.85 0.0
21.8667 0.0
21.8833 0.0
21.9 0.0
21.9167 0.0
21.9333 0.0
21.95 0.0
21.9667 0.0
21.9833 0.0
22.0 0.0
22.0167 0.0
22.0333 0.0
22.05 0.0
22.0667 0.0
22.0833 0.0
22.1 0.0
22.1167 0.0
22.1333 0.0
22.15 0.0
22.1667 0.0
22.1833 0.0
22.2 0.0
22.2167 0.0
22.2333 0.0
22.25 0.0
22.2667 0.0
22.2833 0.0
22.3 0.0
22.3167 0.0
22.3333 0.0
22.35 0.0
22.3667 0.0
22.3833 0.0
22.4 0.0
22.4167 0.0
22.4333 0.0
22.45 0.0
22.4667 0.0
22.4833 0.0
22.5 0.0
22.5167 0.0
22.5333 0.0
22.55 0.0
22.5667 0.0
22.5833 0.0
22.6 0.0
22.6167 0.0
22.6333 0.0
22.65 0.0
22.6667 0.0
22.6833 0.0
22.7 0.0
22.7167 0.0
22.7333 0.0
22.75 0.0
22.7667 0.0
22.7833 0.0
22.8 0.0
22.8167 0.0
22.8333 0.0
22.85 0.0
22.8667 0.0
22.8833 0.0
22.9 0.0
22.9167 0.0
22.9333 0.0
22.95 0.0
22.9667 0.0
22.9833 0.0
23.0 0.0
23.0167 0.0
23.0333 0.0
23.05 0.0
23.0667 0.0
23.0833 0.0
23.1 0.0
23.1167 0.0
23.1333 0.0
23.15 0.0
23.1667 0.0
23.1833 0.0
23.2 0.0
23.2167 0.0
23.2333 0.0
23.25 0.0
23.2667 0.0
23.2833 0.0
23.3 0.0
23.3167 0.0
23.3333 0.0
23.35 0.0
23.3667 0.0
23.3833 0.0
23.4 0.0
23.4167 0.0
23.4333 0.0
23.45 0.0
23.4667 0.0
23.4833 0.0
23.5 0.0
23.5167 0.0
23.5333 0.0
23.55 0.0
23.5667 0.0
23.5833 0.0
23.6 0.0
23.6167 0.0
23.6333 0.0
23.65 0.0
23.6667 0.0
23.6833 0.0
23.7 0.0
23.7167 0.0
23.7333 0.0
23.75 0.0
23.7667 0.0
23.7833 0.0
23.8 0.0
23.8167 0.0
23.8333 0.0
23.85 0.0
23.8667 0.0
23.8833 0.0
23.9 0.0
23.9167 0.0
23.9333 0.0
23.95 0.0
23.9667 0.0
23.9833 0.0
