0.0 0.0
0.0167 0.0
0.0333 0.0
0.05 0.0
0.0667 0.0
0.0833 0.0
0.1 0.0
0.1167 0.0
0.1333 0.0
0.15 0.0
0.1667 0.0
0.1833 0.0
0.2 0.0
0.2167 0.0
0.2333 0.0
0.25 0.0
0.2667 0.0
0.2833 0.0
0.3 0.0
0.3167 0.0
0.3333 0.0
0.35 0.0
0.3667 0.0
0.3833 0.0
0.4 0.0
0.4167 0.0
0.4333 0.0
0.45 0.0
0.4667 0.0
0.4833 0.0
0.5 0.0
0.5167 0.0
0.5333 0.0
0.55 0.0
0.5667 0.0
0.5833 0.0
0.6 0.0
0.6167 0.0
0.6333 0.0
0.65 0.0
0.6667 0.0
0.6833 0.0
0.7 0.0
0.7167 0.0
0.7333 0.0
0.75 0.0
0.7667 0.0
0.7833 0.0
0.8 0.0
0.8167 0.0
0.8333 0.0
0.85 0.0
0.8667 0.0
0.8833 0.0
0.9 0.0
0.9167 0.0
0.9333 0.0
0.95 0.0
0.9667 0.0
0.9833 0.0
1.0 0.0
1.0167 0.0
1.0333 0.0
1.05 0.0
1.0667 0.0
1.0833 0.0
1.1 0.0
1.1167 0.0
1.1333 0.0
1.15 0.0
1.1667 0.0
1.1833 0.0
1.2 0.0
1.2167 0.0
1.2333 0.0
1.25 0.0
1.2667 0.0
1.2833 0.0
1.3 0.0
1.3167 0.0
1.3333 0.0
1.35 0.0
1.3667 0.0
1.3833 0.0
1.4 0.0
1.4167 0.0
1.4333 0.0
1.45 0.0
1.4667 0.0
1.4833 0.0
1.5 0.0
1.5167 0.0
1.5333 0.0
1.55 0.0
1.5667 0.0
1.5833 0.0
1.6 0.0
1.6167 0.0
1.6333 0.0
1.65 0.0
1.6667 0.0
1.6833 0.0
1.7 0.0
1.7167 0.0
1.7333 0.0
1.75 0.0
1.7667 0.0
1.7833 0.0
1.8 0.0
1.8167 0.0
1.8333 0.0
1.85 0.0
1.8667 0.0
1.8833 0.0
1.9 0.0
1.9167 0.0
1.9333 0.0
1.95 0.0
1.9667 0.0
1.9833 0.0
2.0 0.0
2.0167 0.0
2.0333 0.0
2.05 0.0
2.0667 0.0
2.0833 0.0
2.1 0.0
2.1167 0.0
2.1333 0.0
2.15 0.0
2.1667 0.0
2.1833 0.0
2.2 0.0
2.2167 0.0
2.2333 0.0
2.25 0.0
2.2667 0.0
2.2833 0.0
2.3 0.0
2.3167 0.0
2.3333 0.0
2.35 0.0
2.3667 0.0
2.3833 0.0
2.4 0.0
2.4167 0.0
2.4333 0.0
2.45 0.0
2.4667 0.0
2.4833 0.0
2.5 0.0
2.5167 0.0
2.5333 0.0
2.55 0.0
2.5667 0.0
2.5833 0.0
2.6 0.0
2.6167 0.0
2.6333 0.0
2.65 0.0
2.6667 0.0
2.6833 0.0
2.7 0.0
2.7167 0.0
2.7333 0.0
2.75 0.0
2.7667 0.0
2.7833 0.0
2.8 0.0
2.8167 0.0
2.8333 0.0
2.85 0.0
2.8667 0.0
2.8833 0.0
2.9 0.0
2.9167 0.0
2.9333 0.0
2.95 0.0
2.9667 0.0
2.9833 0.0
3.0 0.0
3.0167 0.0
3.0333 0.0
3.05 0.0
3.0667 0.0
3.0833 0.0
3.1 0.0
3.1167 0.0
3.1333 0.0
3.15 0.0
3.1667 0.0
3.1833 0.0
3.2 0.0
3.2167 0.0
3.2333 0.0
3.25 0.0
3.2667 0.0
3.2833 0.0
3.3 0.0
3.3167 0.0
3.3333 0.0
3.35 0.0
3.3667 0.0
3.3833 0.0
3.4 0.0
3.4167 0.0
3.4333 0.0
3.45 0.0
3.4667 0.0
3.4833 0.0
3.5 0.0
3.5167 0.0
3.5333 0.0
3.55 0.0
3.5667 0.0
3.5833 0.0
3.6 0.0
3.6167 0.0
3.6333 0.0
3.65 0.0
3.6667 0.0
3.6833 0.0
3.7 0.0
3.7167 0.0
3.7333 0.0
3.75 0.0
3.7667 0.0
3.7833 0.0
3.8 0.0
3.8167 0.0
3.8333 0.0
3.85 0.0
3.8667 0.0
3.8833 0.0
3.9 0.0
3.9167 0.0
3.9333 0.0
3.95 0.0
3.9667 0.0
3.9833 0.0
4.0 0.0
4.0167 0.0
4.0333 0.0
4.05 0.0
4.0667 0.0
4.0833 0.0
4.1 0.0
4.1167 0.0
4.1333 0.0
4.15 0.0
4.1667 0.0
4.1833 0.0
4.2 0.0
4.2167 0.0
4.2333 0.0
4.25 0.0
4.2667 0.0
4.2833 0.0
4.3 0.0
4.3167 0.0
4.3333 0.0
4.35 0.0
4.3667 0.0
4.3833 0.0
4.4 0.0
4.4167 0.0
4.4333 0.0
4.45 0.0
4.4667 0.0
4.4833 0.0
4.5 0.0
4.5167 0.0
4.5333 0.0
4.55 0.0
4.5667 0.0
4.5833 0.0
4.6 0.0
4.6167 0.0
4.6333 0.0
4.65 0.0
4.6667 0.0
4.6833 0.0
4.7 0.0
4.7167 0.0
4.7333 0.0
4.75 0.0
4.7667 0.0
4.7833 0.0
4.8 0.0
4.8167 0.0
4.8333 0.0
4.85 0.0
4.8667 0.0
4.8833 0.0
4.9 0.0
4.9167 0.0
4.9333 0.0
4.95 0.0
4.9667 0.0
4.9833 0.0
5.0 0.0
5.0167 0.0
5.0333 0.0
5.05 0.0
5.0667 0.0
5.0833 0.0
5.1 0.0
5.1167 0.0
5.1333 0.0
5.15 0.0
5.1667 0.0
5.1833 0.0
5.2 0.0
5.2167 0.0
5.2333 0.0
5.25 0.0
5.2667 0.0
5.2833 0.0
5.3 0.0
5.3167 0.0
5.3333 0.0
5.35 0.0
5.3667 0.0
5.3833 0.0
5.4 0.0
5.4167 0.0
5.4333 0.0
5.45 1.026e-17
5.4667 1.81e-14
5.4833 3.327e-12
5.5 1.291e-10
5.5167 1.961e-09
5.5333 1.262e-08
5.55 4.141e-08
5.5667 9.734e-08
5.5833 1.887e-07
5.6 3.361e-07
5.6167 5.761e-07
5.6333 9.683e-07
5.65 1.572e-06
5.6667 2.414e-06
5.6833 3.636e-06
5.7 5.146e-06
5.7167 7.23e-06
5.7333 9.702e-06
5.75 1.287e-05
5.7667 1.688e-05
5.7833 2.186e-05
5.8 2.799e-05
5.8167 3.555e-05
5.8333 4.494e-05
5.85 5.496e-05
5.8667 6.82e-05
5.8833 8.221e-05
5.9 9.979e-05
5.9167 0.0001202
5.9333 0.0001421
5.95 0.0001673
5.9667 0.0001963
5.9833 0.0002299
6.0 0.0002592
6.0167 0.000299
6.0333 0.0003387
6.05 0.0003859
6.0667 0.000429
6.0833 0.0004803
6.1 0.0005412
6.1167 0.0006085
6.1333 0.0006694
6.15 0.0007348
6.1667 0.0008041
6.1833 0.0008772
6.2 0.0009541
6.2167 0.001035
6.2333 0.001119
6.25 0.001207
6.2667 0.001298
6.2833 0.001393
6.3 0.001492
6.3167 0.001595
6.3333 0.001702
6.35 0.001812
6.3667 0.001926
6.3833 0.002044
6.4 0.002166
6.4167 0.002293
6.4333 0.002423
6.45 0.002558
6.4667 0.002697
6.4833 0.00284
6.5 0.002988
6.5167 0.003141
6.5333 0.003298
6.55 0.00346
6.5667 0.003627
6.5833 0.003799
6.6 0.003976
6.6167 0.004158
6.6333 0.004346
6.65 0.004538
6.6667 0.004737
6.6833 0.00494
6.7 0.00515
6.7167 0.005365
6.7333 0.005586
6.75 0.005813
6.7667 0.006046
6.7833 0.006285
6.8 0.006531
6.8167 0.006783
6.8333 0.007041
6.85 0.007306
6.8667 0.007578
6.8833 0.007856
6.9 0.008141
6.9167 0.008433
6.9333 0.008733
6.95 0.009039
6.9667 0.009352
6.9833 0.009673
7.0 0.01
7.0167 0.01034
7.0333 0.01068
7.05 0.01103
7.0667 0.01139
7.0833 0.01176
7.1 0.01213
7.1167 0.01252
7.1333 0.01291
7.15 0.01331
7.1667 0.01371
7.1833 0.01413
7.2 0.01455
7.2167 0.01499
7.2333 0.01543
7.25 0.01588
7.2667 0.01634
7.2833 0.01681
7.3 0.01728
7.3167 0.01777
7.3333 0.01826
7.35 0.01877
7.3667 0.01928
7.3833 0.0198
7.4 0.02033
7.4167 0.02088
7.4333 0.02143
7.45 0.02199
7.4667 0.02256
7.4833 0.02314
7.5 0.02373
7.5167 0.02432
7.5333 0.02493
7.55 0.02555
7.5667 0.02618
7.5833 0.02682
7.6 0.02747
7.6167 0.02813
7.6333 0.02879
7.65 0.02947
7.6667 0.03016
7.6833 0.03086
7.7 0.03157
7.7167 0.03229
7.7333 0.03302
7.75 0.03376
7.7667 0.03451
7.7833 0.03527
7.8 0.03604
7.8167 0.03682
7.8333 0.03761
7.85 0.03842
7.8667 0.03923
7.8833 0.04005
7.9 0.04088
7.9167 0.04173
7.9333 0.04258
7.95 0.04345
7.9667 0.04432
7.9833 0.04521
8.0 0.0461
8.0167 0.04701
8.0333 0.04793
8.05 0.04886
8.0667 0.04979
8.0833 0.05074
8.1 0.0517
8.1167 0.05267
8.1333 0.05365
8.15 0.05464
8.1667 0.05564
8.1833 0.05665
8.2 0.05767
8.2167 0.0587
8.2333 0.05974
8.25 0.06079
8.2667 0.06185
8.2833 0.06292
8.3 0.06401
8.3167 0.0651
8.3333 0.0662
8.35 0.06731
8.3667 0.06843
8.3833 0.06956
8.4 0.07071
8.4167 0.07186
8.4333 0.07302
8.45 0.07419
8.4667 0.07537
8.4833 0.07656
8.5 0.07775
8.5167 0.07896
8.5333 0.08018
8.55 0.08141
8.5667 0.08264
8.5833 0.08389
8.6 0.08514
8.6167 0.08641
8.6333 0.08768
8.65 0.08896
8.6667 0.09025
8.6833 0.09155
8.7 0.09286
8.7167 0.09417
8.7333 0.09549
8.75 0.09683
8.7667 0.09816
8.7833 0.09952
8.8 0.1009
8.8167 0.1022
8.8333 0.1036
8.85 0.105
8.8667 0.1064
8.8833 0.1078
8.9 0.1092
8.9167 0.1106
8.9333 0.112
8.95 0.1134
8.9667 0.1149
8.9833 0.1163
9.0 0.1177
9.0167 0.1192
9.0333 0.1207
9.05 0.1222
9.0667 0.1236
9.0833 0.1251
9.1 0.1266
9.1167 0.1281
9.1333 0.1296
9.15 0.1311
9.1667 0.1326
9.1833 0.1341
9.2 0.1357
9.2167 0.1372
9.2333 0.1387
9.25 0.1403
9.2667 0.1418
9.2833 0.1433
9.3 0.1449
9.3167 0.1465
9.3333 0.148
9.35 0.1496
9.3667 0.1512
9.3833 0.1527
9.4 0.1543
9.4167 0.1559
9.4333 0.1574
9.45 0.1591
9.4667 0.1607
9.4833 0.1623
9.5 0.1639
9.5167 0.1655
9.5333 0.1671
9.55 0.1687
9.5667 0.1703
9.5833 0.172
9.6 0.1736
9.6167 0.1751
9.6333 0.1768
9.65 0.1784
9.6667 0.1801
9.6833 0.1817
9.7 0.1833
9.7167 0.185
9.7333 0.1866
9.75 0.1882
9.7667 0.1899
9.7833 0.1915
9.8 0.1931
9.8167 0.1948
9.8333 0.1964
9.85 0.1981
9.8667 0.1997
9.8833 0.2013
9.9 0.203
9.9167 0.2046
9.9333 0.2063
9.95 0.2079
9.9667 0.2095
9.9833 0.2111
10.0 0.2128
10.0167 0.2145
10.0333 0.2161
10.05 0.2177
10.0667 0.2193
10.0833 0.2209
10.1 0.2225
10.1167 0.2242
10.1333 0.2258
10.15 0.2275
10.1667 0.229
10.1833 0.2307
10.2 0.2323
10.2167 0.2339
10.2333 0.2355
10.25 0.2371
10.2667 0.2387
10.2833 0.2403
10.3 0.2419
10.3167 0.2435
10.3333 0.2451
10.35 0.2467
10.3667 0.2482
10.3833 0.2498
10.4 0.2514
10.4167 0.2529
10.4333 0.2545
10.45 0.256
10.4667 0.2576
10.4833 0.2591
10.5 0.2607
10.5167 0.2622
10.5333 0.2637
10.55 0.2652
10.5667 0.2667
10.5833 0.2682
10.6 0.2696
10.6167 0.2712
10.6333 0.2727
10.65 0.2742
10.6667 0.2756
10.6833 0.2771
10.7 0.2786
10.7167 0.28
10.7333 0.2815
10.75 0.2829
10.7667 0.2843
10.7833 0.2857
10.8 0.2872
10.8167 0.2886
10.8333 0.29
10.85 0.2914
10.8667 0.2927
10.8833 0.2941
10.9 0.2955
10.9167 0.2968
10.9333 0.2981
10.95 0.2995
10.9667 0.3008
10.9833 0.302
11.0 0.3034
11.0167 0.3047
11.0333 0.306
11.05 0.3072
11.0667 0.3085
11.0833 0.3098
11.1 0.311
11.1167 0.3123
11.1333 0.3135
11.15 0.3147
11.1667 0.3159
11.1833 0.3171
11.2 0.3182
11.2167 0.3193
11.2333 0.3206
11.25 0.3217
11.2667 0.3228
11.2833 0.324
11.3 0.3251
11.3167 0.3262
11.3333 0.3271
11.35 0.3281
11.3667 0.3294
11.3833 0.3304
11.4 0.3315
11.4167 0.3325
11.4333 0.3335
11.45 0.3345
11.4667 0.3355
11.4833 0.3365
11.5 0.3374
11.5167 0.3382
11.5333 0.3393
11.55 0.3402
11.5667 0.3411
11.5833 0.342
11.6 0.3429
11.6167 0.3437
11.6333 0.3446
11.65 0.3454
11.6667 0.3463
11.6833 0.347
11.7 0.3479
11.7167 0.3484
11.7333 0.3494
11.75 0.3502
11.7667 0.3509
11.7833 0.3516
11.8 0.3523
11.8167 0.353
11.8333 0.3537
11.85 0.3544
11.8667 0.355
11.8833 0.3557
11.9 0.3563
11.9167 0.3567
11.9333 0.3575
11.95 0.358
11.9667 0.3586
11.9833 0.3592
12.0 0.3597
12.0167 0.3602
12.0333 0.3607
12.05 0.3612
12.0667 0.3616
12.0833 0.3621
12.1 0.3625
12.1167 0.363
12.1333 0.3634
12.15 0.3638
12.1667 0.3641
12.1833 0.3645
12.2 0.3648
12.2167 0.3652
12.2333 0.3655
12.25 0.3658
12.2667 0.3661
12.2833 0.3663
12.3 0.3666
12.3167 0.3668
12.3333 0.367
12.35 0.3672
12.3667 0.3674
12.3833 0.3675
12.4 0.3676
12.4167 0.3677
12.4333 0.3678
12.45 0.3679
12.4667 0.368
12.4833 0.3681
12.5 0.3682
12.5167 0.3683
12.5333 0.3683
12.55 0.3683
12.5667 0.3683
12.5833 0.3683
12.6 0.3682
12.6167 0.3681
12.6333 0.368
12.65 0.3679
12.6667 0.3677
12.6833 0.3677
12.7 0.3676
12.7167 0.3675
12.7333 0.3674
12.75 0.3672
12.7667 0.367
12.7833 0.3668
12.8 0.3665
12.8167 0.3663
12.8333 0.366
12.85 0.3657
12.8667 0.3654
12.8833 0.3651
12.9 0.3648
12.9167 0.3645
12.9333 0.3641
12.95 0.3637
12.9667 0.3633
12.9833 0.3629
13.0 0.3625
13.0167 0.3621
13.0333 0.3616
13.05 0.3611
13.0667 0.3606
13.0833 0.3601
13.1 0.3596
13.1167 0.3591
13.1333 0.3586
13.15 0.358
13.1667 0.3574
13.1833 0.3567
13.2 0.3562
13.2167 0.3556
13.2333 0.355
13.25 0.3543
13.2667 0.3536
13.2833 0.353
13.3 0.3523
13.3167 0.3515
13.3333 0.3508
13.35 0.3501
13.3667 0.3493
13.3833 0.3483
13.4 0.3478
13.4167 0.347
13.4333 0.3462
13.45 0.3453
13.4667 0.3445
13.4833 0.3437
13.5 0.3428
13.5167 0.3419
13.5333 0.341
13.55 0.3401
13.5667 0.3392
13.5833 0.3382
13.6 0.3373
13.6167 0.3364
13.6333 0.3353
13.65 0.3344
13.6667 0.3334
13.6833 0.3324
13.7 0.3314
13.7167 0.3303
13.7333 0.3293
13.75 0.328
13.7667 0.3271
13.7833 0.3261
13.8 0.325
13.8167 0.3239
13.8333 0.3226
13.85 0.3216
13.8667 0.3205
13.8833 0.3192
13.9 0.3181
13.9167 0.317
13.9333 0.3158
13.95 0.3146
13.9667 0.3134
13.9833 0.3121
14.0 0.3109
14.0167 0.3097
14.0333 0.3084
14.05 0.3071
14.0667 0.3059
14.0833 0.3046
14.1 0.3033
14.1167 0.3019
14.1333 0.3007
14.15 0.2993
14.1667 0.298
14.1833 0.2967
14.2 0.2953
14.2167 0.294
14.2333 0.2926
14.25 0.2912
14.2667 0.2898
14.2833 0.2883
14.3 0.287
14.3167 0.2856
14.3333 0.2842
14.35 0.2828
14.3667 0.2813
14.3833 0.2799
14.4 0.2785
14.4167 0.277
14.4333 0.2755
14.45 0.2741
14.4667 0.2726
14.4833 0.2711
14.5 0.2693
14.5167 0.2681
14.5333 0.2666
14.55 0.2651
14.5667 0.2636
14.5833 0.2621
14.6 0.2605
14.6167 0.259
14.6333 0.2575
14.65 0.2559
14.6667 0.2544
14.6833 0.2528
14.7 0.2512
14.7167 0.2495
14.7333 0.2481
14.75 0.2465
14.7667 0.2449
14.7833 0.2434
14.8 0.2418
14.8167 0.2402
14.8333 0.2386
14.85 0.237
14.8667 0.2354
14.8833 0.2338
14.9 0.2322
14.9167 0.2306
14.9333 0.2289
14.95 0.2273
14.9667 0.2257
14.9833 0.2241
15.0 0.2224
15.0167 0.2207
15.0333 0.2192
15.05 0.2176
15.0667 0.216
15.0833 0.2143
15.1 0.2127
15.1167 0.211
15.1333 0.2094
15.15 0.2078
15.1667 0.2061
15.1833 0.2045
15.2 0.2029
15.2167 0.2012
15.2333 0.1996
15.25 0.198
15.2667 0.1963
15.2833 0.1947
15.3 0.193
15.3167 0.1914
15.3333 0.1897
15.35 0.1881
15.3667 0.1865
15.3833 0.1849
15.4 0.1832
15.4167 0.1816
15.4333 0.18
15.45 0.1783
15.4667 0.1767
15.4833 0.1751
15.5 0.1735
15.5167 0.1718
15.5333 0.1702
15.55 0.1686
15.5667 0.167
15.5833 0.1654
15.6 0.1638
15.6167 0.1622
15.6333 0.1606
15.65 0.1589
15.6667 0.1574
15.6833 0.1558
15.7 0.1542
15.7167 0.1526
15.7333 0.1511
15.75 0.1495
15.7667 0.1479
15.7833 0.1464
15.8 0.1448
15.8167 0.1432
15.8333 0.1417
15.85 0.1402
15.8667 0.1386
15.8833 0.1371
15.9 0.1356
15.9167 0.134
15.9333 0.1325
15.95 0.131
15.9667 0.1295
15.9833 0.128
16.0 0.1265
16.0167 0.125
16.0333 0.1236
16.05 0.1221
16.0667 0.1206
16.0833 0.1192
16.1 0.1177
16.1167 0.1163
16.1333 0.1148
16.15 0.1134
16.1667 0.1119
16.1833 0.1105
16.2 0.1091
16.2167 0.1077
16.2333 0.1063
16.25 0.1049
16.2667 0.1035
16.2833 0.1022
16.3 0.1008
16.3167 0.09946
16.3333 0.09811
16.35 0.09677
16.3667 0.09544
16.3833 0.09412
16.4 0.0928
16.4167 0.0915
16.4333 0.0902
16.45 0.08891
16.4667 0.08763
16.4833 0.08636
16.5 0.0851
16.5167 0.08384
16.5333 0.0826
16.55 0.08136
16.5667 0.08014
16.5833 0.07892
16.6 0.07771
16.6167 0.07652
16.6333 0.07533
16.65 0.07415
16.6667 0.07298
16.6833 0.07182
16.7 0.07067
16.7167 0.06953
16.7333 0.0684
16.75 0.06728
16.7667 0.06617
16.7833 0.06507
16.8 0.06398
16.8167 0.0629
16.8333 0.06183
16.85 0.06077
16.8667 0.05972
16.8833 0.05868
16.9 0.05765
16.9167 0.05663
16.9333 0.05562
16.95 0.05462
16.9667 0.05363
16.9833 0.05265
17.0 0.05168
17.0167 0.05073
17.0333 0.04978
17.05 0.04884
17.0667 0.04791
17.0833 0.047
17.1 0.04609
17.1167 0.0452
17.1333 0.04431
17.15 0.04344
17.1667 0.04257
17.1833 0.04172
17.2 0.04088
17.2167 0.04005
17.2333 0.03922
17.25 0.03841
17.2667 0.03761
17.2833 0.03682
17.3 0.03604
17.3167 0.03527
17.3333 0.03451
17.35 0.03376
17.3667 0.03302
17.3833 0.03229
17.4 0.03157
17.4167 0.03086
17.4333 0.03017
17.45 0.02948
17.4667 0.0288
17.4833 0.02813
17.5 0.02747
17.5167 0.02682
17.5333 0.02619
17.55 0.02556
17.5667 0.02494
17.5833 0.02433
17.6 0.02373
17.6167 0.02314
17.6333 0.02257
17.65 0.022
17.6667 0.02144
17.6833 0.02089
17.7 0.02034
17.7167 0.01981
17.7333 0.01929
17.75 0.01878
17.7667 0.01827
17.7833 0.01778
17.8 0.01729
17.8167 0.01682
17.8333 0.01635
17.85 0.01589
17.8667 0.01544
17.8833 0.015
17.9 0.01457
17.9167 0.01414
17.9333 0.01373
17.95 0.01332
17.9667 0.01292
17.9833 0.01253
18.0 0.01215
18.0167 0.01177
18.0333 0.0114
18.05 0.01105
18.0667 0.01069
18.0833 0.01035
18.1 0.01002
18.1167 0.009687
18.1333 0.009366
18.15 0.009053
18.1667 0.008747
18.1833 0.008448
18.2 0.008155
18.2167 0.00787
18.2333 0.007592
18.25 0.00732
18.2667 0.007055
18.2833 0.006797
18.3 0.006545
18.3167 0.006299
18.3333 0.00606
18.35 0.005827
18.3667 0.0056
18.3833 0.005379
18.4 0.005163
18.4167 0.004954
18.4333 0.00475
18.45 0.004552
18.4667 0.004359
18.4833 0.004171
18.5 0.003989
18.5167 0.003812
18.5333 0.00364
18.55 0.003473
18.5667 0.00331
18.5833 0.003153
18.6 0.003
18.6167 0.002852
18.6333 0.002708
18.65 0.002569
18.6667 0.002434
18.6833 0.002304
18.7 0.002177
18.7167 0.002055
18.7333 0.001936
18.75 0.001822
18.7667 0.001711
18.7833 0.001605
18.8 0.001502
18.8167 0.001403
18.8333 0.001307
18.85 0.001216
18.8667 0.001128
18.8833 0.001043
18.9 0.0009623
18.9167 0.0008851
18.9333 0.0008117
18.95 0.000742
18.9667 0.0006763
18.9833 0.000615
19.0 0.0005488
19.0167 0.0004867
19.0333 0.0004345
19.05 0.0003905
19.0667 0.0003453
19.0833 0.000303
19.1 0.0002639
19.1167 0.000233
19.1333 0.0001992
19.15 0.0001701
19.1667 0.0001446
19.1833 0.0001223
19.2 0.0001031
19.2167 8.438e-05
19.2333 6.965e-05
19.25 5.684e-05
19.2667 4.598e-05
19.2833 3.656e-05
19.3 2.9e-05
19.3167 2.291e-05
19.3333 1.776e-05
19.35 1.346e-05
19.3667 1.01e-05
19.3833 7.497e-06
19.4 5.496e-06
19.4167 3.813e-06
19.4333 2.625e-06
19.45 1.674e-06
19.4667 1.036e-06
19.4833 6.232e-07
19.5 3.667e-07
19.5167 2.07e-07
19.5333 1.078e-07
19.55 4.83e-08
19.5667 1.658e-08
19.5833 2.753e-09
19.6 2.273e-10
19.6167 6.283e-12
19.6333 5.159e-14
19.65 6.454e-17
19.6667 0.0
19.6833 0.0
19.7 0.0
19.7167 0.0
19.7333 0.0
19.75 0.0
19.7667 0.0
19.7833 0.0
19.8 0.0
19.8167 0.0
19.8333 0.0
19.85 0.0
19.8667 0.0
19.8833 0.0
19.9 0.0
19.9167 0.0
19.9333 0.0
19.95 0.0
19.9667 0.0
19.9833 0.0
20.0 0.0
20.0167 0.0
20.0333 0.0
20.05 0.0
20.0667 0.0
20.0833 0.0
20.1 0.0
20.1167 0.0
20.1333 0.0
20.15 0.0
20.1667 0.0
20.1833 0.0
20.2 0.0
20.2167 0.0
20.2333 0.0
20.25 0.0
20.2667 0.0
20.2833 0.0
20.3 0.0
20.3167 0.0
20.3333 0.0
20.35 0.0
20.3667 0.0
20.3833 0.0
20.4 0.0
20.4167 0.0
20.4333 0.0
20.45 0.0
20.4667 0.0
20.4833 0.0
20.5 0.0
20.5167 0.0
20.5333 0.0
20.55 0.0
20.5667 0.0
20.5833 0.0
20.6 0.0
20.6167 0.0
20.6333 0.0
20.65 0.0
20.6667 0.0
20.6833 0.0
20.7 0.0
20.7167 0.0
20.7333 0.0
20.75 0.0
20.7667 0.0
20.7833 0.0
20.8 0.0
20.8167 0.0
20.8333 0.0
20.85 0.0
20.8667 0.0
20.8833 0.0
20.9 0.0
20.9167 0.0
20.9333 0.0
20.95 0.0
20.9667 0.0
20.9833 0.0
21.0 0.0
21.0167 0.0
21.0333 0.0
21.05 0.0
21.0667 0.0
21.0833 0.0
21.1 0.0
21.1167 0.0
21.1333 0.0
21.15 0.0
21.1667 0.0
21.1833 0.0
21.2 0.0
21.2167 0.0
21.2333 0.0
21.25 0.0
21.2667 0.0
21.2833 0.0
21.3 0.0
21.3167 0.0
21.3333 0.0
21.35 0.0
21.3667 0.0
21.3833 0.0
21.4 0.0
21.4167 0.0
21.4333 0.0
21.45 0.0
21.4667 0.0
21.4833 0.0
21.5 0.0
21.5167 0.0
21.5333 0.0
21.55 0.0
21.5667 0.0
21.5833 0.0
21.6 0.0
21.6167 0.0
21.6333 0.0
21.65 0.0
21.6667 0.0
21.6833 0.0
21.7 0.0
21.7167 0.0
21.7333 0.0
21.75 0.0
21.7667 0.0
21.7833 0.0
21.8 0.0
21.8167 0.0
21.8333 0.0
21.85 0.0
21.8667 0.0
21.8833 0.0
21.9 0.0
21.9167 0.0
21.9333 0.0
21.95 0.0
21.9667 0.0
21.9833 0.0
22.0 0.0
22.0167 0.0
22.0333 0.0
22.05 0.0
22.0667 0.0
22.0833 0.0
22.1 0.0
22.1167 0.0
22.1333 0.0
22.15 0.0
22.1667 0.0
22.1833 0.0
22.2 0.0
22.2167 0.0
22.2333 0.0
22.25 0.0
22.2667 0.0
22.2833 0.0
22.3 0.0
22.3167 0.0
22.3333 0.0
22.35 0.0
22.3667 0.0
22.3833 0.0
22.4 0.0
22.4167 0.0
22.4333 0.0
22.45 0.0
22.4667 0.0
22.4833 0.0
22.5 0.0
22.5167 0.0
22.5333 0.0
22.55 0.0
22.5667 0.0
22.5833 0.0
22.6 0.0
22.6167 0.0
22.6333 0.0
22.65 0.0
22.6667 0.0
22.6833 0.0
22.7 0.0
22.7167 0.0
22.7333 0.0
22.75 0.0
22.7667 0.0
22.7833 0.0
22.8 0.0
22.8167 0.0
22.8333 0.0
22.85 0.0
22.8667 0.0
22.8833 0.0
22.9 0.0
22.9167 0.0
22.9333 0.0
22.95 0.0
22.9667 0.0
22.9833 0.0
23.0 0.0
23.0167 0.0
23.0333 0.0
23.05 0.0
23.0667 0.0
23.0833 0.0
23.1 0.0
23.1167 0.0
23.1333 0.0
23.15 0.0
23.1667 0.0
23.1833 0.0
23.2 0.0
23.2167 0.0
23.2333 0.0
23.25 0.0
23.2667 0.0
23.2833 0.0
23.3 0.0
23.3167 0.0
23.3333 0.0
23.35 0.0
23.3667 0.0
23.3833 0.0
23.4 0.0
23.4167 0.0
23.4333 0.0
23.45 0.0
23.4667 0.0
23.4833 0.0
23.5 0.0
23.5167 0.0
23.5333 0.0
23.55 0.0
23.5667 0.0
23.5833 0.0
23.6 0.0
23.6167 0.0
23.6333 0.0
23.65 0.0
23.6667 0.0
23.6833 0.0
23.7 0.0
23.7167 0.0
23.7333 0.0
23.75 0.0
23.7667 0.0
23.7833 0.0
23.8 0.0
23.8167 0.0
23.8333 0.0
23.85 0.0
23.8667 0.0
23.8833 0.0
23.9 0.0
23.9167 0.0
23.9333 0.0
23.95 0.0
23.9667 0.0
23.9833 0.0
