0.0 0.0
0.0167 0.0
0.0333 0.0
0.05 0.0
0.0667 0.0
0.0833 0.0
0.1 0.0
0.1167 0.0
0.1333 0.0
0.15 0.0
0.1667 0.0
0.1833 0.0
0.2 0.0
0.2167 0.0
0.2333 0.0
0.25 0.0
0.2667 0.0
0.2833 0.0
0.3 0.0
0.3167 0.0
0.3333 0.0
0.35 0.0
0.3667 0.0
0.3833 0.0
0.4 0.0
0.4167 0.0
0.4333 0.0
0.45 0.0
0.4667 0.0
0.4833 0.0
0.5 0.0
0.5167 0.0
0.5333 0.0
0.55 0.0
0.5667 0.0
0.5833 0.0
0.6 0.0
0.6167 0.0
0.6333 0.0
0.65 0.0
0.6667 0.0
0.6833 0.0
0.7 0.0
0.7167 0.0
0.7333 0.0
0.75 0.0
0.7667 0.0
0.7833 0.0
0.8 0.0
0.8167 0.0
0.8333 0.0
0.85 0.0
0.8667 0.0
0.8833 0.0
0.9 0.0
0.9167 0.0
0.9333 0.0
0.95 0.0
0.9667 0.0
0.9833 0.0
1.0 0.0
1.0167 0.0
1.0333 0.0
1.05 0.0
1.0667 0.0
1.0833 0.0
1.1 0.0
1.1167 0.0
1.1333 0.0
1.15 0.0
1.1667 0.0
1.1833 0.0
1.2 0.0
1.2167 0.0
1.2333 0.0
1.25 0.0
1.2667 0.0
1.2833 0.0
1.3 0.0
1.3167 0.0
1.3333 0.0
1.35 0.0
1.3667 0.0
1.3833 0.0
1.4 0.0
1.4167 0.0
1.4333 0.0
1.45 0.0
1.4667 0.0
1.4833 0.0
1.5 0.0
1.5167 0.0
1.5333 0.0
1.55 0.0
1.5667 0.0
1.5833 0.0
1.6 0.0
1.6167 0.0
1.6333 0.0
1.65 0.0
1.6667 0.0
1.6833 0.0
1.7 0.0
1.7167 0.0
1.7333 0.0
1.75 0.0
1.7667 0.0
1.7833 0.0
1.8 0.0
1.8167 0.0
1.8333 0.0
1.85 0.0
1.8667 0.0
1.8833 0.0
1.9 0.0
1.9167 0.0
1.9333 0.0
1.95 0.0
1.9667 0.0
1.9833 0.0
2.0 0.0
2.0167 0.0
2.0333 0.0
2.05 0.0
2.0667 0.0
2.0833 0.0
2.1 0.0
2.1167 0.0
2.1333 0.0
2.15 0.0
2.1667 0.0
2.1833 0.0
2.2 0.0
2.2167 0.0
2.2333 0.0
2.25 0.0
2.2667 0.0
2.2833 0.0
2.3 0.0
2.3167 0.0
2.3333 0.0
2.35 0.0
2.3667 0.0
2.3833 0.0
2.4 0.0
2.4167 0.0
2.4333 0.0
2.45 0.0
2.4667 0.0
2.4833 0.0
2.5 0.0
2.5167 0.0
2.5333 0.0
2.55 0.0
2.5667 0.0
2.5833 0.0
2.6 0.0
2.6167 0.0
2.6333 0.0
2.65 0.0
2.6667 0.0
2.6833 0.0
2.7 0.0
2.7167 0.0
2.7333 0.0
2.75 0.0
2.7667 0.0
2.7833 0.0
2.8 0.0
2.8167 0.0
2.8333 0.0
2.85 0.0
2.8667 0.0
2.8833 0.0
2.9 0.0
2.9167 0.0
2.9333 0.0
2.95 0.0
2.9667 0.0
2.9833 0.0
3.0 0.0
3.0167 0.0
3.0333 0.0
3.05 0.0
3.0667 0.0
3.0833 0.0
3.1 0.0
3.1167 0.0
3.1333 0.0
3.15 0.0
3.1667 0.0
3.1833 0.0
3.2 0.0
3.2167 0.0
3.2333 0.0
3.25 0.0
3.2667 0.0
3.2833 0.0
3.3 0.0
3.3167 0.0
3.3333 0.0
3.35 0.0
3.3667 0.0
3.3833 0.0
3.4 0.0
3.4167 0.0
3.4333 0.0
3.45 0.0
3.4667 0.0
3.4833 0.0
3.5 0.0
3.5167 0.0
3.5333 0.0
3.55 0.0
3.5667 0.0
3.5833 0.0
3.6 0.0
3.6167 0.0
3.6333 0.0
3.65 0.0
3.6667 0.0
3.6833 0.0
3.7 0.0
3.7167 0.0
3.7333 0.0
3.75 0.0
3.7667 0.0
3.7833 0.0
3.8 0.0
3.8167 0.0
3.8333 0.0
3.85 0.0
3.8667 0.0
3.8833 0.0
3.9 0.0
3.9167 0.0
3.9333 0.0
3.95 0.0
3.9667 0.0
3.9833 0.0
4.0 0.0
4.0167 0.0
4.0333 0.0
4.05 0.0
4.0667 0.0
4.0833 0.0
4.1 0.0
4.1167 0.0
4.1333 0.0
4.15 0.0
4.1667 0.0
4.1833 0.0
4.2 0.0
4.2167 0.0
4.2333 0.0
4.25 0.0
4.2667 0.0
4.2833 0.0
4.3 0.0
4.3167 0.0
4.3333 0.0
4.35 0.0
4.3667 0.0
4.3833 0.0
4.4 0.0
4.4167 0.0
4.4333 0.0
4.45 0.0
4.4667 0.0
4.4833 0.0
4.5 0.0
4.5167 0.0
4.5333 0.0
4.55 0.0
4.5667 0.0
4.5833 0.0
4.6 0.0
4.6167 0.0
4.6333 0.0
4.65 0.0
4.6667 0.0
4.6833 0.0
4.7 0.0
4.7167 0.0
4.7333 0.0
4.75 0.0
4.7667 0.0
4.7833 0.0
4.8 0.0
4.8167 0.0
4.8333 0.0
4.85 0.0
4.8667 0.0
4.8833 0.0
4.9 0.0
4.9167 0.0
4.9333 0.0
4.95 0.0
4.9667 0.0
4.9833 0.0
5.0 0.0
5.0167 0.0
5.0333 0.0
5.05 0.0
5.0667 0.0
5.0833 0.0
5.1 0.0
5.1167 0.0
5.1333 0.0
5.15 0.0
5.1667 0.0
5.1833 0.0
5.2 0.0
5.2167 0.0
5.2333 0.0
5.25 0.0
5.2667 0.0
5.2833 0.0
5.3 0.0
5.3167 0.0
5.3333 0.0
5.35 0.0
5.3667 0.0
5.3833 0.0
5.4 0.0
5.4167 0.0
5.4333 0.0
5.45 0.0
5.4667 0.0
5.4833 0.0
5.5 0.0
5.5167 0.0
5.5333 0.0
5.55 0.0
5.5667 0.0
5.5833 0.0
5.6 0.0
5.6167 0.0
5.6333 0.0
5.65 0.0
5.6667 0.0
5.6833 0.0
5.7 0.0
5.7167 0.0
5.7333 0.0
5.75 0.0
5.7667 0.0
5.7833 0.0
5.8 0.0
5.8167 0.0
5.8333 0.0
5.85 0.0
5.8667 0.0
5.8833 0.0
5.9 0.0
5.9167 0.0
5.9333 0.0
5.95 0.0
5.9667 0.0
5.9833 0.0
6.0 0.0
6.0167 0.0
6.0333 0.0
6.05 0.0
6.0667 0.0
6.0833 0.0
6.1 0.0
6.1167 0.0
6.1333 0.0
6.15 0.0
6.1667 0.0
6.1833 0.0
6.2 0.0
6.2167 0.0
6.2333 0.0
6.25 0.0
6.2667 0.0
6.2833 0.0
6.3 0.0
6.3167 0.0
6.3333 0.0
6.35 3.194e-19
6.3667 3.433e-15
6.3833 9.781e-13
6.4 5.679e-11
6.4167 1.094e-09
6.4333 9.098e-09
6.45 3.589e-08
6.4667 8.802e-08
6.4833 1.798e-07
6.5 3.315e-07
6.5167 5.815e-07
6.5333 9.98e-07
6.55 1.671e-06
6.5667 2.674e-06
6.5833 4.003e-06
6.6 5.879e-06
6.6167 8.11e-06
6.6333 1.103e-05
6.65 1.49e-05
6.6667 1.962e-05
6.6833 2.544e-05
6.7 3.261e-05
6.7167 4.069e-05
6.7333 5.096e-05
6.75 6.381e-05
6.7667 7.732e-05
6.7833 9.538e-05
6.8 0.0001136
6.8167 0.0001352
6.8333 0.0001602
6.85 0.0001884
6.8667 0.0002197
6.8833 0.0002547
6.9 0.0002949
6.9167 0.0003428
6.9333 0.0003808
6.95 0.0004403
6.9667 0.0004854
6.9833 0.0005387
7.0 0.0006014
7.0167 0.0006755
7.0333 0.0007518
7.05 0.0008236
7.0667 0.0009003
7.0833 0.0009811
7.1 0.001066
7.1167 0.001156
7.1333 0.001249
7.15 0.001347
7.1667 0.001448
7.1833 0.001554
7.2 0.001663
7.2167 0.001777
7.2333 0.001895
7.25 0.002017
7.2667 0.002143
7.2833 0.002274
7.3 0.002409
7.3167 0.002548
7.3333 0.002692
7.35 0.00284
7.3667 0.002992
7.3833 0.00315
7.4 0.003312
7.4167 0.003479
7.4333 0.003652
7.45 0.003829
7.4667 0.00401
7.4833 0.004198
7.5 0.00439
7.5167 0.004588
7.5333 0.004791
7.55 0.004999
7.5667 0.005214
7.5833 0.005434
7.6 0.005659
7.6167 0.005891
7.6333 0.006129
7.65 0.006371
7.6667 0.006621
7.6833 0.006877
7.7 0.007139
7.7167 0.007407
7.7333 0.007682
7.75 0.007962
7.7667 0.00825
7.7833 0.008545
7.8 0.008846
7.8167 0.009154
7.8333 0.009468
7.85 0.00979
7.8667 0.01012
7.8833 0.01045
7.9 0.0108
7.9167 0.01115
7.9333 0.0115
7.95 0.01187
7.9667 0.01224
7.9833 0.01262
8.0 0.01301
8.0167 0.0134
8.0333 0.0138
8.05 0.01421
8.0667 0.01463
8.0833 0.01506
8.1 0.01549
8.1167 0.01593
8.1333 0.01638
8.15 0.01684
8.1667 0.0173
8.1833 0.01778
8.2 0.01826
8.2167 0.01875
8.2333 0.01924
8.25 0.01975
8.2667 0.02026
8.2833 0.02078
8.3 0.02131
8.3167 0.02185
8.3333 0.0224
8.35 0.02296
8.3667 0.02352
8.3833 0.02409
8.4 0.02467
8.4167 0.02526
8.4333 0.02586
8.45 0.02646
8.4667 0.02708
8.4833 0.0277
8.5 0.02833
8.5167 0.02897
8.5333 0.02961
8.55 0.03027
8.5667 0.03093
8.5833 0.0316
8.6 0.03228
8.6167 0.03297
8.6333 0.03367
8.65 0.03438
8.6667 0.03509
8.6833 0.03581
8.7 0.03654
8.7167 0.03728
8.7333 0.03803
8.75 0.03878
8.7667 0.03954
8.7833 0.04031
8.8 0.04109
8.8167 0.04188
8.8333 0.04267
8.85 0.04348
8.8667 0.04428
8.8833 0.0451
8.9 0.04593
8.9167 0.04676
8.9333 0.0476
8.95 0.04845
8.9667 0.0493
8.9833 0.05017
9.0 0.05104
9.0167 0.05192
9.0333 0.0528
9.05 0.05369
9.0667 0.05459
9.0833 0.0555
9.1 0.05641
9.1167 0.05733
9.1333 0.05826
9.15 0.05919
9.1667 0.06013
9.1833 0.06108
9.2 0.06204
9.2167 0.063
9.2333 0.06396
9.25 0.06493
9.2667 0.06591
9.2833 0.0669
9.3 0.06789
9.3167 0.06888
9.3333 0.06988
9.35 0.07089
9.3667 0.07191
9.3833 0.07293
9.4 0.07395
9.4167 0.07498
9.4333 0.07601
9.45 0.07705
9.4667 0.0781
9.4833 0.07915
9.5 0.0802
9.5167 0.08126
9.5333 0.08232
9.55 0.08339
9.5667 0.08447
9.5833 0.08554
9.6 0.08662
9.6167 0.0877
9.6333 0.08879
9.65 0.08989
9.6667 0.09098
9.6833 0.09208
9.7 0.09318
9.7167 0.09429
9.7333 0.0954
9.75 0.09651
9.7667 0.09762
9.7833 0.09874
9.8 0.09986
9.8167 0.101
9.8333 0.1021
9.85 0.1032
9.8667 0.1044
9.8833 0.1055
9.9 0.1066
9.9167 0.1078
9.9333 0.1089
9.95 0.11
9.9667 0.1112
9.9833 0.1123
10.0 0.1135
10.0167 0.1146
10.0333 0.1157
10.05 0.1169
10.0667 0.118
10.0833 0.1192
10.1 0.1203
10.1167 0.1215
10.1333 0.1226
10.15 0.1238
10.1667 0.1249
10.1833 0.126
10.2 0.1272
10.2167 0.1283
10.2333 0.1295
10.25 0.1306
10.2667 0.1317
10.2833 0.1329
10.3 0.134
10.3167 0.1352
10.3333 0.1363
10.35 0.1374
10.3667 0.1385
10.3833 0.1397
10.4 0.1408
10.4167 0.1419
10.4333 0.1431
10.45 0.1442
10.4667 0.1452
10.4833 0.1464
10.5 0.1475
10.5167 0.1486
10.5333 0.1497
10.55 0.1508
10.5667 0.1519
10.5833 0.153
10.6 0.154
10.6167 0.1552
10.6333 0.1563
10.65 0.1573
10.6667 0.1584
10.6833 0.1594
10.7 0.1605
10.7167 0.1616
10.7333 0.1627
10.75 0.1637
10.7667 0.1647
10.7833 0.1658
10.8 0.1668
10.8167 0.1678
10.8333 0.1689
10.85 0.1699
10.8667 0.1709
10.8833 0.1719
10.9 0.1729
10.9167 0.1738
10.9333 0.1749
10.95 0.1758
10.9667 0.1768
10.9833 0.1778
11.0 0.1787
11.0167 0.1797
11.0333 0.1805
11.05 0.1815
11.0667 0.1825
11.0833 0.1834
11.1 0.1843
11.1167 0.1852
11.1333 0.1861
11.15 0.187
11.1667 0.1879
11.1833 0.1887
11.2 0.1896
11.2167 0.1905
11.2333 0.1912
11.25 0.1922
11.2667 0.193
11.2833 0.1938
11.3 0.1946
11.3167 0.1954
11.3333 0.1961
11.35 0.197
11.3667 0.1978
11.3833 0.1985
11.4 0.1993
11.4167 0.2
11.4333 0.2007
11.45 0.2015
11.4667 0.2022
11.4833 0.2029
11.5 0.2036
11.5167 0.2043
11.5333 0.205
11.55 0.2056
11.5667 0.2063
11.5833 0.2069
11.6 0.2076
11.6167 0.2082
11.6333 0.2088
11.65 0.2094
11.6667 0.21
11.6833 0.2106
11.7 0.2111
11.7167 0.2117
11.7333 0.2123
11.75 0.2128
11.7667 0.2133
11.7833 0.2138
11.8 0.2143
11.8167 0.2148
11.8333 0.2153
11.85 0.2158
11.8667 0.2162
11.8833 0.2167
11.9 0.2171
11.9167 0.2175
11.9333 0.2179
11.95 0.2183
11.9667 0.2187
11.9833 0.2191
12.0 0.2194
12.0167 0.2198
12.0333 0.2201
12.05 0.2204
12.0667 0.2207
12.0833 0.221
12.1 0.2213
12.1167 0.2216
12.1333 0.2218
12.15 0.2221
12.1667 0.2223
12.1833 0.2225
12.2 0.2227
12.2167 0.2229
12.2333 0.2231
12.25 0.2232
12.2667 0.2235
12.2833 0.2236
12.3 0.2237
12.3167 0.2239
12.3333 0.224
12.35 0.2241
12.3667 0.2241
12.3833 0.2242
12.4 0.2243
12.4167 0.2243
12.4333 0.2243
12.45 0.2244
12.4667 0.2244
12.4833 0.2243
12.5 0.2243
12.5167 0.2243
12.5333 0.2242
12.55 0.2242
12.5667 0.2241
12.5833 0.224
12.6 0.2239
12.6167 0.2238
12.6333 0.2237
12.65 0.2236
12.6667 0.2234
12.6833 0.2232
12.7 0.223
12.7167 0.2229
12.7333 0.2227
12.75 0.2225
12.7667 0.2223
12.7833 0.222
12.8 0.2218
12.8167 0.2215
12.8333 0.2211
12.85 0.2209
12.8667 0.2206
12.8833 0.2203
12.9 0.22
12.9167 0.2197
12.9333 0.2193
12.95 0.219
12.9667 0.2186
12.9833 0.2182
13.0 0.2178
13.0167 0.2174
13.0333 0.217
13.05 0.2165
13.0667 0.2161
13.0833 0.2156
13.1 0.2151
13.1167 0.2147
13.1333 0.2142
13.15 0.2137
13.1667 0.2132
13.1833 0.2126
13.2 0.2121
13.2167 0.2115
13.2333 0.211
13.25 0.2104
13.2667 0.2098
13.2833 0.2092
13.3 0.2086
13.3167 0.208
13.3333 0.2074
13.35 0.2068
13.3667 0.2061
13.3833 0.2055
13.4 0.2048
13.4167 0.2041
13.4333 0.2034
13.45 0.2027
13.4667 0.202
13.4833 0.2013
13.5 0.2005
13.5167 0.1998
13.5333 0.1991
13.55 0.1983
13.5667 0.1976
13.5833 0.1968
13.6 0.196
13.6167 0.1952
13.6333 0.1944
13.65 0.1936
13.6667 0.1927
13.6833 0.1918
13.7 0.191
13.7167 0.1901
13.7333 0.1894
13.75 0.1885
13.7667 0.1876
13.7833 0.1867
13.8 0.1859
13.8167 0.185
13.8333 0.184
13.85 0.1831
13.8667 0.1822
13.8833 0.1813
13.9 0.1803
13.9167 0.1794
13.9333 0.1784
13.95 0.1775
13.9667 0.1765
13.9833 0.1755
14.0 0.1746
14.0167 0.1736
14.0333 0.1726
14.05 0.1716
14.0667 0.1706
14.0833 0.1696
14.1 0.1686
14.1167 0.1675
14.1333 0.1665
14.15 0.1654
14.1667 0.1644
14.1833 0.1634
14.2 0.1624
14.2167 0.1613
14.2333 0.1602
14.25 0.1592
14.2667 0.1581
14.2833 0.157
14.3 0.156
14.3167 0.1549
14.3333 0.1538
14.35 0.1527
14.3667 0.1516
14.3833 0.1505
14.4 0.1494
14.4167 0.1483
14.4333 0.1472
14.45 0.1461
14.4667 0.145
14.4833 0.1439
14.5 0.1427
14.5167 0.1416
14.5333 0.1405
14.55 0.1393
14.5667 0.1382
14.5833 0.1371
14.6 0.136
14.6167 0.1348
14.6333 0.1337
14.65 0.1326
14.6667 0.1314
14.6833 0.1303
14.7 0.1291
14.7167 0.128
14.7333 0.1269
14.75 0.1257
14.7667 0.1246
14.7833 0.1234
14.8 0.1223
14.8167 0.1211
14.8333 0.12
14.85 0.1189
14.8667 0.1177
14.8833 0.1166
14.9 0.1154
14.9167 0.1143
14.9333 0.1131
14.95 0.112
14.9667 0.1109
14.9833 0.1097
15.0 0.1086
15.0167 0.1074
15.0333 0.1063
15.05 0.1052
15.0667 0.104
15.0833 0.1029
15.1 0.1018
15.1167 0.1007
15.1333 0.09955
15.15 0.09843
15.1667 0.09731
15.1833 0.0962
15.2 0.09509
15.2167 0.09398
15.2333 0.09287
15.25 0.09177
15.2667 0.09067
15.2833 0.08958
15.3 0.08849
15.3167 0.0874
15.3333 0.08632
15.35 0.08524
15.3667 0.08416
15.3833 0.08309
15.4 0.08203
15.4167 0.08096
15.4333 0.07991
15.45 0.07885
15.4667 0.07781
15.4833 0.07676
15.5 0.07572
15.5167 0.07469
15.5333 0.07366
15.55 0.07264
15.5667 0.07162
15.5833 0.07061
15.6 0.0696
15.6167 0.0686
15.6333 0.06761
15.65 0.06662
15.6667 0.06564
15.6833 0.06466
15.7 0.06369
15.7167 0.06273
15.7333 0.06177
15.75 0.06082
15.7667 0.05987
15.7833 0.05893
15.8 0.058
15.8167 0.05708
15.8333 0.05616
15.85 0.05525
15.8667 0.05434
15.8833 0.05344
15.9 0.05255
15.9167 0.05167
15.9333 0.0508
15.95 0.04993
15.9667 0.04907
15.9833 0.04821
16.0 0.04737
16.0167 0.04653
16.0333 0.0457
16.05 0.04487
16.0667 0.04406
16.0833 0.04325
16.1 0.04245
16.1167 0.04166
16.1333 0.04087
16.15 0.0401
16.1667 0.03933
16.1833 0.03857
16.2 0.03782
16.2167 0.03707
16.2333 0.03634
16.25 0.03561
16.2667 0.03489
16.2833 0.03418
16.3 0.03348
16.3167 0.03278
16.3333 0.0321
16.35 0.03142
16.3667 0.03075
16.3833 0.03009
16.4 0.02943
16.4167 0.02879
16.4333 0.02815
16.45 0.02752
16.4667 0.0269
16.4833 0.02629
16.5 0.02569
16.5167 0.0251
16.5333 0.02451
16.55 0.02393
16.5667 0.02336
16.5833 0.0228
16.6 0.02225
16.6167 0.0217
16.6333 0.02117
16.65 0.02064
16.6667 0.02012
16.6833 0.01961
16.7 0.01911
16.7167 0.01861
16.7333 0.01812
16.75 0.01765
16.7667 0.01717
16.7833 0.01671
16.8 0.01626
16.8167 0.01581
16.8333 0.01537
16.85 0.01494
16.8667 0.01452
16.8833 0.0141
16.9 0.01369
16.9167 0.01329
16.9333 0.0129
16.95 0.01252
16.9667 0.01214
16.9833 0.01177
17.0 0.01141
17.0167 0.01105
17.0333 0.0107
17.05 0.01036
17.0667 0.01003
17.0833 0.009702
17.1 0.009382
17.1167 0.009069
17.1333 0.008763
17.15 0.008464
17.1667 0.008172
17.1833 0.007886
17.2 0.007606
17.2167 0.007334
17.2333 0.007067
17.25 0.006807
17.2667 0.006553
17.2833 0.006305
17.3 0.006064
17.3167 0.005828
17.3333 0.005598
17.35 0.005374
17.3667 0.005155
17.3833 0.004943
17.4 0.004736
17.4167 0.004534
17.4333 0.004338
17.45 0.004147
17.4667 0.003961
17.4833 0.00378
17.5 0.003605
17.5167 0.003434
17.5333 0.003268
17.55 0.003107
17.5667 0.002951
17.5833 0.0028
17.6 0.002653
17.6167 0.00251
17.6333 0.002372
17.65 0.002238
17.6667 0.002109
17.6833 0.001984
17.7 0.001863
17.7167 0.001746
17.7333 0.001634
17.75 0.001525
17.7667 0.001421
17.7833 0.00132
17.8 0.001224
17.8167 0.001132
17.8333 0.001043
17.85 0.0009592
17.8667 0.0008794
17.8833 0.000804
17.9 0.0007335
17.9167 0.0006547
17.9333 0.0005837
17.95 0.0005236
17.9667 0.0004727
17.9833 0.0004193
18.0 0.0003697
18.0167 0.0003239
18.0333 0.0002865
18.05 0.0002463
18.0667 0.0002115
18.0833 0.0001808
18.1 0.0001536
18.1167 0.0001299
18.1333 0.0001096
18.15 8.931e-05
18.1667 7.391e-05
18.1833 5.962e-05
18.2 4.87e-05
18.2167 3.846e-05
18.2333 3.019e-05
18.25 2.349e-05
18.2667 1.806e-05
18.2833 1.372e-05
18.3 1.029e-05
18.3167 7.452e-06
18.3333 5.293e-06
18.35 3.63e-06
18.3667 2.362e-06
18.3833 1.457e-06
18.4 8.678e-07
18.4167 5.051e-07
18.4333 2.851e-07
18.45 1.508e-07
18.4667 7.044e-08
18.4833 2.657e-08
18.5 5.685e-09
18.5167 5.517e-10
18.5333 2.186e-11
18.55 2.615e-13
18.5667 5.749e-16
18.5833 2.83e-33
18.6 0.0
18.6167 0.0
18.6333 0.0
18.65 0.0
18.6667 0.0
18.6833 0.0
18.7 0.0
18.7167 0.0
18.7333 0.0
18.75 0.0
18.7667 0.0
18.7833 0.0
18.8 0.0
18.8167 0.0
18.8333 0.0
18.85 0.0
18.8667 0.0
18.8833 0.0
18.9 0.0
18.9167 0.0
18.9333 0.0
18.95 0.0
18.9667 0.0
18.9833 0.0
19.0 0.0
19.0167 0.0
19.0333 0.0
19.05 0.0
19.0667 0.0
19.0833 0.0
19.1 0.0
19.1167 0.0
19.1333 0.0
19.15 0.0
19.1667 0.0
19.1833 0.0
19.2 0.0
19.2167 0.0
19.2333 0.0
19.25 0.0
19.2667 0.0
19.2833 0.0
19.3 0.0
19.3167 0.0
19.3333 0.0
19.35 0.0
19.3667 0.0
19.3833 0.0
19.4 0.0
19.4167 0.0
19.4333 0.0
19.45 0.0
19.4667 0.0
19.4833 0.0
19.5 0.0
19.5167 0.0
19.5333 0.0
19.55 0.0
19.5667 0.0
19.5833 0.0
19.6 0.0
19.6167 0.0
19.6333 0.0
19.65 0.0
19.6667 0.0
19.6833 0.0
19.7 0.0
19.7167 0.0
19.7333 0.0
19.75 0.0
19.7667 0.0
19.7833 0.0
19.8 0.0
19.8167 0.0
19.8333 0.0
19.85 0.0
19.8667 0.0
19.8833 0.0
19.9 0.0
19.9167 0.0
19.9333 0.0
19.95 0.0
19.9667 0.0
19.9833 0.0
20.0 0.0
20.0167 0.0
20.0333 0.0
20.05 0.0
20.0667 0.0
20.0833 0.0
20.1 0.0
20.1167 0.0
20.1333 0.0
20.15 0.0
20.1667 0.0
20.1833 0.0
20.2 0.0
20.2167 0.0
20.2333 0.0
20.25 0.0
20.2667 0.0
20.2833 0.0
20.3 0.0
20.3167 0.0
20.3333 0.0
20.35 0.0
20.3667 0.0
20.3833 0.0
20.4 0.0
20.4167 0.0
20.4333 0.0
20.45 0.0
20.4667 0.0
20.4833 0.0
20.5 0.0
20.5167 0.0
20.5333 0.0
20.55 0.0
20.5667 0.0
20.5833 0.0
20.6 0.0
20.6167 0.0
20.6333 0.0
20.65 0.0
20.6667 0.0
20.6833 0.0
20.7 0.0
20.7167 0.0
20.7333 0.0
20.75 0.0
20.7667 0.0
20.7833 0.0
20.8 0.0
20.8167 0.0
20.8333 0.0
20.85 0.0
20.8667 0.0
20.8833 0.0
20.9 0.0
20.9167 0.0
20.9333 0.0
20.95 0.0
20.9667 0.0
20.9833 0.0
21.0 0.0
21.0167 0.0
21.0333 0.0
21.05 0.0
21.0667 0.0
21.0833 0.0
21.1 0.0
21.1167 0.0
21.1333 0.0
21.15 0.0
21.1667 0.0
21.1833 0.0
21.2 0.0
21.2167 0.0
21.2333 0.0
21.25 0.0
21.2667 0.0
21.2833 0.0
21.3 0.0
21.3167 0.0
21.3333 0.0
21.35 0.0
21.3667 0.0
21.3833 0.0
21.4 0.0
21.4167 0.0
21.4333 0.0
21.45 0.0
21.4667 0.0
21.4833 0.0
21.5 0.0
21.5167 0.0
21.5333 0.0
21.55 0.0
21.5667 0.0
21.5833 0.0
21.6 0.0
21.6167 0.0
21.6333 0.0
21.65 0.0
21.6667 0.0
21.6833 0.0
21.7 0.0
21.7167 0.0
21.7333 0.0
21.75 0.0
21.7667 0.0
21.7833 0.0
21.8 0.0
21.8167 0.0
21.8333 0.0
21.85 0.0
21.8667 0.0
21.8833 0.0
21.9 0.0
21.9167 0.0
21.9333 0.0
21.95 0.0
21.9667 0.0
21.9833 0.0
22.0 0.0
22.0167 0.0
22.0333 0.0
22.05 0.0
22.0667 0.0
22.0833 0.0
22.1 0.0
22.1167 0.0
22.1333 0.0
22.15 0.0
22.1667 0.0
22.1833 0.0
22.2 0.0
22.2167 0.0
22.2333 0.0
22.25 0.0
22.2667 0.0
22.2833 0.0
22.3 0.0
22.3167 0.0
22.3333 0.0
22.35 0.0
22.3667 0.0
22.3833 0.0
22.4 0.0
22.4167 0.0
22.4333 0.0
22.45 0.0
22.4667 0.0
22.4833 0.0
22.5 0.0
22.5167 0.0
22.5333 0.0
22.55 0.0
22.5667 0.0
22.5833 0.0
22.6 0.0
22.6167 0.0
22.6333 0.0
22.65 0.0
22.6667 0.0
22.6833 0.0
22.7 0.0
22.7167 0.0
22.7333 0.0
22.75 0.0
22.7667 0.0
22.7833 0.0
22.8 0.0
22.8167 0.0
22.8333 0.0
22.85 0.0
22.8667 0.0
22.8833 0.0
22.9 0.0
22.9167 0.0
22.9333 0.0
22.95 0.0
22.9667 0.0
22.9833 0.0
23.0 0.0
23.0167 0.0
23.0333 0.0
23.05 0.0
23.0667 0.0
23.0833 0.0
23.1 0.0
23.1167 0.0
23.1333 0.0
23.15 0.0
23.1667 0.0
23.1833 0.0
23.2 0.0
23.2167 0.0
23.2333 0.0
23.25 0.0
23.2667 0.0
23.2833 0.0
23.3 0.0
23.3167 0.0
23.3333 0.0
23.35 0.0
23.3667 0.0
23.3833 0.0
23.4 0.0
23.4167 0.0
23.4333 0.0
23.45 0.0
23.4667 0.0
23.4833 0.0
23.5 0.0
23.5167 0.0
23.5333 0.0
23.55 0.0
23.5667 0.0
23.5833 0.0
23.6 0.0
23.6167 0.0
23.6333 0.0
23.65 0.0
23.6667 0.0
23.6833 0.0
23.7 0.0
23.7167 0.0
23.7333 0.0
23.75 0.0
23.7667 0.0
23.7833 0.0
23.8 0.0
23.8167 0.0
23.8333 0.0
23.85 0.0
23.8667 0.0
23.8833 0.0
23.9 0.0
23.9167 0.0
23.9333 0.0
23.95 0.0
23.9667 0.0
23.9833 0.0
