0.0 0.0
0.0167 0.0
0.0333 0.0
0.05 0.0
0.0667 0.0
0.0833 0.0
0.1 0.0
0.1167 0.0
0.1333 0.0
0.15 0.0
0.1667 0.0
0.1833 0.0
0.2 0.0
0.2167 0.0
0.2333 0.0
0.25 0.0
0.2667 0.0
0.2833 0.0
0.3 0.0
0.3167 0.0
0.3333 0.0
0.35 0.0
0.3667 0.0
0.3833 0.0
0.4 0.0
0.4167 0.0
0.4333 0.0
0.45 0.0
0.4667 0.0
0.4833 0.0
0.5 0.0
0.5167 0.0
0.5333 0.0
0.55 0.0
0.5667 0.0
0.5833 0.0
0.6 0.0
0.6167 0.0
0.6333 0.0
0.65 0.0
0.6667 0.0
0.6833 0.0
0.7 0.0
0.7167 0.0
0.7333 0.0
0.75 0.0
0.7667 0.0
0.7833 0.0
0.8 0.0
0.8167 0.0
0.8333 0.0
0.85 0.0
0.8667 0.0
0.8833 0.0
0.9 0.0
0.9167 0.0
0.9333 0.0
0.95 0.0
0.9667 0.0
0.9833 0.0
1.0 0.0
1.0167 0.0
1.0333 0.0
1.05 0.0
1.0667 0.0
1.0833 0.0
1.1 0.0
1.1167 0.0
1.1333 0.0
1.15 0.0
1.1667 0.0
1.1833 0.0
1.2 0.0
1.2167 0.0
1.2333 0.0
1.25 0.0
1.2667 0.0
1.2833 0.0
1.3 0.0
1.3167 0.0
1.3333 0.0
1.35 0.0
1.3667 0.0
1.3833 0.0
1.4 0.0
1.4167 0.0
1.4333 0.0
1.45 0.0
1.4667 0.0
1.4833 0.0
1.5 0.0
1.5167 0.0
1.5333 0.0
1.55 0.0
1.5667 0.0
1.5833 0.0
1.6 0.0
1.6167 0.0
1.6333 0.0
1.65 0.0
1.6667 0.0
1.6833 0.0
1.7 0.0
1.7167 0.0
1.7333 0.0
1.75 0.0
1.7667 0.0
1.7833 0.0
1.8 0.0
1.8167 0.0
1.8333 0.0
1.85 0.0
1.8667 0.0
1.8833 0.0
1.9 0.0
1.9167 0.0
1.9333 0.0
1.95 0.0
1.9667 0.0
1.9833 0.0
2.0 0.0
2.0167 0.0
2.0333 0.0
2.05 0.0
2.0667 0.0
2.0833 0.0
2.1 0.0
2.1167 0.0
2.1333 0.0
2.15 0.0
2.1667 0.0
2.1833 0.0
2.2 0.0
2.2167 0.0
2.2333 0.0
2.25 0.0
2.2667 0.0
2.2833 0.0
2.3 0.0
2.3167 0.0
2.3333 0.0
2.35 0.0
2.3667 0.0
2.3833 0.0
2.4 0.0
2.4167 0.0
2.4333 0.0
2.45 0.0
2.4667 0.0
2.4833 0.0
2.5 0.0
2.5167 0.0
2.5333 0.0
2.55 0.0
2.5667 0.0
2.5833 0.0
2.6 0.0
2.6167 0.0
2.6333 0.0
2.65 0.0
2.6667 0.0
2.6833 0.0
2.7 0.0
2.7167 0.0
2.7333 0.0
2.75 0.0
2.7667 0.0
2.7833 0.0
2.8 0.0
2.8167 0.0
2.8333 0.0
2.85 0.0
2.8667 0.0
2.8833 0.0
2.9 0.0
2.9167 0.0
2.9333 0.0
2.95 0.0
2.9667 0.0
2.9833 0.0
3.0 0.0
3.0167 0.0
3.0333 0.0
3.05 0.0
3.0667 0.0
3.0833 0.0
3.1 0.0
3.1167 0.0
3.1333 0.0
3.15 0.0
3.1667 0.0
3.1833 0.0
3.2 0.0
3.2167 0.0
3.2333 0.0
3.25 0.0
3.2667 0.0
3.2833 0.0
3.3 0.0
3.3167 0.0
3.3333 0.0
3.35 0.0
3.3667 0.0
3.3833 0.0
3.4 0.0
3.4167 0.0
3.4333 0.0
3.45 0.0
3.4667 0.0
3.4833 0.0
3.5 0.0
3.5167 0.0
3.5333 0.0
3.55 0.0
3.5667 0.0
3.5833 0.0
3.6 0.0
3.6167 0.0
3.6333 0.0
3.65 0.0
3.6667 0.0
3.6833 0.0
3.7 0.0
3.7167 0.0
3.7333 0.0
3.75 0.0
3.7667 0.0
3.7833 0.0
3.8 0.0
3.8167 0.0
3.8333 0.0
3.85 0.0
3.8667 0.0
3.8833 0.0
3.9 0.0
3.9167 0.0
3.9333 0.0
3.95 0.0
3.9667 0.0
3.9833 0.0
4.0 0.0
4.0167 0.0
4.0333 0.0
4.05 0.0
4.0667 0.0
4.0833 0.0
4.1 0.0
4.1167 0.0
4.1333 0.0
4.15 0.0
4.1667 0.0
4.1833 0.0
4.2 0.0
4.2167 0.0
4.2333 0.0
4.25 0.0
4.2667 0.0
4.2833 0.0
4.3 0.0
4.3167 0.0
4.3333 0.0
4.35 0.0
4.3667 0.0
4.3833 0.0
4.4 0.0
4.4167 0.0
4.4333 0.0
4.45 0.0
4.4667 0.0
4.4833 0.0
4.5 0.0
4.5167 0.0
4.5333 0.0
4.55 0.0
4.5667 0.0
4.5833 0.0
4.6 0.0
4.6167 0.0
4.6333 0.0
4.65 0.0
4.6667 0.0
4.6833 0.0
4.7 0.0
4.7167 0.0
4.7333 0.0
4.75 0.0
4.7667 0.0
4.7833 0.0
4.8 0.0
4.8167 0.0
4.8333 0.0
4.85 0.0
4.8667 0.0
4.8833 0.0
4.9 0.0
4.9167 0.0
4.9333 0.0
4.95 0.0
4.9667 0.0
4.9833 0.0
5.0 0.0
5.0167 0.0
5.0333 0.0
5.05 0.0
5.0667 0.0
5.0833 0.0
5.1 0.0
5.1167 0.0
5.1333 0.0
5.15 0.0
5.1667 0.0
5.1833 0.0
5.2 0.0
5.2167 0.0
5.2333 0.0
5.25 0.0
5.2667 0.0
5.2833 0.0
5.3 0.0
5.3167 0.0
5.3333 0.0
5.35 0.0
5.3667 0.0
5.3833 0.0
5.4 0.0
5.4167 0.0
5.4333 0.0
5.45 0.0
5.4667 0.0
5.4833 0.0
5.5 0.0
5.5167 0.0
5.5333 0.0
5.55 0.0
5.5667 0.0
5.5833 0.0
5.6 0.0
5.6167 0.0
5.6333 0.0
5.65 0.0
5.6667 0.0
5.6833 0.0
5.7 0.0
5.7167 0.0
5.7333 0.0
5.75 0.0
5.7667 0.0
5.7833 0.0
5.8 0.0
5.8167 0.0
5.8333 0.0
5.85 0.0
5.8667 0.0
5.8833 0.0
5.9 0.0
5.9167 0.0
5.9333 0.0
5.95 0.0
5.9667 0.0
5.9833 0.0
6.0 0.0
6.0167 0.0
6.0333 0.0
6.05 0.0
6.0667 0.0
6.0833 0.0
6.1 0.0
6.1167 0.0
6.1333 0.0
6.15 0.0
6.1667 0.0
6.1833 0.0
6.2 0.0
6.2167 0.0
6.2333 0.0
6.25 0.0
6.2667 0.0
6.2833 0.0
6.3 0.0
6.3167 0.0
6.3333 0.0
6.35 0.0
6.3667 0.0
6.3833 0.0
6.4 0.0
6.4167 0.0
6.4333 0.0
6.45 8.35e-17
6.4667 9.246e-14
6.4833 1.451e-11
6.5 4.871e-10
6.5167 5.763e-09
6.5333 2.771e-08
6.55 7.81e-08
6.5667 1.66e-07
6.5833 3.139e-07
6.6 5.653e-07
6.6167 9.934e-07
6.6333 1.668e-06
6.65 2.671e-06
6.6667 4.094e-06
6.6833 6.037e-06
6.7 8.376e-06
6.7167 1.165e-05
6.7333 1.562e-05
6.75 2.061e-05
6.7667 2.69e-05
6.7833 3.473e-05
6.8 4.443e-05
6.8167 5.645e-05
6.8333 6.926e-05
6.85 8.625e-05
6.8667 0.0001042
6.8833 0.0001265
6.9 0.0001533
6.9167 0.0001815
6.9333 0.0002141
6.95 0.0002519
6.9667 0.0002856
6.9833 0.0003305
7.0 0.0003787
7.0167 0.0004299
7.0333 0.0004806
7.05 0.0005412
7.0667 0.0006136
7.0833 0.0006872
7.1 0.000758
7.1167 0.0008338
7.1333 0.0009141
7.15 0.000999
7.1667 0.001088
7.1833 0.001182
7.2 0.001279
7.2167 0.001381
7.2333 0.001487
7.25 0.001597
7.2667 0.001712
7.2833 0.001831
7.3 0.001955
7.3167 0.002082
7.3333 0.002215
7.35 0.002352
7.3667 0.002494
7.3833 0.00264
7.4 0.002792
7.4167 0.002948
7.4333 0.003109
7.45 0.003276
7.4667 0.003448
7.4833 0.003625
7.5 0.003807
7.5167 0.003995
7.5333 0.004188
7.55 0.004388
7.5667 0.004593
7.5833 0.004804
7.6 0.005021
7.6167 0.005244
7.6333 0.005474
7.65 0.00571
7.6667 0.005953
7.6833 0.006201
7.7 0.006457
7.7167 0.006719
7.7333 0.006988
7.75 0.007265
7.7667 0.007548
7.7833 0.007838
7.8 0.008136
7.8167 0.008441
7.8333 0.008754
7.85 0.009074
7.8667 0.009401
7.8833 0.009737
7.9 0.01008
7.9167 0.01043
7.9333 0.01079
7.95 0.01116
7.9667 0.01153
7.9833 0.01192
8.0 0.01231
8.0167 0.01271
8.0333 0.01312
8.05 0.01354
8.0667 0.01396
8.0833 0.0144
8.1 0.01484
8.1167 0.01529
8.1333 0.01576
8.15 0.01623
8.1667 0.01671
8.1833 0.01719
8.2 0.01769
8.2167 0.0182
8.2333 0.01872
8.25 0.01924
8.2667 0.01978
8.2833 0.02032
8.3 0.02088
8.3167 0.02144
8.3333 0.02201
8.35 0.0226
8.3667 0.02319
8.3833 0.02379
8.4 0.02441
8.4167 0.02503
8.4333 0.02566
8.45 0.0263
8.4667 0.02695
8.4833 0.02761
8.5 0.02829
8.5167 0.02897
8.5333 0.02966
8.55 0.03036
8.5667 0.03107
8.5833 0.03179
8.6 0.03252
8.6167 0.03327
8.6333 0.03402
8.65 0.03478
8.6667 0.03555
8.6833 0.03633
8.7 0.03712
8.7167 0.03792
8.7333 0.03873
8.75 0.03956
8.7667 0.04039
8.7833 0.04123
8.8 0.04208
8.8167 0.04294
8.8333 0.04381
8.85 0.04469
8.8667 0.04558
8.8833 0.04648
8.9 0.04739
8.9167 0.04831
8.9333 0.04924
8.95 0.05018
8.9667 0.05113
8.9833 0.05209
9.0 0.05306
9.0167 0.05403
9.0333 0.05502
9.05 0.05602
9.0667 0.05702
9.0833 0.05803
9.1 0.05906
9.1167 0.06009
9.1333 0.06113
9.15 0.06218
9.1667 0.06324
9.1833 0.06431
9.2 0.06539
9.2167 0.06647
9.2333 0.06756
9.25 0.06867
9.2667 0.06978
9.2833 0.0709
9.3 0.07203
9.3167 0.07316
9.3333 0.07431
9.35 0.07546
9.3667 0.07662
9.3833 0.07779
9.4 0.07896
9.4167 0.08015
9.4333 0.08134
9.45 0.08254
9.4667 0.08374
9.4833 0.08496
9.5 0.08618
9.5167 0.08741
9.5333 0.08864
9.55 0.08988
9.5667 0.09113
9.5833 0.09238
9.6 0.09364
9.6167 0.09491
9.6333 0.09619
9.65 0.09747
9.6667 0.09875
9.6833 0.1
9.7 0.1013
9.7167 0.1026
9.7333 0.104
9.75 0.1053
9.7667 0.1066
9.7833 0.1079
9.8 0.1092
9.8167 0.1106
9.8333 0.1119
9.85 0.1132
9.8667 0.1146
9.8833 0.116
9.9 0.1173
9.9167 0.1187
9.9333 0.12
9.95 0.1214
9.9667 0.1228
9.9833 0.1241
10.0 0.1256
10.0167 0.1269
10.0333 0.1283
10.05 0.1297
10.0667 0.1311
10.0833 0.1325
10.1 0.1339
10.1167 0.1353
10.1333 0.1367
10.15 0.1381
10.1667 0.1395
10.1833 0.1409
10.2 0.1423
10.2167 0.1437
10.2333 0.1452
10.25 0.1466
10.2667 0.148
10.2833 0.1494
10.3 0.1508
10.3167 0.1522
10.3333 0.1537
10.35 0.1551
10.3667 0.1565
10.3833 0.1577
10.4 0.1593
10.4167 0.1608
10.4333 0.1622
10.45 0.1635
10.4667 0.1649
10.4833 0.1664
10.5 0.1678
10.5167 0.1692
10.5333 0.1707
10.55 0.1721
10.5667 0.1735
10.5833 0.1748
10.6 0.1763
10.6167 0.1777
10.6333 0.1791
10.65 0.1805
10.6667 0.1819
10.6833 0.1833
10.7 0.1847
10.7167 0.1861
10.7333 0.1875
10.75 0.1888
10.7667 0.1902
10.7833 0.1916
10.8 0.193
10.8167 0.1943
10.8333 0.1956
10.85 0.1971
10.8667 0.1983
10.8833 0.1995
10.9 0.2011
10.9167 0.2024
10.9333 0.2038
10.95 0.2051
10.9667 0.2064
10.9833 0.2077
11.0 0.2091
11.0167 0.2104
11.0333 0.2117
11.05 0.213
11.0667 0.2142
11.0833 0.2155
11.1 0.2168
11.1167 0.2181
11.1333 0.2193
11.15 0.2206
11.1667 0.2218
11.1833 0.2231
11.2 0.2243
11.2167 0.2255
11.2333 0.2268
11.25 0.228
11.2667 0.2292
11.2833 0.2304
11.3 0.2314
11.3167 0.2327
11.3333 0.2339
11.35 0.2349
11.3667 0.2362
11.3833 0.2373
11.4 0.2385
11.4167 0.2396
11.4333 0.2407
11.45 0.2418
11.4667 0.2429
11.4833 0.244
11.5 0.2451
11.5167 0.2462
11.5333 0.2472
11.55 0.2482
11.5667 0.2493
11.5833 0.2503
11.6 0.2513
11.6167 0.2523
11.6333 0.2533
11.65 0.2543
11.6667 0.2553
11.6833 0.2563
11.7 0.2572
11.7167 0.2581
11.7333 0.2591
11.75 0.26
11.7667 0.2609
11.7833 0.2618
11.8 0.2627
11.8167 0.2635
11.8333 0.2644
11.85 0.265
11.8667 0.2661
11.8833 0.2669
11.9 0.2677
11.9167 0.2685
11.9333 0.2693
11.95 0.27
11.9667 0.2708
11.9833 0.2714
12.0 0.2723
12.0167 0.273
12.0333 0.2737
12.05 0.2743
12.0667 0.2751
12.0833 0.2757
12.1 0.2764
12.1167 0.277
12.1333 0.2776
12.15 0.2783
12.1667 0.2789
12.1833 0.2793
12.2 0.28
12.2167 0.2806
12.2333 0.2811
12.25 0.2816
12.2667 0.2821
12.2833 0.2826
12.3 0.2831
12.3167 0.2836
12.3333 0.2841
12.35 0.2845
12.3667 0.2847
12.3833 0.2853
12.4 0.2857
12.4167 0.2861
12.4333 0.2865
12.45 0.2868
12.4667 0.2872
12.4833 0.2875
12.5 0.2878
12.5167 0.2881
12.5333 0.2884
12.55 0.2887
12.5667 0.2889
12.5833 0.2891
12.6 0.2894
12.6167 0.2896
12.6333 0.2898
12.65 0.2899
12.6667 0.2901
12.6833 0.2902
12.7 0.2904
12.7167 0.2905
12.7333 0.2906
12.75 0.2907
12.7667 0.2908
12.7833 0.2908
12.8 0.2909
12.8167 0.2909
12.8333 0.2909
12.85 0.2909
12.8667 0.2909
12.8833 0.2908
12.9 0.2908
12.9167 0.2907
12.9333 0.2906
12.95 0.2905
12.9667 0.2904
12.9833 0.2903
13.0 0.2902
13.0167 0.29
13.0333 0.2898
13.05 0.2896
13.0667 0.2894
13.0833 0.2892
13.1 0.289
13.1167 0.2887
13.1333 0.2885
13.15 0.2882
13.1667 0.2879
13.1833 0.2876
13.2 0.2873
13.2167 0.2869
13.2333 0.2866
13.25 0.2862
13.2667 0.2858
13.2833 0.2854
13.3 0.2847
13.3167 0.2846
13.3333 0.2842
13.35 0.2837
13.3667 0.2833
13.3833 0.2828
13.4 0.2823
13.4167 0.2818
13.4333 0.2812
13.45 0.2807
13.4667 0.2802
13.4833 0.2796
13.5 0.279
13.5167 0.2784
13.5333 0.2778
13.55 0.2772
13.5667 0.2766
13.5833 0.2759
13.6 0.2752
13.6167 0.2743
13.6333 0.2739
13.65 0.2732
13.6667 0.2725
13.6833 0.2717
13.7 0.271
13.7167 0.2702
13.7333 0.2695
13.75 0.2687
13.7667 0.2679
13.7833 0.2671
13.8 0.2663
13.8167 0.2653
13.8333 0.2646
13.85 0.2638
13.8667 0.2629
13.8833 0.262
13.9 0.2611
13.9167 0.2601
13.9333 0.2593
13.95 0.2582
13.9667 0.2575
13.9833 0.2565
14.0 0.2555
14.0167 0.2546
14.0333 0.2536
14.05 0.2526
14.0667 0.2516
14.0833 0.2506
14.1 0.2496
14.1167 0.2485
14.1333 0.2475
14.15 0.2464
14.1667 0.2453
14.1833 0.2443
14.2 0.2432
14.2167 0.2421
14.2333 0.241
14.25 0.2399
14.2667 0.2388
14.2833 0.2377
14.3 0.2365
14.3167 0.2354
14.3333 0.2342
14.35 0.233
14.3667 0.2319
14.3833 0.2307
14.4 0.2295
14.4167 0.2283
14.4333 0.227
14.45 0.2259
14.4667 0.2246
14.4833 0.2234
14.5 0.2222
14.5167 0.2209
14.5333 0.2196
14.55 0.2184
14.5667 0.2171
14.5833 0.2159
14.6 0.2146
14.6167 0.2133
14.6333 0.212
14.65 0.2107
14.6667 0.2094
14.6833 0.2081
14.7 0.2068
14.7167 0.2055
14.7333 0.2041
14.75 0.2028
14.7667 0.2015
14.7833 0.2001
14.8 0.1988
14.8167 0.1974
14.8333 0.1961
14.85 0.1947
14.8667 0.1933
14.8833 0.192
14.9 0.1906
14.9167 0.1892
14.9333 0.1878
14.95 0.1865
14.9667 0.1851
14.9833 0.1837
15.0 0.1823
15.0167 0.1809
15.0333 0.1795
15.05 0.1781
15.0667 0.1767
15.0833 0.1753
15.1 0.1739
15.1167 0.1725
15.1333 0.1711
15.15 0.1696
15.1667 0.1682
15.1833 0.1668
15.2 0.1654
15.2167 0.164
15.2333 0.1626
15.25 0.1611
15.2667 0.1597
15.2833 0.1583
15.3 0.1568
15.3167 0.1555
15.3333 0.1541
15.35 0.1526
15.3667 0.1512
15.3833 0.1498
15.4 0.1483
15.4167 0.147
15.4333 0.1455
15.45 0.1441
15.4667 0.1427
15.4833 0.1413
15.5 0.1399
15.5167 0.1385
15.5333 0.1371
15.55 0.1357
15.5667 0.1343
15.5833 0.1329
15.6 0.1315
15.6167 0.1301
15.6333 0.1287
15.65 0.1273
15.6667 0.1259
15.6833 0.1245
15.7 0.1232
15.7167 0.1218
15.7333 0.1204
15.75 0.119
15.7667 0.1177
15.7833 0.1163
15.8 0.115
15.8167 0.1136
15.8333 0.1123
15.85 0.1109
15.8667 0.1096
15.8833 0.1083
15.9 0.107
15.9167 0.1056
15.9333 0.1043
15.95 0.103
15.9667 0.1017
15.9833 0.1004
16.0 0.09911
16.0167 0.09782
16.0333 0.09653
16.05 0.09526
16.0667 0.09399
16.0833 0.09273
16.1 0.09147
16.1167 0.09022
16.1333 0.08898
16.15 0.08774
16.1667 0.08651
16.1833 0.08529
16.2 0.08408
16.2167 0.08287
16.2333 0.08167
16.25 0.08047
16.2667 0.07929
16.2833 0.07811
16.3 0.07694
16.3167 0.07578
16.3333 0.07462
16.35 0.07348
16.3667 0.07234
16.3833 0.07121
16.4 0.07009
16.4167 0.06897
16.4333 0.06787
16.45 0.06677
16.4667 0.06568
16.4833 0.0646
16.5 0.06353
16.5167 0.06247
16.5333 0.06142
16.55 0.06038
16.5667 0.05934
16.5833 0.05831
16.6 0.0573
16.6167 0.05629
16.6333 0.05529
16.65 0.0543
16.6667 0.05332
16.6833 0.05235
16.7 0.05139
16.7167 0.05044
16.7333 0.0495
16.75 0.04857
16.7667 0.04765
16.7833 0.04673
16.8 0.04583
16.8167 0.04494
16.8333 0.04405
16.85 0.04318
16.8667 0.04232
16.8833 0.04146
16.9 0.04062
16.9167 0.03978
16.9333 0.03896
16.95 0.03815
16.9667 0.03734
16.9833 0.03655
17.0 0.03576
17.0167 0.03499
17.0333 0.03423
17.05 0.03347
17.0667 0.03273
17.0833 0.03199
17.1 0.03127
17.1167 0.03056
17.1333 0.02985
17.15 0.02916
17.1667 0.02847
17.1833 0.0278
17.2 0.02713
17.2167 0.02648
17.2333 0.02584
17.25 0.0252
17.2667 0.02458
17.2833 0.02396
17.3 0.02336
17.3167 0.02276
17.3333 0.02218
17.35 0.0216
17.3667 0.02103
17.3833 0.02047
17.4 0.01993
17.4167 0.01939
17.4333 0.01886
17.45 0.01834
17.4667 0.01783
17.4833 0.01733
17.5 0.01684
17.5167 0.01636
17.5333 0.01589
17.55 0.01542
17.5667 0.01497
17.5833 0.01452
17.6 0.01408
17.6167 0.01365
17.6333 0.01323
17.65 0.01282
17.6667 0.01242
17.6833 0.01203
17.7 0.01164
17.7167 0.01126
17.7333 0.01089
17.75 0.01053
17.7667 0.01018
17.7833 0.009832
17.8 0.009495
17.8167 0.009165
17.8333 0.008843
17.85 0.008528
17.8667 0.008221
17.8833 0.007921
17.9 0.007629
17.9167 0.007344
17.9333 0.007065
17.95 0.006794
17.9667 0.00653
17.9833 0.006273
18.0 0.006022
18.0167 0.005778
18.0333 0.00554
18.05 0.005309
18.0667 0.005084
18.0833 0.004865
18.1 0.004652
18.1167 0.004445
18.1333 0.004244
18.15 0.004049
18.1667 0.00386
18.1833 0.003676
18.2 0.003497
18.2167 0.003324
18.2333 0.003156
18.25 0.002993
18.2667 0.002836
18.2833 0.002683
18.3 0.002535
18.3167 0.002392
18.3333 0.002254
18.35 0.00212
18.3667 0.001991
18.3833 0.001866
18.4 0.001746
18.4167 0.00163
18.4333 0.001518
18.45 0.001411
18.4667 0.001308
18.4833 0.001209
18.5 0.001115
18.5167 0.001024
18.5333 0.0009383
18.55 0.0008566
18.5667 0.0007794
18.5833 0.000707
18.6 0.000637
18.6167 0.000561
18.6333 0.0004971
18.65 0.0004436
18.6667 0.000399
18.6833 0.0003422
18.7 0.0003007
18.7167 0.0002604
18.7333 0.0002219
18.75 0.0001886
18.7667 0.0001594
18.7833 0.000134
18.8 0.0001122
18.8167 9.059e-05
18.8333 7.46e-05
18.85 5.941e-05
18.8667 4.737e-05
18.8833 3.783e-05
18.9 2.936e-05
18.9167 2.258e-05
18.9333 1.697e-05
18.95 1.257e-05
18.9667 9.271e-06
18.9833 6.602e-06
19.0 4.623e-06
19.0167 3.048e-06
19.0333 1.919e-06
19.05 1.155e-06
19.0667 6.665e-07
19.0833 3.748e-07
19.1 2.027e-07
19.1167 1.002e-07
19.1333 3.867e-08
19.15 1.021e-08
19.1667 1.081e-09
19.1833 4.651e-11
19.2 4.68e-13
19.2167 9.097e-16
19.2333 3.492e-33
19.25 0.0
19.2667 0.0
19.2833 0.0
19.3 0.0
19.3167 0.0
19.3333 0.0
19.35 0.0
19.3667 0.0
19.3833 0.0
19.4 0.0
19.4167 0.0
19.4333 0.0
19.45 0.0
19.4667 0.0
19.4833 0.0
19.5 0.0
19.5167 0.0
19.5333 0.0
19.55 0.0
19.5667 0.0
19.5833 0.0
19.6 0.0
19.6167 0.0
19.6333 0.0
19.65 0.0
19.6667 0.0
19.6833 0.0
19.7 0.0
19.7167 0.0
19.7333 0.0
19.75 0.0
19.7667 0.0
19.7833 0.0
19.8 0.0
19.8167 0.0
19.8333 0.0
19.85 0.0
19.8667 0.0
19.8833 0.0
19.9 0.0
19.9167 0.0
19.9333 0.0
19.95 0.0
19.9667 0.0
19.9833 0.0
20.0 0.0
20.0167 0.0
20.0333 0.0
20.05 0.0
20.0667 0.0
20.0833 0.0
20.1 0.0
20.1167 0.0
20.1333 0.0
20.15 0.0
20.1667 0.0
20.1833 0.0
20.2 0.0
20.2167 0.0
20.2333 0.0
20.25 0.0
20.2667 0.0
20.2833 0.0
20.3 0.0
20.3167 0.0
20.3333 0.0
20.35 0.0
20.3667 0.0
20.3833 0.0
20.4 0.0
20.4167 0.0
20.4333 0.0
20.45 0.0
20.4667 0.0
20.4833 0.0
20.5 0.0
20.5167 0.0
20.5333 0.0
20.55 0.0
20.5667 0.0
20.5833 0.0
20.6 0.0
20.6167 0.0
20.6333 0.0
20.65 0.0
20.6667 0.0
20.6833 0.0
20.7 0.0
20.7167 0.0
20.7333 0.0
20.75 0.0
20.7667 0.0
20.7833 0.0
20.8 0.0
20.8167 0.0
20.8333 0.0
20.85 0.0
20.8667 0.0
20.8833 0.0
20.9 0.0
20.9167 0.0
20.9333 0.0
20.95 0.0
20.9667 0.0
20.9833 0.0
21.0 0.0
21.0167 0.0
21.0333 0.0
21.05 0.0
21.0667 0.0
21.0833 0.0
21.1 0.0
21.1167 0.0
21.1333 0.0
21.15 0.0
21.1667 0.0
21.1833 0.0
21.2 0.0
21.2167 0.0
21.2333 0.0
21.25 0.0
21.2667 0.0
21.2833 0.0
21.3 0.0
21.3167 0.0
21.3333 0.0
21.35 0.0
21.3667 0.0
21.3833 0.0
21.4 0.0
21.4167 0.0
21.4333 0.0
21.45 0.0
21.4667 0.0
21.4833 0.0
21.5 0.0
21.5167 0.0
21.5333 0.0
21.55 0.0
21.5667 0.0
21.5833 0.0
21.6 0.0
21.6167 0.0
21.6333 0.0
21.65 0.0
21.6667 0.0
21.6833 0.0
21.7 0.0
21.7167 0.0
21.7333 0.0
21.75 0.0
21.7667 0.0
21.7833 0.0
21.8 0.0
21.8167 0.0
21.8333 0.0
21.85 0.0
21.8667 0.0
21.8833 0.0
21.9 0.0
21.9167 0.0
21.9333 0.0
21.95 0.0
21.9667 0.0
21.9833 0.0
22.0 0.0
22.0167 0.0
22.0333 0.0
22.05 0.0
22.0667 0.0
22.0833 0.0
22.1 0.0
22.1167 0.0
22.1333 0.0
22.15 0.0
22.1667 0.0
22.1833 0.0
22.2 0.0
22.2167 0.0
22.2333 0.0
22.25 0.0
22.2667 0.0
22.2833 0.0
22.3 0.0
22.3167 0.0
22.3333 0.0
22.35 0.0
22.3667 0.0
22.3833 0.0
22.4 0.0
22.4167 0.0
22.4333 0.0
22.45 0.0
22.4667 0.0
22.4833 0.0
22.5 0.0
22.5167 0.0
22.5333 0.0
22.55 0.0
22.5667 0.0
22.5833 0.0
22.6 0.0
22.6167 0.0
22.6333 0.0
22.65 0.0
22.6667 0.0
22.6833 0.0
22.7 0.0
22.7167 0.0
22.7333 0.0
22.75 0.0
22.7667 0.0
22.7833 0.0
22.8 0.0
22.8167 0.0
22.8333 0.0
22.85 0.0
22.8667 0.0
22.8833 0.0
22.9 0.0
22.9167 0.0
22.9333 0.0
22.95 0.0
22.9667 0.0
22.9833 0.0
23.0 0.0
23.0167 0.0
23.0333 0.0
23.05 0.0
23.0667 0.0
23.0833 0.0
23.1 0.0
23.1167 0.0
23.1333 0.0
23.15 0.0
23.1667 0.0
23.1833 0.0
23.2 0.0
23.2167 0.0
23.2333 0.0
23.25 0.0
23.2667 0.0
23.2833 0.0
23.3 0.0
23.3167 0.0
23.3333 0.0
23.35 0.0
23.3667 0.0
23.3833 0.0
23.4 0.0
23.4167 0.0
23.4333 0.0
23.45 0.0
23.4667 0.0
23.4833 0.0
23.5 0.0
23.5167 0.0
23.5333 0.0
23.55 0.0
23.5667 0.0
23.5833 0.0
23.6 0.0
23.6167 0.0
23.6333 0.0
23.65 0.0
23.6667 0.0
23.6833 0.0
23.7 0.0
23.7167 0.0
23.7333 0.0
23.75 0.0
23.7667 0.0
23.7833 0.0
23.8 0.0
23.8167 0.0
23.8333 0.0
23.85 0.0
23.8667 0.0
23.8833 0.0
23.9 0.0
23.9167 0.0
23.9333 0.0
23.95 0.0
23.9667 0.0
23.9833 0.0
