0.0 0.0
0.0167 0.0
0.0333 0.0
0.05 0.0
0.0667 0.0
0.0833 0.0
0.1 0.0
0.1167 0.0
0.1333 0.0
0.15 0.0
0.1667 0.0
0.1833 0.0
0.2 0.0
0.2167 0.0
0.2333 0.0
0.25 0.0
0.2667 0.0
0.2833 0.0
0.3 0.0
0.3167 0.0
0.3333 0.0
0.35 0.0
0.3667 0.0
0.3833 0.0
0.4 0.0
0.4167 0.0
0.4333 0.0
0.45 0.0
0.4667 0.0
0.4833 0.0
0.5 0.0
0.5167 0.0
0.5333 0.0
0.55 0.0
0.5667 0.0
0.5833 0.0
0.6 0.0
0.6167 0.0
0.6333 0.0
0.65 0.0
0.6667 0.0
0.6833 0.0
0.7 0.0
0.7167 0.0
0.7333 0.0
0.75 0.0
0.7667 0.0
0.7833 0.0
0.8 0.0
0.8167 0.0
0.8333 0.0
0.85 0.0
0.8667 0.0
0.8833 0.0
0.9 0.0
0.9167 0.0
0.9333 0.0
0.95 0.0
0.9667 0.0
0.9833 0.0
1.0 0.0
1.0167 0.0
1.0333 0.0
1.05 0.0
1.0667 0.0
1.0833 0.0
1.1 0.0
1.1167 0.0
1.1333 0.0
1.15 0.0
1.1667 0.0
1.1833 0.0
1.2 0.0
1.2167 0.0
1.2333 0.0
1.25 0.0
1.2667 0.0
1.2833 0.0
1.3 0.0
1.3167 0.0
1.3333 0.0
1.35 0.0
1.3667 0.0
1.3833 0.0
1.4 0.0
1.4167 0.0
1.4333 0.0
1.45 0.0
1.4667 0.0
1.4833 0.0
1.5 0.0
1.5167 0.0
1.5333 0.0
1.55 0.0
1.5667 0.0
1.5833 0.0
1.6 0.0
1.6167 0.0
1.6333 0.0
1.65 0.0
1.6667 0.0
1.6833 0.0
1.7 0.0
1.7167 0.0
1.7333 0.0
1.75 0.0
1.7667 0.0
1.7833 0.0
1.8 0.0
1.8167 0.0
1.8333 0.0
1.85 0.0
1.8667 0.0
1.8833 0.0
1.9 0.0
1.9167 0.0
1.9333 0.0
1.95 0.0
1.9667 0.0
1.9833 0.0
2.0 0.0
2.0167 0.0
2.0333 0.0
2.05 0.0
2.0667 0.0
2.0833 0.0
2.1 0.0
2.1167 0.0
2.1333 0.0
2.15 0.0
2.1667 0.0
2.1833 0.0
2.2 0.0
2.2167 0.0
2.2333 0.0
2.25 0.0
2.2667 0.0
2.2833 0.0
2.3 0.0
2.3167 0.0
2.3333 0.0
2.35 0.0
2.3667 0.0
2.3833 0.0
2.4 0.0
2.4167 0.0
2.4333 0.0
2.45 0.0
2.4667 0.0
2.4833 0.0
2.5 0.0
2.5167 0.0
2.5333 0.0
2.55 0.0
2.5667 0.0
2.5833 0.0
2.6 0.0
2.6167 0.0
2.6333 0.0
2.65 0.0
2.6667 0.0
2.6833 0.0
2.7 0.0
2.7167 0.0
2.7333 0.0
2.75 0.0
2.7667 0.0
2.7833 0.0
2.8 0.0
2.8167 0.0
2.8333 0.0
2.85 0.0
2.8667 0.0
2.8833 0.0
2.9 0.0
2.9167 0.0
2.9333 0.0
2.95 0.0
2.9667 0.0
2.9833 0.0
3.0 0.0
3.0167 0.0
3.0333 0.0
3.05 0.0
3.0667 0.0
3.0833 0.0
3.1 0.0
3.1167 0.0
3.1333 0.0
3.15 0.0
3.1667 0.0
3.1833 0.0
3.2 0.0
3.2167 0.0
3.2333 0.0
3.25 0.0
3.2667 0.0
3.2833 0.0
3.3 0.0
3.3167 0.0
3.3333 0.0
3.35 0.0
3.3667 0.0
3.3833 0.0
3.4 0.0
3.4167 0.0
3.4333 0.0
3.45 0.0
3.4667 0.0
3.4833 0.0
3.5 0.0
3.5167 0.0
3.5333 0.0
3.55 0.0
3.5667 0.0
3.5833 0.0
3.6 0.0
3.6167 0.0
3.6333 0.0
3.65 0.0
3.6667 0.0
3.6833 0.0
3.7 0.0
3.7167 0.0
3.7333 0.0
3.75 0.0
3.7667 0.0
3.7833 0.0
3.8 0.0
3.8167 0.0
3.8333 0.0
3.85 0.0
3.8667 0.0
3.8833 0.0
3.9 0.0
3.9167 0.0
3.9333 0.0
3.95 0.0
3.9667 0.0
3.9833 0.0
4.0 0.0
4.0167 0.0
4.0333 0.0
4.05 0.0
4.0667 0.0
4.0833 0.0
4.1 0.0
4.1167 0.0
4.1333 0.0
4.15 0.0
4.1667 0.0
4.1833 0.0
4.2 0.0
4.2167 0.0
4.2333 0.0
4.25 0.0
4.2667 0.0
4.2833 0.0
4.3 0.0
4.3167 0.0
4.3333 0.0
4.35 0.0
4.3667 0.0
4.3833 0.0
4.4 0.0
4.4167 0.0
4.4333 0.0
4.45 0.0
4.4667 0.0
4.4833 0.0
4.5 0.0
4.5167 0.0
4.5333 0.0
4.55 0.0
4.5667 0.0
4.5833 0.0
4.6 0.0
4.6167 0.0
4.6333 0.0
4.65 0.0
4.6667 0.0
4.6833 0.0
4.7 0.0
4.7167 0.0
4.7333 0.0
4.75 0.0
4.7667 0.0
4.7833 0.0
4.8 0.0
4.8167 0.0
4.8333 0.0
4.85 0.0
4.8667 0.0
4.8833 0.0
4.9 0.0
4.9167 0.0
4.9333 0.0
4.95 0.0
4.9667 0.0
4.9833 0.0
5.0 0.0
5.0167 0.0
5.0333 0.0
5.05 0.0
5.0667 0.0
5.0833 0.0
5.1 0.0
5.1167 0.0
5.1333 0.0
5.15 0.0
5.1667 0.0
5.1833 0.0
5.2 0.0
5.2167 0.0
5.2333 0.0
5.25 0.0
5.2667 0.0
5.2833 0.0
5.3 0.0
5.3167 0.0
5.3333 0.0
5.35 0.0
5.3667 0.0
5.3833 0.0
5.4 0.0
5.4167 0.0
5.4333 0.0
5.45 0.0
5.4667 0.0
5.4833 0.0
5.5 0.0
5.5167 0.0
5.5333 0.0
5.55 0.0
5.5667 0.0
5.5833 0.0
5.6 0.0
5.6167 0.0
5.6333 0.0
5.65 0.0
5.6667 0.0
5.6833 0.0
5.7 0.0
5.7167 0.0
5.7333 0.0
5.75 0.0
5.7667 0.0
5.7833 0.0
5.8 0.0
5.8167 0.0
5.8333 0.0
5.85 0.0
5.8667 0.0
5.8833 0.0
5.9 0.0
5.9167 3.072e-19
5.9333 4.831e-15
5.95 1.622e-12
5.9667 1.121e-10
5.9833 2.081e-09
6.0 1.506e-08
6.0167 4.98e-08
6.0333 1.196e-07
6.05 2.359e-07
6.0667 4.286e-07
6.0833 7.556e-07
6.1 1.295e-06
6.1167 2.123e-06
6.1333 3.328e-06
6.15 4.983e-06
6.1667 7.016e-06
6.1833 9.849e-06
6.2 1.326e-05
6.2167 1.768e-05
6.2333 2.333e-05
6.25 3.029e-05
6.2667 3.874e-05
6.2833 4.91e-05
6.3 6.201e-05
6.3167 7.619e-05
6.3333 9.424e-05
6.35 0.0001135
6.3667 0.0001366
6.3833 0.0001637
6.4 0.0001937
6.4167 0.0002259
6.4333 0.0002625
6.45 0.0003061
6.4667 0.0003479
6.4833 0.0003998
6.5 0.000447
6.5167 0.0005035
6.5333 0.0005712
6.55 0.0006431
6.5667 0.0007105
6.5833 0.0007828
6.6 0.0008596
6.6167 0.0009406
6.6333 0.001026
6.65 0.001115
6.6667 0.001209
6.6833 0.001306
6.7 0.001408
6.7167 0.001513
6.7333 0.001623
6.75 0.001738
6.7667 0.001856
6.7833 0.001979
6.8 0.002106
6.8167 0.002237
6.8333 0.002374
6.85 0.002514
6.8667 0.00266
6.8833 0.00281
6.9 0.002965
6.9167 0.003125
6.9333 0.00329
6.95 0.00346
6.9667 0.003636
6.9833 0.003817
7.0 0.004003
7.0167 0.004195
7.0333 0.004392
7.05 0.004596
7.0667 0.004805
7.0833 0.00502
7.1 0.005241
7.1167 0.005469
7.1333 0.005702
7.15 0.005942
7.1667 0.006189
7.1833 0.006442
7.2 0.006702
7.2167 0.006968
7.2333 0.007242
7.25 0.007522
7.2667 0.007809
7.2833 0.008104
7.3 0.008406
7.3167 0.008715
7.3333 0.009032
7.35 0.009356
7.3667 0.009688
7.3833 0.01003
7.4 0.01038
7.4167 0.01073
7.4333 0.01109
7.45 0.01147
7.4667 0.01184
7.4833 0.01223
7.5 0.01263
7.5167 0.01303
7.5333 0.01345
7.55 0.01387
7.5667 0.0143
7.5833 0.01474
7.6 0.01519
7.6167 0.01564
7.6333 0.01611
7.65 0.01658
7.6667 0.01706
7.6833 0.01756
7.7 0.01806
7.7167 0.01857
7.7333 0.01909
7.75 0.01962
7.7667 0.02016
7.7833 0.02071
7.8 0.02126
7.8167 0.02183
7.8333 0.02241
7.85 0.02299
7.8667 0.02359
7.8833 0.0242
7.9 0.02481
7.9167 0.02544
7.9333 0.02607
7.95 0.02671
7.9667 0.02737
7.9833 0.02803
8.0 0.02871
8.0167 0.02939
8.0333 0.03009
8.05 0.03079
8.0667 0.0315
8.0833 0.03223
8.1 0.03296
8.1167 0.0337
8.1333 0.03446
8.15 0.03522
8.1667 0.03599
8.1833 0.03678
8.2 0.03757
8.2167 0.03837
8.2333 0.03919
8.25 0.04001
8.2667 0.04084
8.2833 0.04168
8.3 0.04254
8.3167 0.0434
8.3333 0.04427
8.35 0.04515
8.3667 0.04604
8.3833 0.04695
8.4 0.04786
8.4167 0.04878
8.4333 0.04971
8.45 0.05065
8.4667 0.0516
8.4833 0.05256
8.5 0.05352
8.5167 0.0545
8.5333 0.05549
8.55 0.05648
8.5667 0.05749
8.5833 0.0585
8.6 0.05953
8.6167 0.06056
8.6333 0.0616
8.65 0.06266
8.6667 0.06372
8.6833 0.06478
8.7 0.06586
8.7167 0.06695
8.7333 0.06804
8.75 0.06915
8.7667 0.07026
8.7833 0.07138
8.8 0.07251
8.8167 0.07364
8.8333 0.07479
8.85 0.07594
8.8667 0.0771
8.8833 0.07827
8.9 0.07945
8.9167 0.08063
8.9333 0.08182
8.95 0.08302
8.9667 0.08423
8.9833 0.08544
9.0 0.08667
9.0167 0.08789
9.0333 0.08913
9.05 0.09037
9.0667 0.09162
9.0833 0.09288
9.1 0.09414
9.1167 0.09541
9.1333 0.09669
9.15 0.09796
9.1667 0.09925
9.1833 0.1005
9.2 0.1018
9.2167 0.1031
9.2333 0.1045
9.25 0.1058
9.2667 0.1071
9.2833 0.1084
9.3 0.1098
9.3167 0.1111
9.3333 0.1124
9.35 0.1138
9.3667 0.1151
9.3833 0.1165
9.4 0.1179
9.4167 0.1192
9.4333 0.1206
9.45 0.122
9.4667 0.1234
9.4833 0.1247
9.5 0.1261
9.5167 0.1275
9.5333 0.1289
9.55 0.1303
9.5667 0.1317
9.5833 0.1331
9.6 0.1345
9.6167 0.1359
9.6333 0.1373
9.65 0.1387
9.6667 0.1401
9.6833 0.1416
9.7 0.143
9.7167 0.1443
9.7333 0.1458
9.75 0.1472
9.7667 0.1487
9.7833 0.1501
9.8 0.1515
9.8167 0.1529
9.8333 0.1544
9.85 0.1558
9.8667 0.1572
9.8833 0.1587
9.9 0.1601
9.9167 0.1615
9.9333 0.163
9.95 0.1644
9.9667 0.1658
9.9833 0.1672
10.0 0.1687
10.0167 0.1701
10.0333 0.1715
10.05 0.1729
10.0667 0.1744
10.0833 0.1758
10.1 0.1772
10.1167 0.1786
10.1333 0.18
10.15 0.1815
10.1667 0.1829
10.1833 0.1843
10.2 0.1857
10.2167 0.1871
10.2333 0.1885
10.25 0.1899
10.2667 0.1913
10.2833 0.1927
10.3 0.1941
10.3167 0.1954
10.3333 0.1968
10.35 0.1982
10.3667 0.1996
10.3833 0.2008
10.4 0.2023
10.4167 0.2037
10.4333 0.2049
10.45 0.2064
10.4667 0.2077
10.4833 0.2089
10.5 0.2104
10.5167 0.2117
10.5333 0.2131
10.55 0.2144
10.5667 0.2157
10.5833 0.217
10.6 0.2183
10.6167 0.2196
10.6333 0.2209
10.65 0.2222
10.6667 0.2234
10.6833 0.2247
10.7 0.226
10.7167 0.2272
10.7333 0.2285
10.75 0.2297
10.7667 0.2309
10.7833 0.2321
10.8 0.2334
10.8167 0.2345
10.8333 0.2358
10.85 0.237
10.8667 0.2381
10.8833 0.2393
10.9 0.2403
10.9167 0.2417
10.9333 0.2428
10.95 0.2439
10.9667 0.2451
10.9833 0.246
11.0 0.2473
11.0167 0.2484
11.0333 0.2495
11.05 0.2506
11.0667 0.2516
11.0833 0.2527
11.1 0.2538
11.1167 0.2548
11.1333 0.2558
11.15 0.2569
11.1667 0.2579
11.1833 0.2589
11.2 0.2599
11.2167 0.2608
11.2333 0.2618
11.25 0.2628
11.2667 0.2637
11.2833 0.2646
11.3 0.2655
11.3167 0.2665
11.3333 0.2674
11.35 0.2683
11.3667 0.2691
11.3833 0.27
11.4 0.2708
11.4167 0.2717
11.4333 0.2725
11.45 0.2733
11.4667 0.2741
11.4833 0.2749
11.5 0.2757
11.5167 0.2765
11.5333 0.2772
11.55 0.278
11.5667 0.2787
11.5833 0.2793
11.6 0.2799
11.6167 0.2808
11.6333 0.2815
11.65 0.2821
11.6667 0.2827
11.6833 0.2834
11.7 0.284
11.7167 0.2846
11.7333 0.2852
11.75 0.2858
11.7667 0.2863
11.7833 0.2867
11.8 0.2874
11.8167 0.2879
11.8333 0.2884
11.85 0.2889
11.8667 0.2894
11.8833 0.2899
11.9 0.2904
11.9167 0.2908
11.9333 0.2912
11.95 0.2916
11.9667 0.292
11.9833 0.2924
12.0 0.2928
12.0167 0.2931
12.0333 0.2934
12.05 0.2938
12.0667 0.2941
12.0833 0.2944
12.1 0.2947
12.1167 0.2949
12.1333 0.2952
12.15 0.2953
12.1667 0.2954
12.1833 0.2957
12.2 0.296
12.2167 0.2962
12.2333 0.2963
12.25 0.2965
12.2667 0.2966
12.2833 0.2967
12.3 0.2968
12.3167 0.2969
12.3333 0.297
12.35 0.297
12.3667 0.297
12.3833 0.2971
12.4 0.2971
12.4167 0.2971
12.4333 0.297
12.45 0.297
12.4667 0.297
12.4833 0.2969
12.5 0.2968
12.5167 0.2967
12.5333 0.2966
12.55 0.2965
12.5667 0.2963
12.5833 0.2962
12.6 0.296
12.6167 0.2957
12.6333 0.2954
12.65 0.2953
12.6667 0.2951
12.6833 0.2949
12.7 0.2946
12.7167 0.2943
12.7333 0.2941
12.75 0.2937
12.7667 0.2933
12.7833 0.2931
12.8 0.2927
12.8167 0.2924
12.8333 0.292
12.85 0.2916
12.8667 0.2912
12.8833 0.2908
12.9 0.2903
12.9167 0.2899
12.9333 0.2894
12.95 0.2888
12.9667 0.2884
12.9833 0.2878
13.0 0.2874
13.0167 0.2866
13.0333 0.2863
13.05 0.2857
13.0667 0.2852
13.0833 0.2846
13.1 0.2839
13.1167 0.2833
13.1333 0.2826
13.15 0.282
13.1667 0.2814
13.1833 0.2807
13.2 0.2798
13.2167 0.2793
13.2333 0.2786
13.25 0.2779
13.2667 0.2771
13.2833 0.2764
13.3 0.2756
13.3167 0.2748
13.3333 0.2741
13.35 0.2733
13.3667 0.2724
13.3833 0.2716
13.4 0.2708
13.4167 0.2699
13.4333 0.269
13.45 0.2682
13.4667 0.2673
13.4833 0.2664
13.5 0.2653
13.5167 0.2645
13.5333 0.2636
13.55 0.2627
13.5667 0.2617
13.5833 0.2607
13.6 0.2598
13.6167 0.2588
13.6333 0.2578
13.65 0.2567
13.6667 0.2557
13.6833 0.2547
13.7 0.2537
13.7167 0.2526
13.7333 0.2515
13.75 0.2505
13.7667 0.2494
13.7833 0.2483
13.8 0.2472
13.8167 0.246
13.8333 0.2449
13.85 0.2438
13.8667 0.2427
13.8833 0.2415
13.9 0.2403
13.9167 0.2392
13.9333 0.238
13.95 0.2368
13.9667 0.2357
13.9833 0.2342
14.0 0.2332
14.0167 0.232
14.0333 0.2308
14.05 0.2296
14.0667 0.2283
14.0833 0.2271
14.1 0.2258
14.1167 0.2246
14.1333 0.2233
14.15 0.222
14.1667 0.2207
14.1833 0.2195
14.2 0.2182
14.2167 0.2169
14.2333 0.2155
14.25 0.2142
14.2667 0.2129
14.2833 0.2116
14.3 0.2103
14.3167 0.2089
14.3333 0.2076
14.35 0.2062
14.3667 0.2048
14.3833 0.2035
14.4 0.2022
14.4167 0.2008
14.4333 0.1994
14.45 0.1981
14.4667 0.1967
14.4833 0.1953
14.5 0.1939
14.5167 0.1925
14.5333 0.1911
14.55 0.1897
14.5667 0.1883
14.5833 0.1869
14.6 0.1855
14.6167 0.1841
14.6333 0.1827
14.65 0.1813
14.6667 0.1799
14.6833 0.1784
14.7 0.1771
14.7167 0.1755
14.7333 0.1742
14.75 0.1728
14.7667 0.1714
14.7833 0.1699
14.8 0.1684
14.8167 0.1671
14.8333 0.1657
14.85 0.1642
14.8667 0.1628
14.8833 0.1614
14.9 0.1599
14.9167 0.1585
14.9333 0.1571
14.95 0.1556
14.9667 0.1542
14.9833 0.1528
15.0 0.1513
15.0167 0.1499
15.0333 0.1484
15.05 0.1471
15.0667 0.1457
15.0833 0.1442
15.1 0.1428
15.1167 0.1414
15.1333 0.14
15.15 0.1386
15.1667 0.1372
15.1833 0.1357
15.2 0.1343
15.2167 0.1329
15.2333 0.1315
15.25 0.1301
15.2667 0.1287
15.2833 0.1274
15.3 0.126
15.3167 0.1246
15.3333 0.1232
15.35 0.1218
15.3667 0.1204
15.3833 0.1191
15.4 0.1177
15.4167 0.1163
15.4333 0.115
15.45 0.1136
15.4667 0.1123
15.4833 0.1109
15.5 0.1096
15.5167 0.1082
15.5333 0.1069
15.55 0.1056
15.5667 0.1043
15.5833 0.103
15.6 0.1017
15.6167 0.1004
15.6333 0.0991
15.65 0.09782
15.6667 0.09654
15.6833 0.09526
15.7 0.094
15.7167 0.09273
15.7333 0.09147
15.75 0.09023
15.7667 0.08899
15.7833 0.08775
15.8 0.08652
15.8167 0.0853
15.8333 0.08409
15.85 0.08288
15.8667 0.08168
15.8833 0.08049
15.9 0.07931
15.9167 0.07813
15.9333 0.07696
15.95 0.0758
15.9667 0.07465
15.9833 0.07351
16.0 0.07237
16.0167 0.07124
16.0333 0.07012
16.05 0.06901
16.0667 0.06791
16.0833 0.06682
16.1 0.06573
16.1167 0.06465
16.1333 0.06359
16.15 0.06253
16.1667 0.06148
16.1833 0.06044
16.2 0.0594
16.2167 0.05838
16.2333 0.05737
16.25 0.05636
16.2667 0.05537
16.2833 0.05438
16.3 0.0534
16.3167 0.05244
16.3333 0.05148
16.35 0.05053
16.3667 0.04959
16.3833 0.04866
16.4 0.04774
16.4167 0.04683
16.4333 0.04593
16.45 0.04504
16.4667 0.04416
16.4833 0.04329
16.5 0.04243
16.5167 0.04158
16.5333 0.04074
16.55 0.0399
16.5667 0.03908
16.5833 0.03827
16.6 0.03747
16.6167 0.03668
16.6333 0.0359
16.65 0.03512
16.6667 0.03436
16.6833 0.03361
16.7 0.03287
16.7167 0.03213
16.7333 0.03141
16.75 0.0307
16.7667 0.03
16.7833 0.0293
16.8 0.02862
16.8167 0.02795
16.8333 0.02728
16.85 0.02663
16.8667 0.02599
16.8833 0.02535
16.9 0.02473
16.9167 0.02412
16.9333 0.02351
16.95 0.02292
16.9667 0.02233
16.9833 0.02176
17.0 0.02119
17.0167 0.02063
17.0333 0.02009
17.05 0.01955
17.0667 0.01902
17.0833 0.0185
17.1 0.01799
17.1167 0.01749
17.1333 0.017
17.15 0.01652
17.1667 0.01604
17.1833 0.01558
17.2 0.01513
17.2167 0.01468
17.2333 0.01424
17.25 0.01381
17.2667 0.01339
17.2833 0.01298
17.3 0.01257
17.3167 0.01218
17.3333 0.01179
17.35 0.01141
17.3667 0.01104
17.3833 0.01068
17.4 0.01033
17.4167 0.00998
17.4333 0.009642
17.45 0.009311
17.4667 0.008988
17.4833 0.008672
17.5 0.008363
17.5167 0.008062
17.5333 0.007769
17.55 0.007482
17.5667 0.007203
17.5833 0.00693
17.6 0.006664
17.6167 0.006405
17.6333 0.006153
17.65 0.005908
17.6667 0.005669
17.6833 0.005435
17.7 0.005209
17.7167 0.004989
17.7333 0.004774
17.75 0.004566
17.7667 0.004363
17.7833 0.004166
17.8 0.003975
17.8167 0.00379
17.8333 0.00361
17.85 0.003435
17.8667 0.003265
17.8833 0.003101
17.9 0.002942
17.9167 0.002787
17.9333 0.002638
17.95 0.002493
17.9667 0.002353
17.9833 0.002217
18.0 0.002087
18.0167 0.00196
18.0333 0.001838
18.05 0.00172
18.0667 0.001606
18.0833 0.001497
18.1 0.001392
18.1167 0.001291
18.1333 0.001194
18.15 0.001101
18.1667 0.001012
18.1833 0.0009277
18.2 0.0008473
18.2167 0.0007713
18.2333 0.0006997
18.25 0.0006329
18.2667 0.0005597
18.2833 0.0004939
18.3 0.0004389
18.3167 0.0003931
18.3333 0.0003398
18.35 0.0003007
18.3667 0.000257
18.3833 0.00022
18.4 0.0001875
18.4167 0.0001583
18.4333 0.0001326
18.45 0.0001105
18.4667 9.2e-05
18.4833 7.366e-05
18.5 5.985e-05
18.5167 4.757e-05
18.5333 3.729e-05
18.55 2.899e-05
18.5667 2.229e-05
18.5833 1.695e-05
18.6 1.275e-05
18.6167 9.228e-06
18.6333 6.676e-06
18.65 4.613e-06
18.6667 3.123e-06
18.6833 1.987e-06
18.7 1.2e-06
18.7167 6.965e-07
18.7333 3.947e-07
18.75 2.096e-07
18.7667 1.038e-07
18.7833 4.191e-08
18.8 1.158e-08
18.8167 1.273e-09
18.8333 5.897e-11
18.85 6.554e-13
18.8667 1.379e-15
18.8833 8.327e-33
18.9 0.0
18.9167 0.0
18.9333 0.0
18.95 0.0
18.9667 0.0
18.9833 0.0
19.0 0.0
19.0167 0.0
19.0333 0.0
19.05 0.0
19.0667 0.0
19.0833 0.0
19.1 0.0
19.1167 0.0
19.1333 0.0
19.15 0.0
19.1667 0.0
19.1833 0.0
19.2 0.0
19.2167 0.0
19.2333 0.0
19.25 0.0
19.2667 0.0
19.2833 0.0
19.3 0.0
19.3167 0.0
19.3333 0.0
19.35 0.0
19.3667 0.0
19.3833 0.0
19.4 0.0
19.4167 0.0
19.4333 0.0
19.45 0.0
19.4667 0.0
19.4833 0.0
19.5 0.0
19.5167 0.0
19.5333 0.0
19.55 0.0
19.5667 0.0
19.5833 0.0
19.6 0.0
19.6167 0.0
19.6333 0.0
19.65 0.0
19.6667 0.0
19.6833 0.0
19.7 0.0
19.7167 0.0
19.7333 0.0
19.75 0.0
19.7667 0.0
19.7833 0.0
19.8 0.0
19.8167 0.0
19.8333 0.0
19.85 0.0
19.8667 0.0
19.8833 0.0
19.9 0.0
19.9167 0.0
19.9333 0.0
19.95 0.0
19.9667 0.0
19.9833 0.0
20.0 0.0
20.0167 0.0
20.0333 0.0
20.05 0.0
20.0667 0.0
20.0833 0.0
20.1 0.0
20.1167 0.0
20.1333 0.0
20.15 0.0
20.1667 0.0
20.1833 0.0
20.2 0.0
20.2167 0.0
20.2333 0.0
20.25 0.0
20.2667 0.0
20.2833 0.0
20.3 0.0
20.3167 0.0
20.3333 0.0
20.35 0.0
20.3667 0.0
20.3833 0.0
20.4 0.0
20.4167 0.0
20.4333 0.0
20.45 0.0
20.4667 0.0
20.4833 0.0
20.5 0.0
20.5167 0.0
20.5333 0.0
20.55 0.0
20.5667 0.0
20.5833 0.0
20.6 0.0
20.6167 0.0
20.6333 0.0
20.65 0.0
20.6667 0.0
20.6833 0.0
20.7 0.0
20.7167 0.0
20.7333 0.0
20.75 0.0
20.7667 0.0
20.7833 0.0
20.8 0.0
20.8167 0.0
20.8333 0.0
20.85 0.0
20.8667 0.0
20.8833 0.0
20.9 0.0
20.9167 0.0
20.9333 0.0
20.95 0.0
20.9667 0.0
20.9833 0.0
21.0 0.0
21.0167 0.0
21.0333 0.0
21.05 0.0
21.0667 0.0
21.0833 0.0
21.1 0.0
21.1167 0.0
21.1333 0.0
21.15 0.0
21.1667 0.0
21.1833 0.0
21.2 0.0
21.2167 0.0
21.2333 0.0
21.25 0.0
21.2667 0.0
21.2833 0.0
21.3 0.0
21.3167 0.0
21.3333 0.0
21.35 0.0
21.3667 0.0
21.3833 0.0
21.4 0.0
21.4167 0.0
21.4333 0.0
21.45 0.0
21.4667 0.0
21.4833 0.0
21.5 0.0
21.5167 0.0
21.5333 0.0
21.55 0.0
21.5667 0.0
21.5833 0.0
21.6 0.0
21.6167 0.0
21.6333 0.0
21.65 0.0
21.6667 0.0
21.6833 0.0
21.7 0.0
21.7167 0.0
21.7333 0.0
21.75 0.0
21.7667 0.0
21.7833 0.0
21.8 0.0
21.8167 0.0
21.8333 0.0
21.85 0.0
21.8667 0.0
21.8833 0.0
21.9 0.0
21.9167 0.0
21.9333 0.0
21.95 0.0
21.9667 0.0
21.9833 0.0
22.0 0.0
22.0167 0.0
22.0333 0.0
22.05 0.0
22.0667 0.0
22.0833 0.0
22.1 0.0
22.1167 0.0
22.1333 0.0
22.15 0.0
22.1667 0.0
22.1833 0.0
22.2 0.0
22.2167 0.0
22.2333 0.0
22.25 0.0
22.2667 0.0
22.2833 0.0
22.3 0.0
22.3167 0.0
22.3333 0.0
22.35 0.0
22.3667 0.0
22.3833 0.0
22.4 0.0
22.4167 0.0
22.4333 0.0
22.45 0.0
22.4667 0.0
22.4833 0.0
22.5 0.0
22.5167 0.0
22.5333 0.0
22.55 0.0
22.5667 0.0
22.5833 0.0
22.6 0.0
22.6167 0.0
22.6333 0.0
22.65 0.0
22.6667 0.0
22.6833 0.0
22.7 0.0
22.7167 0.0
22.7333 0.0
22.75 0.0
22.7667 0.0
22.7833 0.0
22.8 0.0
22.8167 0.0
22.8333 0.0
22.85 0.0
22.8667 0.0
22.8833 0.0
22.9 0.0
22.9167 0.0
22.9333 0.0
22.95 0.0
22.9667 0.0
22.9833 0.0
23.0 0.0
23.0167 0.0
23.0333 0.0
23.05 0.0
23.0667 0.0
23.0833 0.0
23.1 0.0
23.1167 0.0
23.1333 0.0
23.15 0.0
23.1667 0.0
23.1833 0.0
23.2 0.0
23.2167 0.0
23.2333 0.0
23.25 0.0
23.2667 0.0
23.2833 0.0
23.3 0.0
23.3167 0.0
23.3333 0.0
23.35 0.0
23.3667 0.0
23.3833 0.0
23.4 0.0
23.4167 0.0
23.4333 0.0
23.45 0.0
23.4667 0.0
23.4833 0.0
23.5 0.0
23.5167 0.0
23.5333 0.0
23.55 0.0
23.5667 0.0
23.5833 0.0
23.6 0.0
23.6167 0.0
23.6333 0.0
23.65 0.0
23.6667 0.0
23.6833 0.0
23.7 0.0
23.7167 0.0
23.7333 0.0
23.75 0.0
23.7667 0.0
23.7833 0.0
23.8 0.0
23.8167 0.0
23.8333 0.0
23.85 0.0
23.8667 0.0
23.8833 0.0
23.9 0.0
23.9167 0.0
23.9333 0.0
23.95 0.0
23.9667 0.0
23.9833 0.0
