0.0 0.0
0.0167 0.0
0.0333 0.0
0.05 0.0
0.0667 0.0
0.0833 0.0
0.1 0.0
0.1167 0.0
0.1333 0.0
0.15 0.0
0.1667 0.0
0.1833 0.0
0.2 0.0
0.2167 0.0
0.2333 0.0
0.25 0.0
0.2667 0.0
0.2833 0.0
0.3 0.0
0.3167 0.0
0.3333 0.0
0.35 0.0
0.3667 0.0
0.3833 0.0
0.4 0.0
0.4167 0.0
0.4333 0.0
0.45 0.0
0.4667 0.0
0.4833 0.0
0.5 0.0
0.5167 0.0
0.5333 0.0
0.55 0.0
0.5667 0.0
0.5833 0.0
0.6 0.0
0.6167 0.0
0.6333 0.0
0.65 0.0
0.6667 0.0
0.6833 0.0
0.7 0.0
0.7167 0.0
0.7333 0.0
0.75 0.0
0.7667 0.0
0.7833 0.0
0.8 0.0
0.8167 0.0
0.8333 0.0
0.85 0.0
0.8667 0.0
0.8833 0.0
0.9 0.0
0.9167 0.0
0.9333 0.0
0.95 0.0
0.9667 0.0
0.9833 0.0
1.0 0.0
1.0167 0.0
1.0333 0.0
1.05 0.0
1.0667 0.0
1.0833 0.0
1.1 0.0
1.1167 0.0
1.1333 0.0
1.15 0.0
1.1667 0.0
1.1833 0.0
1.2 0.0
1.2167 0.0
1.2333 0.0
1.25 0.0
1.2667 0.0
1.2833 0.0
1.3 0.0
1.3167 0.0
1.3333 0.0
1.35 0.0
1.3667 0.0
1.3833 0.0
1.4 0.0
1.4167 0.0
1.4333 0.0
1.45 0.0
1.4667 0.0
1.4833 0.0
1.5 0.0
1.5167 0.0
1.5333 0.0
1.55 0.0
1.5667 0.0
1.5833 0.0
1.6 0.0
1.6167 0.0
1.6333 0.0
1.65 0.0
1.6667 0.0
1.6833 0.0
1.7 0.0
1.7167 0.0
1.7333 0.0
1.75 0.0
1.7667 0.0
1.7833 0.0
1.8 0.0
1.8167 0.0
1.8333 0.0
1.85 0.0
1.8667 0.0
1.8833 0.0
1.9 0.0
1.9167 0.0
1.9333 0.0
1.95 0.0
1.9667 0.0
1.9833 0.0
2.0 0.0
2.0167 0.0
2.0333 0.0
2.05 0.0
2.0667 0.0
2.0833 0.0
2.1 0.0
2.1167 0.0
2.1333 0.0
2.15 0.0
2.1667 0.0
2.1833 0.0
2.2 0.0
2.2167 0.0
2.2333 0.0
2.25 0.0
2.2667 0.0
2.2833 0.0
2.3 0.0
2.3167 0.0
2.3333 0.0
2.35 0.0
2.3667 0.0
2.3833 0.0
2.4 0.0
2.4167 0.0
2.4333 0.0
2.45 0.0
2.4667 0.0
2.4833 0.0
2.5 0.0
2.5167 0.0
2.5333 0.0
2.55 0.0
2.5667 0.0
2.5833 0.0
2.6 0.0
2.6167 0.0
2.6333 0.0
2.65 0.0
2.6667 0.0
2.6833 0.0
2.7 0.0
2.7167 0.0
2.7333 0.0
2.75 0.0
2.7667 0.0
2.7833 0.0
2.8 0.0
2.8167 0.0
2.8333 0.0
2.85 0.0
2.8667 0.0
2.8833 0.0
2.9 0.0
2.9167 0.0
2.9333 0.0
2.95 0.0
2.9667 0.0
2.9833 0.0
3.0 0.0
3.0167 0.0
3.0333 0.0
3.05 0.0
3.0667 0.0
3.0833 0.0
3.1 0.0
3.1167 0.0
3.1333 0.0
3.15 0.0
3.1667 0.0
3.1833 0.0
3.2 0.0
3.2167 0.0
3.2333 0.0
3.25 0.0
3.2667 0.0
3.2833 0.0
3.3 0.0
3.3167 0.0
3.3333 0.0
3.35 0.0
3.3667 0.0
3.3833 0.0
3.4 0.0
3.4167 0.0
3.4333 0.0
3.45 0.0
3.4667 0.0
3.4833 0.0
3.5 0.0
3.5167 0.0
3.5333 0.0
3.55 0.0
3.5667 0.0
3.5833 0.0
3.6 0.0
3.6167 0.0
3.6333 0.0
3.65 0.0
3.6667 0.0
3.6833 0.0
3.7 0.0
3.7167 0.0
3.7333 0.0
3.75 0.0
3.7667 0.0
3.7833 0.0
3.8 0.0
3.8167 0.0
3.8333 0.0
3.85 0.0
3.8667 0.0
3.8833 0.0
3.9 0.0
3.9167 0.0
3.9333 0.0
3.95 0.0
3.9667 0.0
3.9833 0.0
4.0 0.0
4.0167 0.0
4.0333 0.0
4.05 0.0
4.0667 0.0
4.0833 0.0
4.1 0.0
4.1167 0.0
4.1333 0.0
4.15 0.0
4.1667 0.0
4.1833 0.0
4.2 0.0
4.2167 0.0
4.2333 0.0
4.25 0.0
4.2667 0.0
4.2833 0.0
4.3 0.0
4.3167 0.0
4.3333 0.0
4.35 0.0
4.3667 0.0
4.3833 0.0
4.4 0.0
4.4167 0.0
4.4333 0.0
4.45 0.0
4.4667 0.0
4.4833 0.0
4.5 0.0
4.5167 0.0
4.5333 0.0
4.55 0.0
4.5667 0.0
4.5833 0.0
4.6 0.0
4.6167 0.0
4.6333 0.0
4.65 0.0
4.6667 0.0
4.6833 0.0
4.7 0.0
4.7167 0.0
4.7333 0.0
4.75 0.0
4.7667 0.0
4.7833 0.0
4.8 0.0
4.8167 0.0
4.8333 0.0
4.85 0.0
4.8667 0.0
4.8833 0.0
4.9 0.0
4.9167 0.0
4.9333 0.0
4.95 0.0
4.9667 0.0
4.9833 0.0
5.0 0.0
5.0167 0.0
5.0333 0.0
5.05 0.0
5.0667 0.0
5.0833 0.0
5.1 0.0
5.1167 0.0
5.1333 0.0
5.15 0.0
5.1667 0.0
5.1833 0.0
5.2 0.0
5.2167 0.0
5.2333 0.0
5.25 0.0
5.2667 0.0
5.2833 0.0
5.3 0.0
5.3167 0.0
5.3333 0.0
5.35 0.0
5.3667 0.0
5.3833 0.0
5.4 0.0
5.4167 0.0
5.4333 0.0
5.45 0.0
5.4667 0.0
5.4833 0.0
5.5 0.0
5.5167 0.0
5.5333 0.0
5.55 0.0
5.5667 0.0
5.5833 0.0
5.6 0.0
5.6167 0.0
5.6333 0.0
5.65 0.0
5.6667 0.0
5.6833 0.0
5.7 0.0
5.7167 0.0
5.7333 0.0
5.75 0.0
5.7667 0.0
5.7833 0.0
5.8 0.0
5.8167 0.0
5.8333 0.0
5.85 0.0
5.8667 0.0
5.8833 0.0
5.9 0.0
5.9167 0.0
5.9333 0.0
5.95 0.0
5.9667 0.0
5.9833 0.0
6.0 0.0
6.0167 0.0
6.0333 0.0
6.05 0.0
6.0667 0.0
6.0833 0.0
6.1 0.0
6.1167 0.0
6.1333 0.0
6.15 0.0
6.1667 0.0
6.1833 2.729e-19
6.2 3.518e-15
6.2167 1.069e-12
6.2333 6.686e-11
6.25 1.239e-09
6.2667 1.105e-08
6.2833 3.846e-08
6.3 9.464e-08
6.3167 1.972e-07
6.3333 3.593e-07
6.35 6.302e-07
6.3667 1.084e-06
6.3833 1.784e-06
6.4 2.794e-06
6.4167 4.247e-06
6.4333 6.069e-06
6.45 8.533e-06
6.4667 1.152e-05
6.4833 1.537e-05
6.5 2.026e-05
6.5167 2.627e-05
6.5333 3.358e-05
6.55 4.251e-05
6.5667 5.357e-05
6.5833 6.616e-05
6.6 8.12e-05
6.6167 9.83e-05
6.6333 0.0001201
6.65 0.0001423
6.6667 0.0001681
6.6833 0.0001975
6.7 0.0002311
6.7167 0.0002699
6.7333 0.0003054
6.75 0.0003502
6.7667 0.0003986
6.7833 0.0004502
6.8 0.0005001
6.8167 0.0005594
6.8333 0.0006296
6.85 0.0007054
6.8667 0.0007747
6.8833 0.0008489
6.9 0.0009274
6.9167 0.00101
6.9333 0.001097
6.95 0.001188
6.9667 0.001283
6.9833 0.001382
7.0 0.001485
7.0167 0.001592
7.0333 0.001704
7.05 0.001819
7.0667 0.001938
7.0833 0.002062
7.1 0.00219
7.1167 0.002322
7.1333 0.002458
7.15 0.002599
7.1667 0.002745
7.1833 0.002894
7.2 0.003049
7.2167 0.003209
7.2333 0.003373
7.25 0.003542
7.2667 0.003716
7.2833 0.003895
7.3 0.004079
7.3167 0.004269
7.3333 0.004464
7.35 0.004664
7.3667 0.004869
7.3833 0.005081
7.4 0.005298
7.4167 0.005521
7.4333 0.00575
7.45 0.005984
7.4667 0.006224
7.4833 0.006471
7.5 0.006724
7.5167 0.006983
7.5333 0.007249
7.55 0.00752
7.5667 0.007799
7.5833 0.008084
7.6 0.008376
7.6167 0.008675
7.6333 0.00898
7.65 0.009292
7.6667 0.009611
7.6833 0.009938
7.7 0.01027
7.7167 0.01061
7.7333 0.01096
7.75 0.01131
7.7667 0.01168
7.7833 0.01205
7.8 0.01243
7.8167 0.01281
7.8333 0.0132
7.85 0.0136
7.8667 0.01401
7.8833 0.01443
7.9 0.01485
7.9167 0.01529
7.9333 0.01573
7.95 0.01617
7.9667 0.01663
7.9833 0.0171
8.0 0.01757
8.0167 0.01805
8.0333 0.01854
8.05 0.01903
8.0667 0.01954
8.0833 0.02005
8.1 0.02058
8.1167 0.02111
8.1333 0.02165
8.15 0.02219
8.1667 0.02275
8.1833 0.02331
8.2 0.02389
8.2167 0.02447
8.2333 0.02506
8.25 0.02566
8.2667 0.02626
8.2833 0.02688
8.3 0.0275
8.3167 0.02814
8.3333 0.02878
8.35 0.02943
8.3667 0.03009
8.3833 0.03075
8.4 0.03143
8.4167 0.03211
8.4333 0.03281
8.45 0.03351
8.4667 0.03422
8.4833 0.03494
8.5 0.03566
8.5167 0.0364
8.5333 0.03714
8.55 0.03789
8.5667 0.03865
8.5833 0.03942
8.6 0.0402
8.6167 0.04098
8.6333 0.04178
8.65 0.04258
8.6667 0.04339
8.6833 0.0442
8.7 0.04503
8.7167 0.04586
8.7333 0.04671
8.75 0.04756
8.7667 0.04841
8.7833 0.04928
8.8 0.05015
8.8167 0.05103
8.8333 0.05192
8.85 0.05282
8.8667 0.05372
8.8833 0.05463
8.9 0.05555
8.9167 0.05647
8.9333 0.0574
8.95 0.05835
8.9667 0.05929
8.9833 0.06024
9.0 0.0612
9.0167 0.06217
9.0333 0.06315
9.05 0.06413
9.0667 0.06511
9.0833 0.06611
9.1 0.06711
9.1167 0.06812
9.1333 0.06913
9.15 0.07015
9.1667 0.07117
9.1833 0.0722
9.2 0.07324
9.2167 0.07428
9.2333 0.07533
9.25 0.07638
9.2667 0.07744
9.2833 0.07851
9.3 0.07958
9.3167 0.08065
9.3333 0.08173
9.35 0.08282
9.3667 0.08391
9.3833 0.085
9.4 0.0861
9.4167 0.08721
9.4333 0.08831
9.45 0.08942
9.4667 0.09054
9.4833 0.09166
9.5 0.09279
9.5167 0.09391
9.5333 0.09504
9.55 0.09618
9.5667 0.09732
9.5833 0.09846
9.6 0.09961
9.6167 0.1008
9.6333 0.1019
9.65 0.1031
9.6667 0.1042
9.6833 0.1054
9.7 0.1065
9.7167 0.1077
9.7333 0.1089
9.75 0.11
9.7667 0.1112
9.7833 0.1124
9.8 0.1135
9.8167 0.1147
9.8333 0.1159
9.85 0.1171
9.8667 0.1183
9.8833 0.1194
9.9 0.1206
9.9167 0.1218
9.9333 0.123
9.95 0.1242
9.9667 0.1253
9.9833 0.1265
10.0 0.1277
10.0167 0.1289
10.0333 0.13
10.05 0.1313
10.0667 0.1324
10.0833 0.1336
10.1 0.1348
10.1167 0.1359
10.1333 0.1372
10.15 0.1383
10.1667 0.1395
10.1833 0.1407
10.2 0.1418
10.2167 0.143
10.2333 0.1442
10.25 0.1454
10.2667 0.1465
10.2833 0.1477
10.3 0.1488
10.3167 0.15
10.3333 0.1512
10.35 0.1523
10.3667 0.1534
10.3833 0.1546
10.4 0.1557
10.4167 0.1569
10.4333 0.1579
10.45 0.1591
10.4667 0.1603
10.4833 0.1614
10.5 0.1625
10.5167 0.1636
10.5333 0.1647
10.55 0.1658
10.5667 0.1669
10.5833 0.168
10.6 0.1691
10.6167 0.1702
10.6333 0.1713
10.65 0.1724
10.6667 0.1733
10.6833 0.1745
10.7 0.1756
10.7167 0.1766
10.7333 0.1777
10.75 0.1786
10.7667 0.1797
10.7833 0.1807
10.8 0.1818
10.8167 0.1828
10.8333 0.1838
10.85 0.1848
10.8667 0.1858
10.8833 0.1868
10.9 0.1878
10.9167 0.1887
10.9333 0.1897
10.95 0.1907
10.9667 0.1916
10.9833 0.1926
11.0 0.1935
11.0167 0.1944
11.0333 0.1953
11.05 0.1963
11.0667 0.1972
11.0833 0.198
11.1 0.1989
11.1167 0.1998
11.1333 0.2006
11.15 0.2015
11.1667 0.2023
11.1833 0.2032
11.2 0.204
11.2167 0.2048
11.2333 0.2057
11.25 0.2065
11.2667 0.2073
11.2833 0.2081
11.3 0.2088
11.3167 0.2096
11.3333 0.2104
11.35 0.2111
11.3667 0.2118
11.3833 0.2126
11.4 0.2133
11.4167 0.214
11.4333 0.2147
11.45 0.2153
11.4667 0.216
11.4833 0.2167
11.5 0.2172
11.5167 0.2179
11.5333 0.2186
11.55 0.2192
11.5667 0.2198
11.5833 0.2204
11.6 0.221
11.6167 0.2215
11.6333 0.2221
11.65 0.2224
11.6667 0.2232
11.6833 0.2237
11.7 0.2242
11.7167 0.2247
11.7333 0.2252
11.75 0.2257
11.7667 0.2261
11.7833 0.2266
11.8 0.227
11.8167 0.2275
11.8333 0.2279
11.85 0.2283
11.8667 0.2287
11.8833 0.229
11.9 0.2294
11.9167 0.2298
11.9333 0.2301
11.95 0.2304
11.9667 0.2308
11.9833 0.231
12.0 0.2313
12.0167 0.2315
12.0333 0.2319
12.05 0.232
12.0667 0.2324
12.0833 0.2326
12.1 0.2327
12.1167 0.2329
12.1333 0.2332
12.15 0.2334
12.1667 0.2335
12.1833 0.2337
12.2 0.2338
12.2167 0.234
12.2333 0.2341
12.25 0.2342
12.2667 0.2342
12.2833 0.2343
12.3 0.2344
12.3167 0.2344
12.3333 0.2345
12.35 0.2345
12.3667 0.2345
12.3833 0.2345
12.4 0.2345
12.4167 0.2344
12.4333 0.2344
12.45 0.2343
12.4667 0.2342
12.4833 0.2342
12.5 0.234
12.5167 0.2339
12.5333 0.2338
12.55 0.2337
12.5667 0.2335
12.5833 0.2334
12.6 0.2332
12.6167 0.2328
12.6333 0.2326
12.65 0.2326
12.6667 0.2323
12.6833 0.232
12.7 0.2319
12.7167 0.2315
12.7333 0.2313
12.75 0.231
12.7667 0.2307
12.7833 0.2304
12.8 0.2301
12.8167 0.2297
12.8333 0.2294
12.85 0.229
12.8667 0.2286
12.8833 0.2282
12.9 0.2278
12.9167 0.2274
12.9333 0.2269
12.95 0.2265
12.9667 0.2261
12.9833 0.2256
13.0 0.2251
13.0167 0.2246
13.0333 0.2241
13.05 0.2236
13.0667 0.2231
13.0833 0.2224
13.1 0.222
13.1167 0.2214
13.1333 0.2209
13.15 0.2203
13.1667 0.2197
13.1833 0.2191
13.2 0.2185
13.2167 0.2178
13.2333 0.2172
13.25 0.2166
13.2667 0.2159
13.2833 0.2152
13.3 0.2145
13.3167 0.2137
13.3333 0.2131
13.35 0.2124
13.3667 0.2117
13.3833 0.211
13.4 0.2102
13.4167 0.2095
13.4333 0.2087
13.45 0.2079
13.4667 0.2071
13.4833 0.2064
13.5 0.2055
13.5167 0.2047
13.5333 0.2038
13.55 0.2031
13.5667 0.2021
13.5833 0.2014
13.6 0.2005
13.6167 0.1996
13.6333 0.1988
13.65 0.1979
13.6667 0.197
13.6833 0.1961
13.7 0.1951
13.7167 0.1943
13.7333 0.1933
13.75 0.1924
13.7667 0.1915
13.7833 0.1905
13.8 0.1895
13.8167 0.1886
13.8333 0.1876
13.85 0.1866
13.8667 0.1856
13.8833 0.1846
13.9 0.1836
13.9167 0.1826
13.9333 0.1816
13.95 0.1806
13.9667 0.1795
13.9833 0.1785
14.0 0.1775
14.0167 0.1764
14.0333 0.1754
14.05 0.1742
14.0667 0.1733
14.0833 0.1721
14.1 0.1711
14.1167 0.17
14.1333 0.1689
14.15 0.1678
14.1667 0.1667
14.1833 0.1657
14.2 0.1645
14.2167 0.1634
14.2333 0.1623
14.25 0.1612
14.2667 0.1601
14.2833 0.159
14.3 0.1578
14.3167 0.1567
14.3333 0.1555
14.35 0.1544
14.3667 0.1533
14.3833 0.1521
14.4 0.1509
14.4167 0.1498
14.4333 0.1486
14.45 0.1474
14.4667 0.1463
14.4833 0.1452
14.5 0.144
14.5167 0.1428
14.5333 0.1416
14.55 0.1405
14.5667 0.1393
14.5833 0.1381
14.6 0.137
14.6167 0.1358
14.6333 0.1346
14.65 0.1334
14.6667 0.1322
14.6833 0.131
14.7 0.1299
14.7167 0.1287
14.7333 0.1275
14.75 0.1263
14.7667 0.1251
14.7833 0.1239
14.8 0.1228
14.8167 0.1216
14.8333 0.1204
14.85 0.1192
14.8667 0.118
14.8833 0.1169
14.9 0.1157
14.9167 0.1145
14.9333 0.1134
14.95 0.1122
14.9667 0.111
14.9833 0.1098
15.0 0.1087
15.0167 0.1075
15.0333 0.1063
15.05 0.1052
15.0667 0.104
15.0833 0.1029
15.1 0.1017
15.1167 0.1006
15.1333 0.09942
15.15 0.09827
15.1667 0.09713
15.1833 0.09599
15.2 0.09486
15.2167 0.09373
15.2333 0.0926
15.25 0.09148
15.2667 0.09036
15.2833 0.08924
15.3 0.08813
15.3167 0.08703
15.3333 0.08592
15.35 0.08482
15.3667 0.08373
15.3833 0.08264
15.4 0.08156
15.4167 0.08048
15.4333 0.0794
15.45 0.07833
15.4667 0.07727
15.4833 0.07621
15.5 0.07516
15.5167 0.07411
15.5333 0.07307
15.55 0.07204
15.5667 0.07101
15.5833 0.06998
15.6 0.06897
15.6167 0.06795
15.6333 0.06695
15.65 0.06595
15.6667 0.06496
15.6833 0.06397
15.7 0.06299
15.7167 0.06202
15.7333 0.06105
15.75 0.06009
15.7667 0.05914
15.7833 0.05819
15.8 0.05725
15.8167 0.05632
15.8333 0.0554
15.85 0.05448
15.8667 0.05357
15.8833 0.05267
15.9 0.05178
15.9167 0.05089
15.9333 0.05001
15.95 0.04914
15.9667 0.04828
15.9833 0.04742
16.0 0.04657
16.0167 0.04573
16.0333 0.0449
16.05 0.04408
16.0667 0.04326
16.0833 0.04245
16.1 0.04165
16.1167 0.04086
16.1333 0.04008
16.15 0.0393
16.1667 0.03853
16.1833 0.03777
16.2 0.03702
16.2167 0.03628
16.2333 0.03555
16.25 0.03482
16.2667 0.03411
16.2833 0.0334
16.3 0.0327
16.3167 0.03201
16.3333 0.03132
16.35 0.03065
16.3667 0.02998
16.3833 0.02933
16.4 0.02868
16.4167 0.02804
16.4333 0.02741
16.45 0.02678
16.4667 0.02617
16.4833 0.02556
16.5 0.02497
16.5167 0.02438
16.5333 0.0238
16.55 0.02323
16.5667 0.02266
16.5833 0.02211
16.6 0.02156
16.6167 0.02102
16.6333 0.0205
16.65 0.01997
16.6667 0.01946
16.6833 0.01896
16.7 0.01846
16.7167 0.01797
16.7333 0.0175
16.75 0.01702
16.7667 0.01656
16.7833 0.01611
16.8 0.01566
16.8167 0.01522
16.8333 0.01479
16.85 0.01437
16.8667 0.01395
16.8833 0.01354
16.9 0.01314
16.9167 0.01275
16.9333 0.01237
16.95 0.01199
16.9667 0.01162
16.9833 0.01126
17.0 0.01091
17.0167 0.01056
17.0333 0.01022
17.05 0.009889
17.0667 0.009564
17.0833 0.009245
17.1 0.008934
17.1167 0.00863
17.1333 0.008332
17.15 0.008042
17.1667 0.007758
17.1833 0.00748
17.2 0.007209
17.2167 0.006945
17.2333 0.006686
17.25 0.006435
17.2667 0.006189
17.2833 0.005949
17.3 0.005715
17.3167 0.005488
17.3333 0.005266
17.35 0.00505
17.3667 0.004839
17.3833 0.004634
17.4 0.004435
17.4167 0.004241
17.4333 0.004052
17.45 0.003869
17.4667 0.00369
17.4833 0.003517
17.5 0.003349
17.5167 0.003185
17.5333 0.003027
17.55 0.002873
17.5667 0.002723
17.5833 0.002579
17.6 0.002438
17.6167 0.002302
17.6333 0.002171
17.65 0.002044
17.6667 0.001921
17.6833 0.001802
17.7 0.001687
17.7167 0.001577
17.7333 0.00147
17.75 0.001368
17.7667 0.00127
17.7833 0.001175
17.8 0.001085
17.8167 0.0009987
17.8333 0.0009161
17.85 0.0008381
17.8667 0.0007646
17.8833 0.000696
17.9 0.000619
17.9167 0.0005505
17.9333 0.0004926
17.95 0.0004439
17.9667 0.0003898
17.9833 0.0003448
18.0 0.0002992
18.0167 0.000266
18.0333 0.0002274
18.05 0.0001941
18.0667 0.000165
18.0833 0.0001398
18.1 0.000116
18.1167 9.572e-05
18.1333 7.947e-05
18.15 6.401e-05
18.1667 5.239e-05
18.1833 4.139e-05
18.2 3.252e-05
18.2167 2.532e-05
18.2333 1.949e-05
18.25 1.482e-05
18.2667 1.114e-05
18.2833 8.132e-06
18.3 5.799e-06
18.3167 4.03e-06
18.3333 2.653e-06
18.35 1.655e-06
18.3667 9.921e-07
18.3833 5.778e-07
18.4 3.274e-07
18.4167 1.765e-07
18.4333 8.568e-08
18.45 3.427e-08
18.4667 8.29e-09
18.4833 9.402e-10
18.5 4.241e-11
18.5167 4.926e-13
18.5333 1.303e-15
18.55 1.721e-32
18.5667 0.0
18.5833 0.0
18.6 0.0
18.6167 0.0
18.6333 0.0
18.65 0.0
18.6667 0.0
18.6833 0.0
18.7 0.0
18.7167 0.0
18.7333 0.0
18.75 0.0
18.7667 0.0
18.7833 0.0
18.8 0.0
18.8167 0.0
18.8333 0.0
18.85 0.0
18.8667 0.0
18.8833 0.0
18.9 0.0
18.9167 0.0
18.9333 0.0
18.95 0.0
18.9667 0.0
18.9833 0.0
19.0 0.0
19.0167 0.0
19.0333 0.0
19.05 0.0
19.0667 0.0
19.0833 0.0
19.1 0.0
19.1167 0.0
19.1333 0.0
19.15 0.0
19.1667 0.0
19.1833 0.0
19.2 0.0
19.2167 0.0
19.2333 0.0
19.25 0.0
19.2667 0.0
19.2833 0.0
19.3 0.0
19.3167 0.0
19.3333 0.0
19.35 0.0
19.3667 0.0
19.3833 0.0
19.4 0.0
19.4167 0.0
19.4333 0.0
19.45 0.0
19.4667 0.0
19.4833 0.0
19.5 0.0
19.5167 0.0
19.5333 0.0
19.55 0.0
19.5667 0.0
19.5833 0.0
19.6 0.0
19.6167 0.0
19.6333 0.0
19.65 0.0
19.6667 0.0
19.6833 0.0
19.7 0.0
19.7167 0.0
19.7333 0.0
19.75 0.0
19.7667 0.0
19.7833 0.0
19.8 0.0
19.8167 0.0
19.8333 0.0
19.85 0.0
19.8667 0.0
19.8833 0.0
19.9 0.0
19.9167 0.0
19.9333 0.0
19.95 0.0
19.9667 0.0
19.9833 0.0
20.0 0.0
20.0167 0.0
20.0333 0.0
20.05 0.0
20.0667 0.0
20.0833 0.0
20.1 0.0
20.1167 0.0
20.1333 0.0
20.15 0.0
20.1667 0.0
20.1833 0.0
20.2 0.0
20.2167 0.0
20.2333 0.0
20.25 0.0
20.2667 0.0
20.2833 0.0
20.3 0.0
20.3167 0.0
20.3333 0.0
20.35 0.0
20.3667 0.0
20.3833 0.0
20.4 0.0
20.4167 0.0
20.4333 0.0
20.45 0.0
20.4667 0.0
20.4833 0.0
20.5 0.0
20.5167 0.0
20.5333 0.0
20.55 0.0
20.5667 0.0
20.5833 0.0
20.6 0.0
20.6167 0.0
20.6333 0.0
20.65 0.0
20.6667 0.0
20.6833 0.0
20.7 0.0
20.7167 0.0
20.7333 0.0
20.75 0.0
20.7667 0.0
20.7833 0.0
20.8 0.0
20.8167 0.0
20.8333 0.0
20.85 0.0
20.8667 0.0
20.8833 0.0
20.9 0.0
20.9167 0.0
20.9333 0.0
20.95 0.0
20.9667 0.0
20.9833 0.0
21.0 0.0
21.0167 0.0
21.0333 0.0
21.05 0.0
21.0667 0.0
21.0833 0.0
21.1 0.0
21.1167 0.0
21.1333 0.0
21.15 0.0
21.1667 0.0
21.1833 0.0
21.2 0.0
21.2167 0.0
21.2333 0.0
21.25 0.0
21.2667 0.0
21.2833 0.0
21.3 0.0
21.3167 0.0
21.3333 0.0
21.35 0.0
21.3667 0.0
21.3833 0.0
21.4 0.0
21.4167 0.0
21.4333 0.0
21.45 0.0
21.4667 0.0
21.4833 0.0
21.5 0.0
21.5167 0.0
21.5333 0.0
21.55 0.0
21.5667 0.0
21.5833 0.0
21.6 0.0
21.6167 0.0
21.6333 0.0
21.65 0.0
21.6667 0.0
21.6833 0.0
21.7 0.0
21.7167 0.0
21.7333 0.0
21.75 0.0
21.7667 0.0
21.7833 0.0
21.8 0.0
21.8167 0.0
21.8333 0.0
21.85 0.0
21.8667 0.0
21.8833 0.0
21.9 0.0
21.9167 0.0
21.9333 0.0
21.95 0.0
21.9667 0.0
21.9833 0.0
22.0 0.0
22.0167 0.0
22.0333 0.0
22.05 0.0
22.0667 0.0
22.0833 0.0
22.1 0.0
22.1167 0.0
22.1333 0.0
22.15 0.0
22.1667 0.0
22.1833 0.0
22.2 0.0
22.2167 0.0
22.2333 0.0
22.25 0.0
22.2667 0.0
22.2833 0.0
22.3 0.0
22.3167 0.0
22.3333 0.0
22.35 0.0
22.3667 0.0
22.3833 0.0
22.4 0.0
22.4167 0.0
22.4333 0.0
22.45 0.0
22.4667 0.0
22.4833 0.0
22.5 0.0
22.5167 0.0
22.5333 0.0
22.55 0.0
22.5667 0.0
22.5833 0.0
22.6 0.0
22.6167 0.0
22.6333 0.0
22.65 0.0
22.6667 0.0
22.6833 0.0
22.7 0.0
22.7167 0.0
22.7333 0.0
22.75 0.0
22.7667 0.0
22.7833 0.0
22.8 0.0
22.8167 0.0
22.8333 0.0
22.85 0.0
22.8667 0.0
22.8833 0.0
22.9 0.0
22.9167 0.0
22.9333 0.0
22.95 0.0
22.9667 0.0
22.9833 0.0
23.0 0.0
23.0167 0.0
23.0333 0.0
23.05 0.0
23.0667 0.0
23.0833 0.0
23.1 0.0
23.1167 0.0
23.1333 0.0
23.15 0.0
23.1667 0.0
23.1833 0.0
23.2 0.0
23.2167 0.0
23.2333 0.0
23.25 0.0
23.2667 0.0
23.2833 0.0
23.3 0.0
23.3167 0.0
23.3333 0.0
23.35 0.0
23.3667 0.0
23.3833 0.0
23.4 0.0
23.4167 0.0
23.4333 0.0
23.45 0.0
23.4667 0.0
23.4833 0.0
23.5 0.0
23.5167 0.0
23.5333 0.0
23.55 0.0
23.5667 0.0
23.5833 0.0
23.6 0.0
23.6167 0.0
23.6333 0.0
23.65 0.0
23.6667 0.0
23.6833 0.0
23.7 0.0
23.7167 0.0
23.7333 0.0
23.75 0.0
23.7667 0.0
23.7833 0.0
23.8 0.0
23.8167 0.0
23.8333 0.0
23.85 0.0
23.8667 0.0
23.8833 0.0
23.9 0.0
23.9167 0.0
23.9333 0.0
23.95 0.0
23.9667 0.0
23.9833 0.0
