0.0 0.0
0.0167 0.0
0.0333 0.0
0.05 0.0
0.0667 0.0
0.0833 0.0
0.1 0.0
0.1167 0.0
0.1333 0.0
0.15 0.0
0.1667 0.0
0.1833 0.0
0.2 0.0
0.2167 0.0
0.2333 0.0
0.25 0.0
0.2667 0.0
0.2833 0.0
0.3 0.0
0.3167 0.0
0.3333 0.0
0.35 0.0
0.3667 0.0
0.3833 0.0
0.4 0.0
0.4167 0.0
0.4333 0.0
0.45 0.0
0.4667 0.0
0.4833 0.0
0.5 0.0
0.5167 0.0
0.5333 0.0
0.55 0.0
0.5667 0.0
0.5833 0.0
0.6 0.0
0.6167 0.0
0.6333 0.0
0.65 0.0
0.6667 0.0
0.6833 0.0
0.7 0.0
0.7167 0.0
0.7333 0.0
0.75 0.0
0.7667 0.0
0.7833 0.0
0.8 0.0
0.8167 0.0
0.8333 0.0
0.85 0.0
0.8667 0.0
0.8833 0.0
0.9 0.0
0.9167 0.0
0.9333 0.0
0.95 0.0
0.9667 0.0
0.9833 0.0
1.0 0.0
1.0167 0.0
1.0333 0.0
1.05 0.0
1.0667 0.0
1.0833 0.0
1.1 0.0
1.1167 0.0
1.1333 0.0
1.15 0.0
1.1667 0.0
1.1833 0.0
1.2 0.0
1.2167 0.0
1.2333 0.0
1.25 0.0
1.2667 0.0
1.2833 0.0
1.3 0.0
1.3167 0.0
1.3333 0.0
1.35 0.0
1.3667 0.0
1.3833 0.0
1.4 0.0
1.4167 0.0
1.4333 0.0
1.45 0.0
1.4667 0.0
1.4833 0.0
1.5 0.0
1.5167 0.0
1.5333 0.0
1.55 0.0
1.5667 0.0
1.5833 0.0
1.6 0.0
1.6167 0.0
1.6333 0.0
1.65 0.0
1.6667 0.0
1.6833 0.0
1.7 0.0
1.7167 0.0
1.7333 0.0
1.75 0.0
1.7667 0.0
1.7833 0.0
1.8 0.0
1.8167 0.0
1.8333 0.0
1.85 0.0
1.8667 0.0
1.8833 0.0
1.9 0.0
1.9167 0.0
1.9333 0.0
1.95 0.0
1.9667 0.0
1.9833 0.0
2.0 0.0
2.0167 0.0
2.0333 0.0
2.05 0.0
2.0667 0.0
2.0833 0.0
2.1 0.0
2.1167 0.0
2.1333 0.0
2.15 0.0
2.1667 0.0
2.1833 0.0
2.2 0.0
2.2167 0.0
2.2333 0.0
2.25 0.0
2.2667 0.0
2.2833 0.0
2.3 0.0
2.3167 0.0
2.3333 0.0
2.35 0.0
2.3667 0.0
2.3833 0.0
2.4 0.0
2.4167 0.0
2.4333 0.0
2.45 0.0
2.4667 0.0
2.4833 0.0
2.5 0.0
2.5167 0.0
2.5333 0.0
2.55 0.0
2.5667 0.0
2.5833 0.0
2.6 0.0
2.6167 0.0
2.6333 0.0
2.65 0.0
2.6667 0.0
2.6833 0.0
2.7 0.0
2.7167 0.0
2.7333 0.0
2.75 0.0
2.7667 0.0
2.7833 0.0
2.8 0.0
2.8167 0.0
2.8333 0.0
2.85 0.0
2.8667 0.0
2.8833 0.0
2.9 0.0
2.9167 0.0
2.9333 0.0
2.95 0.0
2.9667 0.0
2.9833 0.0
3.0 0.0
3.0167 0.0
3.0333 0.0
3.05 0.0
3.0667 0.0
3.0833 0.0
3.1 0.0
3.1167 0.0
3.1333 0.0
3.15 0.0
3.1667 0.0
3.1833 0.0
3.2 0.0
3.2167 0.0
3.2333 0.0
3.25 0.0
3.2667 0.0
3.2833 0.0
3.3 0.0
3.3167 0.0
3.3333 0.0
3.35 0.0
3.3667 0.0
3.3833 0.0
3.4 0.0
3.4167 0.0
3.4333 0.0
3.45 0.0
3.4667 0.0
3.4833 0.0
3.5 0.0
3.5167 0.0
3.5333 0.0
3.55 0.0
3.5667 0.0
3.5833 0.0
3.6 0.0
3.6167 0.0
3.6333 0.0
3.65 0.0
3.6667 0.0
3.6833 0.0
3.7 0.0
3.7167 0.0
3.7333 0.0
3.75 0.0
3.7667 0.0
3.7833 0.0
3.8 0.0
3.8167 0.0
3.8333 0.0
3.85 0.0
3.8667 0.0
3.8833 0.0
3.9 0.0
3.9167 0.0
3.9333 0.0
3.95 0.0
3.9667 0.0
3.9833 0.0
4.0 0.0
4.0167 0.0
4.0333 0.0
4.05 0.0
4.0667 0.0
4.0833 0.0
4.1 0.0
4.1167 0.0
4.1333 0.0
4.15 0.0
4.1667 0.0
4.1833 0.0
4.2 0.0
4.2167 0.0
4.2333 0.0
4.25 0.0
4.2667 0.0
4.2833 0.0
4.3 0.0
4.3167 0.0
4.3333 0.0
4.35 0.0
4.3667 0.0
4.3833 0.0
4.4 0.0
4.4167 0.0
4.4333 0.0
4.45 0.0
4.4667 0.0
4.4833 0.0
4.5 0.0
4.5167 0.0
4.5333 0.0
4.55 0.0
4.5667 0.0
4.5833 0.0
4.6 0.0
4.6167 0.0
4.6333 0.0
4.65 0.0
4.6667 0.0
4.6833 0.0
4.7 0.0
4.7167 0.0
4.7333 0.0
4.75 0.0
4.7667 0.0
4.7833 0.0
4.8 0.0
4.8167 0.0
4.8333 0.0
4.85 0.0
4.8667 0.0
4.8833 0.0
4.9 0.0
4.9167 0.0
4.9333 0.0
4.95 0.0
4.9667 0.0
4.9833 0.0
5.0 0.0
5.0167 0.0
5.0333 0.0
5.05 0.0
5.0667 0.0
5.0833 0.0
5.1 0.0
5.1167 0.0
5.1333 0.0
5.15 0.0
5.1667 0.0
5.1833 0.0
5.2 0.0
5.2167 0.0
5.2333 0.0
5.25 0.0
5.2667 0.0
5.2833 0.0
5.3 0.0
5.3167 0.0
5.3333 0.0
5.35 0.0
5.3667 0.0
5.3833 0.0
5.4 0.0
5.4167 0.0
5.4333 0.0
5.45 0.0
5.4667 0.0
5.4833 0.0
5.5 0.0
5.5167 0.0
5.5333 0.0
5.55 0.0
5.5667 0.0
5.5833 0.0
5.6 0.0
5.6167 0.0
5.6333 0.0
5.65 0.0
5.6667 0.0
5.6833 0.0
5.7 0.0
5.7167 0.0
5.7333 0.0
5.75 0.0
5.7667 0.0
5.7833 0.0
5.8 0.0
5.8167 0.0
5.8333 0.0
5.85 0.0
5.8667 0.0
5.8833 0.0
5.9 0.0
5.9167 0.0
5.9333 0.0
5.95 0.0
5.9667 0.0
5.9833 0.0
6.0 0.0
6.0167 0.0
6.0333 0.0
6.05 0.0
6.0667 0.0
6.0833 0.0
6.1 0.0
6.1167 0.0
6.1333 0.0
6.15 0.0
6.1667 0.0
6.1833 0.0
6.2 0.0
6.2167 0.0
6.2333 0.0
6.25 0.0
6.2667 0.0
6.2833 0.0
6.3 0.0
6.3167 0.0
6.3333 0.0
6.35 0.0
6.3667 0.0
6.3833 0.0
6.4 0.0
6.4167 0.0
6.4333 0.0
6.45 0.0
6.4667 3.324e-19
6.4833 3.397e-15
6.5 8.958e-13
6.5167 5.379e-11
6.5333 1.047e-09
6.55 8.706e-09
6.5667 3.453e-08
6.5833 8.573e-08
6.6 1.748e-07
6.6167 3.208e-07
6.6333 5.618e-07
6.65 9.63e-07
6.6667 1.614e-06
6.6833 2.522e-06
6.7 3.85e-06
6.7167 5.56e-06
6.7333 7.82e-06
6.75 1.057e-05
6.7667 1.411e-05
6.7833 1.858e-05
6.8 2.408e-05
6.8167 3.078e-05
6.8333 3.897e-05
6.85 4.909e-05
6.8667 6.063e-05
6.8833 7.434e-05
6.9 9.02e-05
6.9167 0.0001097
6.9333 0.0001301
6.95 0.0001535
6.9667 0.0001808
6.9833 0.0002112
7.0 0.0002455
7.0167 0.0002851
7.0333 0.000323
7.05 0.0003675
7.0667 0.0004176
7.0833 0.0004691
7.1 0.0005194
7.1167 0.0005788
7.1333 0.0006488
7.15 0.0007263
7.1667 0.0007956
7.1833 0.0008696
7.2 0.0009481
7.2167 0.001031
7.2333 0.001117
7.25 0.001208
7.2667 0.001302
7.2833 0.001401
7.3 0.001503
7.3167 0.00161
7.3333 0.00172
7.35 0.001835
7.3667 0.001953
7.3833 0.002075
7.4 0.002202
7.4167 0.002333
7.4333 0.002468
7.45 0.002607
7.4667 0.002751
7.4833 0.002899
7.5 0.003051
7.5167 0.003209
7.5333 0.00337
7.55 0.003537
7.5667 0.003708
7.5833 0.003884
7.6 0.004066
7.6167 0.004252
7.6333 0.004443
7.65 0.004639
7.6667 0.004841
7.6833 0.005048
7.7 0.005261
7.7167 0.005479
7.7333 0.005703
7.75 0.005932
7.7667 0.006167
7.7833 0.006408
7.8 0.006655
7.8167 0.006908
7.8333 0.007166
7.85 0.007431
7.8667 0.007702
7.8833 0.00798
7.9 0.008264
7.9167 0.008554
7.9333 0.008851
7.95 0.009154
7.9667 0.009464
7.9833 0.009781
8.0 0.0101
8.0167 0.01043
8.0333 0.01077
8.05 0.01112
8.0667 0.01147
8.0833 0.01183
8.1 0.01219
8.1167 0.01256
8.1333 0.01294
8.15 0.01333
8.1667 0.01373
8.1833 0.01413
8.2 0.01454
8.2167 0.01495
8.2333 0.01538
8.25 0.01581
8.2667 0.01625
8.2833 0.0167
8.3 0.01715
8.3167 0.01761
8.3333 0.01808
8.35 0.01856
8.3667 0.01905
8.3833 0.01954
8.4 0.02004
8.4167 0.02055
8.4333 0.02107
8.45 0.0216
8.4667 0.02213
8.4833 0.02267
8.5 0.02322
8.5167 0.02378
8.5333 0.02434
8.55 0.02491
8.5667 0.0255
8.5833 0.02608
8.6 0.02668
8.6167 0.02729
8.6333 0.0279
8.65 0.02852
8.6667 0.02915
8.6833 0.02979
8.7 0.03043
8.7167 0.03108
8.7333 0.03175
8.75 0.03241
8.7667 0.03309
8.7833 0.03377
8.8 0.03447
8.8167 0.03517
8.8333 0.03588
8.85 0.03659
8.8667 0.03731
8.8833 0.03804
8.9 0.03878
8.9167 0.03953
8.9333 0.04028
8.95 0.04105
8.9667 0.04181
8.9833 0.04259
9.0 0.04337
9.0167 0.04416
9.0333 0.04496
9.05 0.04577
9.0667 0.04658
9.0833 0.0474
9.1 0.04823
9.1167 0.04906
9.1333 0.0499
9.15 0.05075
9.1667 0.0516
9.1833 0.05247
9.2 0.05333
9.2167 0.05421
9.2333 0.05509
9.25 0.05598
9.2667 0.05687
9.2833 0.05777
9.3 0.05868
9.3167 0.05959
9.3333 0.06051
9.35 0.06143
9.3667 0.06237
9.3833 0.0633
9.4 0.06424
9.4167 0.06519
9.4333 0.06614
9.45 0.0671
9.4667 0.06807
9.4833 0.06904
9.5 0.07001
9.5167 0.07099
9.5333 0.07198
9.55 0.07297
9.5667 0.07396
9.5833 0.07496
9.6 0.07596
9.6167 0.07697
9.6333 0.07798
9.65 0.079
9.6667 0.08002
9.6833 0.08105
9.7 0.08208
9.7167 0.08311
9.7333 0.08415
9.75 0.08519
9.7667 0.08623
9.7833 0.08728
9.8 0.08833
9.8167 0.08938
9.8333 0.09044
9.85 0.0915
9.8667 0.09256
9.8833 0.09362
9.9 0.09469
9.9167 0.09576
9.9333 0.09683
9.95 0.09791
9.9667 0.09898
9.9833 0.1001
10.0 0.1011
10.0167 0.1022
10.0333 0.1033
10.05 0.1044
10.0667 0.1055
10.0833 0.1066
10.1 0.1077
10.1167 0.1087
10.1333 0.1098
10.15 0.1109
10.1667 0.112
10.1833 0.1131
10.2 0.1142
10.2167 0.1153
10.2333 0.1164
10.25 0.1175
10.2667 0.1186
10.2833 0.1197
10.3 0.1207
10.3167 0.1218
10.3333 0.1229
10.35 0.124
10.3667 0.1251
10.3833 0.1262
10.4 0.1273
10.4167 0.1284
10.4333 0.1294
10.45 0.1305
10.4667 0.1316
10.4833 0.1327
10.5 0.1337
10.5167 0.1348
10.5333 0.1359
10.55 0.137
10.5667 0.138
10.5833 0.1391
10.6 0.1401
10.6167 0.1412
10.6333 0.1423
10.65 0.1433
10.6667 0.1444
10.6833 0.1454
10.7 0.1464
10.7167 0.1475
10.7333 0.1485
10.75 0.1495
10.7667 0.1506
10.7833 0.1516
10.8 0.1526
10.8167 0.1536
10.8333 0.1546
10.85 0.1556
10.8667 0.1566
10.8833 0.1576
10.9 0.1586
10.9167 0.1596
10.9333 0.1605
10.95 0.1615
10.9667 0.1624
10.9833 0.1634
11.0 0.1644
11.0167 0.1653
11.0333 0.1663
11.05 0.1672
11.0667 0.1681
11.0833 0.169
11.1 0.1699
11.1167 0.1709
11.1333 0.1718
11.15 0.1727
11.1667 0.1735
11.1833 0.1744
11.2 0.1753
11.2167 0.1762
11.2333 0.177
11.25 0.1779
11.2667 0.1787
11.2833 0.1795
11.3 0.1804
11.3167 0.1812
11.3333 0.182
11.35 0.1828
11.3667 0.1836
11.3833 0.1844
11.4 0.1851
11.4167 0.1859
11.4333 0.1867
11.45 0.1874
11.4667 0.1882
11.4833 0.1889
11.5 0.1896
11.5167 0.1903
11.5333 0.191
11.55 0.1917
11.5667 0.1924
11.5833 0.1931
11.6 0.1937
11.6167 0.1943
11.6333 0.195
11.65 0.1957
11.6667 0.1963
11.6833 0.1969
11.7 0.1975
11.7167 0.1981
11.7333 0.1987
11.75 0.1993
11.7667 0.1998
11.7833 0.2004
11.8 0.2009
11.8167 0.2014
11.8333 0.202
11.85 0.2025
11.8667 0.203
11.8833 0.2035
11.9 0.2039
11.9167 0.2044
11.9333 0.2049
11.95 0.2053
11.9667 0.2058
11.9833 0.2062
12.0 0.2066
12.0167 0.207
12.0333 0.2074
12.05 0.2078
12.0667 0.2081
12.0833 0.2085
12.1 0.2088
12.1167 0.2092
12.1333 0.2094
12.15 0.2098
12.1667 0.2099
12.1833 0.2104
12.2 0.2106
12.2167 0.2109
12.2333 0.2111
12.25 0.2114
12.2667 0.2116
12.2833 0.2118
12.3 0.212
12.3167 0.2122
12.3333 0.2123
12.35 0.2125
12.3667 0.2127
12.3833 0.2128
12.4 0.2129
12.4167 0.2131
12.4333 0.2132
12.45 0.2133
12.4667 0.2133
12.4833 0.2134
12.5 0.2134
12.5167 0.2135
12.5333 0.2135
12.55 0.2135
12.5667 0.2135
12.5833 0.2135
12.6 0.2135
12.6167 0.2135
12.6333 0.2134
12.65 0.2134
12.6667 0.2133
12.6833 0.2132
12.7 0.2131
12.7167 0.213
12.7333 0.2129
12.75 0.2128
12.7667 0.2126
12.7833 0.2125
12.8 0.2123
12.8167 0.2121
12.8333 0.2119
12.85 0.2117
12.8667 0.2115
12.8833 0.2113
12.9 0.211
12.9167 0.2108
12.9333 0.2105
12.95 0.2102
12.9667 0.2098
12.9833 0.2096
13.0 0.2093
13.0167 0.209
13.0333 0.2086
13.05 0.2083
13.0667 0.208
13.0833 0.2076
13.1 0.2072
13.1167 0.2068
13.1333 0.2063
13.15 0.206
13.1667 0.2056
13.1833 0.2051
13.2 0.2047
13.2167 0.2042
13.2333 0.2038
13.25 0.2033
13.2667 0.2028
13.2833 0.2023
13.3 0.2018
13.3167 0.2012
13.3333 0.2007
13.35 0.2002
13.3667 0.1996
13.3833 0.199
13.4 0.1984
13.4167 0.1979
13.4333 0.1973
13.45 0.1966
13.4667 0.196
13.4833 0.1954
13.5 0.1948
13.5167 0.1941
13.5333 0.1934
13.55 0.1927
13.5667 0.1921
13.5833 0.1914
13.6 0.1907
13.6167 0.19
13.6333 0.1893
13.65 0.1886
13.6667 0.1878
13.6833 0.1869
13.7 0.1863
13.7167 0.1855
13.7333 0.1848
13.75 0.184
13.7667 0.1832
13.7833 0.1824
13.8 0.1816
13.8167 0.1808
13.8333 0.18
13.85 0.1792
13.8667 0.1783
13.8833 0.1775
13.9 0.1766
13.9167 0.1758
13.9333 0.1749
13.95 0.174
13.9667 0.1731
13.9833 0.1722
14.0 0.1713
14.0167 0.1704
14.0333 0.1695
14.05 0.1686
14.0667 0.1677
14.0833 0.1668
14.1 0.1658
14.1167 0.1649
14.1333 0.1639
14.15 0.163
14.1667 0.162
14.1833 0.161
14.2 0.1601
14.2167 0.1591
14.2333 0.1581
14.25 0.1571
14.2667 0.1561
14.2833 0.1551
14.3 0.1541
14.3167 0.1531
14.3333 0.1521
14.35 0.1511
14.3667 0.1501
14.3833 0.149
14.4 0.148
14.4167 0.147
14.4333 0.146
14.45 0.1449
14.4667 0.1439
14.4833 0.1428
14.5 0.1418
14.5167 0.1407
14.5333 0.1397
14.55 0.1386
14.5667 0.1375
14.5833 0.1365
14.6 0.1354
14.6167 0.1343
14.6333 0.1333
14.65 0.1321
14.6667 0.1311
14.6833 0.13
14.7 0.1289
14.7167 0.1278
14.7333 0.1268
14.75 0.1257
14.7667 0.1246
14.7833 0.1235
14.8 0.1224
14.8167 0.1213
14.8333 0.1202
14.85 0.1191
14.8667 0.1181
14.8833 0.117
14.9 0.1159
14.9167 0.1148
14.9333 0.1137
14.95 0.1126
14.9667 0.1115
14.9833 0.1104
15.0 0.1093
15.0167 0.1082
15.0333 0.1071
15.05 0.1061
15.0667 0.105
15.0833 0.1039
15.1 0.1028
15.1167 0.1017
15.1333 0.1006
15.15 0.09956
15.1667 0.09848
15.1833 0.09741
15.2 0.09633
15.2167 0.09526
15.2333 0.09419
15.25 0.09313
15.2667 0.09206
15.2833 0.091
15.3 0.08995
15.3167 0.08889
15.3333 0.08784
15.35 0.08679
15.3667 0.08574
15.3833 0.0847
15.4 0.08366
15.4167 0.08263
15.4333 0.0816
15.45 0.08057
15.4667 0.07955
15.4833 0.07853
15.5 0.07751
15.5167 0.0765
15.5333 0.0755
15.55 0.0745
15.5667 0.0735
15.5833 0.07251
15.6 0.07152
15.6167 0.07054
15.6333 0.06956
15.65 0.06859
15.6667 0.06762
15.6833 0.06666
15.7 0.0657
15.7167 0.06475
15.7333 0.06381
15.75 0.06287
15.7667 0.06193
15.7833 0.061
15.8 0.06008
15.8167 0.05917
15.8333 0.05826
15.85 0.05735
15.8667 0.05646
15.8833 0.05556
15.9 0.05468
15.9167 0.0538
15.9333 0.05293
15.95 0.05207
15.9667 0.05121
15.9833 0.05036
16.0 0.04951
16.0167 0.04867
16.0333 0.04784
16.05 0.04702
16.0667 0.0462
16.0833 0.04539
16.1 0.04459
16.1167 0.0438
16.1333 0.04301
16.15 0.04223
16.1667 0.04146
16.1833 0.04069
16.2 0.03993
16.2167 0.03918
16.2333 0.03844
16.25 0.0377
16.2667 0.03698
16.2833 0.03626
16.3 0.03555
16.3167 0.03484
16.3333 0.03414
16.35 0.03346
16.3667 0.03278
16.3833 0.0321
16.4 0.03144
16.4167 0.03078
16.4333 0.03013
16.45 0.02949
16.4667 0.02886
16.4833 0.02823
16.5 0.02761
16.5167 0.027
16.5333 0.0264
16.55 0.02581
16.5667 0.02523
16.5833 0.02465
16.6 0.02408
16.6167 0.02352
16.6333 0.02296
16.65 0.02242
16.6667 0.02188
16.6833 0.02135
16.7 0.02083
16.7167 0.02032
16.7333 0.01981
16.75 0.01931
16.7667 0.01882
16.7833 0.01834
16.8 0.01786
16.8167 0.0174
16.8333 0.01694
16.85 0.01649
16.8667 0.01604
16.8833 0.01561
16.9 0.01518
16.9167 0.01476
16.9333 0.01435
16.95 0.01394
16.9667 0.01354
16.9833 0.01315
17.0 0.01277
17.0167 0.01239
17.0333 0.01202
17.05 0.01166
17.0667 0.0113
17.0833 0.01096
17.1 0.01061
17.1167 0.01028
17.1333 0.009954
17.15 0.009634
17.1667 0.00932
17.1833 0.009013
17.2 0.008712
17.2167 0.008419
17.2333 0.008132
17.25 0.007851
17.2667 0.007576
17.2833 0.007308
17.3 0.007046
17.3167 0.00679
17.3333 0.00654
17.35 0.006295
17.3667 0.006057
17.3833 0.005825
17.4 0.005598
17.4167 0.005377
17.4333 0.005162
17.45 0.004952
17.4667 0.004747
17.4833 0.004548
17.5 0.004354
17.5167 0.004165
17.5333 0.003981
17.55 0.003802
17.5667 0.003628
17.5833 0.003459
17.6 0.003295
17.6167 0.003135
17.6333 0.00298
17.65 0.00283
17.6667 0.002684
17.6833 0.002542
17.7 0.002405
17.7167 0.002272
17.7333 0.002143
17.75 0.002018
17.7667 0.001898
17.7833 0.001781
17.8 0.001669
17.8167 0.00156
17.8333 0.001456
17.85 0.001355
17.8667 0.001258
17.8833 0.001166
17.9 0.001077
17.9167 0.0009919
17.9333 0.0009112
17.95 0.0008347
17.9667 0.0007629
17.9833 0.0006912
18.0 0.0006149
18.0167 0.0005501
18.0333 0.0004951
18.05 0.0004486
18.0667 0.0003911
18.0833 0.0003501
18.1 0.0003031
18.1167 0.0002645
18.1333 0.0002329
18.15 0.0001993
18.1667 0.0001701
18.1833 0.0001446
18.2 0.0001198
18.2167 9.968e-05
18.2333 8.317e-05
18.25 6.747e-05
18.2667 5.536e-05
18.2833 4.406e-05
18.3 3.497e-05
18.3167 2.758e-05
18.3333 2.151e-05
18.35 1.643e-05
18.3667 1.237e-05
18.3833 9.197e-06
18.4 6.744e-06
18.4167 4.694e-06
18.4333 3.215e-06
18.45 2.047e-06
18.4667 1.263e-06
18.4833 7.622e-07
18.5 4.417e-07
18.5167 2.485e-07
18.5333 1.29e-07
18.55 5.685e-08
18.5667 1.959e-08
18.5833 3.832e-09
18.6 2.938e-10
18.6167 9.806e-12
18.6333 8.052e-14
18.65 1.077e-16
18.6667 0.0
18.6833 0.0
18.7 0.0
18.7167 0.0
18.7333 0.0
18.75 0.0
18.7667 0.0
18.7833 0.0
18.8 0.0
18.8167 0.0
18.8333 0.0
18.85 0.0
18.8667 0.0
18.8833 0.0
18.9 0.0
18.9167 0.0
18.9333 0.0
18.95 0.0
18.9667 0.0
18.9833 0.0
19.0 0.0
19.0167 0.0
19.0333 0.0
19.05 0.0
19.0667 0.0
19.0833 0.0
19.1 0.0
19.1167 0.0
19.1333 0.0
19.15 0.0
19.1667 0.0
19.1833 0.0
19.2 0.0
19.2167 0.0
19.2333 0.0
19.25 0.0
19.2667 0.0
19.2833 0.0
19.3 0.0
19.3167 0.0
19.3333 0.0
19.35 0.0
19.3667 0.0
19.3833 0.0
19.4 0.0
19.4167 0.0
19.4333 0.0
19.45 0.0
19.4667 0.0
19.4833 0.0
19.5 0.0
19.5167 0.0
19.5333 0.0
19.55 0.0
19.5667 0.0
19.5833 0.0
19.6 0.0
19.6167 0.0
19.6333 0.0
19.65 0.0
19.6667 0.0
19.6833 0.0
19.7 0.0
19.7167 0.0
19.7333 0.0
19.75 0.0
19.7667 0.0
19.7833 0.0
19.8 0.0
19.8167 0.0
19.8333 0.0
19.85 0.0
19.8667 0.0
19.8833 0.0
19.9 0.0
19.9167 0.0
19.9333 0.0
19.95 0.0
19.9667 0.0
19.9833 0.0
20.0 0.0
20.0167 0.0
20.0333 0.0
20.05 0.0
20.0667 0.0
20.0833 0.0
20.1 0.0
20.1167 0.0
20.1333 0.0
20.15 0.0
20.1667 0.0
20.1833 0.0
20.2 0.0
20.2167 0.0
20.2333 0.0
20.25 0.0
20.2667 0.0
20.2833 0.0
20.3 0.0
20.3167 0.0
20.3333 0.0
20.35 0.0
20.3667 0.0
20.3833 0.0
20.4 0.0
20.4167 0.0
20.4333 0.0
20.45 0.0
20.4667 0.0
20.4833 0.0
20.5 0.0
20.5167 0.0
20.5333 0.0
20.55 0.0
20.5667 0.0
20.5833 0.0
20.6 0.0
20.6167 0.0
20.6333 0.0
20.65 0.0
20.6667 0.0
20.6833 0.0
20.7 0.0
20.7167 0.0
20.7333 0.0
20.75 0.0
20.7667 0.0
20.7833 0.0
20.8 0.0
20.8167 0.0
20.8333 0.0
20.85 0.0
20.8667 0.0
20.8833 0.0
20.9 0.0
20.9167 0.0
20.9333 0.0
20.95 0.0
20.9667 0.0
20.9833 0.0
21.0 0.0
21.0167 0.0
21.0333 0.0
21.05 0.0
21.0667 0.0
21.0833 0.0
21.1 0.0
21.1167 0.0
21.1333 0.0
21.15 0.0
21.1667 0.0
21.1833 0.0
21.2 0.0
21.2167 0.0
21.2333 0.0
21.25 0.0
21.2667 0.0
21.2833 0.0
21.3 0.0
21.3167 0.0
21.3333 0.0
21.35 0.0
21.3667 0.0
21.3833 0.0
21.4 0.0
21.4167 0.0
21.4333 0.0
21.45 0.0
21.4667 0.0
21.4833 0.0
21.5 0.0
21.5167 0.0
21.5333 0.0
21.55 0.0
21.5667 0.0
21.5833 0.0
21.6 0.0
21.6167 0.0
21.6333 0.0
21.65 0.0
21.6667 0.0
21.6833 0.0
21.7 0.0
21.7167 0.0
21.7333 0.0
21.75 0.0
21.7667 0.0
21.7833 0.0
21.8 0.0
21.8167 0.0
21.8333 0.0
21.85 0.0
21.8667 0.0
21.8833 0.0
21.9 0.0
21.9167 0.0
21.9333 0.0
21.95 0.0
21.9667 0.0
21.9833 0.0
22.0 0.0
22.0167 0.0
22.0333 0.0
22.05 0.0
22.0667 0.0
22.0833 0.0
22.1 0.0
22.1167 0.0
22.1333 0.0
22.15 0.0
22.1667 0.0
22.1833 0.0
22.2 0.0
22.2167 0.0
22.2333 0.0
22.25 0.0
22.2667 0.0
22.2833 0.0
22.3 0.0
22.3167 0.0
22.3333 0.0
22.35 0.0
22.3667 0.0
22.3833 0.0
22.4 0.0
22.4167 0.0
22.4333 0.0
22.45 0.0
22.4667 0.0
22.4833 0.0
22.5 0.0
22.5167 0.0
22.5333 0.0
22.55 0.0
22.5667 0.0
22.5833 0.0
22.6 0.0
22.6167 0.0
22.6333 0.0
22.65 0.0
22.6667 0.0
22.6833 0.0
22.7 0.0
22.7167 0.0
22.7333 0.0
22.75 0.0
22.7667 0.0
22.7833 0.0
22.8 0.0
22.8167 0.0
22.8333 0.0
22.85 0.0
22.8667 0.0
22.8833 0.0
22.9 0.0
22.9167 0.0
22.9333 0.0
22.95 0.0
22.9667 0.0
22.9833 0.0
23.0 0.0
23.0167 0.0
23.0333 0.0
23.05 0.0
23.0667 0.0
23.0833 0.0
23.1 0.0
23.1167 0.0
23.1333 0.0
23.15 0.0
23.1667 0.0
23.1833 0.0
23.2 0.0
23.2167 0.0
23.2333 0.0
23.25 0.0
23.2667 0.0
23.2833 0.0
23.3 0.0
23.3167 0.0
23.3333 0.0
23.35 0.0
23.3667 0.0
23.3833 0.0
23.4 0.0
23.4167 0.0
23.4333 0.0
23.45 0.0
23.4667 0.0
23.4833 0.0
23.5 0.0
23.5167 0.0
23.5333 0.0
23.55 0.0
23.5667 0.0
23.5833 0.0
23.6 0.0
23.6167 0.0
23.6333 0.0
23.65 0.0
23.6667 0.0
23.6833 0.0
23.7 0.0
23.7167 0.0
23.7333 0.0
23.75 0.0
23.7667 0.0
23.7833 0.0
23.8 0.0
23.8167 0.0
23.8333 0.0
23.85 0.0
23.8667 0.0
23.8833 0.0
23.9 0.0
23.9167 0.0
23.9333 0.0
23.95 0.0
23.9667 0.0
23.9833 0.0
