0.0 0.0
0.0167 0.0
0.0333 0.0
0.05 0.0
0.0667 0.0
0.0833 0.0
0.1 0.0
0.1167 0.0
0.1333 0.0
0.15 0.0
0.1667 0.0
0.1833 0.0
0.2 0.0
0.2167 0.0
0.2333 0.0
0.25 0.0
0.2667 0.0
0.2833 0.0
0.3 0.0
0.3167 0.0
0.3333 0.0
0.35 0.0
0.3667 0.0
0.3833 0.0
0.4 0.0
0.4167 0.0
0.4333 0.0
0.45 0.0
0.4667 0.0
0.4833 0.0
0.5 0.0
0.5167 0.0
0.5333 0.0
0.55 0.0
0.5667 0.0
0.5833 0.0
0.6 0.0
0.6167 0.0
0.6333 0.0
0.65 0.0
0.6667 0.0
0.6833 0.0
0.7 0.0
0.7167 0.0
0.7333 0.0
0.75 0.0
0.7667 0.0
0.7833 0.0
0.8 0.0
0.8167 0.0
0.8333 0.0
0.85 0.0
0.8667 0.0
0.8833 0.0
0.9 0.0
0.9167 0.0
0.9333 0.0
0.95 0.0
0.9667 0.0
0.9833 0.0
1.0 0.0
1.0167 0.0
1.0333 0.0
1.05 0.0
1.0667 0.0
1.0833 0.0
1.1 0.0
1.1167 0.0
1.1333 0.0
1.15 0.0
1.1667 0.0
1.1833 0.0
1.2 0.0
1.2167 0.0
1.2333 0.0
1.25 0.0
1.2667 0.0
1.2833 0.0
1.3 0.0
1.3167 0.0
1.3333 0.0
1.35 0.0
1.3667 0.0
1.3833 0.0
1.4 0.0
1.4167 0.0
1.4333 0.0
1.45 0.0
1.4667 0.0
1.4833 0.0
1.5 0.0
1.5167 0.0
1.5333 0.0
1.55 0.0
1.5667 0.0
1.5833 0.0
1.6 0.0
1.6167 0.0
1.6333 0.0
1.65 0.0
1.6667 0.0
1.6833 0.0
1.7 0.0
1.7167 0.0
1.7333 0.0
1.75 0.0
1.7667 0.0
1.7833 0.0
1.8 0.0
1.8167 0.0
1.8333 0.0
1.85 0.0
1.8667 0.0
1.8833 0.0
1.9 0.0
1.9167 0.0
1.9333 0.0
1.95 0.0
1.9667 0.0
1.9833 0.0
2.0 0.0
2.0167 0.0
2.0333 0.0
2.05 0.0
2.0667 0.0
2.0833 0.0
2.1 0.0
2.1167 0.0
2.1333 0.0
2.15 0.0
2.1667 0.0
2.1833 0.0
2.2 0.0
2.2167 0.0
2.2333 0.0
2.25 0.0
2.2667 0.0
2.2833 0.0
2.3 0.0
2.3167 0.0
2.3333 0.0
2.35 0.0
2.3667 0.0
2.3833 0.0
2.4 0.0
2.4167 0.0
2.4333 0.0
2.45 0.0
2.4667 0.0
2.4833 0.0
2.5 0.0
2.5167 0.0
2.5333 0.0
2.55 0.0
2.5667 0.0
2.5833 0.0
2.6 0.0
2.6167 0.0
2.6333 0.0
2.65 0.0
2.6667 0.0
2.6833 0.0
2.7 0.0
2.7167 0.0
2.7333 0.0
2.75 0.0
2.7667 0.0
2.7833 0.0
2.8 0.0
2.8167 0.0
2.8333 0.0
2.85 0.0
2.8667 0.0
2.8833 0.0
2.9 0.0
2.9167 0.0
2.9333 0.0
2.95 0.0
2.9667 0.0
2.9833 0.0
3.0 0.0
3.0167 0.0
3.0333 0.0
3.05 0.0
3.0667 0.0
3.0833 0.0
3.1 0.0
3.1167 0.0
3.1333 0.0
3.15 0.0
3.1667 0.0
3.1833 0.0
3.2 0.0
3.2167 0.0
3.2333 0.0
3.25 0.0
3.2667 0.0
3.2833 0.0
3.3 0.0
3.3167 0.0
3.3333 0.0
3.35 0.0
3.3667 0.0
3.3833 0.0
3.4 0.0
3.4167 0.0
3.4333 0.0
3.45 0.0
3.4667 0.0
3.4833 0.0
3.5 0.0
3.5167 0.0
3.5333 0.0
3.55 0.0
3.5667 0.0
3.5833 0.0
3.6 0.0
3.6167 0.0
3.6333 0.0
3.65 0.0
3.6667 0.0
3.6833 0.0
3.7 0.0
3.7167 0.0
3.7333 0.0
3.75 0.0
3.7667 0.0
3.7833 0.0
3.8 0.0
3.8167 0.0
3.8333 0.0
3.85 0.0
3.8667 0.0
3.8833 0.0
3.9 0.0
3.9167 0.0
3.9333 0.0
3.95 0.0
3.9667 0.0
3.9833 0.0
4.0 0.0
4.0167 0.0
4.0333 0.0
4.05 0.0
4.0667 0.0
4.0833 0.0
4.1 0.0
4.1167 0.0
4.1333 0.0
4.15 0.0
4.1667 0.0
4.1833 0.0
4.2 0.0
4.2167 0.0
4.2333 0.0
4.25 0.0
4.2667 0.0
4.2833 0.0
4.3 0.0
4.3167 0.0
4.3333 0.0
4.35 0.0
4.3667 0.0
4.3833 0.0
4.4 0.0
4.4167 0.0
4.4333 0.0
4.45 0.0
4.4667 0.0
4.4833 0.0
4.5 0.0
4.5167 0.0
4.5333 0.0
4.55 0.0
4.5667 0.0
4.5833 0.0
4.6 0.0
4.6167 0.0
4.6333 0.0
4.65 0.0
4.6667 0.0
4.6833 0.0
4.7 0.0
4.7167 0.0
4.7333 0.0
4.75 0.0
4.7667 0.0
4.7833 0.0
4.8 0.0
4.8167 0.0
4.8333 0.0
4.85 0.0
4.8667 0.0
4.8833 0.0
4.9 0.0
4.9167 0.0
4.9333 0.0
4.95 0.0
4.9667 0.0
4.9833 0.0
5.0 0.0
5.0167 0.0
5.0333 0.0
5.05 0.0
5.0667 0.0
5.0833 0.0
5.1 0.0
5.1167 0.0
5.1333 0.0
5.15 0.0
5.1667 0.0
5.1833 0.0
5.2 0.0
5.2167 0.0
5.2333 0.0
5.25 0.0
5.2667 0.0
5.2833 0.0
5.3 0.0
5.3167 0.0
5.3333 0.0
5.35 0.0
5.3667 0.0
5.3833 0.0
5.4 0.0
5.4167 0.0
5.4333 0.0
5.45 0.0
5.4667 0.0
5.4833 0.0
5.5 0.0
5.5167 0.0
5.5333 0.0
5.55 0.0
5.5667 0.0
5.5833 0.0
5.6 0.0
5.6167 0.0
5.6333 0.0
5.65 0.0
5.6667 0.0
5.6833 0.0
5.7 0.0
5.7167 0.0
5.7333 0.0
5.75 0.0
5.7667 0.0
5.7833 0.0
5.8 0.0
5.8167 0.0
5.8333 0.0
5.85 0.0
5.8667 0.0
5.8833 0.0
5.9 0.0
5.9167 0.0
5.9333 0.0
5.95 0.0
5.9667 0.0
5.9833 0.0
6.0 0.0
6.0167 0.0
6.0333 0.0
6.05 0.0
6.0667 0.0
6.0833 0.0
6.1 0.0
6.1167 0.0
6.1333 0.0
6.15 0.0
6.1667 0.0
6.1833 0.0
6.2 0.0
6.2167 0.0
6.2333 0.0
6.25 0.0
6.2667 0.0
6.2833 0.0
6.3 0.0
6.3167 0.0
6.3333 0.0
6.35 0.0
6.3667 0.0
6.3833 0.0
6.4 0.0
6.4167 0.0
6.4333 0.0
6.45 0.0
6.4667 0.0
6.4833 2.647e-19
6.5 3.037e-15
6.5167 7.491e-13
6.5333 5.013e-11
6.55 1.003e-09
6.5667 8.415e-09
6.5833 3.31e-08
6.6 8.47e-08
6.6167 1.728e-07
6.6333 3.181e-07
6.65 5.576e-07
6.6667 9.574e-07
6.6833 1.608e-06
6.7 2.506e-06
6.7167 3.839e-06
6.7333 5.532e-06
6.75 7.816e-06
6.7667 1.056e-05
6.7833 1.409e-05
6.8 1.853e-05
6.8167 2.403e-05
6.8333 3.075e-05
6.85 3.898e-05
6.8667 4.915e-05
6.8833 6.053e-05
6.9 7.44e-05
6.9167 9.015e-05
6.9333 0.0001099
6.95 0.0001303
6.9667 0.000154
6.9833 0.000181
7.0 0.0002114
7.0167 0.0002459
7.0333 0.0002858
7.05 0.0003232
7.0667 0.0003682
7.0833 0.0004175
7.1 0.0004701
7.1167 0.0005204
7.1333 0.0005798
7.15 0.0006497
7.1667 0.0007279
7.1833 0.0007972
7.2 0.0008715
7.2167 0.0009502
7.2333 0.001033
7.25 0.00112
7.2667 0.001211
7.2833 0.001306
7.3 0.001405
7.3167 0.001507
7.3333 0.001614
7.35 0.001725
7.3667 0.00184
7.3833 0.001958
7.4 0.002081
7.4167 0.002209
7.4333 0.00234
7.45 0.002475
7.4667 0.002615
7.4833 0.002759
7.5 0.002908
7.5167 0.003061
7.5333 0.003219
7.55 0.003381
7.5667 0.003549
7.5833 0.003721
7.6 0.003898
7.6167 0.00408
7.6333 0.004267
7.65 0.004459
7.6667 0.004656
7.6833 0.004859
7.7 0.005067
7.7167 0.00528
7.7333 0.005499
7.75 0.005724
7.7667 0.005954
7.7833 0.00619
7.8 0.006433
7.8167 0.006681
7.8333 0.006934
7.85 0.007194
7.8667 0.007461
7.8833 0.007733
7.9 0.008012
7.9167 0.008298
7.9333 0.008589
7.95 0.008887
7.9667 0.009192
7.9833 0.009504
8.0 0.009822
8.0167 0.01015
8.0333 0.01048
8.05 0.01082
8.0667 0.01116
8.0833 0.01152
8.1 0.01188
8.1167 0.01224
8.1333 0.01262
8.15 0.013
8.1667 0.01339
8.1833 0.01379
8.2 0.01419
8.2167 0.0146
8.2333 0.01502
8.25 0.01545
8.2667 0.01588
8.2833 0.01632
8.3 0.01677
8.3167 0.01723
8.3333 0.01769
8.35 0.01817
8.3667 0.01865
8.3833 0.01914
8.4 0.01963
8.4167 0.02014
8.4333 0.02065
8.45 0.02117
8.4667 0.0217
8.4833 0.02224
8.5 0.02278
8.5167 0.02333
8.5333 0.02389
8.55 0.02446
8.5667 0.02504
8.5833 0.02562
8.6 0.02621
8.6167 0.02681
8.6333 0.02742
8.65 0.02804
8.6667 0.02866
8.6833 0.02929
8.7 0.02994
8.7167 0.03058
8.7333 0.03124
8.75 0.03191
8.7667 0.03258
8.7833 0.03326
8.8 0.03395
8.8167 0.03464
8.8333 0.03535
8.85 0.03606
8.8667 0.03678
8.8833 0.03751
8.9 0.03824
8.9167 0.03899
8.9333 0.03974
8.95 0.04049
8.9667 0.04126
8.9833 0.04203
9.0 0.04281
9.0167 0.0436
9.0333 0.0444
9.05 0.0452
9.0667 0.04601
9.0833 0.04683
9.1 0.04765
9.1167 0.04849
9.1333 0.04933
9.15 0.05017
9.1667 0.05102
9.1833 0.05188
9.2 0.05275
9.2167 0.05362
9.2333 0.0545
9.25 0.05539
9.2667 0.05628
9.2833 0.05718
9.3 0.05809
9.3167 0.059
9.3333 0.05992
9.35 0.06084
9.3667 0.06177
9.3833 0.06271
9.4 0.06365
9.4167 0.0646
9.4333 0.06555
9.45 0.06651
9.4667 0.06748
9.4833 0.06845
9.5 0.06942
9.5167 0.0704
9.5333 0.07139
9.55 0.07238
9.5667 0.07337
9.5833 0.07438
9.6 0.07538
9.6167 0.07639
9.6333 0.0774
9.65 0.07842
9.6667 0.07945
9.6833 0.08047
9.7 0.08151
9.7167 0.08254
9.7333 0.08358
9.75 0.08462
9.7667 0.08567
9.7833 0.08672
9.8 0.08777
9.8167 0.08883
9.8333 0.08989
9.85 0.09095
9.8667 0.09202
9.8833 0.09309
9.9 0.09416
9.9167 0.09523
9.9333 0.09631
9.95 0.09739
9.9667 0.09847
9.9833 0.09955
10.0 0.1006
10.0167 0.1017
10.0333 0.1028
10.05 0.1039
10.0667 0.105
10.0833 0.1061
10.1 0.1072
10.1167 0.1083
10.1333 0.1094
10.15 0.1105
10.1667 0.1116
10.1833 0.1127
10.2 0.1138
10.2167 0.1149
10.2333 0.116
10.25 0.1171
10.2667 0.1182
10.2833 0.1193
10.3 0.1204
10.3167 0.1215
10.3333 0.1225
10.35 0.1236
10.3667 0.1247
10.3833 0.1258
10.4 0.1269
10.4167 0.128
10.4333 0.1291
10.45 0.1302
10.4667 0.1313
10.4833 0.1324
10.5 0.1335
10.5167 0.1345
10.5333 0.1356
10.55 0.1367
10.5667 0.1378
10.5833 0.1388
10.6 0.1399
10.6167 0.1409
10.6333 0.142
10.65 0.1431
10.6667 0.1442
10.6833 0.1452
10.7 0.1462
10.7167 0.1473
10.7333 0.1483
10.75 0.1494
10.7667 0.1504
10.7833 0.1514
10.8 0.1525
10.8167 0.1535
10.8333 0.1545
10.85 0.1555
10.8667 0.1565
10.8833 0.1575
10.9 0.1585
10.9167 0.1595
10.9333 0.1605
10.95 0.1615
10.9667 0.1625
10.9833 0.1634
11.0 0.1644
11.0167 0.1654
11.0333 0.1663
11.05 0.1673
11.0667 0.1682
11.0833 0.1691
11.1 0.1701
11.1167 0.171
11.1333 0.1719
11.15 0.1728
11.1667 0.1737
11.1833 0.1746
11.2 0.1755
11.2167 0.1763
11.2333 0.1772
11.25 0.178
11.2667 0.1789
11.2833 0.1798
11.3 0.1806
11.3167 0.1815
11.3333 0.1823
11.35 0.1831
11.3667 0.1839
11.3833 0.1847
11.4 0.1855
11.4167 0.1862
11.4333 0.187
11.45 0.1877
11.4667 0.1885
11.4833 0.1892
11.5 0.19
11.5167 0.1908
11.5333 0.1915
11.55 0.1922
11.5667 0.1929
11.5833 0.1935
11.6 0.1942
11.6167 0.1949
11.6333 0.1956
11.65 0.1961
11.6667 0.1969
11.6833 0.1975
11.7 0.1981
11.7167 0.1987
11.7333 0.1993
11.75 0.1999
11.7667 0.2005
11.7833 0.2011
11.8 0.2016
11.8167 0.2022
11.8333 0.2027
11.85 0.2032
11.8667 0.2037
11.8833 0.2042
11.9 0.2047
11.9167 0.2052
11.9333 0.2057
11.95 0.2061
11.9667 0.2066
11.9833 0.207
12.0 0.2074
12.0167 0.2079
12.0333 0.2082
12.05 0.2086
12.0667 0.209
12.0833 0.2094
12.1 0.2098
12.1167 0.2101
12.1333 0.2104
12.15 0.2108
12.1667 0.2111
12.1833 0.2113
12.2 0.2116
12.2167 0.2118
12.2333 0.2122
12.25 0.2124
12.2667 0.2127
12.2833 0.2129
12.3 0.2131
12.3167 0.2133
12.3333 0.2135
12.35 0.2137
12.3667 0.2138
12.3833 0.214
12.4 0.2141
12.4167 0.2142
12.4333 0.2143
12.45 0.2145
12.4667 0.2145
12.4833 0.2146
12.5 0.2147
12.5167 0.2147
12.5333 0.2148
12.55 0.2148
12.5667 0.2148
12.5833 0.2148
12.6 0.2148
12.6167 0.2148
12.6333 0.2148
12.65 0.2147
12.6667 0.2147
12.6833 0.2146
12.7 0.2145
12.7167 0.2144
12.7333 0.2143
12.75 0.2142
12.7667 0.2141
12.7833 0.2139
12.8 0.2137
12.8167 0.2136
12.8333 0.2134
12.85 0.2132
12.8667 0.213
12.8833 0.2128
12.9 0.2126
12.9167 0.2123
12.9333 0.2119
12.95 0.2118
12.9667 0.2114
12.9833 0.2112
13.0 0.2109
13.0167 0.2105
13.0333 0.2103
13.05 0.2099
13.0667 0.2096
13.0833 0.2092
13.1 0.2089
13.1167 0.2085
13.1333 0.2081
13.15 0.2077
13.1667 0.2072
13.1833 0.2068
13.2 0.2064
13.2167 0.2059
13.2333 0.2055
13.25 0.205
13.2667 0.2045
13.2833 0.204
13.3 0.2035
13.3167 0.203
13.3333 0.2025
13.35 0.2019
13.3667 0.2014
13.3833 0.2008
13.4 0.2002
13.4167 0.1996
13.4333 0.199
13.45 0.1984
13.4667 0.1978
13.4833 0.1972
13.5 0.1966
13.5167 0.1959
13.5333 0.1953
13.55 0.1946
13.5667 0.1939
13.5833 0.1933
13.6 0.1926
13.6167 0.1919
13.6333 0.1911
13.65 0.1904
13.6667 0.1897
13.6833 0.1889
13.7 0.1882
13.7167 0.1874
13.7333 0.1867
13.75 0.1859
13.7667 0.1851
13.7833 0.1843
13.8 0.1835
13.8167 0.1827
13.8333 0.1819
13.85 0.1811
13.8667 0.1802
13.8833 0.1794
13.9 0.1785
13.9167 0.1777
13.9333 0.1768
13.95 0.1759
13.9667 0.1751
13.9833 0.1742
14.0 0.1733
14.0167 0.1724
14.0333 0.1715
14.05 0.1705
14.0667 0.1696
14.0833 0.1687
14.1 0.1678
14.1167 0.1668
14.1333 0.1659
14.15 0.1649
14.1667 0.1639
14.1833 0.163
14.2 0.162
14.2167 0.161
14.2333 0.16
14.25 0.1591
14.2667 0.1581
14.2833 0.1571
14.3 0.1561
14.3167 0.1551
14.3333 0.154
14.35 0.153
14.3667 0.152
14.3833 0.151
14.4 0.1499
14.4167 0.1489
14.4333 0.1479
14.45 0.1468
14.4667 0.1458
14.4833 0.1447
14.5 0.1436
14.5167 0.1426
14.5333 0.1415
14.55 0.1405
14.5667 0.1394
14.5833 0.1383
14.6 0.1372
14.6167 0.1362
14.6333 0.1351
14.65 0.134
14.6667 0.133
14.6833 0.1319
14.7 0.1308
14.7167 0.1297
14.7333 0.1286
14.75 0.1275
14.7667 0.1264
14.7833 0.1253
14.8 0.1242
14.8167 0.1231
14.8333 0.122
14.85 0.1209
14.8667 0.1198
14.8833 0.1187
14.9 0.1176
14.9167 0.1166
14.9333 0.1155
14.95 0.1144
14.9667 0.1133
14.9833 0.1122
15.0 0.1111
15.0167 0.11
15.0333 0.1089
15.05 0.1078
15.0667 0.1067
15.0833 0.1056
15.1 0.1045
15.1167 0.1034
15.1333 0.1023
15.15 0.1012
15.1667 0.1001
15.1833 0.09905
15.2 0.09797
15.2167 0.09689
15.2333 0.09581
15.25 0.09473
15.2667 0.09366
15.2833 0.09259
15.3 0.09152
15.3167 0.09046
15.3333 0.0894
15.35 0.08834
15.3667 0.08728
15.3833 0.08623
15.4 0.08518
15.4167 0.08414
15.4333 0.0831
15.45 0.08206
15.4667 0.08103
15.4833 0.08
15.5 0.07897
15.5167 0.07795
15.5333 0.07693
15.55 0.07592
15.5667 0.07491
15.5833 0.07391
15.6 0.07291
15.6167 0.07192
15.6333 0.07093
15.65 0.06995
15.6667 0.06897
15.6833 0.06799
15.7 0.06703
15.7167 0.06607
15.7333 0.06511
15.75 0.06416
15.7667 0.06321
15.7833 0.06227
15.8 0.06134
15.8167 0.06041
15.8333 0.05949
15.85 0.05857
15.8667 0.05766
15.8833 0.05676
15.9 0.05587
15.9167 0.05498
15.9333 0.05409
15.95 0.05322
15.9667 0.05235
15.9833 0.05148
16.0 0.05063
16.0167 0.04978
16.0333 0.04893
16.05 0.0481
16.0667 0.04727
16.0833 0.04645
16.1 0.04563
16.1167 0.04483
16.1333 0.04403
16.15 0.04323
16.1667 0.04245
16.1833 0.04167
16.2 0.0409
16.2167 0.04014
16.2333 0.03939
16.25 0.03864
16.2667 0.0379
16.2833 0.03717
16.3 0.03644
16.3167 0.03573
16.3333 0.03502
16.35 0.03432
16.3667 0.03363
16.3833 0.03294
16.4 0.03226
16.4167 0.0316
16.4333 0.03093
16.45 0.03028
16.4667 0.02964
16.4833 0.029
16.5 0.02837
16.5167 0.02775
16.5333 0.02714
16.55 0.02653
16.5667 0.02594
16.5833 0.02535
16.6 0.02477
16.6167 0.02419
16.6333 0.02363
16.65 0.02307
16.6667 0.02252
16.6833 0.02198
16.7 0.02145
16.7167 0.02093
16.7333 0.02041
16.75 0.0199
16.7667 0.0194
16.7833 0.01891
16.8 0.01842
16.8167 0.01795
16.8333 0.01748
16.85 0.01702
16.8667 0.01656
16.8833 0.01612
16.9 0.01568
16.9167 0.01525
16.9333 0.01482
16.95 0.01441
16.9667 0.014
16.9833 0.0136
17.0 0.01321
17.0167 0.01282
17.0333 0.01244
17.05 0.01207
17.0667 0.01171
17.0833 0.01135
17.1 0.011
17.1167 0.01066
17.1333 0.01032
17.15 0.009995
17.1667 0.009673
17.1833 0.009358
17.2 0.009049
17.2167 0.008748
17.2333 0.008453
17.25 0.008164
17.2667 0.007881
17.2833 0.007605
17.3 0.007336
17.3167 0.007073
17.3333 0.006815
17.35 0.006564
17.3667 0.006319
17.3833 0.00608
17.4 0.005846
17.4167 0.005619
17.4333 0.005397
17.45 0.00518
17.4667 0.004969
17.4833 0.004763
17.5 0.004564
17.5167 0.004369
17.5333 0.004179
17.55 0.003994
17.5667 0.003815
17.5833 0.00364
17.6 0.00347
17.6167 0.003305
17.6333 0.003145
17.65 0.002989
17.6667 0.002838
17.6833 0.002692
17.7 0.002549
17.7167 0.002412
17.7333 0.002278
17.75 0.002149
17.7667 0.002024
17.7833 0.001903
17.8 0.001786
17.8167 0.001673
17.8333 0.001564
17.85 0.001459
17.8667 0.001358
17.8833 0.001261
17.9 0.001168
17.9167 0.001079
17.9333 0.0009939
17.95 0.000913
17.9667 0.0008364
17.9833 0.0007643
18.0 0.0006918
18.0167 0.0006157
18.0333 0.0005508
18.05 0.000496
18.0667 0.0004494
18.0833 0.0003915
18.1 0.0003507
18.1167 0.0003034
18.1333 0.0002645
18.15 0.0002334
18.1667 0.0001997
18.1833 0.0001704
18.2 0.0001448
18.2167 0.0001196
18.2333 9.971e-05
18.25 8.328e-05
18.2667 6.741e-05
18.2833 5.54e-05
18.3 4.406e-05
18.3167 3.491e-05
18.3333 2.749e-05
18.35 2.138e-05
18.3667 1.635e-05
18.3833 1.233e-05
18.4 9.177e-06
18.4167 6.733e-06
18.4333 4.673e-06
18.45 3.203e-06
18.4667 2.033e-06
18.4833 1.248e-06
18.5 7.479e-07
18.5167 4.373e-07
18.5333 2.447e-07
18.55 1.252e-07
18.5667 5.552e-08
18.5833 1.906e-08
18.6 3.456e-09
18.6167 2.761e-10
18.6333 8.421e-12
18.65 7.159e-14
18.6667 8.943e-17
18.6833 0.0
18.7 0.0
18.7167 0.0
18.7333 0.0
18.75 0.0
18.7667 0.0
18.7833 0.0
18.8 0.0
18.8167 0.0
18.8333 0.0
18.85 0.0
18.8667 0.0
18.8833 0.0
18.9 0.0
18.9167 0.0
18.9333 0.0
18.95 0.0
18.9667 0.0
18.9833 0.0
19.0 0.0
19.0167 0.0
19.0333 0.0
19.05 0.0
19.0667 0.0
19.0833 0.0
19.1 0.0
19.1167 0.0
19.1333 0.0
19.15 0.0
19.1667 0.0
19.1833 0.0
19.2 0.0
19.2167 0.0
19.2333 0.0
19.25 0.0
19.2667 0.0
19.2833 0.0
19.3 0.0
19.3167 0.0
19.3333 0.0
19.35 0.0
19.3667 0.0
19.3833 0.0
19.4 0.0
19.4167 0.0
19.4333 0.0
19.45 0.0
19.4667 0.0
19.4833 0.0
19.5 0.0
19.5167 0.0
19.5333 0.0
19.55 0.0
19.5667 0.0
19.5833 0.0
19.6 0.0
19.6167 0.0
19.6333 0.0
19.65 0.0
19.6667 0.0
19.6833 0.0
19.7 0.0
19.7167 0.0
19.7333 0.0
19.75 0.0
19.7667 0.0
19.7833 0.0
19.8 0.0
19.8167 0.0
19.8333 0.0
19.85 0.0
19.8667 0.0
19.8833 0.0
19.9 0.0
19.9167 0.0
19.9333 0.0
19.95 0.0
19.9667 0.0
19.9833 0.0
20.0 0.0
20.0167 0.0
20.0333 0.0
20.05 0.0
20.0667 0.0
20.0833 0.0
20.1 0.0
20.1167 0.0
20.1333 0.0
20.15 0.0
20.1667 0.0
20.1833 0.0
20.2 0.0
20.2167 0.0
20.2333 0.0
20.25 0.0
20.2667 0.0
20.2833 0.0
20.3 0.0
20.3167 0.0
20.3333 0.0
20.35 0.0
20.3667 0.0
20.3833 0.0
20.4 0.0
20.4167 0.0
20.4333 0.0
20.45 0.0
20.4667 0.0
20.4833 0.0
20.5 0.0
20.5167 0.0
20.5333 0.0
20.55 0.0
20.5667 0.0
20.5833 0.0
20.6 0.0
20.6167 0.0
20.6333 0.0
20.65 0.0
20.6667 0.0
20.6833 0.0
20.7 0.0
20.7167 0.0
20.7333 0.0
20.75 0.0
20.7667 0.0
20.7833 0.0
20.8 0.0
20.8167 0.0
20.8333 0.0
20.85 0.0
20.8667 0.0
20.8833 0.0
20.9 0.0
20.9167 0.0
20.9333 0.0
20.95 0.0
20.9667 0.0
20.9833 0.0
21.0 0.0
21.0167 0.0
21.0333 0.0
21.05 0.0
21.0667 0.0
21.0833 0.0
21.1 0.0
21.1167 0.0
21.1333 0.0
21.15 0.0
21.1667 0.0
21.1833 0.0
21.2 0.0
21.2167 0.0
21.2333 0.0
21.25 0.0
21.2667 0.0
21.2833 0.0
21.3 0.0
21.3167 0.0
21.3333 0.0
21.35 0.0
21.3667 0.0
21.3833 0.0
21.4 0.0
21.4167 0.0
21.4333 0.0
21.45 0.0
21.4667 0.0
21.4833 0.0
21.5 0.0
21.5167 0.0
21.5333 0.0
21.55 0.0
21.5667 0.0
21.5833 0.0
21.6 0.0
21.6167 0.0
21.6333 0.0
21.65 0.0
21.6667 0.0
21.6833 0.0
21.7 0.0
21.7167 0.0
21.7333 0.0
21.75 0.0
21.7667 0.0
21.7833 0.0
21.8 0.0
21.8167 0.0
21.8333 0.0
21.85 0.0
21.8667 0.0
21.8833 0.0
21.9 0.0
21.9167 0.0
21.9333 0.0
21.95 0.0
21.9667 0.0
21.9833 0.0
22.0 0.0
22.0167 0.0
22.0333 0.0
22.05 0.0
22.0667 0.0
22.0833 0.0
22.1 0.0
22.1167 0.0
22.1333 0.0
22.15 0.0
22.1667 0.0
22.1833 0.0
22.2 0.0
22.2167 0.0
22.2333 0.0
22.25 0.0
22.2667 0.0
22.2833 0.0
22.3 0.0
22.3167 0.0
22.3333 0.0
22.35 0.0
22.3667 0.0
22.3833 0.0
22.4 0.0
22.4167 0.0
22.4333 0.0
22.45 0.0
22.4667 0.0
22.4833 0.0
22.5 0.0
22.5167 0.0
22.5333 0.0
22.55 0.0
22.5667 0.0
22.5833 0.0
22.6 0.0
22.6167 0.0
22.6333 0.0
22.65 0.0
22.6667 0.0
22.6833 0.0
22.7 0.0
22.7167 0.0
22.7333 0.0
22.75 0.0
22.7667 0.0
22.7833 0.0
22.8 0.0
22.8167 0.0
22.8333 0.0
22.85 0.0
22.8667 0.0
22.8833 0.0
22.9 0.0
22.9167 0.0
22.9333 0.0
22.95 0.0
22.9667 0.0
22.9833 0.0
23.0 0.0
23.0167 0.0
23.0333 0.0
23.05 0.0
23.0667 0.0
23.0833 0.0
23.1 0.0
23.1167 0.0
23.1333 0.0
23.15 0.0
23.1667 0.0
23.1833 0.0
23.2 0.0
23.2167 0.0
23.2333 0.0
23.25 0.0
23.2667 0.0
23.2833 0.0
23.3 0.0
23.3167 0.0
23.3333 0.0
23.35 0.0
23.3667 0.0
23.3833 0.0
23.4 0.0
23.4167 0.0
23.4333 0.0
23.45 0.0
23.4667 0.0
23.4833 0.0
23.5 0.0
23.5167 0.0
23.5333 0.0
23.55 0.0
23.5667 0.0
23.5833 0.0
23.6 0.0
23.6167 0.0
23.6333 0.0
23.65 0.0
23.6667 0.0
23.6833 0.0
23.7 0.0
23.7167 0.0
23.7333 0.0
23.75 0.0
23.7667 0.0
23.7833 0.0
23.8 0.0
23.8167 0.0
23.8333 0.0
23.85 0.0
23.8667 0.0
23.8833 0.0
23.9 0.0
23.9167 0.0
23.9333 0.0
23.95 0.0
23.9667 0.0
23.9833 0.0
