0.0 0.0
0.0167 0.0
0.0333 0.0
0.05 0.0
0.0667 0.0
0.0833 0.0
0.1 0.0
0.1167 0.0
0.1333 0.0
0.15 0.0
0.1667 0.0
0.1833 0.0
0.2 0.0
0.2167 0.0
0.2333 0.0
0.25 0.0
0.2667 0.0
0.2833 0.0
0.3 0.0
0.3167 0.0
0.3333 0.0
0.35 0.0
0.3667 0.0
0.3833 0.0
0.4 0.0
0.4167 0.0
0.4333 0.0
0.45 0.0
0.4667 0.0
0.4833 0.0
0.5 0.0
0.5167 0.0
0.5333 0.0
0.55 0.0
0.5667 0.0
0.5833 0.0
0.6 0.0
0.6167 0.0
0.6333 0.0
0.65 0.0
0.6667 0.0
0.6833 0.0
0.7 0.0
0.7167 0.0
0.7333 0.0
0.75 0.0
0.7667 0.0
0.7833 0.0
0.8 0.0
0.8167 0.0
0.8333 0.0
0.85 0.0
0.8667 0.0
0.8833 0.0
0.9 0.0
0.9167 0.0
0.9333 0.0
0.95 0.0
0.9667 0.0
0.9833 0.0
1.0 0.0
1.0167 0.0
1.0333 0.0
1.05 0.0
1.0667 0.0
1.0833 0.0
1.1 0.0
1.1167 0.0
1.1333 0.0
1.15 0.0
1.1667 0.0
1.1833 0.0
1.2 0.0
1.2167 0.0
1.2333 0.0
1.25 0.0
1.2667 0.0
1.2833 0.0
1.3 0.0
1.3167 0.0
1.3333 0.0
1.35 0.0
1.3667 0.0
1.3833 0.0
1.4 0.0
1.4167 0.0
1.4333 0.0
1.45 0.0
1.4667 0.0
1.4833 0.0
1.5 0.0
1.5167 0.0
1.5333 0.0
1.55 0.0
1.5667 0.0
1.5833 0.0
1.6 0.0
1.6167 0.0
1.6333 0.0
1.65 0.0
1.6667 0.0
1.6833 0.0
1.7 0.0
1.7167 0.0
1.7333 0.0
1.75 0.0
1.7667 0.0
1.7833 0.0
1.8 0.0
1.8167 0.0
1.8333 0.0
1.85 0.0
1.8667 0.0
1.8833 0.0
1.9 0.0
1.9167 0.0
1.9333 0.0
1.95 0.0
1.9667 0.0
1.9833 0.0
2.0 0.0
2.0167 0.0
2.0333 0.0
2.05 0.0
2.0667 0.0
2.0833 0.0
2.1 0.0
2.1167 0.0
2.1333 0.0
2.15 0.0
2.1667 0.0
2.1833 0.0
2.2 0.0
2.2167 0.0
2.2333 0.0
2.25 0.0
2.2667 0.0
2.2833 0.0
2.3 0.0
2.3167 0.0
2.3333 0.0
2.35 0.0
2.3667 0.0
2.3833 0.0
2.4 0.0
2.4167 0.0
2.4333 0.0
2.45 0.0
2.4667 0.0
2.4833 0.0
2.5 0.0
2.5167 0.0
2.5333 0.0
2.55 0.0
2.5667 0.0
2.5833 0.0
2.6 0.0
2.6167 0.0
2.6333 0.0
2.65 0.0
2.6667 0.0
2.6833 0.0
2.7 0.0
2.7167 0.0
2.7333 0.0
2.75 0.0
2.7667 0.0
2.7833 0.0
2.8 0.0
2.8167 0.0
2.8333 0.0
2.85 0.0
2.8667 0.0
2.8833 0.0
2.9 0.0
2.9167 0.0
2.9333 0.0
2.95 0.0
2.9667 0.0
2.9833 0.0
3.0 0.0
3.0167 0.0
3.0333 0.0
3.05 0.0
3.0667 0.0
3.0833 0.0
3.1 0.0
3.1167 0.0
3.1333 0.0
3.15 0.0
3.1667 0.0
3.1833 0.0
3.2 0.0
3.2167 0.0
3.2333 0.0
3.25 0.0
3.2667 0.0
3.2833 0.0
3.3 0.0
3.3167 0.0
3.3333 0.0
3.35 0.0
3.3667 0.0
3.3833 0.0
3.4 0.0
3.4167 0.0
3.4333 0.0
3.45 0.0
3.4667 0.0
3.4833 0.0
3.5 0.0
3.5167 0.0
3.5333 0.0
3.55 0.0
3.5667 0.0
3.5833 0.0
3.6 0.0
3.6167 0.0
3.6333 0.0
3.65 0.0
3.6667 0.0
3.6833 0.0
3.7 0.0
3.7167 0.0
3.7333 0.0
3.75 0.0
3.7667 0.0
3.7833 0.0
3.8 0.0
3.8167 0.0
3.8333 0.0
3.85 0.0
3.8667 0.0
3.8833 0.0
3.9 0.0
3.9167 0.0
3.9333 0.0
3.95 0.0
3.9667 0.0
3.9833 0.0
4.0 0.0
4.0167 0.0
4.0333 0.0
4.05 0.0
4.0667 0.0
4.0833 0.0
4.1 0.0
4.1167 0.0
4.1333 0.0
4.15 0.0
4.1667 0.0
4.1833 0.0
4.2 0.0
4.2167 0.0
4.2333 0.0
4.25 0.0
4.2667 0.0
4.2833 0.0
4.3 0.0
4.3167 0.0
4.3333 0.0
4.35 0.0
4.3667 0.0
4.3833 0.0
4.4 0.0
4.4167 0.0
4.4333 0.0
4.45 0.0
4.4667 0.0
4.4833 0.0
4.5 0.0
4.5167 0.0
4.5333 0.0
4.55 0.0
4.5667 0.0
4.5833 0.0
4.6 0.0
4.6167 0.0
4.6333 0.0
4.65 0.0
4.6667 0.0
4.6833 0.0
4.7 0.0
4.7167 0.0
4.7333 0.0
4.75 0.0
4.7667 0.0
4.7833 0.0
4.8 0.0
4.8167 0.0
4.8333 0.0
4.85 0.0
4.8667 0.0
4.8833 0.0
4.9 0.0
4.9167 0.0
4.9333 0.0
4.95 0.0
4.9667 0.0
4.9833 0.0
5.0 0.0
5.0167 0.0
5.0333 0.0
5.05 0.0
5.0667 0.0
5.0833 0.0
5.1 0.0
5.1167 0.0
5.1333 0.0
5.15 0.0
5.1667 0.0
5.1833 0.0
5.2 0.0
5.2167 0.0
5.2333 0.0
5.25 0.0
5.2667 0.0
5.2833 0.0
5.3 0.0
5.3167 0.0
5.3333 0.0
5.35 0.0
5.3667 0.0
5.3833 0.0
5.4 0.0
5.4167 0.0
5.4333 0.0
5.45 0.0
5.4667 0.0
5.4833 0.0
5.5 0.0
5.5167 0.0
5.5333 0.0
5.55 0.0
5.5667 0.0
5.5833 0.0
5.6 0.0
5.6167 0.0
5.6333 0.0
5.65 0.0
5.6667 0.0
5.6833 0.0
5.7 0.0
5.7167 4.916e-18
5.7333 1.38e-14
5.75 2.743e-12
5.7667 1.316e-10
5.7833 2.099e-09
5.8 1.398e-08
5.8167 4.573e-08
5.8333 1.049e-07
5.85 2.06e-07
5.8667 3.749e-07
5.8833 6.492e-07
5.9 1.088e-06
5.9167 1.746e-06
5.9333 2.721e-06
5.95 4.083e-06
5.9667 5.745e-06
5.9833 8.071e-06
6.0 1.083e-05
6.0167 1.439e-05
6.0333 1.89e-05
6.05 2.449e-05
6.0667 3.137e-05
6.0833 3.986e-05
6.1 5.042e-05
6.1167 6.171e-05
6.1333 7.661e-05
6.15 9.227e-05
6.1667 0.0001114
6.1833 0.0001355
6.2 0.0001602
6.2167 0.0001888
6.2333 0.000217
6.25 0.0002502
6.2667 0.0002905
6.2833 0.0003293
6.3 0.0003773
6.3167 0.0004207
6.3333 0.0004724
6.35 0.0005342
6.3667 0.0006015
6.3833 0.0006633
6.4 0.0007296
6.4167 0.0008
6.4333 0.0008743
6.45 0.0009524
6.4667 0.001035
6.4833 0.00112
6.5 0.001209
6.5167 0.001303
6.5333 0.0014
6.55 0.0015
6.5667 0.001605
6.5833 0.001713
6.6 0.001826
6.6167 0.001942
6.6333 0.002063
6.65 0.002188
6.6667 0.002316
6.6833 0.00245
6.7 0.002587
6.7167 0.002729
6.7333 0.002876
6.75 0.003027
6.7667 0.003183
6.7833 0.003344
6.8 0.00351
6.8167 0.00368
6.8333 0.003856
6.85 0.004037
6.8667 0.004224
6.8833 0.004416
6.9 0.004613
6.9167 0.004816
6.9333 0.005025
6.95 0.005239
6.9667 0.00546
6.9833 0.005686
7.0 0.005919
7.0167 0.006157
7.0333 0.006403
7.05 0.006654
7.0667 0.006912
7.0833 0.007177
7.1 0.007449
7.1167 0.007727
7.1333 0.008012
7.15 0.008305
7.1667 0.008604
7.1833 0.00891
7.2 0.009224
7.2167 0.009546
7.2333 0.009875
7.25 0.01021
7.2667 0.01056
7.2833 0.01091
7.3 0.01127
7.3167 0.01163
7.3333 0.01201
7.35 0.01239
7.3667 0.01279
7.3833 0.01319
7.4 0.0136
7.4167 0.01401
7.4333 0.01444
7.45 0.01487
7.4667 0.01532
7.4833 0.01577
7.5 0.01623
7.5167 0.0167
7.5333 0.01718
7.55 0.01767
7.5667 0.01816
7.5833 0.01867
7.6 0.01918
7.6167 0.01971
7.6333 0.02024
7.65 0.02079
7.6667 0.02134
7.6833 0.0219
7.7 0.02247
7.7167 0.02306
7.7333 0.02365
7.75 0.02425
7.7667 0.02486
7.7833 0.02548
7.8 0.02611
7.8167 0.02675
7.8333 0.0274
7.85 0.02807
7.8667 0.02874
7.8833 0.02942
7.9 0.03011
7.9167 0.03081
7.9333 0.03152
7.95 0.03224
7.9667 0.03298
7.9833 0.03372
8.0 0.03447
8.0167 0.03523
8.0333 0.03601
8.05 0.03679
8.0667 0.03758
8.0833 0.03839
8.1 0.0392
8.1167 0.04003
8.1333 0.04086
8.15 0.04171
8.1667 0.04256
8.1833 0.04343
8.2 0.04431
8.2167 0.04519
8.2333 0.04609
8.25 0.047
8.2667 0.04792
8.2833 0.04885
8.3 0.04979
8.3167 0.05073
8.3333 0.05169
8.35 0.05266
8.3667 0.05364
8.3833 0.05463
8.4 0.05563
8.4167 0.05664
8.4333 0.05766
8.45 0.05869
8.4667 0.05973
8.4833 0.06079
8.5 0.06185
8.5167 0.06292
8.5333 0.064
8.55 0.06509
8.5667 0.06619
8.5833 0.0673
8.6 0.06841
8.6167 0.06954
8.6333 0.07068
8.65 0.07183
8.6667 0.07299
8.6833 0.07415
8.7 0.07533
8.7167 0.07652
8.7333 0.07771
8.75 0.07891
8.7667 0.08013
8.7833 0.08135
8.8 0.08258
8.8167 0.08382
8.8333 0.08507
8.85 0.08633
8.8667 0.08759
8.8833 0.08887
8.9 0.09015
8.9167 0.09144
8.9333 0.09274
8.95 0.09404
8.9667 0.09536
8.9833 0.09666
9.0 0.09801
9.0167 0.09936
9.0333 0.1007
9.05 0.1021
9.0667 0.1034
9.0833 0.1048
9.1 0.1062
9.1167 0.1076
9.1333 0.1089
9.15 0.1103
9.1667 0.1118
9.1833 0.1132
9.2 0.1145
9.2167 0.116
9.2333 0.1174
9.25 0.1189
9.2667 0.1203
9.2833 0.1217
9.3 0.1232
9.3167 0.1247
9.3333 0.1262
9.35 0.1276
9.3667 0.1291
9.3833 0.1306
9.4 0.1321
9.4167 0.1336
9.4333 0.1351
9.45 0.1366
9.4667 0.1381
9.4833 0.1396
9.5 0.1412
9.5167 0.1427
9.5333 0.1442
9.55 0.1458
9.5667 0.1473
9.5833 0.1488
9.6 0.1504
9.6167 0.1519
9.6333 0.1535
9.65 0.1551
9.6667 0.1566
9.6833 0.1582
9.7 0.1597
9.7167 0.1613
9.7333 0.1628
9.75 0.1645
9.7667 0.1659
9.7833 0.1676
9.8 0.1692
9.8167 0.1708
9.8333 0.1723
9.85 0.1739
9.8667 0.1755
9.8833 0.1771
9.9 0.1787
9.9167 0.1803
9.9333 0.1819
9.95 0.1835
9.9667 0.1851
9.9833 0.1867
10.0 0.1883
10.0167 0.1898
10.0333 0.1915
10.05 0.1931
10.0667 0.1947
10.0833 0.1962
10.1 0.1979
10.1167 0.1994
10.1333 0.2011
10.15 0.2027
10.1667 0.2042
10.1833 0.2058
10.2 0.2074
10.2167 0.209
10.2333 0.2106
10.25 0.2122
10.2667 0.2138
10.2833 0.2154
10.3 0.2169
10.3167 0.2185
10.3333 0.22
10.35 0.2217
10.3667 0.2232
10.3833 0.2248
10.4 0.2263
10.4167 0.2279
10.4333 0.2295
10.45 0.231
10.4667 0.2326
10.4833 0.2341
10.5 0.2356
10.5167 0.2372
10.5333 0.2387
10.55 0.2402
10.5667 0.2417
10.5833 0.2433
10.6 0.2448
10.6167 0.2463
10.6333 0.2478
10.65 0.2493
10.6667 0.2507
10.6833 0.2523
10.7 0.2537
10.7167 0.2551
10.7333 0.2567
10.75 0.2581
10.7667 0.2595
10.7833 0.261
10.8 0.2624
10.8167 0.2639
10.8333 0.2653
10.85 0.2665
10.8667 0.2682
10.8833 0.2696
10.9 0.271
10.9167 0.2723
10.9333 0.2737
10.95 0.2751
10.9667 0.2764
10.9833 0.2778
11.0 0.2792
11.0167 0.2805
11.0333 0.2818
11.05 0.2832
11.0667 0.2845
11.0833 0.2858
11.1 0.2871
11.1167 0.2884
11.1333 0.2895
11.15 0.2909
11.1667 0.2922
11.1833 0.2934
11.2 0.2946
11.2167 0.2959
11.2333 0.2971
11.25 0.2983
11.2667 0.2995
11.2833 0.3007
11.3 0.3019
11.3167 0.303
11.3333 0.3042
11.35 0.3053
11.3667 0.3063
11.3833 0.3076
11.4 0.3087
11.4167 0.3097
11.4333 0.3109
11.45 0.3119
11.4667 0.313
11.4833 0.3138
11.5 0.3148
11.5167 0.3161
11.5333 0.3171
11.55 0.3181
11.5667 0.3191
11.5833 0.3201
11.6 0.3209
11.6167 0.322
11.6333 0.3229
11.65 0.3239
11.6667 0.3246
11.6833 0.3257
11.7 0.3265
11.7167 0.3274
11.7333 0.3283
11.75 0.3291
11.7667 0.33
11.7833 0.3308
11.8 0.3316
11.8167 0.3324
11.8333 0.3332
11.85 0.3338
11.8667 0.3347
11.8833 0.3354
11.9 0.3361
11.9167 0.3368
11.9333 0.3375
11.95 0.3382
11.9667 0.3389
11.9833 0.3395
12.0 0.3401
12.0167 0.3408
12.0333 0.3414
12.05 0.3419
12.0667 0.3425
12.0833 0.3431
12.1 0.3436
12.1167 0.3442
12.1333 0.3447
12.15 0.3452
12.1667 0.3457
12.1833 0.3461
12.2 0.3466
12.2167 0.347
12.2333 0.3475
12.25 0.3479
12.2667 0.3483
12.2833 0.3486
12.3 0.349
12.3167 0.3493
12.3333 0.3497
12.35 0.35
12.3667 0.3503
12.3833 0.3506
12.4 0.3508
12.4167 0.3511
12.4333 0.3513
12.45 0.3516
12.4667 0.3518
12.4833 0.3519
12.5 0.3521
12.5167 0.3522
12.5333 0.3523
12.55 0.3523
12.5667 0.3525
12.5833 0.3526
12.6 0.3527
12.6167 0.3528
12.6333 0.3529
12.65 0.3529
12.6667 0.353
12.6833 0.353
12.7 0.3529
12.7167 0.3529
12.7333 0.3528
12.75 0.3527
12.7667 0.3526
12.7833 0.3525
12.8 0.3523
12.8167 0.3523
12.8333 0.3522
12.85 0.3521
12.8667 0.3519
12.8833 0.3517
12.9 0.3515
12.9167 0.3513
12.9333 0.3511
12.95 0.3508
12.9667 0.3505
12.9833 0.3502
13.0 0.3499
13.0167 0.3496
13.0333 0.3493
13.05 0.3489
13.0667 0.3486
13.0833 0.3482
13.1 0.3478
13.1167 0.3474
13.1333 0.347
13.15 0.3465
13.1667 0.3461
13.1833 0.3456
13.2 0.3451
13.2167 0.3446
13.2333 0.3441
13.25 0.3435
13.2667 0.343
13.2833 0.3424
13.3 0.3418
13.3167 0.3413
13.3333 0.3407
13.35 0.34
13.3667 0.3394
13.3833 0.3387
13.4 0.3381
13.4167 0.3374
13.4333 0.3367
13.45 0.336
13.4667 0.3353
13.4833 0.3345
13.5 0.3338
13.5167 0.333
13.5333 0.3322
13.55 0.3314
13.5667 0.3306
13.5833 0.3298
13.6 0.329
13.6167 0.3281
13.6333 0.3273
13.65 0.3264
13.6667 0.3255
13.6833 0.3244
13.7 0.3237
13.7167 0.3228
13.7333 0.3218
13.75 0.3208
13.7667 0.3199
13.7833 0.3189
13.8 0.3179
13.8167 0.3169
13.8333 0.3159
13.85 0.3146
13.8667 0.3137
13.8833 0.3128
13.9 0.3117
13.9167 0.3107
13.9333 0.3095
13.95 0.3085
13.9667 0.3074
13.9833 0.3062
14.0 0.3051
14.0167 0.304
14.0333 0.3028
14.05 0.3016
14.0667 0.3005
14.0833 0.2993
14.1 0.2981
14.1167 0.2968
14.1333 0.2957
14.15 0.2944
14.1667 0.2932
14.1833 0.2919
14.2 0.2907
14.2167 0.2892
14.2333 0.2881
14.25 0.2868
14.2667 0.2855
14.2833 0.2842
14.3 0.2829
14.3167 0.2816
14.3333 0.2803
14.35 0.2789
14.3667 0.2776
14.3833 0.2762
14.4 0.2748
14.4167 0.2735
14.4333 0.2721
14.45 0.2707
14.4667 0.2693
14.4833 0.2679
14.5 0.2665
14.5167 0.2651
14.5333 0.2636
14.55 0.2622
14.5667 0.2606
14.5833 0.2593
14.6 0.2579
14.6167 0.2564
14.6333 0.2549
14.65 0.2534
14.6667 0.252
14.6833 0.2505
14.7 0.249
14.7167 0.2475
14.7333 0.246
14.75 0.2445
14.7667 0.243
14.7833 0.2415
14.8 0.2399
14.8167 0.2384
14.8333 0.2369
14.85 0.2353
14.8667 0.2337
14.8833 0.2323
14.9 0.2307
14.9167 0.2291
14.9333 0.2276
14.95 0.226
14.9667 0.2245
14.9833 0.2228
15.0 0.2214
15.0167 0.2198
15.0333 0.2181
15.05 0.2166
15.0667 0.215
15.0833 0.2135
15.1 0.2119
15.1167 0.2103
15.1333 0.2087
15.15 0.2071
15.1667 0.2055
15.1833 0.2039
15.2 0.2023
15.2167 0.2008
15.2333 0.1992
15.25 0.1976
15.2667 0.196
15.2833 0.1944
15.3 0.1928
15.3167 0.1911
15.3333 0.1896
15.35 0.188
15.3667 0.1863
15.3833 0.1848
15.4 0.1832
15.4167 0.1816
15.4333 0.18
15.45 0.1784
15.4667 0.1768
15.4833 0.1752
15.5 0.1736
15.5167 0.172
15.5333 0.1705
15.55 0.1688
15.5667 0.1673
15.5833 0.1657
15.6 0.1641
15.6167 0.1625
15.6333 0.161
15.65 0.1594
15.6667 0.1578
15.6833 0.1563
15.7 0.1547
15.7167 0.1531
15.7333 0.1516
15.75 0.1501
15.7667 0.1485
15.7833 0.147
15.8 0.1454
15.8167 0.1439
15.8333 0.1424
15.85 0.1408
15.8667 0.1393
15.8833 0.1378
15.9 0.1363
15.9167 0.1348
15.9333 0.1333
15.95 0.1318
15.9667 0.1303
15.9833 0.1288
16.0 0.1273
16.0167 0.1259
16.0333 0.1244
16.05 0.1229
16.0667 0.1215
16.0833 0.12
16.1 0.1186
16.1167 0.1171
16.1333 0.1157
16.15 0.1143
16.1667 0.1129
16.1833 0.1114
16.2 0.11
16.2167 0.1086
16.2333 0.1072
16.25 0.1059
16.2667 0.1045
16.2833 0.1031
16.3 0.1018
16.3167 0.1004
16.3333 0.09904
16.35 0.09771
16.3667 0.09638
16.3833 0.09505
16.4 0.09374
16.4167 0.09243
16.4333 0.09114
16.45 0.08985
16.4667 0.08857
16.4833 0.08729
16.5 0.08603
16.5167 0.08477
16.5333 0.08353
16.55 0.08229
16.5667 0.08106
16.5833 0.07984
16.6 0.07863
16.6167 0.07742
16.6333 0.07623
16.65 0.07505
16.6667 0.07387
16.6833 0.07271
16.7 0.07155
16.7167 0.0704
16.7333 0.06927
16.75 0.06814
16.7667 0.06702
16.7833 0.06591
16.8 0.06482
16.8167 0.06373
16.8333 0.06265
16.85 0.06158
16.8667 0.06052
16.8833 0.05947
16.9 0.05844
16.9167 0.05741
16.9333 0.05639
16.95 0.05538
16.9667 0.05438
16.9833 0.05339
17.0 0.05242
17.0167 0.05145
17.0333 0.05049
17.05 0.04954
17.0667 0.04861
17.0833 0.04768
17.1 0.04676
17.1167 0.04586
17.1333 0.04496
17.15 0.04408
17.1667 0.0432
17.1833 0.04234
17.2 0.04148
17.2167 0.04064
17.2333 0.03981
17.25 0.03898
17.2667 0.03817
17.2833 0.03737
17.3 0.03658
17.3167 0.0358
17.3333 0.03503
17.35 0.03427
17.3667 0.03352
17.3833 0.03278
17.4 0.03204
17.4167 0.03132
17.4333 0.03062
17.45 0.02992
17.4667 0.02923
17.4833 0.02855
17.5 0.02788
17.5167 0.02722
17.5333 0.02657
17.55 0.02593
17.5667 0.02531
17.5833 0.02469
17.6 0.02408
17.6167 0.02348
17.6333 0.02289
17.65 0.02231
17.6667 0.02174
17.6833 0.02118
17.7 0.02063
17.7167 0.02009
17.7333 0.01955
17.75 0.01903
17.7667 0.01852
17.7833 0.01801
17.8 0.01752
17.8167 0.01703
17.8333 0.01656
17.85 0.01609
17.8667 0.01563
17.8833 0.01518
17.9 0.01474
17.9167 0.01431
17.9333 0.01389
17.95 0.01347
17.9667 0.01306
17.9833 0.01267
18.0 0.01228
18.0167 0.01189
18.0333 0.01152
18.05 0.01115
18.0667 0.0108
18.0833 0.01045
18.1 0.0101
18.1167 0.00977
18.1333 0.009444
18.15 0.009124
18.1667 0.008812
18.1833 0.008507
18.2 0.00821
18.2167 0.00792
18.2333 0.007637
18.25 0.00736
18.2667 0.00709
18.2833 0.006827
18.3 0.006571
18.3167 0.006321
18.3333 0.006078
18.35 0.005841
18.3667 0.00561
18.3833 0.005385
18.4 0.005167
18.4167 0.004954
18.4333 0.004746
18.45 0.004545
18.4667 0.00435
18.4833 0.004159
18.5 0.003975
18.5167 0.003795
18.5333 0.003621
18.55 0.003452
18.5667 0.003287
18.5833 0.003128
18.6 0.002974
18.6167 0.002824
18.6333 0.002679
18.65 0.002538
18.6667 0.002402
18.6833 0.00227
18.7 0.002143
18.7167 0.002019
18.7333 0.0019
18.75 0.001785
18.7667 0.001674
18.7833 0.001566
18.8 0.001463
18.8167 0.001363
18.8333 0.001268
18.85 0.001176
18.8667 0.001088
18.8833 0.001003
18.9 0.0009226
18.9167 0.0008458
18.9333 0.0007728
18.95 0.0007039
18.9667 0.0006392
18.9833 0.000578
19.0 0.0005091
19.0167 0.0004513
19.0333 0.0004029
19.05 0.0003624
19.0667 0.0003122
19.0833 0.0002784
19.1 0.0002378
19.1167 0.0002036
19.1333 0.0001738
19.15 0.0001473
19.1667 0.000124
19.1833 0.0001038
19.2 8.678e-05
19.2167 6.984e-05
19.2333 5.746e-05
19.25 4.56e-05
19.2667 3.609e-05
19.2833 2.842e-05
19.3 2.213e-05
19.3167 1.694e-05
19.3333 1.278e-05
19.35 9.551e-06
19.3667 7.061e-06
19.3833 4.966e-06
19.4 3.483e-06
19.4167 2.275e-06
19.4333 1.427e-06
19.45 8.619e-07
19.4667 5.047e-07
19.4833 2.881e-07
19.5 1.562e-07
19.5167 7.602e-08
19.5333 2.859e-08
19.55 6.936e-09
19.5667 6.619e-10
19.5833 3.118e-11
19.6 3.061e-13
19.6167 6.414e-16
19.6333 2.843e-33
19.65 0.0
19.6667 0.0
19.6833 0.0
19.7 0.0
19.7167 0.0
19.7333 0.0
19.75 0.0
19.7667 0.0
19.7833 0.0
19.8 0.0
19.8167 0.0
19.8333 0.0
19.85 0.0
19.8667 0.0
19.8833 0.0
19.9 0.0
19.9167 0.0
19.9333 0.0
19.95 0.0
19.9667 0.0
19.9833 0.0
20.0 0.0
20.0167 0.0
20.0333 0.0
20.05 0.0
20.0667 0.0
20.0833 0.0
20.1 0.0
20.1167 0.0
20.1333 0.0
20.15 0.0
20.1667 0.0
20.1833 0.0
20.2 0.0
20.2167 0.0
20.2333 0.0
20.25 0.0
20.2667 0.0
20.2833 0.0
20.3 0.0
20.3167 0.0
20.3333 0.0
20.35 0.0
20.3667 0.0
20.3833 0.0
20.4 0.0
20.4167 0.0
20.4333 0.0
20.45 0.0
20.4667 0.0
20.4833 0.0
20.5 0.0
20.5167 0.0
20.5333 0.0
20.55 0.0
20.5667 0.0
20.5833 0.0
20.6 0.0
20.6167 0.0
20.6333 0.0
20.65 0.0
20.6667 0.0
20.6833 0.0
20.7 0.0
20.7167 0.0
20.7333 0.0
20.75 0.0
20.7667 0.0
20.7833 0.0
20.8 0.0
20.8167 0.0
20.8333 0.0
20.85 0.0
20.8667 0.0
20.8833 0.0
20.9 0.0
20.9167 0.0
20.9333 0.0
20.95 0.0
20.9667 0.0
20.9833 0.0
21.0 0.0
21.0167 0.0
21.0333 0.0
21.05 0.0
21.0667 0.0
21.0833 0.0
21.1 0.0
21.1167 0.0
21.1333 0.0
21.15 0.0
21.1667 0.0
21.1833 0.0
21.2 0.0
21.2167 0.0
21.2333 0.0
21.25 0.0
21.2667 0.0
21.2833 0.0
21.3 0.0
21.3167 0.0
21.3333 0.0
21.35 0.0
21.3667 0.0
21.3833 0.0
21.4 0.0
21.4167 0.0
21.4333 0.0
21.45 0.0
21.4667 0.0
21.4833 0.0
21.5 0.0
21.5167 0.0
21.5333 0.0
21.55 0.0
21.5667 0.0
21.5833 0.0
21.6 0.0
21.6167 0.0
21.6333 0.0
21.65 0.0
21.6667 0.0
21.6833 0.0
21.7 0.0
21.7167 0.0
21.7333 0.0
21.75 0.0
21.7667 0.0
21.7833 0.0
21.8 0.0
21.8167 0.0
21.8333 0.0
21.85 0.0
21.8667 0.0
21.8833 0.0
21.9 0.0
21.9167 0.0
21.9333 0.0
21.95 0.0
21.9667 0.0
21.9833 0.0
22.0 0.0
22.0167 0.0
22.0333 0.0
22.05 0.0
22.0667 0.0
22.0833 0.0
22.1 0.0
22.1167 0.0
22.1333 0.0
22.15 0.0
22.1667 0.0
22.1833 0.0
22.2 0.0
22.2167 0.0
22.2333 0.0
22.25 0.0
22.2667 0.0
22.2833 0.0
22.3 0.0
22.3167 0.0
22.3333 0.0
22.35 0.0
22.3667 0.0
22.3833 0.0
22.4 0.0
22.4167 0.0
22.4333 0.0
22.45 0.0
22.4667 0.0
22.4833 0.0
22.5 0.0
22.5167 0.0
22.5333 0.0
22.55 0.0
22.5667 0.0
22.5833 0.0
22.6 0.0
22.6167 0.0
22.6333 0.0
22.65 0.0
22.6667 0.0
22.6833 0.0
22.7 0.0
22.7167 0.0
22.7333 0.0
22.75 0.0
22.7667 0.0
22.7833 0.0
22.8 0.0
22.8167 0.0
22.8333 0.0
22.85 0.0
22.8667 0.0
22.8833 0.0
22.9 0.0
22.9167 0.0
22.9333 0.0
22.95 0.0
22.9667 0.0
22.9833 0.0
23.0 0.0
23.0167 0.0
23.0333 0.0
23.05 0.0
23.0667 0.0
23.0833 0.0
23.1 0.0
23.1167 0.0
23.1333 0.0
23.15 0.0
23.1667 0.0
23.1833 0.0
23.2 0.0
23.2167 0.0
23.2333 0.0
23.25 0.0
23.2667 0.0
23.2833 0.0
23.3 0.0
23.3167 0.0
23.3333 0.0
23.35 0.0
23.3667 0.0
23.3833 0.0
23.4 0.0
23.4167 0.0
23.4333 0.0
23.45 0.0
23.4667 0.0
23.4833 0.0
23.5 0.0
23.5167 0.0
23.5333 0.0
23.55 0.0
23.5667 0.0
23.5833 0.0
23.6 0.0
23.6167 0.0
23.6333 0.0
23.65 0.0
23.6667 0.0
23.6833 0.0
23.7 0.0
23.7167 0.0
23.7333 0.0
23.75 0.0
23.7667 0.0
23.7833 0.0
23.8 0.0
23.8167 0.0
23.8333 0.0
23.85 0.0
23.8667 0.0
23.8833 0.0
23.9 0.0
23.9167 0.0
23.9333 0.0
23.95 0.0
23.9667 0.0
23.9833 0.0
