10 0.7912159801072863
10.016666666666667 0.7523351327140012
10.033333333333335 0.7116481438108787
10.050000000000002 0.7206664153396164
10.06666666666667 0.7833795683646112
10.083333333333337 0.785900703821656
10.100000000000005 0.7781358660920747
10.116666666666672 0.7866689494224165
10.13333333333334 0.7915460115428218
10.150000000000007 0.7638324800979792
10.166666666666675 0.7944392110583239
10.183333333333342 0.7921657705016523
10.20000000000001 0.8071997455357143
10.216666666666677 0.833873384086444
10.233333333333345 0.8215052205452774
10.250000000000012 0.8258343630665381
10.26666666666668 0.8115517256214149
10.283333333333347 0.8330915857819905
10.300000000000015 0.8160512746478872
10.316666666666682 0.8022229776536313
10.33333333333335 0.8177294764760147
10.350000000000017 0.8136377950594693
10.366666666666685 0.8172556767905711
10.383333333333352 0.8199887576438849
10.40000000000002 0.8154659986619088
10.416666666666687 0.8148934694960212
10.433333333333355 0.8282157039473684
10.450000000000022 0.8235245739130433
10.46666666666669 0.8365613878343399
10.483333333333357 0.8301152812499999
10.500000000000025 0.8318923051782682
10.516666666666692 0.8275307679022746
10.53333333333336 0.8169580083612039
10.550000000000027 0.8276292784232365
10.566666666666695 0.8208175148148148
10.583333333333362 0.8228025294117647
10.60000000000003 0.8252269124087591
10.616666666666697 0.8294759710144927
10.633333333333365 0.841511226618705
10.650000000000032 0.8295423928571429
10.6666666666667 0.8154680283687943
10.683333333333367 0.8137919964788732
10.700000000000035 0.8220107132867133
10.716666666666702 0.8354622395833333
10.73333333333337 0.8412056103448274
10.750000000000037 0.8417977539984767
10.766666666666705 0.8354349591836734
10.783333333333372 0.8230378929376408
10.80000000000004 0.7951006847014924
10.816666666666707 0.8064909607116382
10.833333333333375 0.8145029115696388
10.850000000000042 0.8091364941434845
10.86666666666671 0.8239993330909089
10.883333333333377 0.8284189848156182
10.900000000000045 0.8267964795258621
10.916666666666712 0.8365087157142855
10.93333333333338 0.8297051452414772
10.950000000000047 0.8264729724770642
10.966666666666715 0.8360166347368422
10.983333333333382 0.8293345059316118
11.00000000000005 0.8247302893823731
11.016666666666717 0.8387275717241378
11.033333333333385 0.8172589107755661
11.050000000000052 0.8193320054570259
11.06666666666672 0.823504133649932
11.083333333333387 0.8535348504388927
11.100000000000055 0.8574811863666889
11.116666666666722 0.8528987885771542
11.13333333333339 0.8533532332225914
11.150000000000057 0.8360351279761905
11.166666666666725 0.8365738440789473
11.183333333333392 0.8293352976424361
11.20000000000006 0.8167365644951139
11.216666666666727 0.8231403093385214
11.233333333333395 0.8175564877340218
11.250000000000062 0.8248533179190751
11.26666666666673 0.8226384283887468
11.283333333333397 0.8428657858052196
11.300000000000065 0.8695008136882129
11.316666666666732 0.854730687066246
11.3333333333334 0.8642109626021369
11.350000000000067 0.8472471163227017
11.366666666666735 0.8347251588785045
11.383333333333402 0.831100421836228
11.40000000000007 0.8257236087090796
11.416666666666737 0.8535917187692308
11.433333333333405 0.8674464592274679
11.450000000000072 0.8760785576923076
11.46666666666674 0.8760425310218979
11.483333333333407 0.8788066281818181
11.500000000000075 0.8742276874999999
11.516666666666742 0.883232583032491
11.53333333333341 0.8755548102517985
11.550000000000077 0.8813857123655914
11.566666666666745 0.8648323178571428
11.583333333333412 0.8636369020771513
11.60000000000008 0.8738909334713187
11.616666666666747 0.857529864466706
11.633333333333415 0.8638322203290246
11.650000000000082 0.8744955052724077
11.66666666666675 0.8758149194395795
11.683333333333417 0.8776356731664726
11.700000000000085 0.8898356543818918
11.716666666666752 0.8859241588541666
11.73333333333342 0.8920318554529716
11.750000000000087 0.8913074792746114
11.766666666666755 0.8860971983352469
11.783333333333422 0.8789334393245564
11.80000000000009 0.8858300679611649
11.816666666666757 0.8816634917425967
11.833333333333425 0.8753942965909092
11.850000000000092 0.8704629923469387
11.86666666666676 0.8786189677601809
11.883333333333427 0.8838051399548533
11.900000000000095 0.8873421866554053
11.916666666666762 0.9051379129213483
11.93333333333343 0.9018136765695067
11.950000000000097 0.9032080819809737
11.966666666666764 0.9053824522613064
11.983333333333432 0.9051559966555184
12.0000000000001 0.8960764655172413
12.016666666666767 0.8945838339811214
12.033333333333434 0.9014189268292682
12.050000000000102 0.8986440830105146
12.06666666666677 0.9005235497512437
12.083333333333437 0.903951526199669
12.100000000000104 0.8946831173553719
12.116666666666772 0.9027359752475248
12.13333333333344 0.904599585989011
12.150000000000107 0.8948749245748766
12.166666666666774 0.8967420443835616
12.183333333333442 0.8957603891625616
12.20000000000011 0.8906763813559321
12.216666666666777 0.9007420010922992
12.233333333333444 0.8981839860883797
12.250000000000112 0.8987785307901907
12.26666666666678 0.905973251497006
12.283333333333447 0.9067370778019587
12.300000000000114 0.8935116089673912
12.316666666666782 0.8971040141227593
12.33333333333345 0.9035140407166123
12.350000000000117 0.900203808735757
12.366666666666784 0.9025340905639913
12.383333333333452 0.8992279780487805
12.40000000000012 0.9015562638136513
12.416666666666787 0.8995048757444504
12.433333333333454 0.9145122563616674
12.450000000000122 0.9046428530844155
12.46666666666679 0.9030804301948052
12.483333333333457 0.9087051525974026
12.500000000000124 0.9122737974580853
12.516666666666792 0.8960333875067603
12.53333333333346 0.8960333875067603
12.550000000000127 0.89776819237013
12.566666666666794 0.8937058928571429
12.583333333333462 0.8965182540584415
12.60000000000013 0.8982542606930157
12.616666666666797 0.8982542606930157
12.633333333333464 0.8999921481581798
12.650000000000132 0.9004799487804878
12.6666666666668 0.8943918676789586
12.683333333333467 0.8920571679327184
12.700000000000134 0.8909739429967426
12.716666666666802 0.9011817596414992
12.73333333333347 0.9075000734094616
12.750000000000137 0.9039094153971708
12.766666666666804 0.9077248088235292
12.783333333333472 0.8987785307901907
12.80000000000014 0.8928282765957447
12.816666666666807 0.8950650557072637
12.833333333333474 0.8973067266265718
12.850000000000142 0.8970246945812806
12.86666666666681 0.8951599306849316
12.883333333333477 0.8977258535381241
12.900000000000144 0.9033304178571427
12.916666666666812 0.9001948465346535
12.93333333333348 0.8959557818181817
12.950000000000147 0.8974391523178806
12.966666666666814 0.9088233059701492
12.983333333333482 0.8986440830105146
13.00000000000015 0.9071808375831486
13.016666666666817 0.9091967950000001
13.033333333333484 0.9036448848080133
13.050000000000152 0.9009714205685617
13.06666666666682 0.8987908374301676
13.083333333333487 0.9002997196418578
13.100000000000154 0.9023194610207517
13.116666666666822 0.8911877587078652
13.13333333333349 0.8818145878378378
13.150000000000157 0.880872158295711
13.166666666666824 0.8871111957013575
13.183333333333492 0.8840587512762336
13.20000000000016 0.871624123081296
13.216666666666827 0.8505776794871794
13.233333333333494 0.8584570613934893
13.250000000000162 0.8480165670103093
13.26666666666683 0.8512897887485649
13.283333333333497 0.8369345011520737
13.300000000000164 0.8328659393764436
13.316666666666832 0.8513274111175448
13.3333333333335 0.8712374895470382
13.350000000000167 0.8754562111240536
13.366666666666834 0.8662072500000001
13.383333333333502 0.8700976555360282
13.400000000000169 0.8819935079365078
13.416666666666837 0.8730170554245282
13.433333333333504 0.8650120103489058
13.450000000000172 0.8770027112759643
13.466666666666839 0.8577807748659917
13.483333333333507 0.8698315481171548
13.500000000000174 0.8679382796762589
13.516666666666842 0.8891393312274369
13.533333333333509 0.8986377146739131
13.550000000000177 0.886506248181818
13.566666666666844 0.8948523670115641
13.583333333333512 0.8967211686010994
13.600000000000179 0.890814404659718
13.616666666666847 0.8900315052339902
13.633333333333514 0.8961872289864029
13.650000000000182 0.9065334720670392
13.666666666666849 0.9020068850467289
13.683333333333517 0.8980079333541926
13.700000000000184 0.8892552954116909
13.716666666666852 0.8950079119318182
13.733333333333519 0.9004454143944196
13.750000000000187 0.9059314041401274
13.766666666666854 0.8970574548944337
13.783333333333522 0.8769698936375321
13.800000000000189 0.8745953124596513
13.816666666666857 0.8723904295911745
13.833333333333524 0.8846532105606257
13.850000000000191 0.8853050304518664
13.866666666666859 0.8933890882159314
13.883333333333526 0.899647856386499
13.900000000000194 0.9107462752659573
13.916666666666861 0.9221787523395719
13.933333333333529 0.908508589717742
13.950000000000196 0.9083470621621621
13.966666666666864 0.9095274134419551
13.983333333333531 0.9144941160409555
14.000000000000199 0.9233198159340659
14.016666666666866 0.9196472921270717
14.033333333333534 0.9267615531250001
14.050000000000201 0.9246802719972067
14.066666666666869 0.9319027436797752
14.083333333333536 0.9447678604240282
14.100000000000204 0.9341330021321961
14.116666666666871 0.9378236225875624
14.133333333333539 0.928687092379583
14.150000000000206 0.909246008683068
14.166666666666874 0.9090763133187773
14.183333333333541 0.876149067032967
14.200000000000209 0.8466175088495574
14.216666666666876 0.8537839017062314
14.233333333333544 0.8366652053771472
14.250000000000211 0.8631679263157894
14.266666666666879 0.8666440665658093
14.283333333333546 0.8725845057121097
14.300000000000214 0.8515933240030675
14.316666666666881 0.8320940687258687
14.333333333333549 0.837917433125972
14.350000000000216 0.8420140430696945
14.366666666666884 0.8557326092271293
14.383333333333551 0.8898289992057187
14.400000000000219 0.9063992663999999
14.416666666666886 0.9152993074133763
14.433333333333554 0.9482344517045455
14.450000000000221 0.9821265085854456
14.466666666666889 0.9902231821929102
14.483333333333556 0.991390025332226
14.500000000000224 0.9925744443514644
14.516666666666891 1.0001066281618887
14.533333333333559 0.9925444728122345
14.550000000000226 0.9946167223650384
14.566666666666894 0.9978587836787564
14.583333333333561 1.004538837543554
14.600000000000229 1.0058853871817384
14.616666666666896 0.9914112477876105
14.633333333333564 0.9961383374999999
14.650000000000231 1.0016089833483348
14.666666666666899 1.0029768157894734
14.683333333333566 0.9915376030219779
14.700000000000234 0.9976446689750692
14.716666666666901 1.002098726001864
14.733333333333569 1.0013486066729325
14.750000000000236 0.9938646119544593
14.766666666666904 0.9974507727272727
14.783333333333571 0.9944103822393823
14.800000000000239 1.0012883026315789
14.816666666666906 0.9902756106194689
14.833333333333574 0.9777446946375372
14.850000000000241 0.9845434714844142
14.866666666666909 0.9788147768670309
14.883333333333576 0.9806453795851638
14.900000000000244 0.9847935515320334
14.916666666666911 0.9867193790372994
14.933333333333579 0.9965834578554139
14.950000000000246 0.995492372196833
14.966666666666914 0.9951060312432897
14.983333333333581 1.0052513638828633
15.000000000000249 1.0016846203155818
15.016666666666916 0.9980436354074401
15.033333333333584 1.003371268180801
15.050000000000251 1.0022826238127542
15.066666666666919 1.007110296
15.083333333333586 1.0125929733163914
15.100000000000254 1.0149417347892093
15.116666666666921 1.013813601534829
15.133333333333589 1.0223113698221322
15.150000000000256 1.0184522712457749
15.166666666666924 1.0180305774630691
15.183333333333591 1.016760537103346
15.200000000000259 1.0096916448107904
15.216666666666926 1.0024584219835755
15.233333333333594 0.9980077566151094
15.250000000000261 0.9933226784790481
15.266666666666929 0.9923047762073025
15.283333333333596 0.9874380218543046
15.300000000000264 0.9623234676230058
15.316666666666931 0.9944515314153886
15.333333333333599 1.0004005515867564
15.350000000000266 0.9743676860481293
15.366666666666934 0.9581146859154929
15.383333333333601 0.9595696726572529
15.400000000000269 0.9427084585379946
15.416666666666936 0.9624525
15.433333333333604 0.9561750155647791
15.450000000000271 0.9764723066526504
15.466666666666939 0.9893988268411441
15.483333333333606 0.9830817825751735
15.500000000000274 0.9845622855133613
15.516666666666941 0.9577263749405985
15.533333333333609 0.910674502970933
15.550000000000276 0.8866096133181373
15.566666666666944 0.87793207576758
15.583333333333611 0.8730232119537921
15.600000000000279 0.8725800254668931
15.616666666666946 0.8979796185638023
15.633333333333614 0.9241158176100629
15.650000000000281 0.9110966761212551
15.666666666666949 0.9378718785971223
15.683333333333616 0.9065817634173055
15.700000000000284 0.9339248230826231
15.716666666666951 0.9438080374271204
15.733333333333618 0.9580426374570445
15.750000000000286 0.9572278644823574
15.766666666666953 0.952600624015748
15.783333333333621 0.9422450389922015
15.800000000000288 0.9417335794069862
15.816666666666956 0.9459714689498658
15.833333333333623 0.9406611226415095
15.850000000000291 0.9608121889646357
15.866666666666958 0.9601604503139207
15.883333333333626 0.9594871974031689
15.900000000000293 0.9469499093959732
15.916666666666961 0.9458131938125568
15.933333333333628 0.9684636537126995
15.950000000000296 0.9672070289343684
15.966666666666963 0.9714344687724336
15.983333333333631 0.9516752811587147
