10 0.8951610808210391
10.016666666666667 0.8945194621724429
10.033333333333335 0.9059559149780655
10.050000000000002 0.9063988847583644
10.06666666666667 0.9054677664352796
10.083333333333337 0.9105698394912175
10.100000000000005 0.9153770632860849
10.116666666666672 0.9212181085883515
10.13333333333334 0.9201654833040421
10.150000000000007 0.9245343250289687
10.166666666666675 0.9289854852884982
10.183333333333342 0.9289758913043477
10.20000000000001 0.9287927622966149
10.216666666666677 0.9328878969282013
10.233333333333345 0.9328385769230768
10.250000000000012 0.9315744698205547
10.26666666666668 0.9355162621097954
10.283333333333347 0.939378252530634
10.300000000000015 0.9389367859026191
10.316666666666682 0.934647572224156
10.33333333333335 0.9334279975874548
10.350000000000017 0.9332175947098976
10.366666666666685 0.9328535890503548
10.383333333333352 0.9365186334728033
10.40000000000002 0.9437873346593734
10.416666666666687 0.9472808349753693
10.433333333333355 0.955251326447625
10.450000000000022 0.9585747703464947
10.46666666666669 0.961837710795273
10.483333333333357 0.9612342056962024
10.500000000000025 0.9597362652869238
10.516666666666692 0.9593116293706292
10.53333333333336 0.9587467688279686
10.550000000000027 0.9539300198473283
10.566666666666695 0.9535665301952474
10.583333333333362 0.9565319369842461
10.60000000000003 0.9562948660913553
10.616666666666697 0.9625944755863693
10.633333333333365 0.9621709164716208
10.650000000000032 0.9651054228927897
10.6666666666667 0.9605137467625897
10.683333333333367 0.9676727676277476
10.700000000000035 0.9665410832625317
10.716666666666702 0.9692112956460674
10.73333333333337 0.9656714046822742
10.750000000000037 0.9644484612194107
10.766666666666705 0.9641690430786117
10.783333333333372 0.9638938856364873
10.80000000000004 0.9597215849209565
10.816666666666707 0.9665831974248926
10.833333333333375 0.9725754859539342
10.850000000000042 0.9820372892441859
10.86666666666671 0.9846707109129065
10.883333333333377 0.9941624208881366
10.900000000000045 0.999915089227984
10.916666666666712 0.9995269414483821
10.93333333333338 1.0088446250956389
10.950000000000047 1.0018183550715463
10.966666666666715 0.9950144069928313
10.983333333333382 0.9883022548407246
11.00000000000005 0.9818018801191364
11.016666666666717 0.9784755715871255
11.033333333333385 0.9747130414012737
11.050000000000052 0.971939983570646
11.06666666666672 0.9749065352521464
11.083333333333387 0.9743660449465207
11.100000000000055 0.9806119811320755
11.116666666666722 0.98382001958922
11.13333333333339 0.9891336770083755
11.150000000000057 0.9926984275328331
11.166666666666725 1.0071081417579857
11.183333333333392 1.0072955580667593
11.20000000000006 1.0066993657103351
11.216666666666727 1.0043557939963337
11.233333333333395 1.0018370261028153
11.250000000000062 1.0015960875722214
11.26666666666673 0.9961790045070422
11.283333333333397 0.9992334371848033
11.300000000000065 1.0131982398840709
11.316666666666732 1.0276546817829026
11.3333333333334 1.0280597849106552
11.350000000000067 1.025292315373642
11.366666666666735 1.0259293846909805
11.383333333333402 1.0257098343291688
11.40000000000007 1.0319571778378378
11.416666666666737 1.0350376750941364
11.433333333333405 1.032523988222698
11.450000000000072 1.0332210661764705
11.46666666666674 1.0259490480483666
11.483333333333407 1.0237299635730122
11.500000000000075 1.0269936703804918
11.516666666666742 1.0332492047713717
11.53333333333341 1.036657006147114
11.550000000000077 1.0425403714463581
11.566666666666745 1.037909730399752
11.583333333333412 1.0360151177862358
11.60000000000008 1.0370940882081752
11.616666666666747 1.035535237293325
11.633333333333415 1.0416787728658534
11.650000000000082 1.045271352500506
11.66666666666675 1.0468236512660143
11.683333333333417 1.0500536618444847
11.700000000000085 1.0509992862148363
11.716666666666752 1.0467030777667
11.73333333333342 1.051618079522863
11.750000000000087 1.0497402712871287
11.766666666666755 1.0517620113524184
11.783333333333422 1.0498965619469025
11.80000000000009 1.046808630882353
11.816666666666757 1.0488192052785925
11.833333333333425 1.046983381694255
11.850000000000092 1.0534649985436892
11.86666666666676 1.0582318969022264
11.883333333333427 1.059626758204633
11.900000000000095 1.0543440187680462
11.916666666666762 1.0441039404990402
11.93333333333343 1.0482903688995215
11.950000000000097 1.0502487395038167
11.966666666666764 1.0526480485714285
11.983333333333432 1.052391081196581
12.0000000000001 1.0466670937499998
12.016666666666767 1.032250754957507
12.033333333333434 1.0346591154571159
12.050000000000102 1.035428672624647
12.06666666666677 1.0254723728893058
12.083333333333437 1.0235520126404494
12.100000000000104 1.0347038361344536
12.116666666666772 1.041924346691519
12.13333333333344 1.0399858827906976
12.150000000000107 1.0407355445682451
12.166666666666774 1.0382712789620019
12.183333333333442 1.0459659546716003
12.20000000000011 1.0519374551756007
12.216666666666777 1.0538189585253455
12.233333333333444 1.049223746550138
12.250000000000112 1.0440132725183824
12.26666666666678 1.0235549889908255
12.283333333333447 1.0157358464711272
12.300000000000114 1.0181039162854528
12.316666666666782 1.024563237202925
12.33333333333345 1.033758287408759
12.350000000000117 1.0422913126709206
12.366666666666784 1.0318753032786885
12.383333333333452 1.0125455691537761
12.40000000000012 1.023174503181818
12.416666666666787 1.0076930077132487
12.433333333333454 0.9668193443738656
12.450000000000122 0.890552150045331
12.46666666666679 0.9739600842391305
12.483333333333457 1.0232481420814479
12.500000000000124 1.0202344584086798
12.516666666666792 0.9883847644665461
12.53333333333346 0.9781021341463414
12.550000000000127 0.9760155162601625
12.566666666666794 0.8933088005415162
12.583333333333462 0.9183256164259929
12.60000000000013 0.93865177933213
12.616666666666797 0.9674860658250677
12.633333333333464 1.008101734896303
12.650000000000132 1.0127881582506764
12.6666666666668 0.9924803237150586
12.683333333333467 1.0377824161406672
12.700000000000134 1.0408037775270758
12.716666666666802 0.8865334129061373
12.73333333333347 0.8636013316787003
12.750000000000137 0.8933088005415162
12.766666666666804 0.9713206260162601
12.783333333333472 1.0125313292682927
12.80000000000014 1.037986746835443
12.816666666666807 1.0415390945701357
12.833333333333474 1.0483328769230766
12.850000000000142 1.0560823899456522
12.86666666666681 0.9633250770625568
12.883333333333477 0.9813344019073568
12.900000000000144 1.0406025940054495
12.916666666666812 0.9638524309090909
12.93333333333348 1.0083419549590535
12.950000000000147 1.0665867049180326
12.966666666666814 1.051240278486782
12.983333333333482 1.0900763383561645
13.00000000000015 1.1185211229433274
13.016666666666817 1.1264128435498628
13.033333333333484 1.1252747394495413
13.050000000000152 1.1098694669421487
13.06666666666682 1.127849120975161
13.083333333333487 1.1363320400552486
13.100000000000154 1.1315031974169742
13.116666666666822 1.1309261631238448
13.13333333333349 1.1282082083333334
13.150000000000157 1.1211946655844156
13.166666666666824 1.125425404739777
13.183333333333492 1.132360315642458
13.20000000000016 1.1414758474813433
13.216666666666827 1.1533239210280373
13.233333333333494 1.1506173707865168
13.250000000000162 1.1630764014084507
13.26666666666683 1.1652646919096894
13.283333333333497 1.1783687306603772
13.300000000000164 1.1805962707939506
13.316666666666832 1.126479949763033
13.3333333333335 1.1801936549429657
13.350000000000167 1.1665034399428027
13.366666666666834 1.1064067134670486
13.383333333333502 1.0840740143815915
13.400000000000169 1.1321991657060517
13.416666666666837 1.157168323699422
13.433333333333504 1.175028965217391
13.450000000000172 1.1868691644034919
13.466666666666839 1.194226775510204
13.483333333333507 1.1875875877192983
13.500000000000174 1.1775446242661447
13.516666666666842 1.1566431123650636
13.533333333333509 1.1032206510826772
13.550000000000177 1.049948181818182
13.566666666666844 0.9609263116947472
13.583333333333512 0.9124624298507462
13.600000000000179 0.8673598877245507
13.616666666666847 0.8882841492133479
13.633333333333514 0.9171469508147254
13.650000000000182 1.0349474076130853
13.666666666666849 1.0975763431322858
13.683333333333517 1.1528277197802195
13.700000000000184 1.1888077978136493
13.716666666666852 1.2113336931993026
13.733333333333519 1.2087166131025957
13.750000000000187 1.1850470169631775
13.766666666666854 1.1535033702087878
13.783333333333522 1.0223986807511736
13.800000000000189 1.0529187991197735
13.816666666666857 1.0813913668421051
13.833333333333524 1.0649363392196256
13.850000000000191 1.161199861376673
13.866666666666859 1.1715830538954106
13.883333333333526 1.177110574201158
13.900000000000194 1.1747292231440576
13.916666666666861 1.1779518254655694
13.933333333333529 1.0525187840043526
13.950000000000196 0.8816165944881889
13.966666666666864 0.8392890534300792
13.983333333333531 0.8096468163738813
14.000000000000199 0.7971979947800979
14.016666666666866 0.8014706057391694
14.033333333333534 0.8401471306690614
14.050000000000201 0.9861336111738148
14.066666666666869 1.1347521472357815
14.083333333333536 1.1724740909609677
14.100000000000204 1.1965745121111235
14.116666666666871 1.1517418645340107
14.133333333333539 1.198791410658307
14.150000000000206 1.19986194639103
14.166666666666874 1.2070518135354247
14.183333333333541 1.2177413191489361
14.200000000000209 1.230620677845166
14.216666666666876 1.2474103129487792
14.233333333333544 1.2495078693558097
14.250000000000211 1.2447858942202834
14.266666666666879 1.234521389634146
14.283333333333546 1.2305026684669202
14.300000000000214 1.2414138991845811
14.316666666666881 1.2589323958462877
14.333333333333549 1.2647103099173553
14.350000000000216 1.270000373266078
14.366666666666884 1.2851435057763105
14.383333333333551 1.2907318255591056
14.400000000000219 1.2930130099086345
14.416666666666886 1.2895067321150855
14.433333333333554 1.278412301266153
14.450000000000221 1.267916651327899
14.466666666666889 1.257434630463576
14.483333333333556 1.2327610406937957
14.500000000000224 1.2257393446699825
14.516666666666891 1.2209576208858186
14.533333333333559 1.2271367892725535
14.550000000000226 1.2334111394581213
14.566666666666894 1.2495605925977267
14.583333333333561 1.2696467956418493
14.600000000000229 1.2871548641227821
14.616666666666896 1.304946242725337
14.633333333333564 1.2972245743310917
14.650000000000231 1.2972487743471361
14.666666666666899 1.289336367272727
14.683333333333566 1.281481929451452
14.700000000000234 1.2480560081360947
14.716666666666901 1.0898126920781737
14.733333333333569 1.0192206883839903
14.750000000000236 1.028037743967218
14.766666666666904 1.0759075558787508
14.783333333333571 1.2025823914722695
14.800000000000239 1.2483680961658354
14.816666666666906 1.2751965806857501
14.833333333333574 1.2949805261069671
14.850000000000241 1.2829616698702546
14.866666666666909 1.266777926770126
14.883333333333576 1.2531197503671072
14.900000000000244 1.2574820013177401
14.916666666666911 1.2770819670768208
14.933333333333579 1.310848670248489
14.950000000000246 1.3284096041701983
14.966666666666914 1.3324744642245805
14.983333333333581 1.3276354278305964
15.000000000000249 1.3108310633839706
15.016666666666916 1.2975285555555556
15.033333333333584 1.2788118198824159
15.050000000000251 1.2742621652267816
15.066666666666919 1.3147741734860883
15.083333333333586 1.3052001929437707
15.100000000000254 1.3233051643454037
15.116666666666921 1.33287660911991
15.133333333333589 1.3330478290971168
15.150000000000256 1.347359692292945
15.166666666666924 1.3577688108160497
15.183333333333591 1.3726688800705469
15.200000000000259 1.3627274747374678
15.216666666666926 1.342149749549188
15.233333333333594 1.342167802431611
15.250000000000261 1.352561320696721
15.266666666666929 1.3682626958955224
15.283333333333596 1.379199074229398
15.300000000000264 1.3683404019940602
15.316666666666931 1.3683806310367033
15.333333333333599 1.373438949826238
15.350000000000266 1.373239918681319
15.366666666666934 1.3781737533362988
15.383333333333601 1.390040606845305
15.400000000000269 1.4071507488032824
15.416666666666936 1.4190289513151821
15.433333333333604 1.418043332943925
15.450000000000271 1.4180634421575584
15.466666666666939 1.4180840620507904
15.483333333333606 1.4251116610046104
15.500000000000274 1.4177783939542885
15.516666666666941 1.4116928379387603
15.533333333333609 1.4229247301387138
15.550000000000276 1.4226489292103246
15.566666666666944 1.4354547902641117
15.583333333333611 1.4353425472440944
15.600000000000279 1.4348453870710296
15.616666666666946 1.440175620113238
15.633333333333614 1.4393386389723968
15.650000000000281 1.4388771577050998
15.666666666666949 1.4311038578252318
15.683333333333616 1.421873399829011
15.700000000000284 1.4203128511560692
15.716666666666951 1.4254793403693928
15.733333333333618 1.416633920606601
15.750000000000286 1.407532343891403
15.766666666666953 1.4282123415977963
15.783333333333621 1.417218033550792
15.800000000000288 1.4218324133039093
15.816666666666956 1.4284335023999999
15.833333333333623 1.4160148830789214
15.850000000000291 1.4055869624010553
15.866666666666958 1.3769581647689215
15.883333333333626 1.3626835124107446
15.900000000000293 1.3679055559392266
15.916666666666961 1.3530373974044194
15.933333333333628 1.3397503439059157
15.950000000000296 1.3422762599565532
15.966666666666963 1.335893981243104
15.983333333333631 1.349232476635514
