10 0.8874835309617918
10.016666666666667 0.8872870249017036
10.033333333333335 0.8878748370273792
10.050000000000002 0.8887159533073932
10.06666666666667 0.8926451612903227
10.216666666666677 0.8916049382716049
10.233333333333345 0.8906365200294913
10.250000000000012 0.8845118668950332
10.26666666666668 0.8784705309303458
10.283333333333347 0.8783030303030304
10.300000000000015 0.884411196911197
10.316666666666682 0.8913983661701106
10.33333333333335 0.8875598086124403
10.350000000000017 0.8864015241724219
10.366666666666685 0.8816694332463837
10.383333333333352 0.8809917355371901
10.40000000000002 0.8810251587114977
10.416666666666687 0.8819948489815032
10.433333333333355 0.8859874096525997
10.450000000000022 0.8841420942651497
10.46666666666669 0.8836725254394079
10.483333333333357 0.8855366190695533
10.500000000000025 0.8926359256710253
10.516666666666692 0.887111517367459
10.53333333333336 0.8705052344105599
10.550000000000027 0.8558150079347087
10.566666666666695 0.8638211382113821
10.583333333333362 0.8632170978627672
10.60000000000003 0.8644105782160467
10.616666666666697 0.8816435908887895
10.633333333333365 0.8921023359288096
10.650000000000032 0.897140323653292
10.6666666666667 0.8966431095406359
10.683333333333367 0.8952464788732393
10.700000000000035 0.8776315789473683
10.716666666666702 0.8636363636363635
10.73333333333337 0.8623693379790941
10.750000000000037 0.8684895833333333
10.766666666666705 0.863724853990915
10.783333333333372 0.8519077387367966
10.80000000000004 0.8472281908036098
10.816666666666707 0.8391862955032119
10.833333333333375 0.8303094983991461
10.850000000000042 0.8248936170212765
10.86666666666671 0.8231177094379639
10.883333333333377 0.8188160676532771
10.900000000000045 0.8109589041095889
10.916666666666712 0.8182391258667786
10.93333333333338 0.8336824465856723
10.950000000000047 0.8450292397660818
10.966666666666715 0.8528003331251301
10.983333333333382 0.852812954120822
11.00000000000005 0.8530324984475265
11.016666666666717 0.8546955624355004
11.033333333333385 0.8635240839851792
11.050000000000052 0.8610426929392447
11.06666666666672 0.8577568563241915
11.083333333333387 0.8530312308634416
11.100000000000055 0.8507736156351793
11.116666666666722 0.8491676816889971
11.13333333333339 0.8493622190726868
11.150000000000057 0.8471324717285945
11.166666666666725 0.8517324738114423
11.183333333333392 0.8561382358850712
11.20000000000006 0.8565130260521042
11.216666666666727 0.8684526189524191
11.233333333333395 0.8711607499002794
11.250000000000062 0.8633107839235974
11.26666666666673 0.8547042477173482
11.283333333333397 0.846930693069307
11.300000000000065 0.8441327538522323
11.316666666666732 0.8387859676783603
11.3333333333334 0.8450344149459194
11.350000000000067 0.8350009809691976
11.366666666666735 0.8445575567736884
11.383333333333402 0.8474311388943154
11.40000000000007 0.8473684210526318
11.416666666666737 0.8519743240614667
11.433333333333405 0.8565605590062112
11.450000000000072 0.8549012010848509
11.46666666666674 0.8538565629228688
11.483333333333407 0.8529808990931893
11.500000000000075 0.8553822453302523
11.516666666666742 0.8600807226600038
11.53333333333341 0.8551697678879723
11.550000000000077 0.8535324526134406
11.566666666666745 0.8486527804318746
11.583333333333412 0.85902327355971
11.60000000000008 0.8535795887281035
11.616666666666747 0.8591522524234936
11.633333333333415 0.8537001897533205
11.650000000000082 0.8459935593862474
11.66666666666675 0.8430408472012102
11.683333333333417 0.839154238248065
11.700000000000085 0.8254476908576813
11.716666666666752 0.8270605946556265
11.73333333333342 0.8329575347613679
11.750000000000087 0.8393996247654785
11.766666666666755 0.835706257025103
11.783333333333422 0.833707444818556
11.80000000000009 0.824803884945835
11.816666666666757 0.8144002984517813
11.833333333333425 0.8217545166697708
11.850000000000092 0.8297991071428572
11.86666666666676 0.8341073750696639
11.883333333333427 0.8345083487940632
11.900000000000095 0.830461367426348
11.916666666666762 0.8301258327165063
11.93333333333343 0.8292051756007394
11.950000000000097 0.8259184050212295
11.966666666666764 0.8279550064539924
11.983333333333432 0.8322283609576427
12.0000000000001 0.841243561442237
12.016666666666767 0.8417861080485116
12.033333333333434 0.8342206719295024
12.050000000000102 0.7076838437557308
12.06666666666677 0.8173323561744229
12.083333333333437 0.8195461200585652
12.100000000000104 0.8255622600109709
12.116666666666772 0.8291925465838509
12.13333333333344 0.8375615988319036
12.150000000000107 0.8375273522975929
12.166666666666774 0.840561224489796
12.183333333333442 0.8361551064991808
12.20000000000011 0.7918864835364745
12.216666666666777 0.7980367205962552
12.233333333333444 0.787102633969119
12.250000000000112 0.830640769649664
12.26666666666678 0.8456375838926173
12.283333333333447 0.8421243429400036
12.300000000000114 0.847644927536232
12.316666666666782 0.8314321926489227
12.33333333333345 0.7721679334057184
12.350000000000117 0.8103074141048825
12.366666666666784 0.8167028199566161
12.383333333333452 0.8290876242095754
12.40000000000012 0.8217768147345613
12.416666666666787 0.8267148014440433
12.433333333333454 0.8286126646220459
12.450000000000122 0.8223624887285842
12.46666666666679 0.8346854155399315
12.483333333333457 0.8387096774193548
12.500000000000124 0.840900900900901
12.516666666666792 0.8427593659942364
12.53333333333346 0.8492706645056727
12.550000000000127 0.8356435643564357
12.566666666666794 0.8281137508999279
12.583333333333462 0.8375022494151521
12.60000000000013 0.8396905361640878
12.616666666666797 0.8456279237135661
12.633333333333464 0.8395394855189782
12.650000000000132 0.8291059543083289
12.6666666666668 0.8255081849253463
12.683333333333467 0.8247886310487498
12.700000000000134 0.8240690771721533
12.716666666666802 0.8195718654434251
12.73333333333347 0.8100377765785213
12.750000000000137 0.8211586901763225
12.766666666666804 0.8465275278877293
12.783333333333472 0.8452402375382401
12.80000000000014 0.8326133909287258
12.816666666666807 0.8410441044104411
12.833333333333474 0.8419157364061939
12.850000000000142 0.8382856113812355
12.86666666666681 0.8290398126463701
12.883333333333477 0.8277477477477478
12.900000000000144 0.8375991348233598
12.916666666666812 0.8074287774972954
12.93333333333348 0.8046536796536796
12.950000000000147 0.845182244677012
12.966666666666814 0.8456400072215202
12.983333333333482 0.8504605381975799
13.00000000000015 0.7822551499819298
13.016666666666817 0.726089314771289
13.033333333333484 0.8494934876989868
13.050000000000152 0.8499547511312217
13.06666666666682 0.8489677653024266
13.083333333333487 0.8441746693241529
13.100000000000154 0.8349954669084316
13.116666666666822 0.8363273453093814
13.13333333333349 0.8422008353005265
13.150000000000157 0.8561046511627907
13.166666666666824 0.8652482269503545
13.183333333333492 0.8582347588717015
13.20000000000016 0.7883809870697506
13.216666666666827 0.7551950419248997
13.233333333333494 0.46633825944170776
13.250000000000162 0.45919298886251597
13.26666666666683 0.4671052631578948
13.283333333333497 0.5143588805560636
13.300000000000164 0.7537081120673869
13.316666666666832 0.7089442815249266
13.3333333333335 0.6370642201834862
13.350000000000167 0.5944903581267218
13.366666666666834 0.4973340687626402
13.383333333333502 0.7666114485551261
13.400000000000169 0.8207112585222037
13.416666666666837 0.7081719239992621
13.433333333333504 0.6924639822681936
13.450000000000172 0.812130177514793
13.466666666666839 0.8292908720607295
13.483333333333507 0.8333333333333334
13.500000000000174 0.8359012437349175
13.516666666666842 0.8301115241635689
13.533333333333509 0.809603573422669
13.550000000000177 0.8193849021435229
13.566666666666844 0.639417693169093
13.583333333333512 0.8093457943925233
13.600000000000179 0.7942718083114939
13.616666666666847 0.6152980877390326
13.633333333333514 0.6866316184754037
13.650000000000182 0.780744640842422
13.666666666666849 0.816349595027312
13.683333333333517 0.8190907375966798
13.700000000000184 0.6262988853202343
13.716666666666852 0.4797501892505677
13.733333333333519 0.6817061611374408
13.750000000000187 0.8026965438663123
13.766666666666854 0.8244245767548031
13.783333333333522 0.815548780487805
13.800000000000189 0.8203512791141656
13.816666666666857 0.8146518745218058
13.833333333333524 0.8287028166315387
13.850000000000191 0.8429641005951237
13.866666666666859 0.8247739949990383
13.883333333333526 0.8047793409134709
13.900000000000194 0.7835071456160682
13.916666666666861 0.7817337461300309
13.933333333333529 0.7888716556804963
13.950000000000196 0.7849232562657859
13.966666666666864 0.7416277258566979
13.983333333333531 0.7640975609756097
14.000000000000199 0.8003519749706688
14.016666666666866 0.813443072702332
14.033333333333534 0.8232521602513747
14.050000000000201 0.8033464566929135
14.066666666666869 0.6699546261590058
14.083333333333536 0.46450464702392724
14.100000000000204 0.4477700693756194
14.116666666666871 0.4373137293860521
14.133333333333539 0.4425413264289982
14.150000000000206 0.6065082850868436
14.166666666666874 0.5422337870296237
14.183333333333541 0.4887640449438202
14.200000000000209 0.5266545966606316
14.216666666666876 0.5438596491228069
14.233333333333544 0.7662757784067933
14.250000000000211 0.8226231502128523
14.266666666666879 0.8247967479674796
14.283333333333546 0.8153281695882593
14.300000000000214 0.803188228080932
14.316666666666881 0.7985655737704919
14.333333333333549 0.8033292231812577
14.350000000000216 0.8167765869744436
14.366666666666884 0.8232740801984291
14.383333333333551 0.8206882255389718
14.400000000000219 0.817879417879418
14.416666666666886 0.8029608006672226
14.433333333333554 0.7931827687160183
14.450000000000221 0.7948395217117684
14.466666666666889 0.8144329896907216
14.483333333333556 0.8275643731532292
14.500000000000224 0.8335803514715223
14.516666666666891 0.8362361937128292
14.533333333333559 0.8354996803750266
14.550000000000226 0.8292005130397605
14.566666666666894 0.8275788119236543
14.583333333333561 0.8151893287435457
14.600000000000229 0.8018134715025906
14.616666666666896 0.7993934142114385
14.633333333333564 0.8009128450336884
14.650000000000231 0.8056706652126499
14.666666666666899 0.8102429415627052
14.683333333333566 0.8220953217658686
14.700000000000234 0.8313863786643156
14.716666666666901 0.8318584070796459
14.733333333333569 0.8283747779751333
14.750000000000236 0.8185870291954537
14.766666666666904 0.8049653321404607
14.783333333333571 0.8109564436461608
14.800000000000239 0.8120351588911427
14.816666666666906 0.8124434389140271
14.833333333333574 0.7996820349761526
14.850000000000241 0.7820337437300503
14.866666666666909 0.7983520256351568
14.883333333333576 0.8072150735294116
14.900000000000244 0.8163359483156436
14.916666666666911 0.8100532777391707
14.933333333333579 0.8229820888578738
14.950000000000246 0.8341508993225881
14.966666666666914 0.8367346938775511
14.983333333333581 0.8402826855123675
15.000000000000249 0.8370002365744025
15.016666666666916 0.8298883345212639
15.033333333333584 0.8255786208542115
15.050000000000251 0.8274209012464045
15.066666666666919 0.8310062590274433
15.083333333333586 0.826844014510278
15.100000000000254 0.8224435268399319
15.116666666666921 0.823084431429966
15.133333333333589 0.8249570973277766
15.150000000000256 0.8206896551724138
15.166666666666924 0.8183617916357339
15.183333333333591 0.8202386872202885
15.200000000000259 0.8201348988258805
15.216666666666926 0.8094879518072289
15.233333333333594 0.739656912209889
15.250000000000261 0.7723700887198987
15.266666666666929 0.7607643312101912
15.283333333333596 0.6810035842293907
15.300000000000264 0.6165723108594957
15.316666666666931 0.5344024831867563
15.333333333333599 0.5938637545501819
15.350000000000266 0.5896497647673811
15.366666666666934 0.631634261692065
15.383333333333601 0.6460644479661912
15.400000000000269 0.6351566648964418
15.416666666666936 0.6153230112119594
15.433333333333604 0.6009125067096082
15.450000000000271 0.613225371120108
15.466666666666939 0.6233378561736771
15.483333333333606 0.5887008733624454
15.500000000000274 0.5330771342300301
15.516666666666941 0.5622412365443002
15.533333333333609 0.6252082176568572
15.550000000000276 0.6185423066182629
15.566666666666944 0.6280898876404495
15.583333333333611 0.556936987849675
15.600000000000279 0.5523024445707788
15.616666666666946 0.6273949099227909
15.633333333333614 0.725258918296893
15.650000000000281 0.7906774753908512
15.666666666666949 0.7570637926012235
15.683333333333616 0.660023446658851
15.700000000000284 0.6194690265486726
15.716666666666951 0.6073018699910953
15.733333333333618 0.5951598446369885
15.750000000000286 0.6153383458646615
15.766666666666953 0.5917070217917676
15.783333333333621 0.5944546008531384
15.800000000000288 0.6049079754601226
15.816666666666956 0.5911056207535516
15.833333333333623 0.5721393034825872
15.850000000000291 0.5216030056355667
15.866666666666958 0.46941992433795715
15.883333333333626 0.4673015873015873
15.900000000000293 0.4629156010230179
15.916666666666961 0.4233741146168705
15.933333333333628 0.3835927367055772
15.950000000000296 0.35695623775310253
15.966666666666963 0.3392563343205001
15.983333333333631 0.3238316208153795
