10 1.0266742338251986
10.016666666666667 1.0344535441965546
10.033333333333335 1.029510961214165
10.050000000000002 1.0234965034965033
10.06666666666667 1.0233853006681515
10.083333333333337 1.0321418675533387
10.100000000000005 1.0386100386100385
10.116666666666672 1.0384298654954707
10.13333333333334 1.0393550150314292
10.150000000000007 1.0391730141458106
10.166666666666675 1.0268147345612133
10.183333333333342 1.0221083850094363
10.20000000000001 1.0244295302013422
10.216666666666677 1.008821170809944
10.233333333333345 1.0175625332623734
10.250000000000012 1.028616852146264
10.26666666666668 1.0382585751978892
10.283333333333347 1.0622700998423542
10.300000000000015 1.0601936665794296
10.316666666666682 1.0620276257492833
10.33333333333335 1.0534648325979756
10.350000000000017 1.0439503619441572
10.366666666666685 1.0427394438722966
10.383333333333352 1.0441138753526542
10.40000000000002 1.0472541507024267
10.416666666666687 1.047328244274809
10.433333333333355 1.0403041825095056
10.450000000000022 1.0477272727272728
10.46666666666669 1.0553459119496855
10.483333333333357 1.0573934837092733
10.500000000000025 1.052434456928839
10.516666666666692 1.046777805424235
10.53333333333336 1.0468517600396627
10.550000000000027 1.0474308300395259
10.566666666666695 1.0526704405611618
10.583333333333362 1.066225165562914
10.60000000000003 1.0606208750916648
10.616666666666697 1.0470158343483558
10.633333333333365 1.0473415877640204
10.650000000000032 1.0479070892813938
10.6666666666667 1.0303834096937545
10.683333333333367 1.029800528719058
10.700000000000035 1.035457594633445
10.716666666666702 1.0429799426934099
10.73333333333337 1.0238038562247085
10.750000000000037 1.025385527876631
10.766666666666705 1.0300378429517503
10.783333333333372 1.0327752888469701
10.80000000000004 1.0460742830277385
10.816666666666707 1.0410124209046168
10.833333333333375 1.0514138817480718
10.850000000000042 1.0521901211556384
10.86666666666671 1.0413472706155633
10.883333333333377 1.0393791985174892
10.900000000000045 1.0431970431970432
10.916666666666712 1.0324735145094426
10.93333333333338 1.0153881488286634
10.950000000000047 1.0407695831424646
10.966666666666715 1.042713567839196
10.983333333333382 1.0389521640091117
11.00000000000005 1.0420359009316065
11.016666666666717 1.0314978472694312
11.033333333333385 1.0067811934900541
11.050000000000052 0.9966185752930569
11.06666666666672 0.991230042725433
11.083333333333387 0.9822790489008523
11.100000000000055 0.988364287312598
11.116666666666722 1.0089285714285714
11.13333333333339 1.00645735916277
11.150000000000057 0.9655708573967127
11.166666666666725 0.9488031914893617
11.183333333333392 0.9957992482865354
11.20000000000006 1.0063975292300906
11.216666666666727 0.9760070438036541
11.233333333333395 0.9402591697781681
11.250000000000062 0.9274600043830813
11.26666666666673 0.9560463590640718
11.283333333333397 1.0043639537420903
11.300000000000065 1.0254735467015024
11.316666666666732 0.983050847457627
11.3333333333334 0.9737640936686903
11.350000000000067 0.9727331746375244
11.366666666666735 0.9922246220302378
11.383333333333402 0.9993533089027807
11.40000000000007 1.025817555938038
11.416666666666737 1.0334979600601244
11.433333333333405 1.0501500214316333
11.450000000000072 1.0791613179289687
11.46666666666674 1.0480461242793082
11.483333333333407 1.0206778938392669
11.500000000000075 1.0085124494573312
11.516666666666742 1.0129594221372424
11.53333333333341 1.0146341463414634
11.550000000000077 1.023502011433411
11.566666666666745 1.0173324878461212
11.583333333333412 1.0088644997889404
11.60000000000008 1.0124315212810788
11.616666666666747 1.0048390490216705
11.633333333333415 1.0102941176470588
11.650000000000082 1.0451017411369834
11.66666666666675 1.050481776288228
11.683333333333417 1.0575193474168585
11.700000000000085 1.0430242272347534
11.716666666666752 1.010636079249218
11.73333333333342 1.0187460945636326
11.750000000000087 1.0097774079467443
11.766666666666755 1.0031159119235562
11.783333333333422 1.0035269709543568
11.80000000000009 1.0022793203481144
11.816666666666757 1.0020699648105982
11.833333333333425 1.0171593963200332
11.850000000000092 1.0030972537683254
11.86666666666676 1.0121699669966997
11.883333333333427 1.0203997527302697
11.900000000000095 1.0446593949372298
11.916666666666762 1.063939144736842
11.93333333333343 1.0671595810227972
11.950000000000097 1.0625769388592532
11.966666666666764 1.0635506355063549
11.983333333333432 1.0548842924431703
12.0000000000001 1.0413341518313894
12.016666666666767 1.062142273098937
12.033333333333434 1.068831699346405
12.050000000000102 1.0655102040816327
12.06666666666677 1.0562805872756933
12.083333333333437 1.0513552068473608
12.100000000000104 1.0346161677866015
12.116666666666772 1.0311291963377416
12.13333333333344 1.0457503050020334
12.150000000000107 1.0290591343222921
12.166666666666774 1.0385865150284321
12.183333333333442 1.0487111832758271
12.20000000000011 1.0866125760649088
12.216666666666777 1.0867626190958848
12.233333333333444 1.1045380875202593
12.250000000000112 1.0824220332118266
12.26666666666678 1.0593117408906882
12.283333333333447 1.0704025895205342
12.300000000000114 1.0683518705763397
12.316666666666782 1.0636749545178896
12.33333333333345 1.0584074373484238
12.350000000000117 1.0654545454545454
12.366666666666784 1.0559369951534732
12.383333333333452 1.0607712497476276
12.40000000000012 1.0688332660476383
12.416666666666787 1.081130171543895
12.433333333333454 1.0807102502017756
12.450000000000122 1.0871494855759531
12.46666666666679 1.0685760387252925
12.483333333333457 1.077636620286348
12.500000000000124 1.0967937084089534
12.516666666666792 1.0973790322580643
12.53333333333346 1.107258064516129
12.550000000000127 1.1022177419354837
12.566666666666794 1.103225806451613
12.583333333333462 1.0923387096774193
12.60000000000013 1.083282919943537
12.616666666666797 1.0875176446864285
12.633333333333464 1.0845098830173456
12.650000000000132 1.0744251714400967
12.6666666666668 1.0621343554569296
12.683333333333467 1.0708232445520582
12.700000000000134 1.0718466195761858
12.716666666666802 1.0678239806217198
12.73333333333347 1.069870759289176
12.750000000000137 1.0876590587760049
12.766666666666804 1.083855324307941
12.783333333333472 1.0709520921770772
12.80000000000014 1.0796603315810755
12.816666666666807 1.110032362459547
12.833333333333474 1.1107063347500508
12.850000000000142 1.1087264628467302
12.86666666666681 1.1041118087907635
12.883333333333477 1.1047831374138628
12.900000000000144 1.0971405394443317
12.916666666666812 1.0925136944613512
12.93333333333348 1.095818107998376
12.950000000000147 1.0972983952874265
12.966666666666814 1.1040861963813784
12.983333333333482 1.0972335231895851
13.00000000000015 1.101974353755343
13.016666666666817 1.1012426156039925
13.033333333333484 1.1164118246687054
13.050000000000152 1.1187270501835986
13.06666666666682 1.1190524811108844
13.083333333333487 1.119967300224811
13.100000000000154 1.1133156064634893
13.116666666666822 1.1048106448311157
13.13333333333349 1.1075819672131149
13.150000000000157 1.1068498769483184
13.166666666666824 1.095257647300349
13.183333333333492 1.085285655569256
13.20000000000016 1.0923678255502982
13.216666666666827 1.096169686985173
13.233333333333494 1.1177076891362605
13.250000000000162 1.1376676986584107
13.26666666666683 1.1363636363636365
13.283333333333497 1.1284650393049234
13.300000000000164 1.117854183927092
13.316666666666832 1.1115719618415596
13.3333333333335 1.0836794019933556
13.350000000000167 1.0877338877338878
13.366666666666834 1.104496253122398
13.383333333333502 1.1110879533138809
13.400000000000169 1.1127113337507828
13.416666666666837 1.13252508361204
13.433333333333504 1.1184844044379316
13.450000000000172 1.102703835673863
13.466666666666839 1.1276238455079766
13.483333333333507 1.1511774600504625
13.500000000000174 1.1703516529795746
13.516666666666842 1.167650780261493
13.533333333333509 1.151246303337558
13.550000000000177 1.145123757139835
13.566666666666844 1.1487603305785126
13.583333333333512 1.1131394608363405
13.600000000000179 1.0939825643206462
13.616666666666847 1.0773162939297123
13.633333333333514 1.0740503627827573
13.650000000000182 1.0829414279606668
13.666666666666849 1.1059957173447537
13.683333333333517 1.123364084960309
13.700000000000184 1.1289767841788476
13.716666666666852 1.1337497307775146
13.733333333333519 1.149331031506258
13.750000000000187 1.148972972972973
13.766666666666854 1.1412478336221838
13.783333333333522 1.1319730844367266
13.800000000000189 1.1172503806830543
13.816666666666857 1.1107477654240243
13.833333333333524 1.0913062472695503
13.850000000000191 1.0755253940455343
13.866666666666859 1.0761298815269857
13.883333333333526 1.0529903254177662
13.900000000000194 1.0500220361392683
13.916666666666861 1.0406450187762315
13.933333333333529 1.031879566083684
13.950000000000196 1.0470379409806967
13.966666666666864 1.0616103202846974
13.983333333333531 1.0798216276477146
14.000000000000199 1.0851586946803755
14.016666666666866 1.0795429083576067
14.033333333333534 1.060871518418688
14.050000000000201 1.0634992118892141
14.066666666666869 1.0613995485327314
14.083333333333536 1.068130375735627
14.100000000000204 1.076469253460404
14.116666666666871 1.0944254835039815
14.133333333333539 1.0860141455624002
14.150000000000206 1.0720658888126287
14.166666666666874 1.0740995641202111
14.183333333333541 1.0789049919484703
14.200000000000209 1.0770472895040368
14.216666666666876 1.0724034235484619
14.233333333333544 1.0371143586174902
14.250000000000211 1.0355979525360632
14.266666666666879 1.0060676779463242
14.283333333333546 0.8640299555347533
14.300000000000214 0.6751173708920187
14.316666666666881 0.9587944431363316
14.333333333333549 0.9763816721776098
14.350000000000216 1.00379057095475
14.366666666666884 1.0423104349893033
14.383333333333551 1.050548402479733
14.400000000000219 1.06577373834011
14.416666666666886 1.060475161987041
14.433333333333554 1.0679027209246326
14.450000000000221 1.0821256038647344
14.466666666666889 1.0950072709646146
14.483333333333556 1.1045719844357977
14.500000000000224 1.0954123962908737
14.516666666666891 1.0950048971596475
14.533333333333559 1.0968058968058967
14.550000000000226 1.1090012330456227
14.566666666666894 1.113833209601584
14.583333333333561 1.1159960258320916
14.600000000000229 1.1166500498504488
14.616666666666896 1.1168376282211658
14.633333333333564 1.1117528879959817
14.650000000000231 1.1159566422989664
14.666666666666899 1.111589068825911
14.683333333333566 1.1064262128524258
14.700000000000234 1.10326364099949
14.716666666666901 1.108523163552598
14.733333333333569 1.112053456694937
14.750000000000236 1.0962332301341589
14.766666666666904 1.088860103626943
14.783333333333571 1.0717815344603383
14.800000000000239 1.0697310002611649
14.816666666666906 1.0624180435352741
14.833333333333574 1.0658414537792995
14.850000000000241 1.0790796085691614
14.866666666666909 1.0759628154050467
14.883333333333576 1.079487863430248
14.900000000000244 1.0841146530940262
14.916666666666911 1.093085821899381
14.933333333333579 1.1081081081081081
14.950000000000246 1.1175352877307274
14.966666666666914 1.133896918461958
14.983333333333581 1.1490002738975624
15.000000000000249 1.1510731975784259
15.016666666666916 1.1520597179983412
15.033333333333584 1.1455151346848098
15.050000000000251 1.1453683035714286
15.066666666666919 1.1460611157835716
15.083333333333586 1.1422535211267604
15.100000000000254 1.1372771016133598
15.116666666666921 1.1561877667140825
15.133333333333589 1.1535162950257292
15.150000000000256 1.1531169204251652
15.166666666666924 1.1484262200404272
15.183333333333591 1.1288450377248984
15.200000000000259 1.1289381563593932
15.216666666666926 1.1272354148343595
15.233333333333594 1.135573239021515
15.250000000000261 1.1392592592592594
15.266666666666929 1.1462179868969626
15.283333333333596 1.1362275449101797
15.300000000000264 1.1300421432871763
15.316666666666931 1.1122881355932204
15.333333333333599 1.1135118685331709
15.350000000000266 1.130966952264382
15.366666666666934 1.133887349953832
15.383333333333601 1.1374187558031568
15.400000000000269 1.156551509492686
15.416666666666936 1.161815336463224
15.433333333333604 1.1533375314861458
15.450000000000271 1.141545281823939
15.466666666666939 1.1341191462249125
15.483333333333606 1.149951938481256
15.500000000000274 1.1382978723404256
15.516666666666941 1.1372040220564383
15.533333333333609 1.131810766721044
15.550000000000276 1.1254103742613264
15.566666666666944 1.1351172778328378
15.583333333333611 1.1466090425531914
15.600000000000279 1.1548494983277593
15.616666666666946 1.153820262537866
15.633333333333614 1.1514227642276424
15.650000000000281 1.1547903170814866
15.666666666666949 1.1595744680851063
15.683333333333616 1.1599309153713298
15.700000000000284 1.159304347826087
15.716666666666951 1.1526610644257704
15.733333333333618 1.1561508635882973
15.750000000000286 1.1550745209368345
15.766666666666953 1.1496963201143267
15.783333333333621 1.1432169845268083
15.800000000000288 1.144927536231884
15.816666666666956 1.1484859540313754
15.833333333333623 1.1477398015435503
15.850000000000291 1.1480384900074019
15.866666666666958 1.1565995525727069
15.883333333333626 1.166353736387533
15.900000000000293 1.165658093797277
15.916666666666961 1.1600609756097562
15.933333333333628 1.1597542242703534
15.950000000000296 1.1504835589941973
15.966666666666963 1.1419103313840155
15.983333333333631 1.139041633935585
