10 0.8243435782617545
10.016666666666667 0.8254257907542578
10.033333333333335 0.8248484848484848
10.050000000000002 0.8208895149929564
10.06666666666667 0.8261479847603771
10.083333333333337 0.8272073511785856
10.100000000000005 0.8226512738853502
10.116666666666672 0.8228877429591432
10.13333333333334 0.8191699604743082
10.150000000000007 0.8162662465537612
10.166666666666675 0.8149529042386184
10.183333333333342 0.8113023073914745
10.20000000000001 0.8127070746443189
10.216666666666677 0.8170518547290736
10.233333333333345 0.8166860240030973
10.250000000000012 0.820216049382716
10.26666666666668 0.8184964429917323
10.283333333333347 0.8188961287849751
10.300000000000015 0.819484240687679
10.316666666666682 0.8356816450875857
10.33333333333335 0.8384892769026381
10.350000000000017 0.8380628074158153
10.366666666666685 0.8449641644662392
10.383333333333352 0.8437676254935139
10.40000000000002 0.8350515463917525
10.416666666666687 0.8263875911044665
10.433333333333355 0.8261598658468419
10.450000000000022 0.8166790490341752
10.46666666666669 0.8211111111111111
10.483333333333357 0.8227146814404431
10.500000000000025 0.8392561222610937
10.516666666666692 0.8413805764641087
10.53333333333336 0.8480410106188209
10.550000000000027 0.8525009127418767
10.566666666666695 0.8463498998725651
10.583333333333362 0.8349673202614379
10.60000000000003 0.8357776570704327
10.616666666666697 0.8349584687612855
10.633333333333365 0.8289213037997479
10.650000000000032 0.825969827586207
10.6666666666667 0.8260791689056064
10.683333333333367 0.8431302483473291
10.700000000000035 0.8431652111923009
10.716666666666702 0.8425168858869536
10.73333333333337 0.8388297872340427
10.750000000000037 0.8309161655465158
10.766666666666705 0.8435074100211714
10.783333333333372 0.8479408658922913
10.80000000000004 0.8424934152765584
10.816666666666707 0.839551585216325
10.833333333333375 0.8360999475799407
10.850000000000042 0.8355997210599722
10.86666666666671 0.8330144372934423
10.883333333333377 0.8340853870183965
10.900000000000045 0.8372294372294372
10.916666666666712 0.8388044229440221
10.93333333333338 0.8398551973797621
10.950000000000047 0.8386652906776747
10.966666666666715 0.83693786474425
10.983333333333382 0.8068162356567905
11.00000000000005 0.8446419415484533
11.016666666666717 0.8296094149752686
11.033333333333385 0.8454468085106382
11.050000000000052 0.8479701036181417
11.06666666666672 0.8525173758264112
11.083333333333387 0.860067681895093
11.100000000000055 0.8387369132049982
11.116666666666722 0.8427439743805832
11.13333333333339 0.8550042052144659
11.150000000000057 0.8567830758898589
11.166666666666725 0.8510139098374393
11.183333333333392 0.8502843760455001
11.20000000000006 0.8478877942895309
11.216666666666727 0.84314052342057
11.233333333333395 0.8449251247920133
11.250000000000062 0.8456810631229236
11.26666666666673 0.8386668877466423
11.283333333333397 0.8427412680019866
11.300000000000065 0.8487853247397125
11.316666666666732 0.85084969476984
11.3333333333334 0.8555427441937078
11.350000000000067 0.8644736842105264
11.366666666666735 0.8610837438423645
11.383333333333402 0.8583374323659616
11.40000000000007 0.851530528728106
11.416666666666737 0.8470088264138609
11.433333333333405 0.8369511996082911
11.450000000000072 0.8329530638852672
11.46666666666674 0.8434244791666669
11.483333333333407 0.8495043068421908
11.500000000000075 0.8429081467056151
11.516666666666742 0.8505672609400324
11.53333333333341 0.856102298478472
11.550000000000077 0.8509537665696735
11.566666666666745 0.8372618663222473
11.583333333333412 0.836181876813931
11.60000000000008 0.8363929146537842
11.616666666666747 0.8206818912833709
11.633333333333415 0.856867469879518
11.650000000000082 0.8525589603722125
11.66666666666675 0.8594551282051283
11.683333333333417 0.8645749959980791
11.700000000000085 0.8695235049568276
11.716666666666752 0.8711068519405846
11.73333333333342 0.8662837083133876
11.750000000000087 0.8673892253745616
11.766666666666755 0.8652866242038217
11.783333333333422 0.868776841100684
11.80000000000009 0.8700143016049579
11.816666666666757 0.8671217653595809
11.833333333333425 0.8591593973037273
11.850000000000092 0.8618066561014263
11.86666666666676 0.8622545915136162
11.883333333333427 0.8627016766845935
11.900000000000095 0.8046467520151731
11.916666666666762 0.7569488313329121
11.93333333333343 0.6813949818526116
11.950000000000097 0.673131504257332
11.966666666666764 0.7037970694816448
11.983333333333432 0.7559823677581863
12.0000000000001 0.8009754562617999
12.016666666666767 0.848923125294765
12.033333333333434 0.8504320502749412
12.050000000000102 0.8739205526770293
12.06666666666677 0.870076886866468
12.083333333333437 0.876744550729183
12.100000000000104 0.8754113775270334
12.116666666666772 0.8775254502740799
12.13333333333344 0.8744520976831559
12.150000000000107 0.8695039899859178
12.166666666666774 0.8736315295589615
12.183333333333442 0.8685526727102221
12.20000000000011 0.8726761443524449
12.216666666666777 0.8705294393253161
12.233333333333444 0.8623165782079301
12.250000000000112 0.8639413325011701
12.26666666666678 0.8706909998440181
12.283333333333447 0.8788398565414003
12.300000000000114 0.8746687451286047
12.316666666666782 0.8795387252610254
12.33333333333345 0.8786415329490574
12.350000000000117 0.887400716399315
12.366666666666784 0.8917782622236065
12.383333333333452 0.8953922789539228
12.40000000000012 0.895875486381323
12.416666666666787 0.8949743270577252
12.433333333333454 0.891568139390168
12.450000000000122 0.8881630113547985
12.46666666666679 0.8850521076372686
12.483333333333457 0.8777604976671851
12.500000000000124 0.8746500777604976
12.516666666666792 0.8782459959570827
12.53333333333346 0.8776240087078214
12.550000000000127 0.8731146011506765
12.566666666666794 0.8628518115378635
12.583333333333462 0.8583424039807183
12.60000000000013 0.8667392318457471
12.616666666666797 0.8681181959564541
12.633333333333464 0.8707620528771385
12.650000000000132 0.8733862186965313
12.6666666666668 0.8722775357809583
12.683333333333467 0.8769254706706084
12.700000000000134 0.8770619358854652
12.716666666666802 0.880466926070039
12.73333333333347 0.8801183247703563
12.750000000000137 0.8783678554742252
12.766666666666804 0.8785046728971962
12.783333333333472 0.8884387659707073
12.80000000000014 0.8944825436408979
12.816666666666807 0.8857187402556908
12.833333333333474 0.8859950093574548
12.850000000000142 0.884399375975039
12.86666666666681 0.8848134852505073
12.883333333333477 0.8903810118675826
12.900000000000144 0.8797250859106529
12.916666666666812 0.874355368026254
12.93333333333348 0.8753908692933083
12.950000000000147 0.8862640801001251
12.966666666666814 0.8930975113476287
12.983333333333482 0.8883495145631068
13.00000000000015 0.8870260106549671
13.016666666666817 0.8905784605737577
13.033333333333484 0.8828235294117647
13.050000000000152 0.8788259299952912
13.06666666666682 0.8806345217527878
13.083333333333487 0.8767683118516191
13.100000000000154 0.8785781692356087
13.116666666666822 0.8896584290886196
13.13333333333349 0.891636478185541
13.150000000000157 0.8871374527112232
13.166666666666824 0.8832623442183309
13.183333333333492 0.8826965582570255
13.20000000000016 0.887817980723653
13.216666666666827 0.904965211891208
13.233333333333494 0.903767014878126
13.250000000000162 0.9032155868842071
13.26666666666683 0.9067702552719201
13.283333333333497 0.9120774480241232
13.300000000000164 0.9123113582208102
13.316666666666832 0.9138177770710765
13.3333333333335 0.9029126213592233
13.350000000000167 0.9020076481835564
13.366666666666834 0.9001594896331737
13.383333333333502 0.8952578636436213
13.400000000000169 0.8962595907928389
13.416666666666837 0.8947031525044007
13.433333333333504 0.893623838513297
13.450000000000172 0.8952686447473938
13.466666666666839 0.9036608863198459
13.483333333333507 0.9033762057877813
13.500000000000174 0.8998873330114276
13.516666666666842 0.9082997582594682
13.533333333333509 0.8907535904469904
13.550000000000177 0.8733236387138472
13.566666666666844 0.8930593755055816
13.583333333333512 0.8976186619147903
13.600000000000179 0.9007299270072993
13.616666666666847 0.887264457439896
13.633333333333514 0.8864671437865973
13.650000000000182 0.8998208177227561
13.666666666666849 0.8910277324632953
13.683333333333517 0.88024832543702
13.700000000000184 0.8964332460732984
13.716666666666852 0.9092249713255776
13.733333333333519 0.8897095027080256
13.750000000000187 0.8951347797501642
13.766666666666854 0.9250905498847546
13.783333333333522 0.9219986807387863
13.800000000000189 0.9294797687861273
13.816666666666857 0.9248841826604898
13.833333333333524 0.9154789526019225
13.850000000000191 0.9224767596281541
13.866666666666859 0.9165281010974392
13.883333333333526 0.9065467266366817
13.900000000000194 0.9033711615487316
13.916666666666861 0.9028752925442995
13.933333333333529 0.9030313180371797
13.950000000000196 0.9124161073825502
13.966666666666864 0.9209951252311313
13.983333333333531 0.9215091797203976
14.000000000000199 0.9098886263921702
14.016666666666866 0.8968723584108199
14.033333333333534 0.88615957987464
14.050000000000201 0.9110507553895774
14.066666666666869 0.9193740432046267
14.083333333333536 0.9226180330663031
14.100000000000204 0.9175064047822374
14.116666666666871 0.9051856922813624
14.133333333333539 0.907204116638079
14.150000000000206 0.9034032313509798
14.166666666666874 0.8902859111264209
14.183333333333541 0.8795097531503538
14.200000000000209 0.8871972318339101
14.216666666666876 0.8885035547078203
14.233333333333544 0.8905109489051094
14.250000000000211 0.8989723044765721
14.266666666666879 0.9025667888947092
14.283333333333546 0.9018200910045501
14.300000000000214 0.9119298245614036
14.316666666666881 0.9198171267803764
14.333333333333549 0.9227921734531994
14.350000000000216 0.9215409082876832
14.366666666666884 0.9069973427812223
14.383333333333551 0.9099627064464569
14.400000000000219 0.9173936264910093
14.416666666666886 0.9219921456622634
14.433333333333554 0.9287759484609879
14.450000000000221 0.9312757940068187
14.466666666666889 0.9417161359956826
14.483333333333556 0.9383116883116883
14.500000000000224 0.9296436968710435
14.516666666666891 0.9105912223431266
14.533333333333559 0.9176064023281194
14.550000000000226 0.9201167244209375
14.566666666666894 0.9286759326993417
14.583333333333561 0.933614524115166
14.600000000000229 0.914290969284532
14.616666666666896 0.8773289061058845
14.633333333333564 0.8677150786308975
14.650000000000231 0.8734459083317869
14.666666666666899 0.8790247533966127
14.683333333333566 0.8809034907597537
14.700000000000234 0.8827934843662236
14.716666666666901 0.887699530516432
14.733333333333569 0.8922381311228335
14.750000000000236 0.8972033257747544
14.766666666666904 0.891563981042654
14.783333333333571 0.891213389121339
14.800000000000239 0.8855180309101316
14.816666666666906 0.879594180704441
14.833333333333574 0.8690224697522566
14.850000000000241 0.8558766859344895
14.866666666666909 0.870674656872221
14.883333333333576 0.8818622696411252
14.900000000000244 0.8830284157259634
14.916666666666911 0.8683593749999998
14.933333333333579 0.8737997256515774
14.950000000000246 0.8940019665683382
14.966666666666914 0.8865206236431814
14.983333333333581 0.8797781738958209
15.000000000000249 0.8747763864042933
15.016666666666916 0.8458009176142032
15.033333333333584 0.8390068081698039
15.050000000000251 0.8313906752411575
15.066666666666919 0.8662497478313496
15.083333333333586 0.8742660457582505
15.100000000000254 0.8760162601626015
15.116666666666921 0.8675780452968781
15.133333333333589 0.8574354772634166
15.150000000000256 0.8659263828912194
15.166666666666924 0.8753096614368292
15.183333333333591 0.8770984455958549
15.200000000000259 0.864128173116937
15.216666666666926 0.8752872362648842
15.233333333333594 0.8764422068386826
15.250000000000261 0.8774220724515587
15.266666666666929 0.8775380710659899
15.283333333333596 0.8857264231096008
15.300000000000264 0.892727660481979
15.316666666666931 0.8982651531377168
15.333333333333599 0.8950311895031189
15.350000000000266 0.9025707496219486
15.366666666666934 0.9027988717726187
15.383333333333601 0.8945074106364428
15.400000000000269 0.8920753064798599
15.416666666666936 0.8940193491644679
15.433333333333604 0.8963993814888446
15.450000000000271 0.8939427557133348
15.466666666666939 0.8889879625501561
15.483333333333606 0.8875699888017918
15.500000000000274 0.8859392575928009
15.516666666666941 0.9005424954792044
15.533333333333609 0.9057460822166705
15.550000000000276 0.9007302601551802
15.566666666666944 0.8965833524421005
15.583333333333611 0.8944457248213873
15.600000000000279 0.9006484483557202
15.616666666666946 0.9069117989294857
15.633333333333614 0.9134502923976607
15.650000000000281 0.9228960977903151
15.666666666666949 0.9267485822306238
15.683333333333616 0.9254333887437663
15.700000000000284 0.923370732871807
15.716666666666951 0.9124070074394048
15.733333333333618 0.9102533172496985
15.750000000000286 0.9100387972841901
15.766666666666953 0.9037055095075572
15.783333333333621 0.895343137254902
15.800000000000288 0.8873551885629776
15.816666666666956 0.8778190830235441
15.833333333333623 0.8764016944928981
15.850000000000291 0.8812327737409171
15.866666666666958 0.8896169354838709
15.883333333333626 0.900658895083629
15.900000000000293 0.9018608208004079
15.916666666666961 0.902589079723148
15.933333333333628 0.9102630221763794
15.950000000000296 0.9123216601815825
15.966666666666963 0.9175580485259589
15.983333333333631 0.922047244094488
