0 0.0
0.016666666666666666 0.0
0.03333333333333333 0.0
0.05 0.0
0.06666666666666667 0.0
0.08333333333333333 0.0
0.09999999999999999 0.0
0.11666666666666665 0.0
0.13333333333333333 0.0
0.15 0.0
0.16666666666666666 0.0
0.18333333333333332 0.0
0.19999999999999998 0.0
0.21666666666666665 0.0
0.2333333333333333 0.0
0.24999999999999997 0.0
0.26666666666666666 0.0
0.2833333333333333 0.0
0.3 0.0
0.31666666666666665 0.0
0.3333333333333333 0.0
0.35 0.0
0.36666666666666664 0.0
0.3833333333333333 0.0
0.39999999999999997 0.0
0.41666666666666663 0.0
0.4333333333333333 0.0
0.44999999999999996 0.0
0.4666666666666666 0.0
0.4833333333333333 0.0
0.49999999999999994 0.0
0.5166666666666666 0.0
0.5333333333333333 0.0
0.55 0.0
0.5666666666666668 0.0
0.5833333333333335 0.0
0.6000000000000002 0.0
0.6166666666666669 0.0
0.6333333333333336 0.0
0.6500000000000004 0.0
0.6666666666666671 0.0
0.6833333333333338 0.0
0.7000000000000005 0.0
0.7166666666666672 0.0
0.733333333333334 0.0
0.7500000000000007 0.0
0.7666666666666674 0.0
0.7833333333333341 0.0
0.8000000000000008 0.0
0.8166666666666675 0.0
0.8333333333333343 0.0
0.850000000000001 0.0
0.8666666666666677 0.0
0.8833333333333344 0.0
0.9000000000000011 0.0
0.9166666666666679 0.0
0.9333333333333346 0.0
0.9500000000000013 0.0
0.966666666666668 0.0
0.9833333333333347 0.0
1.0000000000000013 0.0
1.016666666666668 0.0
1.0333333333333345 0.0
1.0500000000000012 0.0
1.0666666666666678 0.0
1.0833333333333344 0.0
1.100000000000001 0.0
1.1166666666666676 0.0
1.1333333333333342 0.0
1.1500000000000008 0.0
1.1666666666666674 0.0
1.183333333333334 0.0
1.2000000000000006 0.0
1.2166666666666672 0.0
1.2333333333333338 0.0
1.2500000000000004 0.0
1.266666666666667 0.0
1.2833333333333337 0.0
1.3000000000000003 0.0
1.3166666666666669 0.0
1.3333333333333335 0.0
1.35 0.0
1.3666666666666667 0.0
1.3833333333333333 0.0
1.4 0.0
1.4166666666666665 0.0
1.4333333333333331 0.0
1.4499999999999997 0.0
1.4666666666666663 0.0
1.483333333333333 0.0
1.4999999999999996 0.0
1.5166666666666662 0.0
1.5333333333333328 0.0
1.5499999999999994 0.0
1.566666666666666 0.0
1.5833333333333326 0.0
1.5999999999999992 0.0
1.6166666666666658 0.0
1.6333333333333324 0.0
1.649999999999999 0.0
1.6666666666666656 0.0
1.6833333333333322 0.0
1.6999999999999988 0.0
1.7166666666666655 0.0
1.733333333333332 0.0
1.7499999999999987 0.0
1.7666666666666653 0.0
1.7833333333333319 0.0
1.7999999999999985 0.0
1.816666666666665 0.0
1.8333333333333317 0.0
1.8499999999999983 0.0
1.866666666666665 0.0
1.8833333333333315 0.0
1.8999999999999981 0.0
1.9166666666666647 0.0
1.9333333333333313 0.0
1.949999999999998 0.0
1.9666666666666646 0.0
1.9833333333333312 0.0
1.9999999999999978 0.0
2.0166666666666644 0.0
2.033333333333331 0.0
2.0499999999999976 0.0
2.066666666666664 0.0
2.083333333333331 0.0
2.0999999999999974 0.0
2.116666666666664 0.0
2.1333333333333306 0.0
2.1499999999999972 0.0
2.166666666666664 0.0
2.1833333333333305 0.0
2.199999999999997 0.0
2.2166666666666637 0.0
2.2333333333333303 0.0
2.249999999999997 0.0
2.2666666666666635 0.0
2.28333333333333 0.0
2.2999999999999967 0.0
2.3166666666666633 0.0
2.33333333333333 0.0
2.3499999999999965 0.0
2.366666666666663 0.0
2.3833333333333298 0.0
2.3999999999999964 0.0
2.416666666666663 0.0
2.4333333333333296 0.0
2.449999999999996 0.0
2.466666666666663 0.0
2.4833333333333294 0.0
2.499999999999996 0.0
2.5166666666666626 0.0
2.533333333333329 0.0
2.549999999999996 0.0
2.5666666666666624 0.0
2.583333333333329 0.0
2.5999999999999956 0.0
2.6166666666666623 0.0
2.633333333333329 0.0
2.6499999999999955 0.0
2.666666666666662 0.0
2.6833333333333287 0.0
2.6999999999999953 0.0
2.716666666666662 0.0
2.7333333333333285 0.0
2.749999999999995 0.0
2.7666666666666617 0.0
2.7833333333333283 0.0
2.799999999999995 0.0
2.8166666666666615 0.0
2.833333333333328 0.0
2.8499999999999948 0.0
2.8666666666666614 0.0
2.883333333333328 0.0
2.8999999999999946 0.0
2.916666666666661 0.0
2.933333333333328 0.0
2.9499999999999944 0.0
2.966666666666661 0.0
2.9833333333333276 0.0
2.9999999999999942 0.0
3.016666666666661 0.0
3.0333333333333274 0.0
3.049999999999994 0.0
3.0666666666666607 0.0
3.0833333333333273 0.0
3.099999999999994 0.0
3.1166666666666605 0.0
3.133333333333327 0.0
3.1499999999999937 0.0
3.1666666666666603 0.0
3.183333333333327 0.0
3.1999999999999935 0.0
3.21666666666666 0.0
3.2333333333333267 0.0
3.2499999999999933 0.0
3.26666666666666 0.0
3.2833333333333266 0.0
3.299999999999993 0.0
3.3166666666666598 0.0
3.3333333333333264 0.0
3.349999999999993 0.0
3.3666666666666596 0.0
3.383333333333326 0.0
3.399999999999993 0.0
3.4166666666666594 0.0
3.433333333333326 0.0
3.4499999999999926 0.0
3.4666666666666592 0.0
3.483333333333326 0.0
3.4999999999999925 0.0
3.516666666666659 0.0
3.5333333333333257 0.0
3.5499999999999923 0.0
3.566666666666659 0.0
3.5833333333333255 0.0
3.599999999999992 0.0
3.6166666666666587 0.0
3.6333333333333253 0.0
3.649999999999992 0.0
3.6666666666666585 0.0
3.683333333333325 0.0
3.6999999999999917 0.0
3.7166666666666583 0.0
3.733333333333325 0.0
3.7499999999999916 0.0
3.766666666666658 0.0
3.7833333333333248 0.0
3.7999999999999914 0.0
3.816666666666658 0.0
3.8333333333333246 0.0
3.849999999999991 0.0
3.866666666666658 0.0
3.8833333333333244 0.0
3.899999999999991 0.0
3.9166666666666576 0.0
3.9333333333333242 0.0
3.949999999999991 0.0
3.9666666666666575 0.0
3.983333333333324 0.0
3.9999999999999907 0.0
4.016666666666658 0.0
4.033333333333324 0.0
4.049999999999991 0.0
4.0666666666666575 0.0
4.083333333333324 0.0
4.099999999999991 0.0
4.116666666666657 0.0
4.133333333333324 0.0
4.149999999999991 0.0
4.166666666666657 0.0
4.183333333333324 0.0
4.19999999999999 0.0
4.216666666666657 0.0
4.233333333333324 0.0
4.24999999999999 0.0
4.266666666666657 0.0
4.2833333333333234 0.0
4.29999999999999 0.0
4.316666666666657 0.0
4.333333333333323 0.0
4.34999999999999 0.0
4.3666666666666565 0.0
4.383333333333323 0.0
4.39999999999999 0.0
4.416666666666656 0.0
4.433333333333323 0.0
4.4499999999999895 0.0
4.466666666666656 0.0
4.483333333333323 0.0
4.499999999999989 0.0
4.516666666666656 0.0
4.533333333333323 0.0
4.549999999999989 0.0
4.566666666666656 0.0
4.583333333333322 0.0
4.599999999999989 0.0
4.616666666666656 0.0
4.633333333333322 0.0
4.649999999999989 0.0
4.666666666666655 0.0
4.683333333333322 0.0
4.699999999999989 0.0
4.716666666666655 0.0
4.733333333333322 0.0
4.7499999999999885 0.0
4.766666666666655 0.0
4.783333333333322 0.0
4.799999999999988 0.0
4.816666666666655 0.0
4.8333333333333215 0.0
4.849999999999988 0.0
4.866666666666655 0.0
4.883333333333321 0.0
4.899999999999988 0.0
4.9166666666666545 0.0
4.933333333333321 0.0
4.949999999999988 0.0
4.966666666666654 0.0
4.983333333333321 0.0
4.999999999999988 0.0
5.016666666666654 0.0
5.033333333333321 0.0
5.049999999999987 0.0
5.066666666666654 0.0
5.083333333333321 0.0
5.099999999999987 0.0
5.116666666666654 0.0
5.13333333333332 0.0
5.149999999999987 0.0
5.166666666666654 0.0
5.18333333333332 0.0
5.199999999999987 0.0
5.2166666666666535 0.0
5.23333333333332 0.0
5.249999999999987 0.0
5.266666666666653 0.0
5.28333333333332 0.0
5.2999999999999865 0.0
5.316666666666653 0.0
5.33333333333332 0.0
5.349999999999986 0.0
5.366666666666653 0.0
5.3833333333333195 0.0
5.399999999999986 0.0
5.416666666666653 0.0
5.433333333333319 0.0
5.449999999999986 0.0
5.466666666666653 0.0
5.483333333333319 0.0
5.499999999999986 0.0
5.516666666666652 0.0
5.533333333333319 0.0
5.549999999999986 0.0
5.566666666666652 0.0
5.583333333333319 0.0
5.599999999999985 0.0
5.616666666666652 0.0
5.633333333333319 0.0
5.649999999999985 0.0
5.666666666666652 0.0
5.6833333333333185 0.0
5.699999999999985 0.0
5.716666666666652 0.0
5.733333333333318 0.0
5.749999999999985 0.0
5.7666666666666515 0.0
5.783333333333318 0.0
5.799999999999985 0.0
5.816666666666651 0.0
5.833333333333318 0.0
5.8499999999999845 0.0
5.866666666666651 0.0
5.883333333333318 0.0
5.899999999999984 0.0
5.916666666666651 0.0
5.933333333333318 0.0
5.949999999999984 0.0
5.966666666666651 0.0
5.983333333333317 0.0
5.999999999999984 0.0
6.016666666666651 0.0
6.033333333333317 0.0
6.049999999999984 0.0
6.06666666666665 0.0
6.083333333333317 0.0
6.099999999999984 0.0
6.11666666666665 0.04
6.133333333333317 0.04
6.1499999999999835 0.04
6.16666666666665 0.04
6.183333333333317 0.08
6.199999999999983 0.10999999999999999
6.21666666666665 0.10999999999999999
6.2333333333333165 0.10999999999999999
6.249999999999983 0.15
6.26666666666665 0.15
6.283333333333316 0.15
6.299999999999983 0.19
6.3166666666666496 0.19
6.333333333333316 0.22999999999999998
6.349999999999983 0.27
6.366666666666649 0.31
6.383333333333316 0.31
6.399999999999983 0.34
6.416666666666649 0.34
6.433333333333316 0.34
6.449999999999982 0.38
6.466666666666649 0.38
6.483333333333316 0.42000000000000004
6.499999999999982 0.45999999999999996
6.516666666666649 0.5
6.5333333333333155 0.54
6.549999999999982 0.54
6.566666666666649 0.5700000000000001
6.583333333333315 0.61
6.599999999999982 0.65
6.6166666666666485 0.6900000000000001
6.633333333333315 0.73
6.649999999999982 0.77
6.666666666666648 0.8
6.683333333333315 0.8
6.6999999999999815 0.8799999999999999
6.716666666666648 0.9199999999999999
6.733333333333315 0.9199999999999999
6.749999999999981 0.9199999999999999
6.766666666666648 0.96
6.783333333333315 1.0
6.799999999999981 1.07
6.816666666666648 1.11
6.833333333333314 1.19
6.849999999999981 1.26
6.866666666666648 1.3
6.883333333333314 1.34
6.899999999999981 1.34
6.916666666666647 1.34
6.933333333333314 1.34
6.949999999999981 1.34
6.966666666666647 1.34
6.983333333333314 1.34
6.9999999999999805 1.3800000000000001
7.016666666666647 1.3800000000000001
7.033333333333314 1.34
7.04999999999998 1.34
7.066666666666647 1.26
7.0833333333333135 1.1500000000000001
7.09999999999998 1.3
7.116666666666647 1.34
7.133333333333313 1.45
7.14999999999998 1.6500000000000001
7.1666666666666465 1.9100000000000001
7.183333333333313 2.18
7.19999999999998 2.41
7.216666666666646 2.6
7.233333333333313 2.7600000000000002
7.24999999999998 2.8699999999999997
7.266666666666646 2.98
7.283333333333313 3.03
7.299999999999979 3.14
7.316666666666646 3.2600000000000002
7.333333333333313 3.37
7.349999999999979 3.4499999999999997
7.366666666666646 3.5599999999999996
7.383333333333312 3.6399999999999997
7.399999999999979 3.79
7.416666666666646 3.9400000000000004
7.433333333333312 4.14
7.449999999999979 4.32
7.4666666666666455 4.5200000000000005
7.483333333333312 4.67
7.499999999999979 4.83
7.516666666666645 4.97
7.533333333333312 5.13
7.5499999999999785 5.28
7.566666666666645 5.470000000000001
7.583333333333312 5.709999999999999
7.599999999999978 5.97
7.616666666666645 6.24
7.6333333333333115 6.5
7.649999999999978 6.74
7.666666666666645 7.119999999999999
7.683333333333311 7.24
7.699999999999978 7.279999999999999
7.716666666666645 7.43
7.733333333333311 7.42
7.749999999999978 7.51
7.766666666666644 7.61
7.783333333333311 7.7
7.799999999999978 7.7700000000000005
7.816666666666644 7.84
7.833333333333311 7.890000000000001
7.849999999999977 7.960000000000001
7.866666666666644 8.0
7.883333333333311 8.120000000000001
7.899999999999977 8.19
7.916666666666644 8.34
7.9333333333333105 8.5
7.949999999999977 8.65
7.966666666666644 8.84
7.98333333333331 8.99
7.999999999999977 9.15
8.016666666666644 9.26
8.033333333333312 9.34
8.04999999999998 9.42
8.066666666666647 9.45
8.083333333333314 9.5
8.099999999999982 9.53
8.11666666666665 9.6
8.133333333333317 9.73
8.149999999999984 9.879999999999999
8.166666666666652 10.1
8.18333333333332 10.26
8.199999999999987 10.489999999999998
8.216666666666654 10.67
8.233333333333322 10.91
8.24999999999999 11.129999999999999
8.266666666666657 11.45
8.283333333333324 11.51
8.299999999999992 11.719999999999999
8.31666666666666 11.950000000000001
8.333333333333327 12.09
8.349999999999994 12.21
8.366666666666662 12.44
8.38333333333333 12.74
8.399999999999997 13.02
8.416666666666664 13.209999999999999
8.433333333333332 13.71
8.45 14.86
8.466666666666667 16.200000000000003
8.483333333333334 16.54
8.500000000000002 15.51
8.51666666666667 16.240000000000002
8.533333333333337 14.59
8.550000000000004 14.9
8.566666666666672 14.510000000000002
8.58333333333334 13.59
8.600000000000007 12.9
8.616666666666674 11.950000000000001
8.633333333333342 11.36
8.65000000000001 11.180000000000001
8.666666666666677 11.22
8.683333333333344 11.55
8.700000000000012 11.950000000000001
8.71666666666668 12.52
8.733333333333347 13.27
8.750000000000014 13.899999999999999
8.766666666666682 14.55
8.78333333333335 15.3
8.800000000000017 16.080000000000002
8.816666666666684 16.810000000000002
8.833333333333352 17.79
8.85000000000002 17.04
8.866666666666687 16.27
8.883333333333354 15.700000000000001
8.900000000000022 15.35
8.91666666666669 15.149999999999999
8.933333333333357 15.2
8.950000000000024 15.58
8.966666666666692 15.89
8.98333333333336 15.91
9.000000000000027 15.620000000000001
9.016666666666694 15.66
9.033333333333362 15.24
9.05000000000003 14.01
9.066666666666697 12.59
9.083333333333364 11.639999999999999
9.100000000000032 11.41
9.1166666666667 11.6
9.133333333333367 12.14
9.150000000000034 12.93
9.166666666666702 13.899999999999999
9.183333333333369 14.930000000000001
9.200000000000037 15.58
9.216666666666704 16.33
9.233333333333372 17.58
9.250000000000039 18.53
9.266666666666707 19.8
9.283333333333374 19.759999999999998
9.300000000000042 18.799999999999997
9.316666666666709 18.34
9.333333333333377 18.380000000000003
9.350000000000044 19.490000000000002
9.366666666666712 21.06
9.383333333333379 20.6
9.400000000000047 21.02
9.416666666666714 20.259999999999998
9.433333333333382 20.06
9.450000000000049 20.910000000000004
9.466666666666717 22.82
9.483333333333384 24.28
9.500000000000052 28.17
9.516666666666719 25.910000000000004
9.533333333333387 28.439999999999998
9.550000000000054 28.36
9.566666666666721 37.64
9.583333333333389 33.650000000000006
9.600000000000056 28.279999999999998
9.616666666666724 22.080000000000002
9.633333333333391 20.310000000000002
9.650000000000059 19.68
9.666666666666726 19.490000000000002
9.683333333333394 19.64
9.700000000000061 20.910000000000004
9.716666666666729 22.040000000000003
9.733333333333396 22.770000000000003
9.750000000000064 22.38
9.766666666666731 22.58
9.783333333333399 23.23
9.800000000000066 25.8
9.816666666666734 26.549999999999997
9.833333333333401 26.28
9.850000000000069 25.57
9.866666666666736 24.72
9.883333333333404 24.07
9.900000000000071 23.11
9.916666666666739 22.0
9.933333333333406 21.43
9.950000000000074 21.16
9.966666666666741 21.16
9.983333333333409 21.389999999999997
10.000000000000076 21.73
10.016666666666744 21.95
10.033333333333411 22.330000000000002
10.050000000000079 22.919999999999998
10.066666666666746 23.21
10.083333333333414 23.290000000000003
10.100000000000081 23.42
10.116666666666749 23.730000000000004
10.133333333333416 24.3
10.150000000000084 24.529999999999998
10.166666666666751 24.45
10.183333333333419 24.32
10.200000000000086 24.529999999999998
10.216666666666754 24.79
10.233333333333421 24.67
10.250000000000089 24.42
10.266666666666756 24.26
10.283333333333424 24.15
10.300000000000091 24.07
10.316666666666759 24.26
10.333333333333426 24.68
10.350000000000094 25.41
10.366666666666761 26.18
10.383333333333429 26.95
10.400000000000096 27.330000000000002
10.416666666666764 27.71
10.433333333333431 30.74
10.450000000000099 43.89
10.466666666666766 44.97
10.483333333333434 41.78
10.500000000000101 50.27
10.516666666666769 55.839999999999996
10.533333333333436 51.64
10.550000000000104 49.14
10.566666666666771 55.66
10.583333333333439 55.87
10.600000000000106 56.559999999999995
10.616666666666774 56.48
10.633333333333441 55.599999999999994
10.650000000000109 55.099999999999994
10.666666666666776 55.300000000000004
10.683333333333444 55.910000000000004
10.700000000000111 55.87
10.716666666666779 54.13
10.733333333333446 55.14
10.750000000000114 53.35
10.766666666666781 50.14
10.783333333333449 52.93
10.800000000000116 43.91
10.816666666666784 45.7
10.833333333333451 51.68
10.850000000000119 52.24
10.866666666666786 54.91
10.883333333333454 57.44
10.900000000000121 56.349999999999994
10.916666666666789 57.400000000000006
10.933333333333456 57.24
10.950000000000124 57.36
10.966666666666791 57.59
10.983333333333459 57.67
11.000000000000126 59.04
11.016666666666794 58.58
11.033333333333461 59.349999999999994
11.050000000000129 53.31
11.066666666666796 55.83
11.083333333333464 42.04
11.100000000000131 34.620000000000005
11.116666666666799 45.64
11.133333333333466 56.86
11.150000000000134 56.980000000000004
11.166666666666801 58.739999999999995
11.183333333333469 57.93
11.200000000000136 59.42
11.216666666666804 40.970000000000006
11.233333333333471 41.580000000000005
11.250000000000139 57.44
11.266666666666806 60.26
11.283333333333474 62.33
11.300000000000141 63.09
11.316666666666809 63.09
11.333333333333476 60.910000000000004
11.350000000000144 61.03
11.366666666666811 60.910000000000004
11.383333333333479 58.7
11.400000000000146 57.67
11.416666666666814 59.349999999999994
11.433333333333481 63.32
11.450000000000149 64.12
11.466666666666816 63.36
11.483333333333483 64.05
11.500000000000151 37.26
11.516666666666818 44.94
11.533333333333486 57.779999999999994
11.550000000000153 53.0
11.566666666666821 55.67999999999999
11.583333333333488 50.019999999999996
11.600000000000156 24.529999999999998
11.616666666666823 21.74
11.633333333333491 21.09
11.650000000000158 21.32
11.666666666666826 23.2
11.683333333333493 39.02
11.700000000000161 57.76
11.716666666666828 56.28999999999999
11.733333333333496 60.11
11.750000000000163 61.91
11.766666666666831 59.269999999999996
11.783333333333498 59.58
11.800000000000166 47.39
11.816666666666833 51.21000000000001
11.833333333333501 60.55
11.850000000000168 53.58
11.866666666666836 55.37
11.883333333333503 42.72
11.90000000000017 29.729999999999997
11.916666666666838 27.06
11.933333333333506 35.54
11.950000000000173 56.46
11.96666666666684 61.43
11.983333333333508 63.86
12.000000000000176 61.260000000000005
12.016666666666843 57.76
12.03333333333351 59.379999999999995
12.050000000000178 60.72
12.066666666666846 62.59
12.083333333333513 63.019999999999996
12.10000000000018 62.59
12.116666666666848 61.980000000000004
12.133333333333516 62.71
12.150000000000183 63.97
12.16666666666685 64.05
12.183333333333518 59.379999999999995
12.200000000000186 60.45
12.216666666666853 64.42999999999999
12.23333333333352 60.15
12.250000000000188 52.77
12.266666666666856 57.93
12.283333333333523 60.910000000000004
12.30000000000019 61.49
12.316666666666858 54.57
12.333333333333526 53.39
12.350000000000193 40.010000000000005
12.36666666666686 38.56
12.383333333333528 33.21
12.400000000000196 29.35
12.416666666666863 29.310000000000002
12.43333333333353 31.939999999999998
12.450000000000198 30.689999999999998
12.466666666666866 25.71
12.483333333333533 23.69
12.5000000000002 23.410000000000004
12.516666666666868 24.04
12.533333333333536 28.700000000000003
12.550000000000203 29.42
12.56666666666687 30.73
12.583333333333538 30.73
12.600000000000206 43.760000000000005
12.616666666666873 36.339999999999996
12.63333333333354 29.4
12.650000000000208 23.46
12.666666666666876 25.21
12.683333333333543 26.61
12.70000000000021 23.11
12.716666666666878 21.909999999999997
12.733333333333546 21.31
12.750000000000213 20.97
12.76666666666688 21.259999999999998
12.783333333333548 22.27
12.800000000000216 24.25
12.816666666666883 27.240000000000002
12.83333333333355 33.26
12.850000000000218 36.26
12.866666666666886 42.24
12.883333333333553 38.6
12.90000000000022 27.71
12.916666666666888 25.169999999999998
12.933333333333556 24.169999999999998
12.950000000000223 23.97
12.96666666666689 21.37
12.983333333333558 20.830000000000002
13.000000000000226 22.75
13.016666666666893 24.860000000000003
13.03333333333356 25.67
13.050000000000228 21.869999999999997
13.066666666666896 19.55
13.083333333333563 18.86
13.10000000000023 18.82
13.116666666666898 18.990000000000002
13.133333333333566 18.380000000000003
13.150000000000233 16.77
13.1666666666669 16.25
13.183333333333568 17.9
13.200000000000236 13.34
13.216666666666903 11.040000000000001
13.23333333333357 9.74
13.250000000000238 8.54
13.266666666666906 7.43
13.283333333333573 6.51
13.30000000000024 5.779999999999999
13.316666666666908 5.25
13.333333333333576 4.79
13.350000000000243 4.5200000000000005
13.36666666666691 4.33
13.383333333333578 4.21
13.400000000000245 4.0200000000000005
13.416666666666913 3.79
13.43333333333358 3.79
13.450000000000248 4.0600000000000005
13.466666666666915 4.5600000000000005
13.483333333333583 5.21
13.50000000000025 5.97
13.516666666666918 6.82
13.533333333333585 7.47
13.550000000000253 7.8100000000000005
13.56666666666692 8.08
13.583333333333588 8.35
13.600000000000255 8.08
13.616666666666923 9.27
13.63333333333359 9.11
13.650000000000258 8.69
13.666666666666925 8.08
13.683333333333593 7.39
13.70000000000026 6.78
13.716666666666928 6.09
13.733333333333595 5.4
13.750000000000263 4.75
13.76666666666693 4.14
13.783333333333598 3.5999999999999996
13.800000000000265 3.21
13.816666666666933 2.9899999999999998
13.8333333333336 2.9899999999999998
13.850000000000268 3.1
13.866666666666935 3.21
13.883333333333603 3.37
13.90000000000027 3.41
13.916666666666938 3.4799999999999995
13.933333333333605 3.5599999999999996
13.950000000000273 3.63
13.96666666666694 3.71
13.983333333333608 3.75
14.000000000000275 3.83
14.016666666666943 3.9400000000000004
14.03333333333361 4.0200000000000005
14.050000000000278 4.0600000000000005
14.066666666666945 4.1
14.083333333333613 4.14
14.10000000000028 4.17
14.116666666666948 4.21
14.133333333333615 4.21
14.150000000000283 4.17
14.16666666666695 4.13
14.183333333333618 4.13
14.200000000000285 4.17
14.216666666666953 4.21
14.23333333333362 4.25
14.250000000000288 4.25
14.266666666666955 4.32
14.283333333333623 4.36
14.30000000000029 4.4
14.316666666666958 4.48
14.333333333333625 4.51
14.350000000000293 4.51
14.36666666666696 4.48
14.383333333333628 4.37
14.400000000000295 4.21
14.416666666666963 4.09
14.43333333333363 4.0200000000000005
14.450000000000298 4.0200000000000005
14.466666666666965 4.1
14.483333333333633 4.17
14.5000000000003 4.25
14.516666666666968 4.32
14.533333333333635 4.32
14.550000000000303 4.28
14.56666666666697 4.21
14.583333333333638 4.14
14.600000000000305 4.0200000000000005
14.616666666666973 3.9400000000000004
14.63333333333364 3.9000000000000004
14.650000000000308 3.8600000000000003
14.666666666666975 3.83
14.683333333333643 3.83
14.70000000000031 3.75
14.716666666666978 3.75
14.733333333333645 3.71
14.750000000000313 3.67
14.76666666666698 3.67
14.783333333333648 3.63
14.800000000000315 3.63
14.816666666666983 3.63
14.83333333333365 3.63
14.850000000000318 3.6399999999999997
14.866666666666985 3.6399999999999997
14.883333333333653 3.63
14.90000000000032 3.63
14.916666666666988 3.63
14.933333333333655 3.63
14.950000000000323 3.5999999999999996
14.96666666666699 3.5599999999999996
14.983333333333658 3.5599999999999996
15.000000000000325 3.5199999999999996
15.016666666666993 3.4799999999999995
15.03333333333366 3.4399999999999995
15.050000000000328 3.4000000000000004
15.066666666666995 3.37
15.083333333333663 3.33
15.10000000000033 3.29
15.116666666666998 3.21
15.133333333333665 3.18
15.150000000000333 3.14
15.166666666667 3.1
15.183333333333668 3.06
15.200000000000335 2.98
15.216666666667003 2.9499999999999997
15.23333333333367 2.8699999999999997
15.250000000000338 2.8299999999999996
15.266666666667005 2.79
15.283333333333672 2.75
15.30000000000034 2.72
15.316666666667007 2.72
15.333333333333675 2.72
15.350000000000342 2.72
15.36666666666701 2.75
15.383333333333677 2.79
15.400000000000345 2.8299999999999996
15.416666666667012 2.8699999999999997
15.43333333333368 2.9499999999999997
15.450000000000347 2.98
15.466666666667015 3.06
15.483333333333682 3.18
15.50000000000035 3.29
15.516666666667017 3.37
15.533333333333685 3.5199999999999996
15.550000000000352 3.5999999999999996
15.56666666666702 3.71
15.583333333333687 3.83
15.600000000000355 3.9400000000000004
15.616666666667022 4.0600000000000005
15.63333333333369 4.21
15.650000000000357 4.32
15.666666666667025 4.51
15.683333333333692 4.63
15.70000000000036 4.779999999999999
15.716666666667027 4.9
15.733333333333695 5.01
15.750000000000362 5.09
15.76666666666703 5.13
15.783333333333697 5.09
15.800000000000365 5.05
15.816666666667032 4.5600000000000005
15.8333333333337 4.82
15.850000000000367 4.67
15.866666666667035 4.51
15.883333333333702 4.4
15.90000000000037 4.28
15.916666666667037 4.17
15.933333333333705 4.09
15.950000000000372 4.0200000000000005
15.96666666666704 3.9800000000000004
15.983333333333707 3.9400000000000004
16.000000000000373 3.91
16.01666666666704 3.91
16.033333333333704 3.9000000000000004
16.05000000000037 3.9000000000000004
16.066666666667036 3.91
16.0833333333337 3.9400000000000004
16.100000000000367 4.0200000000000005
16.116666666667033 4.09
16.1333333333337 4.17
16.150000000000365 4.25
16.16666666666703 4.32
16.183333333333696 4.4
16.20000000000036 4.44
16.216666666667027 4.37
16.233333333333693 4.13
16.25000000000036 3.71
16.266666666667025 3.22
16.28333333333369 2.72
16.300000000000356 2.33
16.31666666666702 2.14
16.333333333333687 2.0300000000000002
16.350000000000353 2.14
16.36666666666702 2.64
16.383333333333685 3.18
16.40000000000035 3.5199999999999996
16.416666666667016 3.5599999999999996
16.43333333333368 3.2600000000000002
16.450000000000347 2.68
16.466666666667013 2.07
16.48333333333368 1.7199999999999998
16.500000000000345 1.6500000000000001
16.51666666666701 1.9100000000000001
16.533333333333676 2.41
16.55000000000034 3.03
16.566666666667007 3.71
16.583333333333673 4.33
16.60000000000034 4.59
16.616666666667005 4.55
16.63333333333367 4.28
16.650000000000336 4.13
16.666666666667002 4.13
16.683333333333668 4.32
16.700000000000333 4.59
16.716666666667 4.859999999999999
16.733333333333665 4.98
16.75000000000033 5.05
16.766666666666996 5.05
16.783333333333662 5.01
16.800000000000328 4.9
16.816666666666993 4.779999999999999
16.83333333333366 4.75
16.850000000000325 4.9
16.86666666666699 5.390000000000001
16.883333333333656 6.04
16.900000000000322 6.66
16.916666666666988 7.119999999999999
16.933333333333653 7.35
16.95000000000032 7.46
16.966666666666985 7.54
16.98333333333365 7.69
17.000000000000316 7.84
17.016666666666982 7.960000000000001
17.033333333333648 8.08
17.050000000000313 8.23
17.06666666666698 8.34
17.083333333333645 8.49
17.10000000000031 8.45
17.116666666666976 8.26
17.133333333333642 7.7700000000000005
17.150000000000308 7.119999999999999
17.166666666666973 6.62
17.18333333333364 6.43
17.200000000000305 6.54
17.21666666666697 6.73
17.233333333333636 6.92
17.250000000000302 7.039999999999999
17.266666666666968 7.2299999999999995
17.283333333333633 7.54
17.3000000000003 7.960000000000001
17.316666666666965 8.42
17.33333333333363 8.91
17.350000000000296 9.27
17.366666666666962 9.49
17.383333333333628 9.370000000000001
17.400000000000293 8.99
17.41666666666696 8.45
17.433333333333625 7.92
17.45000000000029 7.51
17.466666666666956 7.1499999999999995
17.483333333333622 6.8500000000000005
17.500000000000288 6.62
17.516666666666953 6.43
17.53333333333362 6.28
17.550000000000285 6.08
17.56666666666695 5.81
17.583333333333616 5.4
17.600000000000282 4.9
17.616666666666948 4.25
17.633333333333614 3.5599999999999996
17.65000000000028 2.98
17.666666666666945 2.49
17.68333333333361 2.14
17.700000000000276 1.9100000000000001
17.716666666666942 1.7599999999999998
17.733333333333608 1.61
17.750000000000274 1.49
17.76666666666694 1.3800000000000001
17.783333333333605 1.3
17.80000000000027 1.26
17.816666666666936 1.22
17.833333333333602 1.19
17.850000000000268 1.19
17.866666666666934 1.19
17.8833333333336 1.19
17.900000000000265 1.19
17.91666666666693 1.22
17.933333333333596 1.26
17.950000000000262 1.26
17.966666666666928 1.3
17.983333333333594 1.3800000000000001
18.00000000000026 1.53
18.016666666666925 1.61
18.03333333333359 1.61
18.050000000000257 1.22
18.066666666666922 1.6800000000000002
18.083333333333588 1.6500000000000001
18.100000000000254 1.8399999999999999
18.11666666666692 1.87
18.133333333333585 2.0300000000000002
18.15000000000025 2.1
18.166666666666917 2.18
18.183333333333582 2.22
18.200000000000248 2.18
18.216666666666914 2.14
18.23333333333358 2.07
18.250000000000245 1.9500000000000002
18.26666666666691 1.8399999999999999
18.283333333333577 1.7599999999999998
18.300000000000242 1.6900000000000002
18.316666666666908 1.61
18.333333333333574 1.57
18.35000000000024 1.53
18.366666666666905 1.53
18.38333333333357 1.53
18.400000000000237 1.49
18.416666666666902 1.45
18.433333333333568 1.45
18.450000000000234 1.45
18.4666666666669 1.42
18.483333333333565 1.42
18.50000000000023 1.3800000000000001
18.516666666666897 1.3800000000000001
18.533333333333562 1.34
18.550000000000228 1.34
18.566666666666894 1.34
18.58333333333356 1.3
18.600000000000225 1.26
18.61666666666689 1.22
18.633333333333557 1.19
18.650000000000222 1.1500000000000001
18.666666666666888 1.11
18.683333333333554 1.07
18.70000000000022 1.07
18.716666666666885 1.03
18.73333333333355 0.99
18.750000000000217 0.99
18.766666666666882 0.99
18.783333333333548 0.96
18.800000000000214 0.9199999999999999
18.81666666666688 0.8799999999999999
18.833333333333545 0.8400000000000001
18.85000000000021 0.8
18.866666666666877 0.8
18.883333333333542 0.77
18.900000000000208 0.73
18.916666666666874 0.65
18.93333333333354 0.61
18.950000000000205 0.5700000000000001
18.96666666666687 0.54
18.983333333333537 0.5
19.000000000000203 0.42000000000000004
19.01666666666687 0.38
19.033333333333534 0.38
19.0500000000002 0.34
19.066666666666865 0.34
19.08333333333353 0.34
19.100000000000197 0.31
19.116666666666863 0.31
19.13333333333353 0.31
19.150000000000194 0.31
19.16666666666686 0.31
19.183333333333525 0.22999999999999998
19.20000000000019 0.22999999999999998
19.216666666666857 0.22999999999999998
19.233333333333523 0.22999999999999998
19.25000000000019 0.19
19.266666666666854 0.19
19.28333333333352 0.19
19.300000000000185 0.15
19.31666666666685 0.15
19.333333333333517 0.10999999999999999
19.350000000000183 0.10999999999999999
19.36666666666685 0.10999999999999999
19.383333333333514 0.10999999999999999
19.40000000000018 0.10999999999999999
19.416666666666845 0.08
19.43333333333351 0.04
19.450000000000177 0.04
19.466666666666843 0.04
19.48333333333351 0.04
19.500000000000174 0.04
19.51666666666684 0.04
19.533333333333506 0.0
19.55000000000017 0.0
19.566666666666837 0.0
19.583333333333503 0.0
19.60000000000017 0.0
19.616666666666834 0.0
19.6333333333335 0.0
19.650000000000166 0.0
19.66666666666683 0.0
19.683333333333497 0.0
19.700000000000163 0.0
19.71666666666683 0.0
19.733333333333494 0.0
19.75000000000016 0.0
19.766666666666826 0.0
19.78333333333349 0.0
19.800000000000157 0.0
19.816666666666823 0.0
19.83333333333349 0.0
19.850000000000154 0.0
19.86666666666682 0.0
19.883333333333486 0.0
19.90000000000015 0.0
19.916666666666817 0.0
19.933333333333483 0.0
19.95000000000015 0.0
19.966666666666814 0.0
19.98333333333348 0.0
20.000000000000146 0.0
20.01666666666681 0.0
20.033333333333477 0.0
20.050000000000143 0.0
20.06666666666681 0.0
20.083333333333474 0.0
20.10000000000014 0.0
20.116666666666806 0.0
20.13333333333347 0.0
20.150000000000137 0.0
20.166666666666803 0.0
20.18333333333347 0.0
20.200000000000134 0.0
20.2166666666668 0.0
20.233333333333466 0.0
20.25000000000013 0.0
20.266666666666797 0.0
20.283333333333463 0.0
20.30000000000013 0.0
20.316666666666794 0.0
20.33333333333346 0.0
20.350000000000126 0.0
20.36666666666679 0.0
20.383333333333457 0.0
20.400000000000123 0.0
20.41666666666679 0.0
20.433333333333454 0.0
20.45000000000012 0.0
20.466666666666786 0.0
20.48333333333345 0.0
20.500000000000117 0.0
20.516666666666783 0.0
20.53333333333345 0.0
20.550000000000114 0.0
20.56666666666678 0.0
20.583333333333446 0.0
20.60000000000011 0.0
20.616666666666777 0.0
20.633333333333443 0.0
20.65000000000011 0.0
20.666666666666774 0.0
20.68333333333344 0.0
20.700000000000106 0.0
20.71666666666677 0.0
20.733333333333437 0.0
20.750000000000103 0.0
20.76666666666677 0.0
20.783333333333434 0.0
20.8000000000001 0.0
20.816666666666766 0.0
20.83333333333343 0.0
20.850000000000097 0.0
20.866666666666763 0.0
20.88333333333343 0.0
20.900000000000095 0.0
20.91666666666676 0.0
20.933333333333426 0.0
20.95000000000009 0.0
20.966666666666757 0.0
20.983333333333423 0.0
21.00000000000009 0.0
21.016666666666755 0.0
21.03333333333342 0.0
21.050000000000086 0.0
21.06666666666675 0.0
21.083333333333417 0.0
21.100000000000083 0.0
21.11666666666675 0.0
21.133333333333415 0.0
21.15000000000008 0.0
21.166666666666746 0.0
21.18333333333341 0.0
21.200000000000077 0.0
21.216666666666743 0.0
21.23333333333341 0.0
21.250000000000075 0.0
21.26666666666674 0.0
21.283333333333406 0.0
21.30000000000007 0.0
21.316666666666737 0.0
21.333333333333403 0.0
21.35000000000007 0.0
21.366666666666735 0.0
21.3833333333334 0.0
21.400000000000066 0.0
21.416666666666732 0.0
21.433333333333398 0.0
21.450000000000063 0.0
21.46666666666673 0.0
21.483333333333395 0.0
21.50000000000006 0.0
21.516666666666726 0.0
21.533333333333392 0.0
21.550000000000058 0.0
21.566666666666723 0.0
21.58333333333339 0.0
21.600000000000055 0.0
21.61666666666672 0.0
21.633333333333386 0.0
21.650000000000052 0.0
21.666666666666718 0.0
21.683333333333383 0.0
21.70000000000005 0.0
21.716666666666715 0.0
21.73333333333338 0.0
21.750000000000046 0.0
21.766666666666712 0.0
21.783333333333378 0.0
21.800000000000043 0.0
21.81666666666671 0.0
21.833333333333375 0.0
21.85000000000004 0.0
21.866666666666706 0.0
21.883333333333372 0.0
21.900000000000038 0.0
21.916666666666703 0.0
21.93333333333337 0.0
21.950000000000035 0.0
21.9666666666667 0.0
21.983333333333366 0.0
22.000000000000032 0.0
22.016666666666698 0.0
22.033333333333363 0.0
22.05000000000003 0.0
22.066666666666695 0.0
22.08333333333336 0.0
22.100000000000026 0.0
22.116666666666692 0.0
22.133333333333358 0.0
22.150000000000023 0.0
22.16666666666669 0.0
22.183333333333355 0.0
22.20000000000002 0.0
22.216666666666686 0.0
22.233333333333352 0.0
22.250000000000018 0.0
22.266666666666683 0.0
22.28333333333335 0.0
22.300000000000015 0.0
22.31666666666668 0.0
22.333333333333346 0.0
22.350000000000012 0.0
22.366666666666678 0.0
22.383333333333344 0.0
22.40000000000001 0.0
22.416666666666675 0.0
22.43333333333334 0.0
22.450000000000006 0.0
22.466666666666672 0.0
22.483333333333338 0.0
22.500000000000004 0.0
22.51666666666667 0.0
22.533333333333335 0.0
22.55 0.0
22.566666666666666 0.0
22.583333333333332 0.0
22.599999999999998 0.0
22.616666666666664 0.0
22.63333333333333 0.0
22.649999999999995 0.0
22.66666666666666 0.0
22.683333333333326 0.0
22.699999999999992 0.0
22.716666666666658 0.0
22.733333333333324 0.0
22.74999999999999 0.0
22.766666666666655 0.0
22.78333333333332 0.0
22.799999999999986 0.0
22.816666666666652 0.0
22.833333333333318 0.0
22.849999999999984 0.0
22.86666666666665 0.0
22.883333333333315 0.0
22.89999999999998 0.0
22.916666666666647 0.0
22.933333333333312 0.0
22.949999999999978 0.0
22.966666666666644 0.0
22.98333333333331 0.0
22.999999999999975 0.0
23.01666666666664 0.0
23.033333333333307 0.0
23.049999999999972 0.0
23.066666666666638 0.0
23.083333333333304 0.0
23.09999999999997 0.0
23.116666666666635 0.0
23.1333333333333 0.0
23.149999999999967 0.0
23.166666666666632 0.0
23.183333333333298 0.0
23.199999999999964 0.0
23.21666666666663 0.0
23.233333333333295 0.0
23.24999999999996 0.0
23.266666666666627 0.0
23.283333333333292 0.0
23.299999999999958 0.0
23.316666666666624 0.0
23.33333333333329 0.0
23.349999999999955 0.0
23.36666666666662 0.0
23.383333333333287 0.0
23.399999999999952 0.0
23.416666666666618 0.0
23.433333333333284 0.0
23.44999999999995 0.0
23.466666666666615 0.0
23.48333333333328 0.0
23.499999999999947 0.0
23.516666666666612 0.0
23.533333333333278 0.0
23.549999999999944 0.0
23.56666666666661 0.0
23.583333333333275 0.0
23.59999999999994 0.0
23.616666666666607 0.0
23.633333333333272 0.0
23.649999999999938 0.0
23.666666666666604 0.0
23.68333333333327 0.0
23.699999999999935 0.0
23.7166666666666 0.0
23.733333333333267 0.0
23.749999999999932 0.0
23.766666666666598 0.0
23.783333333333264 0.0
23.79999999999993 0.0
23.816666666666595 0.0
23.83333333333326 0.0
23.849999999999927 0.0
23.866666666666593 0.0
23.88333333333326 0.0
23.899999999999924 0.0
23.91666666666659 0.0
23.933333333333255 0.0
23.94999999999992 0.0
23.966666666666587 0.0
23.983333333333253 0.0
