0 0.0
0.016666666666666666 0.0
0.03333333333333333 0.0
0.05 0.0
0.06666666666666667 0.0
0.08333333333333333 0.0
0.09999999999999999 0.0
0.11666666666666665 0.0
0.13333333333333333 0.0
0.15 0.0
0.16666666666666666 0.0
0.18333333333333332 0.0
0.19999999999999998 0.0
0.21666666666666665 0.0
0.2333333333333333 0.0
0.24999999999999997 0.0
0.26666666666666666 0.0
0.2833333333333333 0.0
0.3 0.0
0.31666666666666665 0.0
0.3333333333333333 0.0
0.35 0.0
0.36666666666666664 0.0
0.3833333333333333 0.0
0.39999999999999997 0.0
0.41666666666666663 0.0
0.4333333333333333 0.0
0.44999999999999996 0.0
0.4666666666666666 0.0
0.4833333333333333 0.0
0.49999999999999994 0.0
0.5166666666666666 0.0
0.5333333333333333 0.0
0.55 0.0
0.5666666666666668 0.0
0.5833333333333335 0.0
0.6000000000000002 0.0
0.6166666666666669 0.0
0.6333333333333336 0.0
0.6500000000000004 0.0
0.6666666666666671 0.0
0.6833333333333338 0.0
0.7000000000000005 0.0
0.7166666666666672 0.0
0.733333333333334 0.0
0.7500000000000007 0.0
0.7666666666666674 0.0
0.7833333333333341 0.0
0.8000000000000008 0.0
0.8166666666666675 0.0
0.8333333333333343 0.0
0.850000000000001 0.0
0.8666666666666677 0.0
0.8833333333333344 0.0
0.9000000000000011 0.0
0.9166666666666679 0.0
0.9333333333333346 0.0
0.9500000000000013 0.0
0.966666666666668 0.0
0.9833333333333347 0.0
1.0000000000000013 0.0
1.016666666666668 0.0
1.0333333333333345 0.0
1.0500000000000012 0.0
1.0666666666666678 0.0
1.0833333333333344 0.0
1.100000000000001 0.0
1.1166666666666676 0.0
1.1333333333333342 0.0
1.1500000000000008 0.0
1.1666666666666674 0.0
1.183333333333334 0.0
1.2000000000000006 0.0
1.2166666666666672 0.0
1.2333333333333338 0.0
1.2500000000000004 0.0
1.266666666666667 0.0
1.2833333333333337 0.0
1.3000000000000003 0.0
1.3166666666666669 0.0
1.3333333333333335 0.0
1.35 0.0
1.3666666666666667 0.0
1.3833333333333333 0.0
1.4 0.0
1.4166666666666665 0.0
1.4333333333333331 0.0
1.4499999999999997 0.0
1.4666666666666663 0.0
1.483333333333333 0.0
1.4999999999999996 0.0
1.5166666666666662 0.0
1.5333333333333328 0.0
1.5499999999999994 0.0
1.566666666666666 0.0
1.5833333333333326 0.0
1.5999999999999992 0.0
1.6166666666666658 0.0
1.6333333333333324 0.0
1.649999999999999 0.0
1.6666666666666656 0.0
1.6833333333333322 0.0
1.6999999999999988 0.0
1.7166666666666655 0.0
1.733333333333332 0.0
1.7499999999999987 0.0
1.7666666666666653 0.0
1.7833333333333319 0.0
1.7999999999999985 0.0
1.816666666666665 0.0
1.8333333333333317 0.0
1.8499999999999983 0.0
1.866666666666665 0.0
1.8833333333333315 0.0
1.8999999999999981 0.0
1.9166666666666647 0.0
1.9333333333333313 0.0
1.949999999999998 0.0
1.9666666666666646 0.0
1.9833333333333312 0.0
1.9999999999999978 0.0
2.0166666666666644 0.0
2.033333333333331 0.0
2.0499999999999976 0.0
2.066666666666664 0.0
2.083333333333331 0.0
2.0999999999999974 0.0
2.116666666666664 0.0
2.1333333333333306 0.0
2.1499999999999972 0.0
2.166666666666664 0.0
2.1833333333333305 0.0
2.199999999999997 0.0
2.2166666666666637 0.0
2.2333333333333303 0.0
2.249999999999997 0.0
2.2666666666666635 0.0
2.28333333333333 0.0
2.2999999999999967 0.0
2.3166666666666633 0.0
2.33333333333333 0.0
2.3499999999999965 0.0
2.366666666666663 0.0
2.3833333333333298 0.0
2.3999999999999964 0.0
2.416666666666663 0.0
2.4333333333333296 0.0
2.449999999999996 0.0
2.466666666666663 0.0
2.4833333333333294 0.0
2.499999999999996 0.0
2.5166666666666626 0.0
2.533333333333329 0.0
2.549999999999996 0.0
2.5666666666666624 0.0
2.583333333333329 0.0
2.5999999999999956 0.0
2.6166666666666623 0.0
2.633333333333329 0.0
2.6499999999999955 0.0
2.666666666666662 0.0
2.6833333333333287 0.0
2.6999999999999953 0.0
2.716666666666662 0.0
2.7333333333333285 0.0
2.749999999999995 0.0
2.7666666666666617 0.0
2.7833333333333283 0.0
2.799999999999995 0.0
2.8166666666666615 0.0
2.833333333333328 0.0
2.8499999999999948 0.0
2.8666666666666614 0.0
2.883333333333328 0.0
2.8999999999999946 0.0
2.916666666666661 0.0
2.933333333333328 0.0
2.9499999999999944 0.0
2.966666666666661 0.0
2.9833333333333276 0.0
2.9999999999999942 0.0
3.016666666666661 0.0
3.0333333333333274 0.0
3.049999999999994 0.0
3.0666666666666607 0.0
3.0833333333333273 0.0
3.099999999999994 0.0
3.1166666666666605 0.0
3.133333333333327 0.0
3.1499999999999937 0.0
3.1666666666666603 0.0
3.183333333333327 0.0
3.1999999999999935 0.0
3.21666666666666 0.0
3.2333333333333267 0.0
3.2499999999999933 0.0
3.26666666666666 0.0
3.2833333333333266 0.0
3.299999999999993 0.0
3.3166666666666598 0.0
3.3333333333333264 0.0
3.349999999999993 0.0
3.3666666666666596 0.0
3.383333333333326 0.0
3.399999999999993 0.0
3.4166666666666594 0.0
3.433333333333326 0.0
3.4499999999999926 0.0
3.4666666666666592 0.0
3.483333333333326 0.0
3.4999999999999925 0.0
3.516666666666659 0.0
3.5333333333333257 0.0
3.5499999999999923 0.0
3.566666666666659 0.0
3.5833333333333255 0.0
3.599999999999992 0.0
3.6166666666666587 0.0
3.6333333333333253 0.0
3.649999999999992 0.0
3.6666666666666585 0.0
3.683333333333325 0.0
3.6999999999999917 0.0
3.7166666666666583 0.0
3.733333333333325 0.0
3.7499999999999916 0.0
3.766666666666658 0.0
3.7833333333333248 0.0
3.7999999999999914 0.0
3.816666666666658 0.0
3.8333333333333246 0.0
3.849999999999991 0.0
3.866666666666658 0.0
3.8833333333333244 0.0
3.899999999999991 0.0
3.9166666666666576 0.0
3.9333333333333242 0.0
3.949999999999991 0.0
3.9666666666666575 0.0
3.983333333333324 0.0
3.9999999999999907 0.0
4.016666666666658 0.0
4.033333333333324 0.0
4.049999999999991 0.0
4.0666666666666575 0.0
4.083333333333324 0.0
4.099999999999991 0.0
4.116666666666657 0.0
4.133333333333324 0.0
4.149999999999991 0.0
4.166666666666657 0.0
4.183333333333324 0.0
4.19999999999999 0.0
4.216666666666657 0.0
4.233333333333324 0.0
4.24999999999999 0.0
4.266666666666657 0.0
4.2833333333333234 0.0
4.29999999999999 0.0
4.316666666666657 0.0
4.333333333333323 0.0
4.34999999999999 0.0
4.3666666666666565 0.0
4.383333333333323 0.0
4.39999999999999 0.0
4.416666666666656 0.0
4.433333333333323 0.0
4.4499999999999895 0.0
4.466666666666656 0.0
4.483333333333323 0.0
4.499999999999989 0.0
4.516666666666656 0.0
4.533333333333323 0.0
4.549999999999989 0.0
4.566666666666656 0.0
4.583333333333322 0.0
4.599999999999989 0.0
4.616666666666656 0.0
4.633333333333322 0.0
4.649999999999989 0.0
4.666666666666655 0.0
4.683333333333322 0.0
4.699999999999989 0.0
4.716666666666655 0.0
4.733333333333322 0.0
4.7499999999999885 0.0
4.766666666666655 0.0
4.783333333333322 0.0
4.799999999999988 0.0
4.816666666666655 0.0
4.8333333333333215 0.0
4.849999999999988 0.0
4.866666666666655 0.0
4.883333333333321 0.0
4.899999999999988 0.0
4.9166666666666545 0.0
4.933333333333321 0.0
4.949999999999988 0.0
4.966666666666654 0.0
4.983333333333321 0.0
4.999999999999988 0.0
5.016666666666654 0.0
5.033333333333321 0.0
5.049999999999987 0.0
5.066666666666654 0.0
5.083333333333321 0.0
5.099999999999987 0.0
5.116666666666654 0.0
5.13333333333332 0.0
5.149999999999987 0.0
5.166666666666654 0.0
5.18333333333332 0.0
5.199999999999987 0.0
5.2166666666666535 0.0
5.23333333333332 0.0
5.249999999999987 0.0
5.266666666666653 0.0
5.28333333333332 0.0
5.2999999999999865 0.0
5.316666666666653 0.0
5.33333333333332 0.0
5.349999999999986 0.0
5.366666666666653 0.0
5.3833333333333195 0.0
5.399999999999986 0.0
5.416666666666653 0.0
5.433333333333319 0.0
5.449999999999986 0.0
5.466666666666653 0.0
5.483333333333319 0.0
5.499999999999986 0.0
5.516666666666652 0.0
5.533333333333319 0.0
5.549999999999986 0.0
5.566666666666652 0.0
5.583333333333319 0.0
5.599999999999985 0.0
5.616666666666652 0.0
5.633333333333319 0.0
5.649999999999985 0.0
5.666666666666652 0.0
5.6833333333333185 0.0
5.699999999999985 0.0
5.716666666666652 0.0
5.733333333333318 0.0
5.749999999999985 0.0
5.7666666666666515 0.0
5.783333333333318 0.0
5.799999999999985 0.0
5.816666666666651 0.0
5.833333333333318 0.0
5.8499999999999845 0.0
5.866666666666651 0.0
5.883333333333318 0.0
5.899999999999984 0.0
5.916666666666651 0.0
5.933333333333318 0.0
5.949999999999984 0.0
5.966666666666651 0.0
5.983333333333317 0.0
5.999999999999984 0.0
6.016666666666651 0.0
6.033333333333317 0.0
6.049999999999984 0.0
6.06666666666665 0.0
6.083333333333317 0.0
6.099999999999984 0.0
6.11666666666665 0.0
6.133333333333317 0.0
6.1499999999999835 0.0
6.16666666666665 0.0
6.183333333333317 0.0
6.199999999999983 0.0
6.21666666666665 0.0
6.2333333333333165 0.0
6.249999999999983 0.0
6.26666666666665 0.0
6.283333333333316 0.0
6.299999999999983 0.0
6.3166666666666496 0.0
6.333333333333316 0.0
6.349999999999983 0.0
6.366666666666649 0.0
6.383333333333316 0.0
6.399999999999983 0.0
6.416666666666649 0.0
6.433333333333316 0.0
6.449999999999982 0.0
6.466666666666649 0.0
6.483333333333316 0.0
6.499999999999982 0.0
6.516666666666649 0.0
6.5333333333333155 0.0
6.549999999999982 0.0
6.566666666666649 0.0
6.583333333333315 0.0
6.599999999999982 0.0
6.6166666666666485 0.0
6.633333333333315 0.0
6.649999999999982 0.0
6.666666666666648 0.0
6.683333333333315 0.0
6.6999999999999815 0.0
6.716666666666648 0.0
6.733333333333315 0.0
6.749999999999981 0.0
6.766666666666648 0.0
6.783333333333315 0.0
6.799999999999981 0.0
6.816666666666648 0.0
6.833333333333314 0.0
6.849999999999981 0.0
6.866666666666648 0.0
6.883333333333314 0.0
6.899999999999981 0.0
6.916666666666647 0.0
6.933333333333314 0.0
6.949999999999981 0.0
6.966666666666647 0.0
6.983333333333314 0.0
6.9999999999999805 0.0
7.016666666666647 0.0
7.033333333333314 0.0
7.04999999999998 0.0
7.066666666666647 0.0
7.0833333333333135 0.0
7.09999999999998 0.0
7.116666666666647 0.0
7.133333333333313 0.0
7.14999999999998 0.0
7.1666666666666465 0.0
7.183333333333313 0.05
7.19999999999998 0.05
7.216666666666646 0.09
7.233333333333313 0.12
7.24999999999998 0.13
7.266666666666646 0.16
7.283333333333313 0.2
7.299999999999979 0.2
7.316666666666646 0.24
7.333333333333313 0.32
7.349999999999979 0.32
7.366666666666646 0.35000000000000003
7.383333333333312 0.42999999999999994
7.399999999999979 0.55
7.416666666666646 0.5800000000000001
7.433333333333312 0.66
7.449999999999979 0.7000000000000001
7.4666666666666455 0.78
7.483333333333312 0.8500000000000001
7.499999999999979 0.8899999999999999
7.516666666666645 0.97
7.533333333333312 1.05
7.5499999999999785 1.12
7.566666666666645 1.2
7.583333333333312 1.27
7.599999999999978 1.3900000000000001
7.616666666666645 1.46
7.6333333333333115 1.54
7.649999999999978 1.62
7.666666666666645 1.73
7.683333333333311 1.81
7.699999999999978 1.9300000000000002
7.716666666666645 2.0
7.733333333333311 2.12
7.749999999999978 2.19
7.766666666666644 2.31
7.783333333333311 2.38
7.799999999999978 2.5
7.816666666666644 2.6100000000000003
7.833333333333311 2.7300000000000004
7.849999999999977 2.84
7.866666666666644 2.96
7.883333333333311 3.07
7.899999999999977 3.19
7.916666666666644 3.3000000000000003
7.9333333333333105 3.41
7.949999999999977 3.57
7.966666666666644 3.6799999999999997
7.98333333333331 3.8
7.999999999999977 3.95
8.016666666666644 4.069999999999999
8.033333333333312 4.22
8.04999999999998 4.33
8.066666666666647 4.48
8.083333333333314 4.61
8.099999999999982 4.75
8.11666666666665 4.859999999999999
8.133333333333317 5.02
8.149999999999984 5.140000000000001
8.166666666666652 5.28
8.18333333333332 5.4
8.199999999999987 5.5200000000000005
8.216666666666654 5.67
8.233333333333322 5.859999999999999
8.24999999999999 6.02
8.266666666666657 6.18
8.283333333333324 6.32
8.299999999999992 6.51
8.31666666666666 6.67
8.333333333333327 6.82
8.349999999999994 6.97
8.366666666666662 7.13
8.38333333333333 7.2299999999999995
8.399999999999997 7.32
8.416666666666664 7.39
8.433333333333332 7.47
8.45 7.7
8.466666666666667 7.960000000000001
8.483333333333334 8.2
8.500000000000002 8.43
8.51666666666667 8.54
8.533333333333337 8.73
8.550000000000004 8.92
8.566666666666672 9.11
8.58333333333334 9.27
8.600000000000007 9.42
8.616666666666674 9.66
8.633333333333342 9.84
8.65000000000001 10.03
8.666666666666677 10.209999999999999
8.683333333333344 10.45
8.700000000000012 10.61
8.71666666666668 10.8
8.733333333333347 10.99
8.750000000000014 11.180000000000001
8.766666666666682 11.41
8.78333333333335 11.6
8.800000000000017 11.790000000000001
8.816666666666684 12.02
8.833333333333352 12.21
8.85000000000002 12.44
8.866666666666687 12.629999999999999
8.883333333333354 12.82
8.900000000000022 13.02
8.91666666666669 13.209999999999999
8.933333333333357 13.4
8.950000000000024 13.629999999999999
8.966666666666692 13.819999999999999
8.98333333333336 14.01
9.000000000000027 14.2
9.016666666666694 14.39
9.033333333333362 14.55
9.05000000000003 14.74
9.066666666666697 14.89
9.083333333333364 15.120000000000001
9.100000000000032 15.27
9.1166666666667 15.46
9.133333333333367 15.69
9.150000000000034 15.920000000000002
9.166666666666702 16.080000000000002
9.183333333333369 16.27
9.200000000000037 16.38
9.216666666666704 16.57
9.233333333333372 16.759999999999998
9.250000000000039 16.990000000000002
9.266666666666707 17.150000000000002
9.283333333333374 17.3
9.300000000000042 17.529999999999998
9.316666666666709 17.76
9.333333333333377 17.99
9.350000000000044 18.18
9.366666666666712 18.33
9.383333333333379 18.560000000000002
9.400000000000047 18.79
9.416666666666714 18.91
9.433333333333382 19.02
9.450000000000049 19.21
9.466666666666717 19.4
9.483333333333384 19.71
9.500000000000052 19.98
9.516666666666719 20.019999999999996
9.533333333333387 20.21
9.550000000000054 20.25
9.566666666666721 20.44
9.583333333333389 20.67
9.600000000000056 20.9
9.616666666666724 21.09
9.633333333333391 21.28
9.650000000000059 21.47
9.666666666666726 21.619999999999997
9.683333333333394 21.97
9.700000000000061 22.01
9.716666666666729 22.080000000000002
9.733333333333396 22.349999999999998
9.750000000000064 22.349999999999998
9.766666666666731 22.62
9.783333333333399 22.69
9.800000000000066 22.86
9.816666666666734 23.04
9.833333333333401 23.15
9.850000000000069 23.15
9.866666666666736 23.34
9.883333333333404 23.57
9.900000000000071 23.730000000000004
9.916666666666739 23.88
9.933333333333406 24.07
9.950000000000074 24.220000000000002
9.966666666666741 24.45
9.983333333333409 24.72
10.000000000000076 24.8
10.016666666666744 24.72
10.033333333333411 24.91
10.050000000000079 25.18
10.066666666666746 25.22
10.083333333333414 25.369999999999997
10.100000000000081 25.49
10.116666666666749 25.45
10.133333333333416 25.41
10.150000000000084 25.64
10.166666666666751 25.950000000000003
10.183333333333419 25.950000000000003
10.200000000000086 26.02
10.216666666666754 26.33
10.233333333333421 26.75
10.250000000000089 26.9
10.266666666666756 26.98
10.283333333333424 27.05
10.300000000000091 27.05
10.316666666666759 27.25
10.333333333333426 27.549999999999997
10.350000000000094 27.82
10.366666666666761 28.05
10.383333333333429 28.130000000000003
10.400000000000096 28.130000000000003
10.416666666666764 28.39
10.433333333333431 28.81
10.450000000000099 28.97
10.466666666666766 28.889999999999997
10.483333333333434 28.700000000000003
10.500000000000101 28.81
10.516666666666769 29.04
10.533333333333436 29.310000000000002
10.550000000000104 29.46
10.566666666666771 29.540000000000003
10.583333333333439 29.689999999999998
10.600000000000106 30.11
10.616666666666774 30.54
10.633333333333441 30.54
10.650000000000109 30.459999999999997
10.666666666666776 30.689999999999998
10.683333333333444 30.96
10.700000000000111 31.18
10.716666666666779 31.34
10.733333333333446 31.61
10.750000000000114 31.720000000000002
10.766666666666781 31.939999999999998
10.783333333333449 32.14
10.800000000000116 32.07
10.816666666666784 32.21
10.833333333333451 32.519999999999996
10.850000000000119 32.370000000000005
10.866666666666786 32.14
10.883333333333454 32.440000000000005
10.900000000000121 32.599999999999994
10.916666666666789 32.71
10.933333333333456 32.9
10.950000000000124 33.29
10.966666666666791 33.48
10.983333333333459 33.519999999999996
11.000000000000126 33.67
11.016666666666794 33.71
11.033333333333461 33.56
11.050000000000129 33.74
11.066666666666796 34.17
11.083333333333464 34.51
11.100000000000131 34.620000000000005
11.116666666666799 34.55
11.133333333333466 34.59
11.150000000000134 34.82
11.166666666666801 34.55
11.183333333333469 34.39
11.200000000000136 34.51
11.216666666666804 34.74
11.233333333333471 35.089999999999996
11.250000000000139 35.31
11.266666666666806 35.43
11.283333333333474 35.510000000000005
11.300000000000141 35.62
11.316666666666809 35.769999999999996
11.333333333333476 35.96
11.350000000000144 35.89
11.366666666666811 36.04
11.383333333333479 36.04
11.400000000000146 35.92
11.416666666666814 36.120000000000005
11.433333333333481 36.309999999999995
11.450000000000149 36.62
11.466666666666816 36.62
11.483333333333483 36.5
11.500000000000151 36.730000000000004
11.516666666666818 36.92
11.533333333333486 36.92
11.550000000000153 37.23
11.566666666666821 37.31
11.583333333333488 37.11
11.600000000000156 37.19
11.616666666666823 37.0
11.633333333333491 37.23
11.650000000000158 37.08
11.666666666666826 37.31
11.683333333333493 37.61
11.700000000000161 37.53
11.716666666666828 37.8
11.733333333333496 37.76
11.750000000000163 37.879999999999995
11.766666666666831 37.42
11.783333333333498 38.38
11.800000000000166 38.22
11.816666666666833 38.26
11.833333333333501 38.07
11.850000000000168 37.8
11.866666666666836 37.92
11.883333333333503 38.07
11.90000000000017 38.34
11.916666666666838 38.57
11.933333333333506 38.53
11.950000000000173 38.61
11.96666666666684 38.650000000000006
11.983333333333508 38.42
12.000000000000176 38.42
12.016666666666843 38.8
12.03333333333351 39.300000000000004
12.050000000000178 39.56
12.066666666666846 39.489999999999995
12.083333333333513 39.07
12.10000000000018 38.839999999999996
12.116666666666848 38.839999999999996
12.133333333333516 39.14
12.150000000000183 39.41
12.16666666666685 39.489999999999995
12.183333333333518 39.260000000000005
12.200000000000186 38.91
12.216666666666853 38.839999999999996
12.23333333333352 38.99
12.250000000000188 39.34
12.266666666666856 39.449999999999996
12.283333333333523 39.260000000000005
12.30000000000019 39.03
12.316666666666858 39.03
12.333333333333526 39.11
12.350000000000193 39.260000000000005
12.36666666666686 39.6
12.383333333333528 39.41
12.400000000000196 39.489999999999995
12.416666666666863 39.1
12.43333333333353 38.68
12.450000000000198 39.03
12.466666666666866 39.72
12.483333333333533 40.22
12.5000000000002 39.64
12.516666666666868 39.1
12.533333333333536 38.99
12.550000000000203 39.260000000000005
12.56666666666687 39.41
12.583333333333538 38.95
12.600000000000206 38.91
12.616666666666873 39.1
12.63333333333354 39.1
12.650000000000208 39.03
12.666666666666876 39.260000000000005
12.683333333333543 39.37
12.70000000000021 39.03
12.716666666666878 38.99
12.733333333333546 38.91
12.750000000000213 39.03
12.76666666666688 39.72
12.783333333333548 39.83
12.800000000000216 39.489999999999995
12.816666666666883 39.14
12.83333333333355 38.99
12.850000000000218 39.260000000000005
12.866666666666886 39.07
12.883333333333553 38.68
12.90000000000022 38.45
12.916666666666888 38.650000000000006
12.933333333333556 38.76
12.950000000000223 39.18
12.96666666666689 38.839999999999996
12.983333333333558 39.07
13.000000000000226 38.839999999999996
13.016666666666893 38.61
13.03333333333356 38.68
13.050000000000228 39.03
13.066666666666896 38.45
13.083333333333563 38.61
13.10000000000023 37.879999999999995
13.116666666666898 37.839999999999996
13.133333333333566 38.34
13.150000000000233 38.38
13.1666666666669 38.03
13.183333333333568 37.730000000000004
13.200000000000236 37.61
13.216666666666903 37.53
13.23333333333357 37.46
13.250000000000238 37.19
13.266666666666906 37.07
13.283333333333573 36.69
13.30000000000024 36.92
13.316666666666908 36.730000000000004
13.333333333333576 36.69
13.350000000000243 36.42
13.36666666666691 36.379999999999995
13.383333333333578 36.309999999999995
13.400000000000245 36.190000000000005
13.416666666666913 36.150000000000006
13.43333333333358 35.92
13.450000000000248 35.58
13.466666666666915 35.27
13.483333333333583 35.81
13.50000000000025 35.58
13.516666666666918 35.769999999999996
13.533333333333585 35.54
13.550000000000253 34.769999999999996
13.56666666666692 34.7
13.583333333333588 35.0
13.600000000000255 35.08
13.616666666666923 35.230000000000004
13.63333333333359 35.379999999999995
13.650000000000258 35.39
13.666666666666925 35.54
13.683333333333593 35.5
13.70000000000026 34.54
13.716666666666928 34.28
13.733333333333595 33.660000000000004
13.750000000000263 33.620000000000005
13.76666666666693 33.7
13.783333333333598 33.51
13.800000000000265 33.09
13.816666666666933 32.9
13.8333333333336 33.050000000000004
13.850000000000268 33.51
13.866666666666935 32.7
13.883333333333603 32.17
13.90000000000027 31.939999999999998
13.916666666666938 31.98
13.933333333333605 32.01
13.950000000000273 32.05
13.96666666666694 32.160000000000004
13.983333333333608 31.589999999999996
14.000000000000275 31.400000000000002
14.016666666666943 31.200000000000003
14.03333333333361 31.240000000000002
14.050000000000278 30.939999999999998
14.066666666666945 30.939999999999998
14.083333333333613 30.630000000000003
14.10000000000028 30.48
14.116666666666948 30.71
14.133333333333615 30.7
14.150000000000283 30.52
14.16666666666695 30.55
14.183333333333618 30.099999999999998
14.200000000000285 30.099999999999998
14.216666666666953 30.51
14.23333333333362 30.9
14.250000000000288 30.790000000000003
14.266666666666955 30.67
14.283333333333623 30.630000000000003
14.30000000000029 30.4
14.316666666666958 30.049999999999997
14.333333333333625 29.740000000000002
14.350000000000293 29.67
14.36666666666696 29.439999999999998
14.383333333333628 29.1
14.400000000000295 28.83
14.416666666666963 28.610000000000003
14.43333333333363 28.72
14.450000000000298 28.82
14.466666666666965 28.67
14.483333333333633 28.490000000000002
14.5000000000003 28.330000000000002
14.516666666666968 28.18
14.533333333333635 27.759999999999998
14.550000000000303 27.72
14.56666666666697 27.759999999999998
14.583333333333638 27.259999999999998
14.600000000000305 27.259999999999998
14.616666666666973 27.490000000000002
14.63333333333364 27.11
14.650000000000308 26.520000000000003
14.666666666666975 25.910000000000004
14.683333333333643 26.099999999999998
14.70000000000031 26.34
14.716666666666978 26.230000000000004
14.733333333333645 25.77
14.750000000000313 25.61
14.76666666666698 25.73
14.783333333333648 25.61
14.800000000000315 25.459999999999997
14.816666666666983 25.29
14.83333333333365 25.45
14.850000000000318 25.29
14.866666666666985 25.23
14.883333333333653 25.310000000000002
14.90000000000032 25.310000000000002
14.916666666666988 25.08
14.933333333333655 24.729999999999997
14.950000000000323 24.46
14.96666666666699 24.27
14.983333333333658 24.03
15.000000000000325 23.580000000000002
15.016666666666993 23.24
15.03333333333366 23.31
15.050000000000328 23.509999999999998
15.066666666666995 23.62
15.083333333333663 23.580000000000002
15.10000000000033 23.31
15.116666666666998 23.2
15.133333333333665 23.119999999999997
15.150000000000333 23.08
15.166666666667 22.93
15.183333333333668 23.08
15.200000000000335 22.89
15.216666666667003 22.66
15.23333333333367 22.450000000000003
15.250000000000338 22.32
15.266666666667005 22.22
15.283333333333672 21.96
15.30000000000034 21.76
15.316666666667007 21.57
15.333333333333675 21.419999999999998
15.350000000000342 21.5
15.36666666666701 21.5
15.383333333333677 21.419999999999998
15.400000000000345 21.240000000000002
15.416666666667012 21.05
15.43333333333368 20.939999999999998
15.450000000000347 20.82
15.466666666667015 20.86
15.483333333333682 20.9
15.50000000000035 20.55
15.516666666667017 20.44
15.533333333333685 20.21
15.550000000000352 19.98
15.56666666666702 19.71
15.583333333333687 19.35
15.600000000000355 19.04
15.616666666667022 18.75
15.63333333333369 18.69
15.650000000000357 18.6
15.666666666667025 18.41
15.683333333333692 18.25
15.70000000000036 18.12
15.716666666667027 17.95
15.733333333333695 17.89
15.750000000000362 17.83
15.76666666666703 17.62
15.783333333333697 17.41
15.800000000000365 17.28
15.816666666667032 17.14
15.8333333333337 17.01
15.850000000000367 16.87
15.866666666667035 16.72
15.883333333333702 16.61
15.90000000000037 16.45
15.916666666667037 16.299999999999997
15.933333333333705 16.07
15.950000000000372 15.93
15.96666666666704 15.760000000000002
15.983333333333707 15.629999999999999
16.000000000000373 15.469999999999999
16.01666666666704 15.4
16.033333333333704 15.4
16.05000000000037 15.3
16.066666666667036 15.2
16.0833333333337 15.049999999999999
16.100000000000367 14.84
16.116666666667033 14.690000000000001
16.1333333333337 14.59
16.150000000000365 14.459999999999999
16.16666666666703 14.34
16.183333333333696 14.28
16.20000000000036 14.190000000000001
16.216666666667027 14.04
16.233333333333693 13.89
16.25000000000036 13.73
16.266666666667025 13.540000000000001
16.28333333333369 13.309999999999999
16.300000000000356 13.16
16.31666666666702 13.040000000000001
16.333333333333687 12.889999999999999
16.350000000000353 12.74
16.36666666666702 12.58
16.383333333333685 12.430000000000001
16.40000000000035 12.24
16.416666666667016 12.12
16.43333333333368 12.010000000000002
16.450000000000347 11.89
16.466666666667013 11.870000000000001
16.48333333333368 11.83
16.500000000000345 11.75
16.51666666666701 11.6
16.533333333333676 11.44
16.55000000000034 11.28
16.566666666667007 11.129999999999999
16.583333333333673 10.93
16.60000000000034 10.780000000000001
16.616666666667005 10.629999999999999
16.63333333333367 10.440000000000001
16.650000000000336 10.280000000000001
16.666666666667002 10.129999999999999
16.683333333333668 10.049999999999999
16.700000000000333 9.9
16.716666666667 9.78
16.733333333333665 9.629999999999999
16.75000000000033 9.52
16.766666666666996 9.360000000000001
16.783333333333662 9.21
16.800000000000328 9.09
16.816666666666993 8.98
16.83333333333366 8.86
16.850000000000325 8.7
16.86666666666699 8.55
16.883333333333656 8.4
16.900000000000322 8.29
16.916666666666988 8.17
16.933333333333653 8.030000000000001
16.95000000000032 7.94
16.966666666666985 7.87
16.98333333333365 7.75
17.000000000000316 7.640000000000001
17.016666666666982 7.52
17.033333333333648 7.4
17.050000000000313 7.29
17.06666666666698 7.18
17.083333333333645 7.02
17.10000000000031 6.9399999999999995
17.116666666666976 6.790000000000001
17.133333333333642 6.630000000000001
17.150000000000308 6.5200000000000005
17.166666666666973 6.37
17.18333333333364 6.25
17.200000000000305 6.14
17.21666666666697 6.02
17.233333333333636 5.91
17.250000000000302 5.84
17.266666666666968 5.72
17.283333333333633 5.6000000000000005
17.3000000000003 5.49
17.316666666666965 5.41
17.33333333333363 5.300000000000001
17.350000000000296 5.18
17.366666666666962 5.11
17.383333333333628 4.99
17.400000000000293 4.88
17.41666666666696 4.76
17.433333333333625 4.6899999999999995
17.45000000000029 4.57
17.466666666666956 4.45
17.483333333333622 4.34
17.500000000000288 4.26
17.516666666666953 4.1499999999999995
17.53333333333362 4.069999999999999
17.550000000000285 3.95
17.56666666666695 3.88
17.583333333333616 3.76
17.600000000000282 3.65
17.616666666666948 3.57
17.633333333333614 3.46
17.65000000000028 3.3800000000000003
17.666666666666945 3.2600000000000002
17.68333333333361 3.19
17.700000000000276 3.11
17.716666666666942 3.03
17.733333333333608 2.92
17.750000000000274 2.84
17.76666666666694 2.7600000000000002
17.783333333333605 2.6500000000000004
17.80000000000027 2.6100000000000003
17.816666666666936 2.5
17.833333333333602 2.42
17.850000000000268 2.3400000000000003
17.866666666666934 2.27
17.8833333333336 2.19
17.900000000000265 2.11
17.91666666666693 2.04
17.933333333333596 1.96
17.950000000000262 1.88
17.966666666666928 1.81
17.983333333333594 1.73
18.00000000000026 1.6600000000000001
18.016666666666925 1.62
18.03333333333359 1.54
18.050000000000257 1.46
18.066666666666922 1.3900000000000001
18.083333333333588 1.31
18.100000000000254 1.27
18.11666666666692 1.2
18.133333333333585 1.12
18.15000000000025 1.08
18.166666666666917 1.04
18.183333333333582 0.97
18.200000000000248 0.8899999999999999
18.216666666666914 0.8500000000000001
18.23333333333358 0.81
18.250000000000245 0.74
18.26666666666691 0.7000000000000001
18.283333333333577 0.66
18.300000000000242 0.5800000000000001
18.316666666666908 0.55
18.333333333333574 0.51
18.35000000000024 0.39
18.366666666666905 0.35000000000000003
18.38333333333357 0.32
18.400000000000237 0.32
18.416666666666902 0.24
18.433333333333568 0.24
18.450000000000234 0.2
18.4666666666669 0.16
18.483333333333565 0.16
18.50000000000023 0.12
18.516666666666897 0.12
18.533333333333562 0.09
18.550000000000228 0.05
18.566666666666894 0.05
18.58333333333356 0.0
18.600000000000225 0.0
18.61666666666689 0.0
18.633333333333557 0.0
18.650000000000222 0.0
18.666666666666888 0.0
18.683333333333554 0.0
18.70000000000022 0.0
18.716666666666885 0.0
18.73333333333355 0.0
18.750000000000217 0.0
18.766666666666882 0.0
18.783333333333548 0.0
18.800000000000214 0.0
18.81666666666688 0.0
18.833333333333545 0.0
18.85000000000021 0.0
18.866666666666877 0.0
18.883333333333542 0.0
18.900000000000208 0.0
18.916666666666874 0.0
18.93333333333354 0.0
18.950000000000205 0.0
18.96666666666687 0.0
18.983333333333537 0.0
19.000000000000203 0.0
19.01666666666687 0.0
19.033333333333534 0.0
19.0500000000002 0.0
19.066666666666865 0.0
19.08333333333353 0.0
19.100000000000197 0.0
19.116666666666863 0.0
19.13333333333353 0.0
19.150000000000194 0.0
19.16666666666686 0.0
19.183333333333525 0.0
19.20000000000019 0.0
19.216666666666857 0.0
19.233333333333523 0.0
19.25000000000019 0.0
19.266666666666854 0.0
19.28333333333352 0.0
19.300000000000185 0.0
19.31666666666685 0.0
19.333333333333517 0.0
19.350000000000183 0.0
19.36666666666685 0.0
19.383333333333514 0.0
19.40000000000018 0.0
19.416666666666845 0.0
19.43333333333351 0.0
19.450000000000177 0.0
19.466666666666843 0.0
19.48333333333351 0.0
19.500000000000174 0.0
19.51666666666684 0.0
19.533333333333506 0.0
19.55000000000017 0.0
19.566666666666837 0.0
19.583333333333503 0.0
19.60000000000017 0.0
19.616666666666834 0.0
19.6333333333335 0.0
19.650000000000166 0.0
19.66666666666683 0.0
19.683333333333497 0.0
19.700000000000163 0.0
19.71666666666683 0.0
19.733333333333494 0.0
19.75000000000016 0.0
19.766666666666826 0.0
19.78333333333349 0.0
19.800000000000157 0.0
19.816666666666823 0.0
19.83333333333349 0.0
19.850000000000154 0.0
19.86666666666682 0.0
19.883333333333486 0.0
19.90000000000015 0.0
19.916666666666817 0.0
19.933333333333483 0.0
19.95000000000015 0.0
19.966666666666814 0.0
19.98333333333348 0.0
20.000000000000146 0.0
20.01666666666681 0.0
20.033333333333477 0.0
20.050000000000143 0.0
20.06666666666681 0.0
20.083333333333474 0.0
20.10000000000014 0.0
20.116666666666806 0.0
20.13333333333347 0.0
20.150000000000137 0.0
20.166666666666803 0.0
20.18333333333347 0.0
20.200000000000134 0.0
20.2166666666668 0.0
20.233333333333466 0.0
20.25000000000013 0.0
20.266666666666797 0.0
20.283333333333463 0.0
20.30000000000013 0.0
20.316666666666794 0.0
20.33333333333346 0.0
20.350000000000126 0.0
20.36666666666679 0.0
20.383333333333457 0.0
20.400000000000123 0.0
20.41666666666679 0.0
20.433333333333454 0.0
20.45000000000012 0.0
20.466666666666786 0.0
20.48333333333345 0.0
20.500000000000117 0.0
20.516666666666783 0.0
20.53333333333345 0.0
20.550000000000114 0.0
20.56666666666678 0.0
20.583333333333446 0.0
20.60000000000011 0.0
20.616666666666777 0.0
20.633333333333443 0.0
20.65000000000011 0.0
20.666666666666774 0.0
20.68333333333344 0.0
20.700000000000106 0.0
20.71666666666677 0.0
20.733333333333437 0.0
20.750000000000103 0.0
20.76666666666677 0.0
20.783333333333434 0.0
20.8000000000001 0.0
20.816666666666766 0.0
20.83333333333343 0.0
20.850000000000097 0.0
20.866666666666763 0.0
20.88333333333343 0.0
20.900000000000095 0.0
20.91666666666676 0.0
20.933333333333426 0.0
20.95000000000009 0.0
20.966666666666757 0.0
20.983333333333423 0.0
21.00000000000009 0.0
21.016666666666755 0.0
21.03333333333342 0.0
21.050000000000086 0.0
21.06666666666675 0.0
21.083333333333417 0.0
21.100000000000083 0.0
21.11666666666675 0.0
21.133333333333415 0.0
21.15000000000008 0.0
21.166666666666746 0.0
21.18333333333341 0.0
21.200000000000077 0.0
21.216666666666743 0.0
21.23333333333341 0.0
21.250000000000075 0.0
21.26666666666674 0.0
21.283333333333406 0.0
21.30000000000007 0.0
21.316666666666737 0.0
21.333333333333403 0.0
21.35000000000007 0.0
21.366666666666735 0.0
21.3833333333334 0.0
21.400000000000066 0.0
21.416666666666732 0.0
21.433333333333398 0.0
21.450000000000063 0.0
21.46666666666673 0.0
21.483333333333395 0.0
21.50000000000006 0.0
21.516666666666726 0.0
21.533333333333392 0.0
21.550000000000058 0.0
21.566666666666723 0.0
21.58333333333339 0.0
21.600000000000055 0.0
21.61666666666672 0.0
21.633333333333386 0.0
21.650000000000052 0.0
21.666666666666718 0.0
21.683333333333383 0.0
21.70000000000005 0.0
21.716666666666715 0.0
21.73333333333338 0.0
21.750000000000046 0.0
21.766666666666712 0.0
21.783333333333378 0.0
21.800000000000043 0.0
21.81666666666671 0.0
21.833333333333375 0.0
21.85000000000004 0.0
21.866666666666706 0.0
21.883333333333372 0.0
21.900000000000038 0.0
21.916666666666703 0.0
21.93333333333337 0.0
21.950000000000035 0.0
21.9666666666667 0.0
21.983333333333366 0.0
22.000000000000032 0.0
22.016666666666698 0.0
22.033333333333363 0.0
22.05000000000003 0.0
22.066666666666695 0.0
22.08333333333336 0.0
22.100000000000026 0.0
22.116666666666692 0.0
22.133333333333358 0.0
22.150000000000023 0.0
22.16666666666669 0.0
22.183333333333355 0.0
22.20000000000002 0.0
22.216666666666686 0.0
22.233333333333352 0.0
22.250000000000018 0.0
22.266666666666683 0.0
22.28333333333335 0.0
22.300000000000015 0.0
22.31666666666668 0.0
22.333333333333346 0.0
22.350000000000012 0.0
22.366666666666678 0.0
22.383333333333344 0.0
22.40000000000001 0.0
22.416666666666675 0.0
22.43333333333334 0.0
22.450000000000006 0.0
22.466666666666672 0.0
22.483333333333338 0.0
22.500000000000004 0.0
22.51666666666667 0.0
22.533333333333335 0.0
22.55 0.0
22.566666666666666 0.0
22.583333333333332 0.0
22.599999999999998 0.0
22.616666666666664 0.0
22.63333333333333 0.0
22.649999999999995 0.0
22.66666666666666 0.0
22.683333333333326 0.0
22.699999999999992 0.0
22.716666666666658 0.0
22.733333333333324 0.0
22.74999999999999 0.0
22.766666666666655 0.0
22.78333333333332 0.0
22.799999999999986 0.0
22.816666666666652 0.0
22.833333333333318 0.0
22.849999999999984 0.0
22.86666666666665 0.0
22.883333333333315 0.0
22.89999999999998 0.0
22.916666666666647 0.0
22.933333333333312 0.0
22.949999999999978 0.0
22.966666666666644 0.0
22.98333333333331 0.0
22.999999999999975 0.0
23.01666666666664 0.0
23.033333333333307 0.0
23.049999999999972 0.0
23.066666666666638 0.0
23.083333333333304 0.0
23.09999999999997 0.0
23.116666666666635 0.0
23.1333333333333 0.0
23.149999999999967 0.0
23.166666666666632 0.0
23.183333333333298 0.0
23.199999999999964 0.0
23.21666666666663 0.0
23.233333333333295 0.0
23.24999999999996 0.0
23.266666666666627 0.0
23.283333333333292 0.0
23.299999999999958 0.0
23.316666666666624 0.0
23.33333333333329 0.0
23.349999999999955 0.0
23.36666666666662 0.0
23.383333333333287 0.0
23.399999999999952 0.0
23.416666666666618 0.0
23.433333333333284 0.0
23.44999999999995 0.0
23.466666666666615 0.0
23.48333333333328 0.0
23.499999999999947 0.0
23.516666666666612 0.0
23.533333333333278 0.0
23.549999999999944 0.0
23.56666666666661 0.0
23.583333333333275 0.0
23.59999999999994 0.0
23.616666666666607 0.0
23.633333333333272 0.0
23.649999999999938 0.0
23.666666666666604 0.0
23.68333333333327 0.0
23.699999999999935 0.0
23.7166666666666 0.0
23.733333333333267 0.0
23.749999999999932 0.0
23.766666666666598 0.0
23.783333333333264 0.0
23.79999999999993 0.0
23.816666666666595 0.0
23.83333333333326 0.0
23.849999999999927 0.0
23.866666666666593 0.0
23.88333333333326 0.0
23.899999999999924 0.0
23.91666666666659 0.0
23.933333333333255 0.0
23.94999999999992 0.0
23.966666666666587 0.0
23.983333333333253 0.0
