10.0 4.43446303978986
10.0166664 3.632554496207922
10.0333328 4.296968927090461
10.0499992 6.366773892085689
10.0666656 6.491386096965644
10.0833321 6.365094059836342
10.0999985 5.741852197807402
10.1166649 4.887248629851031
10.1333313 5.4497942966086015
10.1499977 6.34784238757706
10.1666641 6.867038095921483
10.1833305 7.359713886560472
10.1999969 7.796768649483964
10.2166634 7.552595158574624
10.2333298 7.438703918733497
10.2499962 7.202499362641344
10.2666626 8.699240823662276
10.283329 9.360327192018906
10.2999954 9.06921293715859
10.3166618 9.909125827165568
10.3333282 8.845597328595248
10.3499947 8.581777767662977
10.3666611 8.951744888992462
10.3833275 8.477632701234043
10.3999939 8.167467674589464
10.4166603 7.697772194140871
10.4333267 7.920725237974067
10.4499931 8.223594027296357
10.4666595 8.407762451838733
10.483326 6.69668622701243
10.4999924 8.190137488615969
10.5166588 7.540747745585212
10.5333252 8.031859369121829
10.5499916 10.237328870627781
10.566658 10.626643507486982
10.5833244 10.570568889940505
10.5999908 10.04524659814234
10.6166573 10.326924113750223
10.6333237 11.176519177711134
10.6499901 11.517301755794259
10.6666565 11.341307308108385
10.6833229 11.514861634815892
10.6999893 10.83002721277953
10.7166557 11.739931815687815
10.7333221 12.806465777748876
10.7499886 12.38899207189561
10.766655 11.913816241432418
10.7833214 11.27287573243934
10.7999878 11.008125709043846
10.8166542 11.57013339310128
10.8333206 12.117227054322804
10.849987 15.513364441051989
10.8666534 13.56300849196732
10.8833199 11.867475402473344
10.8999863 10.497680493309689
10.9166527 10.82607759019538
10.9333191 9.946152867142406
10.9499855 9.837108844332574
10.9666519 11.027286451727
10.9833183 10.869075135134116
10.9999847 4.328010042247468
11.0166512 3.46155148565601
11.0333176 4.011150803273064
11.049984 6.228769899075882
11.0666504 5.353113592534314
11.0833168 6.700851006151319
11.0999832 5.934736965004216
11.1166496 5.990019305258818
11.133316 6.530256709786826
11.1499825 7.96549026856611
11.1666489 7.602195639544491
11.1833153 8.17327314546674
11.1999817 10.617456369984026
11.2166481 11.563315353447882
11.2333145 11.070991990714397
11.2499809 9.494372058302941
11.2666473 6.667336876889834
11.2833138 7.065020011369907
11.2999802 8.419841502681976
11.3166466 7.575177448934703
11.333313 6.820047102218342
11.3499794 8.219453386324348
11.3666458 9.281227876260987
11.3833122 8.679808703803978
11.3999786 8.197831387255922
11.4166451 7.680396331307906
11.4333115 8.60982250322919
11.4499779 7.812320344288646
11.4666443 4.464782337692834
11.4833107 3.4514389283491114
11.4999771 4.073459118723781
11.5166435 4.541535039277248
11.5333099 5.529208343997027
11.5499763 6.367354163483026
11.5666428 5.362436037079328
11.5833092 4.721787585696564
11.5999756 9.036840156810491
11.616642 11.880367319836996
11.6333084 9.13783635282925
11.6499748 11.81580254199234
11.6666412 13.237359916501074
11.6833076 8.54611000360236
11.6999741 8.940070347941948
11.7166405 7.582542970311157
11.7333069 7.868231360360841
11.7499733 8.052055922060724
11.7666397 7.890244225371154
11.7833061 7.328321481844608
11.7999725 10.28091543867893
11.8166389 13.744325671610124
11.8333054 19.934209226664528
11.8499718 21.99904438381515
11.8666382 20.582045202743203
11.8833046 16.628247252613335
11.899971 16.814337307509863
11.9166374 17.542991536696903
11.9333038 17.05601803949659
11.9499702 14.896068685996
11.9666367 15.643926724230045
11.9833031 13.95645251556995
11.9999695 1.8614929043012887
12.0166359 3.6719839548326396
12.0333023 4.396121152348776
12.0499687 5.188733834969638
12.0666351 6.371972865172594
12.0833015 6.332429893350809
12.099968 5.347511214771791
12.1166344 5.789564486261231
12.1333008 2.7032379775330453
12.1499672 2.630800417416662
12.1666336 7.822033548912592
12.1833 10.510449119029
12.1999664 12.029097456342186
12.2166328 9.341917529475088
12.2332993 9.76042448608191
12.2499657 15.306718179793787
12.2666321 11.115476936037428
12.2832985 13.877505152544225
12.2999649 13.774443504572254
12.3166313 14.619887450693309
12.3332977 13.508599337251177
12.3499641 12.274718970105049
12.3666306 13.140508147442134
12.383297 11.583758330077696
12.3999634 13.040069680656764
12.4166298 10.59515453758287
12.4332962 11.022595798679827
12.4499626 12.358310260894756
12.466629 11.56701895790669
12.4832954 10.815636196338707
12.4999619 11.070189725120496
12.5166283 10.972763076787556
12.5332947 11.341726227682251
12.5499611 13.446039587491931
12.5666275 9.1253685733855
12.5832939 13.210123726639342
12.5999603 19.02687782901928
12.6166267 30.43406588091691
12.6332932 18.799603375990596
12.6499596 16.30941745932076
12.666626 15.231908298104186
12.6832924 18.802348714993755
12.6999588 10.546329584975394
12.7166252 10.054836929805795
12.7332916 7.934805699486354
12.749958 2.5927547448916526
12.7666245 1.0251621002763212
12.7832909 1.851991330804729
12.7999573 1.2949957263030756
12.8166237 0.35686193860866877
12.8332901 0.7834706921691825
12.8499565 3.297971336739673
12.8666229 4.714465078411164
12.8832893 3.4288372514644476
12.8999557 2.243014790219421
12.9166222 7.997227520643752
12.9332886 9.764774654338195
12.949955 10.01306996443862
12.9666214 11.682579578813424
12.9832878 10.713693364926263
12.9999542 24.13256200266767
13.0166206 26.534086482194592
13.033287 30.13493471496303
13.0499535 27.8656386441398
13.0666199 27.554217435063332
13.0832863 29.05704860215695
13.0999527 30.516331430769757
13.1166191 26.0033853604541
13.1332855 23.98230434115945
13.1499519 24.28789462615515
13.1666183 22.34989362279358
13.1832848 19.862414333230088
13.1999512 23.91265229580817
13.2166176 20.800930995153198
13.233284 16.173228787770444
13.2499504 12.271950290110505
13.2666168 13.03779517472822
13.2832832 14.261759068126139
13.2999496 11.52678248119814
13.3166161 9.373994862748484
13.3332825 7.913829744046648
13.3499489 6.6235305178255555
13.3666153 8.093867547759483
13.3832817 6.301595156096841
13.3999481 5.28658242998016
13.4166145 5.241531203963945
13.4332809 5.446881219327584
13.4499474 5.207858591434189
13.4666138 4.736253836505987
13.4832802 4.553943833372311
13.4999466 4.853717474395483
13.516613 4.380590466604016
13.5332794 2.8670352937651526
13.5499458 2.738595532527008
13.5666122 2.931895847202315
13.5832787 4.240226509382126
13.5999451 3.764279160915994
13.6166115 2.8276931853892298
13.6332779 3.601762514946697
13.6499443 2.8932641528130723
13.6666107 3.340663262992226
13.6832771 3.3630160154922906
13.6999435 3.133951218709341
13.71661 2.3251187014242922
13.7332764 2.384426821206202
13.7499428 2.9874353471916817
13.7666092 3.304527885449895
13.7832756 1.7627403740134706
13.799942 1.3391055399316798
13.8166084 1.025328811116009
13.8332748 0.371678795057137
13.8499413 1.3428224260625954
13.8666077 0.5854983891116105
13.8832741 1.2755690164956384
13.8999405 1.9382871828450439
13.9166069 2.2556400697155374
13.9332733 3.0428965922639546
13.9499397 3.95340122895345
13.9666061 3.311133153436727
13.9832726 2.5688338147645493
13.999939 12.475306637595583
14.0166054 10.958317691849489
14.0332718 9.984966858296234
14.0499382 9.949076834142389
14.0666046 9.940202385258559
14.083271 9.222898066258063
14.0999374 9.276627965308688
14.1166039 9.346900805048158
14.1332703 9.899737686935918
14.1499367 10.226343782412808
14.1666031 10.7122345505218
14.1832695 10.862023630865904
14.1999359 10.369302186039322
14.2166023 10.288230449692975
14.2332687 9.748488290494265
14.2499352 9.664487453962652
14.2666016 9.350663247668024
14.283268 9.795364674098076
14.2999344 9.391386286637148
14.3166008 8.957521761969463
14.3332672 9.52076565390548
14.3499336 10.737583641462422
14.3666 10.099937478520385
14.3832664 9.251162683055208
14.3999329 8.924159500424683
14.4165993 8.9638114234474
14.4332657 8.764775182221397
14.4499321 8.414947716148736
14.4665985 9.867551129052659
14.4832649 9.543806271990059
14.4999313 10.131173737428307
14.5165977 10.591387250165571
14.5332642 11.042935972535505
14.5499306 10.05722780733884
14.566597 9.406597895362438
14.5832634 9.210932364891004
14.5999298 9.351059248097773
14.6165962 9.075452332990924
14.6332626 7.882238019063791
14.649929 7.956607516855656
14.6665955 8.64982332990484
14.6832619 9.678762277046502
14.6999283 9.775655925296824
14.7165947 9.570891614089941
14.7332611 9.350074807393845
14.7499275 9.650199346115514
14.7665939 8.056851833184501
14.7832603 7.044911373914629
14.7999268 6.364404570086295
14.8165932 6.206574107021258
14.8332596 6.278590542189424
14.849926 7.4195800688796405
14.8665924 9.464752537963278
14.8832588 9.79900385481441
14.8999252 9.780701660403922
14.9165916 9.667740592095017
14.9332581 9.996583572672677
14.9499245 11.912982277921678
14.9665909 12.790718783174157
14.9832573 14.102940378138307
14.9999237 16.697934044403556
15.0165901 15.259009734405565
15.0332565 14.181955641820682
15.0499229 12.804221054456463
15.0665894 12.743627875892379
15.0832558 12.4154615407532
15.0999222 13.176764547244227
15.1165886 12.658598295619791
15.133255 12.801519975049642
15.1499214 12.023761914633377
15.1665878 10.012312120141905
15.1832542 9.765689511883705
15.1999207 10.06817355184746
15.2165871 10.69603822542799
15.2332535 10.403351978462416
15.2499199 9.576065439366525
15.2665863 9.48602044923425
15.2832527 9.327094708197528
15.2999191 9.1051294919421
15.3165855 9.416769356301698
15.333252 9.016795832816793
15.3499184 8.092130953648802
15.3665848 7.183196233162294
15.3832512 6.383989628024565
15.3999176 6.007428291545647
15.416584 4.87682990708658
15.4332504 4.574552710064213
15.4499168 5.0390936295191295
15.4665833 4.992060219609417
15.4832497 4.871734608712922
15.4999161 3.9882502210428417
15.5165825 3.711341142930711
15.5332489 4.7205213748900015
15.5499153 5.262384505964024
15.5665817 6.5296798506197185
15.5832481 6.493296297306837
15.5999146 6.069772917180115
15.616581 6.712824533156221
15.6332474 6.776610032612459
15.6499138 7.145068238718855
15.6665802 6.5020544575522825
15.6832466 6.8736600292808365
15.699913 6.838008405194428
15.7165794 6.362947917657189
15.7332458 7.493004057490578
15.7499123 8.61837399938023
15.7665787 8.69005323849869
15.7832451 8.219158723047382
15.7999115 9.384294059079522
15.8165779 9.256772695783429
15.8332443 9.818936750342502
15.8499107 9.5713567337756
15.8665771 10.278052566113548
15.8832436 9.752056694150687
15.89991 10.352615143913486
15.9165764 11.039485051260918
15.9332428 10.984469388132103
15.9499092 11.434855524827531
15.9665756 11.489285523043904
15.983242 11.406996406017276
