10.0 9.33373000282548
10.0166664 9.02988261404166
10.0333328 9.734929474859175
10.0499992 13.327344766375177
10.0666656 16.516342087466853
10.0833321 14.526921109179531
10.0999985 12.394921634616532
10.1166649 11.908474678622309
10.1333313 10.688216397999149
10.1499977 9.27503231424634
10.1666641 10.420528520098594
10.1833305 10.271717435939674
10.1999969 12.979520261912658
10.2166634 11.978972697351589
10.2333298 8.306739138713333
10.2499962 4.1556591131529
10.2666626 3.2542603195637483
10.283329 2.949813383261319
10.2999954 3.5500377866101296
10.3166618 6.012023232288062
10.3333282 7.892125129649904
10.3499947 8.66217837310762
10.3666611 10.033177497456933
10.3833275 10.455005205385108
10.3999939 11.28464206550433
10.4166603 13.855447116750616
10.4333267 13.124755060566514
10.4499931 7.178074174315323
10.4666595 8.783521368434464
10.483326 6.1102208799161355
10.4999924 6.135667065146314
10.5166588 3.7488663468972643
10.5333252 3.6270358652502255
10.5499916 4.080683772653856
10.566658 4.694586007570218
10.5833244 5.117941224940862
10.5999908 5.062870396522694
10.6166573 3.9841994481476064
10.6333237 3.9745479815106886
10.6499901 4.773966005845882
10.6666565 5.008995859761369
10.6833229 5.782003874357664
10.6999893 5.632920959371116
10.7166557 5.146204517074379
10.7333221 6.091867384159624
10.7499886 7.364603593788665
10.766655 7.290300090167398
10.7833214 8.20203734125562
10.7999878 8.445887138533683
10.8166542 9.783123039469357
10.8333206 5.954513656715103
10.849987 4.720708567495113
10.8666534 4.328809856395783
10.8833199 4.971492517013087
10.8999863 4.9752769059081325
10.9166527 8.586922563194218
10.9333191 8.75520010139642
10.9499855 9.374324965592052
10.9666519 10.078620811911874
10.9833183 10.019739261395763
10.9999847 13.008462533097177
11.0166512 11.074816173171504
11.0333176 8.815477671018595
11.049984 10.420922288731488
11.0666504 13.373489190594526
11.0833168 13.003198774851313
11.0999832 8.174283813767623
11.1166496 7.492399291479825
11.133316 8.164595507489684
11.1499825 8.549892818572078
11.1666489 8.558341673373526
11.1833153 8.06528614862103
11.1999817 8.44546589427507
11.2166481 8.619660734799355
11.2333145 9.778029932013737
11.2499809 10.513496991219219
11.2666473 12.381961372220362
11.2833138 14.546921630813006
11.2999802 13.547211444999787
11.3166466 10.313710824681326
11.333313 9.209030440569776
11.3499794 10.535751229514451
11.3666458 9.355363596764237
11.3833122 8.163249637954042
11.3999786 9.176621877195373
11.4166451 8.541519907924005
11.4333115 8.382881385537091
11.4499779 8.06940634851037
11.4666443 7.437427204042478
11.4833107 8.386171825722325
11.4999771 9.81337977123352
11.5166435 8.37591945079664
11.5333099 7.899439121120349
11.5499763 7.706566062339122
11.5666428 7.519686767990043
11.5833092 6.304838439716977
11.5999756 4.984430163017871
11.616642 4.0643327379555885
11.6333084 4.626467488887556
11.6499748 4.5961709617838205
11.6666412 4.6375160689119985
11.6833076 5.8511244804969085
11.6999741 7.050411661446179
11.7166405 6.636983571588898
11.7333069 5.593271822940572
11.7499733 5.523585382925762
11.7666397 5.929368617347079
11.7833061 6.5462755325372015
11.7999725 7.131906536623886
11.8166389 8.302242691856119
11.8333054 9.014795580441346
11.8499718 8.733007419178284
11.8666382 8.096885524862495
11.8833046 8.074910469270288
11.899971 7.713277216169284
11.9166374 8.412502541750492
11.9333038 7.5531859741909635
11.9499702 8.279071793054758
11.9666367 10.21133970627172
11.9833031 11.082549843549918
11.9999695 9.886608099545228
12.0166359 9.35289971766451
12.0333023 7.2443670774703985
12.0499687 5.7492719752619035
12.0666351 7.07114372366733
12.0833015 7.94299601441393
12.099968 6.708259274939035
12.1166344 7.293449868032955
12.1333008 7.624839975267683
12.1499672 7.5352559935652845
12.1666336 7.394921079095301
12.1833 7.49829171005244
12.1999664 8.443133087424409
12.2166328 9.691062522302019
12.2332993 9.13291728877159
12.2499657 9.50220536630844
12.2666321 7.980653762969596
12.2832985 8.559203913858367
12.2999649 7.3413505170431606
12.3166313 7.686189200488217
12.3332977 6.351864700839949
12.3499641 5.580850827684284
12.3666306 5.681624608591145
12.383297 5.851479124397425
12.3999634 5.46818674704049
12.4166298 5.849594235079969
12.4332962 6.336996783372836
12.4499626 6.912267612349337
12.466629 7.578126279773903
12.4832954 7.147929658683566
12.4999619 6.202971528849339
12.5166283 5.587421075629578
12.5332947 7.595677562423568
12.5499611 9.448175714649487
12.5666275 9.338727538934842
12.5832939 10.66672827827411
12.5999603 10.109493996913232
12.6166267 8.738657279637627
12.6332932 8.565850513996558
12.6499596 10.039736823691351
12.666626 10.965897424301547
12.6832924 12.392126532784713
12.6999588 11.964677843908266
12.7166252 9.900233289393217
12.7332916 9.27112617301549
12.749958 11.320220030763075
12.7666245 11.032747940891309
12.7832909 7.648197392545994
12.7999573 6.082304505653589
12.8166237 7.686189200488217
12.8332901 7.788340078982077
12.8499565 8.329764647462948
12.8666229 7.170372395869896
12.8832893 7.067787711712143
12.8999557 8.195873470197869
12.9166222 7.984319478867037
12.9332886 8.269450391788908
12.949955 9.480529713216534
12.9666214 8.854897895502264
12.9832878 7.922770429578134
12.9999542 13.01537600462264
13.0166206 11.991016361604709
13.033287 12.325652171444906
13.0499535 12.59472640045215
13.0666199 12.250002307502065
13.0832863 12.702128001850285
13.0999527 13.517775194157288
13.1166191 14.44256357166688
13.1332855 13.407559941520672
13.1499519 12.238988862337377
13.1666183 12.959283660507886
13.1832848 14.09227529349543
13.1999512 13.45290406413166
13.2166176 12.761023571445767
13.233284 11.582704370703551
13.2499504 12.184292314828044
13.2666168 12.875304739733071
13.2832832 13.553850031663037
13.2999496 13.336933615845616
13.3166161 14.108223337038089
13.3332825 14.832786427308841
13.3499489 13.813293478885214
13.3666153 13.72656379996281
13.3832817 12.850709493706555
13.3999481 12.501511618610916
13.4166145 13.077823115263604
13.4332809 12.607175542947447
13.4499474 11.247778868025957
13.4666138 10.39460528882217
13.4832802 10.797557832739425
13.4999466 10.845417342918129
13.516613 9.452985027869943
13.5332794 9.574875749901098
13.5499458 9.377321982248786
13.5666122 8.997396328905529
13.5832787 8.595499800102553
13.5999451 7.133429556562071
13.6166115 6.3659341268309
13.6332779 6.206827283991104
13.6499443 6.241543583066318
13.6666107 5.515240741884555
13.6832771 5.686477444850216
13.6999435 7.4702198535218045
13.71661 8.120198839379453
13.7332764 7.251935002320368
13.7499428 7.627501983551845
13.7666092 8.040367776630697
13.7832756 7.407508958791402
13.799942 7.115051494411335
13.8166084 6.667786338174792
13.8332748 5.860101459280057
13.8499413 5.290405875093098
13.8666077 5.086865755060976
13.8832741 6.2549758394564225
13.8999405 6.141714004567155
13.9166069 6.180557232610359
13.9332733 6.289247396766827
13.9499397 6.876378791560082
13.9666061 7.379226144478131
13.9832726 7.592098346009944
13.999939 10.361820465991379
14.0166054 8.971855425570432
14.0332718 7.2580812439523825
14.0499382 8.080234617354236
14.0666046 8.562860668587033
14.083271 8.870278748250062
14.0999374 9.082039123520737
14.1166039 8.482662566327335
14.1332703 7.492179795338748
14.1499367 7.3369664071374245
14.1666031 7.000168132754612
14.1832695 7.023751116965304
14.1999359 7.285405884557542
14.2166023 7.3260127230081
14.2332687 7.411515911433257
14.2499352 7.9498581888688316
14.2666016 7.8923901993505465
14.283268 8.401058499606696
14.2999344 9.193429996882733
14.3166008 10.23304902801116
14.3332672 9.027460503685612
14.3499336 8.626704047110676
14.3666 8.315166587638522
14.3832664 9.017878616712652
14.3999329 9.163148697232815
14.4165993 8.602449949848964
14.4332657 7.998626368787538
14.4499321 6.404360976797176
14.4665985 5.953598501034471
14.4832649 7.009499298587149
14.4999313 7.735746717436867
14.5165977 8.53093458955175
14.5332642 8.972218036187634
14.5499306 9.77985151876031
14.566597 9.723877009433503
14.5832634 9.575425067738896
14.5999298 9.146533655741226
14.6165962 8.218963834588045
14.6332626 7.319698856426385
14.649929 6.6323413913602565
14.6665955 6.036626792062516
14.6832619 7.5001514087024725
14.6999283 9.627162369419317
14.7165947 8.955782785381219
14.7332611 11.750487486833185
14.7499275 12.097382931008497
14.7665939 12.076968692794097
14.7832603 13.953862900984355
14.7999268 11.380582284757136
14.8165932 13.746042283039076
14.8332596 9.624730709613695
14.849926 7.974024671113265
14.8665924 7.223512643145134
14.8832588 7.4857724794915
14.8999252 7.417451802867067
14.9165916 6.674772100587112
14.9332581 7.393449126146266
14.9499245 7.632780397401628
14.9665909 7.824008009796918
14.9832573 8.636105837811069
14.9999237 11.268969456764829
15.0165901 11.361477078991198
15.0332565 11.346177808223983
15.0499229 10.045050494727608
15.0665894 9.53903084547309
15.0832558 9.251430089870718
15.0999222 9.209971319513086
15.1165886 10.172778708077214
15.133255 9.189855713797943
15.1499214 8.209465559691072
15.1665878 8.279821455444447
15.1832542 8.529706447094858
15.1999207 7.617693836390109
15.2165871 7.314211713519743
15.2332535 7.306884697628667
15.2499199 7.843002442553565
15.2665863 8.208261745232495
15.2832527 8.619660535204236
15.2999191 8.35844675037417
15.3165855 7.604662592553185
15.333252 8.169301710005405
15.3499184 8.749710101660419
15.3665848 8.83281188223521
15.3832512 9.396433986569114
15.3999176 9.690639173040118
15.416584 9.417315315204966
15.4332504 9.906854819340802
15.4499168 9.463143829274953
15.4665833 9.015031941057797
15.4832497 9.274739051223364
15.4999161 9.754821995788273
15.5165825 9.81264436682621
15.5332489 9.91547028209356
15.5499153 10.090319931573182
15.5665817 10.378268374799951
15.5832481 9.900997296425407
15.5999146 9.599548278335913
15.616581 8.597335926966926
15.6332474 9.28546460989088
15.6499138 9.38907546420668
15.6665802 10.375392455552127
15.6832466 10.253267305235008
15.699913 10.889415602090386
15.7165794 12.276818657998584
15.7332458 12.092283014162579
15.7499123 11.979772997765238
15.7665787 13.10643584458065
15.7832451 13.352804966092863
15.7999115 13.521717559635645
15.8165779 14.226708952290526
15.8332443 14.384308026293185
15.8499107 14.143797529293382
15.8665771 13.440331529542215
15.8832436 13.94077031682478
15.89991 13.338698759094997
15.9165764 12.873703086861173
15.9332428 13.232696223060007
15.9499092 14.024373526885082
15.9665756 12.578164678138451
15.983242 11.40212438476661
