8.0  13.7
8.0167  13.9
8.0333  14.1
8.05  14.3
8.0667  14.5
8.0833  14.7
8.1  14.91
8.1167  15.11
8.1333  15.32
8.15  15.52
8.1667  15.73
8.1833  15.94
8.2  16.14
8.2167  16.35
8.2333  16.56
8.25  16.77
8.2667  16.98
8.2833  17.19
8.3  17.4
8.3167  17.61
8.3333  17.83
8.35  18.04
8.3667  18.25
8.3833  18.46
8.4  18.68
8.4167  18.89
8.4333  19.11
8.45  19.32
8.4667  19.54
8.4833  19.75
8.5  19.97
8.5167  20.19
8.5333  20.4
8.55  20.62
8.5667  20.84
8.5833  21.05
8.6  21.27
8.6167  21.49
8.6333  21.71
8.65  21.93
8.6667  22.14
8.6833  22.36
8.7  22.58
8.7167  22.8
8.7333  23.02
8.75  23.24
8.7667  23.46
8.7833  23.68
8.8  23.9
8.8167  24.11
8.8333  24.33
8.85  24.55
8.8667  24.77
8.8833  24.99
8.9  25.21
8.9167  25.43
8.9333  25.65
8.95  25.87
8.9667  26.08
8.9833  26.3
9.0  26.8
9.0167  27.01
9.0333  27.23
9.05  27.45
9.0667  27.67
9.0833  27.89
9.1  28.11
9.1167  28.33
9.1333  28.55
9.15  28.76
9.1667  28.98
9.1833  29.2
9.2  29.41
9.2167  29.63
9.2333  29.85
9.25  30.06
9.2667  30.28
9.2833  30.49
9.3  30.71
9.3167  30.92
9.3333  31.14
9.35  31.35
9.3667  31.56
9.3833  31.77
9.4  31.99
9.4167  32.2
9.4333  32.41
9.45  32.62
9.4667  32.83
9.4833  33.04
9.5  33.25
9.5167  33.46
9.5333  33.67
9.55  33.87
9.5667  34.08
9.5833  34.29
9.6  34.49
9.6167  34.7
9.6333  34.9
9.65  35.11
9.6667  35.31
9.6833  35.51
9.7  35.71
9.7167  35.92
9.7333  36.12
9.75  36.32
9.7667  36.52
9.7833  36.72
9.8  36.91
9.8167  37.11
9.8333  37.31
9.85  37.5
9.8667  37.7
9.8833  37.89
9.9  38.09
9.9167  38.28
9.9333  38.47
9.95  38.66
9.9667  38.85
9.9833  39.04
10.0  39.91
10.0167  40.1
10.0333  40.29
10.05  40.48
10.0667  40.66
10.0833  40.85
10.1  41.04
10.1167  41.22
10.1333  41.4
10.15  41.59
10.1667  41.77
10.1833  41.95
10.2  42.13
10.2167  42.31
10.2333  42.49
10.25  42.67
10.2667  42.84
10.2833  43.02
10.3  43.19
10.3167  43.37
10.3333  43.54
10.35  43.71
10.3667  43.88
10.3833  44.05
10.4  44.22
10.4167  44.39
10.4333  44.55
10.45  44.72
10.4667  44.88
10.4833  45.05
10.5  45.21
10.5167  45.37
10.5333  45.53
10.55  45.69
10.5667  45.85
10.5833  46.0
10.6  46.16
10.6167  46.32
10.6333  46.47
10.65  46.62
10.6667  46.77
10.6833  46.92
10.7  47.07
10.7167  47.22
10.7333  47.37
10.75  47.52
10.7667  47.66
10.7833  47.81
10.8  47.95
10.8167  48.09
10.8333  48.23
10.85  48.37
10.8667  48.51
10.8833  48.64
10.9  48.78
10.9167  48.91
10.9333  49.05
10.95  49.18
10.9667  49.31
10.9833  49.44
11.0  49.15
11.0167  49.28
11.0333  49.41
11.05  49.53
11.0667  49.65
11.0833  49.78
11.1  49.9
11.1167  50.02
11.1333  50.14
11.15  50.25
11.1667  50.37
11.1833  50.48
11.2  50.6
11.2167  50.71
11.2333  50.82
11.25  50.93
11.2667  51.04
11.2833  51.15
11.3  51.25
11.3167  51.36
11.3333  51.46
11.35  51.56
11.3667  51.66
11.3833  51.76
11.4  51.86
11.4167  51.96
11.4333  52.05
11.45  52.15
11.4667  52.24
11.4833  52.33
11.5  52.42
11.5167  52.51
11.5333  52.6
11.55  52.68
11.5667  52.77
11.5833  52.86
11.6  52.94
11.6167  53.02
11.6333  53.1
11.65  53.18
11.6667  53.26
11.6833  53.33
11.7  53.41
11.7167  53.48
11.7333  53.55
11.75  53.62
11.7667  53.69
11.7833  53.76
11.8  53.83
11.8167  53.89
11.8333  53.95
11.85  54.01
11.8667  54.08
11.8833  54.14
11.9  54.2
11.9167  54.25
11.9333  54.31
11.95  54.36
11.9667  54.41
11.9833  54.47
12.0  46.64
12.0167  46.68
12.0333  46.73
12.05  46.77
12.0667  46.81
12.0833  46.85
12.1  46.89
12.1167  46.93
12.1333  46.96
12.15  47.0
12.1667  47.03
12.1833  47.06
12.2  47.09
12.2167  47.12
12.2333  47.15
12.25  47.18
12.2667  47.21
12.2833  47.23
12.3  47.25
12.3167  47.27
12.3333  47.3
12.35  47.31
12.3667  47.33
12.3833  47.35
12.4  47.36
12.4167  47.38
12.4333  47.39
12.45  47.4
12.4667  47.41
12.4833  47.42
12.5  47.43
12.5167  47.43
12.5333  47.44
12.55  47.44
12.5667  47.44
12.5833  47.45
12.6  47.45
12.6167  47.44
12.6333  47.44
12.65  47.44
12.6667  47.43
12.6833  47.42
12.7  47.41
12.7167  47.41
12.7333  47.39
12.75  47.38
12.7667  47.37
12.7833  47.35
12.8  47.34
12.8167  47.32
12.8333  47.3
12.85  47.28
12.8667  47.26
12.8833  47.24
12.9  47.21
12.9167  47.19
12.9333  47.16
12.95  47.13
12.9667  47.1
12.9833  47.07
13.0  45.87
13.0167  45.84
13.0333  45.81
13.05  45.77
13.0667  45.73
13.0833  45.7
13.1  45.66
13.1167  45.62
13.1333  45.57
13.15  45.53
13.1667  45.49
13.1833  45.44
13.2  45.39
13.2167  45.35
13.2333  45.3
13.25  45.25
13.2667  45.2
13.2833  45.14
13.3  45.09
13.3167  45.03
13.3333  44.97
13.35  44.92
13.3667  44.86
13.3833  44.8
13.4  44.73
13.4167  44.67
13.4333  44.61
13.45  44.54
13.4667  44.48
13.4833  44.41
13.5  44.34
13.5167  44.27
13.5333  44.2
13.55  44.12
13.5667  44.05
13.5833  43.97
13.6  43.9
13.6167  43.82
13.6333  43.74
13.65  43.66
13.6667  43.58
13.6833  43.5
13.7  43.41
13.7167  43.33
13.7333  43.24
13.75  43.15
13.7667  43.07
13.7833  42.98
13.8  42.89
13.8167  42.79
13.8333  42.7
13.85  42.61
13.8667  42.51
13.8833  42.42
13.9  42.32
13.9167  42.22
13.9333  42.12
13.95  42.02
13.9667  41.92
13.9833  41.81
14.0  40.99
14.0167  40.89
14.0333  40.78
14.05  40.68
14.0667  40.57
14.0833  40.46
14.1  40.35
14.1167  40.24
14.1333  40.13
14.15  40.01
14.1667  39.9
14.1833  39.78
14.2  39.67
14.2167  39.55
14.2333  39.43
14.25  39.31
14.2667  39.19
14.2833  39.07
14.3  38.95
14.3167  38.83
14.3333  38.7
14.35  38.58
14.3667  38.45
14.3833  38.32
14.4  38.2
14.4167  38.07
14.4333  37.94
14.45  37.81
14.4667  37.67
14.4833  37.54
14.5  37.41
14.5167  37.27
14.5333  37.14
14.55  37.0
14.5667  36.86
14.5833  36.72
14.6  36.59
14.6167  36.45
14.6333  36.3
14.65  36.16
14.6667  36.02
14.6833  35.88
14.7  35.73
14.7167  35.59
14.7333  35.44
14.75  35.29
14.7667  35.15
14.7833  35.0
14.8  34.85
14.8167  34.7
14.8333  34.55
14.85  34.39
14.8667  34.24
14.8833  34.09
14.9  33.93
14.9167  33.78
14.9333  33.62
14.95  33.47
14.9667  33.31
14.9833  33.15
15.0  34.76
15.0167  34.59
15.0333  34.43
15.05  34.26
15.0667  34.1
15.0833  33.93
15.1  33.76
15.1167  33.59
15.1333  33.42
15.15  33.25
15.1667  33.08
15.1833  32.91
15.2  32.74
15.2167  32.57
15.2333  32.39
15.25  32.22
15.2667  32.04
15.2833  31.87
15.3  31.69
15.3167  31.52
15.3333  31.34
15.35  31.16
15.3667  30.99
15.3833  30.81
15.4  30.63
15.4167  30.45
15.4333  30.27
15.45  30.09
15.4667  29.91
15.4833  29.72
15.5  29.54
15.5167  29.36
15.5333  29.18
15.55  28.99
15.5667  28.81
15.5833  28.62
15.6  28.44
15.6167  28.26
15.6333  28.07
15.65  27.88
15.6667  27.7
15.6833  27.51
15.7  27.32
15.7167  27.14
15.7333  26.95
15.75  26.76
15.7667  26.57
15.7833  26.38
15.8  26.2
15.8167  26.01
15.8333  25.82
15.85  25.63
15.8667  25.44
15.8833  25.25
15.9  25.06
15.9167  24.87
15.9333  24.68
15.95  24.49
15.9667  24.29
15.9833  24.1
16.0  22.74
16.0167  22.55
16.0333  22.37
16.05  22.18
16.0667  22.0
16.0833  21.81
16.1  21.63
16.1167  21.44
16.1333  21.26
16.15  21.07
16.1667  20.89
16.1833  20.7
16.2  20.52
16.2167  20.33
16.2333  20.15
16.25  19.97
16.2667  19.78
16.2833  19.6
16.3  19.41
16.3167  19.23
16.3333  19.05
16.35  18.86
16.3667  18.68
16.3833  18.5
16.4  18.31
16.4167  18.13
16.4333  17.95
16.45  17.77
16.4667  17.59
16.4833  17.4
16.5  17.22
16.5167  17.04
16.5333  16.86
16.55  16.68
16.5667  16.5
16.5833  16.32
16.6  16.14
16.6167  15.97
16.6333  15.79
16.65  15.61
16.6667  15.43
16.6833  15.26
16.7  15.08
16.7167  14.91
16.7333  14.73
16.75  14.56
16.7667  14.38
16.7833  14.21
16.8  14.04
16.8167  13.86
16.8333  13.69
16.85  13.52
16.8667  13.35
16.8833  13.18
16.9  13.01
16.9167  12.84
16.9333  12.68
16.95  12.51
16.9667  12.34
16.9833  12.18
