10 13.488481485863183
10.016666666666667 19.0473739370549
10.033333333333335 13.011345361459563
10.050000000000002 13.525094458728168
10.06666666666667 15.049824489962099
10.083333333333337 16.888885425514534
10.100000000000005 12.742027092062294
10.116666666666672 13.628340902496612
10.13333333333334 13.197054378315869
10.150000000000007 18.78036349518821
10.166666666666675 17.07364702962735
10.183333333333342 16.400734920917795
10.20000000000001 12.826185996389523
10.216666666666677 14.13268503779686
10.233333333333345 11.718335108157046
10.250000000000012 12.381618877979086
10.26666666666668 11.851663306235434
10.283333333333347 11.009188494942622
10.300000000000015 14.249752543590418
10.316666666666682 11.891694949346887
10.33333333333335 12.931193062420318
10.350000000000017 17.733927973913843
10.366666666666685 12.087834772536057
10.383333333333352 10.278617422140604
10.40000000000002 13.39875744828577
10.416666666666687 13.221075749096618
10.433333333333355 12.1114105443627
10.450000000000022 12.331351691321585
10.46666666666669 11.79772508253654
10.483333333333357 11.194342460072354
10.500000000000025 15.55907151324107
10.516666666666692 11.185489869029418
10.53333333333336 11.164574185106162
10.550000000000027 9.77466364070476
10.566666666666695 7.0002605623859955
10.583333333333362 7.487627599353768
10.60000000000003 6.691627911650945
10.616666666666697 10.226933487382892
10.633333333333365 12.193818040139128
10.650000000000032 12.254570675508747
10.6666666666667 8.394148809905502
10.683333333333367 7.487448670805358
10.700000000000035 9.343391120600245
10.716666666666702 8.488873508868261
10.73333333333337 7.600921126643987
10.750000000000037 6.976814918245806
10.766666666666705 6.427590592879605
10.783333333333372 6.371060871048676
10.80000000000004 8.08897175634602
10.816666666666707 8.113443576752159
10.833333333333375 10.206883045014603
10.850000000000042 10.121399263441658
10.86666666666671 9.599280447407908
10.883333333333377 8.253210866485006
10.900000000000045 10.998462033383973
10.916666666666712 9.489074914999916
10.93333333333338 8.453605033982537
10.950000000000047 8.920098786365012
10.966666666666715 7.261871287811759
10.983333333333382 8.48176701857536
11.00000000000005 9.623786222498262
11.016666666666717 11.6272204975284
11.033333333333385 10.056023314518345
11.050000000000052 8.145562841035227
11.06666666666672 6.8026621231363515
11.083333333333387 7.088996980869807
11.100000000000055 7.341450551712372
11.116666666666722 7.674365331886733
11.13333333333339 6.758961875676121
11.150000000000057 6.509630606233596
11.166666666666725 6.313452577121636
11.183333333333392 8.048888602232525
11.20000000000006 7.492287877226853
11.216666666666727 9.463326670226273
11.233333333333395 7.50036257101911
11.250000000000062 8.676658375633204
11.26666666666673 7.0073968552459736
11.283333333333397 6.31146986757133
11.300000000000065 6.736294590456739
11.316666666666732 6.2384780054664954
11.3333333333334 7.080174159712715
11.350000000000067 4.181010882528988
11.366666666666735 6.215123857284285
11.383333333333402 4.178068314237219
11.40000000000007 4.293147282893631
11.416666666666737 5.359494387442321
11.433333333333405 4.679841883521166
11.450000000000072 7.101806374845378
11.46666666666674 7.6612986735804265
11.483333333333407 6.282301377643741
11.500000000000075 4.907779099626419
11.516666666666742 7.131022754071948
11.53333333333341 10.534800209201887
11.550000000000077 11.482008035779204
11.566666666666745 11.117209645615276
11.583333333333412 9.396355771315818
11.60000000000008 9.64705476748433
11.616666666666747 9.74064178622811
11.633333333333415 8.549295309382462
11.650000000000082 5.855918144286236
11.66666666666675 5.680830974671019
11.683333333333417 6.6658790309610865
11.700000000000085 7.866504001482986
11.716666666666752 4.908026368118958
11.73333333333342 3.0077965195339442
11.750000000000087 2.972256872075929
11.766666666666755 6.835836101241086
11.783333333333422 8.770530126800738
11.80000000000009 8.854773672823555
11.816666666666757 4.0185456385626495
11.833333333333425 3.397796524992347
11.850000000000092 4.147504368375376
11.86666666666676 3.9914906877112672
11.883333333333427 5.17529563924061
11.900000000000095 9.57225387083101
11.916666666666762 4.9194919145612594
11.93333333333343 7.024699102642244
11.950000000000097 7.581477513004304
11.966666666666764 4.691839780011353
11.983333333333432 3.674620297439277
12.0000000000001 4.61088741853312
12.050000000000102 2.7899883718131115
12.06666666666677 3.479624869148368
12.083333333333437 4.137766763525193
12.100000000000104 4.4618496448642935
12.116666666666772 4.161635578291957
12.13333333333344 5.811365401583861
12.150000000000107 6.294108335767539
12.166666666666774 4.718181844158806
12.183333333333442 3.5712699214548724
12.20000000000011 3.450651840365244
12.216666666666777 3.889023613480946
12.233333333333444 6.230073667041026
12.250000000000112 4.685299266178934
12.26666666666678 2.7251722740591053
12.283333333333447 2.833917361627896
12.300000000000114 1.651518214933035
12.316666666666782 2.459648068842742
12.33333333333345 1.7979198545112995
12.350000000000117 1.6975873599929594
12.366666666666784 2.688931602373767
12.383333333333452 2.6910081694977372
12.40000000000012 2.294754967910221
12.416666666666787 1.7087771575353665
12.433333333333454 2.5201312752751663
12.450000000000122 2.42870836733169
12.46666666666679 3.390514416410494
12.483333333333457 2.2575961889497873
12.500000000000124 1.073040895481833
12.516666666666792 2.527156200066989
12.53333333333346 2.8888242937781605
12.550000000000127 2.080245969479026
12.566666666666794 1.6930397686554177
12.583333333333462 2.0937465420007073
12.60000000000013 3.335012244172688
12.616666666666797 3.32360948537778
12.633333333333464 3.452974586917181
12.650000000000132 2.6379946323328993
12.6666666666668 1.2938943455984901
12.683333333333467 0.15950949456081973
12.700000000000134 -0.11246239506383085
12.716666666666802 -0.013986347474359699
12.73333333333347 1.3515787956813987
12.750000000000137 0.21654793960327404
12.766666666666804 1.8264523241752155
12.783333333333472 2.1683813111603465
12.80000000000014 2.859174964379833
12.816666666666807 3.138115099876451
12.833333333333474 7.397613676186213
12.850000000000142 9.14726160283081
12.86666666666681 7.602360518572777
12.883333333333477 4.186185158154869
12.900000000000144 7.670306057138895
12.916666666666812 6.551338949820957
12.93333333333348 3.18312871109446
12.950000000000147 0.9046346854383077
12.966666666666814 0.2465294444568725
12.983333333333482 2.080245969479026
13.00000000000015 6.172894097613249
13.016666666666817 7.867493269353388
13.033333333333484 2.398988449626763
13.050000000000152 0.31009553890024044
13.06666666666682 -0.10379720402485354
13.083333333333487 -0.3835915977654221
13.100000000000154 -0.6952574573597406
13.116666666666822 -2.1342906438568314
13.13333333333349 -2.4623669704348705
13.150000000000157 -1.8162290053180807
13.166666666666824 -1.761146851832832
13.183333333333492 -1.2263022964245376
13.20000000000016 -0.3441205432289199
13.216666666666827 -0.25991778605261595
13.233333333333494 -1.3254197353804114
13.250000000000162 -1.855798631731212
13.26666666666683 -1.7026368756848305
13.283333333333497 -2.296024752232466
13.300000000000164 -2.78847158011151
13.316666666666832 -2.4458059177656732
13.3333333333335 -2.1570821968743847
13.350000000000167 -2.878919419129624
13.366666666666834 -2.1697920534369475
13.383333333333502 -2.991055839963637
13.400000000000169 -1.6551089430690848
13.416666666666837 -0.547790608364081
13.433333333333504 -2.5817034509484347
13.450000000000172 0.4198499605293281
13.466666666666839 -0.4756913706847684
13.483333333333507 -0.7142157772259576
13.500000000000174 0.08115605648578993
13.516666666666842 -0.7981203906380356
13.533333333333509 -0.59947045378736
13.550000000000177 -0.8658740221566071
13.566666666666844 -0.6577494547277246
13.583333333333512 -2.1220283071376036
13.600000000000179 -1.802866695266933
13.616666666666847 -2.98737963715551
13.633333333333514 -3.5177373228006985
13.650000000000182 -3.847979552869939
13.666666666666849 -3.8150330622615494
13.683333333333517 -2.841835173953979
13.700000000000184 -1.5556110445158071
13.716666666666852 -1.6534692458001765
13.733333333333519 -1.7167198270711872
13.750000000000187 -0.5267698043564424
13.766666666666854 -2.0466028714034734
13.783333333333522 -2.8701094517329495
13.800000000000189 -5.098945042039674
13.816666666666857 -5.097227198545949
13.833333333333524 -4.585507437781678
13.850000000000191 -5.026632461117391
13.866666666666859 -4.447974612476234
13.883333333333526 -3.2643706823328107
13.900000000000194 -1.6786494610075604
13.916666666666861 -0.842226858822782
13.933333333333529 -0.8600929919609
13.950000000000196 -0.19891861764355356
13.966666666666864 -1.5968100462262687
13.983333333333531 -0.5920096734154018
14.000000000000199 0.863183784979382
14.016666666666866 1.1795227404439157
14.033333333333534 1.5410872980932389
14.050000000000201 -1.893260266790393
14.066666666666869 0.18363941290554375
14.083333333333536 1.0612644953041135
14.100000000000204 -2.0868457148684336
14.116666666666871 -0.7816022322856865
14.133333333333539 -4.334760608477466
14.150000000000206 -4.248671908002019
14.166666666666874 -3.9301803707994205
14.183333333333541 -0.8763197428365006
14.200000000000209 -0.9359621271560182
14.216666666666876 -4.597178321815391
14.233333333333544 -4.434998221068444
14.250000000000211 -4.529894693560129
14.266666666666879 -5.269354907821147
14.283333333333546 -6.676763383193345
14.300000000000214 -5.701572433094349
14.316666666666881 -4.383205196913779
14.333333333333549 -1.4540495591118414
14.350000000000216 -1.2886696720344835
14.366666666666884 -0.5772698679531478
14.383333333333551 -1.9254214751676089
14.400000000000219 -6.256670341437251
14.416666666666886 -5.300620950784157
14.433333333333554 -2.872985244199232
14.450000000000221 -0.9916667753572731
14.466666666666889 -0.9913250142370821
14.483333333333556 -2.735631315039327
14.500000000000224 -6.070437685295399
14.516666666666891 -7.692267504521492
14.533333333333559 -7.731927137196084
14.550000000000226 -7.727616803865271
14.566666666666894 -6.269960179716192
14.583333333333561 -6.426254540178542
14.600000000000229 -6.82603429863935
14.616666666666896 -6.060834151579854
14.633333333333564 -4.625955783397541
14.650000000000231 -2.705016153350626
14.666666666666899 -2.2514679875777928
14.683333333333566 -1.5858005999651694
14.700000000000234 -1.240377712233361
14.716666666666901 -6.017352424347221
14.733333333333569 -7.444305282478932
14.750000000000236 -4.9826410841562065
14.766666666666904 -2.0994071511668357
14.783333333333571 -2.1068410660975596
14.800000000000239 -4.5296897899909006
14.816666666666906 -4.972588447140208
14.833333333333574 -5.418582751418892
14.850000000000241 -6.9861087739763565
14.866666666666909 -4.0527591121382205
14.883333333333576 -3.2718660820939833
14.900000000000244 -3.7749449267084
14.916666666666911 -4.602751780505824
14.933333333333579 -3.8567271285249576
14.950000000000246 -5.494384895993908
14.966666666666914 -6.466948421681452
14.983333333333581 -6.797727591828473
15.000000000000249 -4.638595756353449
15.016666666666916 -6.961509630944099
15.033333333333584 -7.302146056459087
15.050000000000251 -7.747100109177976
15.066666666666919 -7.016552576662619
15.083333333333586 -6.418727631570814
15.100000000000254 -7.875791021004723
15.116666666666921 -8.73776059618666
15.133333333333589 -7.540980788513699
15.150000000000256 -6.058002358419742
15.166666666666924 -5.315813239547379
15.183333333333591 -4.987816563818174
15.200000000000259 -2.252248153366629
15.216666666666926 -2.113407229184634
15.233333333333594 -3.595439643429394
15.250000000000261 -5.398167732201271
15.266666666666929 -5.5463277452335635
15.283333333333596 -2.0586203169060546
15.300000000000264 -1.6457611294210086
15.316666666666931 -1.0735196763543353
15.333333333333599 -1.1814139276625406
15.350000000000266 -4.283010206738168
15.366666666666934 -5.3133582314240515
15.383333333333601 -6.596319320827098
15.400000000000269 -6.870310184430323
15.416666666666936 -7.529086013520427
15.433333333333604 -7.61150266648477
15.450000000000271 -6.654860269907282
15.466666666666939 -3.6422476671037103
15.483333333333606 -7.0756514258359635
15.500000000000274 -7.157438528871544
15.516666666666941 -6.8181291654131435
15.533333333333609 -7.915587518162319
15.550000000000276 -6.6616677059047555
15.566666666666944 -3.022764196814492
15.583333333333611 -2.2502607237294248
15.600000000000279 -2.4151685123967908
15.616666666666946 -3.290397060834665
15.633333333333614 -2.2354714367220487
15.650000000000281 0.516777118600643
15.666666666666949 1.7385673418441294
15.683333333333616 1.3578649887004144
15.700000000000284 1.9025158943680434
15.716666666666951 0.7774664353187046
15.733333333333618 0.9581762624962156
15.750000000000286 -0.6549866830174252
15.766666666666953 1.5497648859662714
15.783333333333621 1.2697460512990701
15.800000000000288 2.0118030221559224
15.816666666666956 2.26291095212866
15.833333333333623 0.14049667954667253
15.850000000000291 0.38096389268460845
15.866666666666958 1.2636827207966512
15.883333333333626 -3.205387025624322
15.900000000000293 -4.092534358776453
15.916666666666961 -5.553993053140282
15.933333333333628 -2.4278717507157705
15.950000000000296 -5.059562549152928
15.966666666666963 -4.0145156074715
15.983333333333631 -4.7193119693796195
