10 2.5416899817233785
10.016666666666667 3.982043558282388
10.033333333333335 2.009472372593441
10.050000000000002 1.6305277245674064
10.06666666666667 3.8678227332403425
10.083333333333337 4.133006065644966
10.100000000000005 3.4783398145304854
10.116666666666672 3.6756394854921908
10.13333333333334 5.490232844832479
10.150000000000007 4.441060626057391
10.166666666666675 4.256556561830417
10.183333333333342 4.941283856606951
10.20000000000001 2.573805767647265
10.216666666666677 4.1031775175082235
10.233333333333345 4.081198980378594
10.250000000000012 4.938647779178415
10.26666666666668 4.589970713233948
10.283333333333347 4.5235109966752844
10.300000000000015 5.415487105222352
10.316666666666682 6.5653656300987135
10.33333333333335 6.144945790611191
10.350000000000017 4.970637447253901
10.366666666666685 4.251812806749469
10.383333333333352 4.487312823324559
10.40000000000002 4.445216994526057
10.416666666666687 3.5983643879541125
10.433333333333355 3.566009312695261
10.450000000000022 4.217842656911525
10.46666666666669 3.9186091831895697
10.483333333333357 5.013962214801087
10.500000000000025 3.578345751973389
10.516666666666692 4.61568003593309
10.53333333333336 1.9944852699562305
10.550000000000027 1.5490568498528472
10.566666666666695 3.2634996624522357
10.583333333333362 3.092031867155064
10.60000000000003 3.8689238924900806
10.616666666666697 4.8551954883925355
10.633333333333365 4.380039007730318
10.650000000000032 2.702131545599272
10.6666666666667 2.2256531149803997
10.683333333333367 1.4057870649296147
10.700000000000035 2.4752253921059744
10.716666666666702 3.159512325159481
10.73333333333337 2.381161837608815
10.750000000000037 1.381348266536367
10.766666666666705 1.0211165615875142
10.783333333333372 1.098916117226923
10.80000000000004 2.1011408537026868
10.816666666666707 2.268375080497953
10.833333333333375 2.673995408027213
10.850000000000042 2.8654824932077254
10.86666666666671 1.6591596129510027
10.883333333333377 1.3133364813974935
10.900000000000045 0.9583169861074795
10.916666666666712 0.05452696955230572
10.93333333333338 0.094447963090411
10.950000000000047 0.5281598126726634
10.966666666666715 -0.19565506345866818
10.983333333333382 -0.45390995032697357
11.00000000000005 0.6083576866649443
11.016666666666717 1.5914452580457719
11.033333333333385 1.8601287185970594
11.050000000000052 2.3564730501617897
11.06666666666672 3.0318194111913392
11.083333333333387 3.4606975236849538
11.100000000000055 1.9609302055832687
11.116666666666722 1.5538193486542202
11.13333333333339 2.5043035950490578
11.150000000000057 2.463368478362495
11.166666666666725 2.0569041731784123
11.183333333333392 1.6944796701034694
11.20000000000006 2.1989364425500195
11.216666666666727 3.1761105220087043
11.233333333333395 3.2528427846558547
11.250000000000062 4.121984814040315
11.26666666666673 4.0718410648624035
11.283333333333397 4.25339788873743
11.300000000000065 4.202919153368712
11.316666666666732 4.442383736686577
11.3333333333334 3.7586079732318245
11.350000000000067 4.079144556964967
11.366666666666735 3.327514975600683
11.383333333333402 2.3322144470909554
11.40000000000007 2.3739476931389856
11.416666666666737 3.1300580640902
11.433333333333405 3.6824678148895087
11.450000000000072 4.898052764232863
11.46666666666674 5.66719226161289
11.483333333333407 5.587864777921332
11.500000000000075 5.056452138886515
11.516666666666742 5.050757656552261
11.53333333333341 4.954169762039829
11.550000000000077 5.222871420228322
11.566666666666745 4.955838525303307
11.583333333333412 4.222941473671571
11.60000000000008 3.136448502568709
11.616666666666747 3.6715792568153085
11.633333333333415 3.977685669985947
11.650000000000082 4.086322229712888
11.66666666666675 4.851447734439605
11.683333333333417 5.388033623453034
11.700000000000085 5.283968196791163
11.716666666666752 6.0071900776096
11.73333333333342 6.076034869552327
11.750000000000087 6.023874951083966
11.766666666666755 6.092147661812968
11.783333333333422 7.036930727067727
11.80000000000009 7.7881370370457725
11.816666666666757 7.695225336114226
11.833333333333425 7.973241395536987
11.850000000000092 7.880014637910861
11.86666666666676 8.392390290215722
11.883333333333427 7.596351860948037
11.900000000000095 6.764484868806556
11.916666666666762 6.711079439073323
11.93333333333343 6.508973313844491
11.950000000000097 6.424979157761542
11.966666666666764 6.289765546572577
11.983333333333432 5.934261148007474
12.0000000000001 6.912861387588149
12.016666666666767 7.644011150662233
12.033333333333434 6.990577970582764
12.050000000000102 8.119777730267062
12.06666666666677 8.107128416201322
12.083333333333437 8.042785310545872
12.100000000000104 8.301632424370851
12.116666666666772 7.755134734500023
12.13333333333344 7.7437326538930655
12.150000000000107 8.127861364307785
12.166666666666774 7.347324579541743
12.183333333333442 7.8739256345271125
12.20000000000011 9.220793450129738
12.216666666666777 10.44373782000971
12.233333333333444 10.240582032092252
12.250000000000112 9.610203196834753
12.26666666666678 9.090685598665948
12.283333333333447 7.8656983890946774
12.300000000000114 8.243041725133333
12.316666666666782 7.568451335142541
12.33333333333345 7.842795634041242
12.350000000000117 8.136580908252803
12.366666666666784 8.771287274824015
12.383333333333452 10.142827823800646
12.40000000000012 10.848413142517847
12.416666666666787 11.282528947600113
12.433333333333454 10.521343180058029
12.450000000000122 10.299514476900248
12.46666666666679 8.703724160794737
12.483333333333457 8.540921210662408
12.500000000000124 7.731918537906144
12.516666666666792 7.616201741235448
12.53333333333346 8.626716559942924
12.550000000000127 9.131593032402616
12.566666666666794 9.988920488625656
12.583333333333462 9.866709004170213
12.60000000000013 8.49540303067229
12.616666666666797 8.686805779216407
12.633333333333464 8.212037710291604
12.650000000000132 8.187537366892185
12.6666666666668 8.88414904890178
12.683333333333467 9.026670054403803
12.700000000000134 9.733132702221178
12.716666666666802 10.05347457264755
12.73333333333347 10.148457433325914
12.750000000000137 9.348902871079007
12.766666666666804 10.026521813533934
12.783333333333472 10.248094210741863
12.80000000000014 12.3009795535113
12.816666666666807 12.630888424115058
12.833333333333474 11.517028561863752
12.850000000000142 11.290433728791761
12.86666666666681 10.42498392732938
12.883333333333477 10.42498392732938
12.900000000000144 10.42498392732938
12.916666666666812 12.020571609628377
12.93333333333348 11.969952282195202
12.950000000000147 13.328167679701133
12.966666666666814 11.593132625543815
12.983333333333482 12.526571396381064
13.00000000000015 13.645187344011598
13.016666666666817 11.767474972462475
13.033333333333484 10.567350055715277
13.050000000000152 10.198275822033889
13.06666666666682 10.289299880037465
13.083333333333487 11.510927690682196
13.100000000000154 11.26494805128588
13.116666666666822 10.711124109745487
13.13333333333349 12.176550811506536
13.150000000000157 11.891279049369615
13.166666666666824 12.053356070662323
13.183333333333492 12.616258531480934
13.20000000000016 13.985793453633862
13.216666666666827 13.692425233705677
13.233333333333494 13.775710592111096
13.250000000000162 13.85934810848019
13.26666666666683 11.763194109459969
13.283333333333497 11.590765589873671
13.300000000000164 10.844341043648576
13.316666666666832 10.639831189324509
13.3333333333335 11.076759299731462
13.350000000000167 10.739676016661626
13.366666666666834 10.815633109552273
13.383333333333502 10.380298301262163
13.400000000000169 10.912780703019642
13.416666666666837 12.315730899066093
13.433333333333504 11.244626797615824
13.450000000000172 10.06224015036528
13.466666666666839 8.211389218676317
13.483333333333507 7.0772516658764735
13.500000000000174 7.218949940330027
13.516666666666842 8.532070050636383
13.533333333333509 10.588982265193982
13.550000000000177 10.863793737365079
13.566666666666844 12.27069616020209
13.583333333333512 12.84244684820132
13.600000000000179 12.519270389447529
13.616666666666847 10.092620715780733
13.633333333333514 9.943354228975187
13.650000000000182 8.597332347621768
13.666666666666849 7.651050370164743
13.683333333333517 7.113064275481501
13.700000000000184 7.122732646300673
13.716666666666852 7.81607582379745
13.733333333333519 9.30773554932767
13.750000000000187 8.85196424426723
13.766666666666854 9.069965830682012
13.816666666666857 7.309055141937372
13.833333333333524 7.652682947010397
13.850000000000191 7.2431782256360995
13.866666666666859 8.176062307532261
13.883333333333526 8.751711455367666
13.900000000000194 8.919815388247782
13.916666666666861 10.005177303116739
13.933333333333529 10.1829520606792
13.950000000000196 9.926939765422144
13.966666666666864 11.363624409709063
13.983333333333531 10.467734598613676
14.000000000000199 8.511567518635411
14.016666666666866 7.642392692175224
14.033333333333534 8.17393226208043
14.050000000000201 8.003788840910731
14.066666666666869 8.688567772695738
14.083333333333536 9.351446438837506
14.100000000000204 10.88925805996915
14.116666666666871 10.870577275387106
14.133333333333539 10.678430847401591
14.150000000000206 9.902362084595552
14.166666666666874 8.5167151533355
14.183333333333541 9.210313619631766
14.200000000000209 7.554926988349717
14.216666666666876 7.683756412735392
14.233333333333544 6.353281780817926
14.250000000000211 6.257268484569507
14.266666666666879 6.414875341422169
14.283333333333546 8.404953522591633
14.300000000000214 9.743514239519895
14.316666666666881 10.488017125685158
14.333333333333549 10.501128226419052
14.350000000000216 11.678499185635781
14.366666666666884 10.695654415541537
14.383333333333551 10.099920664320074
14.400000000000219 12.015869475790094
14.416666666666886 10.186566925915093
14.433333333333554 9.379870505865787
14.450000000000221 9.509463007033462
14.466666666666889 9.499919401679415
14.483333333333556 10.216253679854661
14.500000000000224 7.954392807760328
14.516666666666891 7.871313738310695
14.533333333333559 7.885295415095661
14.550000000000226 7.105870660550934
14.566666666666894 7.410960787584194
14.583333333333561 7.795520304827908
14.600000000000229 7.5002401540928725
14.616666666666896 8.597332347621766
14.633333333333564 8.085173696970916
14.650000000000231 8.749955625515733
14.666666666666899 8.840935484407808
14.683333333333566 9.395736525963391
14.700000000000234 9.809088904068027
14.716666666666901 9.656776982816034
14.733333333333569 10.053182634644775
14.750000000000236 9.833863534262608
14.766666666666904 8.438846315098365
14.783333333333571 9.47447762287438
14.800000000000239 10.334281099197769
14.816666666666906 9.558774777011582
14.833333333333574 10.046904564036597
14.850000000000241 9.214362645051459
14.866666666666909 7.9101853008005545
14.883333333333576 8.641390689007363
14.900000000000244 8.906286351455673
14.916666666666911 9.869858543911857
14.933333333333579 8.907196274892462
14.950000000000246 9.583330086419847
14.966666666666914 10.899423514960892
14.983333333333581 11.152825412967102
15.000000000000249 11.03948403441581
15.016666666666916 10.288534460342829
15.033333333333584 10.16797243255995
15.050000000000251 9.356546630164505
15.066666666666919 9.493839928785748
15.083333333333586 7.521425328971805
15.100000000000254 7.766303291012954
15.116666666666921 9.757262211940702
15.133333333333589 9.516571626904048
15.150000000000256 8.306629774381348
15.166666666666924 10.344718713491735
15.183333333333591 9.757352074672463
15.200000000000259 8.488007702705884
15.216666666666926 8.626483522578393
15.233333333333594 8.026026793312937
15.250000000000261 8.127099436746697
15.266666666666929 6.946359389634272
15.283333333333596 6.367183494229756
15.300000000000264 4.540904858234034
15.316666666666931 4.084964878363643
15.333333333333599 4.516031675673726
15.350000000000266 3.6586459991591784
15.366666666666934 4.2614072598803645
15.383333333333601 6.723675808241884
15.400000000000269 9.8093407308973
15.416666666666936 10.575118690537026
15.433333333333604 10.094020121161574
15.450000000000271 10.20786328295455
15.466666666666939 9.18076560973985
15.483333333333606 10.512538795592844
15.500000000000274 12.265691081804812
15.516666666666941 11.545616388712538
15.533333333333609 10.40202757845215
15.550000000000276 10.395058457430363
15.566666666666944 11.352315819259504
15.583333333333611 13.114846832876246
15.600000000000279 11.991901154500246
15.616666666666946 15.610500088002958
15.633333333333614 15.691708179412842
15.650000000000281 19.712857546177972
15.666666666666949 19.852377671286444
15.683333333333616 22.382608240286128
15.700000000000284 22.466916282714994
15.716666666666951 19.762442481970456
15.733333333333618 24.750976938713386
15.750000000000286 24.901607514947163
15.766666666666953 24.41506437314023
15.783333333333621 21.218103404237276
15.800000000000288 19.412138629261225
15.816666666666956 20.42962040467608
15.833333333333623 18.79522776292633
15.850000000000291 20.272992437051336
15.866666666666958 19.45420591069212
15.883333333333626 21.107804857008652
15.900000000000293 20.298342808025087
15.916666666666961 17.94066085801585
15.933333333333628 14.695156135847819
15.950000000000296 13.95972168019984
15.966666666666963 12.309604314446737
15.983333333333631 13.335169097643297
