10 11.625914549420187
10.016666666666667 10.91989127632258
10.033333333333335 10.827980255302647
10.050000000000002 10.383592017816321
10.06666666666667 11.271845990452102
10.083333333333337 11.178752748107186
10.100000000000005 10.641093233488663
10.116666666666672 9.559702312240214
10.13333333333334 9.242850108972972
10.150000000000007 8.396410726837109
10.166666666666675 7.809683141843227
10.183333333333342 7.6404170872168855
10.20000000000001 7.417719493216229
10.216666666666677 7.4808996606301115
10.233333333333345 7.992829035363359
10.250000000000012 6.886592681446489
10.26666666666668 6.680373960197208
10.283333333333347 6.531862937181799
10.300000000000015 6.405916205215771
10.316666666666682 6.876225373433773
10.33333333333335 6.278057046292068
10.350000000000017 6.325761927600295
10.366666666666685 6.82376855354706
10.383333333333352 7.475353308989436
10.40000000000002 8.503387555961323
10.416666666666687 9.131496772449838
10.433333333333355 9.492703384756839
10.450000000000022 9.55741283319474
10.46666666666669 9.184066881667306
10.483333333333357 10.317934621704902
10.500000000000025 10.847686510682331
10.516666666666692 9.641274693909748
10.53333333333336 9.247915444635167
10.550000000000027 8.991174671997909
10.566666666666695 8.710168330478357
10.583333333333362 7.499941993861796
10.60000000000003 4.885229376890612
10.616666666666697 3.974608065256791
10.633333333333365 2.5918543856860006
10.650000000000032 2.854764891840405
10.6666666666667 4.30546026268258
10.683333333333367 1.6501080510761874
10.700000000000035 1.1764521225462972
10.716666666666702 0.4747160375230949
10.73333333333337 1.973309367608857
10.750000000000037 1.7033470760254126
10.766666666666705 -0.39143898533511884
10.783333333333372 1.294968377252469
10.80000000000004 2.495882539561854
10.816666666666707 1.4027112130611183
10.833333333333375 4.4736900650450995
10.850000000000042 4.948677787418979
10.86666666666671 3.6474555029344184
10.883333333333377 4.706667392364414
10.900000000000045 6.3828192422241345
10.916666666666712 6.176932386404223
10.93333333333338 7.409303312542777
10.950000000000047 8.077892843916663
10.966666666666715 8.79070120649196
10.983333333333382 8.297673349726175
11.00000000000005 5.996278375079733
11.016666666666717 5.128920169879545
11.033333333333385 3.5337310974458576
11.050000000000052 3.347695445572015
11.06666666666672 5.343240720284095
11.083333333333387 5.440226349208013
11.100000000000055 4.390266974270745
11.116666666666722 5.45086789933648
11.13333333333339 5.73796472550612
11.150000000000057 5.894991543269233
11.166666666666725 6.4880883526294495
11.183333333333392 6.181899039130369
11.20000000000006 6.121661340897461
11.216666666666727 7.054285533583326
11.233333333333395 6.4941320969234795
11.250000000000062 7.578271723785071
11.26666666666673 7.704006652344486
11.283333333333397 7.790582400712125
11.300000000000065 7.723479300227086
11.316666666666732 8.59314687448604
11.3333333333334 8.870045573861074
11.350000000000067 9.613759032851883
11.366666666666735 8.819198645676993
11.383333333333402 7.702496056029618
11.40000000000007 7.428187043885872
11.416666666666737 7.997695813298947
11.433333333333405 7.389607887464548
11.450000000000072 7.932293959892494
11.46666666666674 8.58922443868138
11.483333333333407 8.40159421456372
11.500000000000075 8.386176733490677
11.516666666666742 7.855338837904428
11.53333333333341 7.405488875158939
11.550000000000077 7.96682997004121
11.566666666666745 7.989531772794388
11.583333333333412 8.611233187442442
11.60000000000008 8.778729353925472
11.616666666666747 8.536144079881966
11.633333333333415 8.26663484067617
11.650000000000082 8.971853487259251
11.66666666666675 9.409557256490459
11.683333333333417 7.936675987222194
11.700000000000085 8.835732940460316
11.716666666666752 9.015093232087576
11.73333333333342 9.354547345367179
11.750000000000087 7.989148793845109
11.766666666666755 8.322802329446388
11.783333333333422 8.301327300071657
11.80000000000009 8.813174146754593
11.816666666666757 8.293969131923737
11.833333333333425 8.251581348863283
11.850000000000092 8.020020856011833
11.86666666666676 8.223432907325527
11.883333333333427 8.553525436630407
11.900000000000095 7.986294409649236
11.916666666666762 6.892227212058454
11.93333333333343 6.92148795317829
11.950000000000097 7.039742456433005
11.966666666666764 7.444071441341151
11.983333333333432 7.919144244287394
12.0000000000001 7.754332093934684
12.016666666666767 7.440446187280179
12.033333333333434 6.926632637517054
12.050000000000102 6.165370513564084
12.06666666666677 5.843310582605042
12.083333333333437 5.951203865563853
12.100000000000104 6.191422909157148
12.116666666666772 6.133926902851344
12.13333333333344 5.911945583158484
12.150000000000107 5.5397481269333175
12.166666666666774 5.74493434874659
12.183333333333442 5.504645555539837
12.20000000000011 4.995823577246681
12.216666666666777 5.210374233987649
12.233333333333444 5.134354351302864
12.250000000000112 5.058520906098607
12.26666666666678 5.499711973797723
12.283333333333447 5.760044390759587
12.300000000000114 5.878775504318351
12.316666666666782 6.326022724021174
12.33333333333345 6.590186755633643
12.350000000000117 6.194431111738964
12.366666666666784 6.3919409030193375
12.383333333333452 6.12875737573913
12.40000000000012 6.030398935168473
12.416666666666787 5.768998876160359
12.433333333333454 5.768998876160359
12.450000000000122 5.736414464923088
12.46666666666679 6.1080212291962495
12.483333333333457 6.702094131879152
12.500000000000124 6.6482313887535245
12.516666666666792 6.296803720748648
12.53333333333346 6.243091338878644
12.550000000000127 6.752278689552805
12.566666666666794 6.565365630098704
12.583333333333462 6.049060564061399
12.60000000000013 5.777672718513992
12.616666666666797 5.724060111966334
12.633333333333464 6.0106826362192285
12.650000000000132 6.03485976510755
12.6666666666668 5.828318883045643
12.683333333333467 6.149614359694123
12.700000000000134 6.240471222689864
12.716666666666802 5.999590734498561
12.73333333333347 6.023874951083966
12.750000000000137 5.894540486743765
12.766666666666804 6.218124528210413
12.783333333333472 6.32210401145317
12.80000000000014 7.034760692993185
12.816666666666807 6.924812299882763
12.833333333333474 6.942565659572083
12.850000000000142 6.013846078204628
12.86666666666681 5.471032909393011
12.883333333333477 5.175091290693149
12.900000000000144 5.0564161482376475
12.916666666666812 4.859951041727746
12.93333333333348 5.138150911838447
12.950000000000147 5.306786089920781
12.966666666666814 5.892948386905585
12.983333333333482 6.763154801297242
13.00000000000015 8.145340333493827
13.016666666666817 8.845639068482347
13.033333333333484 7.868142088819125
13.050000000000152 8.15189222991994
13.06666666666682 8.030287474336765
13.083333333333487 8.28073908946141
13.100000000000154 8.194480558308916
13.116666666666822 8.498221225362116
13.13333333333349 8.84890917931509
13.150000000000157 9.663721973758198
13.166666666666824 9.854644480550242
13.183333333333492 10.047267564655284
13.20000000000016 9.976701141601174
13.216666666666827 9.469701100648205
13.233333333333494 9.850732844031118
13.250000000000162 9.947441011414172
13.26666666666683 9.914034237572286
13.283333333333497 9.836376722454144
13.300000000000164 10.402653576691295
13.316666666666832 9.615012365842961
13.3333333333335 9.290048274050083
13.350000000000167 8.4338760003097
13.366666666666834 9.382567752854209
13.383333333333502 11.572630735914137
13.400000000000169 10.520014372556636
13.416666666666837 10.840483411919907
13.433333333333504 12.248395721248949
13.450000000000172 12.33945658019988
13.466666666666839 10.369888585461055
13.483333333333507 9.610779838096542
13.500000000000174 11.021949638579235
13.516666666666842 11.894627250209451
13.533333333333509 13.19289144822677
13.550000000000177 13.099174854474512
13.566666666666844 14.068813844915173
13.583333333333512 12.970711113990541
13.600000000000179 13.637786695940042
13.616666666666847 14.947028814477054
13.633333333333514 15.675053855626402
13.650000000000182 16.3021670306435
13.666666666666849 15.353493043616437
13.683333333333517 15.283669770482476
13.700000000000184 14.819901732871902
13.716666666666852 15.96308524676523
13.733333333333519 16.204388948385862
13.750000000000187 16.93018447715725
13.766666666666854 16.355588976041002
13.783333333333522 15.27884568136142
13.800000000000189 14.611666719943571
13.816666666666857 15.663361408087132
13.833333333333524 16.448625970051193
13.850000000000191 16.429586202377745
13.866666666666859 15.839322140515252
13.883333333333526 16.01560969590089
13.900000000000194 15.868600102653078
13.916666666666861 15.545593070837358
13.933333333333529 16.841311601572496
13.950000000000196 18.023879151959477
13.966666666666864 18.570192001824974
13.983333333333531 18.670116800956315
14.000000000000199 17.96234274448937
14.016666666666866 18.087593378433166
14.033333333333534 17.831056831352253
14.050000000000201 17.927657561879336
14.066666666666869 18.85560470417478
14.083333333333536 18.124935003124516
14.100000000000204 16.57447294661286
14.116666666666871 16.96626561516244
14.133333333333539 17.281329959893256
14.150000000000206 18.96959484164484
14.166666666666874 19.228145017929506
14.183333333333541 15.58351053880039
14.200000000000209 14.049953009879811
14.216666666666876 15.893711166584078
14.233333333333544 16.608209210783958
14.250000000000211 17.138482485918008
14.266666666666879 17.859415400593416
14.283333333333546 17.48858498374002
14.300000000000214 18.28755584940958
14.316666666666881 18.862433392969663
14.333333333333549 18.669377997139534
14.350000000000216 17.275904912177875
14.366666666666884 15.594813556810085
14.383333333333551 19.771141060944487
14.400000000000219 22.0226483383362
14.416666666666886 21.237301710129596
14.433333333333554 20.707934303909767
14.450000000000221 19.745351095744603
14.466666666666889 21.07093452110789
14.483333333333556 29.55899281067624
14.500000000000224 25.209544399509944
14.516666666666891 23.078593775258614
14.533333333333559 21.768816645346895
14.550000000000226 22.333987751974888
14.566666666666894 22.396192824094406
14.583333333333561 23.208061790545067
14.600000000000229 22.67446402568605
14.616666666666896 21.91077828083292
14.633333333333564 23.118073677030967
14.650000000000231 25.818772025452677
14.666666666666899 33.594150368342234
14.683333333333566 24.627292008081533
14.700000000000234 22.9374294282336
14.716666666666901 25.56180037285541
14.733333333333569 27.648046922395157
14.750000000000236 20.111810413585822
14.766666666666904 19.493224943514175
14.783333333333571 19.37539594997591
14.800000000000239 22.775076788486224
14.816666666666906 22.005233945823232
14.833333333333574 23.015366408026818
14.850000000000241 24.41849950312116
14.866666666666909 22.850837041927004
14.883333333333576 21.962381566768425
14.900000000000244 24.191449871569336
14.916666666666911 26.56557447355491
14.933333333333579 31.225548461570963
14.950000000000246 35.000043614187746
14.966666666666914 41.66142195757489
14.983333333333581 35.972785086823016
15.000000000000249 29.76999585113176
15.016666666666916 26.59810244575681
15.033333333333584 24.02099453148726
15.050000000000251 20.903499886036236
15.066666666666919 18.71904110436282
15.083333333333586 18.222530774410153
15.100000000000254 18.094709108335145
15.116666666666921 17.50436460803172
15.133333333333589 18.23048282039262
15.150000000000256 16.857026912179673
15.166666666666924 16.243956656667738
15.183333333333591 16.11812615143245
15.200000000000259 15.21434246465517
15.216666666666926 16.751626586429044
15.233333333333594 16.540299042812155
15.250000000000261 18.185726722251914
15.266666666666929 19.593660956847646
15.283333333333596 19.087285372469236
15.300000000000264 19.01326004704389
15.316666666666931 17.500447816560847
15.333333333333599 15.041486417082597
15.350000000000266 11.805393533983432
15.366666666666934 9.465698882340016
15.383333333333601 10.214177449136635
15.400000000000269 11.411182526754311
15.416666666666936 11.289763506366405
15.433333333333604 12.046387958546697
15.450000000000271 12.482589381888703
15.466666666666939 12.403503271206565
15.483333333333606 12.304749027740067
15.500000000000274 13.170428489433142
15.516666666666941 12.623132422396067
15.533333333333609 12.578050537996534
15.550000000000276 11.433516927806297
15.566666666666944 10.909997732617509
15.583333333333611 12.310641633856369
15.600000000000279 12.931022487856
15.616666666666946 13.446434765793663
15.633333333333614 13.982415139329749
15.650000000000281 14.01478004512289
15.666666666666949 13.51939769749657
15.683333333333616 14.1252149077321
15.700000000000284 14.901257045346194
15.716666666666951 15.460632510839613
15.733333333333618 15.566382805382482
15.750000000000286 16.339785681884788
15.766666666666953 18.60739933961332
15.783333333333621 17.52801788476885
15.800000000000288 16.433497840094887
15.816666666666956 15.83881978812219
15.833333333333623 14.736645630378048
15.850000000000291 13.480248281347743
15.866666666666958 13.713280436729587
15.883333333333626 13.304755407521483
15.900000000000293 12.71567530188085
15.916666666666961 12.970711113990541
15.933333333333628 13.290222980701198
15.950000000000296 13.622984143320155
15.966666666666963 13.998039543956967
15.983333333333631 14.389320303024013
