10 13.121633242106732
10.016666666666667 13.213814601221001
10.033333333333335 13.339385340546398
10.050000000000002 12.936121184071983
10.06666666666667 12.767945974977724
10.083333333333337 12.383762427340264
10.100000000000005 12.010689861058268
10.116666666666672 11.52596589217886
10.13333333333334 12.233736142337994
10.150000000000007 12.419260377211545
10.166666666666675 11.822779280200646
10.183333333333342 11.245035809273855
10.20000000000001 11.663656653483551
10.216666666666677 11.960993340342993
10.233333333333345 11.738837126666946
10.250000000000012 11.409855025883507
10.26666666666668 10.869170039837593
10.283333333333347 10.475542940400741
10.300000000000015 10.3887720808882
10.316666666666682 11.562229035430658
10.33333333333335 11.464922670563002
10.350000000000017 10.739845374680197
10.366666666666685 10.447460537247322
10.383333333333352 10.162069265383192
10.40000000000002 10.33479321400224
10.416666666666687 11.362266216711426
10.433333333333355 11.473933286442081
10.450000000000022 11.184390147063267
10.46666666666669 10.510491550296278
10.483333333333357 10.770358439824053
10.500000000000025 9.785243881932871
10.516666666666692 9.528662430637928
10.53333333333336 10.064863865832878
10.550000000000027 10.039593478497025
10.566666666666695 10.060585348287093
10.583333333333362 9.990366805684324
10.60000000000003 9.652326445984874
10.616666666666697 9.809175635350392
10.633333333333365 10.31903060838942
10.650000000000032 10.292807112056193
10.6666666666667 10.22326409319533
10.683333333333367 9.423141408279836
10.700000000000035 9.405043493303848
10.716666666666702 9.345198140530279
10.73333333333337 8.888385331096758
10.750000000000037 10.14428058671167
10.766666666666705 11.00220488127563
10.783333333333372 10.739075212628979
10.80000000000004 9.969867405948657
10.816666666666707 10.070287116084947
10.833333333333375 9.50281911862461
10.850000000000042 9.940388130942738
10.86666666666671 10.742309299303196
10.883333333333377 11.134384660468228
10.900000000000045 10.82549398510667
10.916666666666712 10.973884638448453
10.93333333333338 10.827980255302633
10.950000000000047 10.7014642961071
10.966666666666715 11.041334785020592
10.983333333333382 10.897704557354983
11.00000000000005 10.544624083714893
11.016666666666717 10.348563276274653
11.033333333333385 10.230240514077979
11.050000000000052 10.134840184028295
11.06666666666672 9.648567096616356
11.083333333333387 10.119902386097685
11.100000000000055 10.338602825155851
11.116666666666722 10.456945076580688
11.13333333333339 10.090660318301428
11.150000000000057 10.264592717954937
11.166666666666725 10.396455880922543
11.183333333333392 10.44575350273784
11.20000000000006 9.808953169886118
11.216666666666727 10.014355202907383
11.233333333333395 9.818281767475156
11.250000000000062 9.502956774412079
11.26666666666673 10.066231555971013
11.283333333333397 10.43265712473938
11.300000000000065 10.222502677730589
11.316666666666732 10.063517918246626
11.3333333333334 10.275022249001424
11.350000000000067 10.518675252691601
11.366666666666735 11.097307060297311
11.383333333333402 11.236668911690387
11.40000000000007 10.722085714815906
11.416666666666737 10.993642408150627
11.433333333333405 11.311674439496572
11.450000000000072 11.613657921223869
11.46666666666674 12.095822663357175
11.483333333333407 12.277047875480475
11.500000000000075 11.978359025620497
11.516666666666742 11.895194622875298
11.53333333333341 11.71524938398411
11.550000000000077 11.505226735746168
11.566666666666745 11.28007110345449
11.583333333333412 11.649561886646698
11.60000000000008 12.018204727708802
11.616666666666747 11.713799166129885
11.633333333333415 11.870928222904032
11.650000000000082 12.05900958530681
11.66666666666675 12.547385977348569
11.683333333333417 12.799771216975579
11.700000000000085 13.24077814180303
11.716666666666752 13.521172202733
11.73333333333342 14.170710330972359
11.750000000000087 14.677046373194546
11.766666666666755 15.380237183568248
11.783333333333422 15.217401039156329
11.80000000000009 15.15329803764818
11.816666666666757 14.784185938514543
11.833333333333425 13.803420678248004
11.850000000000092 13.496357113797114
11.86666666666676 13.75180536523324
11.883333333333427 14.666418328694323
11.900000000000095 14.92149239417092
11.916666666666762 14.436174611113778
11.93333333333343 14.40830954663851
11.950000000000097 14.738424207325421
11.966666666666764 16.01638515193337
11.983333333333432 15.96711980223966
12.0000000000001 16.17168857064684
12.016666666666767 16.726435997115445
12.033333333333434 17.76809006875471
12.050000000000102 18.13466920990992
12.06666666666677 19.50809240846916
12.083333333333437 18.591734996556298
12.100000000000104 17.48715602757957
12.116666666666772 16.942679057881133
12.13333333333344 16.359345887344546
12.150000000000107 15.999952667216759
12.166666666666774 16.556758839068802
12.183333333333442 16.414782417452955
12.20000000000011 18.171530147758883
12.216666666666777 18.78980355260936
12.233333333333444 17.639777623108827
12.250000000000112 18.090672624323936
12.26666666666678 18.322677875059348
12.283333333333447 18.2231779487616
12.300000000000114 18.2818647751436
12.316666666666782 18.813111024299243
12.33333333333345 18.903013576043257
12.350000000000117 18.975464451307438
12.366666666666784 19.735924133818642
12.383333333333452 19.6008734608878
12.40000000000012 19.853912529913043
12.416666666666787 20.13231883079556
12.433333333333454 19.982175897881763
12.450000000000122 20.410725131678042
12.46666666666679 21.017881438025853
12.483333333333457 21.41875699958631
12.500000000000124 20.45514376045702
12.516666666666792 20.350875934871407
12.53333333333346 20.571606852748
12.550000000000127 20.361015012494388
12.566666666666794 20.002481932066118
12.583333333333462 19.727791829724485
12.60000000000013 20.231844473985205
12.616666666666797 19.910652145615607
12.633333333333464 20.002082303561192
12.650000000000132 20.34767862544646
12.6666666666668 20.343791340863188
12.683333333333467 21.871482836937208
12.700000000000134 22.772002177521752
12.716666666666802 23.5511165085205
12.73333333333347 23.077821435032387
12.750000000000137 22.529423994999696
12.766666666666804 22.01891036528409
12.783333333333472 21.337784071378994
12.80000000000014 21.642491314778024
12.816666666666807 20.67809524198644
12.833333333333474 19.77427402066743
12.850000000000142 19.648790234370235
12.86666666666681 20.05757716552576
12.883333333333477 20.550663251234603
12.900000000000144 22.097837538950966
12.916666666666812 23.61827623055677
12.93333333333348 24.481249979963952
12.950000000000147 24.842564967819133
12.966666666666814 25.425941439631366
12.983333333333482 25.641564485831093
13.00000000000015 24.82380824131048
13.016666666666817 23.893833341032185
13.033333333333484 23.75916613087888
13.050000000000152 23.36334885425223
13.06666666666682 22.53868404339495
13.083333333333487 22.360131296336426
13.100000000000154 20.693349709846625
13.116666666666822 20.89049937920203
13.13333333333349 21.34788724085849
13.150000000000157 22.58695196924762
13.166666666666824 22.698378751100407
13.183333333333492 21.660930546071643
13.20000000000016 21.259965302500497
13.216666666666827 20.698968057752317
13.233333333333494 20.398780675304973
13.250000000000162 21.395664422252878
13.26666666666683 23.155921215887172
13.283333333333497 25.119952960074414
13.300000000000164 26.90863355190685
13.316666666666832 27.507070000466214
13.3333333333335 26.74476465367059
13.350000000000167 26.176981270074776
13.366666666666834 25.80298867811488
13.383333333333502 25.359306840172852
13.400000000000169 25.256425313243483
13.416666666666837 24.288884282523238
13.433333333333504 23.775119795144413
13.450000000000172 23.803001232161538
13.466666666666839 24.468075973905936
13.483333333333507 24.724757671581017
13.500000000000174 25.742241722122472
13.516666666666842 25.818675471333094
13.533333333333509 25.519937025417786
13.550000000000177 25.415226649009348
13.566666666666844 25.87705909752826
13.583333333333512 26.959960172736587
13.600000000000179 27.228076598228864
13.616666666666847 27.208280566185714
13.633333333333514 28.148977690602237
13.650000000000182 28.03019826130297
13.666666666666849 26.925383063205498
13.683333333333517 27.017864789176986
13.700000000000184 27.680088330748706
13.716666666666852 28.57816741411069
13.733333333333519 28.575013154900052
13.750000000000187 28.40186657087699
13.766666666666854 28.659277582824338
13.783333333333522 28.747409173921405
13.800000000000189 29.554664419026814
13.816666666666857 29.809127060550395
13.833333333333524 30.44724606320932
13.850000000000191 30.751128852333846
13.866666666666859 30.850784929002337
13.883333333333526 30.992956605479492
13.900000000000194 31.220328622278345
13.916666666666861 30.235238110716534
13.933333333333529 29.945629977366217
13.950000000000196 30.713372733858588
13.966666666666864 32.04044119358277
13.983333333333531 31.40250392337358
14.000000000000199 32.01407292589746
14.016666666666866 31.68810668721092
14.033333333333534 30.3871941691337
14.050000000000201 30.432115212851553
14.066666666666869 29.535656056271556
14.083333333333536 28.728694332954323
14.100000000000204 28.83661533257202
14.116666666666871 29.216685064064354
14.133333333333539 28.85637847057987
14.150000000000206 28.452170535183782
14.166666666666874 26.94849684885479
14.183333333333541 26.570591087021782
14.200000000000209 26.599442086952415
14.216666666666876 26.40220858288764
14.233333333333544 26.881848617502495
14.250000000000211 26.300355269117976
14.266666666666879 26.72455200839667
14.283333333333546 26.911725686305367
14.300000000000214 25.919489968966438
14.316666666666881 25.50165763429026
14.333333333333549 26.66362301572011
14.350000000000216 27.904576021689937
14.366666666666884 28.18030499656374
14.383333333333551 29.28774092506338
14.400000000000219 29.393263317965076
14.416666666666886 29.125807920285794
14.433333333333554 28.856607616061265
14.450000000000221 28.53890385389859
14.466666666666889 27.783533214208703
14.483333333333556 26.58495436699857
14.500000000000224 26.51970124931311
14.516666666666891 26.84211501696335
14.533333333333559 28.66001126724964
14.550000000000226 29.075135202417915
14.566666666666894 28.77658636746805
14.583333333333561 28.966692251137317
14.600000000000229 28.812522654162603
14.616666666666896 30.163914237271577
14.633333333333564 31.092900566626643
14.650000000000231 31.152882510788306
14.666666666666899 30.724726810532914
14.683333333333566 30.85253053240934
14.700000000000234 29.806937786462182
14.716666666666901 27.435121756525405
14.733333333333569 26.09040096319552
14.750000000000236 25.070098223709277
14.766666666666904 24.249069132525204
14.783333333333571 22.296592489418487
14.800000000000239 20.611675983093225
14.816666666666906 19.803106088234514
14.833333333333574 20.685066305041737
14.850000000000241 22.011561361752396
14.866666666666909 23.71224457868405
14.883333333333576 25.57093860231521
14.900000000000244 26.376320570375032
14.916666666666911 27.259568217377147
14.933333333333579 27.075612401936
14.950000000000246 26.59282563762976
14.966666666666914 25.33829867933313
14.983333333333581 25.06629716310195
15.000000000000249 24.791184322883936
15.016666666666916 24.810433216368924
15.033333333333584 23.29857564842915
15.050000000000251 21.896150742743778
15.066666666666919 21.601220039522502
15.083333333333586 20.81895564733377
15.100000000000254 21.109485032011225
15.116666666666921 22.125365486338637
15.133333333333589 22.777821659851003
15.150000000000256 22.10923589498967
15.166666666666924 21.766820687654143
15.183333333333591 21.567528787785076
15.200000000000259 20.737757638850077
15.216666666666926 20.700814200520746
15.233333333333594 20.375393034333214
15.250000000000261 20.832911862610104
15.266666666666929 20.326175113188466
15.283333333333596 19.99025674034523
15.300000000000264 20.959642629388167
15.316666666666931 22.459424675208112
15.333333333333599 23.704766711870665
15.350000000000266 24.80216559570364
15.366666666666934 25.334105079939402
15.383333333333601 25.881061314001624
15.400000000000269 24.658915087652097
15.416666666666936 23.975206239105407
15.433333333333604 22.48059569835881
15.450000000000271 21.78586969652879
15.466666666666939 19.770330182253993
15.483333333333606 17.971774633590478
15.500000000000274 17.58137187042445
15.516666666666941 17.44281611691616
15.533333333333609 17.627668037781277
15.550000000000276 19.32468688506922
15.566666666666944 20.653641921563292
15.583333333333611 22.407022968543224
15.600000000000279 23.64668909961833
15.616666666666946 25.252577623009522
15.633333333333614 26.53362056509407
15.650000000000281 26.990394042534277
15.666666666666949 27.598003583407646
15.683333333333616 27.57376384108558
15.700000000000284 27.690065635055138
15.716666666666951 27.11570835761266
15.733333333333618 26.47817712582532
15.750000000000286 25.455336628100248
15.766666666666953 22.519506777665086
15.783333333333621 20.460125845673023
15.800000000000288 17.130035498599852
15.816666666666956 12.979979871910466
15.833333333333623 10.316118782194547
15.850000000000291 9.87834534384088
15.866666666666958 9.149108961282714
15.883333333333626 9.627801013676532
15.900000000000293 10.66673003099395
15.916666666666961 11.598945055924252
15.933333333333628 12.09820802689986
15.950000000000296 12.788661106852858
15.966666666666963 12.930115395659977
15.983333333333631 12.839381971114499
