0 0.00000
1 0.00000
2 0.00000
3 0.00000
4 0.00000
5 0.00000
6 1.30000
7 8.06000
8 19.00000
9 30.73000
10 43.90000
11 51.73000
12 54.48000
13 54.97000
14 47.91000
15 16.52000
16 11.14000
17 16.48000
18 1.63000
19 0.14000
20 0.00000
21 0.00000
22 0.00000
23 0.00000
0 0.00000
1 0.00000
2 0.00000
3 0.00000
4 0.00000
5 0.00000
6 1.30000
7 8.06000
8 19.00000
9 30.73000
10 43.90000
11 51.73000
12 54.48000
13 54.97000
14 47.91000
15 16.52000
16 11.14000
17 16.48000
18 1.63000
19 0.14000
20 0.00000
21 0.00000
22 0.00000
23 0.00000
