0 0.00000
1 0.00000
2 0.00000
3 0.00000
4 0.00000
5 0.00000
6 0.16000
7 3.30000
8 13.01000
9 23.06000
10 32.99000
11 40.64000
12 44.01000
13 34.18000
14 5.69000
15 2.73000
16 4.01000
17 0.57000
18 0.02000
19 0.00000
20 0.00000
21 0.00000
22 0.00000
23 0.00000
0 0.00000
1 0.00000
2 0.00000
3 0.00000
4 0.00000
5 0.00000
6 0.16000
7 3.30000
8 13.01000
9 23.06000
10 32.99000
11 40.64000
12 44.01000
13 34.18000
14 5.69000
15 2.73000
16 4.01000
17 0.57000
18 0.02000
19 0.00000
20 0.00000
21 0.00000
22 0.00000
23 0.00000
