0 0.00000
1 0.00000
2 0.00000
3 0.00000
4 0.00000
5 0.00000
6 0.00000
7 0.41000
8 3.66000
9 14.27000
10 26.68000
11 27.90000
12 19.65000
13 29.81000
14 19.01000
15 13.69000
16 6.11000
17 2.74000
18 0.26000
19 0.00000
20 0.00000
21 0.00000
22 0.00000
23 0.00000
0 0.00000
1 0.00000
2 0.00000
3 0.00000
4 0.00000
5 0.00000
6 0.00000
7 0.41000
8 3.66000
9 14.27000
10 26.68000
11 27.90000
12 19.65000
13 29.81000
14 19.01000
15 13.69000
16 6.11000
17 2.74000
18 0.26000
19 0.00000
20 0.00000
21 0.00000
22 0.00000
23 0.00000
