0 0.00000
1 0.00000
2 0.00000
3 0.00000
4 0.00000
5 0.00000
6 0.00000
7 0.94000
8 3.90000
9 8.21000
10 17.11000
11 31.17000
12 35.99000
13 34.59000
14 26.03000
15 17.49000
16 9.30000
17 2.59000
18 0.07000
19 0.00000
20 0.00000
21 0.00000
22 0.00000
23 0.00000
0 0.00000
1 0.00000
2 0.00000
3 0.00000
4 0.00000
5 0.00000
6 0.00000
7 0.94000
8 3.90000
9 8.21000
10 17.11000
11 31.17000
12 35.99000
13 34.59000
14 26.03000
15 17.49000
16 9.30000
17 2.59000
18 0.07000
19 0.00000
20 0.00000
21 0.00000
22 0.00000
23 0.00000
