0 0.00000
1 0.00000
2 0.00000
3 0.00000
4 0.00000
5 0.00000
6 0.00000
7 1.27000
8 6.69000
9 14.94000
10 24.44000
11 31.68000
12 35.21000
13 34.97000
14 27.69000
15 15.72000
16 8.80000
17 3.02000
18 0.14000
19 0.00000
20 0.00000
21 0.00000
22 0.00000
23 0.00000
0 0.00000
1 0.00000
2 0.00000
3 0.00000
4 0.00000
5 0.00000
6 0.00000
7 1.27000
8 6.69000
9 14.94000
10 24.44000
11 31.68000
12 35.21000
13 34.97000
14 27.69000
15 15.72000
16 8.80000
17 3.02000
18 0.14000
19 0.00000
20 0.00000
21 0.00000
22 0.00000
23 0.00000
