0 0.00000
1 0.00000
2 0.00000
3 0.00000
4 0.00000
5 0.00000
6 0.82000
7 6.70000
8 17.91000
9 30.58000
10 33.00000
11 38.32000
12 48.67000
13 53.73000
14 51.12000
15 35.01000
16 5.39000
17 5.42000
18 5.51000
19 0.34000
20 0.00000
21 0.00000
22 0.00000
23 0.00000
0 0.00000
1 0.00000
2 0.00000
3 0.00000
4 0.00000
5 0.00000
6 0.82000
7 6.70000
8 17.91000
9 30.58000
10 33.00000
11 38.32000
12 48.67000
13 53.73000
14 51.12000
15 35.01000
16 5.39000
17 5.42000
18 5.51000
19 0.34000
20 0.00000
21 0.00000
22 0.00000
23 0.00000
