0 0.00000
1 0.00000
2 0.00000
3 0.00000
4 0.00000
5 0.00000
6 0.25000
7 2.24000
8 13.79000
9 31.18000
10 39.01000
11 44.12000
12 42.17000
13 46.30000
14 19.14000
15 13.96000
16 14.73000
17 7.05000
18 0.91000
19 0.00000
20 0.00000
21 0.00000
22 0.00000
23 0.00000
0 0.00000
1 0.00000
2 0.00000
3 0.00000
4 0.00000
5 0.00000
6 0.25000
7 2.24000
8 13.79000
9 31.18000
10 39.01000
11 44.12000
12 42.17000
13 46.30000
14 19.14000
15 13.96000
16 14.73000
17 7.05000
18 0.91000
19 0.00000
20 0.00000
21 0.00000
22 0.00000
23 0.00000
