0 0.00000
1 0.00000
2 0.00000
3 0.00000
4 0.00000
5 0.00000
6 0.01000
7 1.54000
8 6.96000
9 8.06000
10 13.11000
11 17.85000
12 32.02000
13 32.95000
14 29.32000
15 20.19000
16 9.32000
17 2.94000
18 0.07000
19 0.00000
20 0.00000
21 0.00000
22 0.00000
23 0.00000
0 0.00000
1 0.00000
2 0.00000
3 0.00000
4 0.00000
5 0.00000
6 0.01000
7 1.54000
8 6.96000
9 8.06000
10 13.11000
11 17.85000
12 32.02000
13 32.95000
14 29.32000
15 20.19000
16 9.32000
17 2.94000
18 0.07000
19 0.00000
20 0.00000
21 0.00000
22 0.00000
23 0.00000
