0 0.00000
1 0.00000
2 0.00000
3 0.00000
4 0.00000
5 0.00000
6 0.26000
7 4.11000
8 13.40000
9 24.67000
10 32.66000
11 47.03000
12 36.85000
13 45.42000
14 42.22000
15 30.99000
16 17.60000
17 7.26000
18 1.58000
19 0.00000
20 0.00000
21 0.00000
22 0.00000
23 0.00000
0 0.00000
1 0.00000
2 0.00000
3 0.00000
4 0.00000
5 0.00000
6 0.26000
7 4.11000
8 13.40000
9 24.67000
10 32.66000
11 47.03000
12 36.85000
13 45.42000
14 42.22000
15 30.99000
16 17.60000
17 7.26000
18 1.58000
19 0.00000
20 0.00000
21 0.00000
22 0.00000
23 0.00000
