0 0.00000
1 0.00000
2 0.00000
3 0.00000
4 0.00000
5 0.01000
6 1.67000
7 9.99000
8 22.53000
9 30.13000
10 40.70000
11 42.21000
12 38.46000
13 52.37000
14 23.24000
15 18.35000
16 3.38000
17 4.48000
18 0.99000
19 0.10000
20 0.00000
21 0.00000
22 0.00000
23 0.00000
0 0.00000
1 0.00000
2 0.00000
3 0.00000
4 0.00000
5 0.01000
6 1.67000
7 9.99000
8 22.53000
9 30.13000
10 40.70000
11 42.21000
12 38.46000
13 52.37000
14 23.24000
15 18.35000
16 3.38000
17 4.48000
18 0.99000
19 0.10000
20 0.00000
21 0.00000
22 0.00000
23 0.00000
