0 0.00000
1 0.00000
2 0.00000
3 0.00000
4 0.00000
5 0.00000
6 0.98000
7 8.24000
8 16.85000
9 23.07000
10 14.43000
11 31.16000
12 34.66000
13 41.80000
14 6.28000
15 11.79000
16 8.92000
17 1.73000
18 0.42000
19 0.02000
20 0.00000
21 0.00000
22 0.00000
23 0.00000
0 0.00000
1 0.00000
2 0.00000
3 0.00000
4 0.00000
5 0.00000
6 0.98000
7 8.24000
8 16.85000
9 23.07000
10 14.43000
11 31.16000
12 34.66000
13 41.80000
14 6.28000
15 11.79000
16 8.92000
17 1.73000
18 0.42000
19 0.02000
20 0.00000
21 0.00000
22 0.00000
23 0.00000
