0 0.00000
1 0.00000
2 0.00000
3 0.00000
4 0.00000
5 0.00000
6 0.03000
7 2.78000
8 9.96000
9 18.69000
10 29.70000
11 36.20000
12 38.31000
13 37.31000
14 29.05000
15 19.09000
16 9.19000
17 2.56000
18 0.05000
19 0.00000
20 0.00000
21 0.00000
22 0.00000
23 0.00000
0 0.00000
1 0.00000
2 0.00000
3 0.00000
4 0.00000
5 0.00000
6 0.03000
7 2.78000
8 9.96000
9 18.69000
10 29.70000
11 36.20000
12 38.31000
13 37.31000
14 29.05000
15 19.09000
16 9.19000
17 2.56000
18 0.05000
19 0.00000
20 0.00000
21 0.00000
22 0.00000
23 0.00000
