0 0.00000
1 0.00000
2 0.00000
3 0.00000
4 0.00000
5 0.00000
6 0.00000
7 1.83000
8 7.95000
9 19.46000
10 33.13000
11 40.43000
12 47.09000
13 41.61000
14 42.20000
15 22.81000
16 15.13000
17 5.85000
18 0.78000
19 0.00000
20 0.00000
21 0.00000
22 0.00000
23 0.00000
0 0.00000
1 0.00000
2 0.00000
3 0.00000
4 0.00000
5 0.00000
6 0.00000
7 1.83000
8 7.95000
9 19.46000
10 33.13000
11 40.43000
12 47.09000
13 41.61000
14 42.20000
15 22.81000
16 15.13000
17 5.85000
18 0.78000
19 0.00000
20 0.00000
21 0.00000
22 0.00000
23 0.00000
