0 0.00000
1 0.00000
2 0.00000
3 0.00000
4 0.00000
5 0.00000
6 1.22000
7 7.44000
8 16.72000
9 28.84000
10 43.61000
11 41.81000
12 54.68000
13 57.41000
14 46.05000
15 34.19000
16 13.19000
17 1.76000
18 1.36000
19 0.13000
20 0.00000
21 0.00000
22 0.00000
23 0.00000
0 0.00000
1 0.00000
2 0.00000
3 0.00000
4 0.00000
5 0.00000
6 1.22000
7 7.44000
8 16.72000
9 28.84000
10 43.61000
11 41.81000
12 54.68000
13 57.41000
14 46.05000
15 34.19000
16 13.19000
17 1.76000
18 1.36000
19 0.13000
20 0.00000
21 0.00000
22 0.00000
23 0.00000
