0 0.00000
1 0.00000
2 0.00000
3 0.00000
4 0.00000
5 0.00000
6 0.01000
7 1.62000
8 8.44000
9 18.60000
10 28.96000
11 37.11000
12 42.39000
13 41.48000
14 32.40000
15 21.69000
16 11.89000
17 1.07000
18 0.11000
19 0.00000
20 0.00000
21 0.00000
22 0.00000
23 0.00000
0 0.00000
1 0.00000
2 0.00000
3 0.00000
4 0.00000
5 0.00000
6 0.01000
7 1.62000
8 8.44000
9 18.60000
10 28.96000
11 37.11000
12 42.39000
13 41.48000
14 32.40000
15 21.69000
16 11.89000
17 1.07000
18 0.11000
19 0.00000
20 0.00000
21 0.00000
22 0.00000
23 0.00000
