0 0.00000
1 0.00000
2 0.00000
3 0.00000
4 0.00000
5 0.00000
6 0.00000
7 1.68000
8 9.32000
9 20.27000
10 30.27000
11 40.61000
12 44.85000
13 43.82000
14 39.05000
15 29.20000
16 15.04000
17 5.57000
18 0.47000
19 0.00000
20 0.00000
21 0.00000
22 0.00000
23 0.00000
0 0.00000
1 0.00000
2 0.00000
3 0.00000
4 0.00000
5 0.00000
6 0.00000
7 1.68000
8 9.32000
9 20.27000
10 30.27000
11 40.61000
12 44.85000
13 43.82000
14 39.05000
15 29.20000
16 15.04000
17 5.57000
18 0.47000
19 0.00000
20 0.00000
21 0.00000
22 0.00000
23 0.00000
