0 0.00000
1 0.00000
2 0.00000
3 0.00000
4 0.00000
5 0.00000
6 0.34000
7 4.36000
8 17.55000
9 33.31000
10 45.10000
11 55.38000
12 60.09000
13 42.61000
14 22.56000
15 13.03000
16 12.83000
17 6.14000
18 1.94000
19 0.10000
20 0.00000
21 0.00000
22 0.00000
23 0.00000
0 0.00000
1 0.00000
2 0.00000
3 0.00000
4 0.00000
5 0.00000
6 0.34000
7 4.36000
8 17.55000
9 33.31000
10 45.10000
11 55.38000
12 60.09000
13 42.61000
14 22.56000
15 13.03000
16 12.83000
17 6.14000
18 1.94000
19 0.10000
20 0.00000
21 0.00000
22 0.00000
23 0.00000
