0 0.00000
1 0.00000
2 0.00000
3 0.00000
4 0.00000
5 0.02000
6 0.41000
7 4.04000
8 20.00000
9 33.13000
10 46.92000
11 56.23000
12 54.18000
13 37.35000
14 12.07000
15 23.91000
16 14.23000
17 7.92000
18 0.58000
19 0.04000
20 0.00000
21 0.00000
22 0.00000
23 0.00000
0 0.00000
1 0.00000
2 0.00000
3 0.00000
4 0.00000
5 0.02000
6 0.41000
7 4.04000
8 20.00000
9 33.13000
10 46.92000
11 56.23000
12 54.18000
13 37.35000
14 12.07000
15 23.91000
16 14.23000
17 7.92000
18 0.58000
19 0.04000
20 0.00000
21 0.00000
22 0.00000
23 0.00000
