0 0.00000
1 0.00000
2 0.00000
3 0.00000
4 0.00000
5 0.00000
6 0.65000
7 7.51000
8 19.76000
9 34.13000
10 45.48000
11 52.15000
12 55.59000
13 50.29000
14 44.97000
15 32.08000
16 17.70000
17 7.41000
18 0.67000
19 0.00000
20 0.00000
21 0.00000
22 0.00000
23 0.00000
0 0.00000
1 0.00000
2 0.00000
3 0.00000
4 0.00000
5 0.00000
6 0.65000
7 7.51000
8 19.76000
9 34.13000
10 45.48000
11 52.15000
12 55.59000
13 50.29000
14 44.97000
15 32.08000
16 17.70000
17 7.41000
18 0.67000
19 0.00000
20 0.00000
21 0.00000
22 0.00000
23 0.00000
