0 0.00000
1 0.00000
2 0.00000
3 0.00000
4 0.00000
5 0.00000
6 0.04000
7 2.23000
8 8.72000
9 21.08000
10 31.54000
11 37.60000
12 37.79000
13 35.90000
14 30.10000
15 20.27000
16 10.96000
17 3.17000
18 0.07000
19 0.00000
20 0.00000
21 0.00000
22 0.00000
23 0.00000
0 0.00000
1 0.00000
2 0.00000
3 0.00000
4 0.00000
5 0.00000
6 0.04000
7 2.23000
8 8.72000
9 21.08000
10 31.54000
11 37.60000
12 37.79000
13 35.90000
14 30.10000
15 20.27000
16 10.96000
17 3.17000
18 0.07000
19 0.00000
20 0.00000
21 0.00000
22 0.00000
23 0.00000
