4.0 0.0
4.0167 0.0
4.0333 0.0
4.05 0.0
4.0667 0.0
4.0833 0.0
4.1 0.0
4.1167 0.0
4.1333 0.0
4.15 0.0
4.1667 0.0
4.1833 0.0
4.2 0.0
4.2167 0.0
4.2333 0.0
4.25 0.0
4.2667 0.0
4.2833 0.0
4.3 0.0
4.3167 0.0
4.3333 0.0
4.35 0.0
4.3667 0.0
4.3833 0.0
4.4 0.0
4.4167 0.0
4.4333 0.0
4.45 0.0
4.4667 0.0
4.4833 0.0
4.5 0.0
4.5167 0.0
4.5333 0.0
4.55 0.0
4.5667 0.0
4.5833 0.0
4.6 0.0
4.6167 0.0
4.6333 0.0
4.65 0.0
4.6667 0.0
4.6833 0.0
4.7 0.0
4.7167 0.0
4.7333 0.0
4.75 0.0
4.7667 0.0
4.7833 0.0
4.8 0.0
4.8167 0.0
4.8333 0.0
4.85 0.0
4.8667 0.0
4.8833 0.0
4.9 0.0
4.9167 0.0
4.9333 0.0
4.95 0.0
4.9667 0.0
4.9833 0.0
5.0 0.0
5.0167 0.0
5.0333 0.0
5.05 0.0
5.0667 0.0
5.0833 0.0
5.1 0.0
5.1167 0.0
5.1333 0.0
5.15 0.0
5.1667 0.0
5.1833 0.0
5.2 0.0
5.2167 0.0
5.2333 0.0
5.25 0.0
5.2667 0.0
5.2833 0.0
5.3 0.0
5.3167 0.0
5.3333 0.0
5.35 0.0
5.3667 0.0
5.3833 0.0
5.4 0.0
5.4167 0.0
5.4333 0.0
5.45 0.0
5.4667 0.0
5.4833 0.0
5.5 0.0
5.5167 0.0
5.5333 0.0
5.55 0.0
5.5667 0.0
5.5833 0.0
5.6 0.0
5.6167 0.0
5.6333 0.0
5.65 0.0
5.6667 0.0
5.6833 0.0
5.7 0.0
5.7167 0.0
5.7333 0.0
5.75 0.0
5.7667 0.0
5.7833 0.0
5.8 0.0
5.8167 0.0
5.8333 0.0
5.85 0.0
5.8667 0.0
5.8833 0.0
5.9 0.0
5.9167 0.0
5.9333 0.0
5.95 0.0
5.9667 0.0
5.9833 0.0
6.0 0.0
6.0167 0.0
6.0333 0.0
6.05 0.0
6.0667 0.0
6.0833 0.0
6.1 0.0
6.1167 0.0
6.1333 0.0
6.15 0.0
6.1667 0.0
6.1833 0.0
6.2 0.0
6.2167 0.0
6.2333 0.0
6.25 0.0
6.2667 0.0
6.2833 0.0
6.3 0.0
6.3167 0.0
6.3333 0.0
6.35 0.0
6.3667 0.0
6.3833 0.0
6.4 0.0
6.4167 0.0
6.4333 0.0
6.45 0.0
6.4667 0.0
6.4833 0.0
6.5 0.0
6.5167 0.0
6.5333 0.0
6.55 0.0
6.5667 0.0
6.5833 0.0
6.6 1.668e-17
6.6167 2.249e-13
6.6333 1.223e-10
6.65 1.605e-08
6.6667 6.99e-07
6.6833 1.276e-05
6.7 5.023e-05
6.7167 0.0001258
6.7333 0.0002427
6.75 0.0004093
6.7667 0.0006418
6.7833 0.0009656
6.8 0.001416
6.8167 0.002041
6.8333 0.002806
6.85 0.003893
6.8667 0.005185
6.8833 0.006867
6.9 0.009047
6.9167 0.01183
6.9333 0.01523
6.95 0.01943
6.9667 0.02477
6.9833 0.03163
7.0 0.03938
7.0167 0.0496
7.0333 0.06095
7.05 0.07572
7.0667 0.09313
7.0833 0.1123
7.1 0.1349
7.1167 0.1615
7.1333 0.1886
7.15 0.2184
7.1667 0.2567
7.1833 0.2914
7.2 0.3385
7.2167 0.3772
7.2333 0.4237
7.25 0.4796
7.2667 0.5466
7.2833 0.6039
7.3 0.6638
7.3167 0.7273
7.3333 0.7938
7.35 0.8632
7.3667 0.9353
7.3833 1.01
7.4 1.087
7.4167 1.166
7.4333 1.247
7.45 1.331
7.4667 1.416
7.4833 1.504
7.5 1.593
7.5167 1.684
7.5333 1.777
7.55 1.871
7.5667 1.967
7.5833 2.065
7.6 2.164
7.6167 2.265
7.6333 2.368
7.65 2.472
7.6667 2.577
7.6833 2.684
7.7 2.793
7.7167 2.903
7.7333 3.014
7.75 3.127
7.7667 3.241
7.7833 3.357
7.8 3.475
7.8167 3.594
7.8333 3.714
7.85 3.835
7.8667 3.959
7.8833 4.083
7.9 4.21
7.9167 4.337
7.9333 4.466
7.95 4.597
7.9667 4.729
7.9833 4.862
8.0 4.997
8.0167 5.134
8.0333 5.271
8.05 5.411
8.0667 5.551
8.0833 5.693
8.1 5.837
8.1167 5.981
8.1333 6.128
8.15 6.275
8.1667 6.424
8.1833 6.574
8.2 6.726
8.2167 6.878
8.2333 7.032
8.25 7.188
8.2667 7.344
8.2833 7.502
8.3 7.661
8.3167 7.821
8.3333 7.983
8.35 8.145
8.3667 8.309
8.3833 8.474
8.4 8.64
8.4167 8.807
8.4333 8.975
8.45 9.144
8.4667 9.314
8.4833 9.485
8.5 9.657
8.5167 9.83
8.5333 10.0
8.55 10.18
8.5667 10.35
8.5833 10.53
8.6 10.71
8.6167 10.89
8.6333 11.06
8.65 11.24
8.6667 11.42
8.6833 11.61
8.7 11.79
8.7167 11.97
8.7333 12.15
8.75 12.34
8.7667 12.52
8.7833 12.71
8.8 12.89
8.8167 13.08
8.8333 13.26
8.85 13.45
8.8667 13.64
8.8833 13.83
8.9 14.02
8.9167 14.2
8.9333 14.39
8.95 14.58
8.9667 14.77
8.9833 14.96
9.0 15.15
9.0167 15.35
9.0333 15.54
9.05 15.73
9.0667 15.92
9.0833 16.11
9.1 16.3
9.1167 16.5
9.1333 16.69
9.15 16.88
9.1667 17.07
9.1833 17.27
9.2 17.46
9.2167 17.65
9.2333 17.85
9.25 18.04
9.2667 18.23
9.2833 18.43
9.3 18.62
9.3167 18.81
9.3333 19.01
9.35 19.2
9.3667 19.39
9.3833 19.59
9.4 19.78
9.4167 19.97
9.4333 20.16
9.45 20.36
9.4667 20.55
9.4833 20.74
9.5 20.93
9.5167 21.12
9.5333 21.32
9.55 21.51
9.5667 21.7
9.5833 21.89
9.6 22.08
9.6167 22.27
9.6333 22.46
9.65 22.65
9.6667 22.84
9.6833 23.03
9.7 23.21
9.7167 23.4
9.7333 23.59
9.75 23.78
9.7667 23.96
9.7833 24.15
9.8 24.34
9.8167 24.52
9.8333 24.71
9.85 24.89
9.8667 25.08
9.8833 25.26
9.9 25.44
9.9167 25.63
9.9333 25.81
9.95 25.99
9.9667 26.17
9.9833 26.35
10.0 26.53
10.0167 26.71
10.0333 26.89
10.05 27.07
10.0667 27.24
10.0833 27.42
10.1 27.6
10.1167 27.77
10.1333 27.95
10.15 28.12
10.1667 28.3
10.1833 28.47
10.2 28.64
10.2167 28.81
10.2333 28.98
10.25 29.15
10.2667 29.32
10.2833 29.49
10.3 29.66
10.3167 29.82
10.3333 29.99
10.35 30.16
10.3667 30.32
10.3833 30.48
10.4 30.65
10.4167 30.81
10.4333 30.97
10.45 31.13
10.4667 31.29
10.4833 31.45
10.5 31.61
10.5167 31.77
10.5333 31.92
10.55 32.08
10.5667 32.23
10.5833 32.38
10.6 32.54
10.6167 32.69
10.6333 32.84
10.65 32.99
10.6667 33.14
10.6833 33.29
10.7 33.43
10.7167 33.58
10.7333 33.73
10.75 33.87
10.7667 34.01
10.7833 34.16
10.8 34.3
10.8167 34.44
10.8333 34.58
10.85 34.71
10.8667 34.85
10.8833 34.99
10.9 35.12
10.9167 35.26
10.9333 35.39
10.95 35.52
10.9667 35.65
10.9833 35.78
11.0 35.91
11.0167 36.04
11.0333 36.17
11.05 36.29
11.0667 36.42
11.0833 36.54
11.1 36.66
11.1167 36.79
11.1333 36.91
11.15 37.03
11.1667 37.14
11.1833 37.26
11.2 37.38
11.2167 37.49
11.2333 37.61
11.25 37.72
11.2667 37.83
11.2833 37.94
11.3 38.05
11.3167 38.16
11.3333 38.26
11.35 38.37
11.3667 38.47
11.3833 38.58
11.4 38.68
11.4167 38.78
11.4333 38.88
11.45 38.98
11.4667 39.07
11.4833 39.17
11.5 39.27
11.5167 39.36
11.5333 39.45
11.55 39.54
11.5667 39.63
11.5833 39.72
11.6 39.81
11.6167 39.9
11.6333 39.98
11.65 40.07
11.6667 40.15
11.6833 40.23
11.7 40.31
11.7167 40.39
11.7333 40.47
11.75 40.54
11.7667 40.62
11.7833 40.69
11.8 40.77
11.8167 40.84
11.8333 40.91
11.85 40.98
11.8667 41.04
11.8833 41.11
11.9 41.18
11.9167 41.24
11.9333 41.3
11.95 41.36
11.9667 41.42
11.9833 41.48
12.0 41.54
12.0167 41.6
12.0333 41.65
12.05 41.7
12.0667 41.76
12.0833 41.81
12.1 41.86
12.1167 41.9
12.1333 41.95
12.15 42.0
12.1667 42.04
12.1833 42.09
12.2 42.13
12.2167 42.17
12.2333 42.21
12.25 42.24
12.2667 42.28
12.2833 42.32
12.3 42.35
12.3167 42.38
12.3333 42.41
12.35 42.44
12.3667 42.47
12.3833 42.5
12.4 42.53
12.4167 42.55
12.4333 42.57
12.45 42.6
12.4667 42.62
12.4833 42.64
12.5 42.65
12.5167 42.67
12.5333 42.69
12.55 42.7
12.5667 42.71
12.5833 42.72
12.6 42.73
12.6167 42.74
12.6333 42.75
12.65 42.75
12.6667 42.76
12.6833 42.76
12.7 42.76
12.7167 42.77
12.7333 42.76
12.75 42.76
12.7667 42.76
12.7833 42.75
12.8 42.75
12.8167 42.74
12.8333 42.73
12.85 42.72
12.8667 42.71
12.8833 42.7
12.9 42.68
12.9167 42.67
12.9333 42.65
12.95 42.63
12.9667 42.61
12.9833 42.59
13.0 42.57
13.0167 42.55
13.0333 42.52
13.05 42.5
13.0667 42.47
13.0833 42.44
13.1 42.41
13.1167 42.38
13.1333 42.35
13.15 42.31
13.1667 42.28
13.1833 42.24
13.2 42.2
13.2167 42.16
13.2333 42.12
13.25 42.08
13.2667 42.04
13.2833 41.99
13.3 41.95
13.3167 41.9
13.3333 41.85
13.35 41.8
13.3667 41.75
13.3833 41.7
13.4 41.64
13.4167 41.59
13.4333 41.53
13.45 41.47
13.4667 41.42
13.4833 41.36
13.5 41.29
13.5167 41.23
13.5333 41.17
13.55 41.1
13.5667 41.04
13.5833 40.97
13.6 40.9
13.6167 40.83
13.6333 40.76
13.65 40.68
13.6667 40.61
13.6833 40.53
13.7 40.46
13.7167 40.38
13.7333 40.3
13.75 40.22
13.7667 40.14
13.7833 40.06
13.8 39.97
13.8167 39.89
13.8333 39.8
13.85 39.71
13.8667 39.62
13.8833 39.53
13.9 39.44
13.9167 39.35
13.9333 39.25
13.95 39.16
13.9667 39.06
13.9833 38.97
14.0 38.87
14.0167 38.77
14.0333 38.67
14.05 38.56
14.0667 38.46
14.0833 38.36
14.1 38.25
14.1167 38.14
14.1333 38.04
14.15 37.93
14.1667 37.82
14.1833 37.7
14.2 37.59
14.2167 37.48
14.2333 37.36
14.25 37.25
14.2667 37.13
14.2833 37.01
14.3 36.89
14.3167 36.77
14.3333 36.65
14.35 36.53
14.3667 36.4
14.3833 36.28
14.4 36.15
14.4167 36.03
14.4333 35.9
14.45 35.77
14.4667 35.64
14.4833 35.51
14.5 35.38
14.5167 35.24
14.5333 35.11
14.55 34.97
14.5667 34.84
14.5833 34.7
14.6 34.56
14.6167 34.42
14.6333 34.28
14.65 34.14
14.6667 34.0
14.6833 33.85
14.7 33.71
14.7167 33.56
14.7333 33.42
14.75 33.27
14.7667 33.12
14.7833 32.97
14.8 32.82
14.8167 32.67
14.8333 32.52
14.85 32.37
14.8667 32.21
14.8833 32.06
14.9 31.9
14.9167 31.75
14.9333 31.59
14.95 31.43
14.9667 31.27
14.9833 31.11
15.0 30.95
15.0167 30.79
15.0333 30.63
15.05 30.46
15.0667 30.3
15.0833 30.14
15.1 29.97
15.1167 29.8
15.1333 29.64
15.15 29.47
15.1667 29.3
15.1833 29.13
15.2 28.96
15.2167 28.79
15.2333 28.62
15.25 28.45
15.2667 28.27
15.2833 28.1
15.3 27.93
15.3167 27.75
15.3333 27.58
15.35 27.4
15.3667 27.22
15.3833 27.04
15.4 26.87
15.4167 26.69
15.4333 26.51
15.45 26.33
15.4667 26.15
15.4833 25.97
15.5 25.78
15.5167 25.6
15.5333 25.42
15.55 25.24
15.5667 25.05
15.5833 24.87
15.6 24.68
15.6167 24.5
15.6333 24.31
15.65 24.13
15.6667 23.94
15.6833 23.75
15.7 23.57
15.7167 23.38
15.7333 23.19
15.75 23.0
15.7667 22.81
15.7833 22.62
15.8 22.43
15.8167 22.24
15.8333 22.05
15.85 21.86
15.8667 21.67
15.8833 21.48
15.9 21.29
15.9167 21.1
15.9333 20.91
15.95 20.72
15.9667 20.52
15.9833 20.33
16.0 20.14
16.0167 19.95
16.0333 19.75
16.05 19.56
16.0667 19.37
16.0833 19.17
16.1 18.98
16.1167 18.79
16.1333 18.59
16.15 18.4
16.1667 18.21
16.1833 18.01
16.2 17.82
16.2167 17.63
16.2333 17.44
16.25 17.24
16.2667 17.05
16.2833 16.86
16.3 16.66
16.3167 16.47
16.3333 16.28
16.35 16.09
16.3667 15.89
16.3833 15.7
16.4 15.51
16.4167 15.32
16.4333 15.13
16.45 14.94
16.4667 14.75
16.4833 14.56
16.5 14.37
16.5167 14.18
16.5333 13.99
16.55 13.8
16.5667 13.61
16.5833 13.43
16.6 13.24
16.6167 13.05
16.6333 12.87
16.65 12.68
16.6667 12.5
16.6833 12.31
16.7 12.13
16.7167 11.95
16.7333 11.76
16.75 11.58
16.7667 11.4
16.7833 11.22
16.8 11.04
16.8167 10.86
16.8333 10.68
16.85 10.51
16.8667 10.33
16.8833 10.15
16.9 9.98
16.9167 9.806
16.9333 9.634
16.95 9.462
16.9667 9.291
16.9833 9.121
17.0 8.952
17.0167 8.784
17.0333 8.617
17.05 8.451
17.0667 8.287
17.0833 8.123
17.1 7.961
17.1167 7.8
17.1333 7.64
17.15 7.481
17.1667 7.323
17.1833 7.166
17.2 7.011
17.2167 6.857
17.2333 6.705
17.25 6.553
17.2667 6.403
17.2833 6.254
17.3 6.107
17.3167 5.961
17.3333 5.817
17.35 5.673
17.3667 5.531
17.3833 5.391
17.4 5.252
17.4167 5.115
17.4333 4.978
17.45 4.844
17.4667 4.71
17.4833 4.578
17.5 4.448
17.5167 4.319
17.5333 4.192
17.55 4.066
17.5667 3.941
17.5833 3.818
17.6 3.697
17.6167 3.577
17.6333 3.458
17.65 3.341
17.6667 3.225
17.6833 3.111
17.7 2.998
17.7167 2.887
17.7333 2.777
17.75 2.669
17.7667 2.562
17.7833 2.457
17.8 2.353
17.8167 2.251
17.8333 2.15
17.85 2.051
17.8667 1.953
17.8833 1.857
17.9 1.763
17.9167 1.671
17.9333 1.58
17.95 1.491
17.9667 1.404
17.9833 1.319
18.0 1.235
18.0167 1.154
18.0333 1.075
18.05 0.999
18.0667 0.9247
18.0833 0.853
18.1 0.7839
18.1167 0.7178
18.1333 0.6548
18.15 0.5955
18.1667 0.536
18.1833 0.4707
18.2 0.4163
18.2167 0.3711
18.2333 0.3333
18.25 0.2853
18.2667 0.2525
18.2833 0.2139
18.3 0.1827
18.3167 0.1586
18.3333 0.1324
18.35 0.1101
18.3667 0.09011
18.3833 0.07278
18.4 0.05925
18.4167 0.04843
18.4333 0.03809
18.45 0.03073
18.4667 0.02405
18.4833 0.01875
18.5 0.01459
18.5167 0.01129
18.5333 0.00867
18.55 0.006614
18.5667 0.005013
18.5833 0.003666
18.6 0.002693
18.6167 0.001909
18.6333 0.001357
18.65 0.0009183
18.6667 0.0006041
18.6833 0.0003815
18.7 0.0002241
18.7167 0.0001144
18.7333 4.192e-05
18.75 8.707e-06
18.7667 4.348e-07
18.7833 7.751e-09
18.8 5.109e-11
18.8167 8.555e-14
18.8333 1.889e-18
18.85 0.0
18.8667 0.0
18.8833 0.0
18.9 0.0
18.9167 0.0
18.9333 0.0
18.95 0.0
18.9667 0.0
18.9833 0.0
