4.0 0.0
4.0167 0.0
4.0333 0.0
4.05 0.0
4.0667 0.0
4.0833 0.0
4.1 0.0
4.1167 0.0
4.1333 0.0
4.15 0.0
4.1667 0.0
4.1833 0.0
4.2 0.0
4.2167 0.0
4.2333 0.0
4.25 0.0
4.2667 0.0
4.2833 0.0
4.3 0.0
4.3167 0.0
4.3333 0.0
4.35 0.0
4.3667 0.0
4.3833 0.0
4.4 0.0
4.4167 0.0
4.4333 0.0
4.45 0.0
4.4667 0.0
4.4833 0.0
4.5 0.0
4.5167 0.0
4.5333 0.0
4.55 0.0
4.5667 0.0
4.5833 0.0
4.6 0.0
4.6167 0.0
4.6333 0.0
4.65 0.0
4.6667 0.0
4.6833 0.0
4.7 0.0
4.7167 0.0
4.7333 0.0
4.75 0.0
4.7667 0.0
4.7833 0.0
4.8 0.0
4.8167 0.0
4.8333 0.0
4.85 0.0
4.8667 0.0
4.8833 0.0
4.9 0.0
4.9167 0.0
4.9333 0.0
4.95 0.0
4.9667 0.0
4.9833 0.0
5.0 0.0
5.0167 0.0
5.0333 0.0
5.05 0.0
5.0667 0.0
5.0833 0.0
5.1 0.0
5.1167 0.0
5.1333 0.0
5.15 0.0
5.1667 0.0
5.1833 0.0
5.2 0.0
5.2167 0.0
5.2333 0.0
5.25 0.0
5.2667 0.0
5.2833 0.0
5.3 0.0
5.3167 0.0
5.3333 0.0
5.35 0.0
5.3667 0.0
5.3833 0.0
5.4 0.0
5.4167 0.0
5.4333 0.0
5.45 0.0
5.4667 0.0
5.4833 0.0
5.5 0.0
5.5167 0.0
5.5333 0.0
5.55 0.0
5.5667 0.0
5.5833 0.0
5.6 0.0
5.6167 0.0
5.6333 0.0
5.65 0.0
5.6667 0.0
5.6833 0.0
5.7 0.0
5.7167 0.0
5.7333 0.0
5.75 0.0
5.7667 0.0
5.7833 0.0
5.8 0.0
5.8167 0.0
5.8333 0.0
5.85 0.0
5.8667 0.0
5.8833 0.0
5.9 0.0
5.9167 0.0
5.9333 0.0
5.95 0.0
5.9667 0.0
5.9833 0.0
6.0 0.0
6.0167 0.0
6.0333 0.0
6.05 0.0
6.0667 0.0
6.0833 0.0
6.1 7.525e-16
6.1167 1.405e-11
6.1333 4.48e-09
6.15 2.618e-07
6.1667 4.663e-06
6.1833 3.391e-05
6.2 0.0001021
6.2167 0.00022
6.2333 0.0003952
6.25 0.0006653
6.2667 0.001041
6.2833 0.001576
6.3 0.002326
6.3167 0.003296
6.3333 0.00463
6.35 0.006457
6.3667 0.008659
6.3833 0.01163
6.4 0.01557
6.4167 0.02039
6.4333 0.0266
6.45 0.03454
6.4667 0.04381
6.4833 0.05565
6.5 0.07125
6.5167 0.08778
6.5333 0.1086
6.55 0.1356
6.5667 0.1638
6.5833 0.197
6.6 0.2361
6.6167 0.2715
6.6333 0.3189
6.65 0.3718
6.6667 0.4249
6.6833 0.4796
6.7 0.5458
6.7167 0.6255
6.7333 0.7024
6.75 0.7782
6.7667 0.8588
6.7833 0.9436
6.8 1.033
6.8167 1.125
6.8333 1.22
6.85 1.32
6.8667 1.422
6.8833 1.527
6.9 1.635
6.9167 1.746
6.9333 1.859
6.95 1.975
6.9667 2.094
6.9833 2.215
7.0 2.34
7.0167 2.466
7.0333 2.595
7.05 2.726
7.0667 2.86
7.0833 2.996
7.1 3.135
7.1167 3.276
7.1333 3.42
7.15 3.566
7.1667 3.715
7.1833 3.866
7.2 4.02
7.2167 4.176
7.2333 4.335
7.25 4.496
7.2667 4.66
7.2833 4.826
7.3 4.994
7.3167 5.165
7.3333 5.338
7.35 5.513
7.3667 5.692
7.3833 5.872
7.4 6.054
7.4167 6.239
7.4333 6.426
7.45 6.615
7.4667 6.807
7.4833 7.001
7.5 7.196
7.5167 7.394
7.5333 7.593
7.55 7.796
7.5667 7.999
7.5833 8.205
7.6 8.412
7.6167 8.621
7.6333 8.832
7.65 9.046
7.6667 9.261
7.6833 9.477
7.7 9.695
7.7167 9.914
7.7333 10.14
7.75 10.36
7.7667 10.58
7.7833 10.81
7.8 11.04
7.8167 11.26
7.8333 11.5
7.85 11.73
7.8667 11.96
7.8833 12.19
7.9 12.43
7.9167 12.66
7.9333 12.9
7.95 13.14
7.9667 13.38
7.9833 13.62
8.0 13.86
8.0167 14.11
8.0333 14.35
8.05 14.59
8.0667 14.84
8.0833 15.08
8.1 15.33
8.1167 15.58
8.1333 15.83
8.15 16.08
8.1667 16.33
8.1833 16.58
8.2 16.83
8.2167 17.08
8.2333 17.34
8.25 17.59
8.2667 17.84
8.2833 18.1
8.3 18.35
8.3167 18.61
8.3333 18.86
8.35 19.12
8.3667 19.38
8.3833 19.63
8.4 19.89
8.4167 20.15
8.4333 20.41
8.45 20.67
8.4667 20.93
8.4833 21.18
8.5 21.44
8.5167 21.7
8.5333 21.96
8.55 22.22
8.5667 22.48
8.5833 22.74
8.6 23.0
8.6167 23.26
8.6333 23.52
8.65 23.78
8.6667 24.04
8.6833 24.31
8.7 24.57
8.7167 24.83
8.7333 25.09
8.75 25.35
8.7667 25.61
8.7833 25.87
8.8 26.13
8.8167 26.39
8.8333 26.65
8.85 26.91
8.8667 27.17
8.8833 27.42
8.9 27.68
8.9167 27.94
8.9333 28.2
8.95 28.46
8.9667 28.72
8.9833 28.97
9.0 29.23
9.0167 29.49
9.0333 29.75
9.05 30.0
9.0667 30.26
9.0833 30.51
9.1 30.77
9.1167 31.02
9.1333 31.28
9.15 31.53
9.1667 31.79
9.1833 32.04
9.2 32.29
9.2167 32.54
9.2333 32.8
9.25 33.05
9.2667 33.3
9.2833 33.55
9.3 33.8
9.3167 34.05
9.3333 34.3
9.35 34.54
9.3667 34.79
9.3833 35.04
9.4 35.28
9.4167 35.53
9.4333 35.78
9.45 36.02
9.4667 36.26
9.4833 36.51
9.5 36.75
9.5167 36.99
9.5333 37.23
9.55 37.47
9.5667 37.71
9.5833 37.95
9.6 38.19
9.6167 38.43
9.6333 38.66
9.65 38.9
9.6667 39.13
9.6833 39.37
9.7 39.6
9.7167 39.84
9.7333 40.07
9.75 40.3
9.7667 40.53
9.7833 40.76
9.8 40.99
9.8167 41.22
9.8333 41.44
9.85 41.67
9.8667 41.9
9.8833 42.12
9.9 42.34
9.9167 42.57
9.9333 42.79
9.95 43.01
9.9667 43.23
9.9833 43.45
10.0 43.67
10.0167 43.88
10.0333 44.1
10.05 44.31
10.0667 44.53
10.0833 44.74
10.1 44.96
10.1167 45.17
10.1333 45.38
10.15 45.59
10.1667 45.79
10.1833 46.0
10.2 46.21
10.2167 46.41
10.2333 46.62
10.25 46.82
10.2667 47.02
10.2833 47.23
10.3 47.42
10.3167 47.62
10.3333 47.82
10.35 48.02
10.3667 48.22
10.3833 48.41
10.4 48.6
10.4167 48.8
10.4333 48.99
10.45 49.18
10.4667 49.37
10.4833 49.55
10.5 49.74
10.5167 49.93
10.5333 50.11
10.55 50.3
10.5667 50.48
10.5833 50.66
10.6 50.84
10.6167 51.02
10.6333 51.19
10.65 51.37
10.6667 51.55
10.6833 51.72
10.7 51.89
10.7167 52.06
10.7333 52.23
10.75 52.4
10.7667 52.57
10.7833 52.74
10.8 52.9
10.8167 53.07
10.8333 53.23
10.85 53.39
10.8667 53.55
10.8833 53.71
10.9 53.87
10.9167 54.03
10.9333 54.18
10.95 54.34
10.9667 54.49
10.9833 54.64
11.0 54.79
11.0167 54.94
11.0333 55.09
11.05 55.23
11.0667 55.38
11.0833 55.52
11.1 55.67
11.1167 55.81
11.1333 55.95
11.15 56.09
11.1667 56.22
11.1833 56.36
11.2 56.49
11.2167 56.63
11.2333 56.76
11.25 56.89
11.2667 57.02
11.2833 57.15
11.3 57.27
11.3167 57.4
11.3333 57.52
11.35 57.64
11.3667 57.76
11.3833 57.88
11.4 58.0
11.4167 58.12
11.4333 58.23
11.45 58.35
11.4667 58.46
11.4833 58.57
11.5 58.68
11.5167 58.79
11.5333 58.9
11.55 59.0
11.5667 59.11
11.5833 59.21
11.6 59.31
11.6167 59.41
11.6333 59.51
11.65 59.61
11.6667 59.7
11.6833 59.8
11.7 59.89
11.7167 59.98
11.7333 60.07
11.75 60.16
11.7667 60.25
11.7833 60.33
11.8 60.41
11.8167 60.5
11.8333 60.58
11.85 60.66
11.8667 60.74
11.8833 60.81
11.9 60.89
11.9167 60.96
11.9333 61.04
11.95 61.11
11.9667 61.18
11.9833 61.24
12.0 61.31
12.0167 61.38
12.0333 61.44
12.05 61.5
12.0667 61.56
12.0833 61.62
12.1 61.68
12.1167 61.73
12.1333 61.79
12.15 61.84
12.1667 61.9
12.1833 61.95
12.2 61.99
12.2167 62.04
12.2333 62.09
12.25 62.13
12.2667 62.17
12.2833 62.22
12.3 62.26
12.3167 62.29
12.3333 62.33
12.35 62.36
12.3667 62.4
12.3833 62.43
12.4 62.46
12.4167 62.49
12.4333 62.52
12.45 62.55
12.4667 62.57
12.4833 62.59
12.5 62.62
12.5167 62.64
12.5333 62.66
12.55 62.67
12.5667 62.69
12.5833 62.7
12.6 62.72
12.6167 62.73
12.6333 62.74
12.65 62.74
12.6667 62.75
12.6833 62.76
12.7 62.76
12.7167 62.76
12.7333 62.76
12.75 62.76
12.7667 62.76
12.7833 62.76
12.8 62.75
12.8167 62.74
12.8333 62.73
12.85 62.72
12.8667 62.71
12.8833 62.7
12.9 62.69
12.9167 62.67
12.9333 62.65
12.95 62.63
12.9667 62.61
12.9833 62.59
13.0 62.57
13.0167 62.54
13.0333 62.52
13.05 62.49
13.0667 62.46
13.0833 62.43
13.1 62.39
13.1167 62.36
13.1333 62.32
13.15 62.29
13.1667 62.25
13.1833 62.21
13.2 62.17
13.2167 62.12
13.2333 62.08
13.25 62.03
13.2667 61.99
13.2833 61.94
13.3 61.89
13.3167 61.83
13.3333 61.78
13.35 61.73
13.3667 61.67
13.3833 61.61
13.4 61.55
13.4167 61.49
13.4333 61.43
13.45 61.36
13.4667 61.3
13.4833 61.23
13.5 61.16
13.5167 61.09
13.5333 61.02
13.55 60.95
13.5667 60.88
13.5833 60.8
13.6 60.72
13.6167 60.64
13.6333 60.57
13.65 60.48
13.6667 60.4
13.6833 60.32
13.7 60.23
13.7167 60.14
13.7333 60.06
13.75 59.96
13.7667 59.87
13.7833 59.78
13.8 59.69
13.8167 59.59
13.8333 59.49
13.85 59.39
13.8667 59.29
13.8833 59.19
13.9 59.09
13.9167 58.99
13.9333 58.88
13.95 58.77
13.9667 58.66
13.9833 58.55
14.0 58.44
14.0167 58.33
14.0333 58.22
14.05 58.1
14.0667 57.98
14.0833 57.86
14.1 57.74
14.1167 57.62
14.1333 57.5
14.15 57.38
14.1667 57.25
14.1833 57.13
14.2 57.0
14.2167 56.87
14.2333 56.74
14.25 56.61
14.2667 56.47
14.2833 56.34
14.3 56.2
14.3167 56.06
14.3333 55.93
14.35 55.79
14.3667 55.64
14.3833 55.5
14.4 55.36
14.4167 55.21
14.4333 55.07
14.45 54.92
14.4667 54.77
14.4833 54.62
14.5 54.47
14.5167 54.31
14.5333 54.16
14.55 54.0
14.5667 53.85
14.5833 53.69
14.6 53.53
14.6167 53.37
14.6333 53.21
14.65 53.04
14.6667 52.88
14.6833 52.71
14.7 52.55
14.7167 52.38
14.7333 52.21
14.75 52.04
14.7667 51.87
14.7833 51.69
14.8 51.52
14.8167 51.34
14.8333 51.17
14.85 50.99
14.8667 50.81
14.8833 50.63
14.9 50.45
14.9167 50.27
14.9333 50.08
14.95 49.9
14.9667 49.71
14.9833 49.53
15.0 49.34
15.0167 49.15
15.0333 48.96
15.05 48.77
15.0667 48.58
15.0833 48.38
15.1 48.19
15.1167 47.99
15.1333 47.79
15.15 47.6
15.1667 47.4
15.1833 47.2
15.2 46.99
15.2167 46.79
15.2333 46.59
15.25 46.38
15.2667 46.18
15.2833 45.97
15.3 45.77
15.3167 45.56
15.3333 45.35
15.35 45.14
15.3667 44.93
15.3833 44.71
15.4 44.5
15.4167 44.28
15.4333 44.07
15.45 43.85
15.4667 43.64
15.4833 43.42
15.5 43.2
15.5167 42.98
15.5333 42.76
15.55 42.54
15.5667 42.31
15.5833 42.09
15.6 41.86
15.6167 41.64
15.6333 41.41
15.65 41.19
15.6667 40.96
15.6833 40.73
15.7 40.5
15.7167 40.27
15.7333 40.04
15.75 39.81
15.7667 39.57
15.7833 39.34
15.8 39.1
15.8167 38.87
15.8333 38.63
15.85 38.4
15.8667 38.16
15.8833 37.92
15.9 37.68
15.9167 37.44
15.9333 37.2
15.95 36.96
15.9667 36.72
15.9833 36.48
16.0 36.23
16.0167 35.99
16.0333 35.74
16.05 35.5
16.0667 35.25
16.0833 35.01
16.1 34.76
16.1167 34.51
16.1333 34.26
16.15 34.02
16.1667 33.77
16.1833 33.52
16.2 33.27
16.2167 33.02
16.2333 32.77
16.25 32.51
16.2667 32.26
16.2833 32.01
16.3 31.76
16.3167 31.5
16.3333 31.25
16.35 30.99
16.3667 30.74
16.3833 30.48
16.4 30.23
16.4167 29.97
16.4333 29.72
16.45 29.46
16.4667 29.2
16.4833 28.94
16.5 28.69
16.5167 28.43
16.5333 28.17
16.55 27.91
16.5667 27.65
16.5833 27.39
16.6 27.14
16.6167 26.88
16.6333 26.62
16.65 26.36
16.6667 26.1
16.6833 25.84
16.7 25.58
16.7167 25.32
16.7333 25.06
16.75 24.8
16.7667 24.54
16.7833 24.28
16.8 24.02
16.8167 23.76
16.8333 23.5
16.85 23.24
16.8667 22.98
16.8833 22.72
16.9 22.46
16.9167 22.2
16.9333 21.94
16.95 21.68
16.9667 21.42
16.9833 21.16
17.0 20.9
17.0167 20.64
17.0333 20.38
17.05 20.13
17.0667 19.87
17.0833 19.61
17.1 19.35
17.1167 19.1
17.1333 18.84
17.15 18.58
17.1667 18.33
17.1833 18.07
17.2 17.82
17.2167 17.57
17.2333 17.31
17.25 17.06
17.2667 16.81
17.2833 16.56
17.3 16.31
17.3167 16.06
17.3333 15.81
17.35 15.56
17.3667 15.31
17.3833 15.06
17.4 14.82
17.4167 14.57
17.4333 14.33
17.45 14.08
17.4667 13.84
17.4833 13.6
17.5 13.36
17.5167 13.12
17.5333 12.88
17.55 12.64
17.5667 12.41
17.5833 12.17
17.6 11.94
17.6167 11.71
17.6333 11.48
17.65 11.25
17.6667 11.02
17.6833 10.79
17.7 10.57
17.7167 10.34
17.7333 10.12
17.75 9.898
17.7667 9.679
17.7833 9.461
17.8 9.245
17.8167 9.03
17.8333 8.818
17.85 8.607
17.8667 8.398
17.8833 8.191
17.9 7.985
17.9167 7.782
17.9333 7.58
17.95 7.381
17.9667 7.183
17.9833 6.988
18.0 6.795
18.0167 6.603
18.0333 6.414
18.05 6.228
18.0667 6.043
18.0833 5.861
18.1 5.681
18.1167 5.503
18.1333 5.328
18.15 5.155
18.1667 4.984
18.1833 4.816
18.2 4.65
18.2167 4.487
18.2333 4.326
18.25 4.168
18.2667 4.012
18.2833 3.858
18.3 3.707
18.3167 3.559
18.3333 3.413
18.35 3.269
18.3667 3.128
18.3833 2.99
18.4 2.854
18.4167 2.72
18.4333 2.589
18.45 2.46
18.4667 2.334
18.4833 2.21
18.5 2.089
18.5167 1.971
18.5333 1.855
18.55 1.742
18.5667 1.631
18.5833 1.523
18.6 1.418
18.6167 1.316
18.6333 1.218
18.65 1.122
18.6667 1.03
18.6833 0.9411
18.7 0.8564
18.7167 0.776
18.7333 0.7004
18.75 0.6232
18.7667 0.544
18.7833 0.4782
18.8 0.4237
18.8167 0.37
18.8333 0.3179
18.85 0.2705
18.8667 0.2347
18.8833 0.1965
18.9 0.1634
18.9167 0.1352
18.9333 0.1082
18.95 0.0875
18.9667 0.07109
18.9833 0.05549
