0.0 0.0
0.016678 0.0
0.033356 0.0
0.050035 0.0
0.066713 0.0
0.083391 0.0
0.100069 0.0
0.116748 0.0
0.133426 0.0
0.150104 0.0
0.166782 0.0
0.183461 0.0
0.200139 0.0
0.216817 0.0
0.233495 0.0
0.250174 0.0
0.266852 0.0
0.28353 0.0
0.300208 0.0
0.316887 0.0
0.333565 0.0
0.350243 0.0
0.366921 0.0
0.3836 0.0
0.400278 0.0
0.416956 0.0
0.433634 0.0
0.450313 0.0
0.466991 0.0
0.483669 0.0
0.500347 0.0
0.517026 0.0
0.533704 0.0
0.550382 0.0
0.56706 0.0
0.583739 0.0
0.600417 0.0
0.617095 0.0
0.633773 0.0
0.650452 0.0
0.66713 0.0
0.683808 0.0
0.700486 0.0
0.717165 0.0
0.733843 0.0
0.750521 0.0
0.767199 0.0
0.783878 0.0
0.800556 0.0
0.817234 0.0
0.833912 0.0
0.850591 0.0
0.867269 0.0
0.883947 0.0
0.900625 0.0
0.917304 0.0
0.933982 0.0
0.95066 0.0
0.967338 0.0
0.984017 0.0
1.000695 0.0
1.017373 0.0
1.034051 0.0
1.05073 0.0
1.067408 0.0
1.084086 0.0
1.100764 0.0
1.117443 0.0
1.134121 0.0
1.150799 0.0
1.167477 0.0
1.184156 0.0
1.200834 0.0
1.217512 0.0
1.23419 0.0
1.250869 0.0
1.267547 0.0
1.284225 0.0
1.300903 0.0
1.317582 0.0
1.33426 0.0
1.350938 0.0
1.367616 0.0
1.384295 0.0
1.400973 0.0
1.417651 0.0
1.434329 0.0
1.451008 0.0
1.467686 0.0
1.484364 0.0
1.501042 0.0
1.517721 0.0
1.534399 0.0
1.551077 0.0
1.567755 0.0
1.584434 0.0
1.601112 0.0
1.61779 0.0
1.634468 0.0
1.651147 0.0
1.667825 0.0
1.684503 0.0
1.701181 0.0
1.71786 0.0
1.734538 0.0
1.751216 0.0
1.767894 0.0
1.784573 0.0
1.801251 0.0
1.817929 0.0
1.834607 0.0
1.851286 0.0
1.867964 0.0
1.884642 0.0
1.90132 0.0
1.917999 0.0
1.934677 0.0
1.951355 0.0
1.968033 0.0
1.984712 0.0
2.00139 0.0
2.018068 0.0
2.034746 0.0
2.051425 0.0
2.068103 0.0
2.084781 0.0
2.101459 0.0
2.118138 0.0
2.134816 0.0
2.151494 0.0
2.168172 0.0
2.184851 0.0
2.201529 0.0
2.218207 0.0
2.234885 0.0
2.251564 0.0
2.268242 0.0
2.28492 0.0
2.301598 0.0
2.318277 0.0
2.334955 0.0
2.351633 0.0
2.368311 0.0
2.38499 0.0
2.401668 0.0
2.418346 0.0
2.435024 0.0
2.451703 0.0
2.468381 0.0
2.485059 0.0
2.501737 0.0
2.518416 0.0
2.535094 0.0
2.551772 0.0
2.56845 0.0
2.585129 0.0
2.601807 0.0
2.618485 0.0
2.635163 0.0
2.651842 0.0
2.66852 0.0
2.685198 0.0
2.701876 0.0
2.718555 0.0
2.735233 0.0
2.751911 0.0
2.768589 0.0
2.785268 0.0
2.801946 0.0
2.818624 0.0
2.835302 0.0
2.851981 0.0
2.868659 0.0
2.885337 0.0
2.902015 0.0
2.918694 0.0
2.935372 0.0
2.95205 0.0
2.968728 0.0
2.985407 0.0
3.002085 0.0
3.018763 0.0
3.035441 0.0
3.05212 0.0
3.068798 0.0
3.085476 0.0
3.102154 0.0
3.118833 0.0
3.135511 0.0
3.152189 0.0
3.168867 0.0
3.185546 0.0
3.202224 0.0
3.218902 0.0
3.23558 0.0
3.252259 0.0
3.268937 0.0
3.285615 0.0
3.302293 0.0
3.318972 0.0
3.33565 0.0
3.352328 0.0
3.369006 0.0
3.385685 0.0
3.402363 0.0
3.419041 0.0
3.435719 0.0
3.452397 0.0
3.469076 0.0
3.485754 0.0
3.502432 0.0
3.51911 0.0
3.535789 0.0
3.552467 0.0
3.569145 0.0
3.585823 0.0
3.602502 0.0
3.61918 0.0
3.635858 0.0
3.652536 0.0
3.669215 0.0
3.685893 0.0
3.702571 0.0
3.719249 0.0
3.735928 0.0
3.752606 0.0
3.769284 0.0
3.785962 0.0
3.802641 0.0
3.819319 0.0
3.835997 0.0
3.852675 0.0
3.869354 0.0
3.886032 0.0
3.90271 0.0
3.919388 0.0
3.936067 0.0
3.952745 0.0
3.969423 0.0
3.986101 0.0
4.00278 0.0
4.019458 0.0
4.036136 0.0
4.052814 0.0
4.069493 0.0
4.086171 0.0
4.102849 0.0
4.119527 0.0
4.136206 0.0
4.152884 0.0
4.169562 0.0
4.18624 0.0
4.202919 0.0
4.219597 0.0
4.236275 0.0
4.252953 0.0
4.269632 0.0
4.28631 0.0
4.302988 0.0
4.319666 0.0
4.336345 0.0
4.353023 0.0
4.369701 0.0
4.386379 0.0
4.403058 0.0
4.419736 0.0
4.436414 0.0
4.453092 0.0
4.469771 0.0
4.486449 0.0
4.503127 0.0
4.519805 0.0
4.536484 0.0
4.553162 0.0
4.56984 0.0
4.586518 0.0
4.603197 0.0
4.619875 0.0
4.636553 0.0
4.653231 0.0
4.66991 0.0
4.686588 0.0
4.703266 0.0
4.719944 0.0
4.736623 0.0
4.753301 0.0
4.769979 0.0
4.786657 0.0
4.803336 0.0
4.820014 0.0
4.836692 0.0
4.85337 0.0
4.870049 0.0
4.886727 0.0
4.903405 0.0
4.920083 0.0
4.936762 0.0
4.95344 0.0
4.970118 0.0
4.986796 0.0
5.003475 0.0
5.020153 0.0
5.036831 0.0
5.053509 0.0
5.070188 0.0
5.086866 0.0
5.103544 0.0
5.120222 0.0
5.136901 0.0
5.153579 0.0
5.170257 0.0
5.186935 0.0
5.203614 0.0
5.220292 0.0
5.23697 0.0
5.253648 0.0
5.270327 0.0
5.287005 0.0
5.303683 0.0
5.320361 0.0
5.33704 0.0
5.353718 0.0
5.370396 0.0
5.387074 0.0
5.403753 0.0
5.420431 0.0
5.437109 0.0
5.453787 0.0
5.470466 0.0
5.487144 0.0
5.503822 0.0
5.5205 0.0
5.537179 0.0
5.553857 0.0
5.570535 0.0
5.587213 0.0
5.603892 0.0
5.62057 0.0
5.637248 0.0
5.653926 0.0
5.670605 0.0
5.687283 0.0
5.703961 0.0
5.720639 0.0
5.737318 0.0
5.753996 0.0
5.770674 0.0
5.787352 0.0
5.804031 0.0
5.820709 0.0
5.837387 0.0
5.854065 0.0
5.870744 0.0
5.887422 0.0
5.9041 0.0
5.920778 0.0
5.937457 0.0
5.954135 0.002
5.970813 0.002
5.987491 0.002
6.00417 0.002
6.020848 0.0
6.037526 0.002
6.054204 0.002
6.070883 0.002
6.087561 0.002
6.104239 0.002
6.120917 0.002
6.137596 0.002
6.154274 0.002
6.170952 0.002
6.18763 0.007
6.204309 0.007
6.220987 0.007
6.237665 0.007
6.254343 0.007
6.271022 0.007
6.2877 0.007
6.304378 0.011
6.321056 0.011
6.337735 0.011
6.354413 0.011
6.371091 0.011
6.387769 0.011
6.404448 0.011
6.421126 0.015
6.437804 0.015
6.454482 0.0
6.471161 0.02
6.487839 0.0
6.504517 0.02
6.521195 0.02
6.537874 0.024
6.554552 0.024
6.57123 0.029
6.587908 0.029
6.604587 0.029
6.621265 0.033
6.637943 0.033
6.654621 0.037
6.6713 0.042
6.687978 0.042
6.704656 0.046
6.721334 0.05
6.738013 0.05
6.754691 0.055
6.771369 0.055
6.788047 0.059
6.804726 0.063
6.821404 0.063
6.838082 0.063
6.85476 0.068
6.871438 0.072
6.888117 0.072
6.904795 0.076
6.921473 0.076
6.938151 0.081
6.95483 0.081
6.971508 0.09
6.988186 0.09
7.004864 0.094
7.021543 0.094
7.038221 0.098
7.054899 0.103
7.071577 0.107
7.088256 0.107
7.104934 0.116
7.121612 0.116
7.13829 0.12
7.154969 0.129
7.171647 0.129
7.188325 0.133
7.205003 0.142
7.221682 0.142
7.23836 0.151
7.255038 0.151
7.271716 0.159
7.288395 0.164
7.305073 0.168
7.321751 0.177
7.338429 0.181
7.355108 0.185
7.371786 0.19
7.388464 0.194
7.405142 0.199
7.421821 0.207
7.438499 0.212
7.455177 0.22
7.471855 0.225
7.488534 0.229
7.505212 0.238
7.52189 0.242
7.538568 0.251
7.555247 0.255
7.571925 0.264
7.588603 0.273
7.605281 0.277
7.62196 0.286
7.638638 0.294
7.655316 0.303
7.671994 0.312
7.688673 0.321
7.705351 0.329
7.722029 0.338
7.738707 0.347
7.755386 0.351
7.772064 0.36
7.788742 0.368
7.80542 0.377
7.822099 0.386
7.838777 0.395
7.855455 0.403
7.872133 0.416
7.888812 0.425
7.90549 0.438
7.922168 0.447
7.938846 0.46
7.955525 0.469
7.972203 0.482
7.988881 0.495
8.005559 0.508
8.022238 0.512
8.038916 0.521
8.055594 0.534
8.072272 0.547
8.088951 0.56
8.105629 0.573
8.122307 0.586
8.138985 0.599
8.155664 0.612
8.172342 0.626
8.18902 0.643
8.205698 0.652
8.222377 0.665
8.239055 0.678
8.255733 0.687
8.272411 0.704
8.28909 0.717
8.305768 0.73
8.322446 0.743
8.339124 0.756
8.355803 0.769
8.372481 0.782
8.389159 0.8
8.405837 0.813
8.422516 0.826
8.439194 0.839
8.455872 0.852
8.47255 0.865
8.489229 0.883
8.505907 0.896
8.522585 0.909
8.539263 0.926
8.555942 0.944
8.57262 0.957
8.589298 0.974
8.605976 0.992
8.622655 1.005
8.639333 1.026
8.656011 1.044
8.672689 1.057
8.689368 1.079
8.706046 1.092
8.722724 1.109
8.739402 1.127
8.756081 1.144
8.772759 1.162
8.789437 1.179
8.806115 1.192
8.822794 1.209
8.839472 1.227
8.85615 1.24
8.872828 1.257
8.889507 1.279
8.906185 1.297
8.922863 1.314
8.939541 1.34
8.95622 1.353
8.972898 1.371
8.989576 1.388
9.006254 1.405
9.022933 1.423
9.039611 1.449
9.056289 1.462
9.072967 1.471
9.089646 1.488
9.106324 1.514
9.123002 1.536
9.13968 1.558
9.156359 1.58
9.173037 1.602
9.189715 1.615
9.206393 1.628
9.223072 1.645
9.23975 1.654
9.256428 1.667
9.273106 1.693
9.289785 1.719
9.306463 1.745
9.323141 1.763
9.339819 1.771
9.356498 1.785
9.373176 1.802
9.389854 1.819
9.406532 1.841
9.423211 1.859
9.439889 1.885
9.456567 1.907
9.473245 1.924
9.489924 1.941
9.506602 1.95
9.52328 1.972
9.539958 1.998
9.556637 2.015
9.573315 2.042
9.589993 2.063
9.606671 2.085
9.62335 2.094
9.640028 2.103
9.656706 2.116
9.673384 2.133
9.690063 2.155
9.706741 2.168
9.723419 2.19
9.740097 2.216
9.756776 2.246
9.773454 2.277
9.790132 2.299
9.80681 2.316
9.823489 2.334
9.840167 2.351
9.856845 2.36
9.873523 2.368
9.890202 2.386
9.90688 2.403
9.923558 2.416
9.940236 2.443
9.956915 2.46
9.973593 2.482
9.990271 2.499
10.006949 2.517
10.023628 2.53
10.040306 2.543
10.056984 2.565
10.073662 2.573
10.090341 2.582
10.107019 2.595
10.123697 2.612
10.140375 2.63
10.157054 2.643
10.173732 2.66
10.19041 2.678
10.207088 2.682
10.223767 2.695
10.240445 2.713
10.257123 2.73
10.273801 2.748
10.290479 2.769
10.307158 2.791
10.323836 2.813
10.340514 2.843
10.357192 2.87
10.373871 2.896
10.390549 2.917
10.407227 2.931
10.423905 2.931
10.440584 2.935
10.457262 2.935
10.47394 2.952
10.490618 2.974
10.507297 2.992
10.523975 3.022
10.540653 3.044
10.557331 3.066
10.57401 3.092
10.590688 3.105
10.607366 3.118
10.624044 3.131
10.640723 3.14
10.657401 3.144
10.674079 3.153
10.690757 3.166
10.707436 3.179
10.724114 3.196
10.740792 3.209
10.75747 3.227
10.774149 3.266
10.790827 3.297
10.807505 3.331
10.824183 3.353
10.840862 3.362
10.85754 3.366
10.874218 3.375
10.890896 3.388
10.907575 3.414
10.924253 3.436
10.940931 3.449
10.957609 3.445
10.974288 3.453
10.990966 3.471
11.007644 3.48
11.024322 3.501
11.041001 3.506
11.057679 3.527
11.074357 3.562
11.091035 3.575
11.107714 3.588
11.124392 3.615
11.14107 3.615
11.157748 3.606
11.174427 3.597
11.191105 3.584
11.207783 3.628
11.224461 3.658
11.24114 3.667
11.257818 3.667
11.274496 3.693
11.291174 3.719
11.307853 3.737
11.324531 3.754
11.341209 3.785
11.357887 3.776
11.374566 3.767
11.391244 3.789
11.407922 3.819
11.4246 3.819
11.441279 3.798
11.457957 3.819
11.474635 3.828
11.491313 3.85
11.507992 3.876
11.52467 3.911
11.541348 3.959
11.558026 3.941
11.574705 3.941
11.591383 3.911
11.608061 3.898
11.624739 3.907
11.641418 3.867
11.658096 3.846
11.674774 3.854
11.691452 3.898
11.708131 3.92
11.724809 3.972
11.741487 3.989
11.758165 4.007
11.774844 3.972
11.791522 3.954
11.8082 3.907
11.824878 3.898
11.841557 3.88
11.858235 3.85
11.874913 3.846
11.891591 3.832
11.90827 3.863
11.924948 3.872
11.941626 3.867
11.958304 3.876
11.974983 3.867
11.991661 3.828
12.008339 3.802
12.025017 3.78
12.041696 3.798
12.058374 3.832
12.075052 3.872
12.09173 3.846
12.108409 3.837
12.125087 3.846
12.141765 3.889
12.158443 3.872
12.175122 3.859
12.1918 3.876
12.208478 3.907
12.225156 3.933
12.241835 3.968
12.258513 4.002
12.275191 3.998
12.291869 3.933
12.308548 3.907
12.325226 3.893
12.341904 3.837
12.358582 3.802
12.375261 3.715
12.391939 3.645
12.408617 3.649
12.425295 3.649
12.441974 3.606
12.458652 3.658
12.47533 3.693
12.492008 3.615
12.508687 3.554
12.525365 3.571
12.542043 3.453
12.558721 3.427
12.5754 3.558
12.592078 3.628
12.608756 3.758
12.625434 3.767
12.642113 3.806
12.658791 3.824
12.675469 3.815
12.692147 3.872
12.708826 3.92
12.725504 3.924
12.742182 3.88
12.75886 3.85
12.775539 3.867
12.792217 3.872
12.808895 3.898
12.825573 3.828
12.842252 3.798
12.85893 3.819
12.875608 3.741
12.892286 3.636
12.908965 3.61
12.925643 3.606
12.942321 3.584
12.958999 3.671
12.975678 3.667
12.992356 3.597
13.009034 3.584
13.025712 3.58
13.042391 3.623
13.059069 3.671
13.075747 3.741
13.092425 3.606
13.109104 3.588
13.125782 3.623
13.14246 3.658
13.159138 3.632
13.175817 3.693
13.192495 3.789
13.209173 3.75
13.225851 3.671
13.24253 3.649
13.259208 3.606
13.275886 3.58
13.292564 3.519
13.309243 3.462
13.325921 3.445
13.342599 3.432
13.359277 3.436
13.375956 3.458
13.392634 3.44
13.409312 3.418
13.42599 3.405
13.442669 3.401
13.459347 3.405
13.476025 3.392
13.492703 3.353
13.509382 3.405
13.52606 3.327
13.542738 3.371
13.559416 3.366
13.576095 3.314
13.592773 3.288
13.609451 3.24
13.626129 3.257
13.642808 3.201
13.659486 3.227
13.676164 3.266
13.692842 3.279
13.709521 3.297
13.726199 3.27
13.742877 3.275
13.759555 3.257
13.776233 3.244
13.792912 3.257
13.80959 3.24
13.826268 3.174
13.842946 3.179
13.859625 3.144
13.876303 3.127
13.892981 3.105
13.909659 3.074
13.926338 3.066
13.943016 3.061
13.959694 2.996
13.976372 2.952
13.993051 2.996
14.009729 2.974
14.026407 3.005
14.043085 3.031
14.059764 3.026
14.076442 3.005
14.09312 2.926
14.109798 2.861
14.126477 3.022
14.143155 3.044
14.159833 3.083
14.176511 3.079
14.19319 3.048
14.209868 3.074
14.226546 3.105
14.243224 3.074
14.259903 3.005
14.276581 2.9
14.293259 2.769
14.309937 2.085
14.326616 2.19
14.343294 2.83
14.359972 2.909
14.37665 2.909
14.393329 2.869
14.410007 2.835
14.426685 2.778
14.443363 2.726
14.460042 2.756
14.47672 2.756
14.493398 2.778
14.510076 2.717
14.526755 2.686
14.543433 2.678
14.560111 2.665
14.576789 2.63
14.593468 2.63
14.610146 2.652
14.626824 2.639
14.643502 2.604
14.660181 2.569
14.676859 2.56
14.693537 2.534
14.710215 2.503
14.726894 2.495
14.743572 2.503
14.76025 2.49
14.776928 2.456
14.793607 2.416
14.810285 2.403
14.826963 2.351
14.843641 2.325
14.86032 2.294
14.876998 2.181
14.893676 1.832
14.910354 1.623
14.927033 1.671
14.943711 1.536
14.960389 1.623
14.977067 1.453
14.993746 1.414
15.010424 1.397
15.027102 1.384
15.04378 1.34
15.060459 1.336
15.077137 1.471
15.093815 1.501
15.110493 1.296
15.127172 1.144
15.14385 1.092
15.160528 1.035
15.177206 0.978
15.193885 0.935
15.210563 0.896
15.227241 0.856
15.243919 0.83
15.260598 0.813
15.277276 0.791
15.293954 0.761
15.310632 0.752
15.327311 0.748
15.343989 0.73
15.360667 0.717
15.377345 0.721
15.394024 0.726
15.410702 0.726
15.42738 0.713
15.444058 0.713
15.460737 0.713
15.477415 0.717
15.494093 0.739
15.510771 0.774
15.52745 0.8
15.544128 0.856
15.560806 0.965
15.577484 0.974
15.594163 0.904
15.610841 0.9
15.627519 0.909
15.644197 0.917
15.660876 0.9
15.677554 0.87
15.694232 0.835
15.71091 0.787
15.727589 0.748
15.744267 0.717
15.760945 0.691
15.777623 0.665
15.794302 0.639
15.81098 0.617
15.827658 0.595
15.844336 0.569
15.861015 0.538
15.877693 0.512
15.894371 0.477
15.911049 0.447
15.927728 0.416
15.944406 0.386
15.961084 0.364
15.977762 0.342
15.994441 0.325
16.011119 0.303
16.027797 0.286
16.044475 0.268
16.061154 0.251
16.077832 0.233
16.09451 0.22
16.111188 0.207
16.127867 0.198
16.144545 0.185
16.161223 0.172
16.177901 0.155
16.19458 0.133
16.211258 0.116
16.227936 0.098
16.244614 0.09
16.261293 0.081
16.277971 0.081
16.294649 0.081
16.311327 0.094
16.328006 0.103
16.344684 0.116
16.361362 0.129
16.37804 0.129
16.394719 0.124
16.411397 0.111
16.428075 0.103
16.444753 0.098
16.461432 0.103
16.47811 0.111
16.494788 0.12
16.511466 0.133
16.528145 0.146
16.544823 0.168
16.561501 0.185
16.578179 0.199
16.594858 0.216
16.611536 0.242
16.628214 0.273
16.644892 0.307
16.661571 0.334
16.678249 0.368
16.694927 0.425
16.711605 0.416
16.728284 0.373
16.744962 0.316
16.76164 0.273
16.778318 0.26
16.794997 0.268
16.811675 0.281
16.828353 0.303
16.845031 0.338
16.86171 0.373
16.878388 0.408
16.895066 0.434
16.911744 0.438
16.928423 0.443
16.945101 0.447
16.961779 0.451
16.978457 0.434
16.995136 0.399
17.011814 0.36
17.028492 0.338
17.04517 0.334
17.061849 0.342
17.078527 0.351
17.095205 0.351
17.111883 0.36
17.128562 0.373
17.14524 0.373
17.161918 0.377
17.178596 0.382
17.195274 0.386
17.211953 0.386
17.228631 0.395
17.245309 0.395
17.261987 0.399
17.278666 0.399
17.295344 0.395
17.312022 0.386
17.3287 0.382
17.345379 0.377
17.362057 0.368
17.378735 0.36
17.395413 0.355
17.412092 0.355
17.42877 0.351
17.445448 0.347
17.462126 0.338
17.478805 0.329
17.495483 0.321
17.512161 0.321
17.528839 0.316
17.545518 0.307
17.562196 0.294
17.578874 0.281
17.595552 0.268
17.612231 0.255
17.628909 0.242
17.645587 0.229
17.662265 0.212
17.678944 0.203
17.695622 0.194
17.7123 0.185
17.728978 0.181
17.745657 0.168
17.762335 0.159
17.779013 0.151
17.795691 0.146
17.81237 0.142
17.829048 0.142
17.845726 0.133
17.862404 0.129
17.879083 0.12
17.895761 0.116
17.912439 0.111
17.929117 0.111
17.945796 0.111
17.962474 0.111
17.979152 0.111
17.99583 0.107
18.012509 0.103
18.029187 0.094
18.045865 0.09
18.062543 0.081
18.079222 0.076
18.0959 0.072
18.112578 0.072
18.129256 0.072
18.145935 0.068
18.162613 0.072
18.179291 0.068
18.195969 0.072
18.212648 0.076
18.229326 0.072
18.246004 0.076
18.262682 0.076
18.279361 0.076
18.296039 0.076
18.312717 0.076
18.329395 0.072
18.346074 0.068
18.362752 0.068
18.37943 0.063
18.396108 0.063
18.412787 0.059
18.429465 0.059
18.446143 0.055
18.462821 0.055
18.4795 0.05
18.496178 0.05
18.512856 0.046
18.529534 0.042
18.546213 0.037
18.562891 0.037
18.579569 0.033
18.596247 0.033
18.612926 0.029
18.629604 0.024
18.646282 0.024
18.66296 0.024
18.679639 0.024
18.696317 0.02
18.712995 0.02
18.729673 0.0
18.746352 0.0
18.76303 0.0
18.779708 0.0
18.796386 0.0
18.813065 0.0
18.829743 0.0
18.846421 0.0
18.863099 0.011
18.879778 0.011
18.896456 0.011
18.913134 0.007
18.929812 0.007
18.946491 0.007
18.963169 0.002
18.979847 0.007
18.996525 0.007
19.013204 0.007
19.029882 0.002
19.04656 0.007
19.063238 0.007
19.079917 0.007
19.096595 0.007
19.113273 0.002
19.129951 0.002
19.14663 0.002
19.163308 0.002
19.179986 0.002
19.196664 0.002
19.213343 0.002
19.230021 0.0
19.246699 0.002
19.263377 0.002
19.280056 0.002
19.296734 0.002
19.313412 0.0
19.33009 0.002
19.346769 0.0
19.363447 0.002
19.380125 0.0
19.396803 0.0
19.413482 0.0
19.43016 0.0
19.446838 0.0
19.463516 0.0
19.480195 0.0
19.496873 0.0
19.513551 0.0
19.530229 0.0
19.546908 0.0
19.563586 0.0
19.580264 0.0
19.596942 0.0
19.613621 0.0
19.630299 0.0
19.646977 0.0
19.663655 0.0
19.680334 0.0
19.697012 0.0
19.71369 0.0
19.730368 0.0
19.747047 0.0
19.763725 0.0
19.780403 0.0
19.797081 0.0
19.81376 0.0
19.830438 0.0
19.847116 0.0
19.863794 0.0
19.880473 0.0
19.897151 0.0
19.913829 0.0
19.930507 0.0
19.947186 0.0
19.963864 0.0
19.980542 0.0
19.99722 0.0
20.013899 0.0
20.030577 0.0
20.047255 0.0
20.063933 0.0
20.080612 0.0
20.09729 0.0
20.113968 0.0
20.130646 0.0
20.147325 0.0
20.164003 0.0
20.180681 0.0
20.197359 0.0
20.214038 0.0
20.230716 0.0
20.247394 0.0
20.264072 0.0
20.280751 0.0
20.297429 0.0
20.314107 0.0
20.330785 0.0
20.347464 0.0
20.364142 0.0
20.38082 0.0
20.397498 0.0
20.414177 0.0
20.430855 0.0
20.447533 0.0
20.464211 0.0
20.48089 0.0
20.497568 0.0
20.514246 0.0
20.530924 0.0
20.547603 0.0
20.564281 0.0
20.580959 0.0
20.597637 0.0
20.614315 0.0
20.630994 0.0
20.647672 0.0
20.66435 0.0
20.681028 0.0
20.697707 0.0
20.714385 0.0
20.731063 0.0
20.747741 0.0
20.76442 0.0
20.781098 0.0
20.797776 0.0
20.814454 0.0
20.831133 0.0
20.847811 0.0
20.864489 0.0
20.881167 0.0
20.897846 0.0
20.914524 0.0
20.931202 0.0
20.94788 0.0
20.964559 0.0
20.981237 0.0
20.997915 0.0
21.014593 0.0
21.031272 0.0
21.04795 0.0
21.064628 0.0
21.081306 0.0
21.097985 0.0
21.114663 0.0
21.131341 0.0
21.148019 0.0
21.164698 0.0
21.181376 0.0
21.198054 0.0
21.214732 0.0
21.231411 0.0
21.248089 0.0
21.264767 0.0
21.281445 0.0
21.298124 0.0
21.314802 0.0
21.33148 0.0
21.348158 0.0
21.364837 0.0
21.381515 0.0
21.398193 0.0
21.414871 0.0
21.43155 0.0
21.448228 0.0
21.464906 0.0
21.481584 0.0
21.498263 0.0
21.514941 0.0
21.531619 0.0
21.548297 0.0
21.564976 0.0
21.581654 0.0
21.598332 0.0
21.61501 0.0
21.631689 0.0
21.648367 0.0
21.665045 0.0
21.681723 0.0
21.698402 0.0
21.71508 0.0
21.731758 0.0
21.748436 0.0
21.765115 0.0
21.781793 0.0
21.798471 0.0
21.815149 0.0
21.831828 0.0
21.848506 0.0
21.865184 0.0
21.881862 0.0
21.898541 0.0
21.915219 0.0
21.931897 0.0
21.948575 0.0
21.965254 0.0
21.981932 0.0
21.99861 0.0
22.015288 0.0
22.031967 0.0
22.048645 0.0
22.065323 0.0
22.082001 0.0
22.09868 0.0
22.115358 0.0
22.132036 0.0
22.148714 0.0
22.165393 0.0
22.182071 0.0
22.198749 0.0
22.215427 0.0
22.232106 0.0
22.248784 0.0
22.265462 0.0
22.28214 0.0
22.298819 0.0
22.315497 0.0
22.332175 0.0
22.348853 0.0
22.365532 0.0
22.38221 0.0
22.398888 0.0
22.415566 0.0
22.432245 0.0
22.448923 0.0
22.465601 0.0
22.482279 0.0
22.498958 0.0
22.515636 0.0
22.532314 0.0
22.548992 0.0
22.565671 0.0
22.582349 0.0
22.599027 0.0
22.615705 0.0
22.632384 0.0
22.649062 0.0
22.66574 0.0
22.682418 0.0
22.699097 0.0
22.715775 0.0
22.732453 0.0
22.749131 0.0
22.76581 0.0
22.782488 0.0
22.799166 0.0
22.815844 0.0
22.832523 0.0
22.849201 0.0
22.865879 0.0
22.882557 0.0
22.899236 0.0
22.915914 0.0
22.932592 0.0
22.94927 0.0
22.965949 0.0
22.982627 0.0
22.999305 0.0
23.015983 0.0
23.032662 0.0
23.04934 0.0
23.066018 0.0
23.082696 0.0
23.099375 0.0
23.116053 0.0
23.132731 0.0
23.149409 0.0
23.166088 0.0
23.182766 0.0
23.199444 0.0
23.216122 0.0
23.232801 0.0
23.249479 0.0
23.266157 0.0
23.282835 0.0
23.299514 0.0
23.316192 0.0
23.33287 0.0
23.349548 0.0
23.366227 0.0
23.382905 0.0
23.399583 0.0
23.416261 0.0
23.43294 0.0
23.449618 0.0
23.466296 0.0
23.482974 0.0
23.499653 0.0
23.516331 0.0
23.533009 0.0
23.549687 0.0
23.566366 0.0
23.583044 0.0
23.599722 0.0
23.6164 0.0
23.633079 0.0
23.649757 0.0
23.666435 0.0
23.683113 0.0
23.699792 0.0
23.71647 0.0
23.733148 0.0
23.749826 0.0
23.766505 0.0
23.783183 0.0
23.799861 0.0
23.816539 0.0
23.833218 0.0
23.849896 0.0
23.866574 0.0
23.883252 0.0
23.899931 0.0
23.916609 0.0
23.933287 0.0
23.949965 0.0
23.966644 0.0
23.983322 0.0
24.0 0.0
