10 -1.6478263816328853e-14
10.016666666666667 -0.25339783460033755
10.033333333333335 -0.1378043178686318
10.050000000000002 -0.5014816503305194
10.06666666666667 -0.9267631103074224
10.083333333333337 0.04546487838144128
10.100000000000005 0.43191634462377293
10.116666666666672 0.09025270758120947
10.13333333333334 0.08990784445944315
10.150000000000007 0.38176510217831056
10.166666666666675 0.022291573785104796
10.183333333333342 0.33407572383071593
10.20000000000001 0.6230529595015601
10.216666666666677 0.7996446023989484
10.233333333333345 0.9753934825980886
10.250000000000012 1.262458471760798
10.26666666666668 1.4370992703957677
10.283333333333347 0.9868421052631643
10.300000000000015 1.0496391865296235
10.316666666666682 0.8041730058682994
10.33333333333335 0.518358531317499
10.350000000000017 0.86393088552917
10.366666666666685 1.384681955863264
10.383333333333352 1.358051304160385
10.40000000000002 1.0711225364181662
10.416666666666687 -0.3368421052631507
10.433333333333355 -1.5547263681591894
10.450000000000022 -1.406993585764535
10.46666666666669 -1.0147028370263036
10.483333333333357 -0.6217616580310822
10.500000000000025 -0.6197066721751792
10.516666666666692 -1.409601634320731
10.53333333333336 -1.5055951169888138
10.550000000000027 -1.620745542949751
10.566666666666695 -1.814150372908685
10.583333333333362 -1.927323830556115
10.60000000000003 -2.4487358152498446
10.616666666666697 -2.5580011897679937
10.633333333333365 -2.9915370989962664
10.650000000000032 -2.5433753943217647
10.6666666666667 -2.6703318279992136
10.683333333333367 -2.395444728058117
10.700000000000035 -1.8893918519976398
10.716666666666702 -0.9706814580031734
10.73333333333337 -0.43694141012909404
10.750000000000037 -0.4358161648177614
10.766666666666705 -0.884955752212395
10.783333333333372 -0.8632528938591422
10.80000000000004 -1.3818606461658112
10.816666666666707 -1.4548981571290147
10.833333333333375 -1.4321656667311824
10.850000000000042 -1.9773468995968402
10.86666666666671 -2.346432659290355
10.883333333333377 -1.8741633199464465
10.900000000000045 -1.152959262106075
10.916666666666712 -1.2449722275426136
10.93333333333338 -1.2984533129654512
10.950000000000047 -1.464435146443507
10.966666666666715 -1.7779459050501187
10.983333333333382 -1.9404672192916375
11.00000000000005 -2.083333333333332
11.016666666666717 -2.0969855832241238
11.033333333333385 -2.165391077095396
11.050000000000052 -2.1244875139768795
11.06666666666672 -2.1197471178876914
11.083333333333387 -2.2061549870226136
11.100000000000055 -1.9294990723562138
11.116666666666722 -1.943364797334809
11.13333333333339 -1.9575253924284306
11.150000000000057 -1.899317720818737
11.166666666666725 -1.8777614138439067
11.183333333333392 -1.8919911829537126
11.20000000000006 -1.9244868035190694
11.216666666666727 -1.8128547885002784
11.233333333333395 -1.7736332053391952
11.250000000000062 -1.877848678213311
11.26666666666673 -1.8565708045140081
11.283333333333397 -1.6745540589734158
11.300000000000065 -1.635768811341328
11.316666666666732 -1.4540167211922888
11.3333333333334 -1.4337568058076082
11.350000000000067 -1.3954331279449133
11.366666666666735 -1.3931608467523124
11.383333333333402 -1.3730803974706378
11.40000000000007 -1.3530579108785856
11.416666666666737 -1.4218862491000703
11.433333333333405 -1.25989920806336
11.450000000000072 -0.955471425996036
11.46666666666674 -1.0251798561150958
11.483333333333407 -0.8099352051835904
11.500000000000075 -0.8620689655172231
11.516666666666742 -1.0028653295128853
11.53333333333341 -1.0898695729855394
11.550000000000077 -1.1588518452487175
11.566666666666745 -1.1572013530354257
11.583333333333412 -0.9620523784072673
11.60000000000008 -1.119005328596795
11.616666666666747 -1.4323607427055742
11.633333333333415 -1.1512575274530616
11.650000000000082 -1.2369676621311112
11.66666666666675 -1.1831184884336954
11.683333333333417 -1.1990830541350728
11.700000000000085 -1.232611375242125
11.716666666666752 -1.039647577092517
11.73333333333342 -0.933920704845817
11.750000000000087 -0.8804366966015268
11.766666666666755 -0.9317862165963328
11.783333333333422 -0.7565095003518768
11.80000000000009 -0.5634794858249821
11.816666666666757 -0.45782708223279645
11.833333333333425 -0.5797610681658438
11.850000000000092 -0.8403361344537761
11.86666666666676 -0.8221094979884411
11.883333333333427 -0.15833919774807073
11.900000000000095 -0.07037297677692866
11.916666666666762 -0.6292606187729408
11.93333333333343 -0.819243507059449
11.950000000000097 -0.8012541369099352
11.966666666666764 -0.3670686942842175
11.983333333333432 -0.9892398472752522
12.0000000000001 -0.8509899270579974
12.016666666666767 -0.7815213615838759
12.033333333333434 -0.6430309350017213
12.050000000000102 -0.642584230635633
12.06666666666677 -0.5731156651615115
12.083333333333437 -0.7793557325943935
12.100000000000104 -0.8646031471554678
12.116666666666772 -0.3820771101076743
12.13333333333344 -0.2433090024330787
12.150000000000107 -0.3297466157584133
12.166666666666774 -0.7084845343010137
12.183333333333442 -0.2948317724592345
12.20000000000011 -0.24280263614289538
12.216666666666777 -0.7075064710957786
12.233333333333444 -0.2944232767578831
12.250000000000112 -0.4150095106346221
12.26666666666678 -0.20782819535851152
12.283333333333447 -0.6035523366097627
12.300000000000114 -0.9278350515464024
12.316666666666782 -1.249785995548714
12.33333333333345 -0.9443681318681271
12.350000000000117 -0.9100274725274624
12.366666666666784 -0.5169739789763989
12.383333333333452 -1.5515771526001767
12.40000000000012 -1.0452364633310478
12.416666666666787 -1.2984794122672099
12.433333333333454 -0.8579272477693891
12.450000000000122 -0.8579272477693891
12.46666666666679 -1.4663256606990733
12.483333333333457 -1.8675721561969465
12.500000000000124 -0.7554945054945017
12.516666666666792 0.2428026361429077
12.53333333333346 -1.7171030261815556
12.550000000000127 -2.1330624682579957
12.566666666666794 -1.3649547858727131
12.583333333333462 -2.348369657036663
12.60000000000013 -2.824478816408888
12.616666666666797 -2.4312004052000757
12.633333333333464 -1.9511367492365093
12.650000000000132 -2.100982717722809
12.6666666666668 -1.3658869728529917
12.683333333333467 -1.3155646676917874
12.700000000000134 -1.1130136986301347
12.716666666666802 -2.035968781812005
12.73333333333347 -2.680829539706632
12.750000000000137 -2.648894887801575
12.766666666666804 -2.600033766672305
12.783333333333472 -2.6338004389667433
12.80000000000014 -2.2550016954899936
12.816666666666807 -2.2225992534781054
12.833333333333474 -2.057123427405634
12.850000000000142 -1.9581134003064968
12.86666666666681 -1.3031550068587072
12.883333333333477 -1.1512027491408963
12.900000000000144 -1.3888888888888928
12.916666666666812 -2.061680013630944
12.93333333333348 -2.5279945707499065
12.950000000000147 -2.9416737109044835
12.966666666666814 -3.7248322147650987
12.983333333333482 -3.3698399326031896
13.00000000000015 -3.3069006242618424
13.016666666666817 -3.439554881133028
13.033333333333484 -3.555181128896365
13.050000000000152 -3.2967032967032894
13.06666666666682 -3.315851801725598
13.083333333333487 -3.4488588334742167
13.100000000000154 -3.1727180183237147
13.116666666666822 -2.7621483375959155
13.13333333333349 -3.12818769126147
13.150000000000157 -3.27896704043493
13.166666666666824 -2.9517147244497473
13.183333333333492 -2.487989018531233
13.20000000000016 -2.154058245734965
13.216666666666827 -1.9699326075686896
13.233333333333494 -2.0563331605322235
13.250000000000162 -2.7815934065934025
13.26666666666683 -3.1506849315068433
13.283333333333497 -3.5171589550964697
13.300000000000164 -3.2727895819054087
13.316666666666832 -3.3093278463648828
13.3333333333335 -2.8798068632522877
13.350000000000167 -2.5632144094215517
13.366666666666834 -2.5996533795493812
13.383333333333502 -2.9396507003285537
13.400000000000169 -3.060695140930318
13.416666666666837 -2.744008336227854
13.433333333333504 -2.933009371745918
13.450000000000172 -2.7845457709711248
13.466666666666839 -2.7714833536691708
13.483333333333507 -2.4684873949579775
13.500000000000174 -2.52277505255781
13.516666666666842 -3.0197242101588357
13.533333333333509 -2.734922861150074
13.550000000000177 -2.8751753155680233
13.566666666666844 -2.5884838880084624
13.583333333333512 -3.2235459004905334
13.600000000000179 -3.4313725490196094
13.616666666666847 -3.7903930131004397
13.633333333333514 -4.014662244719841
13.650000000000182 -4.287955377374948
13.666666666666849 -3.9593552908198983
13.683333333333517 -3.9150280898876355
13.700000000000184 -3.37754199823166
13.716666666666852 -2.4673699266940865
13.733333333333519 -2.0503597122302044
13.750000000000187 -2.492826398852225
13.766666666666854 -3.244785166696381
13.783333333333522 -3.560619547801317
13.800000000000189 -4.367816091954033
13.816666666666857 -3.5554761479364103
13.833333333333524 -2.936407854440646
13.850000000000191 -3.116555575571976
13.866666666666859 -3.6611629576453684
13.883333333333526 -3.4948657899477658
13.900000000000194 -3.76169906407488
13.916666666666861 -3.7344398340248968
13.933333333333529 -3.269160915365064
13.950000000000196 -3.678869155491122
13.966666666666864 -3.8084874863982616
13.983333333333531 -3.6585365853658502
14.000000000000199 -3.7010027347310865
14.016666666666866 -3.319882611885538
14.033333333333534 -3.2560706401765933
14.050000000000201 -3.3873343151693858
14.066666666666869 -3.3770068278280094
14.083333333333536 -3.455923119571239
14.100000000000204 -3.8198929691825065
14.116666666666871 -4.041336039859749
14.133333333333539 -3.9081311353954424
14.150000000000206 -3.6126629422718897
14.166666666666874 -2.54765050009436
14.183333333333541 -2.7195467422096407
14.200000000000209 -3.1838733986435526
14.216666666666876 -2.436239055957355
14.233333333333544 -2.460892789011826
14.250000000000211 -2.5415631568889707
14.266666666666879 -2.491853555683338
14.283333333333546 -2.121913580246916
14.300000000000214 -2.1272481144846287
14.316666666666881 -1.923450553720618
14.333333333333549 -1.7180788754392726
14.350000000000216 -1.568319937267197
14.366666666666884 -1.6885921853524435
14.383333333333551 -1.3241106719367484
14.400000000000219 -1.1907124429450315
14.416666666666886 -1.6247275609272842
14.433333333333554 -2.462568951930654
14.450000000000221 -2.5078988941548244
14.466666666666889 -3.2619375122813983
14.483333333333556 -2.9272151898734253
14.500000000000224 -2.159136345461812
14.516666666666891 -1.6528925619834716
14.533333333333559 -1.777059773828747
14.550000000000226 -1.8218623481781488
14.566666666666894 -1.4672916242103096
14.583333333333561 -0.7822149032523579
14.600000000000229 -0.16625103906900537
14.616666666666896 -0.9923506305561234
14.633333333333564 -0.7896924355777276
14.650000000000231 -0.2724795640327029
14.666666666666899 -0.6701570680628278
14.683333333333566 -0.651534258091625
14.700000000000234 -1.6697975370486415
14.716666666666901 -4.320358671285913
14.733333333333569 -4.236594351207533
14.750000000000236 -5.204309819068907
14.766666666666904 -4.244797032763244
14.783333333333571 -3.7614297589359977
14.800000000000239 -3.2697547683923753
14.816666666666906 -3.118415507796062
14.833333333333574 -4.202383441354809
14.850000000000241 -4.317753091595058
14.866666666666909 -3.5009548058561544
14.883333333333576 -2.053610030263733
14.900000000000244 -2.3150151449588927
14.916666666666911 -1.1213720316622804
14.933333333333579 -0.22271714922050895
14.950000000000246 -0.6013363028953298
14.966666666666914 -1.2438916037316643
14.983333333333581 -1.9047619047619035
15.000000000000249 -1.9341929746554123
15.016666666666916 -2.0731163620151576
15.033333333333584 -3.250055273048859
15.050000000000251 -3.6480212248507597
15.066666666666919 -3.426791277258565
15.083333333333586 -3.569834895136103
15.100000000000254 -3.9714413208389137
15.116666666666921 -3.031674208144804
15.133333333333589 -2.9779495339850017
15.150000000000256 -3.649965994105644
15.166666666666924 -2.980284273269152
15.183333333333591 -2.9486293480764822
15.200000000000259 -3.828519027968825
15.216666666666926 -4.982935153583613
15.233333333333594 -5.156285649098787
15.250000000000261 -5.112333791838615
15.266666666666929 -5.178365937859593
15.283333333333596 -5.441549458150795
15.300000000000264 -4.9813780260707645
15.316666666666931 -5.423649906890127
15.333333333333599 -5.137227304714985
15.350000000000266 -4.371584699453543
15.366666666666934 -3.586040914560775
15.383333333333601 -3.017031630170321
15.400000000000269 -4.340487099107782
15.416666666666936 -4.454127329944331
15.433333333333604 -4.031272904959684
15.450000000000271 -3.6489151873767356
15.466666666666939 -3.9525691699604772
15.483333333333606 -4.704433497536938
15.500000000000274 -4.325130499627131
15.516666666666941 -3.842290306378707
15.533333333333609 -5.225180393132606
15.550000000000276 -5.534779356768883
15.566666666666944 -5.158530447911435
15.583333333333611 -5.945810336176612
15.600000000000279 -7.240607116198051
15.616666666666946 -7.554225878833211
15.633333333333614 -7.8690981763677215
15.650000000000281 -8.393704721458905
15.666666666666949 -8.412857860371675
15.683333333333616 -8.524590163934414
15.700000000000284 -8.197556008146636
15.716666666666951 -7.864302235929056
15.733333333333618 -7.594608605495075
15.750000000000286 -7.152213780455866
15.766666666666953 -6.9957761351636725
15.783333333333621 -7.329981476581096
15.800000000000288 -7.395583931896767
15.816666666666956 -7.437132156233282
15.833333333333623 -7.504034427111347
15.850000000000291 -7.34616427216048
15.866666666666958 -7.388222464558345
15.883333333333626 -8.061002178649241
15.900000000000293 -8.006580751302446
15.916666666666961 -8.078301626688704
15.933333333333628 -8.254847645429374
15.950000000000296 -8.43071786310518
15.966666666666963 -8.377696833847002
15.983333333333631 -8.144796380090504
