0 0.0
0.016666666666666666 0.0
0.03333333333333333 0.0
0.05 0.0
0.06666666666666667 0.0
0.08333333333333333 0.0
0.09999999999999999 0.0
0.11666666666666665 0.0
0.13333333333333333 0.0
0.15 0.0
0.16666666666666666 0.0
0.18333333333333332 0.0
0.19999999999999998 0.0
0.21666666666666665 0.0
0.2333333333333333 0.0
0.24999999999999997 0.0
0.26666666666666666 0.0
0.2833333333333333 0.0
0.3 0.0
0.31666666666666665 0.0
0.3333333333333333 0.0
0.35 0.0
0.36666666666666664 0.0
0.3833333333333333 0.0
0.39999999999999997 0.0
0.41666666666666663 0.0
0.4333333333333333 0.0
0.44999999999999996 0.0
0.4666666666666666 0.0
0.4833333333333333 0.0
0.49999999999999994 0.0
0.5166666666666666 0.0
0.5333333333333333 0.0
0.55 0.0
0.5666666666666668 0.0
0.5833333333333335 0.0
0.6000000000000002 0.0
0.6166666666666669 0.0
0.6333333333333336 0.0
0.6500000000000004 0.0
0.6666666666666671 0.0
0.6833333333333338 0.0
0.7000000000000005 0.0
0.7166666666666672 0.0
0.733333333333334 0.0
0.7500000000000007 0.0
0.7666666666666674 0.0
0.7833333333333341 0.0
0.8000000000000008 0.0
0.8166666666666675 0.0
0.8333333333333343 0.0
0.850000000000001 0.0
0.8666666666666677 0.0
0.8833333333333344 0.0
0.9000000000000011 0.0
0.9166666666666679 0.0
0.9333333333333346 0.0
0.9500000000000013 0.0
0.966666666666668 0.0
0.9833333333333347 0.0
1.0000000000000013 0.0
1.016666666666668 0.0
1.0333333333333345 0.0
1.0500000000000012 0.0
1.0666666666666678 0.0
1.0833333333333344 0.0
1.100000000000001 0.0
1.1166666666666676 0.0
1.1333333333333342 0.0
1.1500000000000008 0.0
1.1666666666666674 0.0
1.183333333333334 0.0
1.2000000000000006 0.0
1.2166666666666672 0.0
1.2333333333333338 0.0
1.2500000000000004 0.0
1.266666666666667 0.0
1.2833333333333337 0.0
1.3000000000000003 0.0
1.3166666666666669 0.0
1.3333333333333335 0.0
1.35 0.0
1.3666666666666667 0.0
1.3833333333333333 0.0
1.4 0.0
1.4166666666666665 0.0
1.4333333333333331 0.0
1.4499999999999997 0.0
1.4666666666666663 0.0
1.483333333333333 0.0
1.4999999999999996 0.0
1.5166666666666662 0.0
1.5333333333333328 0.0
1.5499999999999994 0.0
1.566666666666666 0.0
1.5833333333333326 0.0
1.5999999999999992 0.0
1.6166666666666658 0.0
1.6333333333333324 0.0
1.649999999999999 0.0
1.6666666666666656 0.0
1.6833333333333322 0.0
1.6999999999999988 0.0
1.7166666666666655 0.0
1.733333333333332 0.0
1.7499999999999987 0.0
1.7666666666666653 0.0
1.7833333333333319 0.0
1.7999999999999985 0.0
1.816666666666665 0.0
1.8333333333333317 0.0
1.8499999999999983 0.0
1.866666666666665 0.0
1.8833333333333315 0.0
1.8999999999999981 0.0
1.9166666666666647 0.0
1.9333333333333313 0.0
1.949999999999998 0.0
1.9666666666666646 0.0
1.9833333333333312 0.0
1.9999999999999978 0.0
2.0166666666666644 0.0
2.033333333333331 0.0
2.0499999999999976 0.0
2.066666666666664 0.0
2.083333333333331 0.0
2.0999999999999974 0.0
2.116666666666664 0.0
2.1333333333333306 0.0
2.1499999999999972 0.0
2.166666666666664 0.0
2.1833333333333305 0.0
2.199999999999997 0.0
2.2166666666666637 0.0
2.2333333333333303 0.0
2.249999999999997 0.0
2.2666666666666635 0.0
2.28333333333333 0.0
2.2999999999999967 0.0
2.3166666666666633 0.0
2.33333333333333 0.0
2.3499999999999965 0.0
2.366666666666663 0.0
2.3833333333333298 0.0
2.3999999999999964 0.0
2.416666666666663 0.0
2.4333333333333296 0.0
2.449999999999996 0.0
2.466666666666663 0.0
2.4833333333333294 0.0
2.499999999999996 0.0
2.5166666666666626 0.0
2.533333333333329 0.0
2.549999999999996 0.0
2.5666666666666624 0.0
2.583333333333329 0.0
2.5999999999999956 0.0
2.6166666666666623 0.0
2.633333333333329 0.0
2.6499999999999955 0.0
2.666666666666662 0.0
2.6833333333333287 0.0
2.6999999999999953 0.0
2.716666666666662 0.0
2.7333333333333285 0.0
2.749999999999995 0.0
2.7666666666666617 0.0
2.7833333333333283 0.0
2.799999999999995 0.0
2.8166666666666615 0.0
2.833333333333328 0.0
2.8499999999999948 0.0
2.8666666666666614 0.0
2.883333333333328 0.0
2.8999999999999946 0.0
2.916666666666661 0.0
2.933333333333328 0.0
2.9499999999999944 0.0
2.966666666666661 0.0
2.9833333333333276 0.0
2.9999999999999942 0.0
3.016666666666661 0.0
3.0333333333333274 0.0
3.049999999999994 0.0
3.0666666666666607 0.0
3.0833333333333273 0.0
3.099999999999994 0.0
3.1166666666666605 0.0
3.133333333333327 0.0
3.1499999999999937 0.0
3.1666666666666603 0.0
3.183333333333327 0.0
3.1999999999999935 0.0
3.21666666666666 0.0
3.2333333333333267 0.0
3.2499999999999933 0.0
3.26666666666666 0.0
3.2833333333333266 0.0
3.299999999999993 0.0
3.3166666666666598 0.0
3.3333333333333264 0.0
3.349999999999993 0.0
3.3666666666666596 0.0
3.383333333333326 0.0
3.399999999999993 0.0
3.4166666666666594 0.0
3.433333333333326 0.0
3.4499999999999926 0.0
3.4666666666666592 0.0
3.483333333333326 0.0
3.4999999999999925 0.0
3.516666666666659 0.0
3.5333333333333257 0.0
3.5499999999999923 0.0
3.566666666666659 0.0
3.5833333333333255 0.0
3.599999999999992 0.0
3.6166666666666587 0.0
3.6333333333333253 0.0
3.649999999999992 0.0
3.6666666666666585 0.0
3.683333333333325 0.0
3.6999999999999917 0.0
3.7166666666666583 0.0
3.733333333333325 0.0
3.7499999999999916 0.0
3.766666666666658 0.0
3.7833333333333248 0.0
3.7999999999999914 0.0
3.816666666666658 0.0
3.8333333333333246 0.0
3.849999999999991 0.0
3.866666666666658 0.0
3.8833333333333244 0.0
3.899999999999991 0.0
3.9166666666666576 0.0
3.9333333333333242 0.0
3.949999999999991 0.0
3.9666666666666575 0.0
3.983333333333324 0.0
3.9999999999999907 0.0
4.016666666666658 0.0
4.033333333333324 0.0
4.049999999999991 0.0
4.0666666666666575 0.0
4.083333333333324 0.0
4.099999999999991 0.0
4.116666666666657 0.0
4.133333333333324 0.0
4.149999999999991 0.0
4.166666666666657 0.0
4.183333333333324 0.0
4.19999999999999 0.0
4.216666666666657 0.0
4.233333333333324 0.0
4.24999999999999 0.0
4.266666666666657 0.0
4.2833333333333234 0.0
4.29999999999999 0.0
4.316666666666657 0.0
4.333333333333323 0.0
4.34999999999999 0.0
4.3666666666666565 0.0
4.383333333333323 0.0
4.39999999999999 0.0
4.416666666666656 0.0
4.433333333333323 0.0
4.4499999999999895 0.0
4.466666666666656 0.0
4.483333333333323 0.0
4.499999999999989 0.0
4.516666666666656 0.0
4.533333333333323 0.0
4.549999999999989 0.0
4.566666666666656 0.0
4.583333333333322 0.0
4.599999999999989 0.0
4.616666666666656 0.0
4.633333333333322 0.0
4.649999999999989 0.0
4.666666666666655 0.0
4.683333333333322 0.0
4.699999999999989 0.0
4.716666666666655 0.0
4.733333333333322 0.0
4.7499999999999885 0.0
4.766666666666655 0.0
4.783333333333322 0.0
4.799999999999988 0.0
4.816666666666655 0.0
4.8333333333333215 0.0
4.849999999999988 0.0
4.866666666666655 0.0
4.883333333333321 0.0
4.899999999999988 0.0
4.9166666666666545 0.0
4.933333333333321 0.0
4.949999999999988 0.0
4.966666666666654 0.0
4.983333333333321 0.0
4.999999999999988 0.0
5.016666666666654 0.0
5.033333333333321 0.0
5.049999999999987 0.0
5.066666666666654 0.0
5.083333333333321 0.0
5.099999999999987 0.0
5.116666666666654 0.0
5.13333333333332 0.0
5.149999999999987 0.0
5.166666666666654 0.0
5.18333333333332 0.0
5.199999999999987 0.0
5.2166666666666535 0.0
5.23333333333332 0.0
5.249999999999987 0.0
5.266666666666653 0.0
5.28333333333332 0.0
5.2999999999999865 0.0
5.316666666666653 0.0
5.33333333333332 0.0
5.349999999999986 0.0
5.366666666666653 0.0
5.3833333333333195 0.0
5.399999999999986 0.0
5.416666666666653 0.0
5.433333333333319 0.0
5.449999999999986 0.0
5.466666666666653 0.0
5.483333333333319 0.0
5.499999999999986 0.0
5.516666666666652 0.0
5.533333333333319 0.0
5.549999999999986 0.0
5.566666666666652 0.0
5.583333333333319 0.0
5.599999999999985 0.0
5.616666666666652 0.0
5.633333333333319 0.0
5.649999999999985 0.0
5.666666666666652 0.0
5.6833333333333185 0.0
5.699999999999985 0.0
5.716666666666652 0.0
5.733333333333318 0.0
5.749999999999985 0.0
5.7666666666666515 0.0
5.783333333333318 0.0
5.799999999999985 0.0
5.816666666666651 0.0
5.833333333333318 0.0
5.8499999999999845 0.0
5.866666666666651 0.0
5.883333333333318 0.0
5.899999999999984 0.0
5.916666666666651 0.0
5.933333333333318 0.0
5.949999999999984 0.0
5.966666666666651 0.0008084601
5.983333333333317 0.0
5.999999999999984 0.0
6.016666666666651 0.0015591730499999999
6.033333333333317 0.0
6.049999999999984 0.0013859316
6.06666666666665 0.0
6.083333333333317 0.0021943916999999998
6.099999999999984 0.0
6.11666666666665 0.0
6.133333333333317 0.00179016165
6.1499999999999835 0.0
6.16666666666665 0.0013859316
6.183333333333317 0.00017324145
6.199999999999983 0.0
6.21666666666665 0.0
6.2333333333333165 0.0025408745999999996
6.249999999999983 0.0
6.26666666666665 0.00040423005
6.283333333333316 0.0008084601
6.299999999999983 0.0
6.3166666666666496 0.0
6.333333333333316 0.00179016165
6.349999999999983 0.0
6.366666666666649 0.0
6.383333333333316 0.0
6.399999999999983 0.00098170155
6.416666666666649 0.0
6.433333333333316 0.0
6.449999999999982 0.0
6.466666666666649 0.00017324145
6.483333333333316 0.0019634031
6.499999999999982 0.0
6.516666666666649 0.0
6.5333333333333155 0.0027718632
6.549999999999982 0.00179016165
6.566666666666649 0.0
6.583333333333315 0.0019634031
6.599999999999982 0.0
6.6166666666666485 0.0013859316
6.633333333333315 0.0
6.649999999999982 0.0
6.666666666666648 0.00375356475
6.683333333333315 0.0027718632
6.6999999999999815 0.0
6.716666666666648 0.0016169202
6.733333333333315 0.0035803233
6.749999999999981 0.00121269015
6.766666666666648 0.0025986217499999998
6.783333333333315 0.0025986217499999998
6.799999999999981 0.0
6.816666666666648 0.0019634031
6.833333333333314 0.0029451046499999996
6.849999999999981 0.00317609325
6.866666666666648 0.0047352663
6.883333333333314 0.0041577948
6.899999999999981 0.0021943916999999998
6.916666666666647 0.00236763315
6.933333333333314 0.0047352663
6.949999999999981 0.0033493347
6.966666666666647 0.0027718632
6.983333333333314 0.0
6.9999999999999805 0.00456202485
7.016666666666647 0.0043887833999999995
7.033333333333314 0.00456202485
7.04999999999998 0.007102899449999999
7.066666666666647 0.00202115025
7.0833333333333135 0.0049662549
7.09999999999998 0.0066986694
7.116666666666647 0.00652542795
7.133333333333313 0.006121197899999999
7.14999999999998 0.00733388805
7.1666666666666465 0.00848883105
7.183333333333313 0.0094705326
7.19999999999998 0.0065831751
7.216666666666646 0.00675641655
7.233333333333313 0.00698740515
7.24999999999998 0.00537048495
7.266666666666646 0.0071606466
7.283333333333313 0.00617894505
7.299999999999979 0.00814234815
7.316666666666646 0.0079691067
7.333333333333313 0.00640993365
7.349999999999979 0.010856464199999999
7.366666666666646 0.0102789927
7.383333333333312 0.0079691067
7.399999999999979 0.010336739849999999
7.416666666666646 0.0130508559
7.433333333333312 0.008373336749999998
7.449999999999979 0.0095860269
7.4666666666666455 0.012242395799999998
7.483333333333312 0.010509981299999999
7.499999999999979 0.0116649243
7.516666666666645 0.0099325098
7.533333333333312 0.01322409735
7.5499999999999785 0.00918179685
7.566666666666645 0.010509981299999999
7.583333333333312 0.0099325098
7.599999999999978 0.00952827975
7.616666666666645 0.010336739849999999
7.6333333333333115 0.010509981299999999
7.649999999999978 0.0130508559
7.666666666666645 0.012126901499999999
7.683333333333311 0.01287761445
7.699999999999978 0.012126901499999999
7.716666666666645 0.012646625849999999
7.733333333333311 0.00952827975
7.749999999999978 0.011838165749999999
7.766666666666644 0.0091240497
7.783333333333311 0.011029705649999999
7.799999999999978 0.0071606466
7.816666666666644 0.010509981299999999
7.833333333333311 0.0113184414
7.849999999999977 0.01345508595
7.866666666666644 0.01253113155
7.883333333333311 0.012704373
7.899999999999977 0.0132818445
7.916666666666644 0.016342443449999997
7.9333333333333105 0.013743821699999999
7.949999999999977 0.016919914949999997
7.966666666666644 0.012300142949999999
7.98333333333331 0.01253113155
7.999999999999977 0.0147832704
8.016666666666644 0.01426354605
8.033333333333312 0.0132818445
8.04999999999998 0.014090304599999999
8.066666666666647 0.0132818445
8.083333333333314 0.0129353616
8.099999999999982 0.01322409735
8.11666666666665 0.0093550383
8.133333333333317 0.0083155896
8.149999999999984 0.0077381181
8.166666666666652 0.00537048495
8.18333333333332 0.00456202485
8.199999999999987 0.0051972434999999996
8.216666666666654 0.004215541949999999
8.233333333333322 0.005947956449999999
8.24999999999999 0.0030028518
8.266666666666657 0.00513949635
8.283333333333324 0.0041577948
8.299999999999992 0.0075071295
8.31666666666666 0.0077381181
8.333333333333327 0.00733388805
8.349999999999994 0.00987476265
8.366666666666662 0.010683222749999999
8.38333333333333 0.012704373
8.399999999999997 0.01333959165
8.416666666666664 0.017786122199999997
8.433333333333332 0.017324145
8.45 0.017555133599999998
8.466666666666667 0.0225213885
8.483333333333334 0.0234453429
8.500000000000002 0.0221749056
8.51666666666667 0.0233298486
8.533333333333337 0.0224058942
8.550000000000004 0.023907320099999997
8.566666666666672 0.02257913565
8.58333333333334 0.021886169849999998
8.600000000000007 0.023849572949999998
8.616666666666674 0.02592847035
8.633333333333342 0.027660884849999998
8.65000000000001 0.02627495325
8.666666666666677 0.028873575
8.683333333333344 0.03020175945
8.700000000000012 0.027660884849999998
8.71666666666668 0.0306059895
8.733333333333347 0.0310679667
8.750000000000014 0.0324538983
8.766666666666682 0.0322229097
8.78333333333335 0.03383982989999999
8.800000000000017 0.035052520049999994
8.816666666666684 0.040018774949999995
8.833333333333352 0.04383008685
8.85000000000002 0.04810337594999999
8.866666666666687 0.051972435
8.883333333333354 0.057169678499999994
8.900000000000022 0.060230277449999994
8.91666666666669 0.06796839555
8.933333333333357 0.0709135002
8.950000000000024 0.07189520175
8.966666666666692 0.07074025875
8.98333333333336 0.06981630435
9.000000000000027 0.0709135002
9.016666666666694 0.07050927015
9.033333333333362 0.06802614269999999
9.05000000000003 0.06288664634999999
9.066666666666697 0.06883460279999999
9.083333333333364 0.0644458194
9.100000000000032 0.06536977379999999
9.1166666666667 0.0636373593
9.133333333333367 0.06427257794999999
9.150000000000034 0.062424669149999994
9.166666666666702 0.05745841425
9.183333333333369 0.05537951685
9.200000000000037 0.055841494049999996
9.216666666666704 0.057862644299999995
9.233333333333372 0.05872885154999999
9.250000000000039 0.06115423184999999
9.266666666666707 0.06427257794999999
9.283333333333374 0.06710218829999999
9.300000000000042 0.06918108569999999
9.316666666666709 0.07813189394999999
9.333333333333377 0.087775668
9.350000000000044 0.09233769285
9.366666666666712 0.09672647625
9.383333333333379 0.09701521199999999
9.400000000000047 0.09591801615
9.416666666666714 0.09522505034999999
9.433333333333382 0.09857438505
9.450000000000049 0.10065328245
9.466666666666717 0.1018659726
9.483333333333384 0.10157723684999999
9.500000000000052 0.09840114359999999
9.516666666666719 0.0967842234
9.533333333333387 0.0913559913
9.550000000000054 0.09083626695
9.566666666666721 0.0988631208
9.583333333333389 0.09811240785
9.600000000000056 0.1017504783
9.616666666666724 0.10284767414999998
9.633333333333391 0.1030209156
9.650000000000059 0.10769843474999999
9.666666666666726 0.10654349175
9.683333333333394 0.11029705649999999
9.700000000000061 0.11566754145
9.716666666666729 0.11722671449999998
9.733333333333396 0.12560005124999998
9.750000000000064 0.12663949994999998
9.766666666666731 0.12779444295
9.783333333333399 0.1322409735
9.800000000000066 0.13391564085
9.816666666666734 0.13310718075
9.833333333333401 0.13460860665
9.850000000000069 0.13587904395
9.866666666666736 0.13668750405
9.883333333333404 0.13807343565
9.900000000000071 0.1398635973
9.916666666666739 0.14107628745
9.933333333333406 0.1413650232
9.950000000000074 0.143212932
9.966666666666741 0.14511858795
9.983333333333409 0.1448298522
10.000000000000076 0.1477172097
10.016666666666744 0.147832704
10.033333333333411 0.14939187705
10.050000000000079 0.15031583145
10.066666666666746 0.1529144532
10.083333333333414 0.1533764304
10.100000000000081 0.15597505215
10.116666666666749 0.1563792822
10.133333333333416 0.1577652138
10.150000000000084 0.15874691535
10.166666666666751 0.15967086975
10.183333333333419 0.16094130704999998
10.200000000000086 0.16400190599999998
10.216666666666754 0.16561882619999999
10.233333333333421 0.16706250494999997
10.250000000000089 0.16856393085
10.266666666666756 0.16925689665
10.283333333333424 0.1712780469
10.300000000000091 0.17249073705
10.316666666666759 0.17225974845
10.333333333333426 0.17329919714999997
10.350000000000094 0.1742808987
10.366666666666761 0.1756668303
10.383333333333429 0.17641754325
10.400000000000096 0.17682177329999998
10.416666666666764 0.17820770489999999
10.433333333333431 0.1783231992
10.450000000000099 0.18074857949999998
10.466666666666766 0.1829429712
10.483333333333434 0.18577258154999998
10.500000000000101 0.1865232945
10.516666666666769 0.18669653595
10.533333333333436 0.18623455875
10.550000000000104 0.18565708725
10.566666666666771 0.18704301885
10.583333333333439 0.18946839915
10.600000000000106 0.18946839915
10.616666666666774 0.19045010069999999
10.633333333333441 0.19224026235
10.650000000000109 0.1946078955
10.666666666666776 0.19420366544999998
10.683333333333444 0.1976107473
10.700000000000111 0.19697552864999998
10.716666666666779 0.19836146024999998
10.733333333333446 0.20136431205
10.750000000000114 0.19997838045
10.766666666666781 0.2017685421
10.783333333333449 0.20315447369999998
10.800000000000116 0.20390518665
10.816666666666784 0.2054643597
10.833333333333451 0.20569534829999997
10.850000000000119 0.20332771514999998
10.866666666666786 0.20592633689999998
10.883333333333454 0.20829397005
10.900000000000121 0.20829397005
10.916666666666789 0.20806298145
10.933333333333456 0.2115855576
10.950000000000124 0.21222077625
10.966666666666791 0.21187429335
10.983333333333459 0.21077709749999998
11.000000000000126 0.21603208815
11.016666666666794 0.21759126119999997
11.033333333333461 0.2157433524
11.050000000000129 0.21141231615
11.066666666666796 0.21851521559999998
11.083333333333464 0.22053636585
11.100000000000131 0.22134482595
11.116666666666799 0.22122933165
11.133333333333466 0.21712928399999998
11.150000000000134 0.0
11.166666666666801 0.2232504819
11.183333333333469 0.22446317205
11.200000000000136 0.21897719279999997
11.216666666666804 0.21822647985
11.233333333333471 0.22631108084999998
11.250000000000139 0.2304111285
11.266666666666806 0.2317970601
11.283333333333474 0.233298486
11.300000000000141 0.23630133779999996
11.316666666666809 0.23676331499999997
11.333333333333476 0.23988166109999998
11.350000000000144 0.24178731705
11.366666666666811 0.24167182274999996
11.383333333333479 0.2382647409
11.400000000000146 0.22094059589999998
11.416666666666814 0.21147006329999998
11.433333333333481 0.2269462995
11.450000000000149 0.22307724045
11.466666666666816 0.19836146024999998
11.483333333333483 0.17249073705
11.500000000000151 0.16683151635
11.516666666666818 0.16677376919999998
11.533333333333486 0.1707005754
11.550000000000153 0.16533009045
11.566666666666821 0.17110480545
11.583333333333488 0.1670047578
11.600000000000156 0.1676977236
11.616666666666823 0.18473313284999998
11.633333333333491 0.1858303287
11.650000000000158 0.22769701244999999
11.666666666666826 0.23999715539999997
11.683333333333493 0.23999715539999997
11.700000000000161 0.2401126497
11.716666666666828 0.23913094815
11.733333333333496 0.24138308699999997
11.750000000000163 0.24490566314999998
11.766666666666831 0.24328874295
11.783333333333498 0.24380846730000003
11.800000000000166 0.23249002589999998
11.816666666666833 0.22798574819999998
11.833333333333501 0.23988166109999998
11.850000000000168 0.24126759269999998
11.866666666666836 0.21222077625
11.883333333333503 0.22746602385
11.90000000000017 0.24201830565
11.916666666666838 0.24565637609999996
11.933333333333506 0.23838023519999998
11.950000000000173 0.23491540619999995
11.96666666666684 0.23485765905
11.983333333333508 0.22850547254999998
12.000000000000176 0.21660955964999998
12.016666666666843 0.22509839069999998
12.03333333333351 0.22769701244999999
12.050000000000178 0.2292561855
12.066666666666846 0.21938142284999998
12.083333333333513 0.23716754505
12.10000000000018 0.24842823929999996
12.116666666666848 0.23739853364999997
12.133333333333516 0.19443465405
12.150000000000183 0.1700076096
12.16666666666685 0.19062334214999999
12.183333333333518 0.21302923634999998
12.200000000000186 0.2115855576
12.216666666666853 0.21060385604999998
12.23333333333352 0.17260623134999997
12.250000000000188 0.14581155375
12.266666666666856 0.13045081185
12.283333333333523 0.129353616
12.30000000000019 0.13021982324999998
12.316666666666858 0.12848740875
12.333333333333526 0.12046055489999999
12.350000000000193 0.11797742745
12.36666666666686 0.120114072
12.383333333333528 0.1242718668
12.400000000000196 0.12715922429999998
12.416666666666863 0.12317467095
12.43333333333353 0.11220271244999999
12.450000000000198 0.1082181591
12.466666666666866 0.11699572589999999
12.483333333333533 0.15008484285
12.5000000000002 0.13328042219999997
12.516666666666868 0.11815066889999998
12.533333333333536 0.11497457565
12.550000000000203 0.11399287409999999
12.56666666666687 0.11439710415
12.583333333333538 0.11433935699999999
12.600000000000206 0.11543655285
12.616666666666873 0.12086478495
12.63333333333354 0.11832391034999999
12.650000000000208 0.121269015
12.666666666666876 0.12698598284999998
12.683333333333543 0.13397338799999997
12.70000000000021 0.1427509548
12.716666666666878 0.16353992879999998
12.733333333333546 0.21943917
12.750000000000213 0.2227885047
12.76666666666688 0.2341069461
12.783333333333548 0.23572386629999997
12.800000000000216 0.2276392653
12.816666666666883 0.23941968389999999
12.83333333333355 0.21493489229999999
12.850000000000218 0.24923669939999998
12.866666666666886 0.21811098555
12.883333333333553 0.17526260025
12.90000000000022 0.1609990542
12.916666666666888 0.16267372155
12.933333333333556 0.1763597961
12.950000000000223 0.21222077625
12.96666666666689 0.20806298145
12.983333333333558 0.22931393265
13.000000000000226 0.24340423725
13.016666666666893 0.23439568185
13.03333333333356 0.19836146024999998
13.050000000000228 0.1946078955
13.066666666666896 0.23941968389999999
13.083333333333563 0.24779302065
13.10000000000023 0.24883246935
13.116666666666898 0.25154658539999997
13.133333333333566 0.24940994084999998
13.150000000000233 0.24802400924999998
13.1666666666669 0.2361858435
13.183333333333568 0.20586858975
13.200000000000236 0.20939116589999998
13.216666666666903 0.1936839411
13.23333333333357 0.19027685924999999
13.250000000000238 0.1678132179
13.266666666666906 0.15614829360000002
13.283333333333573 0.14685100245
13.30000000000024 0.1484101755
13.316666666666908 0.15505109775
13.333333333333576 0.15816944384999998
13.350000000000243 0.1344353652
13.36666666666691 0.12814092584999998
13.383333333333578 0.12767894864999998
13.400000000000245 0.13276069785
13.416666666666913 0.1380156885
13.43333333333358 0.1448298522
13.450000000000248 0.16255822725
13.466666666666915 0.1538384076
13.483333333333583 0.15793845525
13.50000000000025 0.16631179199999999
13.516666666666918 0.19050784785
13.533333333333585 0.1976107473
13.550000000000253 0.16538783759999998
13.56666666666692 0.15135528015
13.583333333333588 0.13645651544999998
13.600000000000255 0.1238098896
13.616666666666923 0.1159562772
13.63333333333359 0.11289567824999999
13.650000000000258 0.11335765545
13.666666666666925 0.11197172385
13.683333333333593 0.11156749379999999
13.70000000000026 0.11185622954999999
13.716666666666928 0.11202947099999999
13.733333333333595 0.1107590337
13.750000000000263 0.11029705649999999
13.76666666666693 0.11127875805
13.783333333333598 0.11266468965
13.800000000000265 0.11433935699999999
13.816666666666933 0.11497457565
13.8333333333336 0.11572528859999999
13.850000000000268 0.11312666685
13.866666666666935 0.11820841605
13.883333333333603 0.11947885335
13.90000000000027 0.12329016524999999
13.916666666666938 0.1210380264
13.933333333333605 0.11693797874999999
13.950000000000273 0.11555204714999999
13.96666666666694 0.11503232279999999
13.983333333333608 0.11139425235
14.000000000000275 0.10850689485
14.016666666666943 0.10677448034999999
14.03333333333361 0.1070632161
14.050000000000278 0.1053308016
14.066666666666945 0.10434910004999999
14.083333333333613 0.10169273115
14.10000000000028 0.0995560866
14.116666666666948 0.09788141925
14.133333333333615 0.0964377405
14.150000000000283 0.09424334879999999
14.16666666666695 0.0927419229
14.183333333333618 0.09025879545
14.200000000000285 0.09037428974999999
14.216666666666953 0.0907785198
14.23333333333362 0.093550383
14.250000000000288 0.09441659025
14.266666666666955 0.09493631459999999
14.283333333333623 0.09534054465
14.30000000000029 0.0964377405
14.316666666666958 0.09811240785
14.333333333333625 0.1005955353
14.350000000000293 0.1024434441
14.36666666666696 0.10608151454999999
14.383333333333628 0.11572528859999999
14.400000000000295 0.13934387294999998
14.416666666666963 0.15678351224999998
14.43333333333363 0.14708199105
14.450000000000298 0.13634102115000002
14.466666666666965 0.13587904395
14.483333333333633 0.1531454418
14.5000000000003 0.16388641169999998
14.516666666666968 0.15077780865
14.533333333333635 0.15545532780000001
14.550000000000303 0.1599596055
14.56666666666697 0.17451188729999997
14.583333333333638 0.18011336085000001
14.600000000000305 0.180171108
14.616666666666973 0.17716825619999998
14.63333333333364 0.16856393085
14.650000000000308 0.15031583145
14.666666666666975 0.13114377765
14.683333333333643 0.11335765545
14.70000000000031 0.1049843187
14.716666666666978 0.0988631208
14.733333333333645 0.09470532599999999
14.750000000000313 0.09522505034999999
14.76666666666698 0.09632224619999999
14.783333333333648 0.10273217985
14.800000000000315 0.1182661632
14.816666666666983 0.12617752275
14.83333333333365 0.12092253209999998
14.850000000000318 0.10966183785
14.866666666666985 0.11116326374999999
14.883333333333653 0.10798717050000001
14.90000000000032 0.1081026648
14.916666666666988 0.11064353939999999
14.933333333333655 0.11335765545
14.950000000000323 0.11272243679999999
14.96666666666699 0.11924786474999999
14.983333333333658 0.13212547919999998
15.000000000000325 0.11988308339999999
15.016666666666993 0.11809292175
15.03333333333366 0.1238098896
15.050000000000328 0.12918037455
15.066666666666995 0.13576354964999998
15.083333333333663 0.12941136315
15.10000000000033 0.1276212015
15.116666666666998 0.13576354964999998
15.133333333333665 0.1365142626
15.150000000000333 0.12698598284999998
15.166666666667 0.10423360574999999
15.183333333333668 0.09909410939999999
15.200000000000335 0.09118274985
15.216666666667003 0.08690946074999999
15.23333333333367 0.08817989805
15.250000000000338 0.09152923275
15.266666666667005 0.0902010483
15.283333333333672 0.0873136908
15.30000000000034 0.0855812763
15.316666666667007 0.0
15.333333333333675 0.0
15.350000000000342 0.08373336749999999
15.36666666666701 0.090085554
15.383333333333677 0.09060527835
15.400000000000345 0.08563902345
15.416666666667012 0.08315589599999999
15.43333333333368 0.08280941309999999
15.450000000000347 0.08107699859999999
15.466666666667015 0.07963331985
15.483333333333682 0.07992205559999999
15.50000000000035 0.0815389758
15.516666666667017 0.08205870015
15.533333333333685 0.07986430844999999
15.550000000000352 0.07859387115
15.56666666666702 0.0804995271
15.583333333333687 0.0856967706
15.600000000000355 0.08760242654999999
15.616666666667022 0.08690946074999999
15.63333333333369 0.0957447747
15.650000000000357 0.09897861509999999
15.666666666667025 0.09441659025
15.683333333333692 0.08760242654999999
15.70000000000036 0.0846573219
15.716666666667027 0.08298265454999999
15.733333333333695 0.08413759755
15.750000000000362 0.0852347934
15.76666666666703 0.0874291851
15.783333333333697 0.08644748355
15.800000000000365 0.0845418276
15.816666666667032 0.08471506905
15.8333333333337 0.08633198925
15.850000000000367 0.08425309185
15.866666666667035 0.08125024004999999
15.883333333333702 0.08101925145
15.90000000000037 0.08142348149999999
15.916666666667037 0.08246293019999999
15.933333333333705 0.07674596234999999
15.950000000000372 0.073916352
15.96666666666704 0.07420508775
15.983333333333707 0.0763417323
16.000000000000373 0.07362761624999999
16.01666666666704 0.07224168464999998
16.033333333333704 0.07166421315
16.05000000000037 0.0696430629
16.066666666667036 0.07131773025
16.0833333333337 0.07605299654999999
16.100000000000367 0.0763417323
16.116666666667033 0.07778541104999999
16.1333333333337 0.08130798719999999
16.150000000000365 0.08067276855
16.16666666666703 0.08067276855
16.183333333333696 0.08055727424999999
16.20000000000036 0.0801530442
16.216666666667027 0.07876711260000001
16.233333333333693 0.0783051354
16.25000000000036 0.07639947944999999
16.266666666667025 0.07732343385
16.28333333333369 0.07697695095
16.300000000000356 0.07489805355
16.31666666666702 0.07420508775
16.333333333333687 0.07258816754999999
16.350000000000353 0.07166421315
16.36666666666702 0.07085575305
16.383333333333685 0.06912333855
16.40000000000035 0.06704444115
16.416666666667016 0.06623598105
16.43333333333368 0.06594724529999998
16.450000000000347 0.06485004945
16.466666666667013 0.06369510645
16.48333333333368 0.0631753821
16.500000000000345 0.06173170334999999
16.51666666666701 0.0605190132
16.533333333333676 0.0591330816
16.55000000000034 0.056707701299999996
16.566666666667007 0.055495011149999995
16.583333333333673 0.053127378
16.60000000000034 0.049720296149999996
16.616666666667005 0.047179421549999996
16.63333333333367 0.0455047542
16.650000000000336 0.042386408099999995
16.666666666667002 0.0418089366
16.683333333333668 0.04048075214999999
16.700000000000333 0.0397300392
16.716666666667 0.038690590500000004
16.733333333333665 0.0363807045
16.75000000000033 0.035283508649999996
16.766666666666996 0.035803233
16.783333333333662 0.035052520049999994
16.800000000000328 0.035572244399999994
16.816666666666993 0.03412856565
16.83333333333366 0.033204611249999995
16.850000000000325 0.03170318535
16.86666666666699 0.0303750009
16.883333333333656 0.0303750009
16.900000000000322 0.03066373665
16.916666666666988 0.0307214838
16.933333333333653 0.03216516255
16.95000000000032 0.0310679667
16.966666666666985 0.03228065685
16.98333333333365 0.0318764268
17.000000000000316 0.0324538983
17.016666666666982 0.0322229097
17.033333333333648 0.0312989553
17.050000000000313 0.0303750009
17.06666666666698 0.0308369781
17.083333333333645 0.029451046499999998
17.10000000000031 0.028873575
17.116666666666976 0.0259862175
17.133333333333642 0.02419605585
17.150000000000308 0.023560837199999997
17.166666666666973 0.024080561549999997
17.18333333333364 0.02257913565
17.200000000000305 0.0221749056
17.21666666666697 0.02292561855
17.233333333333636 0.021712928399999998
17.250000000000302 0.02096221545
17.266666666666968 0.02096221545
17.283333333333633 0.0205579854
17.3000000000003 0.01957628385
17.316666666666965 0.01957628385
17.33333333333363 0.020153755349999997
17.350000000000296 0.019345295250000002
17.366666666666962 0.017035409249999998
17.383333333333628 0.0166311792
17.400000000000293 0.01622694915
17.41666666666696 0.01599596055
17.433333333333625 0.01461002895
17.45000000000029 0.01484101755
17.466666666666956 0.014032557449999998
17.483333333333622 0.0136283274
17.500000000000288 0.012646625849999999
17.516666666666953 0.012069154349999998
17.53333333333362 0.01149168285
17.550000000000285 0.0113184414
17.56666666666695 0.012069154349999998
17.583333333333616 0.010336739849999999
17.600000000000282 0.01091421135
17.616666666666948 0.01010575125
17.633333333333614 0.0116649243
17.65000000000028 0.01010575125
17.666666666666945 0.0099325098
17.68333333333361 0.00814234815
17.700000000000276 0.00952827975
17.716666666666942 0.0079691067
17.733333333333608 0.0097015212
17.750000000000274 0.00987476265
17.76666666666694 0.00675641655
17.783333333333605 0.008719819649999998
17.80000000000027 0.008719819649999998
17.816666666666936 0.0077381181
17.833333333333602 0.00791135955
17.850000000000268 0.00791135955
17.866666666666934 0.00814234815
17.8833333333336 0.00929729115
17.900000000000265 0.0079691067
17.91666666666693 0.008546578199999998
17.933333333333596 0.0079691067
17.950000000000262 0.00929729115
17.966666666666928 0.008719819649999998
17.983333333333594 0.00791135955
18.00000000000026 0.00675641655
18.016666666666925 0.0091240497
18.03333333333359 0.00791135955
18.050000000000257 0.00733388805
18.066666666666922 0.00848883105
18.083333333333588 0.0071606466
18.100000000000254 0.00617894505
18.11666666666692 0.00652542795
18.133333333333585 0.006929657999999999
18.15000000000025 0.0055437264
18.166666666666917 0.00652542795
18.183333333333582 0.0041577948
18.200000000000248 0.0038113119
18.216666666666914 0.00652542795
18.23333333333358 0.0035803233
18.250000000000245 0.0049662549
18.26666666666691 0.00375356475
18.283333333333577 0.0035803233
18.300000000000242 0.0043887833999999995
18.316666666666908 0.00340708185
18.333333333333574 0.0025986217499999998
18.35000000000024 0.0021943916999999998
18.366666666666905 0.0027718632
18.38333333333357 0.0035803233
18.400000000000237 0.0041577948
18.416666666666902 0.0016169202
18.433333333333568 0.0027718632
18.450000000000234 0.0025986217499999998
18.4666666666669 0.0025986217499999998
18.483333333333565 0.00375356475
18.50000000000023 0.0029451046499999996
18.516666666666897 0.0019634031
18.533333333333562 0.0019634031
18.550000000000228 0.0
18.566666666666894 0.00179016165
18.58333333333356 0.0021943916999999998
18.600000000000225 0.0
18.61666666666689 0.0
18.633333333333557 0.0
18.650000000000222 0.0019634031
18.666666666666888 0.0013859316
18.683333333333554 0.0
18.70000000000022 0.00179016165
18.716666666666885 0.00179016165
18.73333333333355 0.0
18.750000000000217 0.0
18.766666666666882 0.0
18.783333333333548 0.0
18.800000000000214 0.0
18.81666666666688 0.0021943916999999998
18.833333333333545 0.0021943916999999998
18.85000000000021 0.0005774715
18.866666666666877 0.0
18.883333333333542 0.0
18.900000000000208 0.00040423005
18.916666666666874 0.00179016165
18.93333333333354 0.0
18.950000000000205 0.00040423005
18.96666666666687 0.0
18.983333333333537 0.00040423005
19.000000000000203 0.0
19.01666666666687 0.00040423005
19.033333333333534 0.0
19.0500000000002 0.0
19.066666666666865 0.0
19.08333333333353 0.0
19.100000000000197 0.0
19.116666666666863 0.0
19.13333333333353 0.0
19.150000000000194 0.00017324145
19.16666666666686 0.0
19.183333333333525 0.0015591730499999999
19.20000000000019 0.0008084601
19.216666666666857 0.00017324145
19.233333333333523 0.0
19.25000000000019 0.0
19.266666666666854 0.0008084601
19.28333333333352 0.0
19.300000000000185 0.0005774715
19.31666666666685 0.0
19.333333333333517 0.0
19.350000000000183 0.0
19.36666666666685 0.0
19.383333333333514 0.0
19.40000000000018 0.0
19.416666666666845 0.0
19.43333333333351 0.0
19.450000000000177 0.0
19.466666666666843 0.0
19.48333333333351 0.0
19.500000000000174 0.0
19.51666666666684 0.0
19.533333333333506 0.0
19.55000000000017 0.0
19.566666666666837 0.0
19.583333333333503 0.0
19.60000000000017 0.0
19.616666666666834 0.0
19.6333333333335 0.0
19.650000000000166 0.0
19.66666666666683 0.0
19.683333333333497 0.0
19.700000000000163 0.0
19.71666666666683 0.0
19.733333333333494 0.0
19.75000000000016 0.0
19.766666666666826 0.0
19.78333333333349 0.0
19.800000000000157 0.0
19.816666666666823 0.0
19.83333333333349 0.0
19.850000000000154 0.0
19.86666666666682 0.0
19.883333333333486 0.0
19.90000000000015 0.0
19.916666666666817 0.0
19.933333333333483 0.0
19.95000000000015 0.0
19.966666666666814 0.0
19.98333333333348 0.0
20.000000000000146 0.0
20.01666666666681 0.0
20.033333333333477 0.0
20.050000000000143 0.0
20.06666666666681 0.0
20.083333333333474 0.0
20.10000000000014 0.0
20.116666666666806 0.0
20.13333333333347 0.0
20.150000000000137 0.0
20.166666666666803 0.0
20.18333333333347 0.0
20.200000000000134 0.0
20.2166666666668 0.0
20.233333333333466 0.0
20.25000000000013 0.0
20.266666666666797 0.0
20.283333333333463 0.0
20.30000000000013 0.0
20.316666666666794 0.0
20.33333333333346 0.0
20.350000000000126 0.0
20.36666666666679 0.0
20.383333333333457 0.0
20.400000000000123 0.0
20.41666666666679 0.0
20.433333333333454 0.0
20.45000000000012 0.0
20.466666666666786 0.0
20.48333333333345 0.0
20.500000000000117 0.0
20.516666666666783 0.0
20.53333333333345 0.0
20.550000000000114 0.0
20.56666666666678 0.0
20.583333333333446 0.0
20.60000000000011 0.0
20.616666666666777 0.0
20.633333333333443 0.0
20.65000000000011 0.0
20.666666666666774 0.0
20.68333333333344 0.0
20.700000000000106 0.0
20.71666666666677 0.0
20.733333333333437 0.0
20.750000000000103 0.0
20.76666666666677 0.0
20.783333333333434 0.0
20.8000000000001 0.0
20.816666666666766 0.0
20.83333333333343 0.0
20.850000000000097 0.0
20.866666666666763 0.0
20.88333333333343 0.0
20.900000000000095 0.0
20.91666666666676 0.0
20.933333333333426 0.0
20.95000000000009 0.0
20.966666666666757 0.0
20.983333333333423 0.0
21.00000000000009 0.0
21.016666666666755 0.0
21.03333333333342 0.0
21.050000000000086 0.0
21.06666666666675 0.0
21.083333333333417 0.0
21.100000000000083 0.0
21.11666666666675 0.0
21.133333333333415 0.0
21.15000000000008 0.0
21.166666666666746 0.0
21.18333333333341 0.0
21.200000000000077 0.0
21.216666666666743 0.0
21.23333333333341 0.0
21.250000000000075 0.0
21.26666666666674 0.0
21.283333333333406 0.0
21.30000000000007 0.0
21.316666666666737 0.0
21.333333333333403 0.0
21.35000000000007 0.0
21.366666666666735 0.0
21.3833333333334 0.0
21.400000000000066 0.0
21.416666666666732 0.0
21.433333333333398 0.0
21.450000000000063 0.0
21.46666666666673 0.0
21.483333333333395 0.0
21.50000000000006 0.0
21.516666666666726 0.0
21.533333333333392 0.0
21.550000000000058 0.0
21.566666666666723 0.0
21.58333333333339 0.0
21.600000000000055 0.0
21.61666666666672 0.0
21.633333333333386 0.0
21.650000000000052 0.0
21.666666666666718 0.0
21.683333333333383 0.0
21.70000000000005 0.0
21.716666666666715 0.0
21.73333333333338 0.0
21.750000000000046 0.0
21.766666666666712 0.0
21.783333333333378 0.0
21.800000000000043 0.0
21.81666666666671 0.0
21.833333333333375 0.0
21.85000000000004 0.0
21.866666666666706 0.0
21.883333333333372 0.0
21.900000000000038 0.0
21.916666666666703 0.0
21.93333333333337 0.0
21.950000000000035 0.0
21.9666666666667 0.0
21.983333333333366 0.0
22.000000000000032 0.0
22.016666666666698 0.0
22.033333333333363 0.0
22.05000000000003 0.0
22.066666666666695 0.0
22.08333333333336 0.0
22.100000000000026 0.0
22.116666666666692 0.0
22.133333333333358 0.0
22.150000000000023 0.0
22.16666666666669 0.0
22.183333333333355 0.0
22.20000000000002 0.0
22.216666666666686 0.0
22.233333333333352 0.0
22.250000000000018 0.0
22.266666666666683 0.0
22.28333333333335 0.0
22.300000000000015 0.0
22.31666666666668 0.0
22.333333333333346 0.0
22.350000000000012 0.0
22.366666666666678 0.0
22.383333333333344 0.0
22.40000000000001 0.0
22.416666666666675 0.0
22.43333333333334 0.0
22.450000000000006 0.0
22.466666666666672 0.0
22.483333333333338 0.0
22.500000000000004 0.0
22.51666666666667 0.0
22.533333333333335 0.0
22.55 0.0
22.566666666666666 0.0
22.583333333333332 0.0
22.599999999999998 0.0
22.616666666666664 0.0
22.63333333333333 0.0
22.649999999999995 0.0
22.66666666666666 0.0
22.683333333333326 0.0
22.699999999999992 0.0
22.716666666666658 0.0
22.733333333333324 0.0
22.74999999999999 0.0
22.766666666666655 0.0
22.78333333333332 0.0
22.799999999999986 0.0
22.816666666666652 0.0
22.833333333333318 0.0
22.849999999999984 0.0
22.86666666666665 0.0
22.883333333333315 0.0
22.89999999999998 0.0
22.916666666666647 0.0
22.933333333333312 0.0
22.949999999999978 0.0
22.966666666666644 0.0
22.98333333333331 0.0
22.999999999999975 0.0
23.01666666666664 0.0
23.033333333333307 0.0
23.049999999999972 0.0
23.066666666666638 0.0
23.083333333333304 0.0
23.09999999999997 0.0
23.116666666666635 0.0
23.1333333333333 0.0
23.149999999999967 0.0
23.166666666666632 0.0
23.183333333333298 0.0
23.199999999999964 0.0
23.21666666666663 0.0
23.233333333333295 0.0
23.24999999999996 0.0
23.266666666666627 0.0
23.283333333333292 0.0
23.299999999999958 0.0
23.316666666666624 0.0
23.33333333333329 0.0
23.349999999999955 0.0
23.36666666666662 0.0
23.383333333333287 0.0
23.399999999999952 0.0
23.416666666666618 0.0
23.433333333333284 0.0
23.44999999999995 0.0
23.466666666666615 0.0
23.48333333333328 0.0
23.499999999999947 0.0
23.516666666666612 0.0
23.533333333333278 0.0
23.549999999999944 0.0
23.56666666666661 0.0
23.583333333333275 0.0
23.59999999999994 0.0
23.616666666666607 0.0
23.633333333333272 0.0
23.649999999999938 0.0
23.666666666666604 0.0
23.68333333333327 0.0
23.699999999999935 0.0
23.7166666666666 0.0
23.733333333333267 0.0
23.749999999999932 0.0
23.766666666666598 0.0
23.783333333333264 0.0
23.79999999999993 0.0
23.816666666666595 0.0
23.83333333333326 0.0
23.849999999999927 0.0
23.866666666666593 0.0
23.88333333333326 0.0
23.899999999999924 0.0
23.91666666666659 0.0
23.933333333333255 0.0
23.94999999999992 0.0
23.966666666666587 0.0
23.983333333333253 0.0
