0 0.00000
1 0.00000
2 0.00000
3 0.00000
4 0.00000
5 0.00000
6 0.00000
7 0.00344
8 0.02985
9 0.08914
10 0.16971
11 0.17851
12 0.01172
13 0.02239
14 0.06372
15 0.09182
16 0.03854
17 0.01452
18 0.00064
19 0.00000
20 0.00000
21 0.00000
22 0.00000
23 0.00000
0 0.00000
1 0.00000
2 0.00000
3 0.00000
4 0.00000
5 0.00000
6 0.00000
7 0.00344
8 0.02985
9 0.08914
10 0.16971
11 0.17851
12 0.01172
13 0.02239
14 0.06372
15 0.09182
16 0.03854
17 0.01452
18 0.00064
19 0.00000
20 0.00000
21 0.00000
22 0.00000
23 0.00000
