0 0.00000
1 0.00000
2 0.00000
3 0.00000
4 0.00000
5 0.00000
6 0.00006
7 0.00414
8 0.02833
9 0.07742
10 0.12733
11 0.17490
12 0.15677
13 0.14330
14 0.14190
15 0.07416
16 0.05346
17 0.01580
18 0.00181
19 0.00000
20 0.00000
21 0.00000
22 0.00000
23 0.00000
0 0.00000
1 0.00000
2 0.00000
3 0.00000
4 0.00000
5 0.00000
6 0.00006
7 0.00414
8 0.02833
9 0.07742
10 0.12733
11 0.17490
12 0.15677
13 0.14330
14 0.14190
15 0.07416
16 0.05346
17 0.01580
18 0.00181
19 0.00000
20 0.00000
21 0.00000
22 0.00000
23 0.00000
