0 0.00000
1 0.00000
2 0.00000
3 0.00000
4 0.00000
5 0.00000
6 0.00000
7 0.00257
8 0.01988
9 0.06186
10 0.10494
11 0.12599
12 0.11368
13 0.09567
14 0.09468
15 0.06186
16 0.02006
17 0.00280
18 0.00000
19 0.00000
20 0.00000
21 0.00000
22 0.00000
23 0.00000
0 0.00000
1 0.00000
2 0.00000
3 0.00000
4 0.00000
5 0.00000
6 0.00000
7 0.00257
8 0.01988
9 0.06186
10 0.10494
11 0.12599
12 0.11368
13 0.09567
14 0.09468
15 0.06186
16 0.02006
17 0.00280
18 0.00000
19 0.00000
20 0.00000
21 0.00000
22 0.00000
23 0.00000
