0 0.00000
1 0.00000
2 0.00000
3 0.00000
4 0.00000
5 0.00000
6 0.00000
7 0.00041
8 0.00810
9 0.02868
10 0.06984
11 0.12214
12 0.18137
13 0.18703
14 0.14313
15 0.07317
16 0.03189
17 0.00536
18 0.00023
19 0.00000
20 0.00000
21 0.00000
22 0.00000
23 0.00000
0 0.00000
1 0.00000
2 0.00000
3 0.00000
4 0.00000
5 0.00000
6 0.00000
7 0.00041
8 0.00810
9 0.02868
10 0.06984
11 0.12214
12 0.18137
13 0.18703
14 0.14313
15 0.07317
16 0.03189
17 0.00536
18 0.00023
19 0.00000
20 0.00000
21 0.00000
22 0.00000
23 0.00000
