0 0.00000
1 0.00000
2 0.00000
3 0.00000
4 0.00000
5 0.00000
6 0.00000
7 0.00105
8 0.01597
9 0.05929
10 0.12727
11 0.18248
12 0.22801
13 0.22113
14 0.16581
15 0.08442
16 0.03626
17 0.00991
18 0.00163
19 0.00000
20 0.00000
21 0.00000
22 0.00000
23 0.00000
0 0.00000
1 0.00000
2 0.00000
3 0.00000
4 0.00000
5 0.00000
6 0.00000
7 0.00105
8 0.01597
9 0.05929
10 0.12727
11 0.18248
12 0.22801
13 0.22113
14 0.16581
15 0.08442
16 0.03626
17 0.00991
18 0.00163
19 0.00000
20 0.00000
21 0.00000
22 0.00000
23 0.00000
