0 0.00000
1 0.00000
2 0.00000
3 0.00000
4 0.00000
5 0.00000
6 0.00041
7 0.01079
8 0.03889
9 0.08110
10 0.09759
11 0.03241
12 0.05643
13 0.20253
14 0.11135
15 0.03469
16 0.03877
17 0.01020
18 0.00257
19 0.00000
20 0.00000
21 0.00000
22 0.00000
23 0.00000
0 0.00000
1 0.00000
2 0.00000
3 0.00000
4 0.00000
5 0.00000
6 0.00041
7 0.01079
8 0.03889
9 0.08110
10 0.09759
11 0.03241
12 0.05643
13 0.20253
14 0.11135
15 0.03469
16 0.03877
17 0.01020
18 0.00257
19 0.00000
20 0.00000
21 0.00000
22 0.00000
23 0.00000
