0 0.00000
1 0.00000
2 0.00000
3 0.00000
4 0.00000
5 0.00000
6 0.00035
7 0.00898
8 0.04268
9 0.10640
10 0.15537
11 0.20720
12 0.23081
13 0.17117
14 0.10960
15 0.07107
16 0.02443
17 0.00705
18 0.00064
19 0.00000
20 0.00000
21 0.00000
22 0.00000
23 0.00000
0 0.00000
1 0.00000
2 0.00000
3 0.00000
4 0.00000
5 0.00000
6 0.00035
7 0.00898
8 0.04268
9 0.10640
10 0.15537
11 0.20720
12 0.23081
13 0.17117
14 0.10960
15 0.07107
16 0.02443
17 0.00705
18 0.00064
19 0.00000
20 0.00000
21 0.00000
22 0.00000
23 0.00000
