0 0.00000
1 0.00000
2 0.00000
3 0.00000
4 0.00000
5 0.00000
6 0.00023
7 0.00595
8 0.01982
9 0.04367
10 0.11112
11 0.27494
12 0.34286
13 0.25442
14 0.22556
15 0.14925
16 0.02903
17 0.00017
18 0.00000
19 0.00000
20 0.00000
21 0.00000
22 0.00000
23 0.00000
0 0.00000
1 0.00000
2 0.00000
3 0.00000
4 0.00000
5 0.00000
6 0.00023
7 0.00595
8 0.01982
9 0.04367
10 0.11112
11 0.27494
12 0.34286
13 0.25442
14 0.22556
15 0.14925
16 0.02903
17 0.00017
18 0.00000
19 0.00000
20 0.00000
21 0.00000
22 0.00000
23 0.00000
