0 0.00000
1 0.00000
2 0.00000
3 0.00000
4 0.00000
5 0.00000
6 0.00000
7 0.00140
8 0.01265
9 0.04174
10 0.09211
11 0.13735
12 0.18050
13 0.19187
14 0.19554
15 0.16231
16 0.09439
17 0.03049
18 0.00624
19 0.00058
20 0.00000
21 0.00000
22 0.00000
23 0.00000
0 0.00000
1 0.00000
2 0.00000
3 0.00000
4 0.00000
5 0.00000
6 0.00000
7 0.00140
8 0.01265
9 0.04174
10 0.09211
11 0.13735
12 0.18050
13 0.19187
14 0.19554
15 0.16231
16 0.09439
17 0.03049
18 0.00624
19 0.00058
20 0.00000
21 0.00000
22 0.00000
23 0.00000
