0 0.00000
1 0.00000
2 0.00000
3 0.00000
4 0.00000
5 0.00000
6 0.00000
7 0.00035
8 0.00676
9 0.03440
10 0.08937
11 0.11269
12 0.15117
13 0.16330
14 0.07556
15 0.02973
16 0.02268
17 0.02285
18 0.00082
19 0.00187
20 0.00000
21 0.00000
22 0.00000
23 0.00000
0 0.00000
1 0.00000
2 0.00000
3 0.00000
4 0.00000
5 0.00000
6 0.00000
7 0.00035
8 0.00676
9 0.03440
10 0.08937
11 0.11269
12 0.15117
13 0.16330
14 0.07556
15 0.02973
16 0.02268
17 0.02285
18 0.00082
19 0.00187
20 0.00000
21 0.00000
22 0.00000
23 0.00000
