0 0.00000
1 0.00000
2 0.00000
3 0.00000
4 0.00000
5 0.00000
6 0.00000
7 0.41000
8 5.62000
9 13.66000
10 20.39000
11 26.28000
12 28.64000
13 30.45000
14 30.03000
15 25.52000
16 15.98000
17 6.99000
18 1.72000
19 0.00000
20 0.00000
21 0.00000
22 0.00000
23 0.00000
0 0.00000
1 0.00000
2 0.00000
3 0.00000
4 0.00000
5 0.00000
6 0.00000
7 0.41000
8 5.62000
9 13.66000
10 20.39000
11 26.28000
12 28.64000
13 30.45000
14 30.03000
15 25.52000
16 15.98000
17 6.99000
18 1.72000
19 0.00000
20 0.00000
21 0.00000
22 0.00000
23 0.00000
