0 0.00000
1 0.00000
2 0.00000
3 0.00000
4 0.00000
5 0.00000
6 0.03000
7 1.68000
8 5.75000
9 9.53000
10 11.24000
11 31.85000
12 19.61000
13 17.93000
14 11.41000
15 8.33000
16 10.55000
17 2.25000
18 0.10000
19 0.00000
20 0.00000
21 0.00000
22 0.00000
23 0.00000
0 0.00000
1 0.00000
2 0.00000
3 0.00000
4 0.00000
5 0.00000
6 0.03000
7 1.68000
8 5.75000
9 9.53000
10 11.24000
11 31.85000
12 19.61000
13 17.93000
14 11.41000
15 8.33000
16 10.55000
17 2.25000
18 0.10000
19 0.00000
20 0.00000
21 0.00000
22 0.00000
23 0.00000
