0 0.00000
1 0.00000
2 0.00000
3 0.00000
4 0.00000
5 0.00000
6 0.58000
7 5.64000
8 14.37000
9 25.47000
10 36.56000
11 44.76000
12 48.49000
13 49.81000
14 42.44000
15 32.84000
16 22.36000
17 11.47000
18 3.34000
19 0.00000
20 0.00000
21 0.00000
22 0.00000
23 0.00000
0 0.00000
1 0.00000
2 0.00000
3 0.00000
4 0.00000
5 0.00000
6 0.58000
7 5.64000
8 14.37000
9 25.47000
10 36.56000
11 44.76000
12 48.49000
13 49.81000
14 42.44000
15 32.84000
16 22.36000
17 11.47000
18 3.34000
19 0.00000
20 0.00000
21 0.00000
22 0.00000
23 0.00000
