0 0.00000
1 0.00000
2 0.00000
3 0.00000
4 0.00000
5 0.00000
6 0.67000
7 5.97000
8 15.91000
9 26.09000
10 34.95000
11 45.34000
12 46.96000
13 43.25000
14 36.72000
15 27.17000
16 15.91000
17 5.41000
18 0.22000
19 0.00000
20 0.00000
21 0.00000
22 0.00000
23 0.00000
0 0.00000
1 0.00000
2 0.00000
3 0.00000
4 0.00000
5 0.00000
6 0.67000
7 5.97000
8 15.91000
9 26.09000
10 34.95000
11 45.34000
12 46.96000
13 43.25000
14 36.72000
15 27.17000
16 15.91000
17 5.41000
18 0.22000
19 0.00000
20 0.00000
21 0.00000
22 0.00000
23 0.00000
