0 0.00000
1 0.00000
2 0.00000
3 0.00000
4 0.00000
5 0.00000
6 0.07000
7 1.64000
8 8.53000
9 18.34000
10 29.00000
11 36.66000
12 40.76000
13 39.54000
14 34.14000
15 26.09000
16 16.15000
17 6.41000
18 0.71000
19 0.00000
20 0.00000
21 0.00000
22 0.00000
23 0.00000
0 0.00000
1 0.00000
2 0.00000
3 0.00000
4 0.00000
5 0.00000
6 0.07000
7 1.64000
8 8.53000
9 18.34000
10 29.00000
11 36.66000
12 40.76000
13 39.54000
14 34.14000
15 26.09000
16 16.15000
17 6.41000
18 0.71000
19 0.00000
20 0.00000
21 0.00000
22 0.00000
23 0.00000
