0 0.00000
1 0.00000
2 0.00000
3 0.00000
4 0.00000
5 0.00000
6 0.45000
7 4.72000
8 12.79000
9 23.21000
10 33.42000
11 39.01000
12 39.35000
13 24.04000
14 21.51000
15 18.61000
16 4.89000
17 1.34000
18 0.06000
19 0.00000
20 0.00000
21 0.00000
22 0.00000
23 0.00000
0 0.00000
1 0.00000
2 0.00000
3 0.00000
4 0.00000
5 0.00000
6 0.45000
7 4.72000
8 12.79000
9 23.21000
10 33.42000
11 39.01000
12 39.35000
13 24.04000
14 21.51000
15 18.61000
16 4.89000
17 1.34000
18 0.06000
19 0.00000
20 0.00000
21 0.00000
22 0.00000
23 0.00000
