0 0.00000
1 0.00000
2 0.00000
3 0.00000
4 0.00000
5 0.34000
6 1.47000
7 7.52000
8 19.35000
9 24.96000
10 39.67000
11 45.00000
12 48.83000
13 27.06000
14 11.86000
15 9.10000
16 3.74000
17 4.83000
18 3.66000
19 0.24000
20 0.00000
21 0.00000
22 0.00000
23 0.00000
0 0.00000
1 0.00000
2 0.00000
3 0.00000
4 0.00000
5 0.34000
6 1.47000
7 7.52000
8 19.35000
9 24.96000
10 39.67000
11 45.00000
12 48.83000
13 27.06000
14 11.86000
15 9.10000
16 3.74000
17 4.83000
18 3.66000
19 0.24000
20 0.00000
21 0.00000
22 0.00000
23 0.00000
