0 0.00000
1 0.00000
2 0.00000
3 0.00000
4 0.00000
5 0.00000
6 0.10000
7 2.76000
8 9.82000
9 18.53000
10 27.20000
11 33.90000
12 31.12000
13 25.40000
14 23.78000
15 17.08000
16 8.56000
17 2.49000
18 0.11000
19 0.00000
20 0.00000
21 0.00000
22 0.00000
23 0.00000
0 0.00000
1 0.00000
2 0.00000
3 0.00000
4 0.00000
5 0.00000
6 0.10000
7 2.76000
8 9.82000
9 18.53000
10 27.20000
11 33.90000
12 31.12000
13 25.40000
14 23.78000
15 17.08000
16 8.56000
17 2.49000
18 0.11000
19 0.00000
20 0.00000
21 0.00000
22 0.00000
23 0.00000
