0 0.00000
1 0.00000
2 0.00000
3 0.00000
4 0.00000
5 0.00000
6 0.16000
7 4.56000
8 16.41000
9 30.24000
10 42.31000
11 50.89000
12 55.70000
13 55.15000
14 49.44000
15 39.51000
16 26.24000
17 12.19000
18 2.31000
19 0.00000
20 0.00000
21 0.00000
22 0.00000
23 0.00000
0 0.00000
1 0.00000
2 0.00000
3 0.00000
4 0.00000
5 0.00000
6 0.16000
7 4.56000
8 16.41000
9 30.24000
10 42.31000
11 50.89000
12 55.70000
13 55.15000
14 49.44000
15 39.51000
16 26.24000
17 12.19000
18 2.31000
19 0.00000
20 0.00000
21 0.00000
22 0.00000
23 0.00000
