0 0.00000
1 0.00000
2 0.00000
3 0.00000
4 0.00000
5 0.00000
6 0.05000
7 2.75000
8 11.02000
9 21.45000
10 30.14000
11 38.80000
12 40.59000
13 38.72000
14 32.99000
15 23.40000
16 12.76000
17 3.43000
18 0.13000
19 0.00000
20 0.00000
21 0.00000
22 0.00000
23 0.00000
0 0.00000
1 0.00000
2 0.00000
3 0.00000
4 0.00000
5 0.00000
6 0.05000
7 2.75000
8 11.02000
9 21.45000
10 30.14000
11 38.80000
12 40.59000
13 38.72000
14 32.99000
15 23.40000
16 12.76000
17 3.43000
18 0.13000
19 0.00000
20 0.00000
21 0.00000
22 0.00000
23 0.00000
