0 0.00000
1 0.00000
2 0.00000
3 0.00000
4 0.00000
5 0.00000
6 0.32000
7 4.29000
8 11.63000
9 22.34000
10 29.26000
11 40.44000
12 39.32000
13 19.80000
14 30.37000
15 19.17000
16 11.91000
17 6.89000
18 1.33000
19 0.00000
20 0.00000
21 0.00000
22 0.00000
23 0.00000
0 0.00000
1 0.00000
2 0.00000
3 0.00000
4 0.00000
5 0.00000
6 0.32000
7 4.29000
8 11.63000
9 22.34000
10 29.26000
11 40.44000
12 39.32000
13 19.80000
14 30.37000
15 19.17000
16 11.91000
17 6.89000
18 1.33000
19 0.00000
20 0.00000
21 0.00000
22 0.00000
23 0.00000
