0 0.00000
1 0.00000
2 0.00000
3 0.00000
4 0.00000
5 0.00000
6 0.11000
7 2.41000
8 7.95000
9 14.30000
10 21.59000
11 27.85000
12 34.78000
13 28.66000
14 25.28000
15 18.32000
16 11.00000
17 4.50000
18 0.82000
19 0.00000
20 0.00000
21 0.00000
22 0.00000
23 0.00000
0 0.00000
1 0.00000
2 0.00000
3 0.00000
4 0.00000
5 0.00000
6 0.11000
7 2.41000
8 7.95000
9 14.30000
10 21.59000
11 27.85000
12 34.78000
13 28.66000
14 25.28000
15 18.32000
16 11.00000
17 4.50000
18 0.82000
19 0.00000
20 0.00000
21 0.00000
22 0.00000
23 0.00000
