0 0.00000
1 0.00000
2 0.00000
3 0.00000
4 0.00000
5 0.00000
6 0.05000
7 0.64000
8 4.44000
9 11.24000
10 16.64000
11 21.14000
12 22.54000
13 24.04000
14 21.54000
15 17.04000
16 9.14000
17 3.04000
18 0.00000
19 0.00000
20 0.00000
21 0.00000
22 0.00000
23 0.00000
0 0.00000
1 0.00000
2 0.00000
3 0.00000
4 0.00000
5 0.00000
6 0.05000
7 0.64000
8 4.44000
9 11.24000
10 16.64000
11 21.14000
12 22.54000
13 24.04000
14 21.54000
15 17.04000
16 9.14000
17 3.04000
18 0.00000
19 0.00000
20 0.00000
21 0.00000
22 0.00000
23 0.00000
