0 0.00000
1 0.00000
2 0.00000
3 0.00000
4 0.00000
5 0.00000
6 0.35000
7 5.33000
8 10.30000
9 20.16000
10 33.04000
11 36.06000
12 49.77000
13 48.27000
14 35.95000
15 19.99000
16 19.49000
17 12.54000
18 3.09000
19 0.06000
20 0.00000
21 0.00000
22 0.00000
23 0.00000
0 0.00000
1 0.00000
2 0.00000
3 0.00000
4 0.00000
5 0.00000
6 0.35000
7 5.33000
8 10.30000
9 20.16000
10 33.04000
11 36.06000
12 49.77000
13 48.27000
14 35.95000
15 19.99000
16 19.49000
17 12.54000
18 3.09000
19 0.06000
20 0.00000
21 0.00000
22 0.00000
23 0.00000
