0 0.00000
1 0.00000
2 0.00000
3 0.00000
4 0.00000
5 0.00000
6 0.03000
7 2.44000
8 9.88000
9 17.05000
10 23.91000
11 22.89000
12 24.50000
13 24.80000
14 12.28000
15 1.22000
16 0.56000
17 0.86000
18 0.02000
19 0.00000
20 0.00000
21 0.00000
22 0.00000
23 0.00000
0 0.00000
1 0.00000
2 0.00000
3 0.00000
4 0.00000
5 0.00000
6 0.03000
7 2.44000
8 9.88000
9 17.05000
10 23.91000
11 22.89000
12 24.50000
13 24.80000
14 12.28000
15 1.22000
16 0.56000
17 0.86000
18 0.02000
19 0.00000
20 0.00000
21 0.00000
22 0.00000
23 0.00000
