0 0.00000
1 0.00000
2 0.00000
3 0.00000
4 0.00000
5 0.00000
6 0.00000
7 0.26000
8 1.51000
9 5.57000
10 18.10000
11 21.97000
12 14.86000
13 12.22000
14 14.82000
15 11.27000
16 7.80000
17 4.96000
18 0.42000
19 0.00000
20 0.00000
21 0.00000
22 0.00000
23 0.00000
0 0.00000
1 0.00000
2 0.00000
3 0.00000
4 0.00000
5 0.00000
6 0.00000
7 0.26000
8 1.51000
9 5.57000
10 18.10000
11 21.97000
12 14.86000
13 12.22000
14 14.82000
15 11.27000
16 7.80000
17 4.96000
18 0.42000
19 0.00000
20 0.00000
21 0.00000
22 0.00000
23 0.00000
