0 0.00000
1 0.00000
2 0.00000
3 0.00000
4 0.00000
5 0.00000
6 0.24000
7 3.91000
8 11.58000
9 0.00000
10 0.00000
11 30.49000
12 39.36000
13 28.90000
14 0.00000
15 0.00000
16 4.04000
17 0.95000
18 0.04000
19 0.00000
20 0.00000
21 0.00000
22 0.00000
23 0.00000
0 0.00000
1 0.00000
2 0.00000
3 0.00000
4 0.00000
5 0.00000
6 0.24000
7 3.91000
8 11.58000
9 0.00000
10 0.00000
11 30.49000
12 39.36000
13 28.90000
14 0.00000
15 0.00000
16 4.04000
17 0.95000
18 0.04000
19 0.00000
20 0.00000
21 0.00000
22 0.00000
23 0.00000
