0 0.00000
1 0.00000
2 0.00000
3 0.00000
4 0.00000
5 0.01000
6 1.56000
7 8.85000
8 17.43000
9 29.73000
10 39.91000
11 45.38000
12 47.09000
13 41.00000
14 15.36000
15 2.99000
16 5.74000
17 2.88000
18 0.54000
19 0.06000
20 0.00000
21 0.00000
22 0.00000
23 0.00000
0 0.00000
1 0.00000
2 0.00000
3 0.00000
4 0.00000
5 0.01000
6 1.56000
7 8.85000
8 17.43000
9 29.73000
10 39.91000
11 45.38000
12 47.09000
13 41.00000
14 15.36000
15 2.99000
16 5.74000
17 2.88000
18 0.54000
19 0.06000
20 0.00000
21 0.00000
22 0.00000
23 0.00000
