0 0.00000
1 0.00000
2 0.00000
3 0.00000
4 0.00000
5 0.00000
6 0.32000
7 5.83000
8 17.05000
9 29.59000
10 41.41000
11 51.15000
12 53.53000
13 49.39000
14 46.52000
15 35.50000
16 15.63000
17 8.76000
18 2.32000
19 0.00000
20 0.00000
21 0.00000
22 0.00000
23 0.00000
0 0.00000
1 0.00000
2 0.00000
3 0.00000
4 0.00000
5 0.00000
6 0.32000
7 5.83000
8 17.05000
9 29.59000
10 41.41000
11 51.15000
12 53.53000
13 49.39000
14 46.52000
15 35.50000
16 15.63000
17 8.76000
18 2.32000
19 0.00000
20 0.00000
21 0.00000
22 0.00000
23 0.00000
