0 0.00000
1 0.00000
2 0.00000
3 0.00000
4 0.00000
5 0.00000
6 0.04000
7 1.18000
8 6.22000
9 20.82000
10 32.32000
11 40.68000
12 41.59000
13 36.18000
14 32.48000
15 21.49000
16 12.54000
17 3.49000
18 0.07000
19 0.00000
20 0.00000
21 0.00000
22 0.00000
23 0.00000
0 0.00000
1 0.00000
2 0.00000
3 0.00000
4 0.00000
5 0.00000
6 0.04000
7 1.18000
8 6.22000
9 20.82000
10 32.32000
11 40.68000
12 41.59000
13 36.18000
14 32.48000
15 21.49000
16 12.54000
17 3.49000
18 0.07000
19 0.00000
20 0.00000
21 0.00000
22 0.00000
23 0.00000
