0 0.00000
1 0.00000
2 0.00000
3 0.00000
4 0.00000
5 0.00000
6 0.57000
7 5.75000
8 17.78000
9 17.37000
10 25.38000
11 20.00000
12 21.00000
13 20.47000
14 21.68000
15 14.11000
16 5.05000
17 1.81000
18 0.16000
19 0.00000
20 0.00000
21 0.00000
22 0.00000
23 0.00000
0 0.00000
1 0.00000
2 0.00000
3 0.00000
4 0.00000
5 0.00000
6 0.57000
7 5.75000
8 17.78000
9 17.37000
10 25.38000
11 20.00000
12 21.00000
13 20.47000
14 21.68000
15 14.11000
16 5.05000
17 1.81000
18 0.16000
19 0.00000
20 0.00000
21 0.00000
22 0.00000
23 0.00000
