0 0.00000
1 0.00000
2 0.00000
3 0.00000
4 0.00000
5 0.00000
6 0.17000
7 4.09000
8 13.73000
9 28.07000
10 32.30000
11 42.79000
12 47.65000
13 43.29000
14 37.14000
15 25.70000
16 7.63000
17 0.26000
18 0.04000
19 0.00000
20 0.00000
21 0.00000
22 0.00000
23 0.00000
0 0.00000
1 0.00000
2 0.00000
3 0.00000
4 0.00000
5 0.00000
6 0.17000
7 4.09000
8 13.73000
9 28.07000
10 32.30000
11 42.79000
12 47.65000
13 43.29000
14 37.14000
15 25.70000
16 7.63000
17 0.26000
18 0.04000
19 0.00000
20 0.00000
21 0.00000
22 0.00000
23 0.00000
