0 0.00000
1 0.00000
2 0.00000
3 0.00000
4 0.00000
5 0.00000
6 0.00000
7 1.50000
8 8.73000
9 19.75000
10 29.31000
11 35.95000
12 41.16000
13 41.01000
14 32.27000
15 26.11000
16 15.91000
17 6.46000
18 0.81000
19 0.00000
20 0.00000
21 0.00000
22 0.00000
23 0.00000
0 0.00000
1 0.00000
2 0.00000
3 0.00000
4 0.00000
5 0.00000
6 0.00000
7 1.50000
8 8.73000
9 19.75000
10 29.31000
11 35.95000
12 41.16000
13 41.01000
14 32.27000
15 26.11000
16 15.91000
17 6.46000
18 0.81000
19 0.00000
20 0.00000
21 0.00000
22 0.00000
23 0.00000
