0 0.00000
1 0.00000
2 0.00000
3 0.00000
4 0.00000
5 0.00000
6 1.58000
7 8.09000
8 17.99000
9 27.13000
10 36.42000
11 47.42000
12 46.19000
13 42.55000
14 22.01000
15 17.91000
16 5.72000
17 0.18000
18 0.38000
19 0.00000
20 0.00000
21 0.00000
22 0.00000
23 0.00000
0 0.00000
1 0.00000
2 0.00000
3 0.00000
4 0.00000
5 0.00000
6 1.58000
7 8.09000
8 17.99000
9 27.13000
10 36.42000
11 47.42000
12 46.19000
13 42.55000
14 22.01000
15 17.91000
16 5.72000
17 0.18000
18 0.38000
19 0.00000
20 0.00000
21 0.00000
22 0.00000
23 0.00000
