0 0.00000
1 0.00000
2 0.00000
3 0.00000
4 0.00000
5 0.00000
6 1.04000
7 4.16000
8 9.21000
9 23.99000
10 20.33000
11 43.22000
12 39.84000
13 8.26000
14 3.31000
15 7.19000
16 6.48000
17 1.75000
18 0.73000
19 0.17000
20 0.00000
21 0.00000
22 0.00000
23 0.00000
0 0.00000
1 0.00000
2 0.00000
3 0.00000
4 0.00000
5 0.00000
6 1.04000
7 4.16000
8 9.21000
9 23.99000
10 20.33000
11 43.22000
12 39.84000
13 8.26000
14 3.31000
15 7.19000
16 6.48000
17 1.75000
18 0.73000
19 0.17000
20 0.00000
21 0.00000
22 0.00000
23 0.00000
