0 0.00000
1 0.00000
2 0.00000
3 0.00000
4 0.00000
5 0.00000
6 0.75000
7 6.45000
8 16.07000
9 0.00000
10 0.00000
11 0.00000
12 37.95000
13 29.30000
14 32.14000
15 29.37000
16 12.92000
17 6.02000
18 0.69000
19 0.00000
20 0.00000
21 0.00000
22 0.00000
23 0.00000
0 0.00000
1 0.00000
2 0.00000
3 0.00000
4 0.00000
5 0.00000
6 0.75000
7 6.45000
8 16.07000
9 0.00000
10 0.00000
11 0.00000
12 37.95000
13 29.30000
14 32.14000
15 29.37000
16 12.92000
17 6.02000
18 0.69000
19 0.00000
20 0.00000
21 0.00000
22 0.00000
23 0.00000
