0 0.00000
1 0.00000
2 0.00000
3 0.00000
4 0.00000
5 0.00000
6 1.42000
7 6.98000
8 16.09000
9 19.82000
10 22.32000
11 24.99000
12 31.82000
13 24.04000
14 29.26000
15 21.60000
16 14.74000
17 8.10000
18 1.30000
19 0.06000
20 0.00000
21 0.00000
22 0.00000
23 0.00000
0 0.00000
1 0.00000
2 0.00000
3 0.00000
4 0.00000
5 0.00000
6 1.42000
7 6.98000
8 16.09000
9 19.82000
10 22.32000
11 24.99000
12 31.82000
13 24.04000
14 29.26000
15 21.60000
16 14.74000
17 8.10000
18 1.30000
19 0.06000
20 0.00000
21 0.00000
22 0.00000
23 0.00000
