0 0.00000
1 0.00000
2 0.00000
3 0.00000
4 0.00000
5 0.01000
6 2.21000
7 6.16000
8 17.04000
9 28.26000
10 40.17000
11 43.85000
12 49.91000
13 39.01000
14 30.32000
15 25.16000
16 21.59000
17 9.98000
18 1.75000
19 0.05000
20 0.00000
21 0.00000
22 0.00000
23 0.00000
0 0.00000
1 0.00000
2 0.00000
3 0.00000
4 0.00000
5 0.01000
6 2.21000
7 6.16000
8 17.04000
9 28.26000
10 40.17000
11 43.85000
12 49.91000
13 39.01000
14 30.32000
15 25.16000
16 21.59000
17 9.98000
18 1.75000
19 0.05000
20 0.00000
21 0.00000
22 0.00000
23 0.00000
