0 0.00000
1 0.00000
2 0.00000
3 0.00000
4 0.00000
5 0.00000
6 0.89000
7 4.77000
8 12.95000
9 24.06000
10 40.12000
11 48.84000
12 50.00000
13 49.30000
14 40.80000
15 21.92000
16 21.31000
17 9.74000
18 2.74000
19 0.25000
20 0.00000
21 0.00000
22 0.00000
23 0.00000
0 0.00000
1 0.00000
2 0.00000
3 0.00000
4 0.00000
5 0.00000
6 0.89000
7 4.77000
8 12.95000
9 24.06000
10 40.12000
11 48.84000
12 50.00000
13 49.30000
14 40.80000
15 21.92000
16 21.31000
17 9.74000
18 2.74000
19 0.25000
20 0.00000
21 0.00000
22 0.00000
23 0.00000
