0 0.00000
1 0.00000
2 0.00000
3 0.00000
4 0.00000
5 0.00000
6 0.08000
7 2.95000
8 10.16000
9 19.54000
10 28.01000
11 34.49000
12 33.99000
13 31.73000
14 28.82000
15 18.46000
16 9.42000
17 2.77000
18 0.07000
19 0.00000
20 0.00000
21 0.00000
22 0.00000
23 0.00000
0 0.00000
1 0.00000
2 0.00000
3 0.00000
4 0.00000
5 0.00000
6 0.08000
7 2.95000
8 10.16000
9 19.54000
10 28.01000
11 34.49000
12 33.99000
13 31.73000
14 28.82000
15 18.46000
16 9.42000
17 2.77000
18 0.07000
19 0.00000
20 0.00000
21 0.00000
22 0.00000
23 0.00000
