0 0.00000
1 0.00000
2 0.00000
3 0.00000
4 0.00000
5 0.00000
6 1.20000
7 6.80000
8 13.08000
9 27.31000
10 37.53000
11 42.38000
12 42.81000
13 13.21000
14 38.54000
15 21.43000
16 13.44000
17 9.10000
18 2.06000
19 0.00000
20 0.00000
21 0.00000
22 0.00000
23 0.00000
0 0.00000
1 0.00000
2 0.00000
3 0.00000
4 0.00000
5 0.00000
6 1.20000
7 6.80000
8 13.08000
9 27.31000
10 37.53000
11 42.38000
12 42.81000
13 13.21000
14 38.54000
15 21.43000
16 13.44000
17 9.10000
18 2.06000
19 0.00000
20 0.00000
21 0.00000
22 0.00000
23 0.00000
