0 0.00000
1 0.00000
2 0.00000
3 0.00000
4 0.00000
5 0.00000
6 0.00000
7 0.02000
8 3.06500
9 13.62500
10 27.24500
11 40.06500
12 49.18500
13 54.02500
14 54.85500
15 49.50500
16 35.91500
17 23.90500
18 10.60500
19 0.00000
20 0.00000
21 0.00000
22 0.00000
23 0.00000
0 0.00000
1 0.00000
2 0.00000
3 0.00000
4 0.00000
5 0.00000
6 0.00000
7 0.02000
8 3.06500
9 13.62500
10 27.24500
11 40.06500
12 49.18500
13 54.02500
14 54.85500
15 49.50500
16 35.91500
17 23.90500
18 10.60500
19 0.00000
20 0.00000
21 0.00000
22 0.00000
23 0.00000
