0 0.00000
1 0.00000
2 0.00000
3 0.00000
4 0.00000
5 0.00000
6 0.65000
7 5.21000
8 10.64000
9 18.43000
10 28.26000
11 40.27000
12 39.72000
13 35.43000
14 24.12000
15 21.17000
16 17.27000
17 11.00000
18 4.29000
19 0.24000
20 0.00000
21 0.00000
22 0.00000
23 0.00000
0 0.00000
1 0.00000
2 0.00000
3 0.00000
4 0.00000
5 0.00000
6 0.65000
7 5.21000
8 10.64000
9 18.43000
10 28.26000
11 40.27000
12 39.72000
13 35.43000
14 24.12000
15 21.17000
16 17.27000
17 11.00000
18 4.29000
19 0.24000
20 0.00000
21 0.00000
22 0.00000
23 0.00000
