0 0.00000
1 0.00000
2 0.00000
3 0.00000
4 0.00000
5 0.00000
6 0.02000
7 1.62000
8 7.40000
9 19.95000
10 29.12000
11 32.79000
12 36.44000
13 35.40000
14 31.23000
15 23.93000
16 13.74000
17 4.82000
18 0.32000
19 0.00000
20 0.00000
21 0.00000
22 0.00000
23 0.00000
0 0.00000
1 0.00000
2 0.00000
3 0.00000
4 0.00000
5 0.00000
6 0.02000
7 1.62000
8 7.40000
9 19.95000
10 29.12000
11 32.79000
12 36.44000
13 35.40000
14 31.23000
15 23.93000
16 13.74000
17 4.82000
18 0.32000
19 0.00000
20 0.00000
21 0.00000
22 0.00000
23 0.00000
