0 0.00000
1 0.00000
2 0.00000
3 0.00000
4 0.00000
5 0.00000
6 0.17000
7 3.25000
8 10.40000
9 24.71000
10 33.61000
11 42.26000
12 41.01000
13 41.69000
14 39.87000
15 29.89000
16 15.16000
17 0.96000
18 0.10000
19 0.00000
20 0.00000
21 0.00000
22 0.00000
23 0.00000
0 0.00000
1 0.00000
2 0.00000
3 0.00000
4 0.00000
5 0.00000
6 0.17000
7 3.25000
8 10.40000
9 24.71000
10 33.61000
11 42.26000
12 41.01000
13 41.69000
14 39.87000
15 29.89000
16 15.16000
17 0.96000
18 0.10000
19 0.00000
20 0.00000
21 0.00000
22 0.00000
23 0.00000
