0 0.0
0.016666666666666666 0.0
0.03333333333333333 0.0
0.05 0.0
0.06666666666666667 0.0
0.08333333333333333 0.0
0.09999999999999999 0.0
0.11666666666666665 0.0
0.13333333333333333 0.0
0.15 0.0
0.16666666666666666 0.0
0.18333333333333332 0.0
0.19999999999999998 0.0
0.21666666666666665 0.0
0.2333333333333333 0.0
0.24999999999999997 0.0
0.26666666666666666 0.0
0.2833333333333333 0.0
0.3 0.0
0.31666666666666665 0.0
0.3333333333333333 0.0
0.35 0.0
0.36666666666666664 0.0
0.3833333333333333 0.0
0.39999999999999997 0.0
0.41666666666666663 0.0
0.4333333333333333 0.0
0.44999999999999996 0.0
0.4666666666666666 0.0
0.4833333333333333 0.0
0.49999999999999994 0.0
0.5166666666666666 0.0
0.5333333333333333 0.0
0.55 0.0
0.5666666666666668 0.0
0.5833333333333335 0.0
0.6000000000000002 0.0
0.6166666666666669 0.0
0.6333333333333336 0.0
0.6500000000000004 0.0
0.6666666666666671 0.0
0.6833333333333338 0.0
0.7000000000000005 0.0
0.7166666666666672 0.0
0.733333333333334 0.0
0.7500000000000007 0.0
0.7666666666666674 0.0
0.7833333333333341 0.0
0.8000000000000008 0.0
0.8166666666666675 0.0
0.8333333333333343 0.0
0.850000000000001 0.0
0.8666666666666677 0.0
0.8833333333333344 0.0
0.9000000000000011 0.0
0.9166666666666679 0.0
0.9333333333333346 0.0
0.9500000000000013 0.0
0.966666666666668 0.0
0.9833333333333347 0.0
1.0000000000000013 0.0
1.016666666666668 0.0
1.0333333333333345 0.0
1.0500000000000012 0.0
1.0666666666666678 0.0
1.0833333333333344 0.0
1.100000000000001 0.0
1.1166666666666676 0.0
1.1333333333333342 0.0
1.1500000000000008 0.0
1.1666666666666674 0.0
1.183333333333334 0.0
1.2000000000000006 0.0
1.2166666666666672 0.0
1.2333333333333338 0.0
1.2500000000000004 0.0
1.266666666666667 0.0
1.2833333333333337 0.0
1.3000000000000003 0.0
1.3166666666666669 0.0
1.3333333333333335 0.0
1.35 0.0
1.3666666666666667 0.0
1.3833333333333333 0.0
1.4 0.0
1.4166666666666665 0.0
1.4333333333333331 0.0
1.4499999999999997 0.0
1.4666666666666663 0.0
1.483333333333333 0.0
1.4999999999999996 0.0
1.5166666666666662 0.0
1.5333333333333328 0.0
1.5499999999999994 0.0
1.566666666666666 0.0
1.5833333333333326 0.0
1.5999999999999992 0.0
1.6166666666666658 0.0
1.6333333333333324 0.0
1.649999999999999 0.0
1.6666666666666656 0.0
1.6833333333333322 0.0
1.6999999999999988 0.0
1.7166666666666655 0.0
1.733333333333332 0.0
1.7499999999999987 0.0
1.7666666666666653 0.0
1.7833333333333319 0.0
1.7999999999999985 0.0
1.816666666666665 0.0
1.8333333333333317 0.0
1.8499999999999983 0.0
1.866666666666665 0.0
1.8833333333333315 0.0
1.8999999999999981 0.0
1.9166666666666647 0.0
1.9333333333333313 0.0
1.949999999999998 0.0
1.9666666666666646 0.0
1.9833333333333312 0.0
1.9999999999999978 0.0
2.0166666666666644 0.0
2.033333333333331 0.0
2.0499999999999976 0.0
2.066666666666664 0.0
2.083333333333331 0.0
2.0999999999999974 0.0
2.116666666666664 0.0
2.1333333333333306 0.0
2.1499999999999972 0.0
2.166666666666664 0.0
2.1833333333333305 0.0
2.199999999999997 0.0
2.2166666666666637 0.0
2.2333333333333303 0.0
2.249999999999997 0.0
2.2666666666666635 0.0
2.28333333333333 0.0
2.2999999999999967 0.0
2.3166666666666633 0.0
2.33333333333333 0.0
2.3499999999999965 0.0
2.366666666666663 0.0
2.3833333333333298 0.0
2.3999999999999964 0.0
2.416666666666663 0.0
2.4333333333333296 0.0
2.449999999999996 0.0
2.466666666666663 0.0
2.4833333333333294 0.0
2.499999999999996 0.0
2.5166666666666626 0.0
2.533333333333329 0.0
2.549999999999996 0.0
2.5666666666666624 0.0
2.583333333333329 0.0
2.5999999999999956 0.0
2.6166666666666623 0.0
2.633333333333329 0.0
2.6499999999999955 0.0
2.666666666666662 0.0
2.6833333333333287 0.0
2.6999999999999953 0.0
2.716666666666662 0.0
2.7333333333333285 0.0
2.749999999999995 0.0
2.7666666666666617 0.0
2.7833333333333283 0.0
2.799999999999995 0.0
2.8166666666666615 0.0
2.833333333333328 0.0
2.8499999999999948 0.0
2.8666666666666614 0.0
2.883333333333328 0.0
2.8999999999999946 0.0
2.916666666666661 0.0
2.933333333333328 0.0
2.9499999999999944 0.0
2.966666666666661 0.0
2.9833333333333276 0.0
2.9999999999999942 0.0
3.016666666666661 0.0
3.0333333333333274 0.0
3.049999999999994 0.0
3.0666666666666607 0.0
3.0833333333333273 0.0
3.099999999999994 0.0
3.1166666666666605 0.0
3.133333333333327 0.0
3.1499999999999937 0.0
3.1666666666666603 0.0
3.183333333333327 0.0
3.1999999999999935 0.0
3.21666666666666 0.0
3.2333333333333267 0.0
3.2499999999999933 0.0
3.26666666666666 0.0
3.2833333333333266 0.0
3.299999999999993 0.0
3.3166666666666598 0.0
3.3333333333333264 0.0
3.349999999999993 0.0
3.3666666666666596 0.0
3.383333333333326 0.0
3.399999999999993 0.0
3.4166666666666594 0.0
3.433333333333326 0.0
3.4499999999999926 0.0
3.4666666666666592 0.0
3.483333333333326 0.0
3.4999999999999925 0.0
3.516666666666659 0.0
3.5333333333333257 0.0
3.5499999999999923 0.0
3.566666666666659 0.0
3.5833333333333255 0.0
3.599999999999992 0.0
3.6166666666666587 0.0
3.6333333333333253 0.0
3.649999999999992 0.0
3.6666666666666585 0.0
3.683333333333325 0.0
3.6999999999999917 0.0
3.7166666666666583 0.0
3.733333333333325 0.0
3.7499999999999916 0.0
3.766666666666658 0.0
3.7833333333333248 0.0
3.7999999999999914 0.0
3.816666666666658 0.0
3.8333333333333246 0.0
3.849999999999991 0.0
3.866666666666658 0.0
3.8833333333333244 0.0
3.899999999999991 0.0
3.9166666666666576 0.0
3.9333333333333242 0.0
3.949999999999991 0.0
3.9666666666666575 0.0
3.983333333333324 0.0
3.9999999999999907 0.0
4.016666666666658 0.0
4.033333333333324 0.0
4.049999999999991 0.0
4.0666666666666575 0.0
4.083333333333324 0.0
4.099999999999991 0.0
4.116666666666657 0.0
4.133333333333324 0.0
4.149999999999991 0.0
4.166666666666657 0.0
4.183333333333324 0.0
4.19999999999999 0.0
4.216666666666657 0.0
4.233333333333324 0.0
4.24999999999999 0.0
4.266666666666657 0.0
4.2833333333333234 0.0
4.29999999999999 0.0
4.316666666666657 0.0
4.333333333333323 0.0
4.34999999999999 0.0
4.3666666666666565 0.0
4.383333333333323 0.0
4.39999999999999 0.0
4.416666666666656 0.0
4.433333333333323 0.0
4.4499999999999895 0.0
4.466666666666656 0.0
4.483333333333323 0.0
4.499999999999989 0.0
4.516666666666656 0.0
4.533333333333323 0.0
4.549999999999989 0.0
4.566666666666656 0.0
4.583333333333322 0.0
4.599999999999989 0.0
4.616666666666656 0.0
4.633333333333322 0.0
4.649999999999989 0.0
4.666666666666655 0.0
4.683333333333322 0.0
4.699999999999989 0.0
4.716666666666655 0.0
4.733333333333322 0.0
4.7499999999999885 0.0
4.766666666666655 0.0
4.783333333333322 0.0
4.799999999999988 0.0
4.816666666666655 0.0
4.8333333333333215 0.0
4.849999999999988 0.0
4.866666666666655 0.0
4.883333333333321 0.0
4.899999999999988 0.0
4.9166666666666545 0.0
4.933333333333321 0.0
4.949999999999988 0.0
4.966666666666654 0.0
4.983333333333321 0.0
4.999999999999988 0.0
5.016666666666654 0.0
5.033333333333321 0.0
5.049999999999987 0.0
5.066666666666654 0.0
5.083333333333321 0.0
5.099999999999987 0.0
5.116666666666654 0.0
5.13333333333332 0.0
5.149999999999987 0.0
5.166666666666654 0.0
5.18333333333332 0.0
5.199999999999987 0.0
5.2166666666666535 0.0
5.23333333333332 0.0
5.249999999999987 0.0
5.266666666666653 0.0
5.28333333333332 0.0
5.2999999999999865 0.0
5.316666666666653 0.0
5.33333333333332 0.0
5.349999999999986 0.0
5.366666666666653 0.0
5.3833333333333195 0.0
5.399999999999986 0.0
5.416666666666653 0.0
5.433333333333319 0.0
5.449999999999986 0.0
5.466666666666653 0.0
5.483333333333319 0.0
5.499999999999986 0.0
5.516666666666652 0.0
5.533333333333319 0.0
5.549999999999986 0.0
5.566666666666652 0.0
5.583333333333319 0.0
5.599999999999985 0.0
5.616666666666652 0.0
5.633333333333319 0.0
5.649999999999985 0.0
5.666666666666652 0.0
5.6833333333333185 0.0
5.699999999999985 0.0
5.716666666666652 0.0
5.733333333333318 0.0
5.749999999999985 0.0
5.7666666666666515 0.0
5.783333333333318 0.0
5.799999999999985 0.0
5.816666666666651 0.0
5.833333333333318 0.0
5.8499999999999845 0.0
5.866666666666651 0.0
5.883333333333318 0.0
5.899999999999984 0.0
5.916666666666651 0.0
5.933333333333318 0.0
5.949999999999984 0.0
5.966666666666651 0.0
5.983333333333317 0.0
5.999999999999984 0.0
6.016666666666651 0.0
6.033333333333317 0.0
6.049999999999984 0.0
6.06666666666665 0.0
6.083333333333317 0.0
6.099999999999984 0.0
6.11666666666665 0.0
6.133333333333317 0.0
6.1499999999999835 0.0
6.16666666666665 0.0
6.183333333333317 0.0
6.199999999999983 0.0
6.21666666666665 0.0
6.2333333333333165 0.0
6.249999999999983 0.0
6.26666666666665 0.0
6.283333333333316 0.0
6.299999999999983 0.0
6.3166666666666496 0.0
6.333333333333316 0.0
6.349999999999983 0.0
6.366666666666649 0.0
6.383333333333316 0.0
6.399999999999983 0.0
6.416666666666649 0.0
6.433333333333316 0.75
6.449999999999982 0.5
6.466666666666649 0.15
6.483333333333316 0.38
6.499999999999982 0.65
6.516666666666649 0.5
6.5333333333333155 0.6
6.549999999999982 0.8300000000000001
6.566666666666649 0.5
6.583333333333315 0.53
6.599999999999982 0.8
6.6166666666666485 0.8300000000000001
6.633333333333315 0.53
6.649999999999982 0.68
6.666666666666648 1.11
6.683333333333315 0.8300000000000001
6.6999999999999815 0.5800000000000001
6.716666666666648 1.01
6.733333333333315 1.3800000000000001
6.749999999999981 0.65
6.766666666666648 0.7000000000000001
6.783333333333315 1.18
6.799999999999981 1.7100000000000002
6.816666666666648 1.1600000000000001
6.833333333333314 1.1300000000000001
6.849999999999981 1.54
6.866666666666648 1.9900000000000002
6.883333333333314 1.23
6.899999999999981 1.54
6.916666666666647 1.8599999999999999
6.933333333333314 1.96
6.949999999999981 2.06
6.966666666666647 2.0100000000000002
6.983333333333314 2.04
6.9999999999999805 1.9100000000000001
7.016666666666647 2.7700000000000005
7.033333333333314 2.54
7.04999999999998 2.04
7.066666666666647 2.3400000000000003
7.0833333333333135 2.59
7.09999999999998 2.82
7.116666666666647 2.8499999999999996
7.133333333333313 3.17
7.14999999999998 3.25
7.1666666666666465 3.58
7.183333333333313 4.61
7.19999999999998 4.050000000000001
7.216666666666646 4.33
7.233333333333313 4.61
7.24999999999998 4.9399999999999995
7.266666666666646 4.9399999999999995
7.283333333333313 5.57
7.299999999999979 5.19
7.316666666666646 5.36
7.333333333333313 5.36
7.349999999999979 5.09
7.366666666666646 5.36
7.383333333333312 5.92
7.399999999999979 5.41
7.416666666666646 5.89
7.433333333333312 6.12
7.449999999999979 5.41
7.4666666666666455 6.2
7.483333333333312 6.67
7.499999999999979 6.800000000000001
7.516666666666645 7.0
7.533333333333312 7.33
7.5499999999999785 6.8999999999999995
7.566666666666645 7.199999999999999
7.583333333333312 7.48
7.599999999999978 7.35
7.616666666666645 8.110000000000001
7.6333333333333115 8.71
7.649999999999978 8.26
7.666666666666645 9.09
7.683333333333311 8.94
7.699999999999978 9.34
7.716666666666645 9.190000000000001
7.733333333333311 7.76
7.749999999999978 8.89
7.766666666666644 10.3
7.783333333333311 10.38
7.799999999999978 10.85
7.816666666666644 10.96
7.833333333333311 11.41
7.849999999999977 11.23
7.866666666666644 11.479999999999999
7.883333333333311 11.690000000000001
7.899999999999977 11.459999999999999
7.916666666666644 11.959999999999999
7.9333333333333105 11.639999999999999
7.949999999999977 12.270000000000001
7.966666666666644 12.190000000000001
7.98333333333331 12.47
7.999999999999977 12.42
8.016666666666644 12.59
8.033333333333312 12.969999999999999
8.04999999999998 13.07
8.066666666666647 13.45
8.083333333333314 13.35
8.099999999999982 13.73
8.11666666666665 13.799999999999999
8.133333333333317 13.75
8.149999999999984 14.23
8.166666666666652 14.36
8.18333333333332 14.459999999999999
8.199999999999987 14.73
8.216666666666654 15.24
8.233333333333322 15.06
8.24999999999999 15.34
8.266666666666657 15.540000000000001
8.283333333333324 15.74
8.299999999999992 16.04
8.31666666666666 16.17
8.333333333333327 16.65
8.349999999999994 17.150000000000002
8.366666666666662 17.150000000000002
8.38333333333333 17.43
8.399999999999997 17.63
8.416666666666664 17.73
8.433333333333332 17.83
8.45 17.88
8.466666666666667 18.13
8.483333333333334 18.54
8.500000000000002 18.86
8.51666666666667 19.24
8.533333333333337 19.439999999999998
8.550000000000004 19.57
8.566666666666672 19.8
8.58333333333334 19.52
8.600000000000007 19.92
8.616666666666674 19.75
8.633333333333342 17.91
8.65000000000001 20.880000000000003
8.666666666666677 21.230000000000004
8.683333333333344 20.2
8.700000000000012 22.06
8.71666666666668 22.32
8.733333333333347 22.970000000000002
8.750000000000014 23.17
8.766666666666682 23.3
8.78333333333335 23.25
8.800000000000017 23.52
8.816666666666684 24.08
8.833333333333352 23.88
8.85000000000002 24.18
8.866666666666687 25.259999999999998
8.883333333333354 25.44
8.900000000000022 25.97
8.91666666666669 26.22
8.933333333333357 26.720000000000002
8.950000000000024 26.5
8.966666666666692 26.9
8.98333333333336 27.56
9.000000000000027 27.66
9.016666666666694 27.58
9.033333333333362 28.03
9.05000000000003 28.71
9.066666666666697 28.69
9.083333333333364 28.71
9.100000000000032 28.889999999999997
9.1166666666667 29.340000000000003
9.133333333333367 29.75
9.150000000000034 29.75
9.166666666666702 30.049999999999997
9.183333333333369 30.45
9.200000000000037 30.65
9.216666666666704 30.830000000000002
9.233333333333372 31.38
9.250000000000039 31.66
9.266666666666707 31.43
9.283333333333374 32.09
9.300000000000042 32.39
9.316666666666709 32.370000000000005
9.333333333333377 32.9
9.350000000000044 32.64
9.366666666666712 33.32
9.383333333333379 33.519999999999996
9.400000000000047 33.650000000000006
9.416666666666714 34.03
9.433333333333382 33.95
9.450000000000049 33.6
9.466666666666717 34.28
9.483333333333384 34.660000000000004
9.500000000000052 35.059999999999995
9.516666666666719 35.44
9.533333333333387 35.64
9.550000000000054 35.769999999999996
9.566666666666721 36.09
9.583333333333389 36.04
9.600000000000056 35.99
9.616666666666724 36.3
9.633333333333391 36.5
9.650000000000059 36.6
9.666666666666726 36.800000000000004
9.683333333333394 37.13
9.700000000000061 37.43
9.716666666666729 37.43
9.733333333333396 37.5
9.750000000000064 37.879999999999995
9.766666666666731 37.629999999999995
9.783333333333399 37.68
9.800000000000066 38.29
9.816666666666734 38.86
9.833333333333401 38.76
9.850000000000069 38.839999999999996
9.866666666666736 38.97
9.883333333333404 39.24
9.900000000000071 39.769999999999996
9.916666666666739 40.019999999999996
9.933333333333406 39.75
9.950000000000074 40.35
9.966666666666741 40.199999999999996
9.983333333333409 40.199999999999996
10.000000000000076 40.300000000000004
10.016666666666744 40.67999999999999
10.033333333333411 40.96
10.050000000000079 40.78
10.066666666666746 41.43
10.083333333333414 41.94
10.100000000000081 41.760000000000005
10.116666666666749 42.160000000000004
10.133333333333416 42.14
10.150000000000084 42.32
10.166666666666751 42.489999999999995
10.183333333333419 42.95
10.200000000000086 43.17
10.216666666666754 42.87
10.233333333333421 43.0
10.250000000000089 43.52
10.266666666666756 43.35
10.283333333333424 43.879999999999995
10.300000000000091 43.550000000000004
10.316666666666759 43.849999999999994
10.333333333333426 44.13
10.350000000000094 44.080000000000005
10.366666666666761 44.58
10.383333333333429 44.260000000000005
10.400000000000096 44.36
10.416666666666764 45.14
10.433333333333431 45.309999999999995
10.450000000000099 45.06
10.466666666666766 44.91
10.483333333333434 45.89
10.500000000000101 46.42
10.516666666666769 46.02
10.533333333333436 46.25
10.550000000000104 46.4
10.566666666666771 46.37
10.583333333333439 46.550000000000004
10.600000000000106 46.82000000000001
10.616666666666774 46.879999999999995
10.633333333333441 46.900000000000006
10.650000000000109 47.43000000000001
10.666666666666776 47.480000000000004
10.683333333333444 47.86
10.700000000000111 47.779999999999994
10.716666666666779 48.31
10.733333333333446 48.69
10.750000000000114 48.61
10.766666666666781 48.440000000000005
10.783333333333449 48.36
10.800000000000116 48.54
10.816666666666784 48.89
10.833333333333451 49.12
10.850000000000119 49.42
10.866666666666786 49.65
10.883333333333454 49.85
10.900000000000121 50.099999999999994
10.916666666666789 49.669999999999995
10.933333333333456 49.19
10.950000000000124 49.870000000000005
10.966666666666791 50.23
10.983333333333459 50.25
11.000000000000126 50.06999999999999
11.016666666666794 50.53
11.033333333333461 50.910000000000004
11.050000000000129 51.01
11.066666666666796 51.13
11.083333333333464 51.28
11.100000000000131 51.46
11.116666666666799 51.54
11.133333333333466 51.69
11.150000000000134 51.74
11.166666666666801 51.69
11.183333333333469 51.84
11.200000000000136 52.01
11.216666666666804 52.06
11.233333333333471 52.14
11.250000000000139 52.06
11.266666666666806 51.89
11.283333333333474 51.89
11.300000000000141 52.24
11.316666666666809 52.34
11.333333333333476 52.190000000000005
11.350000000000144 52.32
11.366666666666811 52.519999999999996
11.383333333333479 52.489999999999995
11.400000000000146 52.79
11.416666666666814 52.95
11.433333333333481 53.07000000000001
11.450000000000149 53.0
11.466666666666816 52.59
11.483333333333483 52.370000000000005
11.500000000000151 52.64
11.516666666666818 53.120000000000005
11.533333333333486 53.58
11.550000000000153 53.470000000000006
11.566666666666821 53.449999999999996
11.583333333333488 53.269999999999996
11.600000000000156 53.17
11.616666666666823 53.470000000000006
11.633333333333491 53.75
11.650000000000158 53.949999999999996
11.666666666666826 53.730000000000004
11.683333333333493 54.13
11.700000000000161 54.230000000000004
11.716666666666828 54.050000000000004
11.733333333333496 54.53
11.750000000000163 54.51
11.766666666666831 54.76
11.783333333333498 54.94
11.800000000000166 55.14
11.816666666666833 55.03999999999999
11.833333333333501 54.660000000000004
11.850000000000168 54.260000000000005
11.866666666666836 54.36
11.883333333333503 54.260000000000005
11.90000000000017 54.029999999999994
11.916666666666838 54.379999999999995
11.933333333333506 54.36
11.950000000000173 54.81
11.96666666666684 55.26
11.983333333333508 54.71
12.000000000000176 54.81
12.016666666666843 54.71
12.03333333333351 54.78
12.050000000000178 55.11
12.066666666666846 55.26
12.083333333333513 55.39
12.10000000000018 55.010000000000005
12.116666666666848 54.51
12.133333333333516 54.63
12.150000000000183 55.11
12.16666666666685 55.309999999999995
12.183333333333518 55.59
12.200000000000186 55.46
12.216666666666853 55.11
12.23333333333352 54.029999999999994
12.250000000000188 55.44
12.266666666666856 55.46
12.283333333333523 55.39
12.30000000000019 55.36
12.316666666666858 55.46
12.333333333333526 55.309999999999995
12.350000000000193 55.57000000000001
12.36666666666686 55.739999999999995
12.383333333333528 55.64
12.400000000000196 54.989999999999995
12.416666666666863 54.96000000000001
12.43333333333353 54.73
12.450000000000198 54.28
12.466666666666866 54.94
12.483333333333533 55.16
12.5000000000002 55.309999999999995
12.516666666666868 55.69
12.533333333333536 55.59
12.550000000000203 55.57000000000001
12.56666666666687 55.67
12.583333333333538 55.46
12.600000000000206 55.57000000000001
12.616666666666873 55.510000000000005
12.63333333333354 55.410000000000004
12.650000000000208 55.410000000000004
12.666666666666876 55.49
12.683333333333543 55.59
12.70000000000021 55.89
12.716666666666878 55.970000000000006
12.733333333333546 55.89
12.750000000000213 55.919999999999995
12.76666666666688 55.839999999999996
12.783333333333548 55.89
12.800000000000216 55.79
12.816666666666883 55.410000000000004
12.83333333333355 55.14
12.850000000000218 55.11
12.866666666666886 55.44
12.883333333333553 55.510000000000005
12.90000000000022 55.510000000000005
12.916666666666888 55.59
12.933333333333556 55.57000000000001
12.950000000000223 55.36
12.96666666666689 55.14
12.983333333333558 54.91
13.000000000000226 54.31
13.016666666666893 54.18
13.03333333333356 54.230000000000004
13.050000000000228 54.459999999999994
13.066666666666896 54.53
13.083333333333563 54.42999999999999
13.10000000000023 54.53
13.116666666666898 54.51
13.133333333333566 54.78
13.150000000000233 54.96000000000001
13.1666666666669 54.91
13.183333333333568 54.78
13.200000000000236 54.86
13.216666666666903 54.73
13.23333333333357 54.36
13.250000000000238 54.080000000000005
13.266666666666906 54.18
13.283333333333573 53.419999999999995
13.30000000000024 54.13
13.316666666666908 53.78
13.333333333333576 54.15
13.350000000000243 54.480000000000004
13.36666666666691 54.42999999999999
13.383333333333578 54.61
13.400000000000245 54.31
13.416666666666913 54.0
13.43333333333358 54.080000000000005
13.450000000000248 53.93
13.466666666666915 54.029999999999994
13.483333333333583 53.730000000000004
13.50000000000025 53.6
13.516666666666918 53.550000000000004
13.533333333333585 53.150000000000006
13.550000000000253 53.22
13.56666666666692 44.0
13.583333333333588 42.01
13.600000000000255 41.03
13.616666666666923 53.07000000000001
13.63333333333359 52.87
13.650000000000258 36.67
13.666666666666925 37.3
13.683333333333593 52.06
13.70000000000026 54.41
13.716666666666928 54.050000000000004
13.733333333333595 54.31
13.750000000000263 54.18
13.76666666666693 54.459999999999994
13.783333333333598 54.1
13.800000000000265 53.550000000000004
13.816666666666933 53.35
13.8333333333336 49.900000000000006
13.850000000000268 34.910000000000004
13.866666666666935 42.29
13.883333333333603 53.150000000000006
13.90000000000027 52.9
13.916666666666938 52.74
13.933333333333605 52.67
13.950000000000273 44.21
13.96666666666694 52.06
13.983333333333608 50.12
14.000000000000275 52.44
14.016666666666943 53.650000000000006
14.03333333333361 53.3
14.050000000000278 53.019999999999996
14.066666666666945 52.92
14.083333333333613 52.79
14.10000000000028 52.42
14.116666666666948 52.06
14.133333333333615 51.69
14.150000000000283 51.69
14.16666666666695 51.64
14.183333333333618 49.870000000000005
14.200000000000285 42.62
14.216666666666953 51.51
14.23333333333362 51.06
14.250000000000288 50.650000000000006
14.266666666666955 50.55
14.283333333333623 50.480000000000004
14.30000000000029 49.92
14.316666666666958 50.15
14.333333333333625 50.53
14.350000000000293 50.629999999999995
14.36666666666696 50.38
14.383333333333628 50.35
14.400000000000295 49.19
14.416666666666963 25.41
14.43333333333363 46.37
14.450000000000298 49.32000000000001
14.466666666666965 49.02
14.483333333333633 46.980000000000004
14.5000000000003 49.24
14.516666666666968 24.759999999999998
14.533333333333635 31.66
14.550000000000303 47.5
14.56666666666697 47.08
14.583333333333638 46.95
14.600000000000305 46.769999999999996
14.616666666666973 46.92999999999999
14.63333333333364 46.92999999999999
14.650000000000308 46.879999999999995
14.666666666666975 41.589999999999996
14.683333333333643 25.16
14.70000000000031 38.29
14.716666666666978 40.7
14.733333333333645 32.11
14.750000000000313 43.07000000000001
14.76666666666698 27.3
14.783333333333648 18.86
14.800000000000315 18.759999999999998
14.816666666666983 22.9
14.83333333333365 34.660000000000004
14.850000000000318 40.55
14.866666666666985 27.349999999999998
14.883333333333653 19.04
14.90000000000032 22.69
14.916666666666988 26.400000000000002
14.933333333333655 23.25
14.950000000000323 30.75
14.96666666666699 25.459999999999997
14.983333333333658 41.08
15.000000000000325 44.73
15.016666666666993 38.97
15.03333333333366 19.32
15.050000000000328 17.330000000000002
15.066666666666995 16.98
15.083333333333663 16.85
15.10000000000033 16.67
15.116666666666998 20.07
15.133333333333665 18.919999999999998
15.150000000000333 17.56
15.166666666667 17.03
15.183333333333668 15.74
15.200000000000335 15.389999999999999
15.216666666667003 15.29
15.23333333333367 15.36
15.250000000000338 15.620000000000001
15.266666666667005 19.85
15.283333333333672 36.190000000000005
15.30000000000034 37.33
15.316666666667007 23.02
15.333333333333675 28.31
15.350000000000342 27.1
15.36666666666701 28.610000000000003
15.383333333333677 17.38
15.400000000000345 30.12
15.416666666667012 38.61
15.43333333333368 37.78
15.450000000000347 37.05
15.466666666667015 36.3
15.483333333333682 36.019999999999996
15.50000000000035 36.190000000000005
15.516666666667017 36.25
15.533333333333685 35.89
15.550000000000352 35.57
15.56666666666702 35.54
15.583333333333687 35.54
15.600000000000355 35.54
15.616666666667022 35.67
15.63333333333369 35.82
15.650000000000357 35.79
15.666666666667025 35.26
15.683333333333692 34.68
15.70000000000036 34.08
15.716666666667027 33.6
15.733333333333695 33.02
15.750000000000362 32.589999999999996
15.76666666666703 32.42
15.783333333333697 32.24
15.800000000000365 31.79
15.816666666667032 31.28
15.8333333333337 29.75
15.850000000000367 30.630000000000003
15.866666666667035 31.43
15.883333333333702 24.33
15.90000000000037 22.79
15.916666666667037 29.65
15.933333333333705 29.82
15.950000000000372 29.75
15.96666666666704 29.52
15.983333333333707 29.27
16.000000000000373 29.089999999999996
16.01666666666704 28.94
16.033333333333704 28.66
16.05000000000037 28.54
16.066666666667036 28.39
16.0833333333337 28.21
16.100000000000367 28.11
16.116666666667033 28.060000000000002
16.1333333333337 27.78
16.150000000000365 27.349999999999998
16.16666666666703 26.98
16.183333333333696 26.57
16.20000000000036 26.17
16.216666666667027 26.04
16.233333333333693 25.939999999999998
16.25000000000036 26.09
16.266666666667025 25.97
16.28333333333369 25.790000000000003
16.300000000000356 25.57
16.31666666666702 25.16
16.333333333333687 25.11
16.350000000000353 24.830000000000002
16.36666666666702 24.43
16.383333333333685 24.15
16.40000000000035 24.049999999999997
16.416666666667016 23.78
16.43333333333368 23.42
16.450000000000347 23.1
16.466666666667013 22.57
16.48333333333368 22.11
16.500000000000345 21.810000000000002
16.51666666666701 21.589999999999996
16.533333333333676 21.31
16.55000000000034 21.06
16.566666666667007 20.85
16.583333333333673 20.58
16.60000000000034 20.33
16.616666666667005 20.150000000000002
16.63333333333367 19.970000000000002
16.650000000000336 19.92
16.666666666667002 19.75
16.683333333333668 19.37
16.700000000000333 19.04
16.716666666667 18.560000000000002
16.733333333333665 18.13
16.75000000000033 17.78
16.766666666666996 17.56
16.783333333333662 17.3
16.800000000000328 16.9
16.816666666666993 16.67
16.83333333333366 16.37
16.850000000000325 16.220000000000002
16.86666666666699 15.82
16.883333333333656 15.46
16.900000000000322 14.96
16.916666666666988 12.9
16.933333333333653 13.45
16.95000000000032 13.65
16.966666666666985 14.05
16.98333333333365 13.78
17.000000000000316 13.55
17.016666666666982 13.37
17.033333333333648 13.120000000000001
17.050000000000313 12.92
17.06666666666698 12.74
17.083333333333645 12.44
17.10000000000031 12.190000000000001
17.116666666666976 12.010000000000002
17.133333333333642 11.66
17.150000000000308 10.38
17.166666666666973 10.48
17.18333333333364 10.549999999999999
17.200000000000305 10.0
17.21666666666697 9.6
17.233333333333636 9.09
17.250000000000302 9.42
17.266666666666968 9.77
17.283333333333633 9.5
17.3000000000003 9.290000000000001
17.316666666666965 8.74
17.33333333333363 8.89
17.350000000000296 8.69
17.366666666666962 8.41
17.383333333333628 8.19
17.400000000000293 7.83
17.41666666666696 7.83
17.433333333333625 7.199999999999999
17.45000000000029 7.029999999999999
17.466666666666956 7.279999999999999
17.483333333333622 6.83
17.500000000000288 6.2
17.516666666666953 6.35
17.53333333333362 6.02
17.550000000000285 5.99
17.56666666666695 5.49
17.583333333333616 5.789999999999999
17.600000000000282 5.460000000000001
17.616666666666948 5.3100000000000005
17.633333333333614 5.01
17.65000000000028 4.680000000000001
17.666666666666945 4.5600000000000005
17.68333333333361 4.38
17.700000000000276 4.31
17.716666666666942 4.08
17.733333333333608 3.93
17.750000000000274 3.88
17.76666666666694 3.7
17.783333333333605 3.58
17.80000000000027 3.4799999999999995
17.816666666666936 3.3200000000000003
17.833333333333602 3.22
17.850000000000268 3.12
17.866666666666934 3.0
17.8833333333336 2.8699999999999997
17.900000000000265 2.74
17.91666666666693 2.62
17.933333333333596 2.49
17.950000000000262 2.42
17.966666666666928 2.29
17.983333333333594 2.17
18.00000000000026 2.04
18.016666666666925 1.94
18.03333333333359 1.8399999999999999
18.050000000000257 1.7399999999999998
18.066666666666922 1.61
18.083333333333588 1.51
18.100000000000254 1.41
18.11666666666692 1.28
18.133333333333585 1.18
18.15000000000025 1.08
18.166666666666917 0.98
18.183333333333582 0.9099999999999999
18.200000000000248 0.78
18.216666666666914 0.68
18.23333333333358 0.6
18.250000000000245 0.44999999999999996
18.26666666666691 0.38
18.283333333333577 0.28
18.300000000000242 0.2
18.316666666666908 0.12
18.333333333333574 0.07
18.35000000000024 0.0
18.366666666666905 0.0
18.38333333333357 0.0
18.400000000000237 0.0
18.416666666666902 0.0
18.433333333333568 0.0
18.450000000000234 0.0
18.4666666666669 0.0
18.483333333333565 0.0
18.50000000000023 0.0
18.516666666666897 0.0
18.533333333333562 0.0
18.550000000000228 0.0
18.566666666666894 0.0
18.58333333333356 0.0
18.600000000000225 0.0
18.61666666666689 0.0
18.633333333333557 0.0
18.650000000000222 0.0
18.666666666666888 0.0
18.683333333333554 0.0
18.70000000000022 0.0
18.716666666666885 0.0
18.73333333333355 0.0
18.750000000000217 0.0
18.766666666666882 0.0
18.783333333333548 0.0
18.800000000000214 0.0
18.81666666666688 0.0
18.833333333333545 0.0
18.85000000000021 0.0
18.866666666666877 0.0
18.883333333333542 0.0
18.900000000000208 0.0
18.916666666666874 0.0
18.93333333333354 0.0
18.950000000000205 0.0
18.96666666666687 0.0
18.983333333333537 0.0
19.000000000000203 0.0
19.01666666666687 0.0
19.033333333333534 0.0
19.0500000000002 0.0
19.066666666666865 0.0
19.08333333333353 0.0
19.100000000000197 0.0
19.116666666666863 0.0
19.13333333333353 0.0
19.150000000000194 0.0
19.16666666666686 0.0
19.183333333333525 0.0
19.20000000000019 0.0
19.216666666666857 0.0
19.233333333333523 0.0
19.25000000000019 0.0
19.266666666666854 0.0
19.28333333333352 0.0
19.300000000000185 0.0
19.31666666666685 0.0
19.333333333333517 0.0
19.350000000000183 0.0
19.36666666666685 0.0
19.383333333333514 0.0
19.40000000000018 0.0
19.416666666666845 0.0
19.43333333333351 0.0
19.450000000000177 0.0
19.466666666666843 0.0
19.48333333333351 0.0
19.500000000000174 0.0
19.51666666666684 0.0
19.533333333333506 0.0
19.55000000000017 0.0
19.566666666666837 0.0
19.583333333333503 0.0
19.60000000000017 0.0
19.616666666666834 0.0
19.6333333333335 0.0
19.650000000000166 0.0
19.66666666666683 0.0
19.683333333333497 0.0
19.700000000000163 0.0
19.71666666666683 0.0
19.733333333333494 0.0
19.75000000000016 0.0
19.766666666666826 0.0
19.78333333333349 0.0
19.800000000000157 0.0
19.816666666666823 0.0
19.83333333333349 0.0
19.850000000000154 0.0
19.86666666666682 0.0
19.883333333333486 0.0
19.90000000000015 0.0
19.916666666666817 0.0
19.933333333333483 0.0
19.95000000000015 0.0
19.966666666666814 0.0
19.98333333333348 0.0
20.000000000000146 0.0
20.01666666666681 0.0
20.033333333333477 0.0
20.050000000000143 0.0
20.06666666666681 0.0
20.083333333333474 0.0
20.10000000000014 0.0
20.116666666666806 0.0
20.13333333333347 0.0
20.150000000000137 0.0
20.166666666666803 0.0
20.18333333333347 0.0
20.200000000000134 0.0
20.2166666666668 0.0
20.233333333333466 0.0
20.25000000000013 0.0
20.266666666666797 0.0
20.283333333333463 0.0
20.30000000000013 0.0
20.316666666666794 0.0
20.33333333333346 0.0
20.350000000000126 0.0
20.36666666666679 0.0
20.383333333333457 0.0
20.400000000000123 0.0
20.41666666666679 0.0
20.433333333333454 0.0
20.45000000000012 0.0
20.466666666666786 0.0
20.48333333333345 0.0
20.500000000000117 0.0
20.516666666666783 0.0
20.53333333333345 0.0
20.550000000000114 0.0
20.56666666666678 0.0
20.583333333333446 0.0
20.60000000000011 0.0
20.616666666666777 0.0
20.633333333333443 0.0
20.65000000000011 0.0
20.666666666666774 0.0
20.68333333333344 0.0
20.700000000000106 0.0
20.71666666666677 0.0
20.733333333333437 0.0
20.750000000000103 0.0
20.76666666666677 0.0
20.783333333333434 0.0
20.8000000000001 0.0
20.816666666666766 0.0
20.83333333333343 0.0
20.850000000000097 0.0
20.866666666666763 0.0
20.88333333333343 0.0
20.900000000000095 0.0
20.91666666666676 0.0
20.933333333333426 0.0
20.95000000000009 0.0
20.966666666666757 0.0
20.983333333333423 0.0
21.00000000000009 0.0
21.016666666666755 0.0
21.03333333333342 0.0
21.050000000000086 0.0
21.06666666666675 0.0
21.083333333333417 0.0
21.100000000000083 0.0
21.11666666666675 0.0
21.133333333333415 0.0
21.15000000000008 0.0
21.166666666666746 0.0
21.18333333333341 0.0
21.200000000000077 0.0
21.216666666666743 0.0
21.23333333333341 0.0
21.250000000000075 0.0
21.26666666666674 0.0
21.283333333333406 0.0
21.30000000000007 0.0
21.316666666666737 0.0
21.333333333333403 0.0
21.35000000000007 0.0
21.366666666666735 0.0
21.3833333333334 0.0
21.400000000000066 0.0
21.416666666666732 0.0
21.433333333333398 0.0
21.450000000000063 0.0
21.46666666666673 0.0
21.483333333333395 0.0
21.50000000000006 0.0
21.516666666666726 0.0
21.533333333333392 0.0
21.550000000000058 0.0
21.566666666666723 0.0
21.58333333333339 0.0
21.600000000000055 0.0
21.61666666666672 0.0
21.633333333333386 0.0
21.650000000000052 0.0
21.666666666666718 0.0
21.683333333333383 0.0
21.70000000000005 0.0
21.716666666666715 0.0
21.73333333333338 0.0
21.750000000000046 0.0
21.766666666666712 0.0
21.783333333333378 0.0
21.800000000000043 0.0
21.81666666666671 0.0
21.833333333333375 0.0
21.85000000000004 0.0
21.866666666666706 0.0
21.883333333333372 0.0
21.900000000000038 0.0
21.916666666666703 0.0
21.93333333333337 0.0
21.950000000000035 0.0
21.9666666666667 0.0
21.983333333333366 0.0
22.000000000000032 0.0
22.016666666666698 0.0
22.033333333333363 0.0
22.05000000000003 0.0
22.066666666666695 0.0
22.08333333333336 0.0
22.100000000000026 0.0
22.116666666666692 0.0
22.133333333333358 0.0
22.150000000000023 0.0
22.16666666666669 0.0
22.183333333333355 0.0
22.20000000000002 0.0
22.216666666666686 0.0
22.233333333333352 0.0
22.250000000000018 0.0
22.266666666666683 0.0
22.28333333333335 0.0
22.300000000000015 0.0
22.31666666666668 0.0
22.333333333333346 0.0
22.350000000000012 0.0
22.366666666666678 0.0
22.383333333333344 0.0
22.40000000000001 0.0
22.416666666666675 0.0
22.43333333333334 0.0
22.450000000000006 0.0
22.466666666666672 0.0
22.483333333333338 0.0
22.500000000000004 0.0
22.51666666666667 0.0
22.533333333333335 0.0
22.55 0.0
22.566666666666666 0.0
22.583333333333332 0.0
22.599999999999998 0.0
22.616666666666664 0.0
22.63333333333333 0.0
22.649999999999995 0.0
22.66666666666666 0.0
22.683333333333326 0.0
22.699999999999992 0.0
22.716666666666658 0.0
22.733333333333324 0.0
22.74999999999999 0.0
22.766666666666655 0.0
22.78333333333332 0.0
22.799999999999986 0.0
22.816666666666652 0.0
22.833333333333318 0.0
22.849999999999984 0.0
22.86666666666665 0.0
22.883333333333315 0.0
22.89999999999998 0.0
22.916666666666647 0.0
22.933333333333312 0.0
22.949999999999978 0.0
22.966666666666644 0.0
22.98333333333331 0.0
22.999999999999975 0.0
23.01666666666664 0.0
23.033333333333307 0.0
23.049999999999972 0.0
23.066666666666638 0.0
23.083333333333304 0.0
23.09999999999997 0.0
23.116666666666635 0.0
23.1333333333333 0.0
23.149999999999967 0.0
23.166666666666632 0.0
23.183333333333298 0.0
23.199999999999964 0.0
23.21666666666663 0.0
23.233333333333295 0.0
23.24999999999996 0.0
23.266666666666627 0.0
23.283333333333292 0.0
23.299999999999958 0.0
23.316666666666624 0.0
23.33333333333329 0.0
23.349999999999955 0.0
23.36666666666662 0.0
23.383333333333287 0.0
23.399999999999952 0.0
23.416666666666618 0.0
23.433333333333284 0.0
23.44999999999995 0.0
23.466666666666615 0.0
23.48333333333328 0.0
23.499999999999947 0.0
23.516666666666612 0.0
23.533333333333278 0.0
23.549999999999944 0.0
23.56666666666661 0.0
23.583333333333275 0.0
23.59999999999994 0.0
23.616666666666607 0.0
23.633333333333272 0.0
23.649999999999938 0.0
23.666666666666604 0.0
23.68333333333327 0.0
23.699999999999935 0.0
23.7166666666666 0.0
23.733333333333267 0.0
23.749999999999932 0.0
23.766666666666598 0.0
23.783333333333264 0.0
23.79999999999993 0.0
23.816666666666595 0.0
23.83333333333326 0.0
23.849999999999927 0.0
23.866666666666593 0.0
23.88333333333326 0.0
23.899999999999924 0.0
23.91666666666659 0.0
23.933333333333255 0.0
23.94999999999992 0.0
23.966666666666587 0.0
23.983333333333253 0.0
