0 0.0
0.016666666666666666 0.0
0.03333333333333333 0.0
0.05 0.0
0.06666666666666667 0.0
0.08333333333333333 0.0
0.09999999999999999 0.0
0.11666666666666665 0.0
0.13333333333333333 0.0
0.15 0.0
0.16666666666666666 0.0
0.18333333333333332 0.0
0.19999999999999998 0.0
0.21666666666666665 0.0
0.2333333333333333 0.0
0.24999999999999997 0.0
0.26666666666666666 0.0
0.2833333333333333 0.0
0.3 0.0
0.31666666666666665 0.0
0.3333333333333333 0.0
0.35 0.0
0.36666666666666664 0.0
0.3833333333333333 0.0
0.39999999999999997 0.0
0.41666666666666663 0.0
0.4333333333333333 0.0
0.44999999999999996 0.0
0.4666666666666666 0.0
0.4833333333333333 0.0
0.49999999999999994 0.0
0.5166666666666666 0.0
0.5333333333333333 0.0
0.55 0.0
0.5666666666666668 0.0
0.5833333333333335 0.0
0.6000000000000002 0.0
0.6166666666666669 0.0
0.6333333333333336 0.0
0.6500000000000004 0.0
0.6666666666666671 0.0
0.6833333333333338 0.0
0.7000000000000005 0.0
0.7166666666666672 0.0
0.733333333333334 0.0
0.7500000000000007 0.0
0.7666666666666674 0.0
0.7833333333333341 0.0
0.8000000000000008 0.0
0.8166666666666675 0.0
0.8333333333333343 0.0
0.850000000000001 0.0
0.8666666666666677 0.0
0.8833333333333344 0.0
0.9000000000000011 0.0
0.9166666666666679 0.0
0.9333333333333346 0.0
0.9500000000000013 0.0
0.966666666666668 0.0
0.9833333333333347 0.0
1.0000000000000013 0.0
1.016666666666668 0.0
1.0333333333333345 0.0
1.0500000000000012 0.0
1.0666666666666678 0.0
1.0833333333333344 0.0
1.100000000000001 0.0
1.1166666666666676 0.0
1.1333333333333342 0.0
1.1500000000000008 0.0
1.1666666666666674 0.0
1.183333333333334 0.0
1.2000000000000006 0.0
1.2166666666666672 0.0
1.2333333333333338 0.0
1.2500000000000004 0.0
1.266666666666667 0.0
1.2833333333333337 0.0
1.3000000000000003 0.0
1.3166666666666669 0.0
1.3333333333333335 0.0
1.35 0.0
1.3666666666666667 0.0
1.3833333333333333 0.0
1.4 0.0
1.4166666666666665 0.0
1.4333333333333331 0.0
1.4499999999999997 0.0
1.4666666666666663 0.0
1.483333333333333 0.0
1.4999999999999996 0.0
1.5166666666666662 0.0
1.5333333333333328 0.0
1.5499999999999994 0.0
1.566666666666666 0.0
1.5833333333333326 0.0
1.5999999999999992 0.0
1.6166666666666658 0.0
1.6333333333333324 0.0
1.649999999999999 0.0
1.6666666666666656 0.0
1.6833333333333322 0.0
1.6999999999999988 0.0
1.7166666666666655 0.0
1.733333333333332 0.0
1.7499999999999987 0.0
1.7666666666666653 0.0
1.7833333333333319 0.0
1.7999999999999985 0.0
1.816666666666665 0.0
1.8333333333333317 0.0
1.8499999999999983 0.0
1.866666666666665 0.0
1.8833333333333315 0.0
1.8999999999999981 0.0
1.9166666666666647 0.0
1.9333333333333313 0.0
1.949999999999998 0.0
1.9666666666666646 0.0
1.9833333333333312 0.0
1.9999999999999978 0.0
2.0166666666666644 0.0
2.033333333333331 0.0
2.0499999999999976 0.0
2.066666666666664 0.0
2.083333333333331 0.0
2.0999999999999974 0.0
2.116666666666664 0.0
2.1333333333333306 0.0
2.1499999999999972 0.0
2.166666666666664 0.0
2.1833333333333305 0.0
2.199999999999997 0.0
2.2166666666666637 0.0
2.2333333333333303 0.0
2.249999999999997 0.0
2.2666666666666635 0.0
2.28333333333333 0.0
2.2999999999999967 0.0
2.3166666666666633 0.0
2.33333333333333 0.0
2.3499999999999965 0.0
2.366666666666663 0.0
2.3833333333333298 0.0
2.3999999999999964 0.0
2.416666666666663 0.0
2.4333333333333296 0.0
2.449999999999996 0.0
2.466666666666663 0.0
2.4833333333333294 0.0
2.499999999999996 0.0
2.5166666666666626 0.0
2.533333333333329 0.0
2.549999999999996 0.0
2.5666666666666624 0.0
2.583333333333329 0.0
2.5999999999999956 0.0
2.6166666666666623 0.0
2.633333333333329 0.0
2.6499999999999955 0.0
2.666666666666662 0.0
2.6833333333333287 0.0
2.6999999999999953 0.0
2.716666666666662 0.0
2.7333333333333285 0.0
2.749999999999995 0.0
2.7666666666666617 0.0
2.7833333333333283 0.0
2.799999999999995 0.0
2.8166666666666615 0.0
2.833333333333328 0.0
2.8499999999999948 0.0
2.8666666666666614 0.0
2.883333333333328 0.0
2.8999999999999946 0.0
2.916666666666661 0.0
2.933333333333328 0.0
2.9499999999999944 0.0
2.966666666666661 0.0
2.9833333333333276 0.0
2.9999999999999942 0.0
3.016666666666661 0.0
3.0333333333333274 0.0
3.049999999999994 0.0
3.0666666666666607 0.0
3.0833333333333273 0.0
3.099999999999994 0.0
3.1166666666666605 0.0
3.133333333333327 0.0
3.1499999999999937 0.0
3.1666666666666603 0.0
3.183333333333327 0.0
3.1999999999999935 0.0
3.21666666666666 0.0
3.2333333333333267 0.0
3.2499999999999933 0.0
3.26666666666666 0.0
3.2833333333333266 0.0
3.299999999999993 0.0
3.3166666666666598 0.0
3.3333333333333264 0.0
3.349999999999993 0.0
3.3666666666666596 0.0
3.383333333333326 0.0
3.399999999999993 0.0
3.4166666666666594 0.0
3.433333333333326 0.0
3.4499999999999926 0.0
3.4666666666666592 0.0
3.483333333333326 0.0
3.4999999999999925 0.0
3.516666666666659 0.0
3.5333333333333257 0.0
3.5499999999999923 0.0
3.566666666666659 0.0
3.5833333333333255 0.0
3.599999999999992 0.0
3.6166666666666587 0.0
3.6333333333333253 0.0
3.649999999999992 0.0
3.6666666666666585 0.0
3.683333333333325 0.0
3.6999999999999917 0.0
3.7166666666666583 0.0
3.733333333333325 0.0
3.7499999999999916 0.0
3.766666666666658 0.0
3.7833333333333248 0.0
3.7999999999999914 0.0
3.816666666666658 0.0
3.8333333333333246 0.0
3.849999999999991 0.0
3.866666666666658 0.0
3.8833333333333244 0.0
3.899999999999991 0.0
3.9166666666666576 0.0
3.9333333333333242 0.0
3.949999999999991 0.0
3.9666666666666575 0.0
3.983333333333324 0.0
3.9999999999999907 0.0
4.016666666666658 0.0
4.033333333333324 0.0
4.049999999999991 0.0
4.0666666666666575 0.0
4.083333333333324 0.0
4.099999999999991 0.0
4.116666666666657 0.0
4.133333333333324 0.0
4.149999999999991 0.0
4.166666666666657 0.0
4.183333333333324 0.0
4.19999999999999 0.0
4.216666666666657 0.0
4.233333333333324 0.0
4.24999999999999 0.0
4.266666666666657 0.0
4.2833333333333234 0.0
4.29999999999999 0.0
4.316666666666657 0.0
4.333333333333323 0.0
4.34999999999999 0.0
4.3666666666666565 0.0
4.383333333333323 0.0
4.39999999999999 0.0
4.416666666666656 0.0
4.433333333333323 0.0
4.4499999999999895 0.0
4.466666666666656 0.0
4.483333333333323 0.0
4.499999999999989 0.0
4.516666666666656 0.0
4.533333333333323 0.0
4.549999999999989 0.0
4.566666666666656 0.0
4.583333333333322 0.0
4.599999999999989 0.0
4.616666666666656 0.0
4.633333333333322 0.0
4.649999999999989 0.0
4.666666666666655 0.0
4.683333333333322 0.0
4.699999999999989 0.0
4.716666666666655 0.0
4.733333333333322 0.0
4.7499999999999885 0.0
4.766666666666655 0.0
4.783333333333322 0.0
4.799999999999988 0.0
4.816666666666655 0.0
4.8333333333333215 0.0
4.849999999999988 0.0
4.866666666666655 0.0
4.883333333333321 0.0
4.899999999999988 0.0
4.9166666666666545 0.0
4.933333333333321 0.0
4.949999999999988 0.0
4.966666666666654 0.0
4.983333333333321 0.0
4.999999999999988 0.0
5.016666666666654 0.0
5.033333333333321 0.0
5.049999999999987 0.0
5.066666666666654 0.0
5.083333333333321 0.0
5.099999999999987 0.0
5.116666666666654 0.0
5.13333333333332 0.0
5.149999999999987 0.0
5.166666666666654 0.0
5.18333333333332 0.0
5.199999999999987 0.0
5.2166666666666535 0.0
5.23333333333332 0.0
5.249999999999987 0.0
5.266666666666653 0.0
5.28333333333332 0.0
5.2999999999999865 0.0
5.316666666666653 0.0
5.33333333333332 0.0
5.349999999999986 0.0
5.366666666666653 0.0
5.3833333333333195 0.0
5.399999999999986 0.0
5.416666666666653 0.0
5.433333333333319 0.0
5.449999999999986 0.0
5.466666666666653 0.0
5.483333333333319 0.0
5.499999999999986 0.0
5.516666666666652 0.0
5.533333333333319 0.0
5.549999999999986 0.0
5.566666666666652 0.0
5.583333333333319 0.0
5.599999999999985 0.0
5.616666666666652 0.0
5.633333333333319 0.0
5.649999999999985 0.0
5.666666666666652 0.0
5.6833333333333185 0.0
5.699999999999985 0.0
5.716666666666652 0.0
5.733333333333318 0.0
5.749999999999985 0.0
5.7666666666666515 0.0
5.783333333333318 0.0
5.799999999999985 0.0
5.816666666666651 0.0
5.833333333333318 0.0
5.8499999999999845 0.0
5.866666666666651 0.0
5.883333333333318 0.0
5.899999999999984 0.0
5.916666666666651 0.0
5.933333333333318 0.0
5.949999999999984 0.0
5.966666666666651 0.0
5.983333333333317 0.0
5.999999999999984 0.0
6.016666666666651 0.0
6.033333333333317 0.0
6.049999999999984 0.0
6.06666666666665 0.0
6.083333333333317 0.0
6.099999999999984 0.0
6.11666666666665 0.0
6.133333333333317 0.0
6.1499999999999835 0.0
6.16666666666665 0.0
6.183333333333317 0.0
6.199999999999983 0.0
6.21666666666665 0.0
6.2333333333333165 0.0
6.249999999999983 0.0
6.26666666666665 0.0
6.283333333333316 0.0
6.299999999999983 0.0
6.3166666666666496 0.0
6.333333333333316 0.0
6.349999999999983 0.0
6.366666666666649 0.0
6.383333333333316 0.0
6.399999999999983 0.0
6.416666666666649 0.0
6.433333333333316 0.0
6.449999999999982 0.0
6.466666666666649 0.0
6.483333333333316 0.0
6.499999999999982 0.0
6.516666666666649 0.0
6.5333333333333155 0.0
6.549999999999982 0.0
6.566666666666649 0.0
6.583333333333315 0.0
6.599999999999982 0.0
6.6166666666666485 0.0
6.633333333333315 0.0
6.649999999999982 0.0
6.666666666666648 0.0
6.683333333333315 0.0
6.6999999999999815 0.0
6.716666666666648 0.0
6.733333333333315 0.0
6.749999999999981 0.0
6.766666666666648 0.0
6.783333333333315 0.0
6.799999999999981 0.0
6.816666666666648 0.0
6.833333333333314 0.0
6.849999999999981 0.0
6.866666666666648 0.0
6.883333333333314 0.0
6.899999999999981 0.0
6.916666666666647 0.0
6.933333333333314 0.0068141637
6.949999999999981 0.00248312745
6.966666666666647 0.01010575125
6.983333333333314 0.0035225761499999998
6.9999999999999805 0.0019634031
7.016666666666647 0.0068141637
7.033333333333314 0.006063450749999999
7.04999999999998 0.0045042777
7.066666666666647 0.0068141637
7.0833333333333135 0.00144367875
7.09999999999998 0.00121269015
7.116666666666647 0.00756487665
7.133333333333313 0.0027141160499999997
7.14999999999998 0.0078536124
7.1666666666666465 0.0078536124
7.183333333333313 0.0004619772
7.19999999999998 0.0045042777
7.216666666666646 0.00398455335
7.233333333333313 0.00479301345
7.24999999999998 0.00987476265
7.266666666666646 0.0055437264
7.283333333333313 0.0030028518
7.299999999999979 0.005774715
7.316666666666646 0.00248312745
7.333333333333313 0.0055437264
7.349999999999979 0.01114519995
7.366666666666646 0.00248312745
7.383333333333312 0.00098170155
7.399999999999979 0.008084601
7.416666666666646 0.0035225761499999998
7.433333333333312 0.0083155896
7.449999999999979 0.0083155896
7.4666666666666455 0.0017324144999999998
7.483333333333312 0.0045042777
7.499999999999979 0.0078536124
7.516666666666645 0.00398455335
7.533333333333312 0.01010575125
7.5499999999999785 0.008084601
7.566666666666645 0.0
7.583333333333312 0.00756487665
7.599999999999978 0.0095860269
7.616666666666645 0.0055437264
7.6333333333333115 0.00756487665
7.649999999999978 0.00733388805
7.666666666666645 0.0032338404
7.683333333333311 0.0068141637
7.699999999999978 0.0116649243
7.716666666666645 0.0035225761499999998
7.733333333333311 0.00375356475
7.749999999999978 0.013686074549999998
7.766666666666644 0.00733388805
7.783333333333311 0.0045042777
7.799999999999978 0.0045042777
7.816666666666644 0.0157072248
7.833333333333311 0.0083155896
7.849999999999977 0.0078536124
7.866666666666644 0.006063450749999999
7.883333333333311 0.0131663502
7.899999999999977 0.0095860269
7.916666666666644 0.0032338404
7.9333333333333105 0.0095860269
7.949999999999977 0.0154762362
7.966666666666644 0.0093550383
7.98333333333331 0.0065831751
7.999999999999977 0.0116649243
8.016666666666644 0.01114519995
8.033333333333312 0.013686074549999998
8.04999999999998 0.012415637249999998
8.066666666666647 0.010856464199999999
8.083333333333314 0.0091240497
8.099999999999982 0.0131663502
8.11666666666665 0.0169776621
8.133333333333317 0.01114519995
8.149999999999984 0.012646625849999999
8.166666666666652 0.01114519995
8.18333333333332 0.012415637249999998
8.199999999999987 0.01518750045
8.216666666666654 0.01114519995
8.233333333333322 0.0169776621
8.24999999999999 0.016746673499999996
8.266666666666657 0.0129353616
8.283333333333324 0.016746673499999996
8.299999999999992 0.014205798899999999
8.31666666666666 0.0180171108
8.333333333333327 0.01645793775
8.349999999999994 0.0169776621
8.366666666666662 0.01622694915
8.38333333333333 0.0154762362
8.399999999999997 0.016746673499999996
8.416666666666664 0.0144367875
8.433333333333332 0.01980727245
8.45 0.01599596055
8.466666666666667 0.02003826105
8.483333333333334 0.01495651185
8.500000000000002 0.01980727245
8.51666666666667 0.01772837505
8.533333333333337 0.022059411299999998
8.550000000000004 0.02107770975
8.566666666666672 0.023849572949999998
8.58333333333334 0.023618584349999996
8.600000000000007 0.025120010249999998
8.616666666666674 0.019518536700000002
8.633333333333342 0.02639044755
8.65000000000001 0.02107770975
8.666666666666677 0.02488902165
8.683333333333344 0.022059411299999998
8.700000000000012 0.0243692973
8.71666666666668 0.02488902165
8.733333333333347 0.025120010249999998
8.750000000000014 0.02870033355
8.766666666666682 0.02488902165
8.78333333333335 0.02870033355
8.800000000000017 0.028931322149999997
8.816666666666684 0.028180609199999998
8.833333333333352 0.0317609325
8.85000000000002 0.0292200579
8.866666666666687 0.029970770849999998
8.883333333333354 0.033551094149999995
8.900000000000022 0.0304904952
8.91666666666669 0.0309524724
8.933333333333357 0.03401307134999999
8.950000000000024 0.033551094149999995
8.966666666666692 0.032511645449999994
8.98333333333336 0.03378208275
9.000000000000027 0.03632295735
9.016666666666694 0.035572244399999994
9.033333333333362 0.035283508649999996
9.05000000000003 0.036091968749999995
9.066666666666697 0.03736240605
9.083333333333364 0.03759339465
9.100000000000032 0.03990328065
9.1166666666667 0.03990328065
9.133333333333367 0.03990328065
9.150000000000034 0.0396145449
9.166666666666702 0.040884982199999996
9.183333333333369 0.0419244309
9.200000000000037 0.04267514385
9.216666666666704 0.043425856799999996
9.233333333333372 0.0442343169
9.250000000000039 0.0446962941
9.266666666666707 0.0457357428
9.283333333333374 0.04648645575
9.300000000000042 0.04723716869999999
9.316666666666709 0.0480456288
9.333333333333377 0.04879634174999999
9.350000000000044 0.0497780433
9.366666666666712 0.050817492
9.383333333333379 0.05237666505
9.400000000000047 0.0533583666
9.416666666666714 0.05491753964999999
9.433333333333382 0.055668252599999996
9.450000000000049 0.056649954149999994
9.466666666666717 0.0569386899
9.483333333333384 0.057689402849999995
9.500000000000052 0.05895984014999999
9.516666666666719 0.05999928884999999
9.533333333333387 0.0607500018
9.550000000000054 0.06173170334999999
9.566666666666721 0.0630598878
9.583333333333389 0.063521865
9.600000000000056 0.06404158935
9.616666666666724 0.06531202665
9.633333333333391 0.06635147535
9.650000000000059 0.06733317689999999
9.666666666666726 0.06762191265
9.683333333333394 0.0686036142
9.700000000000061 0.07016278725
9.716666666666729 0.0709135002
9.733333333333396 0.07114448879999999
9.750000000000064 0.07114448879999999
9.766666666666731 0.07143322455000001
9.783333333333399 0.07293465044999999
9.800000000000066 0.07524453645
9.816666666666734 0.07674596234999999
9.833333333333401 0.0783051354
9.850000000000069 0.07957557269999999
9.866666666666736 0.08136573435
9.883333333333404 0.08211644729999999
9.900000000000071 0.08234743589999999
9.916666666666739 0.0836178732
9.933333333333406 0.08540803485
9.950000000000074 0.08615874779999999
9.966666666666741 0.08719819649999999
9.983333333333409 0.08719819649999999
10.000000000000076 0.08823764519999999
10.016666666666744 0.0899700597
10.033333333333411 0.0869672079
10.050000000000079 0.091240497
10.066666666666746 0.093550383
10.083333333333414 0.09482082029999998
10.100000000000081 0.09661098195
10.116666666666749 0.09765043065
10.133333333333416 0.09788141925
10.150000000000084 0.09938284515
10.166666666666751 0.10019130525
10.183333333333419 0.10117300679999999
10.200000000000086 0.10273217985
10.216666666666754 0.10400261714999999
10.233333333333421 0.106254756
10.250000000000089 0.10804491764999999
10.266666666666756 0.10879563059999998
10.283333333333424 0.10960409069999999
10.300000000000091 0.11035480365
10.316666666666759 0.11087452799999999
10.333333333333426 0.11185622954999999
10.350000000000094 0.11266468965
10.366666666666761 0.11364639119999999
10.383333333333429 0.1159562772
10.400000000000096 0.11722671449999998
10.416666666666764 0.11797742745
10.433333333333431 0.11901687614999999
10.450000000000099 0.11947885335
10.466666666666766 0.1210380264
10.483333333333434 0.12230846369999998
10.500000000000101 0.12282818804999998
10.516666666666769 0.1238098896
10.533333333333436 0.12484933829999999
10.550000000000104 0.12461834969999999
10.566666666666771 0.12536906264999997
10.583333333333439 0.12814092584999998
10.600000000000106 0.13021982324999998
10.616666666666774 0.13120152479999997
10.633333333333441 0.13149026055
10.650000000000109 0.13120152479999997
10.666666666666776 0.13172124915
10.683333333333444 0.13172124915
10.700000000000111 0.13276069785
10.716666666666779 0.13322267505
10.733333333333446 0.13322267505
10.750000000000114 0.13299168644999998
10.766666666666781 0.13299168644999998
10.783333333333449 0.13351141079999998
10.800000000000116 0.13403113515
10.816666666666784 0.13426212375
10.833333333333451 0.13530157245
10.850000000000119 0.13628327399999998
10.866666666666786 0.13628327399999998
10.883333333333454 0.13657200975
10.900000000000121 0.13680299835
10.916666666666789 0.1373227227
10.933333333333456 0.1375537113
10.950000000000124 0.13628327399999998
10.966666666666791 0.13657200975
10.983333333333459 0.13703398695000002
11.000000000000126 0.13830442425
11.016666666666794 0.1375537113
11.033333333333461 0.1396326087
11.050000000000129 0.14061431024999999
11.066666666666796 0.14442562215
11.083333333333464 0.14673550815
11.100000000000131 0.14696649674999998
11.116666666666799 0.1462157838
11.133333333333466 0.14673550815
11.150000000000134 0.14823693405
11.166666666666801 0.15077780865
11.183333333333469 0.15331868324999998
11.200000000000136 0.15285670604999999
11.216666666666804 0.15077780865
11.233333333333471 0.151297533
11.250000000000139 0.14927638275
11.266666666666806 0.148987647
11.283333333333474 0.1487566584
11.300000000000141 0.14927638275
11.316666666666809 0.15204824595
11.333333333333476 0.15181725734999998
11.350000000000144 0.15308769465
11.366666666666811 0.153607419
11.383333333333479 0.15539758064999998
11.400000000000146 0.15585955785
11.416666666666814 0.15689900655
11.433333333333481 0.15840043245
11.450000000000149 0.1589201568
11.466666666666816 0.15943988115
11.483333333333483 0.16071031845
11.500000000000151 0.15972861689999998
11.516666666666818 0.15972861689999998
11.533333333333486 0.1609990542
11.550000000000153 0.16123004279999997
11.566666666666821 0.1609990542
11.583333333333488 0.15943988115
11.600000000000156 0.15920889255
11.616666666666823 0.15920889255
11.633333333333491 0.16071031845
11.650000000000158 0.16123004279999997
11.666666666666826 0.1601905941
11.683333333333493 0.16146103139999998
11.700000000000161 0.16250048009999998
11.716666666666828 0.16429064175
11.733333333333496 0.16452163035
11.750000000000163 0.16683151635
11.766666666666831 0.17370342719999998
11.783333333333498 0.1787851764
11.800000000000166 0.1762443018
11.816666666666833 0.1726639785
11.833333333333501 0.17520485309999997
11.850000000000168 0.17722600335
11.866666666666836 0.17826545205
11.883333333333503 0.17855418779999999
11.90000000000017 0.17520485309999997
11.916666666666838 0.17370342719999998
11.933333333333506 0.1749738645
11.950000000000173 0.17422315154999998
11.96666666666684 0.17422315154999998
11.983333333333508 0.17422315154999998
12.000000000000176 0.17445414015
12.016666666666843 0.17647529039999998
12.03333333333351 0.17468512874999997
12.050000000000178 0.17318370285
12.066666666666846 0.1726639785
12.083333333333513 0.17370342719999998
12.10000000000018 0.1726639785
12.116666666666848 0.1650413547
12.133333333333516 0.14419463354999998
12.150000000000183 0.14517633509999997
12.16666666666685 0.15158626875
12.183333333333518 0.13276069785
12.200000000000186 0.14696649674999998
12.216666666666853 0.16047932985
12.23333333333352 0.1622694915
12.250000000000188 0.16353992879999998
12.266666666666856 0.16429064175
12.283333333333523 0.1574187309
12.30000000000019 0.16937239094999998
12.316666666666858 0.17214425414999998
12.333333333333526 0.1724329899
12.350000000000193 0.1701231039
12.36666666666686 0.1609990542
12.383333333333528 0.1563792822
12.400000000000196 0.15666801795
12.416666666666863 0.16608080339999998
12.43333333333353 0.15840043245
12.450000000000198 0.12484933829999999
12.466666666666866 0.13680299835
12.483333333333533 0.13172124915
12.5000000000002 0.1309705362
12.516666666666868 0.1665427806
12.533333333333536 0.17318370285
12.550000000000203 0.1711625526
12.56666666666687 0.17549358885
12.583333333333538 0.17855418779999999
12.600000000000206 0.1802866023
12.616666666666873 0.1825964883
12.63333333333354 0.1802866023
12.650000000000208 0.17930490075
12.666666666666876 0.17803446345
12.683333333333543 0.1825964883
12.70000000000021 0.1838669256
12.716666666666878 0.18311621264999997
12.733333333333546 0.1838669256
12.750000000000213 0.18490637429999998
12.76666666666688 0.1840979142
12.783333333333548 0.1838669256
12.800000000000216 0.1840979142
12.816666666666883 0.18438664994999998
12.83333333333355 0.18184577535
12.850000000000218 0.18184577535
12.866666666666886 0.1749738645
12.883333333333553 0.16810195365
12.90000000000022 0.16527234329999999
12.916666666666888 0.15233698169999998
12.933333333333556 0.1627314687
12.950000000000223 0.17930490075
12.96666666666689 0.1866387888
12.983333333333558 0.1874472489
13.000000000000226 0.18767823749999998
13.016666666666893 0.18767823749999998
13.03333333333356 0.18767823749999998
13.050000000000228 0.18871768619999998
13.066666666666896 0.18819796184999998
13.083333333333563 0.18871768619999998
13.10000000000023 0.18565708725
13.116666666666898 0.1864078002
13.133333333333566 0.18819796184999998
13.150000000000233 0.18871768619999998
13.1666666666669 0.18311621264999997
13.183333333333568 0.17168227695
13.200000000000236 0.179016165
13.216666666666903 0.15331868324999998
13.23333333333357 0.13807343565
13.250000000000238 0.15412714335
13.266666666666906 0.14165375894999999
13.283333333333573 0.12028731345
13.30000000000024 0.1297000989
13.316666666666908 0.13276069785
13.333333333333576 0.15181725734999998
13.350000000000243 0.17468512874999997
13.36666666666691 0.1462157838
13.383333333333578 0.10781392904999999
13.400000000000245 0.09863213219999999
13.416666666666913 0.1009420182
13.43333333333358 0.09788141925
13.450000000000248 0.0922799457
13.466666666666915 0.0933193944
13.483333333333583 0.09661098195
13.50000000000025 0.09303065865
13.516666666666918 0.0897390711
13.533333333333585 0.0869672079
13.550000000000253 0.08615874779999999
13.56666666666692 0.08615874779999999
13.583333333333588 0.08667847214999999
13.600000000000255 0.08898835814999999
13.616666666666923 0.0960912576
13.63333333333359 0.11745770309999998
13.650000000000258 0.1121449653
13.666666666666925 0.12155775075
13.683333333333593 0.10908436634999999
13.70000000000026 0.10423360574999999
13.716666666666928 0.10296316844999999
13.733333333333595 0.10117300679999999
13.750000000000263 0.0999025695
13.76666666666693 0.09915185655
13.783333333333598 0.10042229385
13.800000000000265 0.10117300679999999
13.816666666666933 0.1019814669
13.8333333333336 0.1045223415
13.850000000000268 0.10960409069999999
13.866666666666935 0.12508032689999998
13.883333333333603 0.151297533
13.90000000000027 0.14950737135
13.916666666666938 0.15840043245
13.933333333333605 0.16400190599999998
13.950000000000273 0.16885266659999998
13.96666666666694 0.1648103661
13.983333333333608 0.16146103139999998
14.000000000000275 0.1589201568
14.016666666666943 0.14696649674999998
14.03333333333361 0.15562856925
14.050000000000278 0.1609990542
14.066666666666945 0.16429064175
14.083333333333613 0.16400190599999998
14.10000000000028 0.16123004279999997
14.116666666666948 0.16071031845
14.133333333333615 0.15840043245
14.150000000000283 0.16123004279999997
14.16666666666695 0.16302020444999998
14.183333333333618 0.1589201568
14.200000000000285 0.151297533
14.216666666666953 0.1485256698
14.23333333333362 0.1487566584
14.250000000000288 0.1497961071
14.266666666666955 0.15002709569999997
14.283333333333623 0.14927638275
14.30000000000029 0.14950737135
14.316666666666958 0.1485256698
14.333333333333625 0.1485256698
14.350000000000293 0.14927638275
14.36666666666696 0.148987647
14.383333333333628 0.14800594545
14.400000000000295 0.14569605945
14.416666666666963 0.14471435789999998
14.43333333333363 0.14517633509999997
14.450000000000298 0.14442562215
14.466666666666965 0.1434439206
14.483333333333633 0.14292419625
14.5000000000003 0.14292419625
14.516666666666968 0.1439058978
14.533333333333635 0.1464467724
14.550000000000303 0.1462157838
14.56666666666697 0.14546507085
14.583333333333638 0.14367490919999998
14.600000000000305 0.14188474755
14.616666666666973 0.14090304599999998
14.63333333333364 0.14061431024999999
14.650000000000308 0.14038332165
14.666666666666975 0.14038332165
14.683333333333643 0.14090304599999998
14.70000000000031 0.14113403459999999
14.716666666666978 0.14165375894999999
14.733333333333645 0.14292419625
14.750000000000313 0.14292419625
14.76666666666698 0.14113403459999999
14.783333333333648 0.14061431024999999
14.800000000000315 0.1398635973
14.816666666666983 0.13911288435
14.83333333333365 0.13807343565
14.850000000000318 0.13680299835
14.866666666666985 0.13530157245
14.883333333333653 0.13449311235
14.90000000000032 0.13449311235
14.916666666666988 0.13426212375
14.933333333333655 0.13276069785
14.950000000000323 0.1324719621
14.96666666666699 0.1324719621
14.983333333333658 0.13172124915
15.000000000000325 0.12941136315
15.016666666666993 0.1273902129
15.03333333333366 0.12461834969999999
15.050000000000328 0.12230846369999998
15.066666666666995 0.12051830205
15.083333333333663 0.11999857769999998
15.10000000000033 0.1187281404
15.116666666666998 0.1187281404
15.133333333333665 0.11820841605
15.150000000000333 0.11774643885
15.166666666667 0.11670699015
15.183333333333668 0.11543655285
15.200000000000335 0.11520556425
15.216666666667003 0.11439710415
15.23333333333367 0.11468583989999999
15.250000000000338 0.11439710415
15.266666666667005 0.11393512694999999
15.283333333333672 0.11393512694999999
15.30000000000034 0.11312666685
15.316666666667007 0.11237595389999999
15.333333333333675 0.1111055166
15.350000000000342 0.1100660679
15.36666666666701 0.10856464199999999
15.383333333333677 0.10781392904999999
15.400000000000345 0.1070632161
15.416666666667012 0.106254756
15.43333333333368 0.1060237674
15.450000000000347 0.1057927788
15.466666666667015 0.1047533301
15.483333333333682 0.10400261714999999
15.50000000000035 0.10296316844999999
15.516666666667017 0.1022124555
15.533333333333685 0.10117300679999999
15.550000000000352 0.10117300679999999
15.56666666666702 0.0999025695
15.583333333333687 0.09892086795
15.600000000000355 0.09811240785
15.616666666667022 0.09765043065
15.63333333333369 0.09637999335
15.650000000000357 0.09557153325
15.666666666667025 0.09482082029999998
15.683333333333692 0.09458983169999999
15.70000000000036 0.093550383
15.716666666667027 0.09279967004999999
15.733333333333695 0.0922799457
15.750000000000362 0.09152923275
15.76666666666703 0.09152923275
15.783333333333697 0.09176022134999999
15.800000000000365 0.0907785198
15.816666666667032 0.0899700597
15.8333333333337 0.0895080825
15.850000000000367 0.0886996224
15.866666666667035 0.0886996224
15.883333333333702 0.08823764519999999
15.90000000000037 0.0874291851
15.916666666667037 0.08719819649999999
15.933333333333705 0.08615874779999999
15.950000000000372 0.08540803485
15.96666666666704 0.0848883105
15.983333333333707 0.08413759755
16.000000000000373 0.08263617164999999
16.01666666666704 0.08107699859999999
16.033333333333704 0.07957557269999999
16.05000000000037 0.07755442245
16.066666666667036 0.07547552504999999
16.0833333333337 0.0734543748
16.100000000000367 0.07166421315
16.116666666667033 0.07016278725
16.1333333333337 0.06941207429999999
16.150000000000365 0.06837262559999999
16.16666666666703 0.06635147535
16.183333333333696 0.063521865
16.20000000000036 0.056649954149999994
16.216666666667027 0.044465305499999996
16.233333333333693 0.04267514385
16.25000000000036 0.03863284335
16.266666666667025 0.0368426817
16.28333333333369 0.035803233
16.300000000000356 0.03863284335
16.31666666666702 0.03909482055
16.333333333333687 0.03736240605
16.350000000000353 0.03655394595
16.36666666666702 0.035572244399999994
16.383333333333685 0.033551094149999995
16.40000000000035 0.0304904952
16.416666666667016 0.02742989625
16.43333333333368 0.024600285899999998
16.450000000000347 0.02234814705
16.466666666667013 0.020269249649999998
16.48333333333368 0.01876782375
16.500000000000345 0.01772837505
16.51666666666701 0.016746673499999996
16.533333333333676 0.01599596055
16.55000000000034 0.01518750045
16.566666666667007 0.0144367875
16.583333333333673 0.01345508595
16.60000000000034 0.012646625849999999
16.616666666667005 0.011895912899999998
16.63333333333367 0.010856464199999999
16.650000000000336 0.01010575125
16.666666666667002 0.0093550383
16.683333333333668 0.008604325349999999
16.700000000000333 0.0083155896
16.716666666667 0.0078536124
16.733333333333665 0.00733388805
16.75000000000033 0.0070451522999999995
16.766666666666996 0.0068141637
16.783333333333662 0.0065831751
16.800000000000328 0.006294439349999999
16.816666666666993 0.006063450749999999
16.83333333333366 0.005774715
16.850000000000325 0.0053127378
16.86666666666699 0.0050240020499999994
16.883333333333656 0.0045042777
16.900000000000322 0.00398455335
16.916666666666988 0.0035225761499999998
16.933333333333653 0.0032338404
16.95000000000032 0.00248312745
16.966666666666985 0.00225213885
16.98333333333365 0.0019634031
17.000000000000316 0.0017324144999999998
17.016666666666982 0.0017324144999999998
17.033333333333648 0.0017324144999999998
17.050000000000313 0.0017324144999999998
17.06666666666698 0.0017324144999999998
17.083333333333645 0.00121269015
17.10000000000031 0.0
17.116666666666976 0.0
17.133333333333642 0.0
17.150000000000308 0.0
17.166666666666973 0.0
17.18333333333364 0.0
17.200000000000305 0.0
17.21666666666697 0.0
17.233333333333636 0.0
17.250000000000302 0.0
17.266666666666968 0.0
17.283333333333633 0.0
17.3000000000003 0.0
17.316666666666965 0.0
17.33333333333363 0.0
17.350000000000296 0.0
17.366666666666962 0.0
17.383333333333628 0.0
17.400000000000293 0.0
17.41666666666696 0.0
17.433333333333625 0.0
17.45000000000029 0.0
17.466666666666956 0.0
17.483333333333622 0.0
17.500000000000288 0.0
17.516666666666953 0.0
17.53333333333362 0.0
17.550000000000285 0.0
17.56666666666695 0.0
17.583333333333616 0.0
17.600000000000282 0.0
17.616666666666948 0.0
17.633333333333614 0.0
17.65000000000028 0.0
17.666666666666945 0.0
17.68333333333361 0.0
17.700000000000276 0.0
17.716666666666942 0.0
17.733333333333608 0.0
17.750000000000274 0.0
17.76666666666694 0.0
17.783333333333605 0.0
17.80000000000027 0.0
17.816666666666936 0.0
17.833333333333602 0.0
17.850000000000268 0.0
17.866666666666934 0.0
17.8833333333336 0.0
17.900000000000265 0.0
17.91666666666693 0.0
17.933333333333596 0.0
17.950000000000262 0.0
17.966666666666928 0.0
17.983333333333594 0.0
18.00000000000026 0.0
18.016666666666925 0.0
18.03333333333359 0.0
18.050000000000257 0.0
18.066666666666922 0.0
18.083333333333588 0.0
18.100000000000254 0.0
18.11666666666692 0.0
18.133333333333585 0.0
18.15000000000025 0.0
18.166666666666917 0.0
18.183333333333582 0.0
18.200000000000248 0.0
18.216666666666914 0.0
18.23333333333358 0.0
18.250000000000245 0.0
18.26666666666691 0.0
18.283333333333577 0.0
18.300000000000242 0.0
18.316666666666908 0.0
18.333333333333574 0.0
18.35000000000024 0.0
18.366666666666905 0.0
18.38333333333357 0.0
18.400000000000237 0.0
18.416666666666902 0.0
18.433333333333568 0.0
18.450000000000234 0.0
18.4666666666669 0.0
18.483333333333565 0.0
18.50000000000023 0.0
18.516666666666897 0.0
18.533333333333562 0.0
18.550000000000228 0.0
18.566666666666894 0.0
18.58333333333356 0.0
18.600000000000225 0.0
18.61666666666689 0.0
18.633333333333557 0.0
18.650000000000222 0.0
18.666666666666888 0.0
18.683333333333554 0.0
18.70000000000022 0.0
18.716666666666885 0.0
18.73333333333355 0.0
18.750000000000217 0.0
18.766666666666882 0.0
18.783333333333548 0.0
18.800000000000214 0.0
18.81666666666688 0.0
18.833333333333545 0.0
18.85000000000021 0.0
18.866666666666877 0.0
18.883333333333542 0.0
18.900000000000208 0.0
18.916666666666874 0.0
18.93333333333354 0.0
18.950000000000205 0.0
18.96666666666687 0.0
18.983333333333537 0.0
19.000000000000203 0.0
19.01666666666687 0.0
19.033333333333534 0.0
19.0500000000002 0.0
19.066666666666865 0.0
19.08333333333353 0.0
19.100000000000197 0.0
19.116666666666863 0.0
19.13333333333353 0.0
19.150000000000194 0.0
19.16666666666686 0.0
19.183333333333525 0.0
19.20000000000019 0.0
19.216666666666857 0.0
19.233333333333523 0.0
19.25000000000019 0.0
19.266666666666854 0.0
19.28333333333352 0.0
19.300000000000185 0.0
19.31666666666685 0.0
19.333333333333517 0.0
19.350000000000183 0.0
19.36666666666685 0.0
19.383333333333514 0.0
19.40000000000018 0.0
19.416666666666845 0.0
19.43333333333351 0.0
19.450000000000177 0.0
19.466666666666843 0.0
19.48333333333351 0.0
19.500000000000174 0.0
19.51666666666684 0.0
19.533333333333506 0.0
19.55000000000017 0.0
19.566666666666837 0.0
19.583333333333503 0.0
19.60000000000017 0.0
19.616666666666834 0.0
19.6333333333335 0.0
19.650000000000166 0.0
19.66666666666683 0.0
19.683333333333497 0.0
19.700000000000163 0.0
19.71666666666683 0.0
19.733333333333494 0.0
19.75000000000016 0.0
19.766666666666826 0.0
19.78333333333349 0.0
19.800000000000157 0.0
19.816666666666823 0.0
19.83333333333349 0.0
19.850000000000154 0.0
19.86666666666682 0.0
19.883333333333486 0.0
19.90000000000015 0.0
19.916666666666817 0.0
19.933333333333483 0.0
19.95000000000015 0.0
19.966666666666814 0.0
19.98333333333348 0.0
20.000000000000146 0.0
20.01666666666681 0.0
20.033333333333477 0.0
20.050000000000143 0.0
20.06666666666681 0.0
20.083333333333474 0.0
20.10000000000014 0.0
20.116666666666806 0.0
20.13333333333347 0.0
20.150000000000137 0.0
20.166666666666803 0.0
20.18333333333347 0.0
20.200000000000134 0.0
20.2166666666668 0.0
20.233333333333466 0.0
20.25000000000013 0.0
20.266666666666797 0.0
20.283333333333463 0.0
20.30000000000013 0.0
20.316666666666794 0.0
20.33333333333346 0.0
20.350000000000126 0.0
20.36666666666679 0.0
20.383333333333457 0.0
20.400000000000123 0.0
20.41666666666679 0.0
20.433333333333454 0.0
20.45000000000012 0.0
20.466666666666786 0.0
20.48333333333345 0.0
20.500000000000117 0.0
20.516666666666783 0.0
20.53333333333345 0.0
20.550000000000114 0.0
20.56666666666678 0.0
20.583333333333446 0.0
20.60000000000011 0.0
20.616666666666777 0.0
20.633333333333443 0.0
20.65000000000011 0.0
20.666666666666774 0.0
20.68333333333344 0.0
20.700000000000106 0.0
20.71666666666677 0.0
20.733333333333437 0.0
20.750000000000103 0.0
20.76666666666677 0.0
20.783333333333434 0.0
20.8000000000001 0.0
20.816666666666766 0.0
20.83333333333343 0.0
20.850000000000097 0.0
20.866666666666763 0.0
20.88333333333343 0.0
20.900000000000095 0.0
20.91666666666676 0.0
20.933333333333426 0.0
20.95000000000009 0.0
20.966666666666757 0.0
20.983333333333423 0.0
21.00000000000009 0.0
21.016666666666755 0.0
21.03333333333342 0.0
21.050000000000086 0.0
21.06666666666675 0.0
21.083333333333417 0.0
21.100000000000083 0.0
21.11666666666675 0.0
21.133333333333415 0.0
21.15000000000008 0.0
21.166666666666746 0.0
21.18333333333341 0.0
21.200000000000077 0.0
21.216666666666743 0.0
21.23333333333341 0.0
21.250000000000075 0.0
21.26666666666674 0.0
21.283333333333406 0.0
21.30000000000007 0.0
21.316666666666737 0.0
21.333333333333403 0.0
21.35000000000007 0.0
21.366666666666735 0.0
21.3833333333334 0.0
21.400000000000066 0.0
21.416666666666732 0.0
21.433333333333398 0.0
21.450000000000063 0.0
21.46666666666673 0.0
21.483333333333395 0.0
21.50000000000006 0.0
21.516666666666726 0.0
21.533333333333392 0.0
21.550000000000058 0.0
21.566666666666723 0.0
21.58333333333339 0.0
21.600000000000055 0.0
21.61666666666672 0.0
21.633333333333386 0.0
21.650000000000052 0.0
21.666666666666718 0.0
21.683333333333383 0.0
21.70000000000005 0.0
21.716666666666715 0.0
21.73333333333338 0.0
21.750000000000046 0.0
21.766666666666712 0.0
21.783333333333378 0.0
21.800000000000043 0.0
21.81666666666671 0.0
21.833333333333375 0.0
21.85000000000004 0.0
21.866666666666706 0.0
21.883333333333372 0.0
21.900000000000038 0.0
21.916666666666703 0.0
21.93333333333337 0.0
21.950000000000035 0.0
21.9666666666667 0.0
21.983333333333366 0.0
22.000000000000032 0.0
22.016666666666698 0.0
22.033333333333363 0.0
22.05000000000003 0.0
22.066666666666695 0.0
22.08333333333336 0.0
22.100000000000026 0.0
22.116666666666692 0.0
22.133333333333358 0.0
22.150000000000023 0.0
22.16666666666669 0.0
22.183333333333355 0.0
22.20000000000002 0.0
22.216666666666686 0.0
22.233333333333352 0.0
22.250000000000018 0.0
22.266666666666683 0.0
22.28333333333335 0.0
22.300000000000015 0.0
22.31666666666668 0.0
22.333333333333346 0.0
22.350000000000012 0.0
22.366666666666678 0.0
22.383333333333344 0.0
22.40000000000001 0.0
22.416666666666675 0.0
22.43333333333334 0.0
22.450000000000006 0.0
22.466666666666672 0.0
22.483333333333338 0.0
22.500000000000004 0.0
22.51666666666667 0.0
22.533333333333335 0.0
22.55 0.0
22.566666666666666 0.0
22.583333333333332 0.0
22.599999999999998 0.0
22.616666666666664 0.0
22.63333333333333 0.0
22.649999999999995 0.0
22.66666666666666 0.0
22.683333333333326 0.0
22.699999999999992 0.0
22.716666666666658 0.0
22.733333333333324 0.0
22.74999999999999 0.0
22.766666666666655 0.0
22.78333333333332 0.0
22.799999999999986 0.0
22.816666666666652 0.0
22.833333333333318 0.0
22.849999999999984 0.0
22.86666666666665 0.0
22.883333333333315 0.0
22.89999999999998 0.0
22.916666666666647 0.0
22.933333333333312 0.0
22.949999999999978 0.0
22.966666666666644 0.0
22.98333333333331 0.0
22.999999999999975 0.0
23.01666666666664 0.0
23.033333333333307 0.0
23.049999999999972 0.0
23.066666666666638 0.0
23.083333333333304 0.0
23.09999999999997 0.0
23.116666666666635 0.0
23.1333333333333 0.0
23.149999999999967 0.0
23.166666666666632 0.0
23.183333333333298 0.0
23.199999999999964 0.0
23.21666666666663 0.0
23.233333333333295 0.0
23.24999999999996 0.0
23.266666666666627 0.0
23.283333333333292 0.0
23.299999999999958 0.0
23.316666666666624 0.0
23.33333333333329 0.0
23.349999999999955 0.0
23.36666666666662 0.0
23.383333333333287 0.0
23.399999999999952 0.0
23.416666666666618 0.0
23.433333333333284 0.0
23.44999999999995 0.0
23.466666666666615 0.0
23.48333333333328 0.0
23.499999999999947 0.0
23.516666666666612 0.0
23.533333333333278 0.0
23.549999999999944 0.0
23.56666666666661 0.0
23.583333333333275 0.0
23.59999999999994 0.0
23.616666666666607 0.0
23.633333333333272 0.0
23.649999999999938 0.0
23.666666666666604 0.0
23.68333333333327 0.0
23.699999999999935 0.0
23.7166666666666 0.0
23.733333333333267 0.0
23.749999999999932 0.0
23.766666666666598 0.0
23.783333333333264 0.0
23.79999999999993 0.0
23.816666666666595 0.0
23.83333333333326 0.0
23.849999999999927 0.0
23.866666666666593 0.0
23.88333333333326 0.0
23.899999999999924 0.0
23.91666666666659 0.0
23.933333333333255 0.0
23.94999999999992 0.0
23.966666666666587 0.0
23.983333333333253 0.0
