0 0.0
0.016666666666666666 0.0
0.03333333333333333 0.0
0.05 0.0
0.06666666666666667 0.0
0.08333333333333333 0.0
0.09999999999999999 0.0
0.11666666666666665 0.0
0.13333333333333333 0.0
0.15 0.0
0.16666666666666666 0.0
0.18333333333333332 0.0
0.19999999999999998 0.0
0.21666666666666665 0.0
0.2333333333333333 0.0
0.24999999999999997 0.0
0.26666666666666666 0.0
0.2833333333333333 0.0
0.3 0.0
0.31666666666666665 0.0
0.3333333333333333 0.0
0.35 0.0
0.36666666666666664 0.0
0.3833333333333333 0.0
0.39999999999999997 0.0
0.41666666666666663 0.0
0.4333333333333333 0.0
0.44999999999999996 0.0
0.4666666666666666 0.0
0.4833333333333333 0.0
0.49999999999999994 0.0
0.5166666666666666 0.0
0.5333333333333333 0.0
0.55 0.0
0.5666666666666668 0.0
0.5833333333333335 0.0
0.6000000000000002 0.0
0.6166666666666669 0.0
0.6333333333333336 0.0
0.6500000000000004 0.0
0.6666666666666671 0.0
0.6833333333333338 0.0
0.7000000000000005 0.0
0.7166666666666672 0.0
0.733333333333334 0.0
0.7500000000000007 0.0
0.7666666666666674 0.0
0.7833333333333341 0.0
0.8000000000000008 0.0
0.8166666666666675 0.0
0.8333333333333343 0.0
0.850000000000001 0.0
0.8666666666666677 0.0
0.8833333333333344 0.0
0.9000000000000011 0.0
0.9166666666666679 0.0
0.9333333333333346 0.0
0.9500000000000013 0.0
0.966666666666668 0.0
0.9833333333333347 0.0
1.0000000000000013 0.0
1.016666666666668 0.0
1.0333333333333345 0.0
1.0500000000000012 0.0
1.0666666666666678 0.0
1.0833333333333344 0.0
1.100000000000001 0.0
1.1166666666666676 0.0
1.1333333333333342 0.0
1.1500000000000008 0.0
1.1666666666666674 0.0
1.183333333333334 0.0
1.2000000000000006 0.0
1.2166666666666672 0.0
1.2333333333333338 0.0
1.2500000000000004 0.0
1.266666666666667 0.0
1.2833333333333337 0.0
1.3000000000000003 0.0
1.3166666666666669 0.0
1.3333333333333335 0.0
1.35 0.0
1.3666666666666667 0.0
1.3833333333333333 0.0
1.4 0.0
1.4166666666666665 0.0
1.4333333333333331 0.0
1.4499999999999997 0.0
1.4666666666666663 0.0
1.483333333333333 0.0
1.4999999999999996 0.0
1.5166666666666662 0.0
1.5333333333333328 0.0
1.5499999999999994 0.0
1.566666666666666 0.0
1.5833333333333326 0.0
1.5999999999999992 0.0
1.6166666666666658 0.0
1.6333333333333324 0.0
1.649999999999999 0.0
1.6666666666666656 0.0
1.6833333333333322 0.0
1.6999999999999988 0.0
1.7166666666666655 0.0
1.733333333333332 0.0
1.7499999999999987 0.0
1.7666666666666653 0.0
1.7833333333333319 0.0
1.7999999999999985 0.0
1.816666666666665 0.0
1.8333333333333317 0.0
1.8499999999999983 0.0
1.866666666666665 0.0
1.8833333333333315 0.0
1.8999999999999981 0.0
1.9166666666666647 0.0
1.9333333333333313 0.0
1.949999999999998 0.0
1.9666666666666646 0.0
1.9833333333333312 0.0
1.9999999999999978 0.0
2.0166666666666644 0.0
2.033333333333331 0.0
2.0499999999999976 0.0
2.066666666666664 0.0
2.083333333333331 0.0
2.0999999999999974 0.0
2.116666666666664 0.0
2.1333333333333306 0.0
2.1499999999999972 0.0
2.166666666666664 0.0
2.1833333333333305 0.0
2.199999999999997 0.0
2.2166666666666637 0.0
2.2333333333333303 0.0
2.249999999999997 0.0
2.2666666666666635 0.0
2.28333333333333 0.0
2.2999999999999967 0.0
2.3166666666666633 0.0
2.33333333333333 0.0
2.3499999999999965 0.0
2.366666666666663 0.0
2.3833333333333298 0.0
2.3999999999999964 0.0
2.416666666666663 0.0
2.4333333333333296 0.0
2.449999999999996 0.0
2.466666666666663 0.0
2.4833333333333294 0.0
2.499999999999996 0.0
2.5166666666666626 0.0
2.533333333333329 0.0
2.549999999999996 0.0
2.5666666666666624 0.0
2.583333333333329 0.0
2.5999999999999956 0.0
2.6166666666666623 0.0
2.633333333333329 0.0
2.6499999999999955 0.0
2.666666666666662 0.0
2.6833333333333287 0.0
2.6999999999999953 0.0
2.716666666666662 0.0
2.7333333333333285 0.0
2.749999999999995 0.0
2.7666666666666617 0.0
2.7833333333333283 0.0
2.799999999999995 0.0
2.8166666666666615 0.0
2.833333333333328 0.0
2.8499999999999948 0.0
2.8666666666666614 0.0
2.883333333333328 0.0
2.8999999999999946 0.0
2.916666666666661 0.0
2.933333333333328 0.0
2.9499999999999944 0.0
2.966666666666661 0.0
2.9833333333333276 0.0
2.9999999999999942 0.0
3.016666666666661 0.0
3.0333333333333274 0.0
3.049999999999994 0.0
3.0666666666666607 0.0
3.0833333333333273 0.0
3.099999999999994 0.0
3.1166666666666605 0.0
3.133333333333327 0.0
3.1499999999999937 0.0
3.1666666666666603 0.0
3.183333333333327 0.0
3.1999999999999935 0.0
3.21666666666666 0.0
3.2333333333333267 0.0
3.2499999999999933 0.0
3.26666666666666 0.0
3.2833333333333266 0.0
3.299999999999993 0.0
3.3166666666666598 0.0
3.3333333333333264 0.0
3.349999999999993 0.0
3.3666666666666596 0.0
3.383333333333326 0.0
3.399999999999993 0.0
3.4166666666666594 0.0
3.433333333333326 0.0
3.4499999999999926 0.0
3.4666666666666592 0.0
3.483333333333326 0.0
3.4999999999999925 0.0
3.516666666666659 0.0
3.5333333333333257 0.0
3.5499999999999923 0.0
3.566666666666659 0.0
3.5833333333333255 0.0
3.599999999999992 0.0
3.6166666666666587 0.0
3.6333333333333253 0.0
3.649999999999992 0.0
3.6666666666666585 0.0
3.683333333333325 0.0
3.6999999999999917 0.0
3.7166666666666583 0.0
3.733333333333325 0.0
3.7499999999999916 0.0
3.766666666666658 0.0
3.7833333333333248 0.0
3.7999999999999914 0.0
3.816666666666658 0.0
3.8333333333333246 0.0
3.849999999999991 0.0
3.866666666666658 0.0
3.8833333333333244 0.0
3.899999999999991 0.0
3.9166666666666576 0.0
3.9333333333333242 0.0
3.949999999999991 0.0
3.9666666666666575 0.0
3.983333333333324 0.0
3.9999999999999907 0.0
4.016666666666658 0.0
4.033333333333324 0.0
4.049999999999991 0.0
4.0666666666666575 0.0
4.083333333333324 0.0
4.099999999999991 0.0
4.116666666666657 0.0
4.133333333333324 0.0
4.149999999999991 0.0
4.166666666666657 0.0
4.183333333333324 0.0
4.19999999999999 0.0
4.216666666666657 0.0
4.233333333333324 0.0
4.24999999999999 0.0
4.266666666666657 0.0
4.2833333333333234 0.0
4.29999999999999 0.0
4.316666666666657 0.0
4.333333333333323 0.0
4.34999999999999 0.0
4.3666666666666565 0.0
4.383333333333323 0.0
4.39999999999999 0.0
4.416666666666656 0.0
4.433333333333323 0.0
4.4499999999999895 0.0
4.466666666666656 0.0
4.483333333333323 0.0
4.499999999999989 0.0
4.516666666666656 0.0
4.533333333333323 0.0
4.549999999999989 0.0
4.566666666666656 0.0
4.583333333333322 0.0
4.599999999999989 0.0
4.616666666666656 0.0
4.633333333333322 0.0
4.649999999999989 0.0
4.666666666666655 0.0
4.683333333333322 0.0
4.699999999999989 0.0
4.716666666666655 0.0
4.733333333333322 0.0
4.7499999999999885 0.0
4.766666666666655 0.0
4.783333333333322 0.0
4.799999999999988 0.0
4.816666666666655 0.0
4.8333333333333215 0.0
4.849999999999988 0.0
4.866666666666655 0.0
4.883333333333321 0.0
4.899999999999988 0.0
4.9166666666666545 0.0
4.933333333333321 0.0
4.949999999999988 0.0
4.966666666666654 0.0
4.983333333333321 0.0
4.999999999999988 0.0
5.016666666666654 0.0
5.033333333333321 0.0
5.049999999999987 0.0
5.066666666666654 0.0
5.083333333333321 0.0
5.099999999999987 0.0
5.116666666666654 0.0
5.13333333333332 0.0
5.149999999999987 0.0
5.166666666666654 0.0
5.18333333333332 0.0
5.199999999999987 0.0
5.2166666666666535 0.0
5.23333333333332 0.0
5.249999999999987 0.0
5.266666666666653 0.0
5.28333333333332 0.0
5.2999999999999865 0.0
5.316666666666653 0.0
5.33333333333332 0.0
5.349999999999986 0.0
5.366666666666653 0.0
5.3833333333333195 0.0
5.399999999999986 0.0
5.416666666666653 0.0
5.433333333333319 0.0
5.449999999999986 0.0
5.466666666666653 0.0
5.483333333333319 0.0
5.499999999999986 0.0
5.516666666666652 0.0
5.533333333333319 0.0
5.549999999999986 0.0
5.566666666666652 0.0
5.583333333333319 0.0
5.599999999999985 0.0
5.616666666666652 0.0
5.633333333333319 0.0
5.649999999999985 0.0
5.666666666666652 0.0
5.6833333333333185 0.0
5.699999999999985 0.0
5.716666666666652 0.0
5.733333333333318 0.0
5.749999999999985 0.0
5.7666666666666515 0.0
5.783333333333318 0.0
5.799999999999985 0.0
5.816666666666651 0.0
5.833333333333318 0.0
5.8499999999999845 0.0
5.866666666666651 0.0
5.883333333333318 0.0
5.899999999999984 0.0
5.916666666666651 0.0
5.933333333333318 0.0
5.949999999999984 0.0
5.966666666666651 0.0
5.983333333333317 0.0
5.999999999999984 0.0
6.016666666666651 0.0
6.033333333333317 0.0
6.049999999999984 0.0
6.06666666666665 0.0
6.083333333333317 0.0
6.099999999999984 0.0
6.11666666666665 0.0
6.133333333333317 0.0
6.1499999999999835 0.0
6.16666666666665 0.31
6.183333333333317 0.41000000000000003
6.199999999999983 0.51
6.21666666666665 0.48
6.2333333333333165 0.53
6.249999999999983 0.71
6.26666666666665 0.36
6.283333333333316 0.61
6.299999999999983 0.42999999999999994
6.3166666666666496 0.73
6.333333333333316 0.8599999999999999
6.349999999999983 0.51
6.366666666666649 0.71
6.383333333333316 0.78
6.399999999999983 1.24
6.416666666666649 0.76
6.433333333333316 1.24
6.449999999999982 1.11
6.466666666666649 0.96
6.483333333333316 1.3900000000000001
6.499999999999982 1.06
6.516666666666649 1.36
6.5333333333333155 1.3900000000000001
6.549999999999982 1.59
6.566666666666649 2.07
6.583333333333315 1.3900000000000001
6.599999999999982 1.79
6.6166666666666485 1.7399999999999998
6.633333333333315 2.27
6.649999999999982 2.15
6.666666666666648 2.3000000000000003
6.683333333333315 2.3000000000000003
6.6999999999999815 2.4
6.716666666666648 2.8000000000000003
6.733333333333315 2.75
6.749999999999981 2.8000000000000003
6.766666666666648 2.8499999999999996
6.783333333333315 3.05
6.799999999999981 2.7700000000000005
6.816666666666648 3.53
6.833333333333314 3.2800000000000002
6.849999999999981 3.25
6.866666666666648 3.63
6.883333333333314 3.7800000000000002
6.899999999999981 4.14
6.916666666666647 3.91
6.933333333333314 4.109999999999999
6.949999999999981 4.109999999999999
6.966666666666647 4.31
6.983333333333314 4.640000000000001
6.9999999999999805 4.66
7.016666666666647 4.92
7.033333333333314 4.71
7.04999999999998 4.87
7.066666666666647 5.390000000000001
7.0833333333333135 5.6499999999999995
7.09999999999998 5.44
7.116666666666647 5.699999999999999
7.133333333333313 6.0
7.14999999999998 5.819999999999999
7.1666666666666465 6.18
7.183333333333313 6.15
7.19999999999998 6.550000000000001
7.216666666666646 6.680000000000001
7.233333333333313 6.15
7.24999999999998 6.879999999999999
7.266666666666646 6.879999999999999
7.283333333333313 7.08
7.299999999999979 7.279999999999999
7.316666666666646 7.21
7.333333333333313 7.41
7.349999999999979 7.43
7.366666666666646 7.99
7.383333333333312 7.8100000000000005
7.399999999999979 7.94
7.416666666666646 7.890000000000001
7.433333333333312 7.76
7.449999999999979 8.32
7.4666666666666455 8.44
7.483333333333312 8.69
7.499999999999979 8.62
7.516666666666645 9.05
7.533333333333312 8.97
7.5499999999999785 9.45
7.566666666666645 9.5
7.583333333333312 9.879999999999999
7.599999999999978 9.9
7.616666666666645 10.16
7.6333333333333115 10.329999999999998
7.649999999999978 10.629999999999999
7.666666666666645 10.46
7.683333333333311 10.809999999999999
7.699999999999978 10.760000000000002
7.716666666666645 10.99
7.733333333333311 11.06
7.749999999999978 11.14
7.766666666666644 11.19
7.783333333333311 11.16
7.799999999999978 11.09
7.816666666666644 10.91
7.833333333333311 10.91
7.849999999999977 10.860000000000001
7.866666666666644 11.44
7.883333333333311 11.92
7.899999999999977 12.12
7.916666666666644 12.620000000000001
7.9333333333333105 12.98
7.949999999999977 13.100000000000001
7.966666666666644 13.33
7.98333333333331 13.33
7.999999999999977 13.48
8.016666666666644 13.680000000000001
8.033333333333312 13.73
8.04999999999998 13.879999999999999
8.066666666666647 13.81
8.083333333333314 14.11
8.099999999999982 14.54
8.11666666666665 15.04
8.133333333333317 14.990000000000002
8.149999999999984 15.24
8.166666666666652 15.549999999999999
8.18333333333332 15.67
8.199999999999987 16.279999999999998
8.216666666666654 16.63
8.233333333333322 17.18
8.24999999999999 17.38
8.266666666666657 17.61
8.283333333333324 17.81
8.299999999999992 17.91
8.31666666666666 17.89
8.333333333333327 17.740000000000002
8.349999999999994 18.060000000000002
8.366666666666662 18.49
8.38333333333333 18.82
8.399999999999997 19.02
8.416666666666664 19.650000000000002
8.433333333333332 19.78
8.45 19.93
8.466666666666667 20.51
8.483333333333334 20.910000000000004
8.500000000000002 21.19
8.51666666666667 21.34
8.533333333333337 21.44
8.550000000000004 21.54
8.566666666666672 21.79
8.58333333333334 22.17
8.600000000000007 22.599999999999998
8.616666666666674 22.95
8.633333333333342 23.18
8.65000000000001 23.43
8.666666666666677 23.66
8.683333333333344 23.81
8.700000000000012 23.83
8.71666666666668 23.88
8.733333333333347 24.060000000000002
8.750000000000014 24.19
8.766666666666682 24.51
8.78333333333335 24.81
8.800000000000017 25.09
8.816666666666684 25.32
8.833333333333352 25.6
8.85000000000002 25.72
8.866666666666687 25.9
8.883333333333354 26.099999999999998
8.900000000000022 26.12
8.91666666666669 26.07
8.933333333333357 26.65
8.950000000000024 26.78
8.966666666666692 27.21
8.98333333333336 27.46
9.000000000000027 27.59
9.016666666666694 27.740000000000002
9.033333333333362 27.839999999999996
9.05000000000003 28.11
9.066666666666697 28.47
9.083333333333364 28.84
9.100000000000032 29.169999999999998
9.1166666666667 29.45
9.133333333333367 29.65
9.150000000000034 30.049999999999997
9.166666666666702 30.43
9.183333333333369 30.58
9.200000000000037 30.71
9.216666666666704 30.910000000000004
9.233333333333372 31.16
9.250000000000039 31.31
9.266666666666707 31.619999999999997
9.283333333333374 31.89
9.300000000000042 32.17
9.316666666666709 32.370000000000005
9.333333333333377 32.62
9.350000000000044 32.75
9.366666666666712 32.95
9.383333333333379 33.13
9.400000000000047 33.23
9.416666666666714 33.4
9.433333333333382 33.58
9.450000000000049 33.61
9.466666666666717 33.63
9.483333333333384 33.76
9.500000000000052 33.91
9.516666666666719 34.260000000000005
9.533333333333387 34.46
9.550000000000054 34.81
9.566666666666721 34.92
9.583333333333389 35.089999999999996
9.600000000000056 35.42
9.616666666666724 35.6
9.633333333333391 35.65
9.650000000000059 35.52
9.666666666666726 35.47
9.683333333333394 35.870000000000005
9.700000000000061 36.43
9.716666666666729 36.68
9.733333333333396 36.800000000000004
9.750000000000064 37.18
9.766666666666731 37.21
9.783333333333399 37.160000000000004
9.800000000000066 37.54
9.816666666666734 37.74
9.833333333333401 37.69
9.850000000000069 38.06
9.866666666666736 38.42
9.883333333333404 38.44
9.900000000000071 38.74
9.916666666666739 38.9
9.933333333333406 39.07
9.950000000000074 39.300000000000004
9.966666666666741 39.55
9.983333333333409 39.93
10.000000000000076 40.18
10.016666666666744 40.330000000000005
10.033333333333411 40.76
10.050000000000079 41.239999999999995
10.066666666666746 41.82000000000001
10.083333333333414 41.97
10.100000000000081 41.94
10.116666666666749 41.790000000000006
10.133333333333416 41.89
10.150000000000084 41.84
10.166666666666751 41.92
10.183333333333419 41.74
10.200000000000086 41.82000000000001
10.216666666666754 41.46
10.233333333333421 40.99
10.250000000000089 41.11
10.266666666666756 41.52
10.283333333333424 41.84
10.300000000000091 42.35
10.316666666666759 42.400000000000006
10.333333333333426 42.93
10.350000000000094 43.03
10.366666666666761 43.08
10.383333333333429 42.599999999999994
10.400000000000096 44.13
10.416666666666764 44.459999999999994
10.433333333333431 44.459999999999994
10.450000000000099 44.41
10.466666666666766 44.56
10.483333333333434 44.92
10.500000000000101 45.57000000000001
10.516666666666769 45.75
10.533333333333436 45.75
10.550000000000104 45.67
10.566666666666771 45.42
10.583333333333439 45.37
10.600000000000106 45.32
10.616666666666774 45.72
10.633333333333441 46.17
10.650000000000109 46.150000000000006
10.666666666666776 46.379999999999995
10.683333333333444 46.580000000000005
10.700000000000111 46.8
10.716666666666779 47.21
10.733333333333446 47.31
10.750000000000114 47.33
10.766666666666781 46.68
10.783333333333449 46.6
10.800000000000116 45.919999999999995
10.816666666666784 45.82
10.833333333333451 46.75
10.850000000000119 46.78
10.866666666666786 47.11
10.883333333333454 47.21
10.900000000000121 47.160000000000004
10.916666666666789 47.96
10.933333333333456 48.64
10.950000000000124 48.620000000000005
10.966666666666791 48.87
10.983333333333459 49.12
11.000000000000126 48.52
11.016666666666794 48.239999999999995
11.033333333333461 48.37
11.050000000000129 48.69
11.066666666666796 48.78999999999999
11.083333333333464 48.92
11.100000000000131 49.12
11.116666666666799 48.9
11.133333333333466 48.72
11.150000000000134 48.57
11.166666666666801 47.94
11.183333333333469 48.269999999999996
11.200000000000136 47.59
11.216666666666804 47.480000000000004
11.233333333333471 47.910000000000004
11.250000000000139 48.37
11.266666666666806 48.620000000000005
11.283333333333474 49.12
11.300000000000141 49.349999999999994
11.316666666666809 49.42
11.333333333333476 48.57
11.350000000000144 49.050000000000004
11.366666666666811 49.68
11.383333333333479 49.0
11.400000000000146 49.400000000000006
11.416666666666814 49.75
11.433333333333481 49.45
11.450000000000149 49.15
11.466666666666816 49.12
11.483333333333483 48.78999999999999
11.500000000000151 48.010000000000005
11.516666666666818 48.22
11.533333333333486 46.550000000000004
11.550000000000153 42.67
11.566666666666821 29.830000000000002
11.583333333333488 31.720000000000002
11.600000000000156 27.86
11.616666666666823 27.31
11.633333333333491 26.96
11.650000000000158 26.7
11.666666666666826 26.28
11.683333333333493 26.53
11.700000000000161 27.509999999999998
11.716666666666828 35.72
11.733333333333496 34.89
11.750000000000163 32.85
11.766666666666831 50.26
11.783333333333498 51.52
11.800000000000166 52.85
11.816666666666833 53.099999999999994
11.833333333333501 52.47
11.850000000000168 52.42
11.866666666666836 53.35
11.883333333333503 53.230000000000004
11.90000000000017 52.519999999999996
11.916666666666838 51.239999999999995
11.933333333333506 52.519999999999996
11.950000000000173 53.05
11.96666666666684 52.169999999999995
11.983333333333508 41.31
12.000000000000176 46.379999999999995
12.016666666666843 51.19
12.03333333333351 50.43
12.050000000000178 41.62
12.066666666666846 44.34
12.083333333333513 40.18
12.10000000000018 46.529999999999994
12.116666666666848 51.06
12.133333333333516 52.12
12.150000000000183 53.3
12.16666666666685 53.68000000000001
12.183333333333518 55.09
12.200000000000186 55.769999999999996
12.216666666666853 55.57000000000001
12.23333333333352 55.49
12.250000000000188 56.379999999999995
12.266666666666856 57.38
12.283333333333523 57.809999999999995
12.30000000000019 58.239999999999995
12.316666666666858 57.99
12.333333333333526 58.239999999999995
12.350000000000193 58.57
12.36666666666686 58.22
12.383333333333528 55.339999999999996
12.400000000000196 58.59
12.416666666666863 59.2
12.43333333333353 60.709999999999994
12.450000000000198 61.74
12.466666666666866 60.480000000000004
12.483333333333533 60.480000000000004
12.5000000000002 57.74
12.516666666666868 56.48
12.533333333333536 51.31
12.550000000000203 38.620000000000005
12.56666666666687 31.36
12.583333333333538 27.41
12.600000000000206 22.75
12.616666666666873 20.28
12.63333333333354 18.95
12.650000000000208 17.94
12.666666666666876 17.16
12.683333333333543 16.53
12.70000000000021 16.0
12.716666666666878 15.52
12.733333333333546 14.990000000000002
12.750000000000213 14.39
12.76666666666688 13.81
12.783333333333548 13.280000000000001
12.800000000000216 12.85
12.816666666666883 12.42
12.83333333333355 11.97
12.850000000000218 11.459999999999999
12.866666666666886 10.96
12.883333333333553 10.51
12.90000000000022 10.0
12.916666666666888 9.549999999999999
12.933333333333556 9.1
12.950000000000223 8.74
12.96666666666689 8.42
12.983333333333558 8.06
13.000000000000226 7.74
13.016666666666893 7.38
13.03333333333356 7.109999999999999
13.050000000000228 6.909999999999999
13.066666666666896 6.73
13.083333333333563 6.680000000000001
13.10000000000023 6.65
13.116666666666898 6.6000000000000005
13.133333333333566 6.58
13.150000000000233 6.58
13.1666666666669 6.630000000000001
13.183333333333568 6.73
13.200000000000236 6.86
13.216666666666903 7.01
13.23333333333357 7.2299999999999995
13.250000000000238 7.46
13.266666666666906 7.74
13.283333333333573 7.99
13.30000000000024 8.24
13.316666666666908 8.57
13.333333333333576 8.82
13.350000000000243 9.07
13.36666666666691 9.27
13.383333333333578 9.370000000000001
13.400000000000245 9.5
13.416666666666913 9.58
13.43333333333358 9.629999999999999
13.450000000000248 9.7
13.466666666666915 9.78
13.483333333333583 9.879999999999999
13.50000000000025 10.03
13.516666666666918 10.26
13.533333333333585 10.56
13.550000000000253 10.99
13.56666666666692 11.67
13.583333333333588 12.5
13.600000000000255 13.66
13.616666666666923 15.04
13.63333333333359 16.68
13.650000000000258 18.95
13.666666666666925 0.0
13.683333333333593 25.369999999999997
13.70000000000026 30.51
13.716666666666928 37.76
13.733333333333595 40.330000000000005
13.750000000000263 41.21000000000001
13.76666666666693 40.410000000000004
13.783333333333598 44.21
13.800000000000265 45.72
13.816666666666933 45.970000000000006
13.8333333333336 46.3
13.850000000000268 47.41
13.866666666666935 46.1
13.883333333333603 45.49
13.90000000000027 43.449999999999996
13.916666666666938 35.6
13.933333333333605 31.720000000000002
13.950000000000273 30.48
13.96666666666694 33.33
13.983333333333608 31.54
14.000000000000275 28.95
14.016666666666943 28.11
14.03333333333361 27.18
14.050000000000278 26.099999999999998
14.066666666666945 25.09
14.083333333333613 23.93
14.10000000000028 23.15
14.116666666666948 22.75
14.133333333333615 22.799999999999997
14.150000000000283 23.450000000000003
14.16666666666695 22.72
14.183333333333618 21.939999999999998
14.200000000000285 20.96
14.216666666666953 20.38
14.23333333333362 19.88
14.250000000000288 19.5
14.266666666666955 19.78
14.283333333333623 20.659999999999997
14.30000000000029 21.89
14.316666666666958 23.730000000000004
14.333333333333625 25.97
14.350000000000293 27.66
14.36666666666696 28.22
14.383333333333628 28.39
14.400000000000295 29.119999999999997
14.416666666666963 31.06
14.43333333333363 37.03
14.450000000000298 39.32
14.466666666666965 42.07
14.483333333333633 42.04
14.5000000000003 43.099999999999994
14.516666666666968 39.980000000000004
14.533333333333635 34.61
14.550000000000303 30.58
14.56666666666697 27.86
14.583333333333638 26.099999999999998
14.600000000000305 24.64
14.616666666666973 22.98
14.63333333333364 21.16
14.650000000000308 19.75
14.666666666666975 18.69
14.683333333333643 17.86
14.70000000000031 17.259999999999998
14.716666666666978 16.88
14.733333333333645 16.7
14.750000000000313 16.63
14.76666666666698 16.38
14.783333333333648 16.15
14.800000000000315 15.9
14.816666666666983 15.620000000000001
14.83333333333365 15.34
14.850000000000318 15.069999999999999
14.866666666666985 14.66
14.883333333333653 14.190000000000001
14.90000000000032 13.71
14.916666666666988 13.38
14.933333333333655 13.149999999999999
14.950000000000323 12.98
14.96666666666699 12.93
14.983333333333658 12.95
15.000000000000325 13.049999999999999
15.016666666666993 13.129999999999999
15.03333333333366 13.18
15.050000000000328 13.100000000000001
15.066666666666995 12.9
15.083333333333663 12.6
15.10000000000033 12.350000000000001
15.116666666666998 12.270000000000001
15.133333333333665 12.219999999999999
15.150000000000333 12.170000000000002
15.166666666667 12.12
15.183333333333668 12.219999999999999
15.200000000000335 12.350000000000001
15.216666666667003 12.549999999999999
15.23333333333367 12.72
15.250000000000338 12.85
15.266666666667005 12.95
15.283333333333672 13.049999999999999
15.30000000000034 13.129999999999999
15.316666666667007 13.23
15.333333333333675 13.3
15.350000000000342 13.5
15.36666666666701 13.73
15.383333333333677 14.01
15.400000000000345 14.39
15.416666666667012 14.76
15.43333333333368 15.14
15.450000000000347 15.549999999999999
15.466666666667015 16.05
15.483333333333682 16.8
15.50000000000035 18.16
15.516666666667017 19.5
15.533333333333685 20.910000000000004
15.550000000000352 22.799999999999997
15.56666666666702 21.69
15.583333333333687 20.560000000000002
15.600000000000355 20.03
15.616666666667022 19.4
15.63333333333369 18.82
15.650000000000357 18.27
15.666666666667025 17.689999999999998
15.683333333333692 17.23
15.70000000000036 16.78
15.716666666667027 16.33
15.733333333333695 16.05
15.750000000000362 16.38
15.76666666666703 16.15
15.783333333333697 16.48
15.800000000000365 16.7
15.816666666667032 16.98
15.8333333333337 16.23
15.850000000000367 15.95
15.866666666667035 15.75
15.883333333333702 15.649999999999999
15.90000000000037 15.52
15.916666666667037 15.42
15.933333333333705 15.37
15.950000000000372 15.489999999999998
15.96666666666704 15.87
15.983333333333707 16.12
16.000000000000373 16.0
16.01666666666704 16.0
16.033333333333704 15.87
16.05000000000037 15.620000000000001
16.066666666667036 15.489999999999998
16.0833333333337 15.389999999999999
16.100000000000367 15.389999999999999
16.116666666667033 15.489999999999998
16.1333333333337 15.57
16.150000000000365 15.57
16.16666666666703 15.32
16.183333333333696 15.120000000000001
16.20000000000036 15.069999999999999
16.216666666667027 15.04
16.233333333333693 15.09
16.25000000000036 15.389999999999999
16.266666666667025 16.07
16.28333333333369 16.48
16.300000000000356 16.7
16.31666666666702 17.08
16.333333333333687 17.23
16.350000000000353 17.41
16.36666666666702 12.9
16.383333333333685 17.18
16.40000000000035 16.88
16.416666666667016 16.45
16.43333333333368 16.07
16.450000000000347 15.52
16.466666666667013 15.27
16.48333333333368 15.04
16.500000000000345 14.71
16.51666666666701 14.31
16.533333333333676 13.86
16.55000000000034 13.48
16.566666666667007 13.23
16.583333333333673 13.049999999999999
16.60000000000034 12.85
16.616666666667005 12.82
16.63333333333367 12.649999999999999
16.650000000000336 12.569999999999999
16.666666666667002 12.569999999999999
16.683333333333668 12.6
16.700000000000333 12.620000000000001
16.716666666667 12.6
16.733333333333665 12.5
16.75000000000033 12.42
16.766666666666996 12.4
16.783333333333662 12.270000000000001
16.800000000000328 12.04
16.816666666666993 11.719999999999999
16.83333333333366 11.41
16.850000000000325 11.09
16.86666666666699 10.760000000000002
16.883333333333656 10.43
16.900000000000322 10.049999999999999
16.916666666666988 9.7
16.933333333333653 9.399999999999999
16.95000000000032 9.1
16.966666666666985 8.85
16.98333333333365 8.59
17.000000000000316 8.39
17.016666666666982 8.24
17.033333333333648 8.040000000000001
17.050000000000313 7.74
17.06666666666698 7.359999999999999
17.083333333333645 6.93
17.10000000000031 6.43
17.116666666666976 5.949999999999999
17.133333333333642 5.67
17.150000000000308 5.57
17.166666666666973 5.620000000000001
17.18333333333364 5.949999999999999
17.200000000000305 6.53
17.21666666666697 7.029999999999999
17.233333333333636 7.43
17.250000000000302 7.69
17.266666666666968 7.84
17.283333333333633 8.01
17.3000000000003 8.120000000000001
17.316666666666965 8.139999999999999
17.33333333333363 8.17
17.350000000000296 8.120000000000001
17.366666666666962 7.99
17.383333333333628 7.79
17.400000000000293 7.54
17.41666666666696 7.279999999999999
17.433333333333625 7.06
17.45000000000029 6.9799999999999995
17.466666666666956 6.93
17.483333333333622 6.83
17.500000000000288 6.75
17.516666666666953 6.680000000000001
17.53333333333362 0.0
17.550000000000285 0.0
17.56666666666695 0.0
17.583333333333616 0.0
17.600000000000282 0.0
17.616666666666948 0.0
17.633333333333614 0.0
17.65000000000028 0.0
17.666666666666945 0.0
17.68333333333361 0.0
17.700000000000276 0.0
17.716666666666942 0.0
17.733333333333608 0.0
17.750000000000274 0.0
17.76666666666694 0.0
17.783333333333605 0.0
17.80000000000027 0.0
17.816666666666936 0.0
17.833333333333602 0.0
17.850000000000268 0.0
17.866666666666934 0.0
17.8833333333336 0.0
17.900000000000265 0.0
17.91666666666693 0.0
17.933333333333596 0.0
17.950000000000262 0.0
17.966666666666928 0.0
17.983333333333594 0.0
18.00000000000026 0.0
18.016666666666925 0.0
18.03333333333359 2.3499999999999996
18.050000000000257 2.15
18.066666666666922 2.04
18.083333333333588 2.3200000000000003
18.100000000000254 2.02
18.11666666666692 1.87
18.133333333333585 1.9700000000000002
18.15000000000025 1.6900000000000002
18.166666666666917 1.6400000000000001
18.183333333333582 1.6400000000000001
18.200000000000248 1.6400000000000001
18.216666666666914 1.52
18.23333333333358 1.47
18.250000000000245 1.3900000000000001
18.26666666666691 1.29
18.283333333333577 1.19
18.300000000000242 1.44
18.316666666666908 1.1400000000000001
18.333333333333574 0.96
18.35000000000024 1.1600000000000001
18.366666666666905 0.8599999999999999
18.38333333333357 0.8899999999999999
18.400000000000237 0.96
18.416666666666902 0.8300000000000001
18.433333333333568 0.78
18.450000000000234 0.8599999999999999
18.4666666666669 0.66
18.483333333333565 0.66
18.50000000000023 0.53
18.516666666666897 0.56
18.533333333333562 0.48
18.550000000000228 0.56
18.566666666666894 0.61
18.58333333333356 0.51
18.600000000000225 0.51
18.61666666666689 0.56
18.633333333333557 0.0
18.650000000000222 0.42999999999999994
18.666666666666888 0.41000000000000003
18.683333333333554 0.0
18.70000000000022 0.0
18.716666666666885 0.45999999999999996
18.73333333333355 0.22999999999999998
18.750000000000217 0.18
18.766666666666882 0.42999999999999994
18.783333333333548 0.13
18.800000000000214 0.0
18.81666666666688 0.22999999999999998
18.833333333333545 0.0
18.85000000000021 0.0
18.866666666666877 0.13
18.883333333333542 0.03
18.900000000000208 0.0
18.916666666666874 0.0
18.93333333333354 0.0
18.950000000000205 0.0
18.96666666666687 0.0
18.983333333333537 0.03
19.000000000000203 0.0
19.01666666666687 0.0
19.033333333333534 0.0
19.0500000000002 0.0
19.066666666666865 0.0
19.08333333333353 0.0
19.100000000000197 0.0
19.116666666666863 0.0
19.13333333333353 0.0
19.150000000000194 0.0
19.16666666666686 0.0
19.183333333333525 0.0
19.20000000000019 0.0
19.216666666666857 0.0
19.233333333333523 0.0
19.25000000000019 0.0
19.266666666666854 0.0
19.28333333333352 0.0
19.300000000000185 0.0
19.31666666666685 0.0
19.333333333333517 0.0
19.350000000000183 0.0
19.36666666666685 0.0
19.383333333333514 0.0
19.40000000000018 0.0
19.416666666666845 0.0
19.43333333333351 0.0
19.450000000000177 0.0
19.466666666666843 0.0
19.48333333333351 0.0
19.500000000000174 0.0
19.51666666666684 0.0
19.533333333333506 0.0
19.55000000000017 0.0
19.566666666666837 0.0
19.583333333333503 0.0
19.60000000000017 0.0
19.616666666666834 0.0
19.6333333333335 0.0
19.650000000000166 0.0
19.66666666666683 0.0
19.683333333333497 0.0
19.700000000000163 0.0
19.71666666666683 0.0
19.733333333333494 0.0
19.75000000000016 0.0
19.766666666666826 0.0
19.78333333333349 0.0
19.800000000000157 0.0
19.816666666666823 0.0
19.83333333333349 0.0
19.850000000000154 0.0
19.86666666666682 0.0
19.883333333333486 0.0
19.90000000000015 0.0
19.916666666666817 0.0
19.933333333333483 0.0
19.95000000000015 0.0
19.966666666666814 0.0
19.98333333333348 0.0
20.000000000000146 0.0
20.01666666666681 0.0
20.033333333333477 0.0
20.050000000000143 0.0
20.06666666666681 0.0
20.083333333333474 0.0
20.10000000000014 0.0
20.116666666666806 0.0
20.13333333333347 0.0
20.150000000000137 0.0
20.166666666666803 0.0
20.18333333333347 0.0
20.200000000000134 0.0
20.2166666666668 0.0
20.233333333333466 0.0
20.25000000000013 0.0
20.266666666666797 0.0
20.283333333333463 0.0
20.30000000000013 0.0
20.316666666666794 0.0
20.33333333333346 0.0
20.350000000000126 0.0
20.36666666666679 0.0
20.383333333333457 0.0
20.400000000000123 0.0
20.41666666666679 0.0
20.433333333333454 0.0
20.45000000000012 0.0
20.466666666666786 0.0
20.48333333333345 0.0
20.500000000000117 0.0
20.516666666666783 0.0
20.53333333333345 0.0
20.550000000000114 0.0
20.56666666666678 0.0
20.583333333333446 0.0
20.60000000000011 0.0
20.616666666666777 0.0
20.633333333333443 0.0
20.65000000000011 0.0
20.666666666666774 0.0
20.68333333333344 0.0
20.700000000000106 0.0
20.71666666666677 0.0
20.733333333333437 0.0
20.750000000000103 0.0
20.76666666666677 0.0
20.783333333333434 0.0
20.8000000000001 0.0
20.816666666666766 0.0
20.83333333333343 0.0
20.850000000000097 0.0
20.866666666666763 0.0
20.88333333333343 0.0
20.900000000000095 0.0
20.91666666666676 0.0
20.933333333333426 0.0
20.95000000000009 0.0
20.966666666666757 0.0
20.983333333333423 0.0
21.00000000000009 0.0
21.016666666666755 0.0
21.03333333333342 0.0
21.050000000000086 0.0
21.06666666666675 0.0
21.083333333333417 0.0
21.100000000000083 0.0
21.11666666666675 0.0
21.133333333333415 0.0
21.15000000000008 0.0
21.166666666666746 0.0
21.18333333333341 0.0
21.200000000000077 0.0
21.216666666666743 0.0
21.23333333333341 0.0
21.250000000000075 0.0
21.26666666666674 0.0
21.283333333333406 0.0
21.30000000000007 0.0
21.316666666666737 0.0
21.333333333333403 0.0
21.35000000000007 0.0
21.366666666666735 0.0
21.3833333333334 0.0
21.400000000000066 0.0
21.416666666666732 0.0
21.433333333333398 0.0
21.450000000000063 0.0
21.46666666666673 0.0
21.483333333333395 0.0
21.50000000000006 0.0
21.516666666666726 0.0
21.533333333333392 0.0
21.550000000000058 0.0
21.566666666666723 0.0
21.58333333333339 0.0
21.600000000000055 0.0
21.61666666666672 0.0
21.633333333333386 0.0
21.650000000000052 0.0
21.666666666666718 0.0
21.683333333333383 0.0
21.70000000000005 0.0
21.716666666666715 0.0
21.73333333333338 0.0
21.750000000000046 0.0
21.766666666666712 0.0
21.783333333333378 0.0
21.800000000000043 0.0
21.81666666666671 0.0
21.833333333333375 0.0
21.85000000000004 0.0
21.866666666666706 0.0
21.883333333333372 0.0
21.900000000000038 0.0
21.916666666666703 0.0
21.93333333333337 0.0
21.950000000000035 0.0
21.9666666666667 0.0
21.983333333333366 0.0
22.000000000000032 0.0
22.016666666666698 0.0
22.033333333333363 0.0
22.05000000000003 0.0
22.066666666666695 0.0
22.08333333333336 0.0
22.100000000000026 0.0
22.116666666666692 0.0
22.133333333333358 0.0
22.150000000000023 0.0
22.16666666666669 0.0
22.183333333333355 0.0
22.20000000000002 0.0
22.216666666666686 0.0
22.233333333333352 0.0
22.250000000000018 0.0
22.266666666666683 0.0
22.28333333333335 0.0
22.300000000000015 0.0
22.31666666666668 0.0
22.333333333333346 0.0
22.350000000000012 0.0
22.366666666666678 0.0
22.383333333333344 0.0
22.40000000000001 0.0
22.416666666666675 0.0
22.43333333333334 0.0
22.450000000000006 0.0
22.466666666666672 0.0
22.483333333333338 0.0
22.500000000000004 0.0
22.51666666666667 0.0
22.533333333333335 0.0
22.55 0.0
22.566666666666666 0.0
22.583333333333332 0.0
22.599999999999998 0.0
22.616666666666664 0.0
22.63333333333333 0.0
22.649999999999995 0.0
22.66666666666666 0.0
22.683333333333326 0.0
22.699999999999992 0.0
22.716666666666658 0.0
22.733333333333324 0.0
22.74999999999999 0.0
22.766666666666655 0.0
22.78333333333332 0.0
22.799999999999986 0.0
22.816666666666652 0.0
22.833333333333318 0.0
22.849999999999984 0.0
22.86666666666665 0.0
22.883333333333315 0.0
22.89999999999998 0.0
22.916666666666647 0.0
22.933333333333312 0.0
22.949999999999978 0.0
22.966666666666644 0.0
22.98333333333331 0.0
22.999999999999975 0.0
23.01666666666664 0.0
23.033333333333307 0.0
23.049999999999972 0.0
23.066666666666638 0.0
23.083333333333304 0.0
23.09999999999997 0.0
23.116666666666635 0.0
23.1333333333333 0.0
23.149999999999967 0.0
23.166666666666632 0.0
23.183333333333298 0.0
23.199999999999964 0.0
23.21666666666663 0.0
23.233333333333295 0.0
23.24999999999996 0.0
23.266666666666627 0.0
23.283333333333292 0.0
23.299999999999958 0.0
23.316666666666624 0.0
23.33333333333329 0.0
23.349999999999955 0.0
23.36666666666662 0.0
23.383333333333287 0.0
23.399999999999952 0.0
23.416666666666618 0.0
23.433333333333284 0.0
23.44999999999995 0.0
23.466666666666615 0.0
23.48333333333328 0.0
23.499999999999947 0.0
23.516666666666612 0.0
23.533333333333278 0.0
23.549999999999944 0.0
23.56666666666661 0.0
23.583333333333275 0.0
23.59999999999994 0.0
23.616666666666607 0.0
23.633333333333272 0.0
23.649999999999938 0.0
23.666666666666604 0.0
23.68333333333327 0.0
23.699999999999935 0.0
23.7166666666666 0.0
23.733333333333267 0.0
23.749999999999932 0.0
23.766666666666598 0.0
23.783333333333264 0.0
23.79999999999993 0.0
23.816666666666595 0.0
23.83333333333326 0.0
23.849999999999927 0.0
23.866666666666593 0.0
23.88333333333326 0.0
23.899999999999924 0.0
23.91666666666659 0.0
23.933333333333255 0.0
23.94999999999992 0.0
23.966666666666587 0.0
23.983333333333253 0.0
