10 0.9305227962085308
10.016666666666667 0.9217854929577465
10.033333333333335 0.9183992048099302
10.050000000000002 0.9259074166026133
10.06666666666667 0.9383911875
10.083333333333337 0.9412262061933535
10.100000000000005 0.937796413483146
10.116666666666672 0.9294418797327395
10.13333333333334 0.921913263622975
10.150000000000007 0.9187238327246164
10.166666666666675 0.9209458654124458
10.183333333333342 0.9203063388370424
10.20000000000001 0.920666306049822
10.216666666666677 0.9167767881355932
10.233333333333345 0.9210407386124736
10.250000000000012 0.9270042842251562
10.26666666666668 0.9292873552722261
10.283333333333347 0.9274302886456908
10.300000000000015 0.9269318649932158
10.316666666666682 0.929009706060606
10.33333333333335 0.9241088041443849
10.350000000000017 0.9148404598806364
10.366666666666685 0.9095176125
10.383333333333352 0.9127896995427823
10.40000000000002 0.905154744163424
10.416666666666687 0.8955639092664093
10.433333333333355 0.8929591246006389
10.450000000000022 0.8951541081852793
10.46666666666669 0.9014810129093199
10.483333333333357 0.9194761969981239
10.500000000000025 0.9332800267080744
10.516666666666692 0.9281554873612823
10.53333333333336 0.9130627146356398
10.550000000000027 0.9110201631162508
10.566666666666695 0.9044145788519637
10.583333333333362 0.9001761617647058
10.60000000000003 0.8994368264758498
10.616666666666697 0.899049231042654
10.633333333333365 0.9099344672952269
10.650000000000032 0.9117971052631578
10.6666666666667 0.923081985183033
10.683333333333367 0.9258881960161663
10.700000000000035 0.9147440111876075
10.716666666666702 0.9219108364726027
10.73333333333337 0.9134846617563739
10.750000000000037 0.9115916298591549
10.766666666666705 0.8894871760918251
10.783333333333372 0.8856491118530884
10.80000000000004 0.8839436463752074
10.816666666666707 0.8868539207920791
10.833333333333375 0.8867409740153174
10.850000000000042 0.8971712906913445
10.86666666666671 0.8985319121146564
10.883333333333377 0.8912134123184507
10.900000000000045 0.8844269390374331
10.916666666666712 0.889244676861702
10.93333333333338 0.9001222428571428
10.950000000000047 0.9093656463157894
10.966666666666715 0.9170005547120418
10.983333333333382 0.92605976484375
11.00000000000005 0.914255034214619
11.016666666666717 0.9110290451263539
11.033333333333385 0.8967095907692307
11.050000000000052 0.898780297856049
11.06666666666672 0.8745657760284408
11.083333333333387 0.8491369706922688
11.100000000000055 0.8557500196177061
11.116666666666722 0.844374952428643
11.13333333333339 0.8387291591928252
11.150000000000057 0.828234558312655
11.166666666666725 0.837262382222222
11.183333333333392 0.8321381349557522
11.20000000000006 0.8211232048458148
11.216666666666727 0.8507292127192984
11.233333333333395 0.8383283493449781
11.250000000000062 0.8176661673913044
11.26666666666673 0.826903634199134
11.283333333333397 0.8406125620507905
11.300000000000065 0.8332679448687351
11.316666666666732 0.8293094273159146
11.3333333333334 0.8234366443445338
11.350000000000067 0.8338231272384543
11.366666666666735 0.8458737464788733
11.383333333333402 0.8699886349391955
11.40000000000007 0.8861200603448275
11.416666666666737 0.8994507346796656
11.433333333333405 0.8585913602498844
11.450000000000072 0.8523692232718894
11.46666666666674 0.8476475599173554
11.483333333333407 0.837796180778032
11.500000000000075 0.8215736798905608
11.516666666666742 0.8176471465909091
11.53333333333341 0.824473355913004
11.550000000000077 0.8402666566591421
11.566666666666745 0.836320111161116
11.583333333333412 0.849497105652759
11.60000000000008 0.8496785487477638
11.616666666666747 0.8086660639768167
11.633333333333415 0.828479112
11.650000000000082 0.7935113696808511
11.66666666666675 0.7739598141847105
11.683333333333417 0.7889650286469811
11.700000000000085 0.8256117139718805
11.716666666666752 0.8479872903155127
11.73333333333342 0.8505452933070866
11.750000000000087 0.8629347436791629
11.766666666666755 0.8503895523913042
11.783333333333422 0.9395806886383348
11.80000000000009 0.9760292855906534
11.816666666666757 0.959295556107035
11.833333333333425 0.9563982964239551
11.850000000000092 0.9738630193298968
11.86666666666676 0.9920727698242605
11.883333333333427 0.9988429195893924
11.900000000000095 0.9917820384122918
11.916666666666762 0.9991290786445013
11.93333333333343 0.9953526619897959
11.950000000000097 0.9915954637404579
11.966666666666764 0.9862489546994072
11.983333333333432 0.9653801121673004
12.0000000000001 0.9800697241670181
12.016666666666767 0.975333808712121
12.033333333333434 0.9736945922268907
12.050000000000102 0.9882901510067114
12.06666666666677 0.9965494353015075
12.083333333333437 0.994882964673913
12.100000000000104 0.9801342995824636
12.116666666666772 0.983314329929137
12.13333333333344 0.9820862104496252
12.150000000000107 0.9694215692883893
12.166666666666774 0.9698067882059799
12.183333333333442 0.9709952140190792
12.20000000000011 0.968191347204969
12.216666666666777 0.9731994882133995
12.233333333333444 0.9638047059917354
12.250000000000112 0.9645992342007432
12.26666666666678 0.959036449030128
12.283333333333447 0.9403244202719406
12.300000000000114 0.9462928037037037
12.316666666666782 0.9785197580180921
12.33333333333345 0.9898155702547247
12.350000000000117 1.0001446052955665
12.366666666666784 1.000508456111567
12.383333333333452 0.9925217416974169
12.40000000000012 0.9847782424180327
12.416666666666787 0.983971708230958
12.433333333333454 0.9746603672258591
12.450000000000122 0.9681209319018405
12.46666666666679 0.9691416629190516
12.483333333333457 0.9776408346279639
12.500000000000124 0.9845570486309766
12.516666666666792 1.008452068014706
12.53333333333346 1.026616
12.550000000000127 1.0358645567578602
12.566666666666794 1.041995328093099
12.583333333333462 1.041995328093099
12.60000000000013 1.0431743225806451
12.616666666666797 1.0408163336055531
12.633333333333464 1.0335065677827684
12.650000000000132 1.0226598184973457
12.6666666666668 1.0072725919117647
12.683333333333467 0.9930527470371884
12.700000000000134 0.9895128727012668
12.716666666666802 0.9887369754701552
12.73333333333347 0.987960443558282
12.750000000000137 0.993090308715221
12.766666666666804 0.9911330329512894
12.783333333333472 0.9846113818107333
12.80000000000014 0.9806834575645756
12.816666666666807 0.9919813954060704
12.833333333333474 1.015373564833812
12.850000000000142 1.0356542260780288
12.86666666666681 1.0365055653514181
12.883333333333477 1.0508983611682434
12.900000000000144 1.0398292413509063
12.916666666666812 1.0332070525990098
12.93333333333348 1.0368726189591078
12.950000000000147 1.030670942379182
12.966666666666814 1.0377298927242662
12.983333333333482 1.0500133689983442
13.00000000000015 1.0438999929548278
13.016666666666817 1.035036127076412
13.033333333333484 1.024081475051975
13.050000000000152 1.0301687666527894
13.06666666666682 1.03223030625
13.083333333333487 1.0212355813516896
13.100000000000154 1.0106354542415377
13.116666666666822 1.0048342509418167
13.13333333333349 0.9990135886792453
13.150000000000157 1.0045724288114237
13.166666666666824 1.0111217429533026
13.183333333333492 1.016476382427307
13.20000000000016 1.0181926785563529
13.216666666666827 1.0134465977570883
13.233333333333494 1.0147348773305085
13.250000000000162 1.0217935203821655
13.26666666666683 1.0292131591393268
13.283333333333497 1.0313222353944562
13.300000000000164 1.0325387846153846
13.316666666666832 1.0280723877944324
13.3333333333335 1.0294811799055388
13.350000000000167 1.0375586124031007
13.366666666666834 1.0453753156532988
13.383333333333502 1.058323254863813
13.400000000000169 1.0571131228336221
13.416666666666837 1.0558547104691571
13.433333333333504 1.0508170413763065
13.450000000000172 1.0428812229020978
13.466666666666839 1.0409151337565674
13.483333333333507 1.03706580618964
13.500000000000174 1.0272940819022458
13.516666666666842 1.0208370357615892
13.533333333333509 1.0201655507085916
13.550000000000177 1.0280120974689166
13.566666666666844 1.0273590962138084
13.583333333333512 1.0251538290884719
13.600000000000179 1.021899364410578
13.616666666666847 1.020961303057554
13.633333333333514 1.0135054607577807
13.650000000000182 1.014102665837104
13.666666666666849 1.0157521845211075
13.683333333333517 1.015244883143508
13.700000000000184 1.026938577010969
13.716666666666852 1.0360050626146788
13.733333333333519 1.0355669854972376
13.750000000000187 1.0432949486586494
13.766666666666854 1.0331305139082056
13.783333333333522 1.0168227808282921
13.800000000000189 1.0095636732835123
13.816666666666857 0.9952110801687765
13.833333333333524 0.9738714279661016
13.850000000000191 0.9805553400283552
13.866666666666859 0.981811127134725
13.883333333333526 0.9785927229633158
13.900000000000194 0.9823367410329984
13.916666666666861 0.9898322155213839
13.933333333333529 0.9878021895803183
13.950000000000196 0.9849174929782082
13.966666666666864 0.9880242306569343
13.983333333333531 0.9956794665036673
14.000000000000199 0.9990993665358192
14.016666666666866 0.9981234847215377
14.033333333333534 1.0015610753221011
14.050000000000201 1.0055473880597015
14.066666666666869 1.0146875532233883
14.083333333333536 1.021524170266198
14.100000000000204 1.0312824363636364
14.116666666666871 1.0310736062373225
14.133333333333539 1.028152263117677
14.150000000000206 1.0292771589861751
14.166666666666874 1.0345745195573854
14.183333333333541 1.0414204081738232
14.200000000000209 1.0489931873700624
14.216666666666876 1.0535686927899686
14.233333333333544 1.04970003230042
14.250000000000211 1.046705205649419
14.266666666666879 1.0466862610196495
14.283333333333546 1.0365505515216231
14.300000000000214 1.026616
14.316666666666881 1.0284165947112789
14.333333333333549 1.0217044617263842
14.350000000000216 1.0118359798034935
14.366666666666884 1.0049462841845138
14.383333333333551 1.0037991617890667
14.400000000000219 1.00993349
14.416666666666886 1.0149303569832402
14.433333333333554 1.015363042158516
14.450000000000221 1.0249465876696833
14.466666666666889 1.0340615938566553
14.483333333333556 1.0428222448453608
14.500000000000224 1.052762163976945
14.516666666666891 1.0555174721739131
14.533333333333559 1.0501625819719953
14.550000000000226 1.0447385152671755
14.566666666666894 1.0412916941489363
14.583333333333561 1.037456234384295
14.600000000000229 1.037028160778443
14.616666666666896 1.0369424945750452
14.633333333333564 1.0491199459951455
14.650000000000231 1.052642001221747
14.666666666666899 1.0597631955719555
14.683333333333566 1.0612022732342008
14.700000000000234 1.0576770580162194
14.716666666666901 1.0537403941582912
14.733333333333569 1.0563235787476282
14.750000000000236 1.052992964627151
14.766666666666904 1.0481960218228497
14.783333333333571 1.0451972850678732
14.800000000000239 1.0492299762214985
14.816666666666906 1.0511193838582678
14.833333333333574 1.0606073779761904
14.850000000000241 1.0622243914057294
14.866666666666909 1.0719484392209535
14.883333333333576 1.0736750216508797
14.900000000000244 1.0753732571623462
14.916666666666911 1.0715965979381445
14.933333333333579 1.0709034885654884
14.950000000000246 1.0791297025139666
14.966666666666914 1.083369067605634
14.983333333333581 1.0811709134137686
15.000000000000249 1.0809505887616322
15.016666666666916 1.08327987012987
15.033333333333584 1.0881176954148473
15.050000000000251 1.0892730935436536
15.066666666666919 1.0912544333826795
15.083333333333586 1.0915935145522386
15.100000000000254 1.0879771784638552
15.116666666666921 1.0821008503039513
15.133333333333589 1.0664416206896552
15.150000000000256 1.0557947610208815
15.166666666666924 1.0648538424336973
15.183333333333591 1.0712778377952754
15.200000000000259 1.0723815464654487
15.216666666666926 1.073439404170008
15.233333333333594 1.0731812584951457
15.250000000000261 1.0681335588235292
15.266666666666929 1.0506839245671886
15.283333333333596 1.030409179433805
15.300000000000264 1.0200378932773109
15.316666666666931 1.013391461832061
15.333333333333599 0.9624524999999999
15.350000000000266 0.7148457755190312
15.366666666666934 0.6990179030567685
15.383333333333601 0.7089698645189761
15.400000000000269 0.6928627720785013
15.416666666666936 0.6913025157515751
15.433333333333604 0.7393106464968152
15.450000000000271 0.8364844522058823
15.466666666666939 0.9715676490250695
15.483333333333606 1.001095058161351
15.500000000000274 0.995508268975332
15.516666666666941 0.9860754952061359
15.533333333333609 0.9909903357558139
15.550000000000276 0.9292709838393731
15.566666666666944 0.8925079321782177
15.583333333333611 1.008696463963964
15.600000000000279 1.0226423041894352
15.616666666666946 1.028349616211237
15.633333333333614 1.0276781996896016
15.650000000000281 1.0296237689651564
15.666666666666949 1.029169230606413
15.683333333333616 1.03808848875803
15.700000000000284 1.0431259064327483
15.716666666666951 1.0425865819456615
15.733333333333618 1.0479113684735617
15.750000000000286 1.0541300690003366
15.766666666666953 1.0600197701214666
15.783333333333621 1.0627333061458932
15.800000000000288 1.0583731643214327
15.816666666666956 1.060883854889961
15.833333333333623 1.06646112832122
15.850000000000291 1.0713524330518698
15.866666666666958 1.0756614602418468
15.883333333333626 1.077670657308929
15.900000000000293 1.0805892046593186
15.916666666666961 1.0869707077625572
15.933333333333628 1.0966245368109984
15.950000000000296 1.1035253345482945
15.966666666666963 1.1010334770569619
15.983333333333631 1.09336867383752
