0.0 0.0
0.016678 0.0
0.033356 0.0
0.050035 0.0
0.066713 0.0
0.083391 0.0
0.100069 0.0
0.116748 0.0
0.133426 0.0
0.150104 0.0
0.166782 0.0
0.183461 0.0
0.200139 0.0
0.216817 0.0
0.233495 0.0
0.250174 0.0
0.266852 0.0
0.28353 0.0
0.300208 0.0
0.316887 0.0
0.333565 0.0
0.350243 0.0
0.366921 0.0
0.3836 0.0
0.400278 0.0
0.416956 0.0
0.433634 0.0
0.450313 0.0
0.466991 0.0
0.483669 0.0
0.500347 0.0
0.517026 0.0
0.533704 0.0
0.550382 0.0
0.56706 0.0
0.583739 0.0
0.600417 0.0
0.617095 0.0
0.633773 0.0
0.650452 0.0
0.66713 0.0
0.683808 0.0
0.700486 0.0
0.717165 0.0
0.733843 0.0
0.750521 0.0
0.767199 0.0
0.783878 0.0
0.800556 0.0
0.817234 0.0
0.833912 0.0
0.850591 0.0
0.867269 0.0
0.883947 0.0
0.900625 0.0
0.917304 0.0
0.933982 0.0
0.95066 0.0
0.967338 0.0
0.984017 0.0
1.000695 0.0
1.017373 0.0
1.034051 0.0
1.05073 0.0
1.067408 0.0
1.084086 0.0
1.100764 0.0
1.117443 0.0
1.134121 0.0
1.150799 0.0
1.167477 0.0
1.184156 0.0
1.200834 0.0
1.217512 0.0
1.23419 0.0
1.250869 0.0
1.267547 0.0
1.284225 0.0
1.300903 0.0
1.317582 0.0
1.33426 0.0
1.350938 0.0
1.367616 0.0
1.384295 0.0
1.400973 0.0
1.417651 0.0
1.434329 0.0
1.451008 0.0
1.467686 0.0
1.484364 0.0
1.501042 0.0
1.517721 0.0
1.534399 0.0
1.551077 0.0
1.567755 0.0
1.584434 0.0
1.601112 0.0
1.61779 0.0
1.634468 0.0
1.651147 0.0
1.667825 0.0
1.684503 0.0
1.701181 0.0
1.71786 0.0
1.734538 0.0
1.751216 0.0
1.767894 0.0
1.784573 0.0
1.801251 0.0
1.817929 0.0
1.834607 0.0
1.851286 0.0
1.867964 0.0
1.884642 0.0
1.90132 0.0
1.917999 0.0
1.934677 0.0
1.951355 0.0
1.968033 0.0
1.984712 0.0
2.00139 0.0
2.018068 0.0
2.034746 0.0
2.051425 0.0
2.068103 0.0
2.084781 0.0
2.101459 0.0
2.118138 0.0
2.134816 0.0
2.151494 0.0
2.168172 0.0
2.184851 0.0
2.201529 0.0
2.218207 0.0
2.234885 0.0
2.251564 0.0
2.268242 0.0
2.28492 0.0
2.301598 0.0
2.318277 0.0
2.334955 0.0
2.351633 0.0
2.368311 0.0
2.38499 0.0
2.401668 0.0
2.418346 0.0
2.435024 0.0
2.451703 0.0
2.468381 0.0
2.485059 0.0
2.501737 0.0
2.518416 0.0
2.535094 0.0
2.551772 0.0
2.56845 0.0
2.585129 0.0
2.601807 0.0
2.618485 0.0
2.635163 0.0
2.651842 0.0
2.66852 0.0
2.685198 0.0
2.701876 0.0
2.718555 0.0
2.735233 0.0
2.751911 0.0
2.768589 0.0
2.785268 0.0
2.801946 0.0
2.818624 0.0
2.835302 0.0
2.851981 0.0
2.868659 0.0
2.885337 0.0
2.902015 0.0
2.918694 0.0
2.935372 0.0
2.95205 0.0
2.968728 0.0
2.985407 0.0
3.002085 0.0
3.018763 0.0
3.035441 0.0
3.05212 0.0
3.068798 0.0
3.085476 0.0
3.102154 0.0
3.118833 0.0
3.135511 0.0
3.152189 0.0
3.168867 0.0
3.185546 0.0
3.202224 0.0
3.218902 0.0
3.23558 0.0
3.252259 0.0
3.268937 0.0
3.285615 0.0
3.302293 0.0
3.318972 0.0
3.33565 0.0
3.352328 0.0
3.369006 0.0
3.385685 0.0
3.402363 0.0
3.419041 0.0
3.435719 0.0
3.452397 0.0
3.469076 0.0
3.485754 0.0
3.502432 0.0
3.51911 0.0
3.535789 0.0
3.552467 0.0
3.569145 0.0
3.585823 0.0
3.602502 0.0
3.61918 0.0
3.635858 0.0
3.652536 0.0
3.669215 0.0
3.685893 0.0
3.702571 0.0
3.719249 0.0
3.735928 0.0
3.752606 0.0
3.769284 0.0
3.785962 0.0
3.802641 0.0
3.819319 0.0
3.835997 0.0
3.852675 0.0
3.869354 0.0
3.886032 0.0
3.90271 0.0
3.919388 0.0
3.936067 0.0
3.952745 0.0
3.969423 0.0
3.986101 0.0
4.00278 0.0
4.019458 0.0
4.036136 0.0
4.052814 0.0
4.069493 0.0
4.086171 0.0
4.102849 0.0
4.119527 0.0
4.136206 0.0
4.152884 0.0
4.169562 0.0
4.18624 0.0
4.202919 0.0
4.219597 0.0
4.236275 0.0
4.252953 0.0
4.269632 0.0
4.28631 0.0
4.302988 0.0
4.319666 0.0
4.336345 0.0
4.353023 0.0
4.369701 0.0
4.386379 0.0
4.403058 0.0
4.419736 0.0
4.436414 0.0
4.453092 0.0
4.469771 0.0
4.486449 0.0
4.503127 0.0
4.519805 0.0
4.536484 0.0
4.553162 0.0
4.56984 0.0
4.586518 0.0
4.603197 0.0
4.619875 0.0
4.636553 0.0
4.653231 0.0
4.66991 0.0
4.686588 0.0
4.703266 0.0
4.719944 0.0
4.736623 0.0
4.753301 0.0
4.769979 0.0
4.786657 0.0
4.803336 0.0
4.820014 0.0
4.836692 0.0
4.85337 0.0
4.870049 0.0
4.886727 0.0
4.903405 0.0
4.920083 0.0
4.936762 0.0
4.95344 0.0
4.970118 0.0
4.986796 0.0
5.003475 0.0
5.020153 0.0
5.036831 0.0
5.053509 0.0
5.070188 0.0
5.086866 0.0
5.103544 0.0
5.120222 0.0
5.136901 0.0
5.153579 0.0
5.170257 0.0
5.186935 0.0
5.203614 0.0
5.220292 0.0
5.23697 0.0
5.253648 0.0
5.270327 0.0
5.287005 0.0
5.303683 0.0
5.320361 0.0
5.33704 0.0
5.353718 0.0
5.370396 0.0
5.387074 0.0
5.403753 0.0
5.420431 0.0
5.437109 0.0
5.453787 0.0
5.470466 0.0
5.487144 0.0
5.503822 0.0
5.5205 0.0
5.537179 0.0
5.553857 0.0
5.570535 0.0
5.587213 0.0
5.603892 0.0
5.62057 0.0
5.637248 0.0
5.653926 0.0
5.670605 0.0
5.687283 0.0
5.703961 0.0
5.720639 0.0
5.737318 0.0
5.753996 0.0
5.770674 0.0
5.787352 0.0
5.804031 0.0
5.820709 0.0
5.837387 0.0
5.854065 0.0
5.870744 0.0
5.887422 0.0
5.9041 0.0
5.920778 0.0
5.937457 0.0
5.954135 0.0
5.970813 0.0
5.987491 0.0
6.00417 0.0
6.020848 0.0
6.037526 0.0
6.054204 0.0
6.070883 0.0
6.087561 0.0
6.104239 0.0
6.120917 0.0
6.137596 0.0
6.154274 0.0
6.170952 0.0
6.18763 0.0
6.204309 0.0
6.220987 0.0
6.237665 0.0
6.254343 0.003
6.271022 0.003
6.2877 0.022
6.304378 0.0
6.321056 0.0
6.337735 0.029
6.354413 0.0
6.371091 0.0
6.387769 0.007
6.404448 0.0
6.421126 0.0
6.437804 0.007
6.454482 0.0
6.471161 0.0
6.487839 0.0
6.504517 0.0
6.521195 0.022
6.537874 0.0
6.554552 0.014
6.57123 0.0
6.587908 0.0
6.604587 0.014
6.621265 0.018
6.637943 0.007
6.654621 0.037
6.6713 0.007
6.687978 0.026
6.704656 0.011
6.721334 0.026
6.738013 0.0
6.754691 0.0
6.771369 0.037
6.788047 0.0
6.804726 0.0
6.821404 0.0
6.838082 0.0
6.85476 0.0
6.871438 0.0
6.888117 0.063
6.904795 0.055
6.921473 0.059
6.938151 0.0
6.95483 0.048
6.971508 0.077
6.988186 0.0
7.004864 0.085
7.021543 0.04
7.038221 0.085
7.054899 0.07
7.071577 0.077
7.088256 0.055
7.104934 0.1
7.121612 0.055
7.13829 0.07
7.154969 0.085
7.171647 0.092
7.188325 0.096
7.205003 0.103
7.221682 0.103
7.23836 0.122
7.255038 0.122
7.271716 0.129
7.288395 0.14
7.305073 0.111
7.321751 0.118
7.338429 0.14
7.355108 0.107
7.371786 0.093
7.388464 0.111
7.405142 0.144
7.421821 0.137
7.438499 0.159
7.455177 0.184
7.471855 0.159
7.488534 0.167
7.505212 0.182
7.52189 0.199
7.538568 0.189
7.555247 0.171
7.571925 0.2
7.588603 0.203
7.605281 0.196
7.62196 0.204
7.638638 0.262
7.655316 0.212
7.671994 0.259
7.688673 0.22
7.705351 0.288
7.722029 0.249
7.738707 0.256
7.755386 0.246
7.772064 0.31
7.788742 0.315
7.80542 0.25
7.822099 0.375
7.838777 0.319
7.855455 0.351
7.872133 0.341
7.888812 0.373
7.90549 0.381
7.922168 0.375
7.938846 0.417
7.955525 0.403
7.972203 0.415
7.988881 0.426
8.005559 0.433
8.022238 0.448
8.038916 0.484
8.055594 0.491
8.072272 0.481
8.088951 0.506
8.105629 0.5
8.122307 0.508
8.138985 0.553
8.155664 0.536
8.172342 0.547
8.18902 0.538
8.205698 0.56
8.222377 0.57
8.239055 0.564
8.255733 0.586
8.272411 0.59
8.28909 0.639
8.305768 0.634
8.322446 0.692
8.339124 0.653
8.355803 0.699
8.372481 0.68
8.389159 0.724
8.405837 0.706
8.422516 0.755
8.439194 0.766
8.455872 0.776
8.47255 0.819
8.489229 0.834
8.505907 0.862
8.522585 0.825
8.539263 0.849
8.555942 0.894
8.57262 0.89
8.589298 0.898
8.605976 0.944
8.622655 0.879
8.639333 0.895
8.656011 0.892
8.672689 0.864
8.689368 1.028
8.706046 1.069
8.722724 1.023
8.739402 1.04
8.756081 1.055
8.772759 1.057
8.789437 1.057
8.806115 1.095
8.822794 1.151
8.839472 1.16
8.85615 1.164
8.872828 1.209
8.889507 1.219
8.906185 1.23
8.922863 1.273
8.939541 1.295
8.95622 1.321
8.972898 1.363
8.989576 1.393
9.006254 1.422
9.022933 1.448
9.039611 1.468
9.056289 1.467
9.072967 1.467
9.089646 1.515
9.106324 1.531
9.123002 1.556
9.13968 1.563
9.156359 1.61
9.173037 1.606
9.189715 1.62
9.206393 1.648
9.223072 1.669
9.23975 1.656
9.256428 1.618
9.273106 1.611
9.289785 1.667
9.306463 1.685
9.323141 1.722
9.339819 1.76
9.356498 1.767
9.373176 1.785
9.389854 1.821
9.406532 0.0
9.423211 1.872
9.439889 1.898
9.456567 1.917
9.473245 1.939
9.489924 1.96
9.506602 1.989
9.52328 1.997
9.539958 2.052
9.556637 2.067
9.573315 2.107
9.589993 2.125
9.606671 2.176
9.62335 2.136
9.640028 2.209
9.656706 2.251
9.673384 2.242
9.690063 2.264
9.706741 2.285
9.723419 2.231
9.740097 2.269
9.756776 2.279
9.773454 2.286
9.790132 2.273
9.80681 2.283
9.823489 2.346
9.840167 2.39
9.856845 2.44
9.873523 2.513
9.890202 2.529
9.90688 2.601
9.923558 2.619
9.940236 2.639
9.956915 2.646
9.973593 2.651
9.990271 2.696
10.006949 2.695
10.023628 2.704
10.040306 2.736
10.056984 2.79
10.073662 2.855
10.090341 2.878
10.107019 2.905
10.123697 2.95
10.140375 2.952
10.157054 2.946
10.173732 2.947
10.19041 2.921
10.207088 2.908
10.223767 2.853
10.240445 2.909
10.257123 2.931
10.273801 3.013
10.290479 3.032
10.307158 2.894
10.323836 2.976
10.340514 3.046
10.357192 3.096
10.373871 3.178
10.390549 3.169
10.407227 3.129
10.423905 3.169
10.440584 3.273
10.457262 3.357
10.47394 3.377
10.490618 3.382
10.507297 3.431
10.523975 3.453
10.540653 3.493
10.557331 3.5
10.57401 3.583
10.590688 3.601
10.607366 3.62
10.624044 3.605
10.640723 3.627
10.657401 3.634
10.674079 3.631
10.690757 3.683
10.707436 3.66
10.724114 3.634
10.740792 3.668
10.75747 3.59
10.774149 3.612
10.790827 3.598
10.807505 3.638
10.824183 3.686
10.840862 3.719
10.85754 3.768
10.874218 3.686
10.890896 3.549
10.907575 3.719
10.924253 3.694
10.940931 3.716
10.957609 3.771
10.974288 3.793
10.990966 3.874
11.007644 3.944
11.024322 3.945
11.041001 4.03
11.057679 4.007
11.074357 3.932
11.091035 4.004
11.107714 4.027
11.124392 4.112
11.14107 4.079
11.157748 4.022
11.174427 4.057
11.191105 4.018
11.207783 4.0
11.224461 4.063
11.24114 4.029
11.257818 4.06
11.274496 4.141
11.291174 4.137
11.307853 4.295
11.324531 4.266
11.341209 4.02
11.357887 4.011
11.374566 3.898
11.391244 3.942
11.407922 4.008
11.4246 4.127
11.441279 4.086
11.457957 4.211
11.474635 4.407
11.491313 4.404
11.507992 4.375
11.52467 4.414
11.541348 4.561
11.558026 4.681
11.574705 4.7
11.591383 4.844
11.608061 4.938
11.624739 4.813
11.641418 4.95
11.658096 4.886
11.674774 4.791
11.691452 4.761
11.708131 4.784
11.724809 4.755
11.741487 4.746
11.758165 4.564
11.774844 4.639
11.791522 4.668
11.8082 4.521
11.824878 4.743
11.841557 4.913
11.858235 4.855
11.874913 4.82
11.891591 4.894
11.90827 4.798
11.924948 4.99
11.941626 5.028
11.958304 5.104
11.974983 5.045
11.991661 5.185
12.008339 5.219
12.025017 5.409
12.041696 5.44
12.058374 5.328
12.075052 5.39
12.09173 5.568
12.108409 5.75
12.125087 5.74
12.141765 5.842
12.158443 5.765
12.175122 5.62
12.1918 5.689
12.208478 5.713
12.225156 5.837
12.241835 5.929
12.258513 5.857
12.275191 5.759
12.291869 5.759
12.308548 5.346
12.325226 4.895
12.341904 4.621
12.358582 5.095
12.375261 5.006
12.391939 5.474
12.408617 5.554
12.425295 4.946
12.441974 4.438
12.458652 4.157
12.47533 3.811
12.492008 3.708
12.508687 3.597
12.525365 3.764
12.542043 3.983
12.558721 4.364
12.5754 4.641
12.592078 3.878
12.608756 3.401
12.625434 3.177
12.642113 3.084
12.658791 3.098
12.675469 3.125
12.692147 3.217
12.708826 4.089
12.725504 3.808
12.742182 4.858
12.75886 4.408
12.775539 4.153
12.792217 5.128
12.808895 4.104
12.825573 4.621
12.842252 4.282
12.85893 5.352
12.875608 5.674
12.892286 5.866
12.908965 5.762
12.925643 6.125
12.942321 5.951
12.958999 5.493
12.975678 5.006
12.992356 5.304
13.009034 4.966
13.025712 4.718
13.042391 4.842
13.059069 4.05
13.075747 4.051
13.092425 4.693
13.109104 4.542
13.125782 4.534
13.14246 4.921
13.159138 5.531
13.175817 6.07
13.192495 6.027
13.209173 6.051
13.225851 6.098
13.24253 5.968
13.259208 5.988
13.275886 5.982
13.292564 6.017
13.309243 5.934
13.325921 5.794
13.342599 5.236
13.359277 5.206
13.375956 5.452
13.392634 5.544
13.409312 5.954
13.42599 6.006
13.442669 5.992
13.459347 5.911
13.476025 5.917
13.492703 5.85
13.509382 5.886
13.52606 5.561
13.542738 4.975
13.559416 5.742
13.576095 0.0
13.592773 0.0
13.609451 5.713
13.626129 5.639
13.642808 3.21
13.659486 3.612
13.676164 2.764
13.692842 2.684
13.709521 2.887
13.726199 4.373
13.742877 5.391
13.759555 5.405
13.776233 4.918
13.792912 3.701
13.80959 3.601
13.826268 2.542
13.842946 2.498
13.859625 3.183
13.876303 3.608
13.892981 3.2
13.909659 4.895
13.926338 4.647
13.943016 5.09
13.959694 5.352
13.976372 5.224
13.993051 4.652
14.009729 5.25
14.026407 5.222
14.043085 4.603
14.059764 4.824
14.076442 4.88
14.09312 5.094
14.109798 5.448
14.126477 5.278
14.143155 3.553
14.159833 3.116
14.176511 2.839
14.19319 2.609
14.209868 2.477
14.226546 2.376
14.243224 2.349
14.259903 2.313
14.276581 2.166
14.293259 2.063
14.309937 2.021
14.326616 2.013
14.343294 2.472
14.359972 2.331
14.37665 2.475
14.393329 2.26
14.410007 2.05
14.426685 1.835
14.443363 1.795
14.460042 1.754
14.47672 1.706
14.493398 1.688
14.510076 1.61
14.526755 1.515
14.543433 1.465
14.560111 1.424
14.576789 1.372
14.593468 1.395
14.610146 1.332
14.626824 1.359
14.643502 1.382
14.660181 1.362
14.676859 1.378
14.693537 1.395
14.710215 1.385
14.726894 1.333
14.743572 1.319
14.76025 1.222
14.776928 1.107
14.793607 1.054
14.810285 1.021
14.826963 1.001
14.843641 0.956
14.86032 0.964
14.876998 0.964
14.893676 0.968
14.910354 0.966
14.927033 0.941
14.943711 0.92
14.960389 0.89
14.977067 0.859
14.993746 0.851
15.010424 0.842
15.027102 0.829
15.04378 0.821
15.060459 0.804
15.077137 0.801
15.093815 0.805
15.110493 0.848
15.127172 0.911
15.14385 0.985
15.160528 1.072
15.177206 1.134
15.193885 1.241
15.210563 1.335
15.227241 1.437
15.243919 1.564
15.260598 1.748
15.277276 1.975
15.293954 1.978
15.310632 1.8
15.327311 1.734
15.343989 1.76
15.360667 1.835
15.377345 1.943
15.394024 1.746
15.410702 1.737
15.42738 1.739
15.444058 1.811
15.460737 1.882
15.477415 1.975
15.494093 2.123
15.510771 2.027
15.52745 1.847
15.544128 1.744
15.560806 1.711
15.577484 1.72
15.594163 1.748
15.610841 1.765
15.627519 1.845
15.644197 2.102
15.660876 2.268
15.677554 2.284
15.694232 2.189
15.71091 2.004
15.727589 1.922
15.744267 1.769
15.760945 1.728
15.777623 1.688
15.794302 1.736
15.81098 2.096
15.827658 2.181
15.844336 2.131
15.861015 2.02
15.877693 2.301
15.894371 2.292
15.911049 2.316
15.927728 2.286
15.944406 2.291
15.961084 2.26
15.977762 2.276
15.994441 2.306
16.011119 2.255
16.027797 2.25
16.044475 2.214
16.061154 2.186
16.077832 2.186
16.09451 2.144
16.111188 2.139
16.127867 2.084
16.144545 2.082
16.161223 2.056
16.177901 2.071
16.19458 1.999
16.211258 2.03
16.227936 2.011
16.244614 2.032
16.261293 1.993
16.277971 1.976
16.294649 1.891
16.311327 1.825
16.328006 1.668
16.344684 1.456
16.361362 1.371
16.37804 1.327
16.394719 1.305
16.411397 1.306
16.428075 1.233
16.444753 1.14
16.461432 1.083
16.47811 1.017
16.494788 0.994
16.511466 1.002
16.528145 1.021
16.544823 1.127
16.561501 1.217
16.578179 1.354
16.594858 1.354
16.611536 1.219
16.628214 1.084
16.644892 1.114
16.661571 1.036
16.678249 1.056
16.694927 1.141
16.711605 1.127
16.728284 1.102
16.744962 1.057
16.76164 1.033
16.778318 1.015
16.794997 1.071
16.811675 1.124
16.828353 1.099
16.845031 1.061
16.86171 1.065
16.878388 1.03
16.895066 1.007
16.911744 1.01
16.928423 1.001
16.945101 0.906
16.961779 0.839
16.978457 0.775
16.995136 0.686
17.011814 0.663
17.028492 0.634
17.04517 0.56
17.061849 0.571
17.078527 0.567
17.095205 0.529
17.111883 0.472
17.128562 0.485
17.14524 0.455
17.161918 0.472
17.178596 0.44
17.195274 0.425
17.211953 0.424
17.228631 0.413
17.245309 0.406
17.261987 0.403
17.278666 0.395
17.295344 0.378
17.312022 0.392
17.3287 0.396
17.345379 0.406
17.362057 0.392
17.378735 0.399
17.395413 0.403
17.412092 0.396
17.42877 0.381
17.445448 0.373
17.462126 0.366
17.478805 0.351
17.495483 0.333
17.512161 0.318
17.528839 0.319
17.545518 0.311
17.562196 0.289
17.578874 0.277
17.595552 0.274
17.612231 0.274
17.628909 0.259
17.645587 0.259
17.662265 0.252
17.678944 0.244
17.695622 0.24
17.7123 0.24
17.728978 0.24
17.745657 0.241
17.762335 0.241
17.779013 0.0
17.795691 0.259
17.81237 0.23
17.829048 0.251
17.845726 0.222
17.862404 0.237
17.879083 0.218
17.895761 0.222
17.912439 0.2
17.929117 0.222
17.945796 0.222
17.962474 0.207
17.979152 0.214
17.99583 0.2
18.012509 0.185
18.029187 0.192
18.045865 0.189
18.062543 0.185
18.079222 0.192
18.0959 0.167
18.112578 0.17
18.129256 0.203
18.145935 0.17
18.162613 0.181
18.179291 0.137
18.195969 0.104
18.212648 0.126
18.229326 0.159
18.246004 0.148
18.262682 0.111
18.279361 0.107
18.296039 0.1
18.312717 0.1
18.329395 0.111
18.346074 0.111
18.362752 0.118
18.37943 0.125
18.396108 0.114
18.412787 0.092
18.429465 0.11
18.446143 0.1
18.462821 0.059
18.4795 0.103
18.496178 0.048
18.512856 0.085
18.529534 0.074
18.546213 0.088
18.562891 0.052
18.579569 0.066
18.596247 0.0
18.612926 0.103
18.629604 0.059
18.646282 0.073
18.66296 0.04
18.679639 0.051
18.696317 0.059
18.712995 0.029
18.729673 0.04
18.746352 0.037
18.76303 0.037
18.779708 0.0
18.796386 0.033
18.813065 0.055
18.829743 0.04
18.846421 0.029
18.863099 0.003
18.879778 0.029
18.896456 0.011
18.913134 0.026
18.929812 0.037
18.946491 0.026
18.963169 0.026
18.979847 0.026
18.996525 0.037
19.013204 0.022
19.029882 0.011
19.04656 0.0
19.063238 0.022
19.079917 0.011
19.096595 0.022
19.113273 0.033
19.129951 0.0
19.14663 0.0
19.163308 0.044
19.179986 0.069
19.196664 0.022
19.213343 0.007
19.230021 0.003
19.246699 0.029
19.263377 0.0
19.280056 0.0
19.296734 0.018
19.313412 0.003
19.33009 0.018
19.346769 0.018
19.363447 0.0
19.380125 0.0
19.396803 0.0
19.413482 0.0
19.43016 0.0
19.446838 0.0
19.463516 0.0
19.480195 0.0
19.496873 0.0
19.513551 0.0
19.530229 0.0
19.546908 0.0
19.563586 0.0
19.580264 0.0
19.596942 0.0
19.613621 0.0
19.630299 0.0
19.646977 0.0
19.663655 0.0
19.680334 0.0
19.697012 0.0
19.71369 0.0
19.730368 0.0
19.747047 0.0
19.763725 0.0
19.780403 0.0
19.797081 0.0
19.81376 0.0
19.830438 0.0
19.847116 0.0
19.863794 0.0
19.880473 0.0
19.897151 0.0
19.913829 0.0
19.930507 0.0
19.947186 0.0
19.963864 0.0
19.980542 0.0
19.99722 0.0
20.013899 0.0
20.030577 0.0
20.047255 0.0
20.063933 0.0
20.080612 0.0
20.09729 0.0
20.113968 0.0
20.130646 0.0
20.147325 0.0
20.164003 0.0
20.180681 0.0
20.197359 0.0
20.214038 0.0
20.230716 0.0
20.247394 0.0
20.264072 0.0
20.280751 0.0
20.297429 0.0
20.314107 0.0
20.330785 0.0
20.347464 0.0
20.364142 0.0
20.38082 0.0
20.397498 0.0
20.414177 0.0
20.430855 0.0
20.447533 0.0
20.464211 0.0
20.48089 0.0
20.497568 0.0
20.514246 0.0
20.530924 0.0
20.547603 0.0
20.564281 0.0
20.580959 0.0
20.597637 0.0
20.614315 0.0
20.630994 0.0
20.647672 0.0
20.66435 0.0
20.681028 0.0
20.697707 0.0
20.714385 0.0
20.731063 0.0
20.747741 0.0
20.76442 0.0
20.781098 0.0
20.797776 0.0
20.814454 0.0
20.831133 0.0
20.847811 0.0
20.864489 0.0
20.881167 0.0
20.897846 0.0
20.914524 0.0
20.931202 0.0
20.94788 0.0
20.964559 0.0
20.981237 0.0
20.997915 0.0
21.014593 0.0
21.031272 0.0
21.04795 0.0
21.064628 0.0
21.081306 0.0
21.097985 0.0
21.114663 0.0
21.131341 0.0
21.148019 0.0
21.164698 0.0
21.181376 0.0
21.198054 0.0
21.214732 0.0
21.231411 0.0
21.248089 0.0
21.264767 0.0
21.281445 0.0
21.298124 0.0
21.314802 0.0
21.33148 0.0
21.348158 0.0
21.364837 0.0
21.381515 0.0
21.398193 0.0
21.414871 0.0
21.43155 0.0
21.448228 0.0
21.464906 0.0
21.481584 0.0
21.498263 0.0
21.514941 0.0
21.531619 0.0
21.548297 0.0
21.564976 0.0
21.581654 0.0
21.598332 0.0
21.61501 0.0
21.631689 0.0
21.648367 0.0
21.665045 0.0
21.681723 0.0
21.698402 0.0
21.71508 0.0
21.731758 0.0
21.748436 0.0
21.765115 0.0
21.781793 0.0
21.798471 0.0
21.815149 0.0
21.831828 0.0
21.848506 0.0
21.865184 0.0
21.881862 0.0
21.898541 0.0
21.915219 0.0
21.931897 0.0
21.948575 0.0
21.965254 0.0
21.981932 0.0
21.99861 0.0
22.015288 0.0
22.031967 0.0
22.048645 0.0
22.065323 0.0
22.082001 0.0
22.09868 0.0
22.115358 0.0
22.132036 0.0
22.148714 0.0
22.165393 0.0
22.182071 0.0
22.198749 0.0
22.215427 0.0
22.232106 0.0
22.248784 0.0
22.265462 0.0
22.28214 0.0
22.298819 0.0
22.315497 0.0
22.332175 0.0
22.348853 0.0
22.365532 0.0
22.38221 0.0
22.398888 0.0
22.415566 0.0
22.432245 0.0
22.448923 0.0
22.465601 0.0
22.482279 0.0
22.498958 0.0
22.515636 0.0
22.532314 0.0
22.548992 0.0
22.565671 0.0
22.582349 0.0
22.599027 0.0
22.615705 0.0
22.632384 0.0
22.649062 0.0
22.66574 0.0
22.682418 0.0
22.699097 0.0
22.715775 0.0
22.732453 0.0
22.749131 0.0
22.76581 0.0
22.782488 0.0
22.799166 0.0
22.815844 0.0
22.832523 0.0
22.849201 0.0
22.865879 0.0
22.882557 0.0
22.899236 0.0
22.915914 0.0
22.932592 0.0
22.94927 0.0
22.965949 0.0
22.982627 0.0
22.999305 0.0
23.015983 0.0
23.032662 0.0
23.04934 0.0
23.066018 0.0
23.082696 0.0
23.099375 0.0
23.116053 0.0
23.132731 0.0
23.149409 0.0
23.166088 0.0
23.182766 0.0
23.199444 0.0
23.216122 0.0
23.232801 0.0
23.249479 0.0
23.266157 0.0
23.282835 0.0
23.299514 0.0
23.316192 0.0
23.33287 0.0
23.349548 0.0
23.366227 0.0
23.382905 0.0
23.399583 0.0
23.416261 0.0
23.43294 0.0
23.449618 0.0
23.466296 0.0
23.482974 0.0
23.499653 0.0
23.516331 0.0
23.533009 0.0
23.549687 0.0
23.566366 0.0
23.583044 0.0
23.599722 0.0
23.6164 0.0
23.633079 0.0
23.649757 0.0
23.666435 0.0
23.683113 0.0
23.699792 0.0
23.71647 0.0
23.733148 0.0
23.749826 0.0
23.766505 0.0
23.783183 0.0
23.799861 0.0
23.816539 0.0
23.833218 0.0
23.849896 0.0
23.866574 0.0
23.883252 0.0
23.899931 0.0
23.916609 0.0
23.933287 0.0
23.949965 0.0
23.966644 0.0
23.983322 0.0
24.0 0.0
