0.0 0.0
0.0167 0.0
0.0333 0.0
0.05 0.0
0.0667 0.0
0.0833 0.0
0.1 0.0
0.1167 0.0
0.1333 0.0
0.15 0.0
0.1667 0.0
0.1833 0.0
0.2 0.0
0.2167 0.0
0.2333 0.0
0.25 0.0
0.2667 0.0
0.2833 0.0
0.3 0.0
0.3167 0.0
0.3333 0.0
0.35 0.0
0.3667 0.0
0.3833 0.0
0.4 0.0
0.4167 0.0
0.4333 0.0
0.45 0.0
0.4667 0.0
0.4833 0.0
0.5 0.0
0.5167 0.0
0.5333 0.0
0.55 0.0
0.5667 0.0
0.5833 0.0
0.6 0.0
0.6167 0.0
0.6333 0.0
0.65 0.0
0.6667 0.0
0.6833 0.0
0.7 0.0
0.7167 0.0
0.7333 0.0
0.75 0.0
0.7667 0.0
0.7833 0.0
0.8 0.0
0.8167 0.0
0.8333 0.0
0.85 0.0
0.8667 0.0
0.8833 0.0
0.9 0.0
0.9167 0.0
0.9333 0.0
0.95 0.0
0.9667 0.0
0.9833 0.0
1.0 0.0
1.0167 0.0
1.0333 0.0
1.05 0.0
1.0667 0.0
1.0833 0.0
1.1 0.0
1.1167 0.0
1.1333 0.0
1.15 0.0
1.1667 0.0
1.1833 0.0
1.2 0.0
1.2167 0.0
1.2333 0.0
1.25 0.0
1.2667 0.0
1.2833 0.0
1.3 0.0
1.3167 0.0
1.3333 0.0
1.35 0.0
1.3667 0.0
1.3833 0.0
1.4 0.0
1.4167 0.0
1.4333 0.0
1.45 0.0
1.4667 0.0
1.4833 0.0
1.5 0.0
1.5167 0.0
1.5333 0.0
1.55 0.0
1.5667 0.0
1.5833 0.0
1.6 0.0
1.6167 0.0
1.6333 0.0
1.65 0.0
1.6667 0.0
1.6833 0.0
1.7 0.0
1.7167 0.0
1.7333 0.0
1.75 0.0
1.7667 0.0
1.7833 0.0
1.8 0.0
1.8167 0.0
1.8333 0.0
1.85 0.0
1.8667 0.0
1.8833 0.0
1.9 0.0
1.9167 0.0
1.9333 0.0
1.95 0.0
1.9667 0.0
1.9833 0.0
2.0 0.0
2.0167 0.0
2.0333 0.0
2.05 0.0
2.0667 0.0
2.0833 0.0
2.1 0.0
2.1167 0.0
2.1333 0.0
2.15 0.0
2.1667 0.0
2.1833 0.0
2.2 0.0
2.2167 0.0
2.2333 0.0
2.25 0.0
2.2667 0.0
2.2833 0.0
2.3 0.0
2.3167 0.0
2.3333 0.0
2.35 0.0
2.3667 0.0
2.3833 0.0
2.4 0.0
2.4167 0.0
2.4333 0.0
2.45 0.0
2.4667 0.0
2.4833 0.0
2.5 0.0
2.5167 0.0
2.5333 0.0
2.55 0.0
2.5667 0.0
2.5833 0.0
2.6 0.0
2.6167 0.0
2.6333 0.0
2.65 0.0
2.6667 0.0
2.6833 0.0
2.7 0.0
2.7167 0.0
2.7333 0.0
2.75 0.0
2.7667 0.0
2.7833 0.0
2.8 0.0
2.8167 0.0
2.8333 0.0
2.85 0.0
2.8667 0.0
2.8833 0.0
2.9 0.0
2.9167 0.0
2.9333 0.0
2.95 0.0
2.9667 0.0
2.9833 0.0
3.0 0.0
3.0167 0.0
3.0333 0.0
3.05 0.0
3.0667 0.0
3.0833 0.0
3.1 0.0
3.1167 0.0
3.1333 0.0
3.15 0.0
3.1667 0.0
3.1833 0.0
3.2 0.0
3.2167 0.0
3.2333 0.0
3.25 0.0
3.2667 0.0
3.2833 0.0
3.3 0.0
3.3167 0.0
3.3333 0.0
3.35 0.0
3.3667 0.0
3.3833 0.0
3.4 0.0
3.4167 0.0
3.4333 0.0
3.45 0.0
3.4667 0.0
3.4833 0.0
3.5 0.0
3.5167 0.0
3.5333 0.0
3.55 0.0
3.5667 0.0
3.5833 0.0
3.6 0.0
3.6167 0.0
3.6333 0.0
3.65 0.0
3.6667 0.0
3.6833 0.0
3.7 0.0
3.7167 0.0
3.7333 0.0
3.75 0.0
3.7667 0.0
3.7833 0.0
3.8 0.0
3.8167 0.0
3.8333 0.0
3.85 0.0
3.8667 0.0
3.8833 0.0
3.9 0.0
3.9167 0.0
3.9333 0.0
3.95 0.0
3.9667 0.0
3.9833 0.0
4.0 0.0
4.0167 0.0
4.0333 0.0
4.05 0.0
4.0667 0.0
4.0833 0.0
4.1 0.0
4.1167 0.0
4.1333 0.0
4.15 0.0
4.1667 0.0
4.1833 0.0
4.2 0.0
4.2167 0.0
4.2333 0.0
4.25 0.0
4.2667 0.0
4.2833 0.0
4.3 0.0
4.3167 0.0
4.3333 0.0
4.35 0.0
4.3667 0.0
4.3833 0.0
4.4 0.0
4.4167 0.0
4.4333 0.0
4.45 0.0
4.4667 0.0
4.4833 0.0
4.5 0.0
4.5167 0.0
4.5333 0.0
4.55 0.0
4.5667 0.0
4.5833 0.0
4.6 0.0
4.6167 0.0
4.6333 0.0
4.65 0.0
4.6667 0.0
4.6833 0.0
4.7 0.0
4.7167 0.0
4.7333 0.0
4.75 0.0
4.7667 0.0
4.7833 0.0
4.8 0.0
4.8167 0.0
4.8333 0.0
4.85 0.0
4.8667 0.0
4.8833 0.0
4.9 0.0
4.9167 0.0
4.9333 0.0
4.95 0.0
4.9667 0.0
4.9833 0.0
5.0 0.0
5.0167 0.0
5.0333 0.0
5.05 0.0
5.0667 0.0
5.0833 0.0
5.1 0.0
5.1167 0.0
5.1333 0.0
5.15 0.0
5.1667 0.0
5.1833 0.0
5.2 0.0
5.2167 0.0
5.2333 0.0
5.25 0.0
5.2667 0.0
5.2833 0.0
5.3 0.0
5.3167 0.0
5.3333 0.0
5.35 0.0
5.3667 0.0
5.3833 0.0
5.4 0.0
5.4167 0.0
5.4333 0.0
5.45 0.0
5.4667 0.0
5.4833 0.0
5.5 0.0
5.5167 0.0
5.5333 0.0
5.55 0.0
5.5667 0.0
5.5833 0.0
5.6 0.0
5.6167 0.0
5.6333 0.0
5.65 0.0
5.6667 0.0
5.6833 0.0
5.7 0.0
5.7167 0.0
5.7333 0.0
5.75 0.0
5.7667 0.0
5.7833 0.0
5.8 0.0
5.8167 0.0
5.8333 0.0
5.85 0.0
5.8667 0.0
5.8833 0.0
5.9 0.0
5.9167 0.0
5.9333 0.0
5.95 0.0
5.9667 0.0
5.9833 0.0
6.0 0.0
6.0167 0.0
6.0333 0.0
6.05 0.0
6.0667 0.0
6.0833 0.0
6.1 0.0
6.1167 0.0
6.1333 0.0
6.15 0.0
6.1667 0.0
6.1833 0.0
6.2 0.0
6.2167 0.0
6.2333 0.0
6.25 0.0
6.2667 0.0
6.2833 0.0
6.3 0.0
6.3167 0.0
6.3333 0.0
6.35 0.0
6.3667 0.0
6.3833 0.0
6.4 0.0
6.4167 1.254e-15
6.4333 2.236e-11
6.45 6.63e-09
6.4667 3.806e-07
6.4833 5.537e-06
6.5 3.422e-05
6.5167 0.0001049
6.5333 0.0002217
6.55 0.0004095
6.5667 0.0006708
6.5833 0.001051
6.6 0.001593
6.6167 0.002353
6.6333 0.0034
6.65 0.004735
6.6667 0.006542
6.6833 0.008873
6.7 0.01197
6.7167 0.01578
6.7333 0.02069
6.75 0.02694
6.7667 0.03486
6.7833 0.04493
6.8 0.05726
6.8167 0.07153
6.8333 0.09073
6.85 0.111
6.8667 0.136
6.8833 0.1636
6.9 0.1966
6.9167 0.2338
6.9333 0.2768
6.95 0.3281
6.9667 0.3727
6.9833 0.4361
7.0 0.4893
7.0167 0.5528
7.0333 0.6288
7.05 0.716
7.0667 0.7927
7.0833 0.8749
7.1 0.9615
7.1167 1.052
7.1333 1.147
7.15 1.245
7.1667 1.346
7.1833 1.451
7.2 1.559
7.2167 1.67
7.2333 1.783
7.25 1.9
7.2667 2.02
7.2833 2.142
7.3 2.267
7.3167 2.394
7.3333 2.524
7.35 2.657
7.3667 2.792
7.3833 2.93
7.4 3.071
7.4167 3.214
7.4333 3.359
7.45 3.507
7.4667 3.659
7.4833 3.812
7.5 3.968
7.5167 4.126
7.5333 4.287
7.55 4.451
7.5667 4.617
7.5833 4.786
7.6 4.957
7.6167 5.13
7.6333 5.306
7.65 5.485
7.6667 5.666
7.6833 5.849
7.7 6.034
7.7167 6.221
7.7333 6.411
7.75 6.603
7.7667 6.797
7.7833 6.993
7.8 7.191
7.8167 7.391
7.8333 7.594
7.85 7.798
7.8667 8.004
7.8833 8.212
7.9 8.422
7.9167 8.633
7.9333 8.847
7.95 9.061
7.9667 9.278
7.9833 9.496
8.0 9.715
8.0167 9.937
8.0333 10.16
8.05 10.38
8.0667 10.61
8.0833 10.84
8.1 11.06
8.1167 11.29
8.1333 11.52
8.15 11.76
8.1667 11.99
8.1833 12.22
8.2 12.46
8.2167 12.7
8.2333 12.93
8.25 13.17
8.2667 13.41
8.2833 13.65
8.3 13.89
8.3167 14.13
8.3333 14.38
8.35 14.62
8.3667 14.86
8.3833 15.11
8.4 15.36
8.4167 15.6
8.4333 15.85
8.45 16.1
8.4667 16.34
8.4833 16.59
8.5 16.84
8.5167 17.09
8.5333 17.34
8.55 17.59
8.5667 17.84
8.5833 18.1
8.6 18.35
8.6167 18.6
8.6333 18.85
8.65 19.11
8.6667 19.36
8.6833 19.61
8.7 19.87
8.7167 20.12
8.7333 20.37
8.75 20.63
8.7667 20.88
8.7833 21.14
8.8 21.39
8.8167 21.65
8.8333 21.9
8.85 22.15
8.8667 22.41
8.8833 22.66
8.9 22.92
8.9167 23.17
8.9333 23.43
8.95 23.68
8.9667 23.94
8.9833 24.19
9.0 24.44
9.0167 24.7
9.0333 24.95
9.05 25.21
9.0667 25.46
9.0833 25.71
9.1 25.96
9.1167 26.22
9.1333 26.47
9.15 26.72
9.1667 26.97
9.1833 27.23
9.2 27.48
9.2167 27.73
9.2333 27.98
9.25 28.23
9.2667 28.48
9.2833 28.73
9.3 28.98
9.3167 29.22
9.3333 29.47
9.35 29.72
9.3667 29.97
9.3833 30.21
9.4 30.46
9.4167 30.7
9.4333 30.95
9.45 31.19
9.4667 31.44
9.4833 31.68
9.5 31.92
9.5167 32.17
9.5333 32.41
9.55 32.65
9.5667 32.89
9.5833 33.13
9.6 33.37
9.6167 33.61
9.6333 33.85
9.65 34.08
9.6667 34.32
9.6833 34.56
9.7 34.79
9.7167 35.03
9.7333 35.26
9.75 35.49
9.7667 35.73
9.7833 35.96
9.8 36.19
9.8167 36.42
9.8333 36.65
9.85 36.88
9.8667 37.1
9.8833 37.33
9.9 37.56
9.9167 37.78
9.9333 38.01
9.95 38.23
9.9667 38.45
9.9833 38.68
10.0 38.9
10.0167 39.12
10.0333 39.34
10.05 39.55
10.0667 39.77
10.0833 39.99
10.1 40.21
10.1167 40.42
10.1333 40.63
10.15 40.85
10.1667 41.06
10.1833 41.27
10.2 41.48
10.2167 41.69
10.2333 41.9
10.25 42.1
10.2667 42.31
10.2833 42.52
10.3 42.72
10.3167 42.92
10.3333 43.12
10.35 43.33
10.3667 43.53
10.3833 43.73
10.4 43.92
10.4167 44.12
10.4333 44.32
10.45 44.51
10.4667 44.71
10.4833 44.9
10.5 45.09
10.5167 45.28
10.5333 45.47
10.55 45.66
10.5667 45.84
10.5833 46.03
10.6 46.22
10.6167 46.4
10.6333 46.58
10.65 46.76
10.6667 46.94
10.6833 47.12
10.7 47.3
10.7167 47.48
10.7333 47.65
10.75 47.83
10.7667 48.0
10.7833 48.17
10.8 48.35
10.8167 48.52
10.8333 48.68
10.85 48.85
10.8667 49.02
10.8833 49.18
10.9 49.35
10.9167 49.51
10.9333 49.67
10.95 49.83
10.9667 49.99
10.9833 50.15
11.0 50.3
11.0167 50.46
11.0333 50.61
11.05 50.77
11.0667 50.92
11.0833 51.07
11.1 51.21
11.1167 51.36
11.1333 51.51
11.15 51.65
11.1667 51.8
11.1833 51.94
11.2 52.08
11.2167 52.22
11.2333 52.36
11.25 52.5
11.2667 52.63
11.2833 52.77
11.3 52.9
11.3167 53.03
11.3333 53.16
11.35 53.29
11.3667 53.42
11.3833 53.55
11.4 53.67
11.4167 53.79
11.4333 53.92
11.45 54.04
11.4667 54.16
11.4833 54.27
11.5 54.39
11.5167 54.51
11.5333 54.62
11.55 54.74
11.5667 54.85
11.5833 54.96
11.6 55.07
11.6167 55.17
11.6333 55.28
11.65 55.38
11.6667 55.49
11.6833 55.59
11.7 55.69
11.7167 55.79
11.7333 55.88
11.75 55.98
11.7667 56.08
11.7833 56.17
11.8 56.26
11.8167 56.35
11.8333 56.44
11.85 56.53
11.8667 56.61
11.8833 56.7
11.9 56.78
11.9167 56.86
11.9333 56.94
11.95 57.02
11.9667 57.1
11.9833 57.18
12.0 57.25
12.0167 57.32
12.0333 57.39
12.05 57.47
12.0667 57.53
12.0833 57.6
12.1 57.67
12.1167 57.73
12.1333 57.79
12.15 57.86
12.1667 57.92
12.1833 57.97
12.2 58.03
12.2167 58.09
12.2333 58.14
12.25 58.19
12.2667 58.24
12.2833 58.29
12.3 58.34
12.3167 58.39
12.3333 58.44
12.35 58.48
12.3667 58.52
12.3833 58.56
12.4 58.6
12.4167 58.64
12.4333 58.68
12.45 58.71
12.4667 58.74
12.4833 58.78
12.5 58.81
12.5167 58.84
12.5333 58.86
12.55 58.89
12.5667 58.91
12.5833 58.94
12.6 58.96
12.6167 58.98
12.6333 58.99
12.65 59.01
12.6667 59.03
12.6833 59.04
12.7 59.05
12.7167 59.07
12.7333 59.07
12.75 59.08
12.7667 59.09
12.7833 59.09
12.8 59.1
12.8167 59.1
12.8333 59.1
12.85 59.1
12.8667 59.1
12.8833 59.09
12.9 59.09
12.9167 59.08
12.9333 59.07
12.95 59.06
12.9667 59.05
12.9833 59.04
13.0 59.02
13.0167 59.0
13.0333 58.99
13.05 58.97
13.0667 58.95
13.0833 58.93
13.1 58.9
13.1167 58.88
13.1333 58.85
13.15 58.82
13.1667 58.79
13.1833 58.76
13.2 58.73
13.2167 58.7
13.2333 58.66
13.25 58.62
13.2667 58.59
13.2833 58.55
13.3 58.51
13.3167 58.46
13.3333 58.42
13.35 58.37
13.3667 58.33
13.3833 58.28
13.4 58.23
13.4167 58.17
13.4333 58.12
13.45 58.07
13.4667 58.01
13.4833 57.95
13.5 57.89
13.5167 57.83
13.5333 57.77
13.55 57.71
13.5667 57.64
13.5833 57.58
13.6 57.51
13.6167 57.44
13.6333 57.37
13.65 57.3
13.6667 57.22
13.6833 57.15
13.7 57.07
13.7167 56.99
13.7333 56.91
13.75 56.83
13.7667 56.75
13.7833 56.67
13.8 56.58
13.8167 56.49
13.8333 56.41
13.85 56.32
13.8667 56.23
13.8833 56.13
13.9 56.04
13.9167 55.94
13.9333 55.85
13.95 55.75
13.9667 55.65
13.9833 55.55
14.0 55.45
14.0167 55.34
14.0333 55.24
14.05 55.13
14.0667 55.02
14.0833 54.92
14.1 54.8
14.1167 54.69
14.1333 54.58
14.15 54.47
14.1667 54.35
14.1833 54.23
14.2 54.11
14.2167 53.99
14.2333 53.87
14.25 53.75
14.2667 53.62
14.2833 53.5
14.3 53.37
14.3167 53.24
14.3333 53.11
14.35 52.98
14.3667 52.85
14.3833 52.72
14.4 52.58
14.4167 52.45
14.4333 52.31
14.45 52.17
14.4667 52.03
14.4833 51.89
14.5 51.74
14.5167 51.6
14.5333 51.45
14.55 51.31
14.5667 51.16
14.5833 51.01
14.6 50.86
14.6167 50.71
14.6333 50.55
14.65 50.4
14.6667 50.24
14.6833 50.09
14.7 49.93
14.7167 49.77
14.7333 49.61
14.75 49.45
14.7667 49.29
14.7833 49.12
14.8 48.96
14.8167 48.79
14.8333 48.62
14.85 48.45
14.8667 48.28
14.8833 48.11
14.9 47.94
14.9167 47.76
14.9333 47.59
14.95 47.41
14.9667 47.24
14.9833 47.06
15.0 46.88
15.0167 46.7
15.0333 46.51
15.05 46.33
15.0667 46.15
15.0833 45.96
15.1 45.77
15.1167 45.59
15.1333 45.4
15.15 45.21
15.1667 45.02
15.1833 44.83
15.2 44.63
15.2167 44.44
15.2333 44.24
15.25 44.05
15.2667 43.85
15.2833 43.65
15.3 43.45
15.3167 43.25
15.3333 43.05
15.35 42.85
15.3667 42.64
15.3833 42.44
15.4 42.23
15.4167 42.03
15.4333 41.82
15.45 41.61
15.4667 41.4
15.4833 41.19
15.5 40.98
15.5167 40.77
15.5333 40.55
15.55 40.34
15.5667 40.13
15.5833 39.91
15.6 39.69
15.6167 39.47
15.6333 39.26
15.65 39.04
15.6667 38.82
15.6833 38.59
15.7 38.37
15.7167 38.15
15.7333 37.92
15.75 37.7
15.7667 37.47
15.7833 37.25
15.8 37.02
15.8167 36.79
15.8333 36.56
15.85 36.33
15.8667 36.1
15.8833 35.87
15.9 35.64
15.9167 35.41
15.9333 35.17
15.95 34.94
15.9667 34.71
15.9833 34.47
16.0 34.23
16.0167 34.0
16.0333 33.76
16.05 33.52
16.0667 33.28
16.0833 33.04
16.1 32.8
16.1167 32.56
16.1333 32.32
16.15 32.08
16.1667 31.84
16.1833 31.59
16.2 31.35
16.2167 31.11
16.2333 30.86
16.25 30.61
16.2667 30.37
16.2833 30.12
16.3 29.88
16.3167 29.63
16.3333 29.38
16.35 29.13
16.3667 28.88
16.3833 28.64
16.4 28.39
16.4167 28.14
16.4333 27.89
16.45 27.64
16.4667 27.38
16.4833 27.13
16.5 26.88
16.5167 26.63
16.5333 26.38
16.55 26.13
16.5667 25.87
16.5833 25.62
16.6 25.37
16.6167 25.11
16.6333 24.86
16.65 24.61
16.6667 24.35
16.6833 24.1
16.7 23.84
16.7167 23.59
16.7333 23.34
16.75 23.08
16.7667 22.83
16.7833 22.57
16.8 22.32
16.8167 22.06
16.8333 21.81
16.85 21.55
16.8667 21.3
16.8833 21.04
16.9 20.79
16.9167 20.54
16.9333 20.28
16.95 20.03
16.9667 19.77
16.9833 19.52
17.0 19.27
17.0167 19.02
17.0333 18.76
17.05 18.51
17.0667 18.26
17.0833 18.01
17.1 17.75
17.1167 17.5
17.1333 17.25
17.15 17.0
17.1667 16.75
17.1833 16.5
17.2 16.26
17.2167 16.01
17.2333 15.76
17.25 15.51
17.2667 15.27
17.2833 15.02
17.3 14.78
17.3167 14.53
17.3333 14.29
17.35 14.05
17.3667 13.81
17.3833 13.56
17.4 13.33
17.4167 13.09
17.4333 12.85
17.45 12.61
17.4667 12.38
17.4833 12.14
17.5 11.91
17.5167 11.67
17.5333 11.44
17.55 11.21
17.5667 10.98
17.5833 10.76
17.6 10.53
17.6167 10.3
17.6333 10.08
17.65 9.859
17.6667 9.638
17.6833 9.419
17.7 9.202
17.7167 8.986
17.7333 8.771
17.75 8.559
17.7667 8.348
17.7833 8.139
17.8 7.932
17.8167 7.726
17.8333 7.523
17.85 7.321
17.8667 7.122
17.8833 6.925
17.9 6.729
17.9167 6.536
17.9333 6.345
17.95 6.156
17.9667 5.969
17.9833 5.785
18.0 5.602
18.0167 5.423
18.0333 5.245
18.05 5.07
18.0667 4.897
18.0833 4.727
18.1 4.559
18.1167 4.394
18.1333 4.231
18.15 4.071
18.1667 3.914
18.1833 3.759
18.2 3.606
18.2167 3.456
18.2333 3.309
18.25 3.164
18.2667 3.022
18.2833 2.882
18.3 2.745
18.3167 2.611
18.3333 2.479
18.35 2.35
18.3667 2.223
18.3833 2.1
18.4 1.978
18.4167 1.86
18.4333 1.744
18.45 1.632
18.4667 1.522
18.4833 1.415
18.5 1.311
18.5167 1.211
18.5333 1.114
18.55 1.021
18.5667 0.9315
18.5833 0.8465
18.6 0.7662
18.6167 0.687
18.6333 0.6016
18.65 0.53
18.6667 0.4702
18.6833 0.4203
18.7 0.356
18.7167 0.3076
18.7333 0.265
18.75 0.2225
18.7667 0.186
18.7833 0.1547
18.8 0.128
18.8167 0.1032
18.8333 0.08301
18.85 0.0674
18.8667 0.05257
18.8833 0.04107
18.9 0.03206
18.9167 0.02483
18.9333 0.01895
18.95 0.01434
18.9667 0.01081
18.9833 0.008119
19.0 0.005875
19.0167 0.004278
19.0333 0.003014
19.05 0.002072
19.0667 0.001392
19.0833 0.0009095
19.1 0.0005731
19.1167 0.0003385
19.1333 0.0001767
19.15 7.795e-05
19.1667 2.086e-05
19.1833 2.396e-06
19.2 1.183e-07
19.2167 1.323e-09
19.2333 1.999e-12
19.25 0.0
19.2667 0.0
19.2833 0.0
19.3 0.0
19.3167 0.0
19.3333 0.0
19.35 0.0
19.3667 0.0
19.3833 0.0
19.4 0.0
19.4167 0.0
19.4333 0.0
19.45 0.0
19.4667 0.0
19.4833 0.0
19.5 0.0
19.5167 0.0
19.5333 0.0
19.55 0.0
19.5667 0.0
19.5833 0.0
19.6 0.0
19.6167 0.0
19.6333 0.0
19.65 0.0
19.6667 0.0
19.6833 0.0
19.7 0.0
19.7167 0.0
19.7333 0.0
19.75 0.0
19.7667 0.0
19.7833 0.0
19.8 0.0
19.8167 0.0
19.8333 0.0
19.85 0.0
19.8667 0.0
19.8833 0.0
19.9 0.0
19.9167 0.0
19.9333 0.0
19.95 0.0
19.9667 0.0
19.9833 0.0
20.0 0.0
20.0167 0.0
20.0333 0.0
20.05 0.0
20.0667 0.0
20.0833 0.0
20.1 0.0
20.1167 0.0
20.1333 0.0
20.15 0.0
20.1667 0.0
20.1833 0.0
20.2 0.0
20.2167 0.0
20.2333 0.0
20.25 0.0
20.2667 0.0
20.2833 0.0
20.3 0.0
20.3167 0.0
20.3333 0.0
20.35 0.0
20.3667 0.0
20.3833 0.0
20.4 0.0
20.4167 0.0
20.4333 0.0
20.45 0.0
20.4667 0.0
20.4833 0.0
20.5 0.0
20.5167 0.0
20.5333 0.0
20.55 0.0
20.5667 0.0
20.5833 0.0
20.6 0.0
20.6167 0.0
20.6333 0.0
20.65 0.0
20.6667 0.0
20.6833 0.0
20.7 0.0
20.7167 0.0
20.7333 0.0
20.75 0.0
20.7667 0.0
20.7833 0.0
20.8 0.0
20.8167 0.0
20.8333 0.0
20.85 0.0
20.8667 0.0
20.8833 0.0
20.9 0.0
20.9167 0.0
20.9333 0.0
20.95 0.0
20.9667 0.0
20.9833 0.0
21.0 0.0
21.0167 0.0
21.0333 0.0
21.05 0.0
21.0667 0.0
21.0833 0.0
21.1 0.0
21.1167 0.0
21.1333 0.0
21.15 0.0
21.1667 0.0
21.1833 0.0
21.2 0.0
21.2167 0.0
21.2333 0.0
21.25 0.0
21.2667 0.0
21.2833 0.0
21.3 0.0
21.3167 0.0
21.3333 0.0
21.35 0.0
21.3667 0.0
21.3833 0.0
21.4 0.0
21.4167 0.0
21.4333 0.0
21.45 0.0
21.4667 0.0
21.4833 0.0
21.5 0.0
21.5167 0.0
21.5333 0.0
21.55 0.0
21.5667 0.0
21.5833 0.0
21.6 0.0
21.6167 0.0
21.6333 0.0
21.65 0.0
21.6667 0.0
21.6833 0.0
21.7 0.0
21.7167 0.0
21.7333 0.0
21.75 0.0
21.7667 0.0
21.7833 0.0
21.8 0.0
21.8167 0.0
21.8333 0.0
21.85 0.0
21.8667 0.0
21.8833 0.0
21.9 0.0
21.9167 0.0
21.9333 0.0
21.95 0.0
21.9667 0.0
21.9833 0.0
22.0 0.0
22.0167 0.0
22.0333 0.0
22.05 0.0
22.0667 0.0
22.0833 0.0
22.1 0.0
22.1167 0.0
22.1333 0.0
22.15 0.0
22.1667 0.0
22.1833 0.0
22.2 0.0
22.2167 0.0
22.2333 0.0
22.25 0.0
22.2667 0.0
22.2833 0.0
22.3 0.0
22.3167 0.0
22.3333 0.0
22.35 0.0
22.3667 0.0
22.3833 0.0
22.4 0.0
22.4167 0.0
22.4333 0.0
22.45 0.0
22.4667 0.0
22.4833 0.0
22.5 0.0
22.5167 0.0
22.5333 0.0
22.55 0.0
22.5667 0.0
22.5833 0.0
22.6 0.0
22.6167 0.0
22.6333 0.0
22.65 0.0
22.6667 0.0
22.6833 0.0
22.7 0.0
22.7167 0.0
22.7333 0.0
22.75 0.0
22.7667 0.0
22.7833 0.0
22.8 0.0
22.8167 0.0
22.8333 0.0
22.85 0.0
22.8667 0.0
22.8833 0.0
22.9 0.0
22.9167 0.0
22.9333 0.0
22.95 0.0
22.9667 0.0
22.9833 0.0
23.0 0.0
23.0167 0.0
23.0333 0.0
23.05 0.0
23.0667 0.0
23.0833 0.0
23.1 0.0
23.1167 0.0
23.1333 0.0
23.15 0.0
23.1667 0.0
23.1833 0.0
23.2 0.0
23.2167 0.0
23.2333 0.0
23.25 0.0
23.2667 0.0
23.2833 0.0
23.3 0.0
23.3167 0.0
23.3333 0.0
23.35 0.0
23.3667 0.0
23.3833 0.0
23.4 0.0
23.4167 0.0
23.4333 0.0
23.45 0.0
23.4667 0.0
23.4833 0.0
23.5 0.0
23.5167 0.0
23.5333 0.0
23.55 0.0
23.5667 0.0
23.5833 0.0
23.6 0.0
23.6167 0.0
23.6333 0.0
23.65 0.0
23.6667 0.0
23.6833 0.0
23.7 0.0
23.7167 0.0
23.7333 0.0
23.75 0.0
23.7667 0.0
23.7833 0.0
23.8 0.0
23.8167 0.0
23.8333 0.0
23.85 0.0
23.8667 0.0
23.8833 0.0
23.9 0.0
23.9167 0.0
23.9333 0.0
23.95 0.0
23.9667 0.0
23.9833 0.0
