0.0 0.0
0.0167 0.0
0.0333 0.0
0.05 0.0
0.0667 0.0
0.0833 0.0
0.1 0.0
0.1167 0.0
0.1333 0.0
0.15 0.0
0.1667 0.0
0.1833 0.0
0.2 0.0
0.2167 0.0
0.2333 0.0
0.25 0.0
0.2667 0.0
0.2833 0.0
0.3 0.0
0.3167 0.0
0.3333 0.0
0.35 0.0
0.3667 0.0
0.3833 0.0
0.4 0.0
0.4167 0.0
0.4333 0.0
0.45 0.0
0.4667 0.0
0.4833 0.0
0.5 0.0
0.5167 0.0
0.5333 0.0
0.55 0.0
0.5667 0.0
0.5833 0.0
0.6 0.0
0.6167 0.0
0.6333 0.0
0.65 0.0
0.6667 0.0
0.6833 0.0
0.7 0.0
0.7167 0.0
0.7333 0.0
0.75 0.0
0.7667 0.0
0.7833 0.0
0.8 0.0
0.8167 0.0
0.8333 0.0
0.85 0.0
0.8667 0.0
0.8833 0.0
0.9 0.0
0.9167 0.0
0.9333 0.0
0.95 0.0
0.9667 0.0
0.9833 0.0
1.0 0.0
1.0167 0.0
1.0333 0.0
1.05 0.0
1.0667 0.0
1.0833 0.0
1.1 0.0
1.1167 0.0
1.1333 0.0
1.15 0.0
1.1667 0.0
1.1833 0.0
1.2 0.0
1.2167 0.0
1.2333 0.0
1.25 0.0
1.2667 0.0
1.2833 0.0
1.3 0.0
1.3167 0.0
1.3333 0.0
1.35 0.0
1.3667 0.0
1.3833 0.0
1.4 0.0
1.4167 0.0
1.4333 0.0
1.45 0.0
1.4667 0.0
1.4833 0.0
1.5 0.0
1.5167 0.0
1.5333 0.0
1.55 0.0
1.5667 0.0
1.5833 0.0
1.6 0.0
1.6167 0.0
1.6333 0.0
1.65 0.0
1.6667 0.0
1.6833 0.0
1.7 0.0
1.7167 0.0
1.7333 0.0
1.75 0.0
1.7667 0.0
1.7833 0.0
1.8 0.0
1.8167 0.0
1.8333 0.0
1.85 0.0
1.8667 0.0
1.8833 0.0
1.9 0.0
1.9167 0.0
1.9333 0.0
1.95 0.0
1.9667 0.0
1.9833 0.0
2.0 0.0
2.0167 0.0
2.0333 0.0
2.05 0.0
2.0667 0.0
2.0833 0.0
2.1 0.0
2.1167 0.0
2.1333 0.0
2.15 0.0
2.1667 0.0
2.1833 0.0
2.2 0.0
2.2167 0.0
2.2333 0.0
2.25 0.0
2.2667 0.0
2.2833 0.0
2.3 0.0
2.3167 0.0
2.3333 0.0
2.35 0.0
2.3667 0.0
2.3833 0.0
2.4 0.0
2.4167 0.0
2.4333 0.0
2.45 0.0
2.4667 0.0
2.4833 0.0
2.5 0.0
2.5167 0.0
2.5333 0.0
2.55 0.0
2.5667 0.0
2.5833 0.0
2.6 0.0
2.6167 0.0
2.6333 0.0
2.65 0.0
2.6667 0.0
2.6833 0.0
2.7 0.0
2.7167 0.0
2.7333 0.0
2.75 0.0
2.7667 0.0
2.7833 0.0
2.8 0.0
2.8167 0.0
2.8333 0.0
2.85 0.0
2.8667 0.0
2.8833 0.0
2.9 0.0
2.9167 0.0
2.9333 0.0
2.95 0.0
2.9667 0.0
2.9833 0.0
3.0 0.0
3.0167 0.0
3.0333 0.0
3.05 0.0
3.0667 0.0
3.0833 0.0
3.1 0.0
3.1167 0.0
3.1333 0.0
3.15 0.0
3.1667 0.0
3.1833 0.0
3.2 0.0
3.2167 0.0
3.2333 0.0
3.25 0.0
3.2667 0.0
3.2833 0.0
3.3 0.0
3.3167 0.0
3.3333 0.0
3.35 0.0
3.3667 0.0
3.3833 0.0
3.4 0.0
3.4167 0.0
3.4333 0.0
3.45 0.0
3.4667 0.0
3.4833 0.0
3.5 0.0
3.5167 0.0
3.5333 0.0
3.55 0.0
3.5667 0.0
3.5833 0.0
3.6 0.0
3.6167 0.0
3.6333 0.0
3.65 0.0
3.6667 0.0
3.6833 0.0
3.7 0.0
3.7167 0.0
3.7333 0.0
3.75 0.0
3.7667 0.0
3.7833 0.0
3.8 0.0
3.8167 0.0
3.8333 0.0
3.85 0.0
3.8667 0.0
3.8833 0.0
3.9 0.0
3.9167 0.0
3.9333 0.0
3.95 0.0
3.9667 0.0
3.9833 0.0
4.0 0.0
4.0167 0.0
4.0333 0.0
4.05 0.0
4.0667 0.0
4.0833 0.0
4.1 0.0
4.1167 0.0
4.1333 0.0
4.15 0.0
4.1667 0.0
4.1833 0.0
4.2 0.0
4.2167 0.0
4.2333 0.0
4.25 0.0
4.2667 0.0
4.2833 0.0
4.3 0.0
4.3167 0.0
4.3333 0.0
4.35 0.0
4.3667 0.0
4.3833 0.0
4.4 0.0
4.4167 0.0
4.4333 0.0
4.45 0.0
4.4667 0.0
4.4833 0.0
4.5 0.0
4.5167 0.0
4.5333 0.0
4.55 0.0
4.5667 0.0
4.5833 0.0
4.6 0.0
4.6167 0.0
4.6333 0.0
4.65 0.0
4.6667 0.0
4.6833 0.0
4.7 0.0
4.7167 0.0
4.7333 0.0
4.75 0.0
4.7667 0.0
4.7833 0.0
4.8 0.0
4.8167 0.0
4.8333 0.0
4.85 0.0
4.8667 0.0
4.8833 0.0
4.9 0.0
4.9167 0.0
4.9333 0.0
4.95 0.0
4.9667 0.0
4.9833 0.0
5.0 0.0
5.0167 0.0
5.0333 0.0
5.05 0.0
5.0667 0.0
5.0833 0.0
5.1 0.0
5.1167 0.0
5.1333 0.0
5.15 0.0
5.1667 0.0
5.1833 0.0
5.2 0.0
5.2167 0.0
5.2333 0.0
5.25 0.0
5.2667 0.0
5.2833 0.0
5.3 0.0
5.3167 0.0
5.3333 0.0
5.35 0.0
5.3667 0.0
5.3833 0.0
5.4 0.0
5.4167 0.0
5.4333 0.0
5.45 0.0
5.4667 0.0
5.4833 0.0
5.5 0.0
5.5167 0.0
5.5333 0.0
5.55 0.0
5.5667 0.0
5.5833 0.0
5.6 0.0
5.6167 0.0
5.6333 0.0
5.65 0.0
5.6667 0.0
5.6833 0.0
5.7 0.0
5.7167 0.0
5.7333 0.0
5.75 0.0
5.7667 0.0
5.7833 0.0
5.8 0.0
5.8167 0.0
5.8333 0.0
5.85 0.0
5.8667 0.0
5.8833 0.0
5.9 0.0
5.9167 0.0
5.9333 0.0
5.95 0.0
5.9667 0.0
5.9833 0.0
6.0 0.0
6.0167 0.0
6.0333 0.0
6.05 0.0
6.0667 0.0
6.0833 0.0
6.1 0.0
6.1167 0.0
6.1333 0.0
6.15 0.0
6.1667 0.0
6.1833 0.0
6.2 0.0
6.2167 0.0
6.2333 0.0
6.25 0.0
6.2667 0.0
6.2833 0.0
6.3 0.0
6.3167 0.0
6.3333 0.0
6.35 0.0
6.3667 0.0
6.3833 0.0
6.4 0.0
6.4167 0.0
6.4333 0.0
6.45 0.0
6.4667 0.0
6.4833 0.0
6.5 0.0
6.5167 0.0
6.5333 0.0
6.55 0.0
6.5667 0.0
6.5833 0.0
6.6 1.287e-15
6.6167 1.649e-11
6.6333 3.63e-09
6.65 2.045e-07
6.6667 3.244e-06
6.6833 2.236e-05
6.7 7.705e-05
6.7167 0.0001706
6.7333 0.0003135
6.75 0.000521
6.7667 0.0008172
6.7833 0.001235
6.8 0.001818
6.8167 0.00262
6.8333 0.003613
6.85 0.005019
6.8667 0.006705
6.8833 0.008929
6.9 0.01192
6.9167 0.01549
6.9333 0.02003
6.95 0.0258
6.9667 0.03245
6.9833 0.04098
7.0 0.05199
7.0167 0.06407
7.0333 0.08035
7.05 0.09748
7.0667 0.1181
7.0833 0.1426
7.1 0.1706
7.1167 0.2019
7.1333 0.2371
7.15 0.2781
7.1667 0.3275
7.1833 0.3674
7.2 0.4292
7.2167 0.4765
7.2333 0.5325
7.25 0.5987
7.2667 0.6767
7.2833 0.7546
7.3 0.8287
7.3167 0.9071
7.3333 0.9893
7.35 1.075
7.3667 1.164
7.3833 1.256
7.4 1.351
7.4167 1.449
7.4333 1.55
7.45 1.653
7.4667 1.758
7.4833 1.866
7.5 1.977
7.5167 2.09
7.5333 2.205
7.55 2.322
7.5667 2.442
7.5833 2.563
7.6 2.687
7.6167 2.814
7.6333 2.942
7.65 3.072
7.6667 3.205
7.6833 3.34
7.7 3.477
7.7167 3.616
7.7333 3.757
7.75 3.9
7.7667 4.046
7.7833 4.194
7.8 4.343
7.8167 4.495
7.8333 4.649
7.85 4.805
7.8667 4.962
7.8833 5.122
7.9 5.284
7.9167 5.448
7.9333 5.613
7.95 5.781
7.9667 5.95
7.9833 6.121
8.0 6.294
8.0167 6.469
8.0333 6.646
8.05 6.824
8.0667 7.004
8.0833 7.185
8.1 7.368
8.1167 7.553
8.1333 7.739
8.15 7.926
8.1667 8.115
8.1833 8.306
8.2 8.498
8.2167 8.691
8.2333 8.885
8.25 9.081
8.2667 9.278
8.2833 9.476
8.3 9.676
8.3167 9.876
8.3333 10.08
8.35 10.28
8.3667 10.48
8.3833 10.69
8.4 10.89
8.4167 11.1
8.4333 11.31
8.45 11.52
8.4667 11.73
8.4833 11.94
8.5 12.15
8.5167 12.36
8.5333 12.57
8.55 12.78
8.5667 13.0
8.5833 13.21
8.6 13.43
8.6167 13.64
8.6333 13.86
8.65 14.08
8.6667 14.29
8.6833 14.51
8.7 14.73
8.7167 14.95
8.7333 15.16
8.75 15.38
8.7667 15.6
8.7833 15.82
8.8 16.04
8.8167 16.26
8.8333 16.48
8.85 16.7
8.8667 16.93
8.8833 17.15
8.9 17.37
8.9167 17.59
8.9333 17.81
8.95 18.03
8.9667 18.26
8.9833 18.48
9.0 18.7
9.0167 18.92
9.0333 19.14
9.05 19.36
9.0667 19.59
9.0833 19.81
9.1 20.03
9.1167 20.25
9.1333 20.47
9.15 20.69
9.1667 20.92
9.1833 21.14
9.2 21.36
9.2167 21.58
9.2333 21.8
9.25 22.02
9.2667 22.24
9.2833 22.46
9.3 22.68
9.3167 22.9
9.3333 23.12
9.35 23.34
9.3667 23.55
9.3833 23.77
9.4 23.99
9.4167 24.21
9.4333 24.42
9.45 24.64
9.4667 24.86
9.4833 25.07
9.5 25.29
9.5167 25.5
9.5333 25.71
9.55 25.93
9.5667 26.14
9.5833 26.35
9.6 26.57
9.6167 26.78
9.6333 26.99
9.65 27.2
9.6667 27.41
9.6833 27.62
9.7 27.83
9.7167 28.04
9.7333 28.24
9.75 28.45
9.7667 28.66
9.7833 28.86
9.8 29.07
9.8167 29.27
9.8333 29.48
9.85 29.68
9.8667 29.88
9.8833 30.08
9.9 30.28
9.9167 30.48
9.9333 30.68
9.95 30.88
9.9667 31.08
9.9833 31.28
10.0 31.47
10.0167 31.67
10.0333 31.87
10.05 32.06
10.0667 32.25
10.0833 32.45
10.1 32.64
10.1167 32.83
10.1333 33.02
10.15 33.21
10.1667 33.4
10.1833 33.58
10.2 33.77
10.2167 33.96
10.2333 34.14
10.25 34.32
10.2667 34.51
10.2833 34.69
10.3 34.87
10.3167 35.05
10.3333 35.23
10.35 35.41
10.3667 35.59
10.3833 35.76
10.4 35.94
10.4167 36.11
10.4333 36.29
10.45 36.46
10.4667 36.63
10.4833 36.8
10.5 36.97
10.5167 37.14
10.5333 37.31
10.55 37.48
10.5667 37.64
10.5833 37.81
10.6 37.97
10.6167 38.13
10.6333 38.29
10.65 38.45
10.6667 38.61
10.6833 38.77
10.7 38.93
10.7167 39.09
10.7333 39.24
10.75 39.4
10.7667 39.55
10.7833 39.7
10.8 39.85
10.8167 40.0
10.8333 40.15
10.85 40.3
10.8667 40.44
10.8833 40.59
10.9 40.73
10.9167 40.88
10.9333 41.02
10.95 41.16
10.9667 41.3
10.9833 41.44
11.0 41.57
11.0167 41.71
11.0333 41.84
11.05 41.98
11.0667 42.11
11.0833 42.24
11.1 42.37
11.1167 42.5
11.1333 42.63
11.15 42.75
11.1667 42.88
11.1833 43.0
11.2 43.13
11.2167 43.25
11.2333 43.37
11.25 43.49
11.2667 43.61
11.2833 43.72
11.3 43.84
11.3167 43.95
11.3333 44.07
11.35 44.18
11.3667 44.29
11.3833 44.4
11.4 44.51
11.4167 44.61
11.4333 44.72
11.45 44.82
11.4667 44.92
11.4833 45.03
11.5 45.13
11.5167 45.23
11.5333 45.32
11.55 45.42
11.5667 45.52
11.5833 45.61
11.6 45.7
11.6167 45.79
11.6333 45.88
11.65 45.97
11.6667 46.06
11.6833 46.15
11.7 46.23
11.7167 46.31
11.7333 46.4
11.75 46.48
11.7667 46.56
11.7833 46.63
11.8 46.71
11.8167 46.79
11.8333 46.86
11.85 46.93
11.8667 47.01
11.8833 47.08
11.9 47.15
11.9167 47.21
11.9333 47.28
11.95 47.34
11.9667 47.41
11.9833 47.47
12.0 47.53
12.0167 47.59
12.0333 47.65
12.05 47.7
12.0667 47.76
12.0833 47.81
12.1 47.87
12.1167 47.92
12.1333 47.97
12.15 48.02
12.1667 48.06
12.1833 48.11
12.2 48.15
12.2167 48.2
12.2333 48.24
12.25 48.28
12.2667 48.32
12.2833 48.35
12.3 48.39
12.3167 48.43
12.3333 48.46
12.35 48.49
12.3667 48.52
12.3833 48.55
12.4 48.58
12.4167 48.61
12.4333 48.63
12.45 48.65
12.4667 48.68
12.4833 48.7
12.5 48.72
12.5167 48.74
12.5333 48.75
12.55 48.77
12.5667 48.78
12.5833 48.79
12.6 48.8
12.6167 48.81
12.6333 48.82
12.65 48.83
12.6667 48.84
12.6833 48.84
12.7 48.84
12.7167 48.84
12.7333 48.84
12.75 48.84
12.7667 48.84
12.7833 48.84
12.8 48.83
12.8167 48.82
12.8333 48.81
12.85 48.81
12.8667 48.8
12.8833 48.78
12.9 48.77
12.9167 48.75
12.9333 48.74
12.95 48.72
12.9667 48.7
12.9833 48.68
13.0 48.66
13.0167 48.63
13.0333 48.61
13.05 48.58
13.0667 48.55
13.0833 48.52
13.1 48.49
13.1167 48.46
13.1333 48.43
13.15 48.39
13.1667 48.36
13.1833 48.32
13.2 48.28
13.2167 48.24
13.2333 48.2
13.25 48.16
13.2667 48.11
13.2833 48.07
13.3 48.02
13.3167 47.97
13.3333 47.92
13.35 47.87
13.3667 47.82
13.3833 47.77
13.4 47.71
13.4167 47.65
13.4333 47.6
13.45 47.54
13.4667 47.48
13.4833 47.41
13.5 47.35
13.5167 47.28
13.5333 47.22
13.55 47.15
13.5667 47.08
13.5833 47.01
13.6 46.94
13.6167 46.87
13.6333 46.79
13.65 46.72
13.6667 46.64
13.6833 46.56
13.7 46.48
13.7167 46.4
13.7333 46.32
13.75 46.24
13.7667 46.15
13.7833 46.07
13.8 45.98
13.8167 45.89
13.8333 45.8
13.85 45.71
13.8667 45.62
13.8833 45.52
13.9 45.43
13.9167 45.33
13.9333 45.24
13.95 45.14
13.9667 45.04
13.9833 44.93
14.0 44.83
14.0167 44.73
14.0333 44.62
14.05 44.52
14.0667 44.41
14.0833 44.3
14.1 44.19
14.1167 44.08
14.1333 43.96
14.15 43.85
14.1667 43.73
14.1833 43.62
14.2 43.5
14.2167 43.38
14.2333 43.26
14.25 43.14
14.2667 43.02
14.2833 42.89
14.3 42.77
14.3167 42.64
14.3333 42.51
14.35 42.38
14.3667 42.25
14.3833 42.12
14.4 41.99
14.4167 41.86
14.4333 41.72
14.45 41.59
14.4667 41.45
14.4833 41.31
14.5 41.17
14.5167 41.03
14.5333 40.89
14.55 40.75
14.5667 40.6
14.5833 40.46
14.6 40.31
14.6167 40.16
14.6333 40.01
14.65 39.86
14.6667 39.71
14.6833 39.56
14.7 39.41
14.7167 39.26
14.7333 39.1
14.75 38.94
14.7667 38.79
14.7833 38.63
14.8 38.47
14.8167 38.31
14.8333 38.15
14.85 37.98
14.8667 37.82
14.8833 37.66
14.9 37.49
14.9167 37.32
14.9333 37.16
14.95 36.99
14.9667 36.82
14.9833 36.65
15.0 36.48
15.0167 36.3
15.0333 36.13
15.05 35.96
15.0667 35.78
15.0833 35.6
15.1 35.43
15.1167 35.25
15.1333 35.07
15.15 34.89
15.1667 34.71
15.1833 34.52
15.2 34.34
15.2167 34.16
15.2333 33.97
15.25 33.79
15.2667 33.6
15.2833 33.41
15.3 33.22
15.3167 33.04
15.3333 32.85
15.35 32.65
15.3667 32.46
15.3833 32.27
15.4 32.08
15.4167 31.88
15.4333 31.69
15.45 31.49
15.4667 31.3
15.4833 31.1
15.5 30.9
15.5167 30.7
15.5333 30.5
15.55 30.3
15.5667 30.1
15.5833 29.9
15.6 29.7
15.6167 29.49
15.6333 29.29
15.65 29.09
15.6667 28.88
15.6833 28.68
15.7 28.47
15.7167 28.26
15.7333 28.05
15.75 27.85
15.7667 27.64
15.7833 27.43
15.8 27.22
15.8167 27.01
15.8333 26.8
15.85 26.59
15.8667 26.37
15.8833 26.16
15.9 25.95
15.9167 25.73
15.9333 25.52
15.95 25.3
15.9667 25.09
15.9833 24.87
16.0 24.66
16.0167 24.44
16.0333 24.22
16.05 24.01
16.0667 23.79
16.0833 23.57
16.1 23.35
16.1167 23.14
16.1333 22.92
16.15 22.7
16.1667 22.48
16.1833 22.26
16.2 22.04
16.2167 21.82
16.2333 21.6
16.25 21.38
16.2667 21.16
16.2833 20.93
16.3 20.71
16.3167 20.49
16.3333 20.27
16.35 20.05
16.3667 19.83
16.3833 19.61
16.4 19.38
16.4167 19.16
16.4333 18.94
16.45 18.72
16.4667 18.5
16.4833 18.27
16.5 18.05
16.5167 17.83
16.5333 17.61
16.55 17.39
16.5667 17.17
16.5833 16.94
16.6 16.72
16.6167 16.5
16.6333 16.28
16.65 16.06
16.6667 15.84
16.6833 15.62
16.7 15.4
16.7167 15.18
16.7333 14.96
16.75 14.75
16.7667 14.53
16.7833 14.31
16.8 14.09
16.8167 13.88
16.8333 13.66
16.85 13.44
16.8667 13.23
16.8833 13.02
16.9 12.8
16.9167 12.59
16.9333 12.38
16.95 12.16
16.9667 11.95
16.9833 11.74
17.0 11.53
17.0167 11.33
17.0333 11.12
17.05 10.91
17.0667 10.71
17.0833 10.5
17.1 10.3
17.1167 10.09
17.1333 9.892
17.15 9.691
17.1667 9.492
17.1833 9.293
17.2 9.096
17.2167 8.901
17.2333 8.706
17.25 8.513
17.2667 8.321
17.2833 8.13
17.3 7.941
17.3167 7.753
17.3333 7.567
17.35 7.382
17.3667 7.199
17.3833 7.017
17.4 6.838
17.4167 6.659
17.4333 6.482
17.45 6.307
17.4667 6.134
17.4833 5.963
17.5 5.794
17.5167 5.626
17.5333 5.46
17.55 5.296
17.5667 5.134
17.5833 4.974
17.6 4.816
17.6167 4.66
17.6333 4.506
17.65 4.354
17.6667 4.204
17.6833 4.057
17.7 3.911
17.7167 3.768
17.7333 3.626
17.75 3.487
17.7667 3.35
17.7833 3.215
17.8 3.082
17.8167 2.951
17.8333 2.823
17.85 2.696
17.8667 2.572
17.8833 2.45
17.9 2.331
17.9167 2.213
17.9333 2.098
17.95 1.985
17.9667 1.874
17.9833 1.766
18.0 1.66
18.0167 1.557
18.0333 1.456
18.05 1.358
18.0667 1.263
18.0833 1.17
18.1 1.081
18.1167 0.9951
18.1333 0.9125
18.15 0.834
18.1667 0.7596
18.1833 0.6825
18.2 0.6036
18.2167 0.5366
18.2333 0.4799
18.25 0.4321
18.2667 0.3706
18.2833 0.3298
18.3 0.2805
18.3167 0.2395
18.3333 0.2045
18.35 0.1733
18.3667 0.1447
18.3833 0.1197
18.4 0.09858
18.4167 0.08115
18.4333 0.06506
18.45 0.05257
18.4667 0.04156
18.4833 0.03328
18.5 0.02609
18.5167 0.02028
18.5333 0.01569
18.55 0.01207
18.5667 0.009174
18.5833 0.006819
18.6 0.00509
18.6167 0.003689
18.6333 0.002666
18.65 0.001852
18.6667 0.001263
18.6833 0.0008389
18.7 0.0005362
18.7167 0.0003235
18.7333 0.0001766
18.75 8.112e-05
18.7667 2.452e-05
18.7833 3.617e-06
18.8 2.477e-07
18.8167 5.357e-09
18.8333 2.241e-11
18.85 2.376e-15
18.8667 0.0
18.8833 0.0
18.9 0.0
18.9167 0.0
18.9333 0.0
18.95 0.0
18.9667 0.0
18.9833 0.0
19.0 0.0
19.0167 0.0
19.0333 0.0
19.05 0.0
19.0667 0.0
19.0833 0.0
19.1 0.0
19.1167 0.0
19.1333 0.0
19.15 0.0
19.1667 0.0
19.1833 0.0
19.2 0.0
19.2167 0.0
19.2333 0.0
19.25 0.0
19.2667 0.0
19.2833 0.0
19.3 0.0
19.3167 0.0
19.3333 0.0
19.35 0.0
19.3667 0.0
19.3833 0.0
19.4 0.0
19.4167 0.0
19.4333 0.0
19.45 0.0
19.4667 0.0
19.4833 0.0
19.5 0.0
19.5167 0.0
19.5333 0.0
19.55 0.0
19.5667 0.0
19.5833 0.0
19.6 0.0
19.6167 0.0
19.6333 0.0
19.65 0.0
19.6667 0.0
19.6833 0.0
19.7 0.0
19.7167 0.0
19.7333 0.0
19.75 0.0
19.7667 0.0
19.7833 0.0
19.8 0.0
19.8167 0.0
19.8333 0.0
19.85 0.0
19.8667 0.0
19.8833 0.0
19.9 0.0
19.9167 0.0
19.9333 0.0
19.95 0.0
19.9667 0.0
19.9833 0.0
20.0 0.0
20.0167 0.0
20.0333 0.0
20.05 0.0
20.0667 0.0
20.0833 0.0
20.1 0.0
20.1167 0.0
20.1333 0.0
20.15 0.0
20.1667 0.0
20.1833 0.0
20.2 0.0
20.2167 0.0
20.2333 0.0
20.25 0.0
20.2667 0.0
20.2833 0.0
20.3 0.0
20.3167 0.0
20.3333 0.0
20.35 0.0
20.3667 0.0
20.3833 0.0
20.4 0.0
20.4167 0.0
20.4333 0.0
20.45 0.0
20.4667 0.0
20.4833 0.0
20.5 0.0
20.5167 0.0
20.5333 0.0
20.55 0.0
20.5667 0.0
20.5833 0.0
20.6 0.0
20.6167 0.0
20.6333 0.0
20.65 0.0
20.6667 0.0
20.6833 0.0
20.7 0.0
20.7167 0.0
20.7333 0.0
20.75 0.0
20.7667 0.0
20.7833 0.0
20.8 0.0
20.8167 0.0
20.8333 0.0
20.85 0.0
20.8667 0.0
20.8833 0.0
20.9 0.0
20.9167 0.0
20.9333 0.0
20.95 0.0
20.9667 0.0
20.9833 0.0
21.0 0.0
21.0167 0.0
21.0333 0.0
21.05 0.0
21.0667 0.0
21.0833 0.0
21.1 0.0
21.1167 0.0
21.1333 0.0
21.15 0.0
21.1667 0.0
21.1833 0.0
21.2 0.0
21.2167 0.0
21.2333 0.0
21.25 0.0
21.2667 0.0
21.2833 0.0
21.3 0.0
21.3167 0.0
21.3333 0.0
21.35 0.0
21.3667 0.0
21.3833 0.0
21.4 0.0
21.4167 0.0
21.4333 0.0
21.45 0.0
21.4667 0.0
21.4833 0.0
21.5 0.0
21.5167 0.0
21.5333 0.0
21.55 0.0
21.5667 0.0
21.5833 0.0
21.6 0.0
21.6167 0.0
21.6333 0.0
21.65 0.0
21.6667 0.0
21.6833 0.0
21.7 0.0
21.7167 0.0
21.7333 0.0
21.75 0.0
21.7667 0.0
21.7833 0.0
21.8 0.0
21.8167 0.0
21.8333 0.0
21.85 0.0
21.8667 0.0
21.8833 0.0
21.9 0.0
21.9167 0.0
21.9333 0.0
21.95 0.0
21.9667 0.0
21.9833 0.0
22.0 0.0
22.0167 0.0
22.0333 0.0
22.05 0.0
22.0667 0.0
22.0833 0.0
22.1 0.0
22.1167 0.0
22.1333 0.0
22.15 0.0
22.1667 0.0
22.1833 0.0
22.2 0.0
22.2167 0.0
22.2333 0.0
22.25 0.0
22.2667 0.0
22.2833 0.0
22.3 0.0
22.3167 0.0
22.3333 0.0
22.35 0.0
22.3667 0.0
22.3833 0.0
22.4 0.0
22.4167 0.0
22.4333 0.0
22.45 0.0
22.4667 0.0
22.4833 0.0
22.5 0.0
22.5167 0.0
22.5333 0.0
22.55 0.0
22.5667 0.0
22.5833 0.0
22.6 0.0
22.6167 0.0
22.6333 0.0
22.65 0.0
22.6667 0.0
22.6833 0.0
22.7 0.0
22.7167 0.0
22.7333 0.0
22.75 0.0
22.7667 0.0
22.7833 0.0
22.8 0.0
22.8167 0.0
22.8333 0.0
22.85 0.0
22.8667 0.0
22.8833 0.0
22.9 0.0
22.9167 0.0
22.9333 0.0
22.95 0.0
22.9667 0.0
22.9833 0.0
23.0 0.0
23.0167 0.0
23.0333 0.0
23.05 0.0
23.0667 0.0
23.0833 0.0
23.1 0.0
23.1167 0.0
23.1333 0.0
23.15 0.0
23.1667 0.0
23.1833 0.0
23.2 0.0
23.2167 0.0
23.2333 0.0
23.25 0.0
23.2667 0.0
23.2833 0.0
23.3 0.0
23.3167 0.0
23.3333 0.0
23.35 0.0
23.3667 0.0
23.3833 0.0
23.4 0.0
23.4167 0.0
23.4333 0.0
23.45 0.0
23.4667 0.0
23.4833 0.0
23.5 0.0
23.5167 0.0
23.5333 0.0
23.55 0.0
23.5667 0.0
23.5833 0.0
23.6 0.0
23.6167 0.0
23.6333 0.0
23.65 0.0
23.6667 0.0
23.6833 0.0
23.7 0.0
23.7167 0.0
23.7333 0.0
23.75 0.0
23.7667 0.0
23.7833 0.0
23.8 0.0
23.8167 0.0
23.8333 0.0
23.85 0.0
23.8667 0.0
23.8833 0.0
23.9 0.0
23.9167 0.0
23.9333 0.0
23.95 0.0
23.9667 0.0
23.9833 0.0
