0.0 0.0
0.0167 0.0
0.0333 0.0
0.05 0.0
0.0667 0.0
0.0833 0.0
0.1 0.0
0.1167 0.0
0.1333 0.0
0.15 0.0
0.1667 0.0
0.1833 0.0
0.2 0.0
0.2167 0.0
0.2333 0.0
0.25 0.0
0.2667 0.0
0.2833 0.0
0.3 0.0
0.3167 0.0
0.3333 0.0
0.35 0.0
0.3667 0.0
0.3833 0.0
0.4 0.0
0.4167 0.0
0.4333 0.0
0.45 0.0
0.4667 0.0
0.4833 0.0
0.5 0.0
0.5167 0.0
0.5333 0.0
0.55 0.0
0.5667 0.0
0.5833 0.0
0.6 0.0
0.6167 0.0
0.6333 0.0
0.65 0.0
0.6667 0.0
0.6833 0.0
0.7 0.0
0.7167 0.0
0.7333 0.0
0.75 0.0
0.7667 0.0
0.7833 0.0
0.8 0.0
0.8167 0.0
0.8333 0.0
0.85 0.0
0.8667 0.0
0.8833 0.0
0.9 0.0
0.9167 0.0
0.9333 0.0
0.95 0.0
0.9667 0.0
0.9833 0.0
1.0 0.0
1.0167 0.0
1.0333 0.0
1.05 0.0
1.0667 0.0
1.0833 0.0
1.1 0.0
1.1167 0.0
1.1333 0.0
1.15 0.0
1.1667 0.0
1.1833 0.0
1.2 0.0
1.2167 0.0
1.2333 0.0
1.25 0.0
1.2667 0.0
1.2833 0.0
1.3 0.0
1.3167 0.0
1.3333 0.0
1.35 0.0
1.3667 0.0
1.3833 0.0
1.4 0.0
1.4167 0.0
1.4333 0.0
1.45 0.0
1.4667 0.0
1.4833 0.0
1.5 0.0
1.5167 0.0
1.5333 0.0
1.55 0.0
1.5667 0.0
1.5833 0.0
1.6 0.0
1.6167 0.0
1.6333 0.0
1.65 0.0
1.6667 0.0
1.6833 0.0
1.7 0.0
1.7167 0.0
1.7333 0.0
1.75 0.0
1.7667 0.0
1.7833 0.0
1.8 0.0
1.8167 0.0
1.8333 0.0
1.85 0.0
1.8667 0.0
1.8833 0.0
1.9 0.0
1.9167 0.0
1.9333 0.0
1.95 0.0
1.9667 0.0
1.9833 0.0
2.0 0.0
2.0167 0.0
2.0333 0.0
2.05 0.0
2.0667 0.0
2.0833 0.0
2.1 0.0
2.1167 0.0
2.1333 0.0
2.15 0.0
2.1667 0.0
2.1833 0.0
2.2 0.0
2.2167 0.0
2.2333 0.0
2.25 0.0
2.2667 0.0
2.2833 0.0
2.3 0.0
2.3167 0.0
2.3333 0.0
2.35 0.0
2.3667 0.0
2.3833 0.0
2.4 0.0
2.4167 0.0
2.4333 0.0
2.45 0.0
2.4667 0.0
2.4833 0.0
2.5 0.0
2.5167 0.0
2.5333 0.0
2.55 0.0
2.5667 0.0
2.5833 0.0
2.6 0.0
2.6167 0.0
2.6333 0.0
2.65 0.0
2.6667 0.0
2.6833 0.0
2.7 0.0
2.7167 0.0
2.7333 0.0
2.75 0.0
2.7667 0.0
2.7833 0.0
2.8 0.0
2.8167 0.0
2.8333 0.0
2.85 0.0
2.8667 0.0
2.8833 0.0
2.9 0.0
2.9167 0.0
2.9333 0.0
2.95 0.0
2.9667 0.0
2.9833 0.0
3.0 0.0
3.0167 0.0
3.0333 0.0
3.05 0.0
3.0667 0.0
3.0833 0.0
3.1 0.0
3.1167 0.0
3.1333 0.0
3.15 0.0
3.1667 0.0
3.1833 0.0
3.2 0.0
3.2167 0.0
3.2333 0.0
3.25 0.0
3.2667 0.0
3.2833 0.0
3.3 0.0
3.3167 0.0
3.3333 0.0
3.35 0.0
3.3667 0.0
3.3833 0.0
3.4 0.0
3.4167 0.0
3.4333 0.0
3.45 0.0
3.4667 0.0
3.4833 0.0
3.5 0.0
3.5167 0.0
3.5333 0.0
3.55 0.0
3.5667 0.0
3.5833 0.0
3.6 0.0
3.6167 0.0
3.6333 0.0
3.65 0.0
3.6667 0.0
3.6833 0.0
3.7 0.0
3.7167 0.0
3.7333 0.0
3.75 0.0
3.7667 0.0
3.7833 0.0
3.8 0.0
3.8167 0.0
3.8333 0.0
3.85 0.0
3.8667 0.0
3.8833 0.0
3.9 0.0
3.9167 0.0
3.9333 0.0
3.95 0.0
3.9667 0.0
3.9833 0.0
4.0 0.0
4.0167 0.0
4.0333 0.0
4.05 0.0
4.0667 0.0
4.0833 0.0
4.1 0.0
4.1167 0.0
4.1333 0.0
4.15 0.0
4.1667 0.0
4.1833 0.0
4.2 0.0
4.2167 0.0
4.2333 0.0
4.25 0.0
4.2667 0.0
4.2833 0.0
4.3 0.0
4.3167 0.0
4.3333 0.0
4.35 0.0
4.3667 0.0
4.3833 0.0
4.4 0.0
4.4167 0.0
4.4333 0.0
4.45 0.0
4.4667 0.0
4.4833 0.0
4.5 0.0
4.5167 0.0
4.5333 0.0
4.55 0.0
4.5667 0.0
4.5833 0.0
4.6 0.0
4.6167 0.0
4.6333 0.0
4.65 0.0
4.6667 0.0
4.6833 0.0
4.7 0.0
4.7167 0.0
4.7333 0.0
4.75 0.0
4.7667 0.0
4.7833 0.0
4.8 0.0
4.8167 0.0
4.8333 0.0
4.85 0.0
4.8667 0.0
4.8833 0.0
4.9 0.0
4.9167 0.0
4.9333 0.0
4.95 0.0
4.9667 0.0
4.9833 0.0
5.0 0.0
5.0167 0.0
5.0333 0.0
5.05 0.0
5.0667 0.0
5.0833 0.0
5.1 0.0
5.1167 0.0
5.1333 0.0
5.15 0.0
5.1667 0.0
5.1833 0.0
5.2 0.0
5.2167 0.0
5.2333 0.0
5.25 0.0
5.2667 0.0
5.2833 0.0
5.3 0.0
5.3167 0.0
5.3333 0.0
5.35 0.0
5.3667 0.0
5.3833 0.0
5.4 0.0
5.4167 0.0
5.4333 0.0
5.45 0.0
5.4667 0.0
5.4833 0.0
5.5 0.0
5.5167 0.0
5.5333 0.0
5.55 0.0
5.5667 0.0
5.5833 0.0
5.6 0.0
5.6167 0.0
5.6333 0.0
5.65 0.0
5.6667 0.0
5.6833 0.0
5.7 0.0
5.7167 0.0
5.7333 0.0
5.75 0.0
5.7667 0.0
5.7833 0.0
5.8 0.0
5.8167 0.0
5.8333 0.0
5.85 0.0
5.8667 0.0
5.8833 0.0
5.9 4.982e-13
5.9167 5.122e-10
5.9333 6.595e-08
5.95 1.708e-06
5.9667 1.668e-05
5.9833 6.518e-05
6.0 0.0001618
6.0167 0.0003083
6.0333 0.0005327
6.05 0.0008642
6.0667 0.001329
6.0833 0.001987
6.1 0.002904
6.1167 0.004071
6.1333 0.005682
6.15 0.00783
6.1667 0.01052
6.1833 0.01397
6.2 0.01849
6.2167 0.02429
6.2333 0.03148
6.25 0.04043
6.2667 0.05181
6.2833 0.06648
6.3 0.08212
6.3167 0.1031
6.3333 0.1267
6.35 0.1535
6.3667 0.1849
6.3833 0.2212
6.4 0.2635
6.4167 0.3113
6.4333 0.3553
6.45 0.4187
6.4667 0.4695
6.4833 0.5306
6.5 0.6038
6.5167 0.6912
6.5333 0.7669
6.55 0.8477
6.5667 0.9331
6.5833 1.023
6.6 1.116
6.6167 1.213
6.6333 1.314
6.65 1.418
6.6667 1.525
6.6833 1.635
6.7 1.748
6.7167 1.864
6.7333 1.983
6.75 2.104
6.7667 2.228
6.7833 2.355
6.8 2.485
6.8167 2.617
6.8333 2.752
6.85 2.889
6.8667 3.03
6.8833 3.172
6.9 3.318
6.9167 3.466
6.9333 3.616
6.95 3.77
6.9667 3.926
6.9833 4.084
7.0 4.245
7.0167 4.409
7.0333 4.575
7.05 4.744
7.0667 4.916
7.0833 5.089
7.1 5.266
7.1167 5.444
7.1333 5.626
7.15 5.809
7.1667 5.995
7.1833 6.183
7.2 6.373
7.2167 6.566
7.2333 6.761
7.25 6.958
7.2667 7.157
7.2833 7.358
7.3 7.561
7.3167 7.767
7.3333 7.974
7.35 8.183
7.3667 8.393
7.3833 8.606
7.4 8.821
7.4167 9.037
7.4333 9.255
7.45 9.474
7.4667 9.695
7.4833 9.918
7.5 10.14
7.5167 10.37
7.5333 10.6
7.55 10.82
7.5667 11.05
7.5833 11.29
7.6 11.52
7.6167 11.75
7.6333 11.99
7.65 12.22
7.6667 12.46
7.6833 12.7
7.7 12.94
7.7167 13.18
7.7333 13.42
7.75 13.66
7.7667 13.91
7.7833 14.15
7.8 14.4
7.8167 14.64
7.8333 14.89
7.85 15.14
7.8667 15.38
7.8833 15.63
7.9 15.88
7.9167 16.13
7.9333 16.38
7.95 16.64
7.9667 16.89
7.9833 17.14
8.0 17.39
8.0167 17.65
8.0333 17.9
8.05 18.16
8.0667 18.41
8.0833 18.67
8.1 18.92
8.1167 19.18
8.1333 19.44
8.15 19.69
8.1667 19.95
8.1833 20.21
8.2 20.46
8.2167 20.72
8.2333 20.98
8.25 21.24
8.2667 21.49
8.2833 21.75
8.3 22.01
8.3167 22.27
8.3333 22.53
8.35 22.79
8.3667 23.05
8.3833 23.3
8.4 23.56
8.4167 23.82
8.4333 24.08
8.45 24.34
8.4667 24.6
8.4833 24.85
8.5 25.11
8.5167 25.37
8.5333 25.63
8.55 25.89
8.5667 26.14
8.5833 26.4
8.6 26.66
8.6167 26.91
8.6333 27.17
8.65 27.43
8.6667 27.68
8.6833 27.94
8.7 28.19
8.7167 28.45
8.7333 28.7
8.75 28.96
8.7667 29.21
8.7833 29.46
8.8 29.72
8.8167 29.97
8.8333 30.22
8.85 30.47
8.8667 30.73
8.8833 30.98
8.9 31.23
8.9167 31.48
8.9333 31.73
8.95 31.98
8.9667 32.22
8.9833 32.47
9.0 32.72
9.0167 32.97
9.0333 33.21
9.05 33.46
9.0667 33.7
9.0833 33.95
9.1 34.19
9.1167 34.44
9.1333 34.68
9.15 34.92
9.1667 35.16
9.1833 35.4
9.2 35.64
9.2167 35.88
9.2333 36.12
9.25 36.36
9.2667 36.6
9.2833 36.83
9.3 37.07
9.3167 37.3
9.3333 37.54
9.35 37.77
9.3667 38.0
9.3833 38.24
9.4 38.47
9.4167 38.7
9.4333 38.93
9.45 39.16
9.4667 39.38
9.4833 39.61
9.5 39.84
9.5167 40.06
9.5333 40.29
9.55 40.51
9.5667 40.74
9.5833 40.96
9.6 41.18
9.6167 41.4
9.6333 41.62
9.65 41.84
9.6667 42.05
9.6833 42.27
9.7 42.49
9.7167 42.7
9.7333 42.91
9.75 43.13
9.7667 43.34
9.7833 43.55
9.8 43.76
9.8167 43.97
9.8333 44.18
9.85 44.38
9.8667 44.59
9.8833 44.8
9.9 45.0
9.9167 45.2
9.9333 45.4
9.95 45.61
9.9667 45.81
9.9833 46.0
10.0 46.2
10.0167 46.4
10.0333 46.59
10.05 46.79
10.0667 46.98
10.0833 47.17
10.1 47.36
10.1167 47.56
10.1333 47.74
10.15 47.93
10.1667 48.12
10.1833 48.3
10.2 48.49
10.2167 48.67
10.2333 48.85
10.25 49.04
10.2667 49.22
10.2833 49.39
10.3 49.57
10.3167 49.75
10.3333 49.92
10.35 50.1
10.3667 50.27
10.3833 50.44
10.4 50.61
10.4167 50.78
10.4333 50.95
10.45 51.12
10.4667 51.28
10.4833 51.45
10.5 51.61
10.5167 51.77
10.5333 51.93
10.55 52.09
10.5667 52.25
10.5833 52.41
10.6 52.57
10.6167 52.72
10.6333 52.87
10.65 53.03
10.6667 53.18
10.6833 53.33
10.7 53.47
10.7167 53.62
10.7333 53.77
10.75 53.91
10.7667 54.05
10.7833 54.2
10.8 54.34
10.8167 54.48
10.8333 54.61
10.85 54.75
10.8667 54.89
10.8833 55.02
10.9 55.15
10.9167 55.28
10.9333 55.41
10.95 55.54
10.9667 55.67
10.9833 55.8
11.0 55.92
11.0167 56.04
11.0333 56.17
11.05 56.29
11.0667 56.41
11.0833 56.52
11.1 56.64
11.1167 56.75
11.1333 56.87
11.15 56.98
11.1667 57.09
11.1833 57.2
11.2 57.31
11.2167 57.42
11.2333 57.52
11.25 57.63
11.2667 57.73
11.2833 57.83
11.3 57.93
11.3167 58.03
11.3333 58.13
11.35 58.22
11.3667 58.32
11.3833 58.41
11.4 58.5
11.4167 58.59
11.4333 58.68
11.45 58.77
11.4667 58.85
11.4833 58.94
11.5 59.02
11.5167 59.1
11.5333 59.18
11.55 59.26
11.5667 59.34
11.5833 59.41
11.6 59.49
11.6167 59.56
11.6333 59.63
11.65 59.7
11.6667 59.77
11.6833 59.84
11.7 59.9
11.7167 59.97
11.7333 60.03
11.75 60.09
11.7667 60.15
11.7833 60.21
11.8 60.26
11.8167 60.32
11.8333 60.37
11.85 60.43
11.8667 60.48
11.8833 60.53
11.9 60.58
11.9167 60.62
11.9333 60.67
11.95 60.71
11.9667 60.75
11.9833 60.79
12.0 60.83
12.0167 60.87
12.0333 60.91
12.05 60.94
12.0667 60.97
12.0833 61.01
12.1 61.04
12.1167 61.07
12.1333 61.09
12.15 61.12
12.1667 61.14
12.1833 61.17
12.2 61.19
12.2167 61.21
12.2333 61.23
12.25 61.24
12.2667 61.26
12.2833 61.27
12.3 61.28
12.3167 61.3
12.3333 61.3
12.35 61.31
12.3667 61.32
12.3833 61.32
12.4 61.33
12.4167 61.33
12.4333 61.33
12.45 61.33
12.4667 61.33
12.4833 61.32
12.5 61.32
12.5167 61.31
12.5333 61.3
12.55 61.29
12.5667 61.28
12.5833 61.27
12.6 61.25
12.6167 61.24
12.6333 61.22
12.65 61.2
12.6667 61.18
12.6833 61.16
12.7 61.14
12.7167 61.11
12.7333 61.09
12.75 61.06
12.7667 61.03
12.7833 61.0
12.8 60.97
12.8167 60.93
12.8333 60.9
12.85 60.86
12.8667 60.82
12.8833 60.78
12.9 60.74
12.9167 60.7
12.9333 60.65
12.95 60.61
12.9667 60.56
12.9833 60.51
13.0 60.46
13.0167 60.41
13.0333 60.36
13.05 60.31
13.0667 60.25
13.0833 60.19
13.1 60.13
13.1167 60.07
13.1333 60.01
13.15 59.95
13.1667 59.88
13.1833 59.82
13.2 59.75
13.2167 59.68
13.2333 59.61
13.25 59.54
13.2667 59.47
13.2833 59.39
13.3 59.32
13.3167 59.24
13.3333 59.16
13.35 59.08
13.3667 59.0
13.3833 58.91
13.4 58.83
13.4167 58.74
13.4333 58.66
13.45 58.57
13.4667 58.48
13.4833 58.38
13.5 58.29
13.5167 58.2
13.5333 58.1
13.55 58.0
13.5667 57.9
13.5833 57.8
13.6 57.7
13.6167 57.6
13.6333 57.49
13.65 57.39
13.6667 57.28
13.6833 57.17
13.7 57.06
13.7167 56.95
13.7333 56.84
13.75 56.72
13.7667 56.61
13.7833 56.49
13.8 56.37
13.8167 56.25
13.8333 56.13
13.85 56.01
13.8667 55.89
13.8833 55.76
13.9 55.64
13.9167 55.51
13.9333 55.38
13.95 55.25
13.9667 55.12
13.9833 54.98
14.0 54.85
14.0167 54.71
14.0333 54.58
14.05 54.44
14.0667 54.3
14.0833 54.16
14.1 54.01
14.1167 53.87
14.1333 53.73
14.15 53.58
14.1667 53.43
14.1833 53.29
14.2 53.14
14.2167 52.98
14.2333 52.83
14.25 52.68
14.2667 52.52
14.2833 52.37
14.3 52.21
14.3167 52.05
14.3333 51.89
14.35 51.73
14.3667 51.57
14.3833 51.4
14.4 51.24
14.4167 51.07
14.4333 50.9
14.45 50.74
14.4667 50.57
14.4833 50.4
14.5 50.22
14.5167 50.05
14.5333 49.88
14.55 49.7
14.5667 49.52
14.5833 49.35
14.6 49.17
14.6167 48.99
14.6333 48.8
14.65 48.62
14.6667 48.44
14.6833 48.25
14.7 48.07
14.7167 47.88
14.7333 47.69
14.75 47.5
14.7667 47.31
14.7833 47.12
14.8 46.93
14.8167 46.73
14.8333 46.54
14.85 46.34
14.8667 46.15
14.8833 45.95
14.9 45.75
14.9167 45.55
14.9333 45.35
14.95 45.15
14.9667 44.94
14.9833 44.74
15.0 44.53
15.0167 44.33
15.0333 44.12
15.05 43.91
15.0667 43.7
15.0833 43.49
15.1 43.28
15.1167 43.07
15.1333 42.85
15.15 42.64
15.1667 42.43
15.1833 42.21
15.2 41.99
15.2167 41.77
15.2333 41.56
15.25 41.34
15.2667 41.12
15.2833 40.89
15.3 40.67
15.3167 40.45
15.3333 40.22
15.35 40.0
15.3667 39.77
15.3833 39.55
15.4 39.32
15.4167 39.09
15.4333 38.86
15.45 38.63
15.4667 38.4
15.4833 38.17
15.5 37.94
15.5167 37.7
15.5333 37.47
15.55 37.24
15.5667 37.0
15.5833 36.76
15.6 36.53
15.6167 36.29
15.6333 36.05
15.65 35.81
15.6667 35.57
15.6833 35.33
15.7 35.09
15.7167 34.85
15.7333 34.61
15.75 34.36
15.7667 34.12
15.7833 33.88
15.8 33.63
15.8167 33.39
15.8333 33.14
15.85 32.89
15.8667 32.65
15.8833 32.4
15.9 32.15
15.9167 31.9
15.9333 31.65
15.95 31.4
15.9667 31.15
15.9833 30.9
16.0 30.65
16.0167 30.4
16.0333 30.15
16.05 29.89
16.0667 29.64
16.0833 29.39
16.1 29.13
16.1167 28.88
16.1333 28.63
16.15 28.37
16.1667 28.12
16.1833 27.86
16.2 27.6
16.2167 27.35
16.2333 27.09
16.25 26.84
16.2667 26.58
16.2833 26.32
16.3 26.06
16.3167 25.81
16.3333 25.55
16.35 25.29
16.3667 25.03
16.3833 24.78
16.4 24.52
16.4167 24.26
16.4333 24.0
16.45 23.74
16.4667 23.48
16.4833 23.22
16.5 22.97
16.5167 22.71
16.5333 22.45
16.55 22.19
16.5667 21.93
16.5833 21.67
16.6 21.42
16.6167 21.16
16.6333 20.9
16.65 20.64
16.6667 20.38
16.6833 20.13
16.7 19.87
16.7167 19.61
16.7333 19.36
16.75 19.1
16.7667 18.84
16.7833 18.59
16.8 18.33
16.8167 18.08
16.8333 17.82
16.85 17.57
16.8667 17.31
16.8833 17.06
16.9 16.81
16.9167 16.56
16.9333 16.3
16.95 16.05
16.9667 15.8
16.9833 15.55
17.0 15.31
17.0167 15.06
17.0333 14.81
17.05 14.56
17.0667 14.32
17.0833 14.07
17.1 13.83
17.1167 13.58
17.1333 13.34
17.15 13.1
17.1667 12.86
17.1833 12.62
17.2 12.38
17.2167 12.15
17.2333 11.91
17.25 11.68
17.2667 11.44
17.2833 11.21
17.3 10.98
17.3167 10.75
17.3333 10.52
17.35 10.29
17.3667 10.07
17.3833 9.845
17.4 9.622
17.4167 9.402
17.4333 9.183
17.45 8.965
17.4667 8.75
17.4833 8.536
17.5 8.323
17.5167 8.113
17.5333 7.905
17.55 7.698
17.5667 7.494
17.5833 7.29
17.6 7.09
17.6167 6.892
17.6333 6.695
17.65 6.501
17.6667 6.309
17.6833 6.119
17.7 5.932
17.7167 5.747
17.7333 5.564
17.75 5.384
17.7667 5.205
17.7833 5.03
17.8 4.857
17.8167 4.686
17.8333 4.518
17.85 4.353
17.8667 4.19
17.8833 4.029
17.9 3.872
17.9167 3.717
17.9333 3.564
17.95 3.414
17.9667 3.267
17.9833 3.122
18.0 2.98
18.0167 2.841
18.0333 2.705
18.05 2.57
18.0667 2.439
18.0833 2.31
18.1 2.184
18.1167 2.061
18.1333 1.941
18.15 1.822
18.1667 1.708
18.1833 1.596
18.2 1.487
18.2167 1.381
18.2333 1.278
18.25 1.178
18.2667 1.082
18.2833 0.9901
18.3 0.902
18.3167 0.8181
18.3333 0.739
18.35 0.6577
18.3667 0.5757
18.3833 0.5072
18.4 0.45
18.4167 0.3925
18.4333 0.3387
18.45 0.2884
18.4667 0.2484
18.4833 0.2104
18.5 0.1753
18.5167 0.1453
18.5333 0.1164
18.55 0.09449
18.5667 0.07695
18.5833 0.06015
18.6 0.04728
18.6167 0.03743
18.6333 0.02883
18.65 0.02213
18.6667 0.01691
18.6833 0.01257
18.7 0.009395
18.7167 0.007007
18.7333 0.005024
18.75 0.003574
18.7667 0.002526
18.7833 0.001721
18.8 0.001138
18.8167 0.0007192
18.8333 0.0004351
18.85 0.0002464
18.8667 0.0001173
18.8833 4.273e-05
18.9 7.356e-06
18.9167 5.539e-07
18.9333 1.201e-08
18.95 4.866e-11
18.9667 5.411e-15
18.9833 0.0
19.0 0.0
19.0167 0.0
19.0333 0.0
19.05 0.0
19.0667 0.0
19.0833 0.0
19.1 0.0
19.1167 0.0
19.1333 0.0
19.15 0.0
19.1667 0.0
19.1833 0.0
19.2 0.0
19.2167 0.0
19.2333 0.0
19.25 0.0
19.2667 0.0
19.2833 0.0
19.3 0.0
19.3167 0.0
19.3333 0.0
19.35 0.0
19.3667 0.0
19.3833 0.0
19.4 0.0
19.4167 0.0
19.4333 0.0
19.45 0.0
19.4667 0.0
19.4833 0.0
19.5 0.0
19.5167 0.0
19.5333 0.0
19.55 0.0
19.5667 0.0
19.5833 0.0
19.6 0.0
19.6167 0.0
19.6333 0.0
19.65 0.0
19.6667 0.0
19.6833 0.0
19.7 0.0
19.7167 0.0
19.7333 0.0
19.75 0.0
19.7667 0.0
19.7833 0.0
19.8 0.0
19.8167 0.0
19.8333 0.0
19.85 0.0
19.8667 0.0
19.8833 0.0
19.9 0.0
19.9167 0.0
19.9333 0.0
19.95 0.0
19.9667 0.0
19.9833 0.0
20.0 0.0
20.0167 0.0
20.0333 0.0
20.05 0.0
20.0667 0.0
20.0833 0.0
20.1 0.0
20.1167 0.0
20.1333 0.0
20.15 0.0
20.1667 0.0
20.1833 0.0
20.2 0.0
20.2167 0.0
20.2333 0.0
20.25 0.0
20.2667 0.0
20.2833 0.0
20.3 0.0
20.3167 0.0
20.3333 0.0
20.35 0.0
20.3667 0.0
20.3833 0.0
20.4 0.0
20.4167 0.0
20.4333 0.0
20.45 0.0
20.4667 0.0
20.4833 0.0
20.5 0.0
20.5167 0.0
20.5333 0.0
20.55 0.0
20.5667 0.0
20.5833 0.0
20.6 0.0
20.6167 0.0
20.6333 0.0
20.65 0.0
20.6667 0.0
20.6833 0.0
20.7 0.0
20.7167 0.0
20.7333 0.0
20.75 0.0
20.7667 0.0
20.7833 0.0
20.8 0.0
20.8167 0.0
20.8333 0.0
20.85 0.0
20.8667 0.0
20.8833 0.0
20.9 0.0
20.9167 0.0
20.9333 0.0
20.95 0.0
20.9667 0.0
20.9833 0.0
21.0 0.0
21.0167 0.0
21.0333 0.0
21.05 0.0
21.0667 0.0
21.0833 0.0
21.1 0.0
21.1167 0.0
21.1333 0.0
21.15 0.0
21.1667 0.0
21.1833 0.0
21.2 0.0
21.2167 0.0
21.2333 0.0
21.25 0.0
21.2667 0.0
21.2833 0.0
21.3 0.0
21.3167 0.0
21.3333 0.0
21.35 0.0
21.3667 0.0
21.3833 0.0
21.4 0.0
21.4167 0.0
21.4333 0.0
21.45 0.0
21.4667 0.0
21.4833 0.0
21.5 0.0
21.5167 0.0
21.5333 0.0
21.55 0.0
21.5667 0.0
21.5833 0.0
21.6 0.0
21.6167 0.0
21.6333 0.0
21.65 0.0
21.6667 0.0
21.6833 0.0
21.7 0.0
21.7167 0.0
21.7333 0.0
21.75 0.0
21.7667 0.0
21.7833 0.0
21.8 0.0
21.8167 0.0
21.8333 0.0
21.85 0.0
21.8667 0.0
21.8833 0.0
21.9 0.0
21.9167 0.0
21.9333 0.0
21.95 0.0
21.9667 0.0
21.9833 0.0
22.0 0.0
22.0167 0.0
22.0333 0.0
22.05 0.0
22.0667 0.0
22.0833 0.0
22.1 0.0
22.1167 0.0
22.1333 0.0
22.15 0.0
22.1667 0.0
22.1833 0.0
22.2 0.0
22.2167 0.0
22.2333 0.0
22.25 0.0
22.2667 0.0
22.2833 0.0
22.3 0.0
22.3167 0.0
22.3333 0.0
22.35 0.0
22.3667 0.0
22.3833 0.0
22.4 0.0
22.4167 0.0
22.4333 0.0
22.45 0.0
22.4667 0.0
22.4833 0.0
22.5 0.0
22.5167 0.0
22.5333 0.0
22.55 0.0
22.5667 0.0
22.5833 0.0
22.6 0.0
22.6167 0.0
22.6333 0.0
22.65 0.0
22.6667 0.0
22.6833 0.0
22.7 0.0
22.7167 0.0
22.7333 0.0
22.75 0.0
22.7667 0.0
22.7833 0.0
22.8 0.0
22.8167 0.0
22.8333 0.0
22.85 0.0
22.8667 0.0
22.8833 0.0
22.9 0.0
22.9167 0.0
22.9333 0.0
22.95 0.0
22.9667 0.0
22.9833 0.0
23.0 0.0
23.0167 0.0
23.0333 0.0
23.05 0.0
23.0667 0.0
23.0833 0.0
23.1 0.0
23.1167 0.0
23.1333 0.0
23.15 0.0
23.1667 0.0
23.1833 0.0
23.2 0.0
23.2167 0.0
23.2333 0.0
23.25 0.0
23.2667 0.0
23.2833 0.0
23.3 0.0
23.3167 0.0
23.3333 0.0
23.35 0.0
23.3667 0.0
23.3833 0.0
23.4 0.0
23.4167 0.0
23.4333 0.0
23.45 0.0
23.4667 0.0
23.4833 0.0
23.5 0.0
23.5167 0.0
23.5333 0.0
23.55 0.0
23.5667 0.0
23.5833 0.0
23.6 0.0
23.6167 0.0
23.6333 0.0
23.65 0.0
23.6667 0.0
23.6833 0.0
23.7 0.0
23.7167 0.0
23.7333 0.0
23.75 0.0
23.7667 0.0
23.7833 0.0
23.8 0.0
23.8167 0.0
23.8333 0.0
23.85 0.0
23.8667 0.0
23.8833 0.0
23.9 0.0
23.9167 0.0
23.9333 0.0
23.95 0.0
23.9667 0.0
23.9833 0.0
