0.0 0.0
0.0167 0.0
0.0333 0.0
0.05 0.0
0.0667 0.0
0.0833 0.0
0.1 0.0
0.1167 0.0
0.1333 0.0
0.15 0.0
0.1667 0.0
0.1833 0.0
0.2 0.0
0.2167 0.0
0.2333 0.0
0.25 0.0
0.2667 0.0
0.2833 0.0
0.3 0.0
0.3167 0.0
0.3333 0.0
0.35 0.0
0.3667 0.0
0.3833 0.0
0.4 0.0
0.4167 0.0
0.4333 0.0
0.45 0.0
0.4667 0.0
0.4833 0.0
0.5 0.0
0.5167 0.0
0.5333 0.0
0.55 0.0
0.5667 0.0
0.5833 0.0
0.6 0.0
0.6167 0.0
0.6333 0.0
0.65 0.0
0.6667 0.0
0.6833 0.0
0.7 0.0
0.7167 0.0
0.7333 0.0
0.75 0.0
0.7667 0.0
0.7833 0.0
0.8 0.0
0.8167 0.0
0.8333 0.0
0.85 0.0
0.8667 0.0
0.8833 0.0
0.9 0.0
0.9167 0.0
0.9333 0.0
0.95 0.0
0.9667 0.0
0.9833 0.0
1.0 0.0
1.0167 0.0
1.0333 0.0
1.05 0.0
1.0667 0.0
1.0833 0.0
1.1 0.0
1.1167 0.0
1.1333 0.0
1.15 0.0
1.1667 0.0
1.1833 0.0
1.2 0.0
1.2167 0.0
1.2333 0.0
1.25 0.0
1.2667 0.0
1.2833 0.0
1.3 0.0
1.3167 0.0
1.3333 0.0
1.35 0.0
1.3667 0.0
1.3833 0.0
1.4 0.0
1.4167 0.0
1.4333 0.0
1.45 0.0
1.4667 0.0
1.4833 0.0
1.5 0.0
1.5167 0.0
1.5333 0.0
1.55 0.0
1.5667 0.0
1.5833 0.0
1.6 0.0
1.6167 0.0
1.6333 0.0
1.65 0.0
1.6667 0.0
1.6833 0.0
1.7 0.0
1.7167 0.0
1.7333 0.0
1.75 0.0
1.7667 0.0
1.7833 0.0
1.8 0.0
1.8167 0.0
1.8333 0.0
1.85 0.0
1.8667 0.0
1.8833 0.0
1.9 0.0
1.9167 0.0
1.9333 0.0
1.95 0.0
1.9667 0.0
1.9833 0.0
2.0 0.0
2.0167 0.0
2.0333 0.0
2.05 0.0
2.0667 0.0
2.0833 0.0
2.1 0.0
2.1167 0.0
2.1333 0.0
2.15 0.0
2.1667 0.0
2.1833 0.0
2.2 0.0
2.2167 0.0
2.2333 0.0
2.25 0.0
2.2667 0.0
2.2833 0.0
2.3 0.0
2.3167 0.0
2.3333 0.0
2.35 0.0
2.3667 0.0
2.3833 0.0
2.4 0.0
2.4167 0.0
2.4333 0.0
2.45 0.0
2.4667 0.0
2.4833 0.0
2.5 0.0
2.5167 0.0
2.5333 0.0
2.55 0.0
2.5667 0.0
2.5833 0.0
2.6 0.0
2.6167 0.0
2.6333 0.0
2.65 0.0
2.6667 0.0
2.6833 0.0
2.7 0.0
2.7167 0.0
2.7333 0.0
2.75 0.0
2.7667 0.0
2.7833 0.0
2.8 0.0
2.8167 0.0
2.8333 0.0
2.85 0.0
2.8667 0.0
2.8833 0.0
2.9 0.0
2.9167 0.0
2.9333 0.0
2.95 0.0
2.9667 0.0
2.9833 0.0
3.0 0.0
3.0167 0.0
3.0333 0.0
3.05 0.0
3.0667 0.0
3.0833 0.0
3.1 0.0
3.1167 0.0
3.1333 0.0
3.15 0.0
3.1667 0.0
3.1833 0.0
3.2 0.0
3.2167 0.0
3.2333 0.0
3.25 0.0
3.2667 0.0
3.2833 0.0
3.3 0.0
3.3167 0.0
3.3333 0.0
3.35 0.0
3.3667 0.0
3.3833 0.0
3.4 0.0
3.4167 0.0
3.4333 0.0
3.45 0.0
3.4667 0.0
3.4833 0.0
3.5 0.0
3.5167 0.0
3.5333 0.0
3.55 0.0
3.5667 0.0
3.5833 0.0
3.6 0.0
3.6167 0.0
3.6333 0.0
3.65 0.0
3.6667 0.0
3.6833 0.0
3.7 0.0
3.7167 0.0
3.7333 0.0
3.75 0.0
3.7667 0.0
3.7833 0.0
3.8 0.0
3.8167 0.0
3.8333 0.0
3.85 0.0
3.8667 0.0
3.8833 0.0
3.9 0.0
3.9167 0.0
3.9333 0.0
3.95 0.0
3.9667 0.0
3.9833 0.0
4.0 0.0
4.0167 0.0
4.0333 0.0
4.05 0.0
4.0667 0.0
4.0833 0.0
4.1 0.0
4.1167 0.0
4.1333 0.0
4.15 0.0
4.1667 0.0
4.1833 0.0
4.2 0.0
4.2167 0.0
4.2333 0.0
4.25 0.0
4.2667 0.0
4.2833 0.0
4.3 0.0
4.3167 0.0
4.3333 0.0
4.35 0.0
4.3667 0.0
4.3833 0.0
4.4 0.0
4.4167 0.0
4.4333 0.0
4.45 0.0
4.4667 0.0
4.4833 0.0
4.5 0.0
4.5167 0.0
4.5333 0.0
4.55 0.0
4.5667 0.0
4.5833 0.0
4.6 0.0
4.6167 0.0
4.6333 0.0
4.65 0.0
4.6667 0.0
4.6833 0.0
4.7 0.0
4.7167 0.0
4.7333 0.0
4.75 0.0
4.7667 0.0
4.7833 0.0
4.8 0.0
4.8167 0.0
4.8333 0.0
4.85 0.0
4.8667 0.0
4.8833 0.0
4.9 0.0
4.9167 0.0
4.9333 0.0
4.95 0.0
4.9667 0.0
4.9833 0.0
5.0 0.0
5.0167 0.0
5.0333 0.0
5.05 0.0
5.0667 0.0
5.0833 0.0
5.1 0.0
5.1167 0.0
5.1333 0.0
5.15 0.0
5.1667 0.0
5.1833 0.0
5.2 0.0
5.2167 0.0
5.2333 0.0
5.25 0.0
5.2667 0.0
5.2833 0.0
5.3 0.0
5.3167 0.0
5.3333 0.0
5.35 0.0
5.3667 0.0
5.3833 0.0
5.4 0.0
5.4167 0.0
5.4333 0.0
5.45 0.0
5.4667 0.0
5.4833 0.0
5.5 0.0
5.5167 0.0
5.5333 0.0
5.55 0.0
5.5667 0.0
5.5833 0.0
5.6 0.0
5.6167 0.0
5.6333 0.0
5.65 0.0
5.6667 0.0
5.6833 0.0
5.7 0.0
5.7167 0.0
5.7333 0.0
5.75 0.0
5.7667 0.0
5.7833 0.0
5.8 0.0
5.8167 0.0
5.8333 0.0
5.85 0.0
5.8667 0.0
5.8833 0.0
5.9 0.0
5.9167 0.0
5.9333 0.0
5.95 0.0
5.9667 0.0
5.9833 0.0
6.0 0.0
6.0167 0.0
6.0333 0.0
6.05 0.0
6.0667 0.0
6.0833 0.0
6.1 0.0
6.1167 0.0
6.1333 0.0
6.15 0.0
6.1667 0.0
6.1833 0.0
6.2 0.0
6.2167 0.0
6.2333 3.157e-13
6.25 2.508e-10
6.2667 3.086e-08
6.2833 9.181e-07
6.3 9.482e-06
6.3167 4.573e-05
6.3333 0.0001189
6.35 0.0002455
6.3667 0.0004233
6.3833 0.0006804
6.4 0.001047
6.4167 0.001565
6.4333 0.002259
6.45 0.003175
6.4667 0.004448
6.4833 0.006004
6.5 0.008183
6.5167 0.01076
6.5333 0.01406
6.55 0.01826
6.5667 0.02358
6.5833 0.03029
6.6 0.03883
6.6167 0.0483
6.6333 0.06087
6.65 0.07516
6.6667 0.09379
6.6833 0.1135
6.7 0.137
6.7167 0.1641
6.7333 0.1953
6.75 0.2309
6.7667 0.2722
6.7833 0.3158
6.8 0.3605
6.8167 0.423
6.8333 0.4699
6.85 0.5255
6.8667 0.5914
6.8833 0.6692
6.9 0.7486
6.9167 0.8232
6.9333 0.9023
6.95 0.9853
6.9667 1.072
6.9833 1.162
7.0 1.255
7.0167 1.351
7.0333 1.45
7.05 1.552
7.0667 1.656
7.0833 1.763
7.1 1.872
7.1167 1.984
7.1333 2.098
7.15 2.215
7.1667 2.334
7.1833 2.455
7.2 2.578
7.2167 2.704
7.2333 2.832
7.25 2.962
7.2667 3.094
7.2833 3.229
7.3 3.366
7.3167 3.505
7.3333 3.646
7.35 3.789
7.3667 3.935
7.3833 4.082
7.4 4.232
7.4167 4.384
7.4333 4.538
7.45 4.695
7.4667 4.853
7.4833 5.013
7.5 5.175
7.5167 5.34
7.5333 5.506
7.55 5.674
7.5667 5.845
7.5833 6.017
7.6 6.191
7.6167 6.367
7.6333 6.545
7.65 6.724
7.6667 6.905
7.6833 7.088
7.7 7.272
7.7167 7.459
7.7333 7.646
7.75 7.835
7.7667 8.026
7.7833 8.218
7.8 8.412
7.8167 8.607
7.8333 8.803
7.85 9.001
7.8667 9.2
7.8833 9.401
7.9 9.603
7.9167 9.805
7.9333 10.01
7.95 10.21
7.9667 10.42
7.9833 10.63
8.0 10.84
8.0167 11.04
8.0333 11.26
8.05 11.47
8.0667 11.68
8.0833 11.89
8.1 12.11
8.1167 12.32
8.1333 12.53
8.15 12.75
8.1667 12.97
8.1833 13.18
8.2 13.4
8.2167 13.62
8.2333 13.84
8.25 14.06
8.2667 14.28
8.2833 14.5
8.3 14.72
8.3167 14.94
8.3333 15.17
8.35 15.39
8.3667 15.61
8.3833 15.84
8.4 16.06
8.4167 16.28
8.4333 16.51
8.45 16.73
8.4667 16.96
8.4833 17.18
8.5 17.41
8.5167 17.63
8.5333 17.86
8.55 18.08
8.5667 18.31
8.5833 18.53
8.6 18.76
8.6167 18.99
8.6333 19.21
8.65 19.44
8.6667 19.66
8.6833 19.89
8.7 20.11
8.7167 20.34
8.7333 20.57
8.75 20.79
8.7667 21.02
8.7833 21.24
8.8 21.47
8.8167 21.69
8.8333 21.92
8.85 22.14
8.8667 22.37
8.8833 22.59
8.9 22.81
8.9167 23.04
8.9333 23.26
8.95 23.48
8.9667 23.71
8.9833 23.93
9.0 24.15
9.0167 24.37
9.0333 24.59
9.05 24.81
9.0667 25.03
9.0833 25.25
9.1 25.47
9.1167 25.69
9.1333 25.91
9.15 26.13
9.1667 26.35
9.1833 26.57
9.2 26.78
9.2167 27.0
9.2333 27.21
9.25 27.43
9.2667 27.64
9.2833 27.86
9.3 28.07
9.3167 28.29
9.3333 28.5
9.35 28.71
9.3667 28.92
9.3833 29.13
9.4 29.34
9.4167 29.55
9.4333 29.76
9.45 29.97
9.4667 30.17
9.4833 30.38
9.5 30.59
9.5167 30.79
9.5333 31.0
9.55 31.2
9.5667 31.4
9.5833 31.61
9.6 31.81
9.6167 32.01
9.6333 32.21
9.65 32.41
9.6667 32.6
9.6833 32.8
9.7 33.0
9.7167 33.19
9.7333 33.39
9.75 33.58
9.7667 33.78
9.7833 33.97
9.8 34.16
9.8167 34.35
9.8333 34.54
9.85 34.73
9.8667 34.92
9.8833 35.11
9.9 35.29
9.9167 35.48
9.9333 35.66
9.95 35.85
9.9667 36.03
9.9833 36.21
10.0 36.39
10.0167 36.57
10.0333 36.75
10.05 36.93
10.0667 37.11
10.0833 37.28
10.1 37.46
10.1167 37.63
10.1333 37.81
10.15 37.98
10.1667 38.15
10.1833 38.32
10.2 38.49
10.2167 38.65
10.2333 38.82
10.25 38.99
10.2667 39.15
10.2833 39.32
10.3 39.48
10.3167 39.64
10.3333 39.8
10.35 39.96
10.3667 40.12
10.3833 40.28
10.4 40.43
10.4167 40.59
10.4333 40.74
10.45 40.89
10.4667 41.05
10.4833 41.2
10.5 41.35
10.5167 41.49
10.5333 41.64
10.55 41.79
10.5667 41.93
10.5833 42.08
10.6 42.22
10.6167 42.36
10.6333 42.5
10.65 42.64
10.6667 42.78
10.6833 42.91
10.7 43.05
10.7167 43.18
10.7333 43.32
10.75 43.45
10.7667 43.58
10.7833 43.71
10.8 43.84
10.8167 43.96
10.8333 44.09
10.85 44.21
10.8667 44.34
10.8833 44.46
10.9 44.58
10.9167 44.7
10.9333 44.82
10.95 44.94
10.9667 45.05
10.9833 45.17
11.0 45.28
11.0167 45.39
11.0333 45.5
11.05 45.61
11.0667 45.72
11.0833 45.83
11.1 45.93
11.1167 46.04
11.1333 46.14
11.15 46.24
11.1667 46.35
11.1833 46.44
11.2 46.54
11.2167 46.64
11.2333 46.74
11.25 46.83
11.2667 46.92
11.2833 47.01
11.3 47.1
11.3167 47.19
11.3333 47.28
11.35 47.37
11.3667 47.45
11.3833 47.54
11.4 47.62
11.4167 47.7
11.4333 47.78
11.45 47.86
11.4667 47.93
11.4833 48.01
11.5 48.08
11.5167 48.16
11.5333 48.23
11.55 48.3
11.5667 48.37
11.5833 48.43
11.6 48.5
11.6167 48.57
11.6333 48.63
11.65 48.69
11.6667 48.75
11.6833 48.81
11.7 48.87
11.7167 48.93
11.7333 48.98
11.75 49.04
11.7667 49.09
11.7833 49.14
11.8 49.19
11.8167 49.24
11.8333 49.28
11.85 49.33
11.8667 49.37
11.8833 49.42
11.9 49.46
11.9167 49.5
11.9333 49.54
11.95 49.57
11.9667 49.61
11.9833 49.64
12.0 49.68
12.0167 49.71
12.0333 49.74
12.05 49.77
12.0667 49.8
12.0833 49.82
12.1 49.85
12.1167 49.87
12.1333 49.89
12.15 49.91
12.1667 49.93
12.1833 49.95
12.2 49.97
12.2167 49.98
12.2333 49.99
12.25 50.01
12.2667 50.02
12.2833 50.03
12.3 50.04
12.3167 50.04
12.3333 50.05
12.35 50.05
12.3667 50.05
12.3833 50.05
12.4 50.05
12.4167 50.05
12.4333 50.05
12.45 50.04
12.4667 50.04
12.4833 50.03
12.5 50.02
12.5167 50.01
12.5333 50.0
12.55 49.98
12.5667 49.97
12.5833 49.96
12.6 49.94
12.6167 49.92
12.6333 49.9
12.65 49.88
12.6667 49.85
12.6833 49.83
12.7 49.8
12.7167 49.78
12.7333 49.75
12.75 49.72
12.7667 49.69
12.7833 49.66
12.8 49.62
12.8167 49.59
12.8333 49.55
12.85 49.51
12.8667 49.47
12.8833 49.43
12.9 49.39
12.9167 49.34
12.9333 49.3
12.95 49.25
12.9667 49.2
12.9833 49.15
13.0 49.1
13.0167 49.05
13.0333 49.0
13.05 48.94
13.0667 48.89
13.0833 48.83
13.1 48.77
13.1167 48.71
13.1333 48.65
13.15 48.59
13.1667 48.52
13.1833 48.46
13.2 48.39
13.2167 48.32
13.2333 48.25
13.25 48.18
13.2667 48.11
13.2833 48.03
13.3 47.96
13.3167 47.88
13.3333 47.8
13.35 47.72
13.3667 47.64
13.3833 47.56
13.4 47.48
13.4167 47.39
13.4333 47.31
13.45 47.22
13.4667 47.13
13.4833 47.04
13.5 46.95
13.5167 46.86
13.5333 46.77
13.55 46.67
13.5667 46.57
13.5833 46.48
13.6 46.38
13.6167 46.28
13.6333 46.18
13.65 46.07
13.6667 45.97
13.6833 45.86
13.7 45.76
13.7167 45.65
13.7333 45.54
13.75 45.43
13.7667 45.32
13.7833 45.2
13.8 45.09
13.8167 44.97
13.8333 44.86
13.85 44.74
13.8667 44.62
13.8833 44.5
13.9 44.38
13.9167 44.25
13.9333 44.13
13.95 44.0
13.9667 43.88
13.9833 43.75
14.0 43.62
14.0167 43.49
14.0333 43.36
14.05 43.23
14.0667 43.09
14.0833 42.96
14.1 42.82
14.1167 42.68
14.1333 42.54
14.15 42.4
14.1667 42.26
14.1833 42.12
14.2 41.98
14.2167 41.83
14.2333 41.69
14.25 41.54
14.2667 41.39
14.2833 41.24
14.3 41.09
14.3167 40.94
14.3333 40.79
14.35 40.64
14.3667 40.48
14.3833 40.33
14.4 40.17
14.4167 40.01
14.4333 39.85
14.45 39.69
14.4667 39.53
14.4833 39.37
14.5 39.2
14.5167 39.04
14.5333 38.88
14.55 38.71
14.5667 38.54
14.5833 38.37
14.6 38.2
14.6167 38.03
14.6333 37.86
14.65 37.69
14.6667 37.51
14.6833 37.34
14.7 37.16
14.7167 36.99
14.7333 36.81
14.75 36.63
14.7667 36.45
14.7833 36.27
14.8 36.09
14.8167 35.91
14.8333 35.72
14.85 35.54
14.8667 35.35
14.8833 35.17
14.9 34.98
14.9167 34.79
14.9333 34.6
14.95 34.41
14.9667 34.22
14.9833 34.03
15.0 33.84
15.0167 33.65
15.0333 33.45
15.05 33.26
15.0667 33.06
15.0833 32.87
15.1 32.67
15.1167 32.47
15.1333 32.27
15.15 32.07
15.1667 31.87
15.1833 31.67
15.2 31.47
15.2167 31.27
15.2333 31.06
15.25 30.86
15.2667 30.65
15.2833 30.45
15.3 30.24
15.3167 30.03
15.3333 29.83
15.35 29.62
15.3667 29.41
15.3833 29.2
15.4 28.99
15.4167 28.78
15.4333 28.57
15.45 28.35
15.4667 28.14
15.4833 27.93
15.5 27.71
15.5167 27.5
15.5333 27.28
15.55 27.07
15.5667 26.85
15.5833 26.64
15.6 26.42
15.6167 26.2
15.6333 25.98
15.65 25.76
15.6667 25.55
15.6833 25.33
15.7 25.11
15.7167 24.89
15.7333 24.66
15.75 24.44
15.7667 24.22
15.7833 24.0
15.8 23.78
15.8167 23.56
15.8333 23.33
15.85 23.11
15.8667 22.89
15.8833 22.66
15.9 22.44
15.9167 22.21
15.9333 21.99
15.95 21.77
15.9667 21.54
15.9833 21.32
16.0 21.09
16.0167 20.86
16.0333 20.64
16.05 20.41
16.0667 20.19
16.0833 19.96
16.1 19.74
16.1167 19.51
16.1333 19.28
16.15 19.06
16.1667 18.83
16.1833 18.61
16.2 18.38
16.2167 18.16
16.2333 17.93
16.25 17.7
16.2667 17.48
16.2833 17.25
16.3 17.03
16.3167 16.8
16.3333 16.58
16.35 16.36
16.3667 16.13
16.3833 15.91
16.4 15.68
16.4167 15.46
16.4333 15.24
16.45 15.02
16.4667 14.79
16.4833 14.57
16.5 14.35
16.5167 14.13
16.5333 13.91
16.55 13.69
16.5667 13.47
16.5833 13.26
16.6 13.04
16.6167 12.82
16.6333 12.61
16.65 12.39
16.6667 12.18
16.6833 11.96
16.7 11.75
16.7167 11.54
16.7333 11.32
16.75 11.11
16.7667 10.9
16.7833 10.7
16.8 10.49
16.8167 10.28
16.8333 10.08
16.85 9.872
16.8667 9.669
16.8833 9.467
16.9 9.267
16.9167 9.067
16.9333 8.869
16.95 8.672
16.9667 8.476
16.9833 8.282
17.0 8.09
17.0167 7.898
17.0333 7.709
17.05 7.52
17.0667 7.334
17.0833 7.149
17.1 6.965
17.1167 6.784
17.1333 6.604
17.15 6.426
17.1667 6.249
17.1833 6.075
17.2 5.902
17.2167 5.731
17.2333 5.562
17.25 5.395
17.2667 5.23
17.2833 5.067
17.3 4.906
17.3167 4.747
17.3333 4.59
17.35 4.435
17.3667 4.283
17.3833 4.132
17.4 3.984
17.4167 3.838
17.4333 3.694
17.45 3.552
17.4667 3.412
17.4833 3.274
17.5 3.139
17.5167 3.006
17.5333 2.875
17.55 2.747
17.5667 2.62
17.5833 2.496
17.6 2.374
17.6167 2.255
17.6333 2.137
17.65 2.022
17.6667 1.91
17.6833 1.799
17.7 1.692
17.7167 1.587
17.7333 1.484
17.75 1.384
17.7667 1.287
17.7833 1.193
17.8 1.102
17.8167 1.014
17.8333 0.9299
17.85 0.8495
17.8667 0.7734
17.8833 0.6984
17.9 0.6162
17.9167 0.5465
17.9333 0.4877
17.95 0.438
17.9667 0.3766
17.9833 0.3338
18.0 0.2842
18.0167 0.2431
18.0333 0.2082
18.05 0.178
18.0667 0.1472
18.0833 0.1209
18.1 0.09921
18.1167 0.08146
18.1333 0.06528
18.15 0.05257
18.1667 0.04148
18.1833 0.03298
18.2 0.02594
18.2167 0.02011
18.2333 0.01552
18.25 0.01192
18.2667 0.008898
18.2833 0.006667
18.3 0.00498
18.3167 0.003566
18.3333 0.00254
18.35 0.001785
18.3667 0.001205
18.3833 0.0007917
18.4 0.0005011
18.4167 0.000299
18.4333 0.000156
18.45 6.61e-05
18.4667 1.867e-05
18.4833 2.158e-06
18.5 1.21e-07
18.5167 1.675e-09
18.5333 4.27e-12
18.55 2.435e-29
18.5667 0.0
18.5833 0.0
18.6 0.0
18.6167 0.0
18.6333 0.0
18.65 0.0
18.6667 0.0
18.6833 0.0
18.7 0.0
18.7167 0.0
18.7333 0.0
18.75 0.0
18.7667 0.0
18.7833 0.0
18.8 0.0
18.8167 0.0
18.8333 0.0
18.85 0.0
18.8667 0.0
18.8833 0.0
18.9 0.0
18.9167 0.0
18.9333 0.0
18.95 0.0
18.9667 0.0
18.9833 0.0
19.0 0.0
19.0167 0.0
19.0333 0.0
19.05 0.0
19.0667 0.0
19.0833 0.0
19.1 0.0
19.1167 0.0
19.1333 0.0
19.15 0.0
19.1667 0.0
19.1833 0.0
19.2 0.0
19.2167 0.0
19.2333 0.0
19.25 0.0
19.2667 0.0
19.2833 0.0
19.3 0.0
19.3167 0.0
19.3333 0.0
19.35 0.0
19.3667 0.0
19.3833 0.0
19.4 0.0
19.4167 0.0
19.4333 0.0
19.45 0.0
19.4667 0.0
19.4833 0.0
19.5 0.0
19.5167 0.0
19.5333 0.0
19.55 0.0
19.5667 0.0
19.5833 0.0
19.6 0.0
19.6167 0.0
19.6333 0.0
19.65 0.0
19.6667 0.0
19.6833 0.0
19.7 0.0
19.7167 0.0
19.7333 0.0
19.75 0.0
19.7667 0.0
19.7833 0.0
19.8 0.0
19.8167 0.0
19.8333 0.0
19.85 0.0
19.8667 0.0
19.8833 0.0
19.9 0.0
19.9167 0.0
19.9333 0.0
19.95 0.0
19.9667 0.0
19.9833 0.0
20.0 0.0
20.0167 0.0
20.0333 0.0
20.05 0.0
20.0667 0.0
20.0833 0.0
20.1 0.0
20.1167 0.0
20.1333 0.0
20.15 0.0
20.1667 0.0
20.1833 0.0
20.2 0.0
20.2167 0.0
20.2333 0.0
20.25 0.0
20.2667 0.0
20.2833 0.0
20.3 0.0
20.3167 0.0
20.3333 0.0
20.35 0.0
20.3667 0.0
20.3833 0.0
20.4 0.0
20.4167 0.0
20.4333 0.0
20.45 0.0
20.4667 0.0
20.4833 0.0
20.5 0.0
20.5167 0.0
20.5333 0.0
20.55 0.0
20.5667 0.0
20.5833 0.0
20.6 0.0
20.6167 0.0
20.6333 0.0
20.65 0.0
20.6667 0.0
20.6833 0.0
20.7 0.0
20.7167 0.0
20.7333 0.0
20.75 0.0
20.7667 0.0
20.7833 0.0
20.8 0.0
20.8167 0.0
20.8333 0.0
20.85 0.0
20.8667 0.0
20.8833 0.0
20.9 0.0
20.9167 0.0
20.9333 0.0
20.95 0.0
20.9667 0.0
20.9833 0.0
21.0 0.0
21.0167 0.0
21.0333 0.0
21.05 0.0
21.0667 0.0
21.0833 0.0
21.1 0.0
21.1167 0.0
21.1333 0.0
21.15 0.0
21.1667 0.0
21.1833 0.0
21.2 0.0
21.2167 0.0
21.2333 0.0
21.25 0.0
21.2667 0.0
21.2833 0.0
21.3 0.0
21.3167 0.0
21.3333 0.0
21.35 0.0
21.3667 0.0
21.3833 0.0
21.4 0.0
21.4167 0.0
21.4333 0.0
21.45 0.0
21.4667 0.0
21.4833 0.0
21.5 0.0
21.5167 0.0
21.5333 0.0
21.55 0.0
21.5667 0.0
21.5833 0.0
21.6 0.0
21.6167 0.0
21.6333 0.0
21.65 0.0
21.6667 0.0
21.6833 0.0
21.7 0.0
21.7167 0.0
21.7333 0.0
21.75 0.0
21.7667 0.0
21.7833 0.0
21.8 0.0
21.8167 0.0
21.8333 0.0
21.85 0.0
21.8667 0.0
21.8833 0.0
21.9 0.0
21.9167 0.0
21.9333 0.0
21.95 0.0
21.9667 0.0
21.9833 0.0
22.0 0.0
22.0167 0.0
22.0333 0.0
22.05 0.0
22.0667 0.0
22.0833 0.0
22.1 0.0
22.1167 0.0
22.1333 0.0
22.15 0.0
22.1667 0.0
22.1833 0.0
22.2 0.0
22.2167 0.0
22.2333 0.0
22.25 0.0
22.2667 0.0
22.2833 0.0
22.3 0.0
22.3167 0.0
22.3333 0.0
22.35 0.0
22.3667 0.0
22.3833 0.0
22.4 0.0
22.4167 0.0
22.4333 0.0
22.45 0.0
22.4667 0.0
22.4833 0.0
22.5 0.0
22.5167 0.0
22.5333 0.0
22.55 0.0
22.5667 0.0
22.5833 0.0
22.6 0.0
22.6167 0.0
22.6333 0.0
22.65 0.0
22.6667 0.0
22.6833 0.0
22.7 0.0
22.7167 0.0
22.7333 0.0
22.75 0.0
22.7667 0.0
22.7833 0.0
22.8 0.0
22.8167 0.0
22.8333 0.0
22.85 0.0
22.8667 0.0
22.8833 0.0
22.9 0.0
22.9167 0.0
22.9333 0.0
22.95 0.0
22.9667 0.0
22.9833 0.0
23.0 0.0
23.0167 0.0
23.0333 0.0
23.05 0.0
23.0667 0.0
23.0833 0.0
23.1 0.0
23.1167 0.0
23.1333 0.0
23.15 0.0
23.1667 0.0
23.1833 0.0
23.2 0.0
23.2167 0.0
23.2333 0.0
23.25 0.0
23.2667 0.0
23.2833 0.0
23.3 0.0
23.3167 0.0
23.3333 0.0
23.35 0.0
23.3667 0.0
23.3833 0.0
23.4 0.0
23.4167 0.0
23.4333 0.0
23.45 0.0
23.4667 0.0
23.4833 0.0
23.5 0.0
23.5167 0.0
23.5333 0.0
23.55 0.0
23.5667 0.0
23.5833 0.0
23.6 0.0
23.6167 0.0
23.6333 0.0
23.65 0.0
23.6667 0.0
23.6833 0.0
23.7 0.0
23.7167 0.0
23.7333 0.0
23.75 0.0
23.7667 0.0
23.7833 0.0
23.8 0.0
23.8167 0.0
23.8333 0.0
23.85 0.0
23.8667 0.0
23.8833 0.0
23.9 0.0
23.9167 0.0
23.9333 0.0
23.95 0.0
23.9667 0.0
23.9833 0.0
