0.0 0.0
0.0167 0.0
0.0333 0.0
0.05 0.0
0.0667 0.0
0.0833 0.0
0.1 0.0
0.1167 0.0
0.1333 0.0
0.15 0.0
0.1667 0.0
0.1833 0.0
0.2 0.0
0.2167 0.0
0.2333 0.0
0.25 0.0
0.2667 0.0
0.2833 0.0
0.3 0.0
0.3167 0.0
0.3333 0.0
0.35 0.0
0.3667 0.0
0.3833 0.0
0.4 0.0
0.4167 0.0
0.4333 0.0
0.45 0.0
0.4667 0.0
0.4833 0.0
0.5 0.0
0.5167 0.0
0.5333 0.0
0.55 0.0
0.5667 0.0
0.5833 0.0
0.6 0.0
0.6167 0.0
0.6333 0.0
0.65 0.0
0.6667 0.0
0.6833 0.0
0.7 0.0
0.7167 0.0
0.7333 0.0
0.75 0.0
0.7667 0.0
0.7833 0.0
0.8 0.0
0.8167 0.0
0.8333 0.0
0.85 0.0
0.8667 0.0
0.8833 0.0
0.9 0.0
0.9167 0.0
0.9333 0.0
0.95 0.0
0.9667 0.0
0.9833 0.0
1.0 0.0
1.0167 0.0
1.0333 0.0
1.05 0.0
1.0667 0.0
1.0833 0.0
1.1 0.0
1.1167 0.0
1.1333 0.0
1.15 0.0
1.1667 0.0
1.1833 0.0
1.2 0.0
1.2167 0.0
1.2333 0.0
1.25 0.0
1.2667 0.0
1.2833 0.0
1.3 0.0
1.3167 0.0
1.3333 0.0
1.35 0.0
1.3667 0.0
1.3833 0.0
1.4 0.0
1.4167 0.0
1.4333 0.0
1.45 0.0
1.4667 0.0
1.4833 0.0
1.5 0.0
1.5167 0.0
1.5333 0.0
1.55 0.0
1.5667 0.0
1.5833 0.0
1.6 0.0
1.6167 0.0
1.6333 0.0
1.65 0.0
1.6667 0.0
1.6833 0.0
1.7 0.0
1.7167 0.0
1.7333 0.0
1.75 0.0
1.7667 0.0
1.7833 0.0
1.8 0.0
1.8167 0.0
1.8333 0.0
1.85 0.0
1.8667 0.0
1.8833 0.0
1.9 0.0
1.9167 0.0
1.9333 0.0
1.95 0.0
1.9667 0.0
1.9833 0.0
2.0 0.0
2.0167 0.0
2.0333 0.0
2.05 0.0
2.0667 0.0
2.0833 0.0
2.1 0.0
2.1167 0.0
2.1333 0.0
2.15 0.0
2.1667 0.0
2.1833 0.0
2.2 0.0
2.2167 0.0
2.2333 0.0
2.25 0.0
2.2667 0.0
2.2833 0.0
2.3 0.0
2.3167 0.0
2.3333 0.0
2.35 0.0
2.3667 0.0
2.3833 0.0
2.4 0.0
2.4167 0.0
2.4333 0.0
2.45 0.0
2.4667 0.0
2.4833 0.0
2.5 0.0
2.5167 0.0
2.5333 0.0
2.55 0.0
2.5667 0.0
2.5833 0.0
2.6 0.0
2.6167 0.0
2.6333 0.0
2.65 0.0
2.6667 0.0
2.6833 0.0
2.7 0.0
2.7167 0.0
2.7333 0.0
2.75 0.0
2.7667 0.0
2.7833 0.0
2.8 0.0
2.8167 0.0
2.8333 0.0
2.85 0.0
2.8667 0.0
2.8833 0.0
2.9 0.0
2.9167 0.0
2.9333 0.0
2.95 0.0
2.9667 0.0
2.9833 0.0
3.0 0.0
3.0167 0.0
3.0333 0.0
3.05 0.0
3.0667 0.0
3.0833 0.0
3.1 0.0
3.1167 0.0
3.1333 0.0
3.15 0.0
3.1667 0.0
3.1833 0.0
3.2 0.0
3.2167 0.0
3.2333 0.0
3.25 0.0
3.2667 0.0
3.2833 0.0
3.3 0.0
3.3167 0.0
3.3333 0.0
3.35 0.0
3.3667 0.0
3.3833 0.0
3.4 0.0
3.4167 0.0
3.4333 0.0
3.45 0.0
3.4667 0.0
3.4833 0.0
3.5 0.0
3.5167 0.0
3.5333 0.0
3.55 0.0
3.5667 0.0
3.5833 0.0
3.6 0.0
3.6167 0.0
3.6333 0.0
3.65 0.0
3.6667 0.0
3.6833 0.0
3.7 0.0
3.7167 0.0
3.7333 0.0
3.75 0.0
3.7667 0.0
3.7833 0.0
3.8 0.0
3.8167 0.0
3.8333 0.0
3.85 0.0
3.8667 0.0
3.8833 0.0
3.9 0.0
3.9167 0.0
3.9333 0.0
3.95 0.0
3.9667 0.0
3.9833 0.0
4.0 0.0
4.0167 0.0
4.0333 0.0
4.05 0.0
4.0667 0.0
4.0833 0.0
4.1 0.0
4.1167 0.0
4.1333 0.0
4.15 0.0
4.1667 0.0
4.1833 0.0
4.2 0.0
4.2167 0.0
4.2333 0.0
4.25 0.0
4.2667 0.0
4.2833 0.0
4.3 0.0
4.3167 0.0
4.3333 0.0
4.35 0.0
4.3667 0.0
4.3833 0.0
4.4 0.0
4.4167 0.0
4.4333 0.0
4.45 0.0
4.4667 0.0
4.4833 0.0
4.5 0.0
4.5167 0.0
4.5333 0.0
4.55 0.0
4.5667 0.0
4.5833 0.0
4.6 0.0
4.6167 0.0
4.6333 0.0
4.65 0.0
4.6667 0.0
4.6833 0.0
4.7 0.0
4.7167 0.0
4.7333 0.0
4.75 0.0
4.7667 0.0
4.7833 0.0
4.8 0.0
4.8167 0.0
4.8333 0.0
4.85 0.0
4.8667 0.0
4.8833 0.0
4.9 0.0
4.9167 0.0
4.9333 0.0
4.95 0.0
4.9667 0.0
4.9833 0.0
5.0 0.0
5.0167 0.0
5.0333 0.0
5.05 0.0
5.0667 0.0
5.0833 0.0
5.1 0.0
5.1167 0.0
5.1333 0.0
5.15 0.0
5.1667 0.0
5.1833 0.0
5.2 0.0
5.2167 0.0
5.2333 0.0
5.25 0.0
5.2667 0.0
5.2833 0.0
5.3 0.0
5.3167 0.0
5.3333 0.0
5.35 0.0
5.3667 0.0
5.3833 0.0
5.4 0.0
5.4167 0.0
5.4333 0.0
5.45 0.0
5.4667 0.0
5.4833 0.0
5.5 0.0
5.5167 0.0
5.5333 0.0
5.55 0.0
5.5667 0.0
5.5833 0.0
5.6 0.0
5.6167 0.0
5.6333 0.0
5.65 0.0
5.6667 0.0
5.6833 0.0
5.7 0.0
5.7167 0.0
5.7333 0.0
5.75 0.0
5.7667 0.0
5.7833 0.0
5.8 0.0
5.8167 0.0
5.8333 0.0
5.85 0.0
5.8667 0.0
5.8833 0.0
5.9 0.0
5.9167 0.0
5.9333 0.0
5.95 0.0
5.9667 0.0
5.9833 0.0
6.0 0.0
6.0167 0.0
6.0333 0.0
6.05 0.0
6.0667 0.0
6.0833 0.0
6.1 0.0
6.1167 0.0
6.1333 0.0
6.15 0.0
6.1667 0.0
6.1833 0.0
6.2 0.0
6.2167 0.0
6.2333 0.0
6.25 0.0
6.2667 0.0
6.2833 0.0
6.3 0.0
6.3167 0.0
6.3333 0.0
6.35 0.0
6.3667 0.0
6.3833 0.0
6.4 0.0
6.4167 0.0
6.4333 0.0
6.45 0.0
6.4667 0.0
6.4833 0.0
6.5 0.0
6.5167 0.0
6.5333 0.0
6.55 0.0
6.5667 0.0
6.5833 4.348e-15
6.6 3.633e-11
6.6167 8.565e-09
6.6333 4.213e-07
6.65 5.923e-06
6.6667 3.419e-05
6.6833 0.0001039
6.7 0.0002169
6.7167 0.0003901
6.7333 0.0006492
6.75 0.00102
6.7667 0.001535
6.7833 0.002221
6.8 0.003174
6.8167 0.004478
6.8333 0.006101
6.85 0.008329
6.8667 0.01103
6.8833 0.01454
6.9 0.01905
6.9167 0.02471
6.9333 0.03177
6.95 0.04067
6.9667 0.05203
6.9833 0.0647
7.0 0.08144
7.0167 0.09968
7.0333 0.1224
7.05 0.1509
7.0667 0.181
7.0833 0.2162
7.1 0.251
7.1167 0.2923
7.1333 0.343
7.15 0.3911
7.1667 0.4521
7.1833 0.5061
7.2 0.5704
7.2167 0.6468
7.2333 0.732
7.25 0.8078
7.2667 0.8886
7.2833 0.9737
7.3 1.063
7.3167 1.155
7.3333 1.251
7.35 1.351
7.3667 1.453
7.3833 1.558
7.4 1.666
7.4167 1.777
7.4333 1.891
7.45 2.007
7.4667 2.126
7.4833 2.247
7.5 2.371
7.5167 2.497
7.5333 2.625
7.55 2.757
7.5667 2.89
7.5833 3.026
7.6 3.164
7.6167 3.305
7.6333 3.448
7.65 3.594
7.6667 3.742
7.6833 3.892
7.7 4.044
7.7167 4.199
7.7333 4.357
7.75 4.516
7.7667 4.678
7.7833 4.842
7.8 5.009
7.8167 5.178
7.8333 5.349
7.85 5.522
7.8667 5.697
7.8833 5.874
7.9 6.054
7.9167 6.235
7.9333 6.419
7.95 6.605
7.9667 6.792
7.9833 6.981
8.0 7.173
8.0167 7.366
8.0333 7.561
8.05 7.758
8.0667 7.956
8.0833 8.156
8.1 8.358
8.1167 8.561
8.1333 8.766
8.15 8.972
8.1667 9.18
8.1833 9.389
8.2 9.6
8.2167 9.813
8.2333 10.03
8.25 10.24
8.2667 10.46
8.2833 10.67
8.3 10.89
8.3167 11.11
8.3333 11.33
8.35 11.55
8.3667 11.78
8.3833 12.0
8.4 12.23
8.4167 12.45
8.4333 12.68
8.45 12.9
8.4667 13.13
8.4833 13.36
8.5 13.59
8.5167 13.82
8.5333 14.05
8.55 14.29
8.5667 14.52
8.5833 14.75
8.6 14.99
8.6167 15.22
8.6333 15.46
8.65 15.69
8.6667 15.93
8.6833 16.16
8.7 16.4
8.7167 16.64
8.7333 16.87
8.75 17.11
8.7667 17.35
8.7833 17.59
8.8 17.83
8.8167 18.07
8.8333 18.31
8.85 18.55
8.8667 18.79
8.8833 19.03
8.9 19.27
8.9167 19.51
8.9333 19.75
8.95 19.99
8.9667 20.23
8.9833 20.47
9.0 20.71
9.0167 20.95
9.0333 21.19
9.05 21.43
9.0667 21.67
9.0833 21.91
9.1 22.15
9.1167 22.39
9.1333 22.63
9.15 22.87
9.1667 23.11
9.1833 23.35
9.2 23.59
9.2167 23.83
9.2333 24.07
9.25 24.31
9.2667 24.54
9.2833 24.78
9.3 25.02
9.3167 25.26
9.3333 25.49
9.35 25.73
9.3667 25.97
9.3833 26.2
9.4 26.44
9.4167 26.67
9.4333 26.91
9.45 27.14
9.4667 27.38
9.4833 27.61
9.5 27.84
9.5167 28.08
9.5333 28.31
9.55 28.54
9.5667 28.77
9.5833 29.0
9.6 29.23
9.6167 29.46
9.6333 29.69
9.65 29.92
9.6667 30.15
9.6833 30.37
9.7 30.6
9.7167 30.83
9.7333 31.05
9.75 31.28
9.7667 31.5
9.7833 31.72
9.8 31.95
9.8167 32.17
9.8333 32.39
9.85 32.61
9.8667 32.83
9.8833 33.05
9.9 33.27
9.9167 33.49
9.9333 33.7
9.95 33.92
9.9667 34.14
9.9833 34.35
10.0 34.56
10.0167 34.78
10.0333 34.99
10.05 35.2
10.0667 35.41
10.0833 35.62
10.1 35.83
10.1167 36.04
10.1333 36.25
10.15 36.45
10.1667 36.66
10.1833 36.86
10.2 37.07
10.2167 37.27
10.2333 37.47
10.25 37.67
10.2667 37.87
10.2833 38.07
10.3 38.27
10.3167 38.47
10.3333 38.66
10.35 38.86
10.3667 39.05
10.3833 39.25
10.4 39.44
10.4167 39.63
10.4333 39.82
10.45 40.01
10.4667 40.2
10.4833 40.39
10.5 40.57
10.5167 40.76
10.5333 40.94
10.55 41.12
10.5667 41.31
10.5833 41.49
10.6 41.67
10.6167 41.85
10.6333 42.02
10.65 42.2
10.6667 42.38
10.6833 42.55
10.7 42.72
10.7167 42.9
10.7333 43.07
10.75 43.24
10.7667 43.41
10.7833 43.58
10.8 43.74
10.8167 43.91
10.8333 44.07
10.85 44.24
10.8667 44.4
10.8833 44.56
10.9 44.72
10.9167 44.88
10.9333 45.04
10.95 45.19
10.9667 45.35
10.9833 45.5
11.0 45.65
11.0167 45.81
11.0333 45.96
11.05 46.1
11.0667 46.25
11.0833 46.4
11.1 46.54
11.1167 46.69
11.1333 46.83
11.15 46.97
11.1667 47.11
11.1833 47.25
11.2 47.39
11.2167 47.53
11.2333 47.66
11.25 47.8
11.2667 47.93
11.2833 48.06
11.3 48.19
11.3167 48.32
11.3333 48.45
11.35 48.58
11.3667 48.7
11.3833 48.83
11.4 48.95
11.4167 49.07
11.4333 49.19
11.45 49.31
11.4667 49.43
11.4833 49.54
11.5 49.66
11.5167 49.77
11.5333 49.88
11.55 49.99
11.5667 50.1
11.5833 50.21
11.6 50.32
11.6167 50.42
11.6333 50.53
11.65 50.63
11.6667 50.73
11.6833 50.83
11.7 50.93
11.7167 51.03
11.7333 51.12
11.75 51.22
11.7667 51.31
11.7833 51.4
11.8 51.49
11.8167 51.58
11.8333 51.67
11.85 51.76
11.8667 51.84
11.8833 51.92
11.9 52.01
11.9167 52.09
11.9333 52.17
11.95 52.24
11.9667 52.32
11.9833 52.4
12.0 52.47
12.0167 52.54
12.0333 52.61
12.05 52.68
12.0667 52.75
12.0833 52.82
12.1 52.88
12.1167 52.95
12.1333 53.01
12.15 53.07
12.1667 53.13
12.1833 53.19
12.2 53.24
12.2167 53.3
12.2333 53.35
12.25 53.41
12.2667 53.46
12.2833 53.51
12.3 53.55
12.3167 53.6
12.3333 53.65
12.35 53.69
12.3667 53.73
12.3833 53.77
12.4 53.81
12.4167 53.85
12.4333 53.89
12.45 53.92
12.4667 53.96
12.4833 53.99
12.5 54.02
12.5167 54.05
12.5333 54.08
12.55 54.1
12.5667 54.13
12.5833 54.15
12.6 54.17
12.6167 54.2
12.6333 54.21
12.65 54.23
12.6667 54.25
12.6833 54.26
12.7 54.28
12.7167 54.29
12.7333 54.3
12.75 54.31
12.7667 54.32
12.7833 54.32
12.8 54.33
12.8167 54.33
12.8333 54.33
12.85 54.33
12.8667 54.33
12.8833 54.33
12.9 54.32
12.9167 54.32
12.9333 54.31
12.95 54.3
12.9667 54.29
12.9833 54.28
13.0 54.27
13.0167 54.25
13.0333 54.24
13.05 54.22
13.0667 54.2
13.0833 54.18
13.1 54.16
13.1167 54.14
13.1333 54.11
13.15 54.09
13.1667 54.06
13.1833 54.03
13.2 54.0
13.2167 53.97
13.2333 53.94
13.25 53.9
13.2667 53.87
13.2833 53.83
13.3 53.79
13.3167 53.75
13.3333 53.71
13.35 53.66
13.3667 53.62
13.3833 53.57
13.4 53.52
13.4167 53.47
13.4333 53.42
13.45 53.37
13.4667 53.32
13.4833 53.26
13.5 53.21
13.5167 53.15
13.5333 53.09
13.55 53.03
13.5667 52.97
13.5833 52.91
13.6 52.84
13.6167 52.77
13.6333 52.71
13.65 52.64
13.6667 52.57
13.6833 52.5
13.7 52.42
13.7167 52.35
13.7333 52.27
13.75 52.2
13.7667 52.12
13.7833 52.04
13.8 51.95
13.8167 51.87
13.8333 51.79
13.85 51.7
13.8667 51.61
13.8833 51.52
13.9 51.43
13.9167 51.34
13.9333 51.25
13.95 51.16
13.9667 51.06
13.9833 50.96
14.0 50.87
14.0167 50.77
14.0333 50.67
14.05 50.56
14.0667 50.46
14.0833 50.36
14.1 50.25
14.1167 50.14
14.1333 50.03
14.15 49.92
14.1667 49.81
14.1833 49.7
14.2 49.58
14.2167 49.47
14.2333 49.35
14.25 49.23
14.2667 49.11
14.2833 48.99
14.3 48.87
14.3167 48.75
14.3333 48.62
14.35 48.5
14.3667 48.37
14.3833 48.24
14.4 48.11
14.4167 47.98
14.4333 47.85
14.45 47.71
14.4667 47.58
14.4833 47.44
14.5 47.3
14.5167 47.16
14.5333 47.02
14.55 46.88
14.5667 46.74
14.5833 46.6
14.6 46.45
14.6167 46.31
14.6333 46.16
14.65 46.01
14.6667 45.86
14.6833 45.71
14.7 45.56
14.7167 45.4
14.7333 45.25
14.75 45.09
14.7667 44.93
14.7833 44.78
14.8 44.62
14.8167 44.46
14.8333 44.29
14.85 44.13
14.8667 43.97
14.8833 43.8
14.9 43.64
14.9167 43.47
14.9333 43.3
14.95 43.13
14.9667 42.96
14.9833 42.79
15.0 42.61
15.0167 42.44
15.0333 42.26
15.05 42.09
15.0667 41.91
15.0833 41.73
15.1 41.55
15.1167 41.37
15.1333 41.19
15.15 41.01
15.1667 40.82
15.1833 40.64
15.2 40.45
15.2167 40.26
15.2333 40.08
15.25 39.89
15.2667 39.7
15.2833 39.51
15.3 39.31
15.3167 39.12
15.3333 38.93
15.35 38.73
15.3667 38.54
15.3833 38.34
15.4 38.14
15.4167 37.94
15.4333 37.74
15.45 37.54
15.4667 37.34
15.4833 37.14
15.5 36.94
15.5167 36.73
15.5333 36.53
15.55 36.32
15.5667 36.11
15.5833 35.91
15.6 35.7
15.6167 35.49
15.6333 35.28
15.65 35.07
15.6667 34.85
15.6833 34.64
15.7 34.43
15.7167 34.21
15.7333 34.0
15.75 33.78
15.7667 33.56
15.7833 33.35
15.8 33.13
15.8167 32.91
15.8333 32.69
15.85 32.47
15.8667 32.25
15.8833 32.03
15.9 31.81
15.9167 31.58
15.9333 31.36
15.95 31.13
15.9667 30.91
15.9833 30.68
16.0 30.46
16.0167 30.23
16.0333 30.0
16.05 29.77
16.0667 29.54
16.0833 29.32
16.1 29.09
16.1167 28.85
16.1333 28.62
16.15 28.39
16.1667 28.16
16.1833 27.93
16.2 27.69
16.2167 27.46
16.2333 27.23
16.25 26.99
16.2667 26.76
16.2833 26.52
16.3 26.29
16.3167 26.05
16.3333 25.82
16.35 25.58
16.3667 25.34
16.3833 25.1
16.4 24.87
16.4167 24.63
16.4333 24.39
16.45 24.15
16.4667 23.91
16.4833 23.67
16.5 23.43
16.5167 23.2
16.5333 22.96
16.55 22.72
16.5667 22.48
16.5833 22.24
16.6 22.0
16.6167 21.76
16.6333 21.51
16.65 21.28
16.6667 21.03
16.6833 20.79
16.7 20.55
16.7167 20.31
16.7333 20.07
16.75 19.83
16.7667 19.59
16.7833 19.35
16.8 19.11
16.8167 18.87
16.8333 18.63
16.85 18.39
16.8667 18.15
16.8833 17.91
16.9 17.67
16.9167 17.44
16.9333 17.2
16.95 16.96
16.9667 16.72
16.9833 16.48
17.0 16.25
17.0167 16.01
17.0333 15.77
17.05 15.54
17.0667 15.3
17.0833 15.07
17.1 14.83
17.1167 14.6
17.1333 14.37
17.15 14.14
17.1667 13.9
17.1833 13.67
17.2 13.44
17.2167 13.21
17.2333 12.99
17.25 12.76
17.2667 12.53
17.2833 12.3
17.3 12.08
17.3167 11.86
17.3333 11.63
17.35 11.41
17.3667 11.19
17.3833 10.97
17.4 10.75
17.4167 10.53
17.4333 10.32
17.45 10.1
17.4667 9.887
17.4833 9.674
17.5 9.464
17.5167 9.254
17.5333 9.045
17.55 8.838
17.5667 8.633
17.5833 8.429
17.6 8.227
17.6167 8.026
17.6333 7.827
17.65 7.63
17.6667 7.434
17.6833 7.24
17.7 7.048
17.7167 6.858
17.7333 6.67
17.75 6.484
17.7667 6.3
17.7833 6.117
17.8 5.937
17.8167 5.759
17.8333 5.583
17.85 5.409
17.8667 5.237
17.8833 5.068
17.9 4.901
17.9167 4.735
17.9333 4.573
17.95 4.412
17.9667 4.254
17.9833 4.098
18.0 3.945
18.0167 3.794
18.0333 3.645
18.05 3.499
18.0667 3.355
18.0833 3.213
18.1 3.074
18.1167 2.937
18.1333 2.803
18.15 2.671
18.1667 2.541
18.1833 2.414
18.2 2.29
18.2167 2.167
18.2333 2.048
18.25 1.931
18.2667 1.816
18.2833 1.705
18.3 1.595
18.3167 1.489
18.3333 1.386
18.35 1.286
18.3667 1.188
18.3833 1.094
18.4 1.004
18.4167 0.9176
18.4333 0.8354
18.45 0.7577
18.4667 0.6765
18.4833 0.5954
18.5 0.5271
18.5167 0.4698
18.5333 0.4191
18.55 0.3577
18.5667 0.3092
18.5833 0.2682
18.6 0.226
18.6167 0.1899
18.6333 0.1586
18.65 0.1317
18.6667 0.1089
18.6833 0.08683
18.7 0.07042
18.7167 0.05575
18.7333 0.04473
18.75 0.0348
18.7667 0.02701
18.7833 0.02085
18.8 0.01601
18.8167 0.01222
18.8333 0.009256
18.85 0.006779
18.8667 0.005022
18.8833 0.003573
18.9 0.002517
18.9167 0.001755
18.9333 0.001178
18.95 0.0007643
18.9667 0.0004677
18.9833 0.0002684
19.0 0.0001366
19.0167 5.268e-05
19.0333 1.184e-05
19.05 1.1e-06
19.0667 3.852e-08
19.0833 3.152e-10
19.1 3.154e-13
19.1167 0.0
19.1333 0.0
19.15 0.0
19.1667 0.0
19.1833 0.0
19.2 0.0
19.2167 0.0
19.2333 0.0
19.25 0.0
19.2667 0.0
19.2833 0.0
19.3 0.0
19.3167 0.0
19.3333 0.0
19.35 0.0
19.3667 0.0
19.3833 0.0
19.4 0.0
19.4167 0.0
19.4333 0.0
19.45 0.0
19.4667 0.0
19.4833 0.0
19.5 0.0
19.5167 0.0
19.5333 0.0
19.55 0.0
19.5667 0.0
19.5833 0.0
19.6 0.0
19.6167 0.0
19.6333 0.0
19.65 0.0
19.6667 0.0
19.6833 0.0
19.7 0.0
19.7167 0.0
19.7333 0.0
19.75 0.0
19.7667 0.0
19.7833 0.0
19.8 0.0
19.8167 0.0
19.8333 0.0
19.85 0.0
19.8667 0.0
19.8833 0.0
19.9 0.0
19.9167 0.0
19.9333 0.0
19.95 0.0
19.9667 0.0
19.9833 0.0
20.0 0.0
20.0167 0.0
20.0333 0.0
20.05 0.0
20.0667 0.0
20.0833 0.0
20.1 0.0
20.1167 0.0
20.1333 0.0
20.15 0.0
20.1667 0.0
20.1833 0.0
20.2 0.0
20.2167 0.0
20.2333 0.0
20.25 0.0
20.2667 0.0
20.2833 0.0
20.3 0.0
20.3167 0.0
20.3333 0.0
20.35 0.0
20.3667 0.0
20.3833 0.0
20.4 0.0
20.4167 0.0
20.4333 0.0
20.45 0.0
20.4667 0.0
20.4833 0.0
20.5 0.0
20.5167 0.0
20.5333 0.0
20.55 0.0
20.5667 0.0
20.5833 0.0
20.6 0.0
20.6167 0.0
20.6333 0.0
20.65 0.0
20.6667 0.0
20.6833 0.0
20.7 0.0
20.7167 0.0
20.7333 0.0
20.75 0.0
20.7667 0.0
20.7833 0.0
20.8 0.0
20.8167 0.0
20.8333 0.0
20.85 0.0
20.8667 0.0
20.8833 0.0
20.9 0.0
20.9167 0.0
20.9333 0.0
20.95 0.0
20.9667 0.0
20.9833 0.0
21.0 0.0
21.0167 0.0
21.0333 0.0
21.05 0.0
21.0667 0.0
21.0833 0.0
21.1 0.0
21.1167 0.0
21.1333 0.0
21.15 0.0
21.1667 0.0
21.1833 0.0
21.2 0.0
21.2167 0.0
21.2333 0.0
21.25 0.0
21.2667 0.0
21.2833 0.0
21.3 0.0
21.3167 0.0
21.3333 0.0
21.35 0.0
21.3667 0.0
21.3833 0.0
21.4 0.0
21.4167 0.0
21.4333 0.0
21.45 0.0
21.4667 0.0
21.4833 0.0
21.5 0.0
21.5167 0.0
21.5333 0.0
21.55 0.0
21.5667 0.0
21.5833 0.0
21.6 0.0
21.6167 0.0
21.6333 0.0
21.65 0.0
21.6667 0.0
21.6833 0.0
21.7 0.0
21.7167 0.0
21.7333 0.0
21.75 0.0
21.7667 0.0
21.7833 0.0
21.8 0.0
21.8167 0.0
21.8333 0.0
21.85 0.0
21.8667 0.0
21.8833 0.0
21.9 0.0
21.9167 0.0
21.9333 0.0
21.95 0.0
21.9667 0.0
21.9833 0.0
22.0 0.0
22.0167 0.0
22.0333 0.0
22.05 0.0
22.0667 0.0
22.0833 0.0
22.1 0.0
22.1167 0.0
22.1333 0.0
22.15 0.0
22.1667 0.0
22.1833 0.0
22.2 0.0
22.2167 0.0
22.2333 0.0
22.25 0.0
22.2667 0.0
22.2833 0.0
22.3 0.0
22.3167 0.0
22.3333 0.0
22.35 0.0
22.3667 0.0
22.3833 0.0
22.4 0.0
22.4167 0.0
22.4333 0.0
22.45 0.0
22.4667 0.0
22.4833 0.0
22.5 0.0
22.5167 0.0
22.5333 0.0
22.55 0.0
22.5667 0.0
22.5833 0.0
22.6 0.0
22.6167 0.0
22.6333 0.0
22.65 0.0
22.6667 0.0
22.6833 0.0
22.7 0.0
22.7167 0.0
22.7333 0.0
22.75 0.0
22.7667 0.0
22.7833 0.0
22.8 0.0
22.8167 0.0
22.8333 0.0
22.85 0.0
22.8667 0.0
22.8833 0.0
22.9 0.0
22.9167 0.0
22.9333 0.0
22.95 0.0
22.9667 0.0
22.9833 0.0
23.0 0.0
23.0167 0.0
23.0333 0.0
23.05 0.0
23.0667 0.0
23.0833 0.0
23.1 0.0
23.1167 0.0
23.1333 0.0
23.15 0.0
23.1667 0.0
23.1833 0.0
23.2 0.0
23.2167 0.0
23.2333 0.0
23.25 0.0
23.2667 0.0
23.2833 0.0
23.3 0.0
23.3167 0.0
23.3333 0.0
23.35 0.0
23.3667 0.0
23.3833 0.0
23.4 0.0
23.4167 0.0
23.4333 0.0
23.45 0.0
23.4667 0.0
23.4833 0.0
23.5 0.0
23.5167 0.0
23.5333 0.0
23.55 0.0
23.5667 0.0
23.5833 0.0
23.6 0.0
23.6167 0.0
23.6333 0.0
23.65 0.0
23.6667 0.0
23.6833 0.0
23.7 0.0
23.7167 0.0
23.7333 0.0
23.75 0.0
23.7667 0.0
23.7833 0.0
23.8 0.0
23.8167 0.0
23.8333 0.0
23.85 0.0
23.8667 0.0
23.8833 0.0
23.9 0.0
23.9167 0.0
23.9333 0.0
23.95 0.0
23.9667 0.0
23.9833 0.0
