0.0 0.0
0.0167 0.0
0.0333 0.0
0.05 0.0
0.0667 0.0
0.0833 0.0
0.1 0.0
0.1167 0.0
0.1333 0.0
0.15 0.0
0.1667 0.0
0.1833 0.0
0.2 0.0
0.2167 0.0
0.2333 0.0
0.25 0.0
0.2667 0.0
0.2833 0.0
0.3 0.0
0.3167 0.0
0.3333 0.0
0.35 0.0
0.3667 0.0
0.3833 0.0
0.4 0.0
0.4167 0.0
0.4333 0.0
0.45 0.0
0.4667 0.0
0.4833 0.0
0.5 0.0
0.5167 0.0
0.5333 0.0
0.55 0.0
0.5667 0.0
0.5833 0.0
0.6 0.0
0.6167 0.0
0.6333 0.0
0.65 0.0
0.6667 0.0
0.6833 0.0
0.7 0.0
0.7167 0.0
0.7333 0.0
0.75 0.0
0.7667 0.0
0.7833 0.0
0.8 0.0
0.8167 0.0
0.8333 0.0
0.85 0.0
0.8667 0.0
0.8833 0.0
0.9 0.0
0.9167 0.0
0.9333 0.0
0.95 0.0
0.9667 0.0
0.9833 0.0
1.0 0.0
1.0167 0.0
1.0333 0.0
1.05 0.0
1.0667 0.0
1.0833 0.0
1.1 0.0
1.1167 0.0
1.1333 0.0
1.15 0.0
1.1667 0.0
1.1833 0.0
1.2 0.0
1.2167 0.0
1.2333 0.0
1.25 0.0
1.2667 0.0
1.2833 0.0
1.3 0.0
1.3167 0.0
1.3333 0.0
1.35 0.0
1.3667 0.0
1.3833 0.0
1.4 0.0
1.4167 0.0
1.4333 0.0
1.45 0.0
1.4667 0.0
1.4833 0.0
1.5 0.0
1.5167 0.0
1.5333 0.0
1.55 0.0
1.5667 0.0
1.5833 0.0
1.6 0.0
1.6167 0.0
1.6333 0.0
1.65 0.0
1.6667 0.0
1.6833 0.0
1.7 0.0
1.7167 0.0
1.7333 0.0
1.75 0.0
1.7667 0.0
1.7833 0.0
1.8 0.0
1.8167 0.0
1.8333 0.0
1.85 0.0
1.8667 0.0
1.8833 0.0
1.9 0.0
1.9167 0.0
1.9333 0.0
1.95 0.0
1.9667 0.0
1.9833 0.0
2.0 0.0
2.0167 0.0
2.0333 0.0
2.05 0.0
2.0667 0.0
2.0833 0.0
2.1 0.0
2.1167 0.0
2.1333 0.0
2.15 0.0
2.1667 0.0
2.1833 0.0
2.2 0.0
2.2167 0.0
2.2333 0.0
2.25 0.0
2.2667 0.0
2.2833 0.0
2.3 0.0
2.3167 0.0
2.3333 0.0
2.35 0.0
2.3667 0.0
2.3833 0.0
2.4 0.0
2.4167 0.0
2.4333 0.0
2.45 0.0
2.4667 0.0
2.4833 0.0
2.5 0.0
2.5167 0.0
2.5333 0.0
2.55 0.0
2.5667 0.0
2.5833 0.0
2.6 0.0
2.6167 0.0
2.6333 0.0
2.65 0.0
2.6667 0.0
2.6833 0.0
2.7 0.0
2.7167 0.0
2.7333 0.0
2.75 0.0
2.7667 0.0
2.7833 0.0
2.8 0.0
2.8167 0.0
2.8333 0.0
2.85 0.0
2.8667 0.0
2.8833 0.0
2.9 0.0
2.9167 0.0
2.9333 0.0
2.95 0.0
2.9667 0.0
2.9833 0.0
3.0 0.0
3.0167 0.0
3.0333 0.0
3.05 0.0
3.0667 0.0
3.0833 0.0
3.1 0.0
3.1167 0.0
3.1333 0.0
3.15 0.0
3.1667 0.0
3.1833 0.0
3.2 0.0
3.2167 0.0
3.2333 0.0
3.25 0.0
3.2667 0.0
3.2833 0.0
3.3 0.0
3.3167 0.0
3.3333 0.0
3.35 0.0
3.3667 0.0
3.3833 0.0
3.4 0.0
3.4167 0.0
3.4333 0.0
3.45 0.0
3.4667 0.0
3.4833 0.0
3.5 0.0
3.5167 0.0
3.5333 0.0
3.55 0.0
3.5667 0.0
3.5833 0.0
3.6 0.0
3.6167 0.0
3.6333 0.0
3.65 0.0
3.6667 0.0
3.6833 0.0
3.7 0.0
3.7167 0.0
3.7333 0.0
3.75 0.0
3.7667 0.0
3.7833 0.0
3.8 0.0
3.8167 0.0
3.8333 0.0
3.85 0.0
3.8667 0.0
3.8833 0.0
3.9 0.0
3.9167 0.0
3.9333 0.0
3.95 0.0
3.9667 0.0
3.9833 0.0
4.0 0.0
4.0167 0.0
4.0333 0.0
4.05 0.0
4.0667 0.0
4.0833 0.0
4.1 0.0
4.1167 0.0
4.1333 0.0
4.15 0.0
4.1667 0.0
4.1833 0.0
4.2 0.0
4.2167 0.0
4.2333 0.0
4.25 0.0
4.2667 0.0
4.2833 0.0
4.3 0.0
4.3167 0.0
4.3333 0.0
4.35 0.0
4.3667 0.0
4.3833 0.0
4.4 0.0
4.4167 0.0
4.4333 0.0
4.45 0.0
4.4667 0.0
4.4833 0.0
4.5 0.0
4.5167 0.0
4.5333 0.0
4.55 0.0
4.5667 0.0
4.5833 0.0
4.6 0.0
4.6167 0.0
4.6333 0.0
4.65 0.0
4.6667 0.0
4.6833 0.0
4.7 0.0
4.7167 0.0
4.7333 0.0
4.75 0.0
4.7667 0.0
4.7833 0.0
4.8 0.0
4.8167 0.0
4.8333 0.0
4.85 0.0
4.8667 0.0
4.8833 0.0
4.9 0.0
4.9167 0.0
4.9333 0.0
4.95 0.0
4.9667 0.0
4.9833 0.0
5.0 0.0
5.0167 0.0
5.0333 0.0
5.05 0.0
5.0667 0.0
5.0833 0.0
5.1 0.0
5.1167 0.0
5.1333 0.0
5.15 0.0
5.1667 0.0
5.1833 0.0
5.2 0.0
5.2167 0.0
5.2333 0.0
5.25 0.0
5.2667 0.0
5.2833 0.0
5.3 0.0
5.3167 0.0
5.3333 0.0
5.35 0.0
5.3667 0.0
5.3833 0.0
5.4 0.0
5.4167 0.0
5.4333 0.0
5.45 0.0
5.4667 0.0
5.4833 0.0
5.5 0.0
5.5167 0.0
5.5333 0.0
5.55 0.0
5.5667 0.0
5.5833 0.0
5.6 0.0
5.6167 0.0
5.6333 0.0
5.65 0.0
5.6667 0.0
5.6833 0.0
5.7 0.0
5.7167 0.0
5.7333 0.0
5.75 0.0
5.7667 0.0
5.7833 0.0
5.8 0.0
5.8167 0.0
5.8333 0.0
5.85 0.0
5.8667 0.0
5.8833 0.0
5.9 0.0
5.9167 0.0
5.9333 0.0
5.95 0.0
5.9667 0.0
5.9833 0.0
6.0 7.811e-14
6.0167 1.641e-10
6.0333 2.736e-08
6.05 9.305e-07
6.0667 1.086e-05
6.0833 4.966e-05
6.1 0.0001326
6.1167 0.0002631
6.1333 0.0004645
6.15 0.0007578
6.1667 0.001171
6.1833 0.001758
6.2 0.002575
6.2167 0.003615
6.2333 0.005061
6.25 0.006949
6.2667 0.009377
6.2833 0.01245
6.3 0.01646
6.3167 0.02162
6.3333 0.028
6.35 0.03591
6.3667 0.04593
6.3833 0.05878
6.4 0.07293
6.4167 0.09202
6.4333 0.1122
6.45 0.1366
6.4667 0.1653
6.4833 0.1979
6.5 0.2347
6.5167 0.277
6.5333 0.3275
6.55 0.372
6.5667 0.4343
6.5833 0.4866
6.6 0.5491
6.6167 0.6237
6.6333 0.7097
6.65 0.785
6.6667 0.8653
6.6833 0.9502
6.7 1.039
6.7167 1.132
6.7333 1.228
6.75 1.327
6.7667 1.429
6.7833 1.535
6.8 1.643
6.8167 1.755
6.8333 1.869
6.85 1.985
6.8667 2.105
6.8833 2.227
6.9 2.351
6.9167 2.478
6.9333 2.608
6.95 2.74
6.9667 2.874
6.9833 3.011
7.0 3.151
7.0167 3.293
7.0333 3.437
7.05 3.584
7.0667 3.734
7.0833 3.886
7.1 4.04
7.1167 4.197
7.1333 4.356
7.15 4.518
7.1667 4.682
7.1833 4.848
7.2 5.017
7.2167 5.188
7.2333 5.362
7.25 5.537
7.2667 5.715
7.2833 5.895
7.3 6.077
7.3167 6.262
7.3333 6.448
7.35 6.637
7.3667 6.827
7.3833 7.019
7.4 7.214
7.4167 7.41
7.4333 7.608
7.45 7.809
7.4667 8.01
7.4833 8.214
7.5 8.419
7.5167 8.626
7.5333 8.834
7.55 9.044
7.5667 9.256
7.5833 9.469
7.6 9.684
7.6167 9.9
7.6333 10.12
7.65 10.34
7.6667 10.56
7.6833 10.78
7.7 11.0
7.7167 11.22
7.7333 11.45
7.75 11.67
7.7667 11.9
7.7833 12.13
7.8 12.36
7.8167 12.59
7.8333 12.82
7.85 13.05
7.8667 13.28
7.8833 13.52
7.9 13.75
7.9167 13.99
7.9333 14.22
7.95 14.46
7.9667 14.7
7.9833 14.94
8.0 15.17
8.0167 15.41
8.0333 15.65
8.05 15.89
8.0667 16.13
8.0833 16.38
8.1 16.62
8.1167 16.86
8.1333 17.1
8.15 17.35
8.1667 17.59
8.1833 17.83
8.2 18.08
8.2167 18.32
8.2333 18.57
8.25 18.81
8.2667 19.06
8.2833 19.3
8.3 19.55
8.3167 19.79
8.3333 20.04
8.35 20.28
8.3667 20.53
8.3833 20.78
8.4 21.02
8.4167 21.27
8.4333 21.51
8.45 21.76
8.4667 22.01
8.4833 22.25
8.5 22.5
8.5167 22.74
8.5333 22.99
8.55 23.24
8.5667 23.48
8.5833 23.73
8.6 23.97
8.6167 24.22
8.6333 24.46
8.65 24.71
8.6667 24.95
8.6833 25.19
8.7 25.44
8.7167 25.68
8.7333 25.93
8.75 26.17
8.7667 26.41
8.7833 26.65
8.8 26.9
8.8167 27.14
8.8333 27.38
8.85 27.62
8.8667 27.86
8.8833 28.1
8.9 28.34
8.9167 28.58
8.9333 28.82
8.95 29.05
8.9667 29.29
8.9833 29.53
9.0 29.77
9.0167 30.0
9.0333 30.24
9.05 30.47
9.0667 30.71
9.0833 30.94
9.1 31.17
9.1167 31.41
9.1333 31.64
9.15 31.87
9.1667 32.1
9.1833 32.33
9.2 32.56
9.2167 32.79
9.2333 33.02
9.25 33.25
9.2667 33.47
9.2833 33.7
9.3 33.92
9.3167 34.15
9.3333 34.37
9.35 34.6
9.3667 34.82
9.3833 35.04
9.4 35.26
9.4167 35.48
9.4333 35.7
9.45 35.92
9.4667 36.14
9.4833 36.35
9.5 36.57
9.5167 36.79
9.5333 37.0
9.55 37.21
9.5667 37.43
9.5833 37.64
9.6 37.85
9.6167 38.06
9.6333 38.27
9.65 38.48
9.6667 38.69
9.6833 38.89
9.7 39.1
9.7167 39.3
9.7333 39.51
9.75 39.71
9.7667 39.91
9.7833 40.11
9.8 40.31
9.8167 40.51
9.8333 40.71
9.85 40.91
9.8667 41.1
9.8833 41.3
9.9 41.49
9.9167 41.68
9.9333 41.88
9.95 42.07
9.9667 42.26
9.9833 42.45
10.0 42.63
10.0167 42.82
10.0333 43.01
10.05 43.19
10.0667 43.38
10.0833 43.56
10.1 43.74
10.1167 43.92
10.1333 44.1
10.15 44.28
10.1667 44.45
10.1833 44.63
10.2 44.8
10.2167 44.98
10.2333 45.15
10.25 45.32
10.2667 45.49
10.2833 45.66
10.3 45.83
10.3167 46.0
10.3333 46.16
10.35 46.33
10.3667 46.49
10.3833 46.65
10.4 46.81
10.4167 46.97
10.4333 47.13
10.45 47.29
10.4667 47.44
10.4833 47.6
10.5 47.75
10.5167 47.91
10.5333 48.06
10.55 48.21
10.5667 48.36
10.5833 48.5
10.6 48.65
10.6167 48.8
10.6333 48.94
10.65 49.08
10.6667 49.22
10.6833 49.36
10.7 49.5
10.7167 49.64
10.7333 49.78
10.75 49.91
10.7667 50.05
10.7833 50.18
10.8 50.31
10.8167 50.44
10.8333 50.57
10.85 50.69
10.8667 50.82
10.8833 50.94
10.9 51.07
10.9167 51.19
10.9333 51.31
10.95 51.43
10.9667 51.55
10.9833 51.67
11.0 51.78
11.0167 51.89
11.0333 52.01
11.05 52.12
11.0667 52.23
11.0833 52.34
11.1 52.45
11.1167 52.55
11.1333 52.66
11.15 52.76
11.1667 52.86
11.1833 52.96
11.2 53.06
11.2167 53.16
11.2333 53.25
11.25 53.35
11.2667 53.44
11.2833 53.54
11.3 53.63
11.3167 53.72
11.3333 53.8
11.35 53.89
11.3667 53.98
11.3833 54.06
11.4 54.14
11.4167 54.22
11.4333 54.3
11.45 54.38
11.4667 54.46
11.4833 54.53
11.5 54.61
11.5167 54.68
11.5333 54.75
11.55 54.82
11.5667 54.89
11.5833 54.96
11.6 55.02
11.6167 55.09
11.6333 55.15
11.65 55.21
11.6667 55.27
11.6833 55.33
11.7 55.39
11.7167 55.44
11.7333 55.5
11.75 55.55
11.7667 55.6
11.7833 55.65
11.8 55.7
11.8167 55.74
11.8333 55.79
11.85 55.83
11.8667 55.88
11.8833 55.92
11.9 55.96
11.9167 55.99
11.9333 56.03
11.95 56.07
11.9667 56.1
11.9833 56.13
12.0 56.16
12.0167 56.19
12.0333 56.22
12.05 56.25
12.0667 56.27
12.0833 56.3
12.1 56.32
12.1167 56.34
12.1333 56.36
12.15 56.38
12.1667 56.39
12.1833 56.41
12.2 56.42
12.2167 56.43
12.2333 56.44
12.25 56.45
12.2667 56.46
12.2833 56.46
12.3 56.47
12.3167 56.47
12.3333 56.47
12.35 56.47
12.3667 56.47
12.3833 56.47
12.4 56.47
12.4167 56.46
12.4333 56.45
12.45 56.44
12.4667 56.43
12.4833 56.42
12.5 56.41
12.5167 56.39
12.5333 56.38
12.55 56.36
12.5667 56.34
12.5833 56.32
12.6 56.3
12.6167 56.28
12.6333 56.25
12.65 56.23
12.6667 56.2
12.6833 56.17
12.7 56.14
12.7167 56.11
12.7333 56.07
12.75 56.04
12.7667 56.0
12.7833 55.96
12.8 55.92
12.8167 55.88
12.8333 55.84
12.85 55.8
12.8667 55.75
12.8833 55.71
12.9 55.66
12.9167 55.61
12.9333 55.56
12.95 55.51
12.9667 55.45
12.9833 55.4
13.0 55.34
13.0167 55.28
13.0333 55.22
13.05 55.16
13.0667 55.1
13.0833 55.03
13.1 54.97
13.1167 54.9
13.1333 54.84
13.15 54.77
13.1667 54.69
13.1833 54.62
13.2 54.55
13.2167 54.47
13.2333 54.4
13.25 54.32
13.2667 54.24
13.2833 54.16
13.3 54.08
13.3167 53.99
13.3333 53.91
13.35 53.82
13.3667 53.73
13.3833 53.64
13.4 53.55
13.4167 53.46
13.4333 53.37
13.45 53.27
13.4667 53.18
13.4833 53.08
13.5 52.98
13.5167 52.88
13.5333 52.78
13.55 52.68
13.5667 52.57
13.5833 52.47
13.6 52.36
13.6167 52.25
13.6333 52.14
13.65 52.03
13.6667 51.92
13.6833 51.8
13.7 51.69
13.7167 51.57
13.7333 51.45
13.75 51.33
13.7667 51.21
13.7833 51.09
13.8 50.97
13.8167 50.85
13.8333 50.72
13.85 50.59
13.8667 50.46
13.8833 50.33
13.9 50.2
13.9167 50.07
13.9333 49.94
13.95 49.8
13.9667 49.67
13.9833 49.53
14.0 49.39
14.0167 49.25
14.0333 49.11
14.05 48.97
14.0667 48.82
14.0833 48.68
14.1 48.53
14.1167 48.38
14.1333 48.24
14.15 48.09
14.1667 47.94
14.1833 47.78
14.2 47.63
14.2167 47.47
14.2333 47.32
14.25 47.16
14.2667 47.0
14.2833 46.84
14.3 46.68
14.3167 46.52
14.3333 46.36
14.35 46.19
14.3667 46.03
14.3833 45.86
14.4 45.69
14.4167 45.52
14.4333 45.35
14.45 45.18
14.4667 45.01
14.4833 44.84
14.5 44.66
14.5167 44.49
14.5333 44.31
14.55 44.13
14.5667 43.95
14.5833 43.77
14.6 43.59
14.6167 43.41
14.6333 43.23
14.65 43.04
14.6667 42.86
14.6833 42.67
14.7 42.48
14.7167 42.29
14.7333 42.1
14.75 41.91
14.7667 41.72
14.7833 41.53
14.8 41.33
14.8167 41.14
14.8333 40.94
14.85 40.75
14.8667 40.55
14.8833 40.35
14.9 40.15
14.9167 39.95
14.9333 39.75
14.95 39.54
14.9667 39.34
14.9833 39.14
15.0 38.93
15.0167 38.72
15.0333 38.52
15.05 38.31
15.0667 38.1
15.0833 37.89
15.1 37.68
15.1167 37.47
15.1333 37.25
15.15 37.04
15.1667 36.83
15.1833 36.61
15.2 36.4
15.2167 36.18
15.2333 35.96
15.25 35.74
15.2667 35.52
15.2833 35.3
15.3 35.08
15.3167 34.86
15.3333 34.64
15.35 34.41
15.3667 34.19
15.3833 33.97
15.4 33.74
15.4167 33.52
15.4333 33.29
15.45 33.06
15.4667 32.83
15.4833 32.6
15.5 32.37
15.5167 32.14
15.5333 31.91
15.55 31.68
15.5667 31.45
15.5833 31.22
15.6 30.98
15.6167 30.75
15.6333 30.52
15.65 30.28
15.6667 30.05
15.6833 29.81
15.7 29.57
15.7167 29.34
15.7333 29.1
15.75 28.86
15.7667 28.62
15.7833 28.38
15.8 28.14
15.8167 27.9
15.8333 27.66
15.85 27.42
15.8667 27.18
15.8833 26.94
15.9 26.7
15.9167 26.46
15.9333 26.21
15.95 25.97
15.9667 25.73
15.9833 25.48
16.0 25.24
16.0167 25.0
16.0333 24.75
16.05 24.51
16.0667 24.26
16.0833 24.02
16.1 23.77
16.1167 23.53
16.1333 23.28
16.15 23.04
16.1667 22.79
16.1833 22.54
16.2 22.3
16.2167 22.05
16.2333 21.81
16.25 21.56
16.2667 21.31
16.2833 21.07
16.3 20.82
16.3167 20.57
16.3333 20.33
16.35 20.08
16.3667 19.84
16.3833 19.59
16.4 19.35
16.4167 19.1
16.4333 18.86
16.45 18.61
16.4667 18.37
16.4833 18.12
16.5 17.88
16.5167 17.63
16.5333 17.39
16.55 17.15
16.5667 16.9
16.5833 16.66
16.6 16.42
16.6167 16.18
16.6333 15.94
16.65 15.7
16.6667 15.46
16.6833 15.22
16.7 14.98
16.7167 14.74
16.7333 14.5
16.75 14.27
16.7667 14.03
16.7833 13.79
16.8 13.56
16.8167 13.33
16.8333 13.09
16.85 12.86
16.8667 12.63
16.8833 12.4
16.9 12.17
16.9167 11.94
16.9333 11.71
16.95 11.49
16.9667 11.26
16.9833 11.04
17.0 10.82
17.0167 10.59
17.0333 10.37
17.05 10.16
17.0667 9.938
17.0833 9.722
17.1 9.507
17.1167 9.293
17.1333 9.082
17.15 8.871
17.1667 8.663
17.1833 8.456
17.2 8.25
17.2167 8.046
17.2333 7.844
17.25 7.643
17.2667 7.445
17.2833 7.248
17.3 7.053
17.3167 6.86
17.3333 6.67
17.35 6.481
17.3667 6.294
17.3833 6.11
17.4 5.927
17.4167 5.746
17.4333 5.568
17.45 5.392
17.4667 5.218
17.4833 5.047
17.5 4.877
17.5167 4.711
17.5333 4.546
17.55 4.384
17.5667 4.225
17.5833 4.067
17.6 3.912
17.6167 3.76
17.6333 3.61
17.65 3.463
17.6667 3.318
17.6833 3.175
17.7 3.035
17.7167 2.898
17.7333 2.763
17.75 2.63
17.7667 2.5
17.7833 2.373
17.8 2.248
17.8167 2.126
17.8333 2.006
17.85 1.889
17.8667 1.774
17.8833 1.662
17.9 1.553
17.9167 1.447
17.9333 1.344
17.95 1.245
17.9667 1.148
17.9833 1.055
18.0 0.9651
18.0167 0.8795
18.0333 0.7984
18.05 0.7221
18.0667 0.6377
18.0833 0.5609
18.1 0.4964
18.1167 0.4426
18.1333 0.3816
18.15 0.3341
18.1667 0.2837
18.1833 0.2418
18.2 0.2058
18.2167 0.1725
18.2333 0.1417
18.25 0.1158
18.2667 0.09459
18.2833 0.07648
18.3 0.06061
18.3167 0.04781
18.3333 0.03801
18.35 0.02939
18.3667 0.02265
18.3833 0.01737
18.4 0.01325
18.4167 0.009805
18.4333 0.007311
18.45 0.005329
18.4667 0.003861
18.4833 0.002702
18.5 0.001856
18.5167 0.001243
18.5333 0.0008066
18.55 0.0005027
18.5667 0.0002951
18.5833 0.0001491
18.6 6.108e-05
18.6167 1.42e-05
18.6333 1.542e-06
18.65 5.847e-08
18.6667 4.574e-10
18.6833 4.644e-13
18.7 0.0
18.7167 0.0
18.7333 0.0
18.75 0.0
18.7667 0.0
18.7833 0.0
18.8 0.0
18.8167 0.0
18.8333 0.0
18.85 0.0
18.8667 0.0
18.8833 0.0
18.9 0.0
18.9167 0.0
18.9333 0.0
18.95 0.0
18.9667 0.0
18.9833 0.0
19.0 0.0
19.0167 0.0
19.0333 0.0
19.05 0.0
19.0667 0.0
19.0833 0.0
19.1 0.0
19.1167 0.0
19.1333 0.0
19.15 0.0
19.1667 0.0
19.1833 0.0
19.2 0.0
19.2167 0.0
19.2333 0.0
19.25 0.0
19.2667 0.0
19.2833 0.0
19.3 0.0
19.3167 0.0
19.3333 0.0
19.35 0.0
19.3667 0.0
19.3833 0.0
19.4 0.0
19.4167 0.0
19.4333 0.0
19.45 0.0
19.4667 0.0
19.4833 0.0
19.5 0.0
19.5167 0.0
19.5333 0.0
19.55 0.0
19.5667 0.0
19.5833 0.0
19.6 0.0
19.6167 0.0
19.6333 0.0
19.65 0.0
19.6667 0.0
19.6833 0.0
19.7 0.0
19.7167 0.0
19.7333 0.0
19.75 0.0
19.7667 0.0
19.7833 0.0
19.8 0.0
19.8167 0.0
19.8333 0.0
19.85 0.0
19.8667 0.0
19.8833 0.0
19.9 0.0
19.9167 0.0
19.9333 0.0
19.95 0.0
19.9667 0.0
19.9833 0.0
20.0 0.0
20.0167 0.0
20.0333 0.0
20.05 0.0
20.0667 0.0
20.0833 0.0
20.1 0.0
20.1167 0.0
20.1333 0.0
20.15 0.0
20.1667 0.0
20.1833 0.0
20.2 0.0
20.2167 0.0
20.2333 0.0
20.25 0.0
20.2667 0.0
20.2833 0.0
20.3 0.0
20.3167 0.0
20.3333 0.0
20.35 0.0
20.3667 0.0
20.3833 0.0
20.4 0.0
20.4167 0.0
20.4333 0.0
20.45 0.0
20.4667 0.0
20.4833 0.0
20.5 0.0
20.5167 0.0
20.5333 0.0
20.55 0.0
20.5667 0.0
20.5833 0.0
20.6 0.0
20.6167 0.0
20.6333 0.0
20.65 0.0
20.6667 0.0
20.6833 0.0
20.7 0.0
20.7167 0.0
20.7333 0.0
20.75 0.0
20.7667 0.0
20.7833 0.0
20.8 0.0
20.8167 0.0
20.8333 0.0
20.85 0.0
20.8667 0.0
20.8833 0.0
20.9 0.0
20.9167 0.0
20.9333 0.0
20.95 0.0
20.9667 0.0
20.9833 0.0
21.0 0.0
21.0167 0.0
21.0333 0.0
21.05 0.0
21.0667 0.0
21.0833 0.0
21.1 0.0
21.1167 0.0
21.1333 0.0
21.15 0.0
21.1667 0.0
21.1833 0.0
21.2 0.0
21.2167 0.0
21.2333 0.0
21.25 0.0
21.2667 0.0
21.2833 0.0
21.3 0.0
21.3167 0.0
21.3333 0.0
21.35 0.0
21.3667 0.0
21.3833 0.0
21.4 0.0
21.4167 0.0
21.4333 0.0
21.45 0.0
21.4667 0.0
21.4833 0.0
21.5 0.0
21.5167 0.0
21.5333 0.0
21.55 0.0
21.5667 0.0
21.5833 0.0
21.6 0.0
21.6167 0.0
21.6333 0.0
21.65 0.0
21.6667 0.0
21.6833 0.0
21.7 0.0
21.7167 0.0
21.7333 0.0
21.75 0.0
21.7667 0.0
21.7833 0.0
21.8 0.0
21.8167 0.0
21.8333 0.0
21.85 0.0
21.8667 0.0
21.8833 0.0
21.9 0.0
21.9167 0.0
21.9333 0.0
21.95 0.0
21.9667 0.0
21.9833 0.0
22.0 0.0
22.0167 0.0
22.0333 0.0
22.05 0.0
22.0667 0.0
22.0833 0.0
22.1 0.0
22.1167 0.0
22.1333 0.0
22.15 0.0
22.1667 0.0
22.1833 0.0
22.2 0.0
22.2167 0.0
22.2333 0.0
22.25 0.0
22.2667 0.0
22.2833 0.0
22.3 0.0
22.3167 0.0
22.3333 0.0
22.35 0.0
22.3667 0.0
22.3833 0.0
22.4 0.0
22.4167 0.0
22.4333 0.0
22.45 0.0
22.4667 0.0
22.4833 0.0
22.5 0.0
22.5167 0.0
22.5333 0.0
22.55 0.0
22.5667 0.0
22.5833 0.0
22.6 0.0
22.6167 0.0
22.6333 0.0
22.65 0.0
22.6667 0.0
22.6833 0.0
22.7 0.0
22.7167 0.0
22.7333 0.0
22.75 0.0
22.7667 0.0
22.7833 0.0
22.8 0.0
22.8167 0.0
22.8333 0.0
22.85 0.0
22.8667 0.0
22.8833 0.0
22.9 0.0
22.9167 0.0
22.9333 0.0
22.95 0.0
22.9667 0.0
22.9833 0.0
23.0 0.0
23.0167 0.0
23.0333 0.0
23.05 0.0
23.0667 0.0
23.0833 0.0
23.1 0.0
23.1167 0.0
23.1333 0.0
23.15 0.0
23.1667 0.0
23.1833 0.0
23.2 0.0
23.2167 0.0
23.2333 0.0
23.25 0.0
23.2667 0.0
23.2833 0.0
23.3 0.0
23.3167 0.0
23.3333 0.0
23.35 0.0
23.3667 0.0
23.3833 0.0
23.4 0.0
23.4167 0.0
23.4333 0.0
23.45 0.0
23.4667 0.0
23.4833 0.0
23.5 0.0
23.5167 0.0
23.5333 0.0
23.55 0.0
23.5667 0.0
23.5833 0.0
23.6 0.0
23.6167 0.0
23.6333 0.0
23.65 0.0
23.6667 0.0
23.6833 0.0
23.7 0.0
23.7167 0.0
23.7333 0.0
23.75 0.0
23.7667 0.0
23.7833 0.0
23.8 0.0
23.8167 0.0
23.8333 0.0
23.85 0.0
23.8667 0.0
23.8833 0.0
23.9 0.0
23.9167 0.0
23.9333 0.0
23.95 0.0
23.9667 0.0
23.9833 0.0
