0.0 0.0
0.0167 0.0
0.0333 0.0
0.05 0.0
0.0667 0.0
0.0833 0.0
0.1 0.0
0.1167 0.0
0.1333 0.0
0.15 0.0
0.1667 0.0
0.1833 0.0
0.2 0.0
0.2167 0.0
0.2333 0.0
0.25 0.0
0.2667 0.0
0.2833 0.0
0.3 0.0
0.3167 0.0
0.3333 0.0
0.35 0.0
0.3667 0.0
0.3833 0.0
0.4 0.0
0.4167 0.0
0.4333 0.0
0.45 0.0
0.4667 0.0
0.4833 0.0
0.5 0.0
0.5167 0.0
0.5333 0.0
0.55 0.0
0.5667 0.0
0.5833 0.0
0.6 0.0
0.6167 0.0
0.6333 0.0
0.65 0.0
0.6667 0.0
0.6833 0.0
0.7 0.0
0.7167 0.0
0.7333 0.0
0.75 0.0
0.7667 0.0
0.7833 0.0
0.8 0.0
0.8167 0.0
0.8333 0.0
0.85 0.0
0.8667 0.0
0.8833 0.0
0.9 0.0
0.9167 0.0
0.9333 0.0
0.95 0.0
0.9667 0.0
0.9833 0.0
1.0 0.0
1.0167 0.0
1.0333 0.0
1.05 0.0
1.0667 0.0
1.0833 0.0
1.1 0.0
1.1167 0.0
1.1333 0.0
1.15 0.0
1.1667 0.0
1.1833 0.0
1.2 0.0
1.2167 0.0
1.2333 0.0
1.25 0.0
1.2667 0.0
1.2833 0.0
1.3 0.0
1.3167 0.0
1.3333 0.0
1.35 0.0
1.3667 0.0
1.3833 0.0
1.4 0.0
1.4167 0.0
1.4333 0.0
1.45 0.0
1.4667 0.0
1.4833 0.0
1.5 0.0
1.5167 0.0
1.5333 0.0
1.55 0.0
1.5667 0.0
1.5833 0.0
1.6 0.0
1.6167 0.0
1.6333 0.0
1.65 0.0
1.6667 0.0
1.6833 0.0
1.7 0.0
1.7167 0.0
1.7333 0.0
1.75 0.0
1.7667 0.0
1.7833 0.0
1.8 0.0
1.8167 0.0
1.8333 0.0
1.85 0.0
1.8667 0.0
1.8833 0.0
1.9 0.0
1.9167 0.0
1.9333 0.0
1.95 0.0
1.9667 0.0
1.9833 0.0
2.0 0.0
2.0167 0.0
2.0333 0.0
2.05 0.0
2.0667 0.0
2.0833 0.0
2.1 0.0
2.1167 0.0
2.1333 0.0
2.15 0.0
2.1667 0.0
2.1833 0.0
2.2 0.0
2.2167 0.0
2.2333 0.0
2.25 0.0
2.2667 0.0
2.2833 0.0
2.3 0.0
2.3167 0.0
2.3333 0.0
2.35 0.0
2.3667 0.0
2.3833 0.0
2.4 0.0
2.4167 0.0
2.4333 0.0
2.45 0.0
2.4667 0.0
2.4833 0.0
2.5 0.0
2.5167 0.0
2.5333 0.0
2.55 0.0
2.5667 0.0
2.5833 0.0
2.6 0.0
2.6167 0.0
2.6333 0.0
2.65 0.0
2.6667 0.0
2.6833 0.0
2.7 0.0
2.7167 0.0
2.7333 0.0
2.75 0.0
2.7667 0.0
2.7833 0.0
2.8 0.0
2.8167 0.0
2.8333 0.0
2.85 0.0
2.8667 0.0
2.8833 0.0
2.9 0.0
2.9167 0.0
2.9333 0.0
2.95 0.0
2.9667 0.0
2.9833 0.0
3.0 0.0
3.0167 0.0
3.0333 0.0
3.05 0.0
3.0667 0.0
3.0833 0.0
3.1 0.0
3.1167 0.0
3.1333 0.0
3.15 0.0
3.1667 0.0
3.1833 0.0
3.2 0.0
3.2167 0.0
3.2333 0.0
3.25 0.0
3.2667 0.0
3.2833 0.0
3.3 0.0
3.3167 0.0
3.3333 0.0
3.35 0.0
3.3667 0.0
3.3833 0.0
3.4 0.0
3.4167 0.0
3.4333 0.0
3.45 0.0
3.4667 0.0
3.4833 0.0
3.5 0.0
3.5167 0.0
3.5333 0.0
3.55 0.0
3.5667 0.0
3.5833 0.0
3.6 0.0
3.6167 0.0
3.6333 0.0
3.65 0.0
3.6667 0.0
3.6833 0.0
3.7 0.0
3.7167 0.0
3.7333 0.0
3.75 0.0
3.7667 0.0
3.7833 0.0
3.8 0.0
3.8167 0.0
3.8333 0.0
3.85 0.0
3.8667 0.0
3.8833 0.0
3.9 0.0
3.9167 0.0
3.9333 0.0
3.95 0.0
3.9667 0.0
3.9833 0.0
4.0 0.0
4.0167 0.0
4.0333 0.0
4.05 0.0
4.0667 0.0
4.0833 0.0
4.1 0.0
4.1167 0.0
4.1333 0.0
4.15 0.0
4.1667 0.0
4.1833 0.0
4.2 0.0
4.2167 0.0
4.2333 0.0
4.25 0.0
4.2667 0.0
4.2833 0.0
4.3 0.0
4.3167 0.0
4.3333 0.0
4.35 0.0
4.3667 0.0
4.3833 0.0
4.4 0.0
4.4167 0.0
4.4333 0.0
4.45 0.0
4.4667 0.0
4.4833 0.0
4.5 0.0
4.5167 0.0
4.5333 0.0
4.55 0.0
4.5667 0.0
4.5833 0.0
4.6 0.0
4.6167 0.0
4.6333 0.0
4.65 0.0
4.6667 0.0
4.6833 0.0
4.7 0.0
4.7167 0.0
4.7333 0.0
4.75 0.0
4.7667 0.0
4.7833 0.0
4.8 0.0
4.8167 0.0
4.8333 0.0
4.85 0.0
4.8667 0.0
4.8833 0.0
4.9 0.0
4.9167 0.0
4.9333 0.0
4.95 0.0
4.9667 0.0
4.9833 0.0
5.0 0.0
5.0167 0.0
5.0333 0.0
5.05 0.0
5.0667 0.0
5.0833 0.0
5.1 0.0
5.1167 0.0
5.1333 0.0
5.15 0.0
5.1667 0.0
5.1833 0.0
5.2 0.0
5.2167 0.0
5.2333 0.0
5.25 0.0
5.2667 0.0
5.2833 0.0
5.3 0.0
5.3167 0.0
5.3333 0.0
5.35 0.0
5.3667 0.0
5.3833 1.482e-15
5.4 1.035e-11
5.4167 2.095e-09
5.4333 1.135e-07
5.45 1.753e-06
5.4667 1.31e-05
5.4833 5.012e-05
5.5 0.0001218
5.5167 0.0002305
5.5333 0.000388
5.55 0.0006088
5.5667 0.0009052
5.5833 0.001324
5.6 0.001908
5.6167 0.002639
5.6333 0.003657
5.65 0.004891
5.6667 0.006516
5.6833 0.008672
5.7 0.01125
5.7167 0.01451
5.7333 0.01863
5.75 0.02364
5.7667 0.02959
5.7833 0.03734
5.8 0.04685
5.8167 0.05768
5.8333 0.07092
5.85 0.08761
5.8667 0.1054
5.8833 0.1263
5.9 0.1506
5.9167 0.1785
5.9333 0.2105
5.95 0.2481
5.9667 0.2821
5.9833 0.3261
6.0 0.3712
6.0167 0.424
6.0333 0.4718
6.05 0.5283
6.0667 0.5949
6.0833 0.6718
6.1 0.7381
6.1167 0.8087
6.1333 0.8833
6.15 0.9612
6.1667 1.042
6.1833 1.127
6.2 1.214
6.2167 1.304
6.2333 1.397
6.25 1.492
6.2667 1.59
6.2833 1.69
6.3 1.793
6.3167 1.898
6.3333 2.005
6.35 2.115
6.3667 2.227
6.3833 2.341
6.4 2.458
6.4167 2.576
6.4333 2.697
6.45 2.821
6.4667 2.946
6.4833 3.074
6.5 3.205
6.5167 3.337
6.5333 3.472
6.55 3.609
6.5667 3.748
6.5833 3.89
6.6 4.033
6.6167 4.179
6.6333 4.328
6.65 4.479
6.6667 4.631
6.6833 4.787
6.7 4.944
6.7167 5.103
6.7333 5.265
6.75 5.429
6.7667 5.595
6.7833 5.763
6.8 5.933
6.8167 6.105
6.8333 6.279
6.85 6.455
6.8667 6.633
6.8833 6.813
6.9 6.995
6.9167 7.179
6.9333 7.365
6.95 7.552
6.9667 7.742
6.9833 7.933
7.0 8.125
7.0167 8.32
7.0333 8.516
7.05 8.714
7.0667 8.913
7.0833 9.114
7.1 9.317
7.1167 9.521
7.1333 9.726
7.15 9.933
7.1667 10.14
7.1833 10.35
7.2 10.56
7.2167 10.77
7.2333 10.99
7.25 11.2
7.2667 11.42
7.2833 11.64
7.3 11.86
7.3167 12.08
7.3333 12.3
7.35 12.52
7.3667 12.74
7.3833 12.96
7.4 13.19
7.4167 13.42
7.4333 13.64
7.45 13.87
7.4667 14.1
7.4833 14.33
7.5 14.56
7.5167 14.79
7.5333 15.02
7.55 15.26
7.5667 15.49
7.5833 15.72
7.6 15.96
7.6167 16.2
7.6333 16.43
7.65 16.67
7.6667 16.91
7.6833 17.14
7.7 17.38
7.7167 17.62
7.7333 17.86
7.75 18.1
7.7667 18.34
7.7833 18.59
7.8 18.83
7.8167 19.07
7.8333 19.31
7.85 19.56
7.8667 19.8
7.8833 20.04
7.9 20.29
7.9167 20.53
7.9333 20.78
7.95 21.02
7.9667 21.27
7.9833 21.51
8.0 21.76
8.0167 22.01
8.0333 22.25
8.05 22.5
8.0667 22.75
8.0833 22.99
8.1 23.24
8.1167 23.49
8.1333 23.73
8.15 23.98
8.1667 24.23
8.1833 24.48
8.2 24.72
8.2167 24.97
8.2333 25.22
8.25 25.47
8.2667 25.72
8.2833 25.96
8.3 26.21
8.3167 26.46
8.3333 26.71
8.35 26.95
8.3667 27.2
8.3833 27.45
8.4 27.69
8.4167 27.94
8.4333 28.19
8.45 28.44
8.4667 28.68
8.4833 28.93
8.5 29.17
8.5167 29.42
8.5333 29.67
8.55 29.91
8.5667 30.16
8.5833 30.4
8.6 30.65
8.6167 30.89
8.6333 31.14
8.65 31.38
8.6667 31.62
8.6833 31.87
8.7 32.11
8.7167 32.35
8.7333 32.6
8.75 32.84
8.7667 33.08
8.7833 33.32
8.8 33.56
8.8167 33.8
8.8333 34.04
8.85 34.28
8.8667 34.52
8.8833 34.76
8.9 35.0
8.9167 35.24
8.9333 35.48
8.95 35.71
8.9667 35.95
8.9833 36.19
9.0 36.42
9.0167 36.66
9.0333 36.89
9.05 37.13
9.0667 37.36
9.0833 37.59
9.1 37.83
9.1167 38.06
9.1333 38.29
9.15 38.52
9.1667 38.75
9.1833 38.98
9.2 39.21
9.2167 39.44
9.2333 39.67
9.25 39.89
9.2667 40.12
9.2833 40.35
9.3 40.57
9.3167 40.8
9.3333 41.02
9.35 41.25
9.3667 41.47
9.3833 41.69
9.4 41.91
9.4167 42.13
9.4333 42.35
9.45 42.57
9.4667 42.79
9.4833 43.01
9.5 43.23
9.5167 43.44
9.5333 43.66
9.55 43.87
9.5667 44.09
9.5833 44.3
9.6 44.51
9.6167 44.73
9.6333 44.94
9.65 45.15
9.6667 45.36
9.6833 45.57
9.7 45.77
9.7167 45.98
9.7333 46.19
9.75 46.39
9.7667 46.6
9.7833 46.8
9.8 47.0
9.8167 47.21
9.8333 47.41
9.85 47.61
9.8667 47.81
9.8833 48.01
9.9 48.21
9.9167 48.4
9.9333 48.6
9.95 48.79
9.9667 48.99
9.9833 49.18
10.0 49.37
10.0167 49.57
10.0333 49.76
10.05 49.95
10.0667 50.13
10.0833 50.32
10.1 50.51
10.1167 50.7
10.1333 50.88
10.15 51.06
10.1667 51.25
10.1833 51.43
10.2 51.61
10.2167 51.79
10.2333 51.97
10.25 52.15
10.2667 52.32
10.2833 52.5
10.3 52.68
10.3167 52.85
10.3333 53.02
10.35 53.2
10.3667 53.37
10.3833 53.54
10.4 53.71
10.4167 53.87
10.4333 54.04
10.45 54.21
10.4667 54.37
10.4833 54.54
10.5 54.7
10.5167 54.86
10.5333 55.02
10.55 55.18
10.5667 55.34
10.5833 55.5
10.6 55.65
10.6167 55.81
10.6333 55.96
10.65 56.11
10.6667 56.27
10.6833 56.42
10.7 56.57
10.7167 56.72
10.7333 56.86
10.75 57.01
10.7667 57.15
10.7833 57.3
10.8 57.44
10.8167 57.58
10.8333 57.72
10.85 57.86
10.8667 58.0
10.8833 58.14
10.9 58.27
10.9167 58.41
10.9333 58.54
10.95 58.67
10.9667 58.81
10.9833 58.94
11.0 59.07
11.0167 59.19
11.0333 59.32
11.05 59.45
11.0667 59.57
11.0833 59.69
11.1 59.82
11.1167 59.94
11.1333 60.06
11.15 60.17
11.1667 60.29
11.1833 60.41
11.2 60.52
11.2167 60.64
11.2333 60.75
11.25 60.86
11.2667 60.97
11.2833 61.08
11.3 61.18
11.3167 61.29
11.3333 61.4
11.35 61.5
11.3667 61.6
11.3833 61.7
11.4 61.8
11.4167 61.9
11.4333 62.0
11.45 62.1
11.4667 62.19
11.4833 62.28
11.5 62.38
11.5167 62.47
11.5333 62.56
11.55 62.65
11.5667 62.73
11.5833 62.82
11.6 62.9
11.6167 62.99
11.6333 63.07
11.65 63.15
11.6667 63.23
11.6833 63.31
11.7 63.38
11.7167 63.46
11.7333 63.54
11.75 63.61
11.7667 63.68
11.7833 63.75
11.8 63.82
11.8167 63.89
11.8333 63.96
11.85 64.02
11.8667 64.09
11.8833 64.15
11.9 64.21
11.9167 64.27
11.9333 64.33
11.95 64.39
11.9667 64.44
11.9833 64.5
12.0 64.55
12.0167 64.61
12.0333 64.66
12.05 64.71
12.0667 64.75
12.0833 64.8
12.1 64.85
12.1167 64.89
12.1333 64.94
12.15 64.98
12.1667 65.02
12.1833 65.06
12.2 65.09
12.2167 65.13
12.2333 65.17
12.25 65.2
12.2667 65.23
12.2833 65.26
12.3 65.29
12.3167 65.32
12.3333 65.35
12.35 65.38
12.3667 65.4
12.3833 65.42
12.4 65.45
12.4167 65.47
12.4333 65.49
12.45 65.5
12.4667 65.52
12.4833 65.54
12.5 65.55
12.5167 65.56
12.5333 65.57
12.55 65.58
12.5667 65.59
12.5833 65.6
12.6 65.6
12.6167 65.61
12.6333 65.61
12.65 65.61
12.6667 65.61
12.6833 65.61
12.7 65.61
12.7167 65.61
12.7333 65.6
12.75 65.6
12.7667 65.59
12.7833 65.58
12.8 65.57
12.8167 65.56
12.8333 65.55
12.85 65.53
12.8667 65.52
12.8833 65.5
12.9 65.48
12.9167 65.46
12.9333 65.44
12.95 65.42
12.9667 65.39
12.9833 65.37
13.0 65.34
13.0167 65.32
13.0333 65.29
13.05 65.26
13.0667 65.23
13.0833 65.19
13.1 65.16
13.1167 65.12
13.1333 65.08
13.15 65.05
13.1667 65.01
13.1833 64.97
13.2 64.92
13.2167 64.88
13.2333 64.84
13.25 64.79
13.2667 64.74
13.2833 64.69
13.3 64.64
13.3167 64.59
13.3333 64.54
13.35 64.49
13.3667 64.43
13.3833 64.37
13.4 64.31
13.4167 64.26
13.4333 64.19
13.45 64.13
13.4667 64.07
13.4833 64.01
13.5 63.94
13.5167 63.87
13.5333 63.8
13.55 63.73
13.5667 63.66
13.5833 63.59
13.6 63.52
13.6167 63.44
13.6333 63.37
13.65 63.29
13.6667 63.21
13.6833 63.13
13.7 63.05
13.7167 62.96
13.7333 62.88
13.75 62.8
13.7667 62.71
13.7833 62.62
13.8 62.53
13.8167 62.44
13.8333 62.35
13.85 62.26
13.8667 62.17
13.8833 62.07
13.9 61.97
13.9167 61.88
13.9333 61.78
13.95 61.68
13.9667 61.57
13.9833 61.47
14.0 61.37
14.0167 61.26
14.0333 61.16
14.05 61.05
14.0667 60.94
14.0833 60.83
14.1 60.72
14.1167 60.61
14.1333 60.49
14.15 60.38
14.1667 60.26
14.1833 60.14
14.2 60.02
14.2167 59.9
14.2333 59.78
14.25 59.66
14.2667 59.54
14.2833 59.41
14.3 59.29
14.3167 59.16
14.3333 59.03
14.35 58.9
14.3667 58.77
14.3833 58.64
14.4 58.51
14.4167 58.37
14.4333 58.24
14.45 58.1
14.4667 57.96
14.4833 57.83
14.5 57.69
14.5167 57.55
14.5333 57.4
14.55 57.26
14.5667 57.12
14.5833 56.97
14.6 56.82
14.6167 56.67
14.6333 56.53
14.65 56.38
14.6667 56.23
14.6833 56.07
14.7 55.92
14.7167 55.77
14.7333 55.61
14.75 55.45
14.7667 55.3
14.7833 55.14
14.8 54.98
14.8167 54.82
14.8333 54.65
14.85 54.49
14.8667 54.33
14.8833 54.16
14.9 54.0
14.9167 53.83
14.9333 53.66
14.95 53.49
14.9667 53.32
14.9833 53.15
15.0 52.98
15.0167 52.8
15.0333 52.63
15.05 52.45
15.0667 52.28
15.0833 52.1
15.1 51.92
15.1167 51.74
15.1333 51.56
15.15 51.38
15.1667 51.2
15.1833 51.01
15.2 50.83
15.2167 50.64
15.2333 50.46
15.25 50.27
15.2667 50.08
15.2833 49.9
15.3 49.71
15.3167 49.51
15.3333 49.32
15.35 49.13
15.3667 48.94
15.3833 48.74
15.4 48.55
15.4167 48.35
15.4333 48.15
15.45 47.95
15.4667 47.75
15.4833 47.55
15.5 47.35
15.5167 47.15
15.5333 46.95
15.55 46.75
15.5667 46.54
15.5833 46.34
15.6 46.13
15.6167 45.93
15.6333 45.72
15.65 45.51
15.6667 45.3
15.6833 45.09
15.7 44.88
15.7167 44.67
15.7333 44.46
15.75 44.24
15.7667 44.03
15.7833 43.82
15.8 43.6
15.8167 43.38
15.8333 43.17
15.85 42.95
15.8667 42.73
15.8833 42.51
15.9 42.29
15.9167 42.07
15.9333 41.85
15.95 41.63
15.9667 41.41
15.9833 41.18
16.0 40.96
16.0167 40.74
16.0333 40.51
16.05 40.29
16.0667 40.06
16.0833 39.83
16.1 39.6
16.1167 39.38
16.1333 39.15
16.15 38.92
16.1667 38.69
16.1833 38.46
16.2 38.23
16.2167 37.99
16.2333 37.76
16.25 37.53
16.2667 37.3
16.2833 37.06
16.3 36.83
16.3167 36.59
16.3333 36.36
16.35 36.12
16.3667 35.89
16.3833 35.65
16.4 35.41
16.4167 35.17
16.4333 34.93
16.45 34.7
16.4667 34.46
16.4833 34.22
16.5 33.98
16.5167 33.74
16.5333 33.5
16.55 33.26
16.5667 33.01
16.5833 32.77
16.6 32.53
16.6167 32.29
16.6333 32.04
16.65 31.8
16.6667 31.56
16.6833 31.31
16.7 31.07
16.7167 30.82
16.7333 30.58
16.75 30.33
16.7667 30.09
16.7833 29.84
16.8 29.6
16.8167 29.35
16.8333 29.11
16.85 28.86
16.8667 28.61
16.8833 28.37
16.9 28.12
16.9167 27.87
16.9333 27.63
16.95 27.38
16.9667 27.13
16.9833 26.88
17.0 26.64
17.0167 26.39
17.0333 26.14
17.05 25.89
17.0667 25.65
17.0833 25.4
17.1 25.15
17.1167 24.9
17.1333 24.66
17.15 24.41
17.1667 24.16
17.1833 23.91
17.2 23.66
17.2167 23.42
17.2333 23.17
17.25 22.92
17.2667 22.68
17.2833 22.43
17.3 22.18
17.3167 21.94
17.3333 21.69
17.35 21.44
17.3667 21.2
17.3833 20.95
17.4 20.71
17.4167 20.46
17.4333 20.22
17.45 19.97
17.4667 19.73
17.4833 19.49
17.5 19.24
17.5167 19.0
17.5333 18.76
17.55 18.52
17.5667 18.28
17.5833 18.04
17.6 17.79
17.6167 17.55
17.6333 17.32
17.65 17.08
17.6667 16.84
17.6833 16.6
17.7 16.36
17.7167 16.13
17.7333 15.89
17.75 15.66
17.7667 15.42
17.7833 15.19
17.8 14.96
17.8167 14.72
17.8333 14.49
17.85 14.26
17.8667 14.03
17.8833 13.8
17.9 13.58
17.9167 13.35
17.9333 13.12
17.95 12.9
17.9667 12.68
17.9833 12.45
18.0 12.23
18.0167 12.01
18.0333 11.79
18.05 11.57
18.0667 11.36
18.0833 11.14
18.1 10.93
18.1167 10.71
18.1333 10.5
18.15 10.29
18.1667 10.08
18.1833 9.872
18.2 9.666
18.2167 9.461
18.2333 9.257
18.25 9.055
18.2667 8.854
18.2833 8.656
18.3 8.458
18.3167 8.262
18.3333 8.068
18.35 7.876
18.3667 7.685
18.3833 7.497
18.4 7.31
18.4167 7.124
18.4333 6.941
18.45 6.76
18.4667 6.58
18.4833 6.402
18.5 6.227
18.5167 6.053
18.5333 5.882
18.55 5.712
18.5667 5.545
18.5833 5.379
18.6 5.216
18.6167 5.055
18.6333 4.896
18.65 4.74
18.6667 4.585
18.6833 4.433
18.7 4.283
18.7167 4.135
18.7333 3.99
18.75 3.847
18.7667 3.706
18.7833 3.567
18.8 3.431
18.8167 3.297
18.8333 3.165
18.85 3.035
18.8667 2.908
18.8833 2.783
18.9 2.66
18.9167 2.54
18.9333 2.422
18.95 2.306
18.9667 2.192
18.9833 2.081
19.0 1.972
19.0167 1.865
19.0333 1.761
19.05 1.659
19.0667 1.559
19.0833 1.462
19.1 1.368
19.1167 1.276
19.1333 1.187
19.15 1.1
19.1667 1.017
19.1833 0.9367
19.2 0.8597
19.2167 0.7863
19.2333 0.717
19.25 0.6475
19.2667 0.573
19.2833 0.5097
19.3 0.456
19.3167 0.4106
19.3333 0.3548
19.35 0.3149
19.3667 0.2697
19.3833 0.2334
19.4 0.2026
19.4167 0.1711
19.4333 0.144
19.45 0.1207
19.4667 0.1007
19.4833 0.08123
19.5 0.06659
19.5167 0.05466
19.5333 0.04338
19.55 0.03469
19.5667 0.02779
19.5833 0.02179
19.6 0.01704
19.6167 0.01326
19.6333 0.01026
19.65 0.00788
19.6667 0.006012
19.6833 0.00445
19.7 0.003289
19.7167 0.002386
19.7333 0.001697
19.75 0.001173
19.7667 0.0007987
19.7833 0.0005301
19.8 0.0003303
19.8167 0.0001902
19.8333 9.494e-05
19.85 3.472e-05
19.8667 7.214e-06
19.8833 8.145e-07
19.9 3.463e-08
19.9167 4.502e-10
19.9333 1.052e-12
19.95 6.361e-30
19.9667 0.0
19.9833 0.0
20.0 0.0
20.0167 0.0
20.0333 0.0
20.05 0.0
20.0667 0.0
20.0833 0.0
20.1 0.0
20.1167 0.0
20.1333 0.0
20.15 0.0
20.1667 0.0
20.1833 0.0
20.2 0.0
20.2167 0.0
20.2333 0.0
20.25 0.0
20.2667 0.0
20.2833 0.0
20.3 0.0
20.3167 0.0
20.3333 0.0
20.35 0.0
20.3667 0.0
20.3833 0.0
20.4 0.0
20.4167 0.0
20.4333 0.0
20.45 0.0
20.4667 0.0
20.4833 0.0
20.5 0.0
20.5167 0.0
20.5333 0.0
20.55 0.0
20.5667 0.0
20.5833 0.0
20.6 0.0
20.6167 0.0
20.6333 0.0
20.65 0.0
20.6667 0.0
20.6833 0.0
20.7 0.0
20.7167 0.0
20.7333 0.0
20.75 0.0
20.7667 0.0
20.7833 0.0
20.8 0.0
20.8167 0.0
20.8333 0.0
20.85 0.0
20.8667 0.0
20.8833 0.0
20.9 0.0
20.9167 0.0
20.9333 0.0
20.95 0.0
20.9667 0.0
20.9833 0.0
21.0 0.0
21.0167 0.0
21.0333 0.0
21.05 0.0
21.0667 0.0
21.0833 0.0
21.1 0.0
21.1167 0.0
21.1333 0.0
21.15 0.0
21.1667 0.0
21.1833 0.0
21.2 0.0
21.2167 0.0
21.2333 0.0
21.25 0.0
21.2667 0.0
21.2833 0.0
21.3 0.0
21.3167 0.0
21.3333 0.0
21.35 0.0
21.3667 0.0
21.3833 0.0
21.4 0.0
21.4167 0.0
21.4333 0.0
21.45 0.0
21.4667 0.0
21.4833 0.0
21.5 0.0
21.5167 0.0
21.5333 0.0
21.55 0.0
21.5667 0.0
21.5833 0.0
21.6 0.0
21.6167 0.0
21.6333 0.0
21.65 0.0
21.6667 0.0
21.6833 0.0
21.7 0.0
21.7167 0.0
21.7333 0.0
21.75 0.0
21.7667 0.0
21.7833 0.0
21.8 0.0
21.8167 0.0
21.8333 0.0
21.85 0.0
21.8667 0.0
21.8833 0.0
21.9 0.0
21.9167 0.0
21.9333 0.0
21.95 0.0
21.9667 0.0
21.9833 0.0
22.0 0.0
22.0167 0.0
22.0333 0.0
22.05 0.0
22.0667 0.0
22.0833 0.0
22.1 0.0
22.1167 0.0
22.1333 0.0
22.15 0.0
22.1667 0.0
22.1833 0.0
22.2 0.0
22.2167 0.0
22.2333 0.0
22.25 0.0
22.2667 0.0
22.2833 0.0
22.3 0.0
22.3167 0.0
22.3333 0.0
22.35 0.0
22.3667 0.0
22.3833 0.0
22.4 0.0
22.4167 0.0
22.4333 0.0
22.45 0.0
22.4667 0.0
22.4833 0.0
22.5 0.0
22.5167 0.0
22.5333 0.0
22.55 0.0
22.5667 0.0
22.5833 0.0
22.6 0.0
22.6167 0.0
22.6333 0.0
22.65 0.0
22.6667 0.0
22.6833 0.0
22.7 0.0
22.7167 0.0
22.7333 0.0
22.75 0.0
22.7667 0.0
22.7833 0.0
22.8 0.0
22.8167 0.0
22.8333 0.0
22.85 0.0
22.8667 0.0
22.8833 0.0
22.9 0.0
22.9167 0.0
22.9333 0.0
22.95 0.0
22.9667 0.0
22.9833 0.0
23.0 0.0
23.0167 0.0
23.0333 0.0
23.05 0.0
23.0667 0.0
23.0833 0.0
23.1 0.0
23.1167 0.0
23.1333 0.0
23.15 0.0
23.1667 0.0
23.1833 0.0
23.2 0.0
23.2167 0.0
23.2333 0.0
23.25 0.0
23.2667 0.0
23.2833 0.0
23.3 0.0
23.3167 0.0
23.3333 0.0
23.35 0.0
23.3667 0.0
23.3833 0.0
23.4 0.0
23.4167 0.0
23.4333 0.0
23.45 0.0
23.4667 0.0
23.4833 0.0
23.5 0.0
23.5167 0.0
23.5333 0.0
23.55 0.0
23.5667 0.0
23.5833 0.0
23.6 0.0
23.6167 0.0
23.6333 0.0
23.65 0.0
23.6667 0.0
23.6833 0.0
23.7 0.0
23.7167 0.0
23.7333 0.0
23.75 0.0
23.7667 0.0
23.7833 0.0
23.8 0.0
23.8167 0.0
23.8333 0.0
23.85 0.0
23.8667 0.0
23.8833 0.0
23.9 0.0
23.9167 0.0
23.9333 0.0
23.95 0.0
23.9667 0.0
23.9833 0.0
