0.0 0.0
0.0167 0.0
0.0333 0.0
0.05 0.0
0.0667 0.0
0.0833 0.0
0.1 0.0
0.1167 0.0
0.1333 0.0
0.15 0.0
0.1667 0.0
0.1833 0.0
0.2 0.0
0.2167 0.0
0.2333 0.0
0.25 0.0
0.2667 0.0
0.2833 0.0
0.3 0.0
0.3167 0.0
0.3333 0.0
0.35 0.0
0.3667 0.0
0.3833 0.0
0.4 0.0
0.4167 0.0
0.4333 0.0
0.45 0.0
0.4667 0.0
0.4833 0.0
0.5 0.0
0.5167 0.0
0.5333 0.0
0.55 0.0
0.5667 0.0
0.5833 0.0
0.6 0.0
0.6167 0.0
0.6333 0.0
0.65 0.0
0.6667 0.0
0.6833 0.0
0.7 0.0
0.7167 0.0
0.7333 0.0
0.75 0.0
0.7667 0.0
0.7833 0.0
0.8 0.0
0.8167 0.0
0.8333 0.0
0.85 0.0
0.8667 0.0
0.8833 0.0
0.9 0.0
0.9167 0.0
0.9333 0.0
0.95 0.0
0.9667 0.0
0.9833 0.0
1.0 0.0
1.0167 0.0
1.0333 0.0
1.05 0.0
1.0667 0.0
1.0833 0.0
1.1 0.0
1.1167 0.0
1.1333 0.0
1.15 0.0
1.1667 0.0
1.1833 0.0
1.2 0.0
1.2167 0.0
1.2333 0.0
1.25 0.0
1.2667 0.0
1.2833 0.0
1.3 0.0
1.3167 0.0
1.3333 0.0
1.35 0.0
1.3667 0.0
1.3833 0.0
1.4 0.0
1.4167 0.0
1.4333 0.0
1.45 0.0
1.4667 0.0
1.4833 0.0
1.5 0.0
1.5167 0.0
1.5333 0.0
1.55 0.0
1.5667 0.0
1.5833 0.0
1.6 0.0
1.6167 0.0
1.6333 0.0
1.65 0.0
1.6667 0.0
1.6833 0.0
1.7 0.0
1.7167 0.0
1.7333 0.0
1.75 0.0
1.7667 0.0
1.7833 0.0
1.8 0.0
1.8167 0.0
1.8333 0.0
1.85 0.0
1.8667 0.0
1.8833 0.0
1.9 0.0
1.9167 0.0
1.9333 0.0
1.95 0.0
1.9667 0.0
1.9833 0.0
2.0 0.0
2.0167 0.0
2.0333 0.0
2.05 0.0
2.0667 0.0
2.0833 0.0
2.1 0.0
2.1167 0.0
2.1333 0.0
2.15 0.0
2.1667 0.0
2.1833 0.0
2.2 0.0
2.2167 0.0
2.2333 0.0
2.25 0.0
2.2667 0.0
2.2833 0.0
2.3 0.0
2.3167 0.0
2.3333 0.0
2.35 0.0
2.3667 0.0
2.3833 0.0
2.4 0.0
2.4167 0.0
2.4333 0.0
2.45 0.0
2.4667 0.0
2.4833 0.0
2.5 0.0
2.5167 0.0
2.5333 0.0
2.55 0.0
2.5667 0.0
2.5833 0.0
2.6 0.0
2.6167 0.0
2.6333 0.0
2.65 0.0
2.6667 0.0
2.6833 0.0
2.7 0.0
2.7167 0.0
2.7333 0.0
2.75 0.0
2.7667 0.0
2.7833 0.0
2.8 0.0
2.8167 0.0
2.8333 0.0
2.85 0.0
2.8667 0.0
2.8833 0.0
2.9 0.0
2.9167 0.0
2.9333 0.0
2.95 0.0
2.9667 0.0
2.9833 0.0
3.0 0.0
3.0167 0.0
3.0333 0.0
3.05 0.0
3.0667 0.0
3.0833 0.0
3.1 0.0
3.1167 0.0
3.1333 0.0
3.15 0.0
3.1667 0.0
3.1833 0.0
3.2 0.0
3.2167 0.0
3.2333 0.0
3.25 0.0
3.2667 0.0
3.2833 0.0
3.3 0.0
3.3167 0.0
3.3333 0.0
3.35 0.0
3.3667 0.0
3.3833 0.0
3.4 0.0
3.4167 0.0
3.4333 0.0
3.45 0.0
3.4667 0.0
3.4833 0.0
3.5 0.0
3.5167 0.0
3.5333 0.0
3.55 0.0
3.5667 0.0
3.5833 0.0
3.6 0.0
3.6167 0.0
3.6333 0.0
3.65 0.0
3.6667 0.0
3.6833 0.0
3.7 0.0
3.7167 0.0
3.7333 0.0
3.75 0.0
3.7667 0.0
3.7833 0.0
3.8 0.0
3.8167 0.0
3.8333 0.0
3.85 0.0
3.8667 0.0
3.8833 0.0
3.9 0.0
3.9167 0.0
3.9333 0.0
3.95 0.0
3.9667 0.0
3.9833 0.0
4.0 0.0
4.0167 0.0
4.0333 0.0
4.05 0.0
4.0667 0.0
4.0833 0.0
4.1 0.0
4.1167 0.0
4.1333 0.0
4.15 0.0
4.1667 0.0
4.1833 0.0
4.2 0.0
4.2167 0.0
4.2333 0.0
4.25 0.0
4.2667 0.0
4.2833 0.0
4.3 0.0
4.3167 0.0
4.3333 0.0
4.35 0.0
4.3667 0.0
4.3833 0.0
4.4 0.0
4.4167 0.0
4.4333 0.0
4.45 0.0
4.4667 0.0
4.4833 0.0
4.5 0.0
4.5167 0.0
4.5333 0.0
4.55 0.0
4.5667 0.0
4.5833 0.0
4.6 0.0
4.6167 0.0
4.6333 0.0
4.65 0.0
4.6667 0.0
4.6833 0.0
4.7 0.0
4.7167 0.0
4.7333 0.0
4.75 0.0
4.7667 0.0
4.7833 0.0
4.8 0.0
4.8167 0.0
4.8333 0.0
4.85 0.0
4.8667 0.0
4.8833 0.0
4.9 0.0
4.9167 0.0
4.9333 0.0
4.95 0.0
4.9667 0.0
4.9833 0.0
5.0 0.0
5.0167 0.0
5.0333 0.0
5.05 0.0
5.0667 0.0
5.0833 0.0
5.1 0.0
5.1167 0.0
5.1333 0.0
5.15 0.0
5.1667 0.0
5.1833 0.0
5.2 0.0
5.2167 0.0
5.2333 0.0
5.25 0.0
5.2667 0.0
5.2833 0.0
5.3 0.0
5.3167 0.0
5.3333 0.0
5.35 0.0
5.3667 0.0
5.3833 0.0
5.4 0.0
5.4167 0.0
5.4333 0.0
5.45 0.0
5.4667 0.0
5.4833 0.0
5.5 0.0
5.5167 0.0
5.5333 0.0
5.55 0.0
5.5667 0.0
5.5833 0.0
5.6 0.0
5.6167 0.0
5.6333 0.0
5.65 0.0
5.6667 0.0
5.6833 0.0
5.7 0.0
5.7167 0.0
5.7333 0.0
5.75 0.0
5.7667 0.0
5.7833 0.0
5.8 0.0
5.8167 0.0
5.8333 0.0
5.85 0.0
5.8667 0.0
5.8833 0.0
5.9 0.0
5.9167 0.0
5.9333 0.0
5.95 0.0
5.9667 0.0
5.9833 0.0
6.0 0.0
6.0167 0.0
6.0333 0.0
6.05 0.0
6.0667 0.0
6.0833 0.0
6.1 0.0
6.1167 0.0
6.1333 0.0
6.15 0.0
6.1667 0.0
6.1833 0.0
6.2 0.0
6.2167 0.0
6.2333 0.0
6.25 0.0
6.2667 0.0
6.2833 0.0
6.3 0.0
6.3167 0.0
6.3333 4.846e-13
6.35 3.773e-10
6.3667 3.745e-08
6.3833 9.932e-07
6.4 1.027e-05
6.4167 4.639e-05
6.4333 0.0001193
6.45 0.0002439
6.4667 0.0004216
6.4833 0.0006755
6.5 0.001037
6.5167 0.001541
6.5333 0.002195
6.55 0.003114
6.5667 0.004325
6.5833 0.005864
6.6 0.007827
6.6167 0.01049
6.6333 0.01371
6.65 0.01777
6.6667 0.02292
6.6833 0.02945
6.7 0.03676
6.7167 0.04646
6.7333 0.05886
6.75 0.07208
6.7667 0.08858
6.7833 0.1097
6.8 0.1319
6.8167 0.1578
6.8333 0.1879
6.85 0.2227
6.8667 0.2636
6.8833 0.2991
6.9 0.3476
6.9167 0.3952
6.9333 0.4537
6.95 0.5054
6.9667 0.5665
6.9833 0.6386
7.0 0.722
7.0167 0.7937
7.0333 0.8702
7.05 0.9507
7.0667 1.035
7.0833 1.122
7.1 1.213
7.1167 1.307
7.1333 1.403
7.15 1.503
7.1667 1.605
7.1833 1.709
7.2 1.816
7.2167 1.925
7.2333 2.037
7.25 2.151
7.2667 2.267
7.2833 2.386
7.3 2.506
7.3167 2.629
7.3333 2.754
7.35 2.881
7.3667 3.011
7.3833 3.142
7.4 3.276
7.4167 3.412
7.4333 3.55
7.45 3.69
7.4667 3.832
7.4833 3.976
7.5 4.122
7.5167 4.271
7.5333 4.421
7.55 4.574
7.5667 4.728
7.5833 4.885
7.6 5.043
7.6167 5.204
7.6333 5.367
7.65 5.531
7.6667 5.697
7.6833 5.865
7.7 6.035
7.7167 6.207
7.7333 6.38
7.75 6.555
7.7667 6.732
7.7833 6.911
7.8 7.091
7.8167 7.273
7.8333 7.456
7.85 7.641
7.8667 7.827
7.8833 8.015
7.9 8.204
7.9167 8.395
7.9333 8.587
7.95 8.78
7.9667 8.975
7.9833 9.171
8.0 9.368
8.0167 9.566
8.0333 9.765
8.05 9.966
8.0667 10.17
8.0833 10.37
8.1 10.57
8.1167 10.78
8.1333 10.98
8.15 11.19
8.1667 11.4
8.1833 11.61
8.2 11.81
8.2167 12.02
8.2333 12.23
8.25 12.45
8.2667 12.66
8.2833 12.87
8.3 13.08
8.3167 13.3
8.3333 13.51
8.35 13.73
8.3667 13.94
8.3833 14.16
8.4 14.37
8.4167 14.59
8.4333 14.81
8.45 15.03
8.4667 15.24
8.4833 15.46
8.5 15.68
8.5167 15.9
8.5333 16.12
8.55 16.34
8.5667 16.56
8.5833 16.78
8.6 17.0
8.6167 17.22
8.6333 17.44
8.65 17.66
8.6667 17.88
8.6833 18.1
8.7 18.32
8.7167 18.54
8.7333 18.77
8.75 18.99
8.7667 19.21
8.7833 19.43
8.8 19.65
8.8167 19.87
8.8333 20.09
8.85 20.31
8.8667 20.53
8.8833 20.75
8.9 20.97
8.9167 21.19
8.9333 21.41
8.95 21.63
8.9667 21.85
8.9833 22.07
9.0 22.29
9.0167 22.51
9.0333 22.73
9.05 22.94
9.0667 23.16
9.0833 23.38
9.1 23.6
9.1167 23.81
9.1333 24.03
9.15 24.25
9.1667 24.46
9.1833 24.68
9.2 24.89
9.2167 25.11
9.2333 25.32
9.25 25.53
9.2667 25.75
9.2833 25.96
9.3 26.17
9.3167 26.38
9.3333 26.59
9.35 26.8
9.3667 27.01
9.3833 27.22
9.4 27.43
9.4167 27.64
9.4333 27.85
9.45 28.05
9.4667 28.26
9.4833 28.46
9.5 28.67
9.5167 28.87
9.5333 29.08
9.55 29.28
9.5667 29.48
9.5833 29.68
9.6 29.89
9.6167 30.09
9.6333 30.29
9.65 30.48
9.6667 30.68
9.6833 30.88
9.7 31.08
9.7167 31.27
9.7333 31.47
9.75 31.66
9.7667 31.86
9.7833 32.05
9.8 32.24
9.8167 32.43
9.8333 32.62
9.85 32.81
9.8667 33.0
9.8833 33.19
9.9 33.37
9.9167 33.56
9.9333 33.74
9.95 33.93
9.9667 34.11
9.9833 34.3
10.0 34.48
10.0167 34.66
10.0333 34.84
10.05 35.02
10.0667 35.19
10.0833 35.37
10.1 35.55
10.1167 35.72
10.1333 35.9
10.15 36.07
10.1667 36.24
10.1833 36.41
10.2 36.58
10.2167 36.75
10.2333 36.92
10.25 37.09
10.2667 37.25
10.2833 37.42
10.3 37.58
10.3167 37.75
10.3333 37.91
10.35 38.07
10.3667 38.23
10.3833 38.39
10.4 38.55
10.4167 38.7
10.4333 38.86
10.45 39.02
10.4667 39.17
10.4833 39.32
10.5 39.47
10.5167 39.62
10.5333 39.77
10.55 39.92
10.5667 40.07
10.5833 40.21
10.6 40.36
10.6167 40.5
10.6333 40.64
10.65 40.79
10.6667 40.93
10.6833 41.07
10.7 41.2
10.7167 41.34
10.7333 41.48
10.75 41.61
10.7667 41.74
10.7833 41.88
10.8 42.01
10.8167 42.14
10.8333 42.26
10.85 42.39
10.8667 42.52
10.8833 42.64
10.9 42.77
10.9167 42.89
10.9333 43.01
10.95 43.13
10.9667 43.25
10.9833 43.37
11.0 43.49
11.0167 43.6
11.0333 43.71
11.05 43.83
11.0667 43.94
11.0833 44.05
11.1 44.16
11.1167 44.27
11.1333 44.37
11.15 44.48
11.1667 44.58
11.1833 44.69
11.2 44.79
11.2167 44.89
11.2333 44.99
11.25 45.08
11.2667 45.18
11.2833 45.28
11.3 45.37
11.3167 45.46
11.3333 45.55
11.35 45.64
11.3667 45.73
11.3833 45.82
11.4 45.9
11.4167 45.99
11.4333 46.07
11.45 46.16
11.4667 46.24
11.4833 46.32
11.5 46.39
11.5167 46.47
11.5333 46.55
11.55 46.62
11.5667 46.69
11.5833 46.76
11.6 46.83
11.6167 46.9
11.6333 46.97
11.65 47.04
11.6667 47.1
11.6833 47.17
11.7 47.23
11.7167 47.29
11.7333 47.35
11.75 47.41
11.7667 47.46
11.7833 47.52
11.8 47.57
11.8167 47.63
11.8333 47.68
11.85 47.73
11.8667 47.78
11.8833 47.82
11.9 47.87
11.9167 47.91
11.9333 47.96
11.95 48.0
11.9667 48.04
11.9833 48.08
12.0 48.12
12.0167 48.15
12.0333 48.19
12.05 48.22
12.0667 48.25
12.0833 48.28
12.1 48.31
12.1167 48.34
12.1333 48.37
12.15 48.39
12.1667 48.42
12.1833 48.44
12.2 48.46
12.2167 48.48
12.2333 48.5
12.25 48.52
12.2667 48.53
12.2833 48.55
12.3 48.56
12.3167 48.57
12.3333 48.58
12.35 48.59
12.3667 48.6
12.3833 48.6
12.4 48.61
12.4167 48.61
12.4333 48.61
12.45 48.61
12.4667 48.61
12.4833 48.61
12.5 48.61
12.5167 48.6
12.5333 48.59
12.55 48.59
12.5667 48.58
12.5833 48.57
12.6 48.55
12.6167 48.54
12.6333 48.53
12.65 48.51
12.6667 48.49
12.6833 48.47
12.7 48.45
12.7167 48.43
12.7333 48.41
12.75 48.38
12.7667 48.36
12.7833 48.33
12.8 48.3
12.8167 48.27
12.8333 48.24
12.85 48.21
12.8667 48.17
12.8833 48.14
12.9 48.1
12.9167 48.06
12.9333 48.02
12.95 47.98
12.9667 47.94
12.9833 47.9
13.0 47.85
13.0167 47.8
13.0333 47.76
13.05 47.71
13.0667 47.66
13.0833 47.6
13.1 47.55
13.1167 47.5
13.1333 47.44
13.15 47.38
13.1667 47.32
13.1833 47.26
13.2 47.2
13.2167 47.14
13.2333 47.08
13.25 47.01
13.2667 46.94
13.2833 46.88
13.3 46.81
13.3167 46.74
13.3333 46.66
13.35 46.59
13.3667 46.51
13.3833 46.44
13.4 46.36
13.4167 46.28
13.4333 46.2
13.45 46.12
13.4667 46.04
13.4833 45.95
13.5 45.87
13.5167 45.78
13.5333 45.7
13.55 45.61
13.5667 45.52
13.5833 45.42
13.6 45.33
13.6167 45.24
13.6333 45.14
13.65 45.04
13.6667 44.95
13.6833 44.85
13.7 44.74
13.7167 44.64
13.7333 44.54
13.75 44.43
13.7667 44.33
13.7833 44.22
13.8 44.11
13.8167 44.0
13.8333 43.89
13.85 43.78
13.8667 43.67
13.8833 43.55
13.9 43.44
13.9167 43.32
13.9333 43.2
13.95 43.08
13.9667 42.96
13.9833 42.84
14.0 42.72
14.0167 42.59
14.0333 42.47
14.05 42.34
14.0667 42.21
14.0833 42.08
14.1 41.95
14.1167 41.82
14.1333 41.69
14.15 41.56
14.1667 41.42
14.1833 41.28
14.2 41.15
14.2167 41.01
14.2333 40.87
14.25 40.73
14.2667 40.59
14.2833 40.44
14.3 40.3
14.3167 40.15
14.3333 40.01
14.35 39.86
14.3667 39.71
14.3833 39.56
14.4 39.41
14.4167 39.26
14.4333 39.11
14.45 38.95
14.4667 38.8
14.4833 38.64
14.5 38.48
14.5167 38.32
14.5333 38.16
14.55 38.0
14.5667 37.84
14.5833 37.68
14.6 37.52
14.6167 37.35
14.6333 37.19
14.65 37.02
14.6667 36.85
14.6833 36.68
14.7 36.51
14.7167 36.34
14.7333 36.17
14.75 36.0
14.7667 35.83
14.7833 35.65
14.8 35.48
14.8167 35.3
14.8333 35.12
14.85 34.94
14.8667 34.76
14.8833 34.58
14.9 34.4
14.9167 34.22
14.9333 34.04
14.95 33.85
14.9667 33.67
14.9833 33.48
15.0 33.3
15.0167 33.11
15.0333 32.92
15.05 32.73
15.0667 32.54
15.0833 32.35
15.1 32.16
15.1167 31.97
15.1333 31.78
15.15 31.58
15.1667 31.39
15.1833 31.19
15.2 31.0
15.2167 30.8
15.2333 30.6
15.25 30.4
15.2667 30.2
15.2833 30.0
15.3 29.8
15.3167 29.6
15.3333 29.4
15.35 29.2
15.3667 28.99
15.3833 28.79
15.4 28.59
15.4167 28.38
15.4333 28.17
15.45 27.97
15.4667 27.76
15.4833 27.55
15.5 27.34
15.5167 27.14
15.5333 26.93
15.55 26.72
15.5667 26.51
15.5833 26.29
15.6 26.08
15.6167 25.87
15.6333 25.66
15.65 25.45
15.6667 25.23
15.6833 25.02
15.7 24.8
15.7167 24.59
15.7333 24.37
15.75 24.16
15.7667 23.94
15.7833 23.72
15.8 23.51
15.8167 23.29
15.8333 23.07
15.85 22.86
15.8667 22.64
15.8833 22.42
15.9 22.2
15.9167 21.98
15.9333 21.76
15.95 21.54
15.9667 21.32
15.9833 21.1
16.0 20.88
16.0167 20.66
16.0333 20.44
16.05 20.22
16.0667 20.0
16.0833 19.78
16.1 19.56
16.1167 19.34
16.1333 19.12
16.15 18.9
16.1667 18.68
16.1833 18.45
16.2 18.23
16.2167 18.01
16.2333 17.79
16.25 17.57
16.2667 17.35
16.2833 17.13
16.3 16.91
16.3167 16.69
16.3333 16.47
16.35 16.25
16.3667 16.03
16.3833 15.81
16.4 15.59
16.4167 15.37
16.4333 15.16
16.45 14.94
16.4667 14.72
16.4833 14.5
16.5 14.29
16.5167 14.07
16.5333 13.85
16.55 13.64
16.5667 13.42
16.5833 13.21
16.6 13.0
16.6167 12.78
16.6333 12.57
16.65 12.36
16.6667 12.15
16.6833 11.94
16.7 11.73
16.7167 11.52
16.7333 11.31
16.75 11.11
16.7667 10.9
16.7833 10.7
16.8 10.49
16.8167 10.29
16.8333 10.09
16.85 9.885
16.8667 9.685
16.8833 9.486
16.9 9.288
16.9167 9.092
16.9333 8.896
16.95 8.702
16.9667 8.51
16.9833 8.318
17.0 8.128
17.0167 7.939
17.0333 7.752
17.05 7.566
17.0667 7.382
17.0833 7.2
17.1 7.018
17.1167 6.839
17.1333 6.661
17.15 6.485
17.1667 6.31
17.1833 6.138
17.2 5.967
17.2167 5.797
17.2333 5.63
17.25 5.465
17.2667 5.301
17.2833 5.139
17.3 4.98
17.3167 4.822
17.3333 4.666
17.35 4.513
17.3667 4.361
17.3833 4.211
17.4 4.064
17.4167 3.918
17.4333 3.775
17.45 3.633
17.4667 3.494
17.4833 3.357
17.5 3.222
17.5167 3.09
17.5333 2.959
17.55 2.83
17.5667 2.704
17.5833 2.58
17.6 2.458
17.6167 2.338
17.6333 2.221
17.65 2.105
17.6667 1.992
17.6833 1.882
17.7 1.773
17.7167 1.667
17.7333 1.564
17.75 1.463
17.7667 1.365
17.7833 1.269
17.8 1.177
17.8167 1.087
17.8333 1.001
17.85 0.9183
17.8667 0.8394
17.8833 0.7647
17.9 0.6881
17.9167 0.6085
17.9333 0.541
17.95 0.4838
17.9667 0.4356
17.9833 0.374
18.0 0.3327
18.0167 0.2832
18.0333 0.2423
18.05 0.2074
18.0667 0.1765
18.0833 0.1473
18.1 0.1215
18.1167 0.09995
18.1333 0.08221
18.15 0.0663
18.1667 0.05332
18.1833 0.04233
18.2 0.03398
18.2167 0.0265
18.2333 0.02062
18.25 0.01596
18.2667 0.01229
18.2833 0.009401
18.3 0.006996
18.3167 0.0052
18.3333 0.003822
18.35 0.002729
18.3667 0.001906
18.3833 0.001312
18.4 0.0008838
18.4167 0.0005679
18.4333 0.0003418
18.45 0.0001864
18.4667 8.62e-05
18.4833 2.898e-05
18.5 4.258e-06
18.5167 3.505e-07
18.5333 7.268e-09
18.55 3.568e-11
18.5667 6.721e-15
18.5833 0.0
18.6 0.0
18.6167 0.0
18.6333 0.0
18.65 0.0
18.6667 0.0
18.6833 0.0
18.7 0.0
18.7167 0.0
18.7333 0.0
18.75 0.0
18.7667 0.0
18.7833 0.0
18.8 0.0
18.8167 0.0
18.8333 0.0
18.85 0.0
18.8667 0.0
18.8833 0.0
18.9 0.0
18.9167 0.0
18.9333 0.0
18.95 0.0
18.9667 0.0
18.9833 0.0
19.0 0.0
19.0167 0.0
19.0333 0.0
19.05 0.0
19.0667 0.0
19.0833 0.0
19.1 0.0
19.1167 0.0
19.1333 0.0
19.15 0.0
19.1667 0.0
19.1833 0.0
19.2 0.0
19.2167 0.0
19.2333 0.0
19.25 0.0
19.2667 0.0
19.2833 0.0
19.3 0.0
19.3167 0.0
19.3333 0.0
19.35 0.0
19.3667 0.0
19.3833 0.0
19.4 0.0
19.4167 0.0
19.4333 0.0
19.45 0.0
19.4667 0.0
19.4833 0.0
19.5 0.0
19.5167 0.0
19.5333 0.0
19.55 0.0
19.5667 0.0
19.5833 0.0
19.6 0.0
19.6167 0.0
19.6333 0.0
19.65 0.0
19.6667 0.0
19.6833 0.0
19.7 0.0
19.7167 0.0
19.7333 0.0
19.75 0.0
19.7667 0.0
19.7833 0.0
19.8 0.0
19.8167 0.0
19.8333 0.0
19.85 0.0
19.8667 0.0
19.8833 0.0
19.9 0.0
19.9167 0.0
19.9333 0.0
19.95 0.0
19.9667 0.0
19.9833 0.0
20.0 0.0
20.0167 0.0
20.0333 0.0
20.05 0.0
20.0667 0.0
20.0833 0.0
20.1 0.0
20.1167 0.0
20.1333 0.0
20.15 0.0
20.1667 0.0
20.1833 0.0
20.2 0.0
20.2167 0.0
20.2333 0.0
20.25 0.0
20.2667 0.0
20.2833 0.0
20.3 0.0
20.3167 0.0
20.3333 0.0
20.35 0.0
20.3667 0.0
20.3833 0.0
20.4 0.0
20.4167 0.0
20.4333 0.0
20.45 0.0
20.4667 0.0
20.4833 0.0
20.5 0.0
20.5167 0.0
20.5333 0.0
20.55 0.0
20.5667 0.0
20.5833 0.0
20.6 0.0
20.6167 0.0
20.6333 0.0
20.65 0.0
20.6667 0.0
20.6833 0.0
20.7 0.0
20.7167 0.0
20.7333 0.0
20.75 0.0
20.7667 0.0
20.7833 0.0
20.8 0.0
20.8167 0.0
20.8333 0.0
20.85 0.0
20.8667 0.0
20.8833 0.0
20.9 0.0
20.9167 0.0
20.9333 0.0
20.95 0.0
20.9667 0.0
20.9833 0.0
21.0 0.0
21.0167 0.0
21.0333 0.0
21.05 0.0
21.0667 0.0
21.0833 0.0
21.1 0.0
21.1167 0.0
21.1333 0.0
21.15 0.0
21.1667 0.0
21.1833 0.0
21.2 0.0
21.2167 0.0
21.2333 0.0
21.25 0.0
21.2667 0.0
21.2833 0.0
21.3 0.0
21.3167 0.0
21.3333 0.0
21.35 0.0
21.3667 0.0
21.3833 0.0
21.4 0.0
21.4167 0.0
21.4333 0.0
21.45 0.0
21.4667 0.0
21.4833 0.0
21.5 0.0
21.5167 0.0
21.5333 0.0
21.55 0.0
21.5667 0.0
21.5833 0.0
21.6 0.0
21.6167 0.0
21.6333 0.0
21.65 0.0
21.6667 0.0
21.6833 0.0
21.7 0.0
21.7167 0.0
21.7333 0.0
21.75 0.0
21.7667 0.0
21.7833 0.0
21.8 0.0
21.8167 0.0
21.8333 0.0
21.85 0.0
21.8667 0.0
21.8833 0.0
21.9 0.0
21.9167 0.0
21.9333 0.0
21.95 0.0
21.9667 0.0
21.9833 0.0
22.0 0.0
22.0167 0.0
22.0333 0.0
22.05 0.0
22.0667 0.0
22.0833 0.0
22.1 0.0
22.1167 0.0
22.1333 0.0
22.15 0.0
22.1667 0.0
22.1833 0.0
22.2 0.0
22.2167 0.0
22.2333 0.0
22.25 0.0
22.2667 0.0
22.2833 0.0
22.3 0.0
22.3167 0.0
22.3333 0.0
22.35 0.0
22.3667 0.0
22.3833 0.0
22.4 0.0
22.4167 0.0
22.4333 0.0
22.45 0.0
22.4667 0.0
22.4833 0.0
22.5 0.0
22.5167 0.0
22.5333 0.0
22.55 0.0
22.5667 0.0
22.5833 0.0
22.6 0.0
22.6167 0.0
22.6333 0.0
22.65 0.0
22.6667 0.0
22.6833 0.0
22.7 0.0
22.7167 0.0
22.7333 0.0
22.75 0.0
22.7667 0.0
22.7833 0.0
22.8 0.0
22.8167 0.0
22.8333 0.0
22.85 0.0
22.8667 0.0
22.8833 0.0
22.9 0.0
22.9167 0.0
22.9333 0.0
22.95 0.0
22.9667 0.0
22.9833 0.0
23.0 0.0
23.0167 0.0
23.0333 0.0
23.05 0.0
23.0667 0.0
23.0833 0.0
23.1 0.0
23.1167 0.0
23.1333 0.0
23.15 0.0
23.1667 0.0
23.1833 0.0
23.2 0.0
23.2167 0.0
23.2333 0.0
23.25 0.0
23.2667 0.0
23.2833 0.0
23.3 0.0
23.3167 0.0
23.3333 0.0
23.35 0.0
23.3667 0.0
23.3833 0.0
23.4 0.0
23.4167 0.0
23.4333 0.0
23.45 0.0
23.4667 0.0
23.4833 0.0
23.5 0.0
23.5167 0.0
23.5333 0.0
23.55 0.0
23.5667 0.0
23.5833 0.0
23.6 0.0
23.6167 0.0
23.6333 0.0
23.65 0.0
23.6667 0.0
23.6833 0.0
23.7 0.0
23.7167 0.0
23.7333 0.0
23.75 0.0
23.7667 0.0
23.7833 0.0
23.8 0.0
23.8167 0.0
23.8333 0.0
23.85 0.0
23.8667 0.0
23.8833 0.0
23.9 0.0
23.9167 0.0
23.9333 0.0
23.95 0.0
23.9667 0.0
23.9833 0.0
