0.0 0.0
0.0167 0.0
0.0333 0.0
0.05 0.0
0.0667 0.0
0.0833 0.0
0.1 0.0
0.1167 0.0
0.1333 0.0
0.15 0.0
0.1667 0.0
0.1833 0.0
0.2 0.0
0.2167 0.0
0.2333 0.0
0.25 0.0
0.2667 0.0
0.2833 0.0
0.3 0.0
0.3167 0.0
0.3333 0.0
0.35 0.0
0.3667 0.0
0.3833 0.0
0.4 0.0
0.4167 0.0
0.4333 0.0
0.45 0.0
0.4667 0.0
0.4833 0.0
0.5 0.0
0.5167 0.0
0.5333 0.0
0.55 0.0
0.5667 0.0
0.5833 0.0
0.6 0.0
0.6167 0.0
0.6333 0.0
0.65 0.0
0.6667 0.0
0.6833 0.0
0.7 0.0
0.7167 0.0
0.7333 0.0
0.75 0.0
0.7667 0.0
0.7833 0.0
0.8 0.0
0.8167 0.0
0.8333 0.0
0.85 0.0
0.8667 0.0
0.8833 0.0
0.9 0.0
0.9167 0.0
0.9333 0.0
0.95 0.0
0.9667 0.0
0.9833 0.0
1.0 0.0
1.0167 0.0
1.0333 0.0
1.05 0.0
1.0667 0.0
1.0833 0.0
1.1 0.0
1.1167 0.0
1.1333 0.0
1.15 0.0
1.1667 0.0
1.1833 0.0
1.2 0.0
1.2167 0.0
1.2333 0.0
1.25 0.0
1.2667 0.0
1.2833 0.0
1.3 0.0
1.3167 0.0
1.3333 0.0
1.35 0.0
1.3667 0.0
1.3833 0.0
1.4 0.0
1.4167 0.0
1.4333 0.0
1.45 0.0
1.4667 0.0
1.4833 0.0
1.5 0.0
1.5167 0.0
1.5333 0.0
1.55 0.0
1.5667 0.0
1.5833 0.0
1.6 0.0
1.6167 0.0
1.6333 0.0
1.65 0.0
1.6667 0.0
1.6833 0.0
1.7 0.0
1.7167 0.0
1.7333 0.0
1.75 0.0
1.7667 0.0
1.7833 0.0
1.8 0.0
1.8167 0.0
1.8333 0.0
1.85 0.0
1.8667 0.0
1.8833 0.0
1.9 0.0
1.9167 0.0
1.9333 0.0
1.95 0.0
1.9667 0.0
1.9833 0.0
2.0 0.0
2.0167 0.0
2.0333 0.0
2.05 0.0
2.0667 0.0
2.0833 0.0
2.1 0.0
2.1167 0.0
2.1333 0.0
2.15 0.0
2.1667 0.0
2.1833 0.0
2.2 0.0
2.2167 0.0
2.2333 0.0
2.25 0.0
2.2667 0.0
2.2833 0.0
2.3 0.0
2.3167 0.0
2.3333 0.0
2.35 0.0
2.3667 0.0
2.3833 0.0
2.4 0.0
2.4167 0.0
2.4333 0.0
2.45 0.0
2.4667 0.0
2.4833 0.0
2.5 0.0
2.5167 0.0
2.5333 0.0
2.55 0.0
2.5667 0.0
2.5833 0.0
2.6 0.0
2.6167 0.0
2.6333 0.0
2.65 0.0
2.6667 0.0
2.6833 0.0
2.7 0.0
2.7167 0.0
2.7333 0.0
2.75 0.0
2.7667 0.0
2.7833 0.0
2.8 0.0
2.8167 0.0
2.8333 0.0
2.85 0.0
2.8667 0.0
2.8833 0.0
2.9 0.0
2.9167 0.0
2.9333 0.0
2.95 0.0
2.9667 0.0
2.9833 0.0
3.0 0.0
3.0167 0.0
3.0333 0.0
3.05 0.0
3.0667 0.0
3.0833 0.0
3.1 0.0
3.1167 0.0
3.1333 0.0
3.15 0.0
3.1667 0.0
3.1833 0.0
3.2 0.0
3.2167 0.0
3.2333 0.0
3.25 0.0
3.2667 0.0
3.2833 0.0
3.3 0.0
3.3167 0.0
3.3333 0.0
3.35 0.0
3.3667 0.0
3.3833 0.0
3.4 0.0
3.4167 0.0
3.4333 0.0
3.45 0.0
3.4667 0.0
3.4833 0.0
3.5 0.0
3.5167 0.0
3.5333 0.0
3.55 0.0
3.5667 0.0
3.5833 0.0
3.6 0.0
3.6167 0.0
3.6333 0.0
3.65 0.0
3.6667 0.0
3.6833 0.0
3.7 0.0
3.7167 0.0
3.7333 0.0
3.75 0.0
3.7667 0.0
3.7833 0.0
3.8 0.0
3.8167 0.0
3.8333 0.0
3.85 0.0
3.8667 0.0
3.8833 0.0
3.9 0.0
3.9167 0.0
3.9333 0.0
3.95 0.0
3.9667 0.0
3.9833 0.0
4.0 0.0
4.0167 0.0
4.0333 0.0
4.05 0.0
4.0667 0.0
4.0833 0.0
4.1 0.0
4.1167 0.0
4.1333 0.0
4.15 0.0
4.1667 0.0
4.1833 0.0
4.2 0.0
4.2167 0.0
4.2333 0.0
4.25 0.0
4.2667 0.0
4.2833 0.0
4.3 0.0
4.3167 0.0
4.3333 0.0
4.35 0.0
4.3667 0.0
4.3833 0.0
4.4 0.0
4.4167 0.0
4.4333 0.0
4.45 0.0
4.4667 0.0
4.4833 0.0
4.5 0.0
4.5167 0.0
4.5333 0.0
4.55 0.0
4.5667 0.0
4.5833 0.0
4.6 0.0
4.6167 0.0
4.6333 0.0
4.65 0.0
4.6667 0.0
4.6833 0.0
4.7 0.0
4.7167 0.0
4.7333 0.0
4.75 0.0
4.7667 0.0
4.7833 0.0
4.8 0.0
4.8167 0.0
4.8333 0.0
4.85 0.0
4.8667 0.0
4.8833 0.0
4.9 0.0
4.9167 0.0
4.9333 0.0
4.95 0.0
4.9667 0.0
4.9833 0.0
5.0 0.0
5.0167 0.0
5.0333 0.0
5.05 0.0
5.0667 0.0
5.0833 0.0
5.1 0.0
5.1167 0.0
5.1333 0.0
5.15 0.0
5.1667 0.0
5.1833 0.0
5.2 0.0
5.2167 0.0
5.2333 0.0
5.25 0.0
5.2667 0.0
5.2833 0.0
5.3 0.0
5.3167 0.0
5.3333 0.0
5.35 0.0
5.3667 0.0
5.3833 0.0
5.4 0.0
5.4167 0.0
5.4333 0.0
5.45 0.0
5.4667 0.0
5.4833 0.0
5.5 0.0
5.5167 0.0
5.5333 2.46e-14
5.55 4.16e-11
5.5667 6.891e-09
5.5833 2.82e-07
5.6 3.523e-06
5.6167 2.254e-05
5.6333 7.369e-05
5.65 0.0001585
5.6667 0.0002877
5.6833 0.0004735
5.7 0.0007381
5.7167 0.001112
5.7333 0.001619
5.75 0.002284
5.7667 0.003215
5.7833 0.004357
5.8 0.005958
5.8167 0.007851
5.8333 0.01028
5.85 0.01337
5.8667 0.01726
5.8833 0.02215
5.9 0.02832
5.9167 0.03617
5.9333 0.04477
5.95 0.05636
5.9667 0.06913
5.9833 0.0865
6.0 0.1044
6.0167 0.1255
6.0333 0.1502
6.05 0.1786
6.0667 0.2114
6.0833 0.2496
6.1 0.2857
6.1167 0.3299
6.1333 0.3791
6.15 0.4305
6.1667 0.4807
6.1833 0.5403
6.2 0.6108
6.2167 0.6872
6.2333 0.7562
6.25 0.8295
6.2667 0.9068
6.2833 0.9876
6.3 1.072
6.3167 1.159
6.3333 1.249
6.35 1.342
6.3667 1.438
6.3833 1.537
6.4 1.638
6.4167 1.742
6.4333 1.848
6.45 1.956
6.4667 2.067
6.4833 2.181
6.5 2.296
6.5167 2.414
6.5333 2.535
6.55 2.658
6.5667 2.783
6.5833 2.911
6.6 3.041
6.6167 3.173
6.6333 3.307
6.65 3.444
6.6667 3.584
6.6833 3.726
6.7 3.87
6.7167 4.016
6.7333 4.165
6.75 4.316
6.7667 4.47
6.7833 4.625
6.8 4.783
6.8167 4.944
6.8333 5.106
6.85 5.271
6.8667 5.438
6.8833 5.608
6.9 5.779
6.9167 5.953
6.9333 6.129
6.95 6.306
6.9667 6.486
6.9833 6.668
7.0 6.852
7.0167 7.038
7.0333 7.226
7.05 7.416
7.0667 7.607
7.0833 7.8
7.1 7.996
7.1167 8.193
7.1333 8.391
7.15 8.592
7.1667 8.794
7.1833 8.998
7.2 9.203
7.2167 9.41
7.2333 9.618
7.25 9.828
7.2667 10.04
7.2833 10.25
7.3 10.47
7.3167 10.68
7.3333 10.9
7.35 11.12
7.3667 11.34
7.3833 11.56
7.4 11.78
7.4167 12.0
7.4333 12.23
7.45 12.45
7.4667 12.68
7.4833 12.91
7.5 13.14
7.5167 13.37
7.5333 13.6
7.55 13.83
7.5667 14.06
7.5833 14.29
7.6 14.53
7.6167 14.76
7.6333 15.0
7.65 15.24
7.6667 15.47
7.6833 15.71
7.7 15.95
7.7167 16.19
7.7333 16.43
7.75 16.67
7.7667 16.92
7.7833 17.16
7.8 17.4
7.8167 17.64
7.8333 17.89
7.85 18.13
7.8667 18.38
7.8833 18.62
7.9 18.87
7.9167 19.12
7.9333 19.36
7.95 19.61
7.9667 19.86
7.9833 20.11
8.0 20.36
8.0167 20.6
8.0333 20.85
8.05 21.1
8.0667 21.35
8.0833 21.6
8.1 21.85
8.1167 22.1
8.1333 22.35
8.15 22.6
8.1667 22.85
8.1833 23.11
8.2 23.36
8.2167 23.61
8.2333 23.86
8.25 24.11
8.2667 24.36
8.2833 24.61
8.3 24.86
8.3167 25.12
8.3333 25.37
8.35 25.62
8.3667 25.87
8.3833 26.12
8.4 26.37
8.4167 26.63
8.4333 26.88
8.45 27.13
8.4667 27.38
8.4833 27.63
8.5 27.88
8.5167 28.13
8.5333 28.38
8.55 28.63
8.5667 28.88
8.5833 29.13
8.6 29.38
8.6167 29.63
8.6333 29.88
8.65 30.13
8.6667 30.38
8.6833 30.63
8.7 30.88
8.7167 31.13
8.7333 31.38
8.75 31.62
8.7667 31.87
8.7833 32.12
8.8 32.36
8.8167 32.61
8.8333 32.86
8.85 33.1
8.8667 33.35
8.8833 33.59
8.9 33.84
8.9167 34.08
8.9333 34.32
8.95 34.57
8.9667 34.81
8.9833 35.05
9.0 35.29
9.0167 35.54
9.0333 35.78
9.05 36.02
9.0667 36.26
9.0833 36.5
9.1 36.73
9.1167 36.97
9.1333 37.21
9.15 37.45
9.1667 37.68
9.1833 37.92
9.2 38.16
9.2167 38.39
9.2333 38.63
9.25 38.86
9.2667 39.09
9.2833 39.32
9.3 39.56
9.3167 39.79
9.3333 40.02
9.35 40.25
9.3667 40.48
9.3833 40.71
9.4 40.93
9.4167 41.16
9.4333 41.39
9.45 41.62
9.4667 41.84
9.4833 42.06
9.5 42.29
9.5167 42.51
9.5333 42.73
9.55 42.96
9.5667 43.18
9.5833 43.4
9.6 43.62
9.6167 43.84
9.6333 44.05
9.65 44.27
9.6667 44.49
9.6833 44.7
9.7 44.92
9.7167 45.13
9.7333 45.34
9.75 45.56
9.7667 45.77
9.7833 45.98
9.8 46.19
9.8167 46.4
9.8333 46.61
9.85 46.81
9.8667 47.02
9.8833 47.23
9.9 47.43
9.9167 47.63
9.9333 47.84
9.95 48.04
9.9667 48.24
9.9833 48.44
10.0 48.64
10.0167 48.84
10.0333 49.04
10.05 49.23
10.0667 49.43
10.0833 49.62
10.1 49.82
10.1167 50.01
10.1333 50.2
10.15 50.39
10.1667 50.58
10.1833 50.77
10.2 50.96
10.2167 51.15
10.2333 51.33
10.25 51.52
10.2667 51.7
10.2833 51.88
10.3 52.07
10.3167 52.25
10.3333 52.43
10.35 52.61
10.3667 52.78
10.3833 52.96
10.4 53.14
10.4167 53.31
10.4333 53.48
10.45 53.66
10.4667 53.83
10.4833 54.0
10.5 54.17
10.5167 54.34
10.5333 54.5
10.55 54.67
10.5667 54.84
10.5833 55.0
10.6 55.16
10.6167 55.33
10.6333 55.49
10.65 55.65
10.6667 55.8
10.6833 55.96
10.7 56.12
10.7167 56.27
10.7333 56.43
10.75 56.58
10.7667 56.73
10.7833 56.88
10.8 57.03
10.8167 57.18
10.8333 57.33
10.85 57.47
10.8667 57.62
10.8833 57.76
10.9 57.9
10.9167 58.05
10.9333 58.19
10.95 58.33
10.9667 58.46
10.9833 58.6
11.0 58.74
11.0167 58.87
11.0333 59.0
11.05 59.14
11.0667 59.27
11.0833 59.4
11.1 59.52
11.1167 59.65
11.1333 59.78
11.15 59.9
11.1667 60.02
11.1833 60.15
11.2 60.27
11.2167 60.39
11.2333 60.51
11.25 60.62
11.2667 60.74
11.2833 60.85
11.3 60.97
11.3167 61.08
11.3333 61.19
11.35 61.3
11.3667 61.41
11.3833 61.52
11.4 61.62
11.4167 61.73
11.4333 61.83
11.45 61.93
11.4667 62.03
11.4833 62.13
11.5 62.23
11.5167 62.33
11.5333 62.43
11.55 62.52
11.5667 62.61
11.5833 62.7
11.6 62.8
11.6167 62.88
11.6333 62.97
11.65 63.06
11.6667 63.14
11.6833 63.23
11.7 63.31
11.7167 63.39
11.7333 63.47
11.75 63.55
11.7667 63.63
11.7833 63.71
11.8 63.78
11.8167 63.86
11.8333 63.93
11.85 64.0
11.8667 64.07
11.8833 64.14
11.9 64.2
11.9167 64.27
11.9333 64.33
11.95 64.4
11.9667 64.46
11.9833 64.52
12.0 64.58
12.0167 64.64
12.0333 64.69
12.05 64.75
12.0667 64.8
12.0833 64.85
12.1 64.9
12.1167 64.95
12.1333 65.0
12.15 65.05
12.1667 65.1
12.1833 65.14
12.2 65.18
12.2167 65.22
12.2333 65.26
12.25 65.3
12.2667 65.34
12.2833 65.38
12.3 65.41
12.3167 65.44
12.3333 65.48
12.35 65.51
12.3667 65.54
12.3833 65.57
12.4 65.59
12.4167 65.62
12.4333 65.64
12.45 65.66
12.4667 65.68
12.4833 65.7
12.5 65.72
12.5167 65.74
12.5333 65.76
12.55 65.77
12.5667 65.78
12.5833 65.8
12.6 65.81
12.6167 65.81
12.6333 65.82
12.65 65.83
12.6667 65.83
12.6833 65.84
12.7 65.84
12.7167 65.84
12.7333 65.84
12.75 65.84
12.7667 65.83
12.7833 65.83
12.8 65.82
12.8167 65.81
12.8333 65.81
12.85 65.79
12.8667 65.78
12.8833 65.77
12.9 65.76
12.9167 65.74
12.9333 65.72
12.95 65.7
12.9667 65.68
12.9833 65.66
13.0 65.64
13.0167 65.62
13.0333 65.59
13.05 65.57
13.0667 65.54
13.0833 65.51
13.1 65.48
13.1167 65.44
13.1333 65.41
13.15 65.38
13.1667 65.34
13.1833 65.3
13.2 65.26
13.2167 65.22
13.2333 65.18
13.25 65.14
13.2667 65.09
13.2833 65.05
13.3 65.0
13.3167 64.95
13.3333 64.9
13.35 64.85
13.3667 64.8
13.3833 64.75
13.4 64.69
13.4167 64.63
13.4333 64.58
13.45 64.52
13.4667 64.46
13.4833 64.4
13.5 64.33
13.5167 64.27
13.5333 64.2
13.55 64.14
13.5667 64.07
13.5833 64.0
13.6 63.93
13.6167 63.85
13.6333 63.78
13.65 63.71
13.6667 63.63
13.6833 63.55
13.7 63.47
13.7167 63.39
13.7333 63.31
13.75 63.23
13.7667 63.14
13.7833 63.06
13.8 62.97
13.8167 62.88
13.8333 62.79
13.85 62.7
13.8667 62.61
13.8833 62.52
13.9 62.42
13.9167 62.33
13.9333 62.23
13.95 62.13
13.9667 62.03
13.9833 61.93
14.0 61.83
14.0167 61.72
14.0333 61.62
14.05 61.51
14.0667 61.41
14.0833 61.3
14.1 61.19
14.1167 61.08
14.1333 60.97
14.15 60.85
14.1667 60.74
14.1833 60.62
14.2 60.5
14.2167 60.39
14.2333 60.26
14.25 60.14
14.2667 60.02
14.2833 59.9
14.3 59.77
14.3167 59.65
14.3333 59.52
14.35 59.39
14.3667 59.26
14.3833 59.13
14.4 59.0
14.4167 58.87
14.4333 58.73
14.45 58.6
14.4667 58.46
14.4833 58.32
14.5 58.18
14.5167 58.04
14.5333 57.9
14.55 57.76
14.5667 57.62
14.5833 57.47
14.6 57.32
14.6167 57.18
14.6333 57.03
14.65 56.88
14.6667 56.73
14.6833 56.58
14.7 56.42
14.7167 56.27
14.7333 56.11
14.75 55.96
14.7667 55.8
14.7833 55.64
14.8 55.48
14.8167 55.32
14.8333 55.16
14.85 54.99
14.8667 54.83
14.8833 54.67
14.9 54.5
14.9167 54.33
14.9333 54.16
14.95 53.99
14.9667 53.82
14.9833 53.65
15.0 53.48
15.0167 53.31
15.0333 53.13
15.05 52.95
15.0667 52.78
15.0833 52.6
15.1 52.42
15.1167 52.24
15.1333 52.06
15.15 51.88
15.1667 51.69
15.1833 51.51
15.2 51.33
15.2167 51.14
15.2333 50.95
15.25 50.76
15.2667 50.58
15.2833 50.38
15.3 50.19
15.3167 50.0
15.3333 49.81
15.35 49.62
15.3667 49.42
15.3833 49.22
15.4 49.03
15.4167 48.83
15.4333 48.63
15.45 48.43
15.4667 48.23
15.4833 48.03
15.5 47.83
15.5167 47.63
15.5333 47.42
15.55 47.22
15.5667 47.01
15.5833 46.81
15.6 46.6
15.6167 46.39
15.6333 46.18
15.65 45.97
15.6667 45.76
15.6833 45.55
15.7 45.34
15.7167 45.12
15.7333 44.91
15.75 44.69
15.7667 44.48
15.7833 44.26
15.8 44.04
15.8167 43.83
15.8333 43.61
15.85 43.39
15.8667 43.17
15.8833 42.95
15.9 42.72
15.9167 42.5
15.9333 42.28
15.95 42.05
15.9667 41.83
15.9833 41.6
16.0 41.38
16.0167 41.15
16.0333 40.92
16.05 40.7
16.0667 40.47
16.0833 40.24
16.1 40.01
16.1167 39.78
16.1333 39.54
16.15 39.31
16.1667 39.08
16.1833 38.85
16.2 38.61
16.2167 38.38
16.2333 38.14
16.25 37.91
16.2667 37.67
16.2833 37.43
16.3 37.2
16.3167 36.96
16.3333 36.72
16.35 36.48
16.3667 36.24
16.3833 36.0
16.4 35.76
16.4167 35.52
16.4333 35.28
16.45 35.04
16.4667 34.79
16.4833 34.55
16.5 34.31
16.5167 34.06
16.5333 33.82
16.55 33.58
16.5667 33.33
16.5833 33.09
16.6 32.84
16.6167 32.59
16.6333 32.35
16.65 32.1
16.6667 31.85
16.6833 31.61
16.7 31.36
16.7167 31.11
16.7333 30.86
16.75 30.61
16.7667 30.36
16.7833 30.12
16.8 29.87
16.8167 29.62
16.8333 29.37
16.85 29.12
16.8667 28.87
16.8833 28.62
16.9 28.36
16.9167 28.11
16.9333 27.86
16.95 27.61
16.9667 27.36
16.9833 27.11
17.0 26.86
17.0167 26.61
17.0333 26.35
17.05 26.1
17.0667 25.85
17.0833 25.6
17.1 25.35
17.1167 25.1
17.1333 24.84
17.15 24.59
17.1667 24.34
17.1833 24.09
17.2 23.84
17.2167 23.59
17.2333 23.33
17.25 23.08
17.2667 22.83
17.2833 22.58
17.3 22.33
17.3167 22.08
17.3333 21.83
17.35 21.58
17.3667 21.33
17.3833 21.08
17.4 20.83
17.4167 20.58
17.4333 20.33
17.45 20.08
17.4667 19.83
17.4833 19.59
17.5 19.34
17.5167 19.09
17.5333 18.85
17.55 18.6
17.5667 18.35
17.5833 18.11
17.6 17.86
17.6167 17.62
17.6333 17.38
17.65 17.13
17.6667 16.89
17.6833 16.65
17.7 16.41
17.7167 16.17
17.7333 15.93
17.75 15.69
17.7667 15.45
17.7833 15.21
17.8 14.97
17.8167 14.74
17.8333 14.5
17.85 14.27
17.8667 14.03
17.8833 13.8
17.9 13.57
17.9167 13.34
17.9333 13.11
17.95 12.88
17.9667 12.65
17.9833 12.43
18.0 12.2
18.0167 11.98
18.0333 11.75
18.05 11.53
18.0667 11.31
18.0833 11.09
18.1 10.87
18.1167 10.65
18.1333 10.44
18.15 10.22
18.1667 10.01
18.1833 9.801
18.2 9.591
18.2167 9.382
18.2333 9.175
18.25 8.97
18.2667 8.766
18.2833 8.564
18.3 8.364
18.3167 8.165
18.3333 7.968
18.35 7.773
18.3667 7.58
18.3833 7.388
18.4 7.199
18.4167 7.011
18.4333 6.825
18.45 6.641
18.4667 6.46
18.4833 6.28
18.5 6.102
18.5167 5.927
18.5333 5.753
18.55 5.582
18.5667 5.413
18.5833 5.246
18.6 5.081
18.6167 4.919
18.6333 4.758
18.65 4.601
18.6667 4.445
18.6833 4.292
18.7 4.141
18.7167 3.992
18.7333 3.846
18.75 3.702
18.7667 3.561
18.7833 3.421
18.8 3.285
18.8167 3.15
18.8333 3.018
18.85 2.889
18.8667 2.761
18.8833 2.636
18.9 2.514
18.9167 2.394
18.9333 2.276
18.95 2.16
18.9667 2.047
18.9833 1.937
19.0 1.828
19.0167 1.722
19.0333 1.619
19.05 1.518
19.0667 1.42
19.0833 1.325
19.1 1.232
19.1167 1.142
19.1333 1.055
19.15 0.9719
19.1667 0.8916
19.1833 0.8149
19.2 0.7423
19.2167 0.6742
19.2333 0.5959
19.25 0.5276
19.2667 0.4699
19.2833 0.4214
19.3 0.3664
19.3167 0.3221
19.3333 0.2766
19.35 0.2438
19.3667 0.2058
19.3833 0.1735
19.4 0.1456
19.4167 0.1216
19.4333 0.1012
19.45 0.08135
19.4667 0.06638
19.4833 0.05356
19.5 0.04284
19.5167 0.03386
19.5333 0.02697
19.55 0.02121
19.5667 0.01647
19.5833 0.01274
19.6 0.009796
19.6167 0.007327
19.6333 0.0055
19.65 0.004111
19.6667 0.002952
19.6833 0.002135
19.7 0.00148
19.7167 0.001004
19.7333 0.0006629
19.75 0.0004205
19.7667 0.00025
19.7833 0.0001323
19.8 5.744e-05
19.8167 1.571e-05
19.8333 1.988e-06
19.85 1.354e-07
19.8667 2.149e-09
19.8833 8.719e-12
19.9 9.078e-16
19.9167 0.0
19.9333 0.0
19.95 0.0
19.9667 0.0
19.9833 0.0
20.0 0.0
20.0167 0.0
20.0333 0.0
20.05 0.0
20.0667 0.0
20.0833 0.0
20.1 0.0
20.1167 0.0
20.1333 0.0
20.15 0.0
20.1667 0.0
20.1833 0.0
20.2 0.0
20.2167 0.0
20.2333 0.0
20.25 0.0
20.2667 0.0
20.2833 0.0
20.3 0.0
20.3167 0.0
20.3333 0.0
20.35 0.0
20.3667 0.0
20.3833 0.0
20.4 0.0
20.4167 0.0
20.4333 0.0
20.45 0.0
20.4667 0.0
20.4833 0.0
20.5 0.0
20.5167 0.0
20.5333 0.0
20.55 0.0
20.5667 0.0
20.5833 0.0
20.6 0.0
20.6167 0.0
20.6333 0.0
20.65 0.0
20.6667 0.0
20.6833 0.0
20.7 0.0
20.7167 0.0
20.7333 0.0
20.75 0.0
20.7667 0.0
20.7833 0.0
20.8 0.0
20.8167 0.0
20.8333 0.0
20.85 0.0
20.8667 0.0
20.8833 0.0
20.9 0.0
20.9167 0.0
20.9333 0.0
20.95 0.0
20.9667 0.0
20.9833 0.0
21.0 0.0
21.0167 0.0
21.0333 0.0
21.05 0.0
21.0667 0.0
21.0833 0.0
21.1 0.0
21.1167 0.0
21.1333 0.0
21.15 0.0
21.1667 0.0
21.1833 0.0
21.2 0.0
21.2167 0.0
21.2333 0.0
21.25 0.0
21.2667 0.0
21.2833 0.0
21.3 0.0
21.3167 0.0
21.3333 0.0
21.35 0.0
21.3667 0.0
21.3833 0.0
21.4 0.0
21.4167 0.0
21.4333 0.0
21.45 0.0
21.4667 0.0
21.4833 0.0
21.5 0.0
21.5167 0.0
21.5333 0.0
21.55 0.0
21.5667 0.0
21.5833 0.0
21.6 0.0
21.6167 0.0
21.6333 0.0
21.65 0.0
21.6667 0.0
21.6833 0.0
21.7 0.0
21.7167 0.0
21.7333 0.0
21.75 0.0
21.7667 0.0
21.7833 0.0
21.8 0.0
21.8167 0.0
21.8333 0.0
21.85 0.0
21.8667 0.0
21.8833 0.0
21.9 0.0
21.9167 0.0
21.9333 0.0
21.95 0.0
21.9667 0.0
21.9833 0.0
22.0 0.0
22.0167 0.0
22.0333 0.0
22.05 0.0
22.0667 0.0
22.0833 0.0
22.1 0.0
22.1167 0.0
22.1333 0.0
22.15 0.0
22.1667 0.0
22.1833 0.0
22.2 0.0
22.2167 0.0
22.2333 0.0
22.25 0.0
22.2667 0.0
22.2833 0.0
22.3 0.0
22.3167 0.0
22.3333 0.0
22.35 0.0
22.3667 0.0
22.3833 0.0
22.4 0.0
22.4167 0.0
22.4333 0.0
22.45 0.0
22.4667 0.0
22.4833 0.0
22.5 0.0
22.5167 0.0
22.5333 0.0
22.55 0.0
22.5667 0.0
22.5833 0.0
22.6 0.0
22.6167 0.0
22.6333 0.0
22.65 0.0
22.6667 0.0
22.6833 0.0
22.7 0.0
22.7167 0.0
22.7333 0.0
22.75 0.0
22.7667 0.0
22.7833 0.0
22.8 0.0
22.8167 0.0
22.8333 0.0
22.85 0.0
22.8667 0.0
22.8833 0.0
22.9 0.0
22.9167 0.0
22.9333 0.0
22.95 0.0
22.9667 0.0
22.9833 0.0
23.0 0.0
23.0167 0.0
23.0333 0.0
23.05 0.0
23.0667 0.0
23.0833 0.0
23.1 0.0
23.1167 0.0
23.1333 0.0
23.15 0.0
23.1667 0.0
23.1833 0.0
23.2 0.0
23.2167 0.0
23.2333 0.0
23.25 0.0
23.2667 0.0
23.2833 0.0
23.3 0.0
23.3167 0.0
23.3333 0.0
23.35 0.0
23.3667 0.0
23.3833 0.0
23.4 0.0
23.4167 0.0
23.4333 0.0
23.45 0.0
23.4667 0.0
23.4833 0.0
23.5 0.0
23.5167 0.0
23.5333 0.0
23.55 0.0
23.5667 0.0
23.5833 0.0
23.6 0.0
23.6167 0.0
23.6333 0.0
23.65 0.0
23.6667 0.0
23.6833 0.0
23.7 0.0
23.7167 0.0
23.7333 0.0
23.75 0.0
23.7667 0.0
23.7833 0.0
23.8 0.0
23.8167 0.0
23.8333 0.0
23.85 0.0
23.8667 0.0
23.8833 0.0
23.9 0.0
23.9167 0.0
23.9333 0.0
23.95 0.0
23.9667 0.0
23.9833 0.0
