0.0 0.0
0.0167 0.0
0.0333 0.0
0.05 0.0
0.0667 0.0
0.0833 0.0
0.1 0.0
0.1167 0.0
0.1333 0.0
0.15 0.0
0.1667 0.0
0.1833 0.0
0.2 0.0
0.2167 0.0
0.2333 0.0
0.25 0.0
0.2667 0.0
0.2833 0.0
0.3 0.0
0.3167 0.0
0.3333 0.0
0.35 0.0
0.3667 0.0
0.3833 0.0
0.4 0.0
0.4167 0.0
0.4333 0.0
0.45 0.0
0.4667 0.0
0.4833 0.0
0.5 0.0
0.5167 0.0
0.5333 0.0
0.55 0.0
0.5667 0.0
0.5833 0.0
0.6 0.0
0.6167 0.0
0.6333 0.0
0.65 0.0
0.6667 0.0
0.6833 0.0
0.7 0.0
0.7167 0.0
0.7333 0.0
0.75 0.0
0.7667 0.0
0.7833 0.0
0.8 0.0
0.8167 0.0
0.8333 0.0
0.85 0.0
0.8667 0.0
0.8833 0.0
0.9 0.0
0.9167 0.0
0.9333 0.0
0.95 0.0
0.9667 0.0
0.9833 0.0
1.0 0.0
1.0167 0.0
1.0333 0.0
1.05 0.0
1.0667 0.0
1.0833 0.0
1.1 0.0
1.1167 0.0
1.1333 0.0
1.15 0.0
1.1667 0.0
1.1833 0.0
1.2 0.0
1.2167 0.0
1.2333 0.0
1.25 0.0
1.2667 0.0
1.2833 0.0
1.3 0.0
1.3167 0.0
1.3333 0.0
1.35 0.0
1.3667 0.0
1.3833 0.0
1.4 0.0
1.4167 0.0
1.4333 0.0
1.45 0.0
1.4667 0.0
1.4833 0.0
1.5 0.0
1.5167 0.0
1.5333 0.0
1.55 0.0
1.5667 0.0
1.5833 0.0
1.6 0.0
1.6167 0.0
1.6333 0.0
1.65 0.0
1.6667 0.0
1.6833 0.0
1.7 0.0
1.7167 0.0
1.7333 0.0
1.75 0.0
1.7667 0.0
1.7833 0.0
1.8 0.0
1.8167 0.0
1.8333 0.0
1.85 0.0
1.8667 0.0
1.8833 0.0
1.9 0.0
1.9167 0.0
1.9333 0.0
1.95 0.0
1.9667 0.0
1.9833 0.0
2.0 0.0
2.0167 0.0
2.0333 0.0
2.05 0.0
2.0667 0.0
2.0833 0.0
2.1 0.0
2.1167 0.0
2.1333 0.0
2.15 0.0
2.1667 0.0
2.1833 0.0
2.2 0.0
2.2167 0.0
2.2333 0.0
2.25 0.0
2.2667 0.0
2.2833 0.0
2.3 0.0
2.3167 0.0
2.3333 0.0
2.35 0.0
2.3667 0.0
2.3833 0.0
2.4 0.0
2.4167 0.0
2.4333 0.0
2.45 0.0
2.4667 0.0
2.4833 0.0
2.5 0.0
2.5167 0.0
2.5333 0.0
2.55 0.0
2.5667 0.0
2.5833 0.0
2.6 0.0
2.6167 0.0
2.6333 0.0
2.65 0.0
2.6667 0.0
2.6833 0.0
2.7 0.0
2.7167 0.0
2.7333 0.0
2.75 0.0
2.7667 0.0
2.7833 0.0
2.8 0.0
2.8167 0.0
2.8333 0.0
2.85 0.0
2.8667 0.0
2.8833 0.0
2.9 0.0
2.9167 0.0
2.9333 0.0
2.95 0.0
2.9667 0.0
2.9833 0.0
3.0 0.0
3.0167 0.0
3.0333 0.0
3.05 0.0
3.0667 0.0
3.0833 0.0
3.1 0.0
3.1167 0.0
3.1333 0.0
3.15 0.0
3.1667 0.0
3.1833 0.0
3.2 0.0
3.2167 0.0
3.2333 0.0
3.25 0.0
3.2667 0.0
3.2833 0.0
3.3 0.0
3.3167 0.0
3.3333 0.0
3.35 0.0
3.3667 0.0
3.3833 0.0
3.4 0.0
3.4167 0.0
3.4333 0.0
3.45 0.0
3.4667 0.0
3.4833 0.0
3.5 0.0
3.5167 0.0
3.5333 0.0
3.55 0.0
3.5667 0.0
3.5833 0.0
3.6 0.0
3.6167 0.0
3.6333 0.0
3.65 0.0
3.6667 0.0
3.6833 0.0
3.7 0.0
3.7167 0.0
3.7333 0.0
3.75 0.0
3.7667 0.0
3.7833 0.0
3.8 0.0
3.8167 0.0
3.8333 0.0
3.85 0.0
3.8667 0.0
3.8833 0.0
3.9 0.0
3.9167 0.0
3.9333 0.0
3.95 0.0
3.9667 0.0
3.9833 0.0
4.0 0.0
4.0167 0.0
4.0333 0.0
4.05 0.0
4.0667 0.0
4.0833 0.0
4.1 0.0
4.1167 0.0
4.1333 0.0
4.15 0.0
4.1667 0.0
4.1833 0.0
4.2 0.0
4.2167 0.0
4.2333 0.0
4.25 0.0
4.2667 0.0
4.2833 0.0
4.3 0.0
4.3167 0.0
4.3333 0.0
4.35 0.0
4.3667 0.0
4.3833 0.0
4.4 0.0
4.4167 0.0
4.4333 0.0
4.45 0.0
4.4667 0.0
4.4833 0.0
4.5 0.0
4.5167 0.0
4.5333 0.0
4.55 0.0
4.5667 0.0
4.5833 0.0
4.6 0.0
4.6167 0.0
4.6333 0.0
4.65 0.0
4.6667 0.0
4.6833 0.0
4.7 0.0
4.7167 0.0
4.7333 0.0
4.75 0.0
4.7667 0.0
4.7833 0.0
4.8 0.0
4.8167 0.0
4.8333 0.0
4.85 0.0
4.8667 0.0
4.8833 0.0
4.9 0.0
4.9167 0.0
4.9333 0.0
4.95 0.0
4.9667 0.0
4.9833 0.0
5.0 0.0
5.0167 0.0
5.0333 0.0
5.05 0.0
5.0667 0.0
5.0833 0.0
5.1 0.0
5.1167 0.0
5.1333 0.0
5.15 0.0
5.1667 0.0
5.1833 0.0
5.2 0.0
5.2167 0.0
5.2333 0.0
5.25 0.0
5.2667 0.0
5.2833 0.0
5.3 0.0
5.3167 0.0
5.3333 0.0
5.35 0.0
5.3667 0.0
5.3833 0.0
5.4 0.0
5.4167 0.0
5.4333 0.0
5.45 0.0
5.4667 0.0
5.4833 0.0
5.5 0.0
5.5167 0.0
5.5333 0.0
5.55 0.0
5.5667 0.0
5.5833 0.0
5.6 0.0
5.6167 0.0
5.6333 0.0
5.65 0.0
5.6667 0.0
5.6833 0.0
5.7 0.0
5.7167 0.0
5.7333 0.0
5.75 0.0
5.7667 0.0
5.7833 0.0
5.8 0.0
5.8167 0.0
5.8333 0.0
5.85 0.0
5.8667 0.0
5.8833 0.0
5.9 0.0
5.9167 0.0
5.9333 0.0
5.95 0.0
5.9667 0.0
5.9833 0.0
6.0 0.0
6.0167 0.0
6.0333 0.0
6.05 0.0
6.0667 0.0
6.0833 0.0
6.1 0.0
6.1167 0.0
6.1333 4.756e-14
6.15 1.064e-10
6.1667 1.861e-08
6.1833 6.336e-07
6.2 7.422e-06
6.2167 4.176e-05
6.2333 0.0001113
6.25 0.0002296
6.2667 0.000413
6.2833 0.0006682
6.3 0.001035
6.3167 0.001554
6.3333 0.002269
6.35 0.003186
6.3667 0.004469
6.3833 0.006085
6.4 0.008269
6.4167 0.01092
6.4333 0.01435
6.45 0.01873
6.4667 0.02424
6.4833 0.03113
6.5 0.03983
6.5167 0.05095
6.5333 0.06295
6.55 0.07952
6.5667 0.09692
6.5833 0.1182
6.6 0.1438
6.6167 0.1735
6.6333 0.2056
6.65 0.2412
6.6667 0.2827
6.6833 0.3327
6.7 0.3766
6.7167 0.4381
6.7333 0.4889
6.75 0.5494
6.7667 0.6213
6.7833 0.7062
6.8 0.7798
6.8167 0.8576
6.8333 0.9397
6.85 1.026
6.8667 1.115
6.8833 1.208
6.9 1.304
6.9167 1.403
6.9333 1.505
6.95 1.61
6.9667 1.718
6.9833 1.828
7.0 1.94
7.0167 2.055
7.0333 2.173
7.05 2.293
7.0667 2.415
7.0833 2.54
7.1 2.667
7.1167 2.796
7.1333 2.928
7.15 3.062
7.1667 3.198
7.1833 3.337
7.2 3.478
7.2167 3.621
7.2333 3.766
7.25 3.914
7.2667 4.064
7.2833 4.216
7.3 4.371
7.3167 4.528
7.3333 4.687
7.35 4.848
7.3667 5.011
7.3833 5.176
7.4 5.344
7.4167 5.513
7.4333 5.685
7.45 5.859
7.4667 6.034
7.4833 6.212
7.5 6.391
7.5167 6.573
7.5333 6.756
7.55 6.941
7.5667 7.128
7.5833 7.317
7.6 7.507
7.6167 7.699
7.6333 7.893
7.65 8.087
7.6667 8.284
7.6833 8.483
7.7 8.682
7.7167 8.884
7.7333 9.086
7.75 9.29
7.7667 9.495
7.7833 9.702
7.8 9.91
7.8167 10.12
7.8333 10.33
7.85 10.54
7.8667 10.75
7.8833 10.97
7.9 11.18
7.9167 11.4
7.9333 11.61
7.95 11.83
7.9667 12.05
7.9833 12.27
8.0 12.49
8.0167 12.71
8.0333 12.93
8.05 13.15
8.0667 13.38
8.0833 13.6
8.1 13.83
8.1167 14.05
8.1333 14.28
8.15 14.5
8.1667 14.73
8.1833 14.96
8.2 15.19
8.2167 15.41
8.2333 15.64
8.25 15.87
8.2667 16.1
8.2833 16.33
8.3 16.56
8.3167 16.79
8.3333 17.02
8.35 17.26
8.3667 17.49
8.3833 17.72
8.4 17.95
8.4167 18.18
8.4333 18.41
8.45 18.65
8.4667 18.88
8.4833 19.11
8.5 19.34
8.5167 19.58
8.5333 19.81
8.55 20.04
8.5667 20.28
8.5833 20.51
8.6 20.74
8.6167 20.97
8.6333 21.21
8.65 21.44
8.6667 21.67
8.6833 21.9
8.7 22.13
8.7167 22.37
8.7333 22.6
8.75 22.83
8.7667 23.06
8.7833 23.29
8.8 23.52
8.8167 23.75
8.8333 23.98
8.85 24.21
8.8667 24.44
8.8833 24.67
8.9 24.9
8.9167 25.13
8.9333 25.36
8.95 25.59
8.9667 25.81
8.9833 26.04
9.0 26.27
9.0167 26.49
9.0333 26.72
9.05 26.94
9.0667 27.17
9.0833 27.39
9.1 27.62
9.1167 27.84
9.1333 28.06
9.15 28.29
9.1667 28.51
9.1833 28.73
9.2 28.95
9.2167 29.17
9.2333 29.39
9.25 29.61
9.2667 29.83
9.2833 30.04
9.3 30.26
9.3167 30.48
9.3333 30.69
9.35 30.91
9.3667 31.12
9.3833 31.33
9.4 31.55
9.4167 31.76
9.4333 31.97
9.45 32.18
9.4667 32.39
9.4833 32.6
9.5 32.81
9.5167 33.02
9.5333 33.22
9.55 33.43
9.5667 33.64
9.5833 33.84
9.6 34.04
9.6167 34.25
9.6333 34.45
9.65 34.65
9.6667 34.85
9.6833 35.05
9.7 35.25
9.7167 35.45
9.7333 35.64
9.75 35.84
9.7667 36.04
9.7833 36.23
9.8 36.42
9.8167 36.62
9.8333 36.81
9.85 37.0
9.8667 37.19
9.8833 37.38
9.9 37.56
9.9167 37.75
9.9333 37.94
9.95 38.12
9.9667 38.31
9.9833 38.49
10.0 38.67
10.0167 38.85
10.0333 39.03
10.05 39.21
10.0667 39.39
10.0833 39.56
10.1 39.74
10.1167 39.92
10.1333 40.09
10.15 40.26
10.1667 40.43
10.1833 40.6
10.2 40.77
10.2167 40.94
10.2333 41.11
10.25 41.28
10.2667 41.44
10.2833 41.61
10.3 41.77
10.3167 41.93
10.3333 42.09
10.35 42.25
10.3667 42.41
10.3833 42.57
10.4 42.72
10.4167 42.88
10.4333 43.03
10.45 43.19
10.4667 43.34
10.4833 43.49
10.5 43.64
10.5167 43.78
10.5333 43.93
10.55 44.08
10.5667 44.22
10.5833 44.37
10.6 44.51
10.6167 44.65
10.6333 44.79
10.65 44.93
10.6667 45.06
10.6833 45.2
10.7 45.34
10.7167 45.47
10.7333 45.6
10.75 45.73
10.7667 45.86
10.7833 45.99
10.8 46.12
10.8167 46.25
10.8333 46.37
10.85 46.49
10.8667 46.62
10.8833 46.74
10.9 46.86
10.9167 46.98
10.9333 47.09
10.95 47.21
10.9667 47.33
10.9833 47.44
11.0 47.55
11.0167 47.66
11.0333 47.77
11.05 47.88
11.0667 47.99
11.0833 48.09
11.1 48.2
11.1167 48.3
11.1333 48.4
11.15 48.5
11.1667 48.6
11.1833 48.7
11.2 48.8
11.2167 48.89
11.2333 48.99
11.25 49.08
11.2667 49.17
11.2833 49.26
11.3 49.35
11.3167 49.44
11.3333 49.52
11.35 49.61
11.3667 49.69
11.3833 49.77
11.4 49.85
11.4167 49.93
11.4333 50.01
11.45 50.08
11.4667 50.16
11.4833 50.23
11.5 50.3
11.5167 50.38
11.5333 50.45
11.55 50.51
11.5667 50.58
11.5833 50.65
11.6 50.71
11.6167 50.77
11.6333 50.83
11.65 50.89
11.6667 50.95
11.6833 51.01
11.7 51.06
11.7167 51.12
11.7333 51.17
11.75 51.22
11.7667 51.27
11.7833 51.32
11.8 51.37
11.8167 51.41
11.8333 51.46
11.85 51.5
11.8667 51.54
11.8833 51.58
11.9 51.62
11.9167 51.66
11.9333 51.7
11.95 51.73
11.9667 51.76
11.9833 51.79
12.0 51.82
12.0167 51.85
12.0333 51.88
12.05 51.91
12.0667 51.93
12.0833 51.95
12.1 51.97
12.1167 52.0
12.1333 52.02
12.15 52.03
12.1667 52.05
12.1833 52.06
12.2 52.08
12.2167 52.09
12.2333 52.1
12.25 52.11
12.2667 52.11
12.2833 52.12
12.3 52.12
12.3167 52.13
12.3333 52.13
12.35 52.13
12.3667 52.13
12.3833 52.13
12.4 52.12
12.4167 52.12
12.4333 52.11
12.45 52.1
12.4667 52.09
12.4833 52.08
12.5 52.07
12.5167 52.06
12.5333 52.04
12.55 52.02
12.5667 52.01
12.5833 51.99
12.6 51.96
12.6167 51.94
12.6333 51.92
12.65 51.89
12.6667 51.87
12.6833 51.84
12.7 51.81
12.7167 51.78
12.7333 51.75
12.75 51.71
12.7667 51.68
12.7833 51.64
12.8 51.6
12.8167 51.56
12.8333 51.52
12.85 51.48
12.8667 51.44
12.8833 51.39
12.9 51.34
12.9167 51.3
12.9333 51.25
12.95 51.2
12.9667 51.15
12.9833 51.09
13.0 51.04
13.0167 50.98
13.0333 50.92
13.05 50.86
13.0667 50.8
13.0833 50.74
13.1 50.68
13.1167 50.61
13.1333 50.55
13.15 50.48
13.1667 50.41
13.1833 50.34
13.2 50.27
13.2167 50.2
13.2333 50.12
13.25 50.05
13.2667 49.97
13.2833 49.89
13.3 49.81
13.3167 49.73
13.3333 49.65
13.35 49.56
13.3667 49.48
13.3833 49.39
13.4 49.3
13.4167 49.22
13.4333 49.12
13.45 49.03
13.4667 48.94
13.4833 48.85
13.5 48.75
13.5167 48.65
13.5333 48.55
13.55 48.45
13.5667 48.35
13.5833 48.25
13.6 48.15
13.6167 48.04
13.6333 47.93
13.65 47.83
13.6667 47.72
13.6833 47.61
13.7 47.5
13.7167 47.38
13.7333 47.27
13.75 47.15
13.7667 47.04
13.7833 46.92
13.8 46.8
13.8167 46.68
13.8333 46.56
13.85 46.43
13.8667 46.31
13.8833 46.18
13.9 46.06
13.9167 45.93
13.9333 45.8
13.95 45.67
13.9667 45.54
13.9833 45.4
14.0 45.27
14.0167 45.13
14.0333 45.0
14.05 44.86
14.0667 44.72
14.0833 44.58
14.1 44.44
14.1167 44.29
14.1333 44.15
14.15 44.01
14.1667 43.86
14.1833 43.71
14.2 43.56
14.2167 43.41
14.2333 43.26
14.25 43.11
14.2667 42.96
14.2833 42.8
14.3 42.65
14.3167 42.49
14.3333 42.33
14.35 42.17
14.3667 42.01
14.3833 41.85
14.4 41.69
14.4167 41.52
14.4333 41.36
14.45 41.19
14.4667 41.03
14.4833 40.86
14.5 40.69
14.5167 40.52
14.5333 40.35
14.55 40.18
14.5667 40.0
14.5833 39.83
14.6 39.65
14.6167 39.48
14.6333 39.3
14.65 39.12
14.6667 38.94
14.6833 38.76
14.7 38.58
14.7167 38.4
14.7333 38.22
14.75 38.03
14.7667 37.84
14.7833 37.66
14.8 37.47
14.8167 37.28
14.8333 37.09
14.85 36.9
14.8667 36.71
14.8833 36.52
14.9 36.33
14.9167 36.13
14.9333 35.94
14.95 35.74
14.9667 35.55
14.9833 35.35
15.0 35.15
15.0167 34.95
15.0333 34.75
15.05 34.55
15.0667 34.35
15.0833 34.15
15.1 33.94
15.1167 33.74
15.1333 33.53
15.15 33.33
15.1667 33.12
15.1833 32.91
15.2 32.71
15.2167 32.5
15.2333 32.29
15.25 32.08
15.2667 31.87
15.2833 31.66
15.3 31.44
15.3167 31.23
15.3333 31.02
15.35 30.8
15.3667 30.59
15.3833 30.37
15.4 30.15
15.4167 29.94
15.4333 29.72
15.45 29.5
15.4667 29.28
15.4833 29.06
15.5 28.84
15.5167 28.62
15.5333 28.4
15.55 28.18
15.5667 27.95
15.5833 27.73
15.6 27.51
15.6167 27.28
15.6333 27.06
15.65 26.83
15.6667 26.61
15.6833 26.38
15.7 26.16
15.7167 25.93
15.7333 25.7
15.75 25.47
15.7667 25.25
15.7833 25.02
15.8 24.79
15.8167 24.56
15.8333 24.33
15.85 24.1
15.8667 23.87
15.8833 23.64
15.9 23.41
15.9167 23.18
15.9333 22.95
15.95 22.72
15.9667 22.48
15.9833 22.25
16.0 22.02
16.0167 21.79
16.0333 21.56
16.05 21.32
16.0667 21.09
16.0833 20.86
16.1 20.63
16.1167 20.39
16.1333 20.16
16.15 19.93
16.1667 19.7
16.1833 19.46
16.2 19.23
16.2167 19.0
16.2333 18.77
16.25 18.53
16.2667 18.3
16.2833 18.07
16.3 17.84
16.3167 17.6
16.3333 17.37
16.35 17.14
16.3667 16.91
16.3833 16.68
16.4 16.45
16.4167 16.22
16.4333 15.99
16.45 15.76
16.4667 15.53
16.4833 15.3
16.5 15.07
16.5167 14.85
16.5333 14.62
16.55 14.39
16.5667 14.17
16.5833 13.94
16.6 13.72
16.6167 13.49
16.6333 13.27
16.65 13.04
16.6667 12.82
16.6833 12.6
16.7 12.38
16.7167 12.16
16.7333 11.94
16.75 11.72
16.7667 11.51
16.7833 11.29
16.8 11.08
16.8167 10.86
16.8333 10.65
16.85 10.44
16.8667 10.23
16.8833 10.02
16.9 9.808
16.9167 9.601
16.9333 9.395
16.95 9.19
16.9667 8.987
16.9833 8.785
17.0 8.585
17.0167 8.386
17.0333 8.188
17.05 7.992
17.0667 7.798
17.0833 7.605
17.1 7.414
17.1167 7.224
17.1333 7.037
17.15 6.851
17.1667 6.667
17.1833 6.484
17.2 6.304
17.2167 6.125
17.2333 5.949
17.25 5.774
17.2667 5.601
17.2833 5.431
17.3 5.262
17.3167 5.096
17.3333 4.931
17.35 4.769
17.3667 4.609
17.3833 4.451
17.4 4.296
17.4167 4.142
17.4333 3.991
17.45 3.842
17.4667 3.696
17.4833 3.551
17.5 3.409
17.5167 3.269
17.5333 3.132
17.55 2.997
17.5667 2.864
17.5833 2.733
17.6 2.605
17.6167 2.479
17.6333 2.356
17.65 2.235
17.6667 2.116
17.6833 1.999
17.7 1.886
17.7167 1.774
17.7333 1.665
17.75 1.559
17.7667 1.456
17.7833 1.355
17.8 1.258
17.8167 1.163
17.8333 1.072
17.85 0.9838
17.8667 0.8996
17.8833 0.8195
17.9 0.7441
17.9167 0.6635
17.9333 0.5851
17.95 0.519
17.9667 0.4633
17.9833 0.4108
18.0 0.3536
18.0167 0.3061
18.0333 0.266
18.05 0.2245
18.0667 0.189
18.0833 0.1581
18.1 0.1316
18.1167 0.109
18.1333 0.08761
18.15 0.0709
18.1667 0.05676
18.1833 0.04521
18.2 0.03538
18.2167 0.02764
18.2333 0.02147
18.25 0.01651
18.2667 0.0126
18.2833 0.009557
18.3 0.007214
18.3167 0.005245
18.3333 0.003852
18.35 0.00271
18.3667 0.001877
18.3833 0.001273
18.4 0.0008369
18.4167 0.000528
18.4333 0.0003138
18.45 0.0001685
18.4667 7.219e-05
18.4833 2.038e-05
18.5 2.486e-06
18.5167 1.48e-07
18.5333 1.883e-09
18.55 4.648e-12
18.5667 2.415e-29
18.5833 0.0
18.6 0.0
18.6167 0.0
18.6333 0.0
18.65 0.0
18.6667 0.0
18.6833 0.0
18.7 0.0
18.7167 0.0
18.7333 0.0
18.75 0.0
18.7667 0.0
18.7833 0.0
18.8 0.0
18.8167 0.0
18.8333 0.0
18.85 0.0
18.8667 0.0
18.8833 0.0
18.9 0.0
18.9167 0.0
18.9333 0.0
18.95 0.0
18.9667 0.0
18.9833 0.0
19.0 0.0
19.0167 0.0
19.0333 0.0
19.05 0.0
19.0667 0.0
19.0833 0.0
19.1 0.0
19.1167 0.0
19.1333 0.0
19.15 0.0
19.1667 0.0
19.1833 0.0
19.2 0.0
19.2167 0.0
19.2333 0.0
19.25 0.0
19.2667 0.0
19.2833 0.0
19.3 0.0
19.3167 0.0
19.3333 0.0
19.35 0.0
19.3667 0.0
19.3833 0.0
19.4 0.0
19.4167 0.0
19.4333 0.0
19.45 0.0
19.4667 0.0
19.4833 0.0
19.5 0.0
19.5167 0.0
19.5333 0.0
19.55 0.0
19.5667 0.0
19.5833 0.0
19.6 0.0
19.6167 0.0
19.6333 0.0
19.65 0.0
19.6667 0.0
19.6833 0.0
19.7 0.0
19.7167 0.0
19.7333 0.0
19.75 0.0
19.7667 0.0
19.7833 0.0
19.8 0.0
19.8167 0.0
19.8333 0.0
19.85 0.0
19.8667 0.0
19.8833 0.0
19.9 0.0
19.9167 0.0
19.9333 0.0
19.95 0.0
19.9667 0.0
19.9833 0.0
20.0 0.0
20.0167 0.0
20.0333 0.0
20.05 0.0
20.0667 0.0
20.0833 0.0
20.1 0.0
20.1167 0.0
20.1333 0.0
20.15 0.0
20.1667 0.0
20.1833 0.0
20.2 0.0
20.2167 0.0
20.2333 0.0
20.25 0.0
20.2667 0.0
20.2833 0.0
20.3 0.0
20.3167 0.0
20.3333 0.0
20.35 0.0
20.3667 0.0
20.3833 0.0
20.4 0.0
20.4167 0.0
20.4333 0.0
20.45 0.0
20.4667 0.0
20.4833 0.0
20.5 0.0
20.5167 0.0
20.5333 0.0
20.55 0.0
20.5667 0.0
20.5833 0.0
20.6 0.0
20.6167 0.0
20.6333 0.0
20.65 0.0
20.6667 0.0
20.6833 0.0
20.7 0.0
20.7167 0.0
20.7333 0.0
20.75 0.0
20.7667 0.0
20.7833 0.0
20.8 0.0
20.8167 0.0
20.8333 0.0
20.85 0.0
20.8667 0.0
20.8833 0.0
20.9 0.0
20.9167 0.0
20.9333 0.0
20.95 0.0
20.9667 0.0
20.9833 0.0
21.0 0.0
21.0167 0.0
21.0333 0.0
21.05 0.0
21.0667 0.0
21.0833 0.0
21.1 0.0
21.1167 0.0
21.1333 0.0
21.15 0.0
21.1667 0.0
21.1833 0.0
21.2 0.0
21.2167 0.0
21.2333 0.0
21.25 0.0
21.2667 0.0
21.2833 0.0
21.3 0.0
21.3167 0.0
21.3333 0.0
21.35 0.0
21.3667 0.0
21.3833 0.0
21.4 0.0
21.4167 0.0
21.4333 0.0
21.45 0.0
21.4667 0.0
21.4833 0.0
21.5 0.0
21.5167 0.0
21.5333 0.0
21.55 0.0
21.5667 0.0
21.5833 0.0
21.6 0.0
21.6167 0.0
21.6333 0.0
21.65 0.0
21.6667 0.0
21.6833 0.0
21.7 0.0
21.7167 0.0
21.7333 0.0
21.75 0.0
21.7667 0.0
21.7833 0.0
21.8 0.0
21.8167 0.0
21.8333 0.0
21.85 0.0
21.8667 0.0
21.8833 0.0
21.9 0.0
21.9167 0.0
21.9333 0.0
21.95 0.0
21.9667 0.0
21.9833 0.0
22.0 0.0
22.0167 0.0
22.0333 0.0
22.05 0.0
22.0667 0.0
22.0833 0.0
22.1 0.0
22.1167 0.0
22.1333 0.0
22.15 0.0
22.1667 0.0
22.1833 0.0
22.2 0.0
22.2167 0.0
22.2333 0.0
22.25 0.0
22.2667 0.0
22.2833 0.0
22.3 0.0
22.3167 0.0
22.3333 0.0
22.35 0.0
22.3667 0.0
22.3833 0.0
22.4 0.0
22.4167 0.0
22.4333 0.0
22.45 0.0
22.4667 0.0
22.4833 0.0
22.5 0.0
22.5167 0.0
22.5333 0.0
22.55 0.0
22.5667 0.0
22.5833 0.0
22.6 0.0
22.6167 0.0
22.6333 0.0
22.65 0.0
22.6667 0.0
22.6833 0.0
22.7 0.0
22.7167 0.0
22.7333 0.0
22.75 0.0
22.7667 0.0
22.7833 0.0
22.8 0.0
22.8167 0.0
22.8333 0.0
22.85 0.0
22.8667 0.0
22.8833 0.0
22.9 0.0
22.9167 0.0
22.9333 0.0
22.95 0.0
22.9667 0.0
22.9833 0.0
23.0 0.0
23.0167 0.0
23.0333 0.0
23.05 0.0
23.0667 0.0
23.0833 0.0
23.1 0.0
23.1167 0.0
23.1333 0.0
23.15 0.0
23.1667 0.0
23.1833 0.0
23.2 0.0
23.2167 0.0
23.2333 0.0
23.25 0.0
23.2667 0.0
23.2833 0.0
23.3 0.0
23.3167 0.0
23.3333 0.0
23.35 0.0
23.3667 0.0
23.3833 0.0
23.4 0.0
23.4167 0.0
23.4333 0.0
23.45 0.0
23.4667 0.0
23.4833 0.0
23.5 0.0
23.5167 0.0
23.5333 0.0
23.55 0.0
23.5667 0.0
23.5833 0.0
23.6 0.0
23.6167 0.0
23.6333 0.0
23.65 0.0
23.6667 0.0
23.6833 0.0
23.7 0.0
23.7167 0.0
23.7333 0.0
23.75 0.0
23.7667 0.0
23.7833 0.0
23.8 0.0
23.8167 0.0
23.8333 0.0
23.85 0.0
23.8667 0.0
23.8833 0.0
23.9 0.0
23.9167 0.0
23.9333 0.0
23.95 0.0
23.9667 0.0
23.9833 0.0
