0.0 0.0
0.0167 0.0
0.0333 0.0
0.05 0.0
0.0667 0.0
0.0833 0.0
0.1 0.0
0.1167 0.0
0.1333 0.0
0.15 0.0
0.1667 0.0
0.1833 0.0
0.2 0.0
0.2167 0.0
0.2333 0.0
0.25 0.0
0.2667 0.0
0.2833 0.0
0.3 0.0
0.3167 0.0
0.3333 0.0
0.35 0.0
0.3667 0.0
0.3833 0.0
0.4 0.0
0.4167 0.0
0.4333 0.0
0.45 0.0
0.4667 0.0
0.4833 0.0
0.5 0.0
0.5167 0.0
0.5333 0.0
0.55 0.0
0.5667 0.0
0.5833 0.0
0.6 0.0
0.6167 0.0
0.6333 0.0
0.65 0.0
0.6667 0.0
0.6833 0.0
0.7 0.0
0.7167 0.0
0.7333 0.0
0.75 0.0
0.7667 0.0
0.7833 0.0
0.8 0.0
0.8167 0.0
0.8333 0.0
0.85 0.0
0.8667 0.0
0.8833 0.0
0.9 0.0
0.9167 0.0
0.9333 0.0
0.95 0.0
0.9667 0.0
0.9833 0.0
1.0 0.0
1.0167 0.0
1.0333 0.0
1.05 0.0
1.0667 0.0
1.0833 0.0
1.1 0.0
1.1167 0.0
1.1333 0.0
1.15 0.0
1.1667 0.0
1.1833 0.0
1.2 0.0
1.2167 0.0
1.2333 0.0
1.25 0.0
1.2667 0.0
1.2833 0.0
1.3 0.0
1.3167 0.0
1.3333 0.0
1.35 0.0
1.3667 0.0
1.3833 0.0
1.4 0.0
1.4167 0.0
1.4333 0.0
1.45 0.0
1.4667 0.0
1.4833 0.0
1.5 0.0
1.5167 0.0
1.5333 0.0
1.55 0.0
1.5667 0.0
1.5833 0.0
1.6 0.0
1.6167 0.0
1.6333 0.0
1.65 0.0
1.6667 0.0
1.6833 0.0
1.7 0.0
1.7167 0.0
1.7333 0.0
1.75 0.0
1.7667 0.0
1.7833 0.0
1.8 0.0
1.8167 0.0
1.8333 0.0
1.85 0.0
1.8667 0.0
1.8833 0.0
1.9 0.0
1.9167 0.0
1.9333 0.0
1.95 0.0
1.9667 0.0
1.9833 0.0
2.0 0.0
2.0167 0.0
2.0333 0.0
2.05 0.0
2.0667 0.0
2.0833 0.0
2.1 0.0
2.1167 0.0
2.1333 0.0
2.15 0.0
2.1667 0.0
2.1833 0.0
2.2 0.0
2.2167 0.0
2.2333 0.0
2.25 0.0
2.2667 0.0
2.2833 0.0
2.3 0.0
2.3167 0.0
2.3333 0.0
2.35 0.0
2.3667 0.0
2.3833 0.0
2.4 0.0
2.4167 0.0
2.4333 0.0
2.45 0.0
2.4667 0.0
2.4833 0.0
2.5 0.0
2.5167 0.0
2.5333 0.0
2.55 0.0
2.5667 0.0
2.5833 0.0
2.6 0.0
2.6167 0.0
2.6333 0.0
2.65 0.0
2.6667 0.0
2.6833 0.0
2.7 0.0
2.7167 0.0
2.7333 0.0
2.75 0.0
2.7667 0.0
2.7833 0.0
2.8 0.0
2.8167 0.0
2.8333 0.0
2.85 0.0
2.8667 0.0
2.8833 0.0
2.9 0.0
2.9167 0.0
2.9333 0.0
2.95 0.0
2.9667 0.0
2.9833 0.0
3.0 0.0
3.0167 0.0
3.0333 0.0
3.05 0.0
3.0667 0.0
3.0833 0.0
3.1 0.0
3.1167 0.0
3.1333 0.0
3.15 0.0
3.1667 0.0
3.1833 0.0
3.2 0.0
3.2167 0.0
3.2333 0.0
3.25 0.0
3.2667 0.0
3.2833 0.0
3.3 0.0
3.3167 0.0
3.3333 0.0
3.35 0.0
3.3667 0.0
3.3833 0.0
3.4 0.0
3.4167 0.0
3.4333 0.0
3.45 0.0
3.4667 0.0
3.4833 0.0
3.5 0.0
3.5167 0.0
3.5333 0.0
3.55 0.0
3.5667 0.0
3.5833 0.0
3.6 0.0
3.6167 0.0
3.6333 0.0
3.65 0.0
3.6667 0.0
3.6833 0.0
3.7 0.0
3.7167 0.0
3.7333 0.0
3.75 0.0
3.7667 0.0
3.7833 0.0
3.8 0.0
3.8167 0.0
3.8333 0.0
3.85 0.0
3.8667 0.0
3.8833 0.0
3.9 0.0
3.9167 0.0
3.9333 0.0
3.95 0.0
3.9667 0.0
3.9833 0.0
4.0 0.0
4.0167 0.0
4.0333 0.0
4.05 0.0
4.0667 0.0
4.0833 0.0
4.1 0.0
4.1167 0.0
4.1333 0.0
4.15 0.0
4.1667 0.0
4.1833 0.0
4.2 0.0
4.2167 0.0
4.2333 0.0
4.25 0.0
4.2667 0.0
4.2833 0.0
4.3 0.0
4.3167 0.0
4.3333 0.0
4.35 0.0
4.3667 0.0
4.3833 0.0
4.4 0.0
4.4167 0.0
4.4333 0.0
4.45 0.0
4.4667 0.0
4.4833 0.0
4.5 0.0
4.5167 0.0
4.5333 0.0
4.55 0.0
4.5667 0.0
4.5833 0.0
4.6 0.0
4.6167 0.0
4.6333 0.0
4.65 0.0
4.6667 0.0
4.6833 0.0
4.7 0.0
4.7167 0.0
4.7333 0.0
4.75 0.0
4.7667 0.0
4.7833 0.0
4.8 0.0
4.8167 0.0
4.8333 0.0
4.85 0.0
4.8667 0.0
4.8833 0.0
4.9 0.0
4.9167 0.0
4.9333 0.0
4.95 0.0
4.9667 0.0
4.9833 0.0
5.0 0.0
5.0167 0.0
5.0333 0.0
5.05 0.0
5.0667 0.0
5.0833 0.0
5.1 0.0
5.1167 0.0
5.1333 0.0
5.15 0.0
5.1667 0.0
5.1833 0.0
5.2 0.0
5.2167 0.0
5.2333 0.0
5.25 0.0
5.2667 0.0
5.2833 0.0
5.3 0.0
5.3167 0.0
5.3333 0.0
5.35 0.0
5.3667 0.0
5.3833 0.0
5.4 0.0
5.4167 0.0
5.4333 0.0
5.45 0.0
5.4667 0.0
5.4833 0.0
5.5 0.0
5.5167 0.0
5.5333 0.0
5.55 0.0
5.5667 0.0
5.5833 0.0
5.6 0.0
5.6167 0.0
5.6333 0.0
5.65 0.0
5.6667 0.0
5.6833 0.0
5.7 0.0
5.7167 0.0
5.7333 0.0
5.75 0.0
5.7667 0.0
5.7833 0.0
5.8 0.0
5.8167 0.0
5.8333 0.0
5.85 1.307e-13
5.8667 2.225e-10
5.8833 3.322e-08
5.9 1.034e-06
5.9167 1.149e-05
5.9333 5.207e-05
5.95 0.0001344
5.9667 0.0002674
5.9833 0.000473
6.0 0.0007599
6.0167 0.001174
6.0333 0.001761
6.05 0.002581
6.0667 0.003672
6.0833 0.005082
6.1 0.007048
6.1167 0.009419
6.1333 0.01258
6.15 0.01686
6.1667 0.02201
6.1833 0.02863
6.2 0.03687
6.2167 0.04654
6.2333 0.05929
6.25 0.07466
6.2667 0.09295
6.2833 0.1139
6.3 0.1397
6.3167 0.1715
6.3333 0.2052
6.35 0.2403
6.3667 0.2818
6.3833 0.332
6.4 0.381
6.4167 0.4408
6.4333 0.4959
6.45 0.5618
6.4667 0.6407
6.4833 0.7234
6.5 0.8006
6.5167 0.8832
6.5333 0.9698
6.55 1.061
6.5667 1.155
6.5833 1.253
6.6 1.354
6.6167 1.459
6.6333 1.567
6.65 1.678
6.6667 1.791
6.6833 1.908
6.7 2.027
6.7167 2.149
6.7333 2.274
6.75 2.402
6.7667 2.532
6.7833 2.665
6.8 2.801
6.8167 2.939
6.8333 3.08
6.85 3.223
6.8667 3.37
6.8833 3.519
6.9 3.671
6.9167 3.825
6.9333 3.982
6.95 4.142
6.9667 4.304
6.9833 4.469
7.0 4.637
7.0167 4.807
7.0333 4.979
7.05 5.155
7.0667 5.332
7.0833 5.513
7.1 5.696
7.1167 5.881
7.1333 6.068
7.15 6.258
7.1667 6.451
7.1833 6.646
7.2 6.842
7.2167 7.041
7.2333 7.243
7.25 7.446
7.2667 7.652
7.2833 7.859
7.3 8.069
7.3167 8.28
7.3333 8.494
7.35 8.709
7.3667 8.927
7.3833 9.146
7.4 9.367
7.4167 9.589
7.4333 9.813
7.45 10.04
7.4667 10.27
7.4833 10.5
7.5 10.73
7.5167 10.96
7.5333 11.19
7.55 11.43
7.5667 11.66
7.5833 11.9
7.6 12.14
7.6167 12.38
7.6333 12.62
7.65 12.86
7.6667 13.11
7.6833 13.35
7.7 13.6
7.7167 13.85
7.7333 14.09
7.75 14.34
7.7667 14.59
7.7833 14.84
7.8 15.1
7.8167 15.35
7.8333 15.6
7.85 15.86
7.8667 16.11
7.8833 16.37
7.9 16.62
7.9167 16.88
7.9333 17.14
7.95 17.4
7.9667 17.66
7.9833 17.92
8.0 18.18
8.0167 18.44
8.0333 18.7
8.05 18.96
8.0667 19.22
8.0833 19.49
8.1 19.75
8.1167 20.01
8.1333 20.28
8.15 20.54
8.1667 20.8
8.1833 21.07
8.2 21.33
8.2167 21.6
8.2333 21.87
8.25 22.13
8.2667 22.4
8.2833 22.66
8.3 22.93
8.3167 23.2
8.3333 23.46
8.35 23.73
8.3667 24.0
8.3833 24.26
8.4 24.53
8.4167 24.8
8.4333 25.06
8.45 25.33
8.4667 25.6
8.4833 25.86
8.5 26.13
8.5167 26.4
8.5333 26.66
8.55 26.93
8.5667 27.2
8.5833 27.46
8.6 27.73
8.6167 27.99
8.6333 28.26
8.65 28.52
8.6667 28.79
8.6833 29.05
8.7 29.32
8.7167 29.58
8.7333 29.85
8.75 30.11
8.7667 30.38
8.7833 30.64
8.8 30.9
8.8167 31.16
8.8333 31.43
8.85 31.69
8.8667 31.95
8.8833 32.21
8.9 32.47
8.9167 32.73
8.9333 32.99
8.95 33.25
8.9667 33.51
8.9833 33.77
9.0 34.03
9.0167 34.28
9.0333 34.54
9.05 34.8
9.0667 35.05
9.0833 35.31
9.1 35.56
9.1167 35.82
9.1333 36.07
9.15 36.32
9.1667 36.58
9.1833 36.83
9.2 37.08
9.2167 37.33
9.2333 37.58
9.25 37.83
9.2667 38.08
9.2833 38.33
9.3 38.57
9.3167 38.82
9.3333 39.07
9.35 39.31
9.3667 39.56
9.3833 39.8
9.4 40.04
9.4167 40.29
9.4333 40.53
9.45 40.77
9.4667 41.01
9.4833 41.25
9.5 41.49
9.5167 41.73
9.5333 41.96
9.55 42.2
9.5667 42.44
9.5833 42.67
9.6 42.9
9.6167 43.14
9.6333 43.37
9.65 43.6
9.6667 43.83
9.6833 44.06
9.7 44.29
9.7167 44.52
9.7333 44.74
9.75 44.97
9.7667 45.2
9.7833 45.42
9.8 45.64
9.8167 45.87
9.8333 46.09
9.85 46.31
9.8667 46.53
9.8833 46.75
9.9 46.97
9.9167 47.18
9.9333 47.4
9.95 47.61
9.9667 47.83
9.9833 48.04
10.0 48.25
10.0167 48.46
10.0333 48.67
10.05 48.88
10.0667 49.09
10.0833 49.3
10.1 49.5
10.1167 49.71
10.1333 49.91
10.15 50.11
10.1667 50.31
10.1833 50.51
10.2 50.71
10.2167 50.91
10.2333 51.11
10.25 51.3
10.2667 51.5
10.2833 51.69
10.3 51.89
10.3167 52.08
10.3333 52.27
10.35 52.46
10.3667 52.65
10.3833 52.83
10.4 53.02
10.4167 53.2
10.4333 53.39
10.45 53.57
10.4667 53.75
10.4833 53.93
10.5 54.11
10.5167 54.29
10.5333 54.47
10.55 54.64
10.5667 54.82
10.5833 54.99
10.6 55.16
10.6167 55.33
10.6333 55.5
10.65 55.67
10.6667 55.84
10.6833 56.0
10.7 56.17
10.7167 56.33
10.7333 56.49
10.75 56.65
10.7667 56.81
10.7833 56.97
10.8 57.13
10.8167 57.28
10.8333 57.44
10.85 57.59
10.8667 57.74
10.8833 57.89
10.9 58.04
10.9167 58.19
10.9333 58.34
10.95 58.48
10.9667 58.63
10.9833 58.77
11.0 58.91
11.0167 59.05
11.0333 59.19
11.05 59.33
11.0667 59.47
11.0833 59.6
11.1 59.74
11.1167 59.87
11.1333 60.0
11.15 60.13
11.1667 60.26
11.1833 60.38
11.2 60.51
11.2167 60.63
11.2333 60.76
11.25 60.88
11.2667 61.0
11.2833 61.12
11.3 61.24
11.3167 61.35
11.3333 61.47
11.35 61.58
11.3667 61.69
11.3833 61.8
11.4 61.91
11.4167 62.02
11.4333 62.13
11.45 62.23
11.4667 62.34
11.4833 62.44
11.5 62.54
11.5167 62.64
11.5333 62.74
11.55 62.83
11.5667 62.93
11.5833 63.02
11.6 63.12
11.6167 63.21
11.6333 63.3
11.65 63.38
11.6667 63.47
11.6833 63.56
11.7 63.64
11.7167 63.72
11.7333 63.8
11.75 63.88
11.7667 63.96
11.7833 64.04
11.8 64.11
11.8167 64.19
11.8333 64.26
11.85 64.33
11.8667 64.4
11.8833 64.47
11.9 64.53
11.9167 64.6
11.9333 64.66
11.95 64.73
11.9667 64.78
11.9833 64.85
12.0 64.9
12.0167 64.96
12.0333 65.01
12.05 65.07
12.0667 65.12
12.0833 65.17
12.1 65.22
12.1167 65.27
12.1333 65.31
12.15 65.36
12.1667 65.4
12.1833 65.44
12.2 65.48
12.2167 65.52
12.2333 65.56
12.25 65.6
12.2667 65.63
12.2833 65.66
12.3 65.69
12.3167 65.72
12.3333 65.75
12.35 65.78
12.3667 65.8
12.3833 65.83
12.4 65.85
12.4167 65.87
12.4333 65.89
12.45 65.91
12.4667 65.93
12.4833 65.94
12.5 65.95
12.5167 65.97
12.5333 65.98
12.55 65.99
12.5667 65.99
12.5833 66.0
12.6 66.0
12.6167 66.01
12.6333 66.01
12.65 66.01
12.6667 66.01
12.6833 66.0
12.7 66.0
12.7167 65.99
12.7333 65.99
12.75 65.98
12.7667 65.97
12.7833 65.96
12.8 65.94
12.8167 65.93
12.8333 65.91
12.85 65.89
12.8667 65.87
12.8833 65.85
12.9 65.83
12.9167 65.81
12.9333 65.78
12.95 65.76
12.9667 65.73
12.9833 65.7
13.0 65.67
13.0167 65.63
13.0333 65.6
13.05 65.56
13.0667 65.53
13.0833 65.49
13.1 65.45
13.1167 65.41
13.1333 65.36
13.15 65.32
13.1667 65.27
13.1833 65.23
13.2 65.18
13.2167 65.13
13.2333 65.08
13.25 65.02
13.2667 64.97
13.2833 64.91
13.3 64.85
13.3167 64.79
13.3333 64.73
13.35 64.67
13.3667 64.61
13.3833 64.54
13.4 64.48
13.4167 64.41
13.4333 64.34
13.45 64.27
13.4667 64.2
13.4833 64.12
13.5 64.05
13.5167 63.97
13.5333 63.89
13.55 63.81
13.5667 63.73
13.5833 63.65
13.6 63.57
13.6167 63.48
13.6333 63.4
13.65 63.31
13.6667 63.22
13.6833 63.13
13.7 63.03
13.7167 62.94
13.7333 62.85
13.75 62.75
13.7667 62.65
13.7833 62.55
13.8 62.45
13.8167 62.35
13.8333 62.25
13.85 62.14
13.8667 62.04
13.8833 61.93
13.9 61.82
13.9167 61.71
13.9333 61.6
13.95 61.48
13.9667 61.37
13.9833 61.25
14.0 61.14
14.0167 61.02
14.0333 60.9
14.05 60.77
14.0667 60.65
14.0833 60.53
14.1 60.4
14.1167 60.28
14.1333 60.15
14.15 60.02
14.1667 59.89
14.1833 59.75
14.2 59.62
14.2167 59.49
14.2333 59.35
14.25 59.21
14.2667 59.07
14.2833 58.93
14.3 58.79
14.3167 58.65
14.3333 58.51
14.35 58.36
14.3667 58.21
14.3833 58.07
14.4 57.92
14.4167 57.77
14.4333 57.61
14.45 57.46
14.4667 57.31
14.4833 57.15
14.5 56.99
14.5167 56.83
14.5333 56.68
14.55 56.52
14.5667 56.35
14.5833 56.19
14.6 56.03
14.6167 55.86
14.6333 55.69
14.65 55.53
14.6667 55.36
14.6833 55.19
14.7 55.02
14.7167 54.84
14.7333 54.67
14.75 54.49
14.7667 54.32
14.7833 54.14
14.8 53.96
14.8167 53.78
14.8333 53.6
14.85 53.42
14.8667 53.23
14.8833 53.05
14.9 52.86
14.9167 52.68
14.9333 52.49
14.95 52.3
14.9667 52.11
14.9833 51.92
15.0 51.72
15.0167 51.53
15.0333 51.34
15.05 51.14
15.0667 50.94
15.0833 50.75
15.1 50.55
15.1167 50.35
15.1333 50.14
15.15 49.94
15.1667 49.74
15.1833 49.53
15.2 49.33
15.2167 49.12
15.2333 48.91
15.25 48.71
15.2667 48.5
15.2833 48.29
15.3 48.07
15.3167 47.86
15.3333 47.65
15.35 47.43
15.3667 47.22
15.3833 47.0
15.4 46.78
15.4167 46.57
15.4333 46.35
15.45 46.13
15.4667 45.9
15.4833 45.68
15.5 45.46
15.5167 45.24
15.5333 45.01
15.55 44.78
15.5667 44.56
15.5833 44.33
15.6 44.1
15.6167 43.87
15.6333 43.64
15.65 43.41
15.6667 43.18
15.6833 42.94
15.7 42.71
15.7167 42.48
15.7333 42.24
15.75 42.01
15.7667 41.77
15.7833 41.53
15.8 41.29
15.8167 41.05
15.8333 40.81
15.85 40.57
15.8667 40.33
15.8833 40.09
15.9 39.85
15.9167 39.6
15.9333 39.36
15.95 39.11
15.9667 38.87
15.9833 38.62
16.0 38.37
16.0167 38.12
16.0333 37.88
16.05 37.63
16.0667 37.38
16.0833 37.13
16.1 36.88
16.1167 36.62
16.1333 36.37
16.15 36.12
16.1667 35.86
16.1833 35.61
16.2 35.36
16.2167 35.1
16.2333 34.85
16.25 34.59
16.2667 34.33
16.2833 34.08
16.3 33.82
16.3167 33.56
16.3333 33.3
16.35 33.04
16.3667 32.78
16.3833 32.52
16.4 32.26
16.4167 32.0
16.4333 31.74
16.45 31.48
16.4667 31.22
16.4833 30.95
16.5 30.69
16.5167 30.43
16.5333 30.16
16.55 29.9
16.5667 29.64
16.5833 29.37
16.6 29.11
16.6167 28.84
16.6333 28.58
16.65 28.31
16.6667 28.05
16.6833 27.78
16.7 27.52
16.7167 27.25
16.7333 26.99
16.75 26.72
16.7667 26.45
16.7833 26.19
16.8 25.92
16.8167 25.65
16.8333 25.39
16.85 25.12
16.8667 24.85
16.8833 24.59
16.9 24.32
16.9167 24.05
16.9333 23.79
16.95 23.52
16.9667 23.26
16.9833 22.99
17.0 22.72
17.0167 22.46
17.0333 22.19
17.05 21.93
17.0667 21.66
17.0833 21.39
17.1 21.13
17.1167 20.87
17.1333 20.6
17.15 20.34
17.1667 20.07
17.1833 19.81
17.2 19.55
17.2167 19.28
17.2333 19.02
17.25 18.76
17.2667 18.5
17.2833 18.24
17.3 17.98
17.3167 17.72
17.3333 17.46
17.35 17.2
17.3667 16.94
17.3833 16.69
17.4 16.43
17.4167 16.17
17.4333 15.92
17.45 15.66
17.4667 15.41
17.4833 15.16
17.5 14.91
17.5167 14.66
17.5333 14.41
17.55 14.16
17.5667 13.91
17.5833 13.66
17.6 13.42
17.6167 13.17
17.6333 12.93
17.65 12.68
17.6667 12.44
17.6833 12.2
17.7 11.96
17.7167 11.72
17.7333 11.49
17.75 11.25
17.7667 11.02
17.7833 10.79
17.8 10.56
17.8167 10.33
17.8333 10.1
17.85 9.873
17.8667 9.649
17.8833 9.426
17.9 9.205
17.9167 8.986
17.9333 8.768
17.95 8.552
17.9667 8.339
17.9833 8.127
18.0 7.917
18.0167 7.709
18.0333 7.503
18.05 7.299
18.0667 7.098
18.0833 6.898
18.1 6.701
18.1167 6.506
18.1333 6.313
18.15 6.123
18.1667 5.935
18.1833 5.749
18.2 5.565
18.2167 5.385
18.2333 5.206
18.25 5.03
18.2667 4.857
18.2833 4.686
18.3 4.518
18.3167 4.353
18.3333 4.19
18.35 4.029
18.3667 3.872
18.3833 3.717
18.4 3.564
18.4167 3.415
18.4333 3.268
18.45 3.124
18.4667 2.982
18.4833 2.843
18.5 2.707
18.5167 2.573
18.5333 2.442
18.55 2.314
18.5667 2.188
18.5833 2.065
18.6 1.945
18.6167 1.828
18.6333 1.714
18.65 1.602
18.6667 1.494
18.6833 1.388
18.7 1.286
18.7167 1.187
18.7333 1.091
18.75 0.9992
18.7667 0.9112
18.7833 0.8275
18.8 0.7486
18.8167 0.6704
18.8333 0.5868
18.85 0.5167
18.8667 0.4583
18.8833 0.4097
18.9 0.3466
18.9167 0.2985
18.9333 0.2579
18.95 0.2163
18.9667 0.1808
18.9833 0.1503
19.0 0.1243
19.0167 0.09973
19.0333 0.08051
19.05 0.06456
19.0667 0.051
19.0833 0.03979
19.1 0.03098
19.1167 0.02396
19.1333 0.01833
19.15 0.01391
19.1667 0.01051
19.1833 0.007903
19.2 0.005721
19.2167 0.004151
19.2333 0.002945
19.25 0.002028
19.2667 0.001367
19.2833 0.0008949
19.3 0.0005657
19.3167 0.0003396
19.3333 0.0001775
19.35 7.895e-05
19.3667 2.226e-05
19.3833 2.96e-06
19.4 1.578e-07
19.4167 1.915e-09
19.4333 4.191e-12
19.45 1.412e-29
19.4667 0.0
19.4833 0.0
19.5 0.0
19.5167 0.0
19.5333 0.0
19.55 0.0
19.5667 0.0
19.5833 0.0
19.6 0.0
19.6167 0.0
19.6333 0.0
19.65 0.0
19.6667 0.0
19.6833 0.0
19.7 0.0
19.7167 0.0
19.7333 0.0
19.75 0.0
19.7667 0.0
19.7833 0.0
19.8 0.0
19.8167 0.0
19.8333 0.0
19.85 0.0
19.8667 0.0
19.8833 0.0
19.9 0.0
19.9167 0.0
19.9333 0.0
19.95 0.0
19.9667 0.0
19.9833 0.0
20.0 0.0
20.0167 0.0
20.0333 0.0
20.05 0.0
20.0667 0.0
20.0833 0.0
20.1 0.0
20.1167 0.0
20.1333 0.0
20.15 0.0
20.1667 0.0
20.1833 0.0
20.2 0.0
20.2167 0.0
20.2333 0.0
20.25 0.0
20.2667 0.0
20.2833 0.0
20.3 0.0
20.3167 0.0
20.3333 0.0
20.35 0.0
20.3667 0.0
20.3833 0.0
20.4 0.0
20.4167 0.0
20.4333 0.0
20.45 0.0
20.4667 0.0
20.4833 0.0
20.5 0.0
20.5167 0.0
20.5333 0.0
20.55 0.0
20.5667 0.0
20.5833 0.0
20.6 0.0
20.6167 0.0
20.6333 0.0
20.65 0.0
20.6667 0.0
20.6833 0.0
20.7 0.0
20.7167 0.0
20.7333 0.0
20.75 0.0
20.7667 0.0
20.7833 0.0
20.8 0.0
20.8167 0.0
20.8333 0.0
20.85 0.0
20.8667 0.0
20.8833 0.0
20.9 0.0
20.9167 0.0
20.9333 0.0
20.95 0.0
20.9667 0.0
20.9833 0.0
21.0 0.0
21.0167 0.0
21.0333 0.0
21.05 0.0
21.0667 0.0
21.0833 0.0
21.1 0.0
21.1167 0.0
21.1333 0.0
21.15 0.0
21.1667 0.0
21.1833 0.0
21.2 0.0
21.2167 0.0
21.2333 0.0
21.25 0.0
21.2667 0.0
21.2833 0.0
21.3 0.0
21.3167 0.0
21.3333 0.0
21.35 0.0
21.3667 0.0
21.3833 0.0
21.4 0.0
21.4167 0.0
21.4333 0.0
21.45 0.0
21.4667 0.0
21.4833 0.0
21.5 0.0
21.5167 0.0
21.5333 0.0
21.55 0.0
21.5667 0.0
21.5833 0.0
21.6 0.0
21.6167 0.0
21.6333 0.0
21.65 0.0
21.6667 0.0
21.6833 0.0
21.7 0.0
21.7167 0.0
21.7333 0.0
21.75 0.0
21.7667 0.0
21.7833 0.0
21.8 0.0
21.8167 0.0
21.8333 0.0
21.85 0.0
21.8667 0.0
21.8833 0.0
21.9 0.0
21.9167 0.0
21.9333 0.0
21.95 0.0
21.9667 0.0
21.9833 0.0
22.0 0.0
22.0167 0.0
22.0333 0.0
22.05 0.0
22.0667 0.0
22.0833 0.0
22.1 0.0
22.1167 0.0
22.1333 0.0
22.15 0.0
22.1667 0.0
22.1833 0.0
22.2 0.0
22.2167 0.0
22.2333 0.0
22.25 0.0
22.2667 0.0
22.2833 0.0
22.3 0.0
22.3167 0.0
22.3333 0.0
22.35 0.0
22.3667 0.0
22.3833 0.0
22.4 0.0
22.4167 0.0
22.4333 0.0
22.45 0.0
22.4667 0.0
22.4833 0.0
22.5 0.0
22.5167 0.0
22.5333 0.0
22.55 0.0
22.5667 0.0
22.5833 0.0
22.6 0.0
22.6167 0.0
22.6333 0.0
22.65 0.0
22.6667 0.0
22.6833 0.0
22.7 0.0
22.7167 0.0
22.7333 0.0
22.75 0.0
22.7667 0.0
22.7833 0.0
22.8 0.0
22.8167 0.0
22.8333 0.0
22.85 0.0
22.8667 0.0
22.8833 0.0
22.9 0.0
22.9167 0.0
22.9333 0.0
22.95 0.0
22.9667 0.0
22.9833 0.0
23.0 0.0
23.0167 0.0
23.0333 0.0
23.05 0.0
23.0667 0.0
23.0833 0.0
23.1 0.0
23.1167 0.0
23.1333 0.0
23.15 0.0
23.1667 0.0
23.1833 0.0
23.2 0.0
23.2167 0.0
23.2333 0.0
23.25 0.0
23.2667 0.0
23.2833 0.0
23.3 0.0
23.3167 0.0
23.3333 0.0
23.35 0.0
23.3667 0.0
23.3833 0.0
23.4 0.0
23.4167 0.0
23.4333 0.0
23.45 0.0
23.4667 0.0
23.4833 0.0
23.5 0.0
23.5167 0.0
23.5333 0.0
23.55 0.0
23.5667 0.0
23.5833 0.0
23.6 0.0
23.6167 0.0
23.6333 0.0
23.65 0.0
23.6667 0.0
23.6833 0.0
23.7 0.0
23.7167 0.0
23.7333 0.0
23.75 0.0
23.7667 0.0
23.7833 0.0
23.8 0.0
23.8167 0.0
23.8333 0.0
23.85 0.0
23.8667 0.0
23.8833 0.0
23.9 0.0
23.9167 0.0
23.9333 0.0
23.95 0.0
23.9667 0.0
23.9833 0.0
