0.0 0.0
0.0167 0.0
0.0333 0.0
0.05 0.0
0.0667 0.0
0.0833 0.0
0.1 0.0
0.1167 0.0
0.1333 0.0
0.15 0.0
0.1667 0.0
0.1833 0.0
0.2 0.0
0.2167 0.0
0.2333 0.0
0.25 0.0
0.2667 0.0
0.2833 0.0
0.3 0.0
0.3167 0.0
0.3333 0.0
0.35 0.0
0.3667 0.0
0.3833 0.0
0.4 0.0
0.4167 0.0
0.4333 0.0
0.45 0.0
0.4667 0.0
0.4833 0.0
0.5 0.0
0.5167 0.0
0.5333 0.0
0.55 0.0
0.5667 0.0
0.5833 0.0
0.6 0.0
0.6167 0.0
0.6333 0.0
0.65 0.0
0.6667 0.0
0.6833 0.0
0.7 0.0
0.7167 0.0
0.7333 0.0
0.75 0.0
0.7667 0.0
0.7833 0.0
0.8 0.0
0.8167 0.0
0.8333 0.0
0.85 0.0
0.8667 0.0
0.8833 0.0
0.9 0.0
0.9167 0.0
0.9333 0.0
0.95 0.0
0.9667 0.0
0.9833 0.0
1.0 0.0
1.0167 0.0
1.0333 0.0
1.05 0.0
1.0667 0.0
1.0833 0.0
1.1 0.0
1.1167 0.0
1.1333 0.0
1.15 0.0
1.1667 0.0
1.1833 0.0
1.2 0.0
1.2167 0.0
1.2333 0.0
1.25 0.0
1.2667 0.0
1.2833 0.0
1.3 0.0
1.3167 0.0
1.3333 0.0
1.35 0.0
1.3667 0.0
1.3833 0.0
1.4 0.0
1.4167 0.0
1.4333 0.0
1.45 0.0
1.4667 0.0
1.4833 0.0
1.5 0.0
1.5167 0.0
1.5333 0.0
1.55 0.0
1.5667 0.0
1.5833 0.0
1.6 0.0
1.6167 0.0
1.6333 0.0
1.65 0.0
1.6667 0.0
1.6833 0.0
1.7 0.0
1.7167 0.0
1.7333 0.0
1.75 0.0
1.7667 0.0
1.7833 0.0
1.8 0.0
1.8167 0.0
1.8333 0.0
1.85 0.0
1.8667 0.0
1.8833 0.0
1.9 0.0
1.9167 0.0
1.9333 0.0
1.95 0.0
1.9667 0.0
1.9833 0.0
2.0 0.0
2.0167 0.0
2.0333 0.0
2.05 0.0
2.0667 0.0
2.0833 0.0
2.1 0.0
2.1167 0.0
2.1333 0.0
2.15 0.0
2.1667 0.0
2.1833 0.0
2.2 0.0
2.2167 0.0
2.2333 0.0
2.25 0.0
2.2667 0.0
2.2833 0.0
2.3 0.0
2.3167 0.0
2.3333 0.0
2.35 0.0
2.3667 0.0
2.3833 0.0
2.4 0.0
2.4167 0.0
2.4333 0.0
2.45 0.0
2.4667 0.0
2.4833 0.0
2.5 0.0
2.5167 0.0
2.5333 0.0
2.55 0.0
2.5667 0.0
2.5833 0.0
2.6 0.0
2.6167 0.0
2.6333 0.0
2.65 0.0
2.6667 0.0
2.6833 0.0
2.7 0.0
2.7167 0.0
2.7333 0.0
2.75 0.0
2.7667 0.0
2.7833 0.0
2.8 0.0
2.8167 0.0
2.8333 0.0
2.85 0.0
2.8667 0.0
2.8833 0.0
2.9 0.0
2.9167 0.0
2.9333 0.0
2.95 0.0
2.9667 0.0
2.9833 0.0
3.0 0.0
3.0167 0.0
3.0333 0.0
3.05 0.0
3.0667 0.0
3.0833 0.0
3.1 0.0
3.1167 0.0
3.1333 0.0
3.15 0.0
3.1667 0.0
3.1833 0.0
3.2 0.0
3.2167 0.0
3.2333 0.0
3.25 0.0
3.2667 0.0
3.2833 0.0
3.3 0.0
3.3167 0.0
3.3333 0.0
3.35 0.0
3.3667 0.0
3.3833 0.0
3.4 0.0
3.4167 0.0
3.4333 0.0
3.45 0.0
3.4667 0.0
3.4833 0.0
3.5 0.0
3.5167 0.0
3.5333 0.0
3.55 0.0
3.5667 0.0
3.5833 0.0
3.6 0.0
3.6167 0.0
3.6333 0.0
3.65 0.0
3.6667 0.0
3.6833 0.0
3.7 0.0
3.7167 0.0
3.7333 0.0
3.75 0.0
3.7667 0.0
3.7833 0.0
3.8 0.0
3.8167 0.0
3.8333 0.0
3.85 0.0
3.8667 0.0
3.8833 0.0
3.9 0.0
3.9167 0.0
3.9333 0.0
3.95 0.0
3.9667 0.0
3.9833 0.0
4.0 0.0
4.0167 0.0
4.0333 0.0
4.05 0.0
4.0667 0.0
4.0833 0.0
4.1 0.0
4.1167 0.0
4.1333 0.0
4.15 0.0
4.1667 0.0
4.1833 0.0
4.2 0.0
4.2167 0.0
4.2333 0.0
4.25 0.0
4.2667 0.0
4.2833 0.0
4.3 0.0
4.3167 0.0
4.3333 0.0
4.35 0.0
4.3667 0.0
4.3833 0.0
4.4 0.0
4.4167 0.0
4.4333 0.0
4.45 0.0
4.4667 0.0
4.4833 0.0
4.5 0.0
4.5167 0.0
4.5333 0.0
4.55 0.0
4.5667 0.0
4.5833 0.0
4.6 0.0
4.6167 0.0
4.6333 0.0
4.65 0.0
4.6667 0.0
4.6833 0.0
4.7 0.0
4.7167 0.0
4.7333 0.0
4.75 0.0
4.7667 0.0
4.7833 0.0
4.8 0.0
4.8167 0.0
4.8333 0.0
4.85 0.0
4.8667 0.0
4.8833 0.0
4.9 0.0
4.9167 0.0
4.9333 0.0
4.95 0.0
4.9667 0.0
4.9833 0.0
5.0 0.0
5.0167 0.0
5.0333 0.0
5.05 0.0
5.0667 0.0
5.0833 0.0
5.1 0.0
5.1167 0.0
5.1333 0.0
5.15 0.0
5.1667 0.0
5.1833 0.0
5.2 0.0
5.2167 0.0
5.2333 0.0
5.25 0.0
5.2667 0.0
5.2833 0.0
5.3 0.0
5.3167 0.0
5.3333 0.0
5.35 1.246e-13
5.3667 1.254e-10
5.3833 1.629e-08
5.4 4.567e-07
5.4167 5.09e-06
5.4333 2.878e-05
5.45 8.189e-05
5.4667 0.0001723
5.4833 0.000308
5.5 0.0005015
5.5167 0.0007736
5.5333 0.001155
5.55 0.001687
5.5667 0.002366
5.5833 0.003299
5.6 0.004478
5.6167 0.006075
5.6333 0.007991
5.65 0.01044
5.6667 0.01356
5.6833 0.01747
5.7 0.02237
5.7167 0.02855
5.7333 0.03641
5.75 0.04495
5.7667 0.05657
5.7833 0.06921
5.8 0.0863
5.8167 0.1044
5.8333 0.1254
5.85 0.1498
5.8667 0.1781
5.8833 0.2108
5.9 0.249
5.9167 0.2833
5.9333 0.3283
5.95 0.3744
5.9667 0.4283
5.9833 0.4774
6.0 0.5355
6.0167 0.6043
6.0333 0.6822
6.05 0.7504
6.0667 0.8231
6.0833 0.8997
6.1 0.9799
6.1167 1.063
6.1333 1.15
6.15 1.24
6.1667 1.332
6.1833 1.427
6.2 1.525
6.2167 1.626
6.2333 1.729
6.25 1.834
6.2667 1.942
6.2833 2.053
6.3 2.165
6.3167 2.28
6.3333 2.398
6.35 2.518
6.3667 2.64
6.3833 2.764
6.4 2.891
6.4167 3.02
6.4333 3.152
6.45 3.286
6.4667 3.422
6.4833 3.56
6.5 3.701
6.5167 3.844
6.5333 3.99
6.55 4.138
6.5667 4.288
6.5833 4.441
6.6 4.595
6.6167 4.753
6.6333 4.912
6.65 5.074
6.6667 5.238
6.6833 5.404
6.7 5.572
6.7167 5.743
6.7333 5.915
6.75 6.09
6.7667 6.267
6.7833 6.446
6.8 6.627
6.8167 6.809
6.8333 6.994
6.85 7.181
6.8667 7.37
6.8833 7.56
6.9 7.753
6.9167 7.947
6.9333 8.143
6.95 8.341
6.9667 8.541
6.9833 8.742
7.0 8.945
7.0167 9.149
7.0333 9.355
7.05 9.563
7.0667 9.772
7.0833 9.982
7.1 10.19
7.1167 10.41
7.1333 10.62
7.15 10.84
7.1667 11.06
7.1833 11.27
7.2 11.49
7.2167 11.72
7.2333 11.94
7.25 12.16
7.2667 12.39
7.2833 12.61
7.3 12.84
7.3167 13.07
7.3333 13.3
7.35 13.53
7.3667 13.76
7.3833 13.99
7.4 14.22
7.4167 14.46
7.4333 14.69
7.45 14.93
7.4667 15.16
7.4833 15.4
7.5 15.64
7.5167 15.88
7.5333 16.12
7.55 16.36
7.5667 16.6
7.5833 16.84
7.6 17.08
7.6167 17.32
7.6333 17.57
7.65 17.81
7.6667 18.05
7.6833 18.3
7.7 18.54
7.7167 18.79
7.7333 19.04
7.75 19.28
7.7667 19.53
7.7833 19.78
7.8 20.03
7.8167 20.27
7.8333 20.52
7.85 20.77
7.8667 21.02
7.8833 21.27
7.9 21.52
7.9167 21.77
7.9333 22.02
7.95 22.27
7.9667 22.52
7.9833 22.77
8.0 23.02
8.0167 23.27
8.0333 23.52
8.05 23.78
8.0667 24.03
8.0833 24.28
8.1 24.53
8.1167 24.78
8.1333 25.03
8.15 25.29
8.1667 25.54
8.1833 25.79
8.2 26.04
8.2167 26.29
8.2333 26.54
8.25 26.8
8.2667 27.05
8.2833 27.3
8.3 27.55
8.3167 27.8
8.3333 28.05
8.35 28.3
8.3667 28.55
8.3833 28.8
8.4 29.05
8.4167 29.3
8.4333 29.56
8.45 29.8
8.4667 30.05
8.4833 30.3
8.5 30.55
8.5167 30.8
8.5333 31.05
8.55 31.3
8.5667 31.55
8.5833 31.79
8.6 32.04
8.6167 32.29
8.6333 32.54
8.65 32.78
8.6667 33.03
8.6833 33.27
8.7 33.52
8.7167 33.76
8.7333 34.01
8.75 34.25
8.7667 34.5
8.7833 34.74
8.8 34.98
8.8167 35.23
8.8333 35.47
8.85 35.71
8.8667 35.95
8.8833 36.19
8.9 36.43
8.9167 36.67
8.9333 36.91
8.95 37.15
8.9667 37.39
8.9833 37.62
9.0 37.86
9.0167 38.1
9.0333 38.33
9.05 38.57
9.0667 38.8
9.0833 39.04
9.1 39.27
9.1167 39.5
9.1333 39.73
9.15 39.97
9.1667 40.2
9.1833 40.43
9.2 40.66
9.2167 40.89
9.2333 41.11
9.25 41.34
9.2667 41.57
9.2833 41.8
9.3 42.02
9.3167 42.25
9.3333 42.47
9.35 42.69
9.3667 42.92
9.3833 43.14
9.4 43.36
9.4167 43.58
9.4333 43.8
9.45 44.02
9.4667 44.24
9.4833 44.45
9.5 44.67
9.5167 44.89
9.5333 45.1
9.55 45.32
9.5667 45.53
9.5833 45.74
9.6 45.96
9.6167 46.17
9.6333 46.38
9.65 46.59
9.6667 46.79
9.6833 47.0
9.7 47.21
9.7167 47.41
9.7333 47.62
9.75 47.82
9.7667 48.03
9.7833 48.23
9.8 48.43
9.8167 48.63
9.8333 48.83
9.85 49.03
9.8667 49.23
9.8833 49.43
9.9 49.62
9.9167 49.82
9.9333 50.01
9.95 50.2
9.9667 50.4
9.9833 50.59
10.0 50.78
10.0167 50.97
10.0333 51.16
10.05 51.34
10.0667 51.53
10.0833 51.72
10.1 51.9
10.1167 52.08
10.1333 52.27
10.15 52.45
10.1667 52.63
10.1833 52.81
10.2 52.99
10.2167 53.16
10.2333 53.34
10.25 53.52
10.2667 53.69
10.2833 53.86
10.3 54.04
10.3167 54.21
10.3333 54.38
10.35 54.55
10.3667 54.71
10.3833 54.88
10.4 55.05
10.4167 55.21
10.4333 55.38
10.45 55.54
10.4667 55.7
10.4833 55.86
10.5 56.02
10.5167 56.18
10.5333 56.33
10.55 56.49
10.5667 56.64
10.5833 56.8
10.6 56.95
10.6167 57.1
10.6333 57.25
10.65 57.4
10.6667 57.55
10.6833 57.7
10.7 57.84
10.7167 57.99
10.7333 58.13
10.75 58.27
10.7667 58.41
10.7833 58.55
10.8 58.69
10.8167 58.83
10.8333 58.96
10.85 59.1
10.8667 59.23
10.8833 59.37
10.9 59.5
10.9167 59.63
10.9333 59.76
10.95 59.89
10.9667 60.01
10.9833 60.14
11.0 60.26
11.0167 60.38
11.0333 60.51
11.05 60.63
11.0667 60.75
11.0833 60.87
11.1 60.98
11.1167 61.1
11.1333 61.21
11.15 61.32
11.1667 61.44
11.1833 61.55
11.2 61.66
11.2167 61.77
11.2333 61.87
11.25 61.98
11.2667 62.08
11.2833 62.19
11.3 62.29
11.3167 62.39
11.3333 62.49
11.35 62.59
11.3667 62.68
11.3833 62.78
11.4 62.87
11.4167 62.96
11.4333 63.06
11.45 63.14
11.4667 63.24
11.4833 63.32
11.5 63.41
11.5167 63.49
11.5333 63.58
11.55 63.66
11.5667 63.74
11.5833 63.82
11.6 63.9
11.6167 63.98
11.6333 64.05
11.65 64.13
11.6667 64.2
11.6833 64.27
11.7 64.34
11.7167 64.41
11.7333 64.48
11.75 64.55
11.7667 64.61
11.7833 64.68
11.8 64.74
11.8167 64.8
11.8333 64.86
11.85 64.92
11.8667 64.98
11.8833 65.04
11.9 65.09
11.9167 65.14
11.9333 65.2
11.95 65.25
11.9667 65.3
11.9833 65.34
12.0 65.39
12.0167 65.44
12.0333 65.48
12.05 65.52
12.0667 65.57
12.0833 65.61
12.1 65.64
12.1167 65.68
12.1333 65.72
12.15 65.75
12.1667 65.78
12.1833 65.82
12.2 65.85
12.2167 65.88
12.2333 65.9
12.25 65.93
12.2667 65.96
12.2833 65.98
12.3 66.0
12.3167 66.02
12.3333 66.04
12.35 66.06
12.3667 66.08
12.3833 66.09
12.4 66.11
12.4167 66.12
12.4333 66.13
12.45 66.14
12.4667 66.15
12.4833 66.16
12.5 66.16
12.5167 66.17
12.5333 66.17
12.55 66.17
12.5667 66.17
12.5833 66.17
12.6 66.17
12.6167 66.17
12.6333 66.16
12.65 66.16
12.6667 66.15
12.6833 66.14
12.7 66.13
12.7167 66.12
12.7333 66.11
12.75 66.09
12.7667 66.07
12.7833 66.06
12.8 66.04
12.8167 66.02
12.8333 66.0
12.85 65.98
12.8667 65.95
12.8833 65.93
12.9 65.9
12.9167 65.87
12.9333 65.84
12.95 65.81
12.9667 65.78
12.9833 65.75
13.0 65.71
13.0167 65.67
13.0333 65.64
13.05 65.6
13.0667 65.56
13.0833 65.52
13.1 65.47
13.1167 65.43
13.1333 65.38
13.15 65.34
13.1667 65.29
13.1833 65.24
13.2 65.19
13.2167 65.14
13.2333 65.08
13.25 65.03
13.2667 64.97
13.2833 64.91
13.3 64.85
13.3167 64.79
13.3333 64.73
13.35 64.67
13.3667 64.6
13.3833 64.54
13.4 64.47
13.4167 64.4
13.4333 64.33
13.45 64.26
13.4667 64.19
13.4833 64.12
13.5 64.04
13.5167 63.97
13.5333 63.89
13.55 63.81
13.5667 63.73
13.5833 63.65
13.6 63.56
13.6167 63.48
13.6333 63.39
13.65 63.31
13.6667 63.22
13.6833 63.13
13.7 63.04
13.7167 62.95
13.7333 62.86
13.75 62.76
13.7667 62.67
13.7833 62.57
13.8 62.47
13.8167 62.37
13.8333 62.27
13.85 62.17
13.8667 62.06
13.8833 61.96
13.9 61.85
13.9167 61.75
13.9333 61.64
13.95 61.53
13.9667 61.42
13.9833 61.31
14.0 61.19
14.0167 61.08
14.0333 60.96
14.05 60.85
14.0667 60.73
14.0833 60.61
14.1 60.49
14.1167 60.36
14.1333 60.24
14.15 60.12
14.1667 59.99
14.1833 59.86
14.2 59.74
14.2167 59.61
14.2333 59.48
14.25 59.34
14.2667 59.21
14.2833 59.08
14.3 58.94
14.3167 58.81
14.3333 58.67
14.35 58.53
14.3667 58.39
14.3833 58.25
14.4 58.11
14.4167 57.96
14.4333 57.82
14.45 57.67
14.4667 57.53
14.4833 57.38
14.5 57.23
14.5167 57.08
14.5333 56.93
14.55 56.77
14.5667 56.62
14.5833 56.46
14.6 56.31
14.6167 56.15
14.6333 55.99
14.65 55.83
14.6667 55.67
14.6833 55.51
14.7 55.35
14.7167 55.18
14.7333 55.02
14.75 54.85
14.7667 54.69
14.7833 54.52
14.8 54.35
14.8167 54.18
14.8333 54.01
14.85 53.84
14.8667 53.66
14.8833 53.49
14.9 53.31
14.9167 53.14
14.9333 52.96
14.95 52.78
14.9667 52.6
14.9833 52.42
15.0 52.24
15.0167 52.06
15.0333 51.87
15.05 51.69
15.0667 51.5
15.0833 51.32
15.1 51.13
15.1167 50.94
15.1333 50.75
15.15 50.56
15.1667 50.37
15.1833 50.18
15.2 49.98
15.2167 49.79
15.2333 49.59
15.25 49.4
15.2667 49.2
15.2833 49.0
15.3 48.8
15.3167 48.6
15.3333 48.4
15.35 48.2
15.3667 48.0
15.3833 47.79
15.4 47.59
15.4167 47.38
15.4333 47.18
15.45 46.97
15.4667 46.76
15.4833 46.56
15.5 46.35
15.5167 46.14
15.5333 45.92
15.55 45.71
15.5667 45.5
15.5833 45.29
15.6 45.07
15.6167 44.86
15.6333 44.64
15.65 44.42
15.6667 44.21
15.6833 43.99
15.7 43.77
15.7167 43.55
15.7333 43.33
15.75 43.11
15.7667 42.88
15.7833 42.66
15.8 42.44
15.8167 42.21
15.8333 41.99
15.85 41.76
15.8667 41.54
15.8833 41.31
15.9 41.08
15.9167 40.85
15.9333 40.63
15.95 40.4
15.9667 40.17
15.9833 39.93
16.0 39.7
16.0167 39.47
16.0333 39.24
16.05 39.0
16.0667 38.77
16.0833 38.54
16.1 38.3
16.1167 38.07
16.1333 37.83
16.15 37.59
16.1667 37.35
16.1833 37.12
16.2 36.88
16.2167 36.64
16.2333 36.4
16.25 36.16
16.2667 35.92
16.2833 35.68
16.3 35.44
16.3167 35.19
16.3333 34.95
16.35 34.71
16.3667 34.47
16.3833 34.22
16.4 33.98
16.4167 33.73
16.4333 33.49
16.45 33.24
16.4667 33.0
16.4833 32.75
16.5 32.51
16.5167 32.26
16.5333 32.01
16.55 31.77
16.5667 31.52
16.5833 31.27
16.6 31.02
16.6167 30.77
16.6333 30.52
16.65 30.27
16.6667 30.03
16.6833 29.78
16.7 29.53
16.7167 29.28
16.7333 29.03
16.75 28.78
16.7667 28.52
16.7833 28.27
16.8 28.02
16.8167 27.77
16.8333 27.52
16.85 27.27
16.8667 27.02
16.8833 26.77
16.9 26.52
16.9167 26.26
16.9333 26.01
16.95 25.76
16.9667 25.51
16.9833 25.26
17.0 25.01
17.0167 24.76
17.0333 24.5
17.05 24.25
17.0667 24.0
17.0833 23.75
17.1 23.5
17.1167 23.25
17.1333 23.0
17.15 22.75
17.1667 22.49
17.1833 22.24
17.2 21.99
17.2167 21.74
17.2333 21.49
17.25 21.24
17.2667 21.0
17.2833 20.75
17.3 20.5
17.3167 20.25
17.3333 20.0
17.35 19.75
17.3667 19.51
17.3833 19.26
17.4 19.01
17.4167 18.77
17.4333 18.52
17.45 18.28
17.4667 18.03
17.4833 17.79
17.5 17.54
17.5167 17.3
17.5333 17.06
17.55 16.82
17.5667 16.58
17.5833 16.34
17.6 16.1
17.6167 15.86
17.6333 15.62
17.65 15.38
17.6667 15.14
17.6833 14.91
17.7 14.67
17.7167 14.44
17.7333 14.2
17.75 13.97
17.7667 13.74
17.7833 13.51
17.8 13.28
17.8167 13.05
17.8333 12.82
17.85 12.6
17.8667 12.37
17.8833 12.15
17.9 11.92
17.9167 11.7
17.9333 11.48
17.95 11.26
17.9667 11.04
17.9833 10.82
18.0 10.61
18.0167 10.39
18.0333 10.18
18.05 9.969
18.0667 9.758
18.0833 9.549
18.1 9.342
18.1167 9.136
18.1333 8.932
18.15 8.73
18.1667 8.529
18.1833 8.329
18.2 8.132
18.2167 7.936
18.2333 7.742
18.25 7.55
18.2667 7.36
18.2833 7.171
18.3 6.985
18.3167 6.8
18.3333 6.617
18.35 6.437
18.3667 6.258
18.3833 6.081
18.4 5.907
18.4167 5.734
18.4333 5.564
18.45 5.396
18.4667 5.23
18.4833 5.067
18.5 4.905
18.5167 4.746
18.5333 4.589
18.55 4.435
18.5667 4.282
18.5833 4.132
18.6 3.985
18.6167 3.839
18.6333 3.696
18.65 3.556
18.6667 3.417
18.6833 3.281
18.7 3.148
18.7167 3.016
18.7333 2.887
18.75 2.761
18.7667 2.636
18.7833 2.515
18.8 2.395
18.8167 2.278
18.8333 2.163
18.85 2.05
18.8667 1.94
18.8833 1.832
18.9 1.727
18.9167 1.624
18.9333 1.524
18.95 1.426
18.9667 1.331
18.9833 1.238
19.0 1.149
19.0167 1.062
19.0333 0.979
19.05 0.8989
19.0667 0.8224
19.0833 0.75
19.1 0.6819
19.1167 0.604
19.1333 0.5353
19.15 0.4772
19.1667 0.4282
19.1833 0.3744
19.2 0.3283
19.2167 0.2834
19.2333 0.249
19.25 0.2109
19.2667 0.1783
19.2833 0.15
19.3 0.1255
19.3167 0.1045
19.3333 0.08674
19.35 0.06935
19.3667 0.05669
19.3833 0.04509
19.4 0.0365
19.4167 0.02864
19.4333 0.02246
19.45 0.01755
19.4667 0.01363
19.4833 0.0105
19.5 0.008032
19.5167 0.006105
19.5333 0.004516
19.55 0.003321
19.5667 0.002394
19.5833 0.0017
19.6 0.001166
19.6167 0.0007834
19.6333 0.0005098
19.65 0.0003146
19.6667 0.0001765
19.6833 8.424e-05
19.7 2.989e-05
19.7167 5.704e-06
19.7333 5.056e-07
19.75 1.857e-08
19.7667 1.554e-10
19.7833 2.067e-13
19.8 0.0
19.8167 0.0
19.8333 0.0
19.85 0.0
19.8667 0.0
19.8833 0.0
19.9 0.0
19.9167 0.0
19.9333 0.0
19.95 0.0
19.9667 0.0
19.9833 0.0
20.0 0.0
20.0167 0.0
20.0333 0.0
20.05 0.0
20.0667 0.0
20.0833 0.0
20.1 0.0
20.1167 0.0
20.1333 0.0
20.15 0.0
20.1667 0.0
20.1833 0.0
20.2 0.0
20.2167 0.0
20.2333 0.0
20.25 0.0
20.2667 0.0
20.2833 0.0
20.3 0.0
20.3167 0.0
20.3333 0.0
20.35 0.0
20.3667 0.0
20.3833 0.0
20.4 0.0
20.4167 0.0
20.4333 0.0
20.45 0.0
20.4667 0.0
20.4833 0.0
20.5 0.0
20.5167 0.0
20.5333 0.0
20.55 0.0
20.5667 0.0
20.5833 0.0
20.6 0.0
20.6167 0.0
20.6333 0.0
20.65 0.0
20.6667 0.0
20.6833 0.0
20.7 0.0
20.7167 0.0
20.7333 0.0
20.75 0.0
20.7667 0.0
20.7833 0.0
20.8 0.0
20.8167 0.0
20.8333 0.0
20.85 0.0
20.8667 0.0
20.8833 0.0
20.9 0.0
20.9167 0.0
20.9333 0.0
20.95 0.0
20.9667 0.0
20.9833 0.0
21.0 0.0
21.0167 0.0
21.0333 0.0
21.05 0.0
21.0667 0.0
21.0833 0.0
21.1 0.0
21.1167 0.0
21.1333 0.0
21.15 0.0
21.1667 0.0
21.1833 0.0
21.2 0.0
21.2167 0.0
21.2333 0.0
21.25 0.0
21.2667 0.0
21.2833 0.0
21.3 0.0
21.3167 0.0
21.3333 0.0
21.35 0.0
21.3667 0.0
21.3833 0.0
21.4 0.0
21.4167 0.0
21.4333 0.0
21.45 0.0
21.4667 0.0
21.4833 0.0
21.5 0.0
21.5167 0.0
21.5333 0.0
21.55 0.0
21.5667 0.0
21.5833 0.0
21.6 0.0
21.6167 0.0
21.6333 0.0
21.65 0.0
21.6667 0.0
21.6833 0.0
21.7 0.0
21.7167 0.0
21.7333 0.0
21.75 0.0
21.7667 0.0
21.7833 0.0
21.8 0.0
21.8167 0.0
21.8333 0.0
21.85 0.0
21.8667 0.0
21.8833 0.0
21.9 0.0
21.9167 0.0
21.9333 0.0
21.95 0.0
21.9667 0.0
21.9833 0.0
22.0 0.0
22.0167 0.0
22.0333 0.0
22.05 0.0
22.0667 0.0
22.0833 0.0
22.1 0.0
22.1167 0.0
22.1333 0.0
22.15 0.0
22.1667 0.0
22.1833 0.0
22.2 0.0
22.2167 0.0
22.2333 0.0
22.25 0.0
22.2667 0.0
22.2833 0.0
22.3 0.0
22.3167 0.0
22.3333 0.0
22.35 0.0
22.3667 0.0
22.3833 0.0
22.4 0.0
22.4167 0.0
22.4333 0.0
22.45 0.0
22.4667 0.0
22.4833 0.0
22.5 0.0
22.5167 0.0
22.5333 0.0
22.55 0.0
22.5667 0.0
22.5833 0.0
22.6 0.0
22.6167 0.0
22.6333 0.0
22.65 0.0
22.6667 0.0
22.6833 0.0
22.7 0.0
22.7167 0.0
22.7333 0.0
22.75 0.0
22.7667 0.0
22.7833 0.0
22.8 0.0
22.8167 0.0
22.8333 0.0
22.85 0.0
22.8667 0.0
22.8833 0.0
22.9 0.0
22.9167 0.0
22.9333 0.0
22.95 0.0
22.9667 0.0
22.9833 0.0
23.0 0.0
23.0167 0.0
23.0333 0.0
23.05 0.0
23.0667 0.0
23.0833 0.0
23.1 0.0
23.1167 0.0
23.1333 0.0
23.15 0.0
23.1667 0.0
23.1833 0.0
23.2 0.0
23.2167 0.0
23.2333 0.0
23.25 0.0
23.2667 0.0
23.2833 0.0
23.3 0.0
23.3167 0.0
23.3333 0.0
23.35 0.0
23.3667 0.0
23.3833 0.0
23.4 0.0
23.4167 0.0
23.4333 0.0
23.45 0.0
23.4667 0.0
23.4833 0.0
23.5 0.0
23.5167 0.0
23.5333 0.0
23.55 0.0
23.5667 0.0
23.5833 0.0
23.6 0.0
23.6167 0.0
23.6333 0.0
23.65 0.0
23.6667 0.0
23.6833 0.0
23.7 0.0
23.7167 0.0
23.7333 0.0
23.75 0.0
23.7667 0.0
23.7833 0.0
23.8 0.0
23.8167 0.0
23.8333 0.0
23.85 0.0
23.8667 0.0
23.8833 0.0
23.9 0.0
23.9167 0.0
23.9333 0.0
23.95 0.0
23.9667 0.0
23.9833 0.0
