0.0 0.0
0.0167 0.0
0.0333 0.0
0.05 0.0
0.0667 0.0
0.0833 0.0
0.1 0.0
0.1167 0.0
0.1333 0.0
0.15 0.0
0.1667 0.0
0.1833 0.0
0.2 0.0
0.2167 0.0
0.2333 0.0
0.25 0.0
0.2667 0.0
0.2833 0.0
0.3 0.0
0.3167 0.0
0.3333 0.0
0.35 0.0
0.3667 0.0
0.3833 0.0
0.4 0.0
0.4167 0.0
0.4333 0.0
0.45 0.0
0.4667 0.0
0.4833 0.0
0.5 0.0
0.5167 0.0
0.5333 0.0
0.55 0.0
0.5667 0.0
0.5833 0.0
0.6 0.0
0.6167 0.0
0.6333 0.0
0.65 0.0
0.6667 0.0
0.6833 0.0
0.7 0.0
0.7167 0.0
0.7333 0.0
0.75 0.0
0.7667 0.0
0.7833 0.0
0.8 0.0
0.8167 0.0
0.8333 0.0
0.85 0.0
0.8667 0.0
0.8833 0.0
0.9 0.0
0.9167 0.0
0.9333 0.0
0.95 0.0
0.9667 0.0
0.9833 0.0
1.0 0.0
1.0167 0.0
1.0333 0.0
1.05 0.0
1.0667 0.0
1.0833 0.0
1.1 0.0
1.1167 0.0
1.1333 0.0
1.15 0.0
1.1667 0.0
1.1833 0.0
1.2 0.0
1.2167 0.0
1.2333 0.0
1.25 0.0
1.2667 0.0
1.2833 0.0
1.3 0.0
1.3167 0.0
1.3333 0.0
1.35 0.0
1.3667 0.0
1.3833 0.0
1.4 0.0
1.4167 0.0
1.4333 0.0
1.45 0.0
1.4667 0.0
1.4833 0.0
1.5 0.0
1.5167 0.0
1.5333 0.0
1.55 0.0
1.5667 0.0
1.5833 0.0
1.6 0.0
1.6167 0.0
1.6333 0.0
1.65 0.0
1.6667 0.0
1.6833 0.0
1.7 0.0
1.7167 0.0
1.7333 0.0
1.75 0.0
1.7667 0.0
1.7833 0.0
1.8 0.0
1.8167 0.0
1.8333 0.0
1.85 0.0
1.8667 0.0
1.8833 0.0
1.9 0.0
1.9167 0.0
1.9333 0.0
1.95 0.0
1.9667 0.0
1.9833 0.0
2.0 0.0
2.0167 0.0
2.0333 0.0
2.05 0.0
2.0667 0.0
2.0833 0.0
2.1 0.0
2.1167 0.0
2.1333 0.0
2.15 0.0
2.1667 0.0
2.1833 0.0
2.2 0.0
2.2167 0.0
2.2333 0.0
2.25 0.0
2.2667 0.0
2.2833 0.0
2.3 0.0
2.3167 0.0
2.3333 0.0
2.35 0.0
2.3667 0.0
2.3833 0.0
2.4 0.0
2.4167 0.0
2.4333 0.0
2.45 0.0
2.4667 0.0
2.4833 0.0
2.5 0.0
2.5167 0.0
2.5333 0.0
2.55 0.0
2.5667 0.0
2.5833 0.0
2.6 0.0
2.6167 0.0
2.6333 0.0
2.65 0.0
2.6667 0.0
2.6833 0.0
2.7 0.0
2.7167 0.0
2.7333 0.0
2.75 0.0
2.7667 0.0
2.7833 0.0
2.8 0.0
2.8167 0.0
2.8333 0.0
2.85 0.0
2.8667 0.0
2.8833 0.0
2.9 0.0
2.9167 0.0
2.9333 0.0
2.95 0.0
2.9667 0.0
2.9833 0.0
3.0 0.0
3.0167 0.0
3.0333 0.0
3.05 0.0
3.0667 0.0
3.0833 0.0
3.1 0.0
3.1167 0.0
3.1333 0.0
3.15 0.0
3.1667 0.0
3.1833 0.0
3.2 0.0
3.2167 0.0
3.2333 0.0
3.25 0.0
3.2667 0.0
3.2833 0.0
3.3 0.0
3.3167 0.0
3.3333 0.0
3.35 0.0
3.3667 0.0
3.3833 0.0
3.4 0.0
3.4167 0.0
3.4333 0.0
3.45 0.0
3.4667 0.0
3.4833 0.0
3.5 0.0
3.5167 0.0
3.5333 0.0
3.55 0.0
3.5667 0.0
3.5833 0.0
3.6 0.0
3.6167 0.0
3.6333 0.0
3.65 0.0
3.6667 0.0
3.6833 0.0
3.7 0.0
3.7167 0.0
3.7333 0.0
3.75 0.0
3.7667 0.0
3.7833 0.0
3.8 0.0
3.8167 0.0
3.8333 0.0
3.85 0.0
3.8667 0.0
3.8833 0.0
3.9 0.0
3.9167 0.0
3.9333 0.0
3.95 0.0
3.9667 0.0
3.9833 0.0
4.0 0.0
4.0167 0.0
4.0333 0.0
4.05 0.0
4.0667 0.0
4.0833 0.0
4.1 0.0
4.1167 0.0
4.1333 0.0
4.15 0.0
4.1667 0.0
4.1833 0.0
4.2 0.0
4.2167 0.0
4.2333 0.0
4.25 0.0
4.2667 0.0
4.2833 0.0
4.3 0.0
4.3167 0.0
4.3333 0.0
4.35 0.0
4.3667 0.0
4.3833 0.0
4.4 0.0
4.4167 0.0
4.4333 0.0
4.45 0.0
4.4667 0.0
4.4833 0.0
4.5 0.0
4.5167 0.0
4.5333 0.0
4.55 0.0
4.5667 0.0
4.5833 0.0
4.6 0.0
4.6167 0.0
4.6333 0.0
4.65 0.0
4.6667 0.0
4.6833 0.0
4.7 0.0
4.7167 0.0
4.7333 0.0
4.75 0.0
4.7667 0.0
4.7833 0.0
4.8 0.0
4.8167 0.0
4.8333 0.0
4.85 0.0
4.8667 0.0
4.8833 0.0
4.9 0.0
4.9167 0.0
4.9333 0.0
4.95 0.0
4.9667 0.0
4.9833 0.0
5.0 0.0
5.0167 0.0
5.0333 0.0
5.05 0.0
5.0667 0.0
5.0833 0.0
5.1 0.0
5.1167 0.0
5.1333 0.0
5.15 0.0
5.1667 0.0
5.1833 0.0
5.2 0.0
5.2167 0.0
5.2333 0.0
5.25 0.0
5.2667 0.0
5.2833 0.0
5.3 0.0
5.3167 0.0
5.3333 0.0
5.35 0.0
5.3667 0.0
5.3833 0.0
5.4 0.0
5.4167 0.0
5.4333 0.0
5.45 0.0
5.4667 0.0
5.4833 0.0
5.5 0.0
5.5167 0.0
5.5333 0.0
5.55 0.0
5.5667 0.0
5.5833 0.0
5.6 0.0
5.6167 0.0
5.6333 0.0
5.65 0.0
5.6667 0.0
5.6833 0.0
5.7 0.0
5.7167 0.0
5.7333 0.0
5.75 0.0
5.7667 9.807e-29
5.7833 8.744e-12
5.8 3.052e-09
5.8167 2.052e-07
5.8333 3.444e-06
5.85 2.553e-05
5.8667 8.208e-05
5.8833 0.0001843
5.9 0.0003418
5.9167 0.0005674
5.9333 0.0008948
5.95 0.001361
5.9667 0.002013
5.9833 0.002913
6.0 0.004127
6.0167 0.005639
6.0333 0.007775
6.05 0.01032
6.0667 0.01364
6.0833 0.01793
6.1 0.02338
6.1167 0.03021
6.1333 0.0388
6.15 0.04974
6.1667 0.06243
6.1833 0.07836
6.2 0.09662
6.2167 0.121
6.2333 0.1462
6.25 0.1757
6.2667 0.2102
6.2833 0.2507
6.3 0.2882
6.3167 0.3362
6.3333 0.3918
6.35 0.4447
6.3667 0.5006
6.3833 0.5675
6.4 0.6474
6.4167 0.7258
6.4333 0.8022
6.45 0.8834
6.4667 0.9689
6.4833 1.058
6.5 1.151
6.5167 1.247
6.5333 1.347
6.55 1.45
6.5667 1.555
6.5833 1.664
6.6 1.775
6.6167 1.89
6.6333 2.007
6.65 2.126
6.6667 2.248
6.6833 2.373
6.7 2.501
6.7167 2.631
6.7333 2.764
6.75 2.899
6.7667 3.037
6.7833 3.178
6.8 3.321
6.8167 3.467
6.8333 3.616
6.85 3.767
6.8667 3.92
6.8833 4.077
6.9 4.235
6.9167 4.397
6.9333 4.561
6.95 4.727
6.9667 4.897
6.9833 5.068
7.0 5.242
7.0167 5.418
7.0333 5.597
7.05 5.779
7.0667 5.962
7.0833 6.148
7.1 6.336
7.1167 6.527
7.1333 6.719
7.15 6.914
7.1667 7.111
7.1833 7.31
7.2 7.511
7.2167 7.714
7.2333 7.92
7.25 8.127
7.2667 8.335
7.2833 8.546
7.3 8.759
7.3167 8.973
7.3333 9.19
7.35 9.408
7.3667 9.627
7.3833 9.848
7.4 10.07
7.4167 10.3
7.4333 10.52
7.45 10.75
7.4667 10.98
7.4833 11.21
7.5 11.44
7.5167 11.67
7.5333 11.91
7.55 12.14
7.5667 12.38
7.5833 12.61
7.6 12.85
7.6167 13.09
7.6333 13.33
7.65 13.58
7.6667 13.82
7.6833 14.06
7.7 14.31
7.7167 14.56
7.7333 14.8
7.75 15.05
7.7667 15.3
7.7833 15.55
7.8 15.8
7.8167 16.05
7.8333 16.3
7.85 16.55
7.8667 16.81
7.8833 17.06
7.9 17.31
7.9167 17.57
7.9333 17.82
7.95 18.08
7.9667 18.34
7.9833 18.59
8.0 18.85
8.0167 19.11
8.0333 19.37
8.05 19.62
8.0667 19.88
8.0833 20.14
8.1 20.4
8.1167 20.66
8.1333 20.92
8.15 21.18
8.1667 21.44
8.1833 21.71
8.2 21.97
8.2167 22.23
8.2333 22.49
8.25 22.75
8.2667 23.01
8.2833 23.28
8.3 23.54
8.3167 23.8
8.3333 24.06
8.35 24.32
8.3667 24.59
8.3833 24.85
8.4 25.11
8.4167 25.37
8.4333 25.64
8.45 25.9
8.4667 26.16
8.4833 26.42
8.5 26.68
8.5167 26.95
8.5333 27.21
8.55 27.47
8.5667 27.73
8.5833 27.99
8.6 28.25
8.6167 28.51
8.6333 28.77
8.65 29.03
8.6667 29.29
8.6833 29.55
8.7 29.81
8.7167 30.07
8.7333 30.33
8.75 30.59
8.7667 30.85
8.7833 31.11
8.8 31.36
8.8167 31.62
8.8333 31.88
8.85 32.13
8.8667 32.39
8.8833 32.64
8.9 32.9
8.9167 33.15
8.9333 33.41
8.95 33.66
8.9667 33.92
8.9833 34.17
9.0 34.42
9.0167 34.67
9.0333 34.92
9.05 35.18
9.0667 35.43
9.0833 35.68
9.1 35.92
9.1167 36.17
9.1333 36.42
9.15 36.67
9.1667 36.92
9.1833 37.16
9.2 37.41
9.2167 37.65
9.2333 37.9
9.25 38.14
9.2667 38.38
9.2833 38.63
9.3 38.87
9.3167 39.11
9.3333 39.35
9.35 39.59
9.3667 39.83
9.3833 40.07
9.4 40.3
9.4167 40.54
9.4333 40.78
9.45 41.01
9.4667 41.25
9.4833 41.48
9.5 41.71
9.5167 41.95
9.5333 42.18
9.55 42.41
9.5667 42.64
9.5833 42.87
9.6 43.09
9.6167 43.32
9.6333 43.55
9.65 43.77
9.6667 44.0
9.6833 44.22
9.7 44.45
9.7167 44.67
9.7333 44.89
9.75 45.11
9.7667 45.33
9.7833 45.55
9.8 45.77
9.8167 45.98
9.8333 46.2
9.85 46.41
9.8667 46.63
9.8833 46.84
9.9 47.05
9.9167 47.26
9.9333 47.47
9.95 47.68
9.9667 47.89
9.9833 48.1
10.0 48.31
10.0167 48.51
10.0333 48.71
10.05 48.92
10.0667 49.12
10.0833 49.32
10.1 49.52
10.1167 49.72
10.1333 49.92
10.15 50.12
10.1667 50.31
10.1833 50.51
10.2 50.7
10.2167 50.89
10.2333 51.09
10.25 51.28
10.2667 51.47
10.2833 51.65
10.3 51.84
10.3167 52.03
10.3333 52.21
10.35 52.4
10.3667 52.58
10.3833 52.76
10.4 52.94
10.4167 53.12
10.4333 53.3
10.45 53.48
10.4667 53.65
10.4833 53.83
10.5 54.0
10.5167 54.18
10.5333 54.35
10.55 54.52
10.5667 54.69
10.5833 54.86
10.6 55.02
10.6167 55.19
10.6333 55.35
10.65 55.52
10.6667 55.68
10.6833 55.84
10.7 56.0
10.7167 56.16
10.7333 56.31
10.75 56.47
10.7667 56.63
10.7833 56.78
10.8 56.93
10.8167 57.08
10.8333 57.23
10.85 57.38
10.8667 57.53
10.8833 57.67
10.9 57.82
10.9167 57.96
10.9333 58.1
10.95 58.25
10.9667 58.38
10.9833 58.52
11.0 58.66
11.0167 58.8
11.0333 58.93
11.05 59.06
11.0667 59.2
11.0833 59.33
11.1 59.46
11.1167 59.58
11.1333 59.71
11.15 59.84
11.1667 59.96
11.1833 60.08
11.2 60.2
11.2167 60.32
11.2333 60.44
11.25 60.56
11.2667 60.68
11.2833 60.79
11.3 60.91
11.3167 61.02
11.3333 61.13
11.35 61.24
11.3667 61.35
11.3833 61.45
11.4 61.56
11.4167 61.66
11.4333 61.76
11.45 61.87
11.4667 61.97
11.4833 62.06
11.5 62.16
11.5167 62.26
11.5333 62.35
11.55 62.44
11.5667 62.54
11.5833 62.62
11.6 62.71
11.6167 62.8
11.6333 62.89
11.65 62.97
11.6667 63.06
11.6833 63.14
11.7 63.22
11.7167 63.3
11.7333 63.38
11.75 63.45
11.7667 63.53
11.7833 63.6
11.8 63.67
11.8167 63.74
11.8333 63.81
11.85 63.88
11.8667 63.95
11.8833 64.01
11.9 64.07
11.9167 64.14
11.9333 64.2
11.95 64.26
11.9667 64.31
11.9833 64.37
12.0 64.42
12.0167 64.48
12.0333 64.53
12.05 64.58
12.0667 64.63
12.0833 64.68
12.1 64.72
12.1167 64.77
12.1333 64.81
12.15 64.85
12.1667 64.89
12.1833 64.93
12.2 64.97
12.2167 65.01
12.2333 65.04
12.25 65.07
12.2667 65.11
12.2833 65.14
12.3 65.17
12.3167 65.19
12.3333 65.22
12.35 65.24
12.3667 65.27
12.3833 65.29
12.4 65.31
12.4167 65.33
12.4333 65.34
12.45 65.36
12.4667 65.38
12.4833 65.39
12.5 65.4
12.5167 65.41
12.5333 65.42
12.55 65.43
12.5667 65.43
12.5833 65.43
12.6 65.44
12.6167 65.44
12.6333 65.44
12.65 65.44
12.6667 65.43
12.6833 65.43
12.7 65.42
12.7167 65.42
12.7333 65.41
12.75 65.4
12.7667 65.38
12.7833 65.37
12.8 65.36
12.8167 65.34
12.8333 65.32
12.85 65.3
12.8667 65.28
12.8833 65.26
12.9 65.24
12.9167 65.21
12.9333 65.19
12.95 65.16
12.9667 65.13
12.9833 65.1
13.0 65.06
13.0167 65.03
13.0333 65.0
13.05 64.96
13.0667 64.92
13.0833 64.88
13.1 64.84
13.1167 64.8
13.1333 64.75
13.15 64.71
13.1667 64.66
13.1833 64.61
13.2 64.56
13.2167 64.51
13.2333 64.46
13.25 64.41
13.2667 64.35
13.2833 64.3
13.3 64.24
13.3167 64.18
13.3333 64.12
13.35 64.05
13.3667 63.99
13.3833 63.92
13.4 63.86
13.4167 63.79
13.4333 63.72
13.45 63.65
13.4667 63.58
13.4833 63.5
13.5 63.43
13.5167 63.35
13.5333 63.27
13.55 63.19
13.5667 63.11
13.5833 63.03
13.6 62.95
13.6167 62.86
13.6333 62.77
13.65 62.69
13.6667 62.6
13.6833 62.51
13.7 62.41
13.7167 62.32
13.7333 62.23
13.75 62.13
13.7667 62.03
13.7833 61.93
13.8 61.83
13.8167 61.73
13.8333 61.63
13.85 61.52
13.8667 61.42
13.8833 61.31
13.9 61.2
13.9167 61.09
13.9333 60.98
13.95 60.87
13.9667 60.76
13.9833 60.64
14.0 60.52
14.0167 60.41
14.0333 60.29
14.05 60.17
14.0667 60.04
14.0833 59.92
14.1 59.8
14.1167 59.67
14.1333 59.54
14.15 59.41
14.1667 59.28
14.1833 59.15
14.2 59.02
14.2167 58.89
14.2333 58.75
14.25 58.62
14.2667 58.48
14.2833 58.34
14.3 58.2
14.3167 58.06
14.3333 57.91
14.35 57.77
14.3667 57.63
14.3833 57.48
14.4 57.33
14.4167 57.18
14.4333 57.03
14.45 56.88
14.4667 56.73
14.4833 56.57
14.5 56.42
14.5167 56.26
14.5333 56.11
14.55 55.95
14.5667 55.79
14.5833 55.62
14.6 55.46
14.6167 55.3
14.6333 55.13
14.65 54.97
14.6667 54.8
14.6833 54.63
14.7 54.46
14.7167 54.29
14.7333 54.12
14.75 53.95
14.7667 53.77
14.7833 53.6
14.8 53.42
14.8167 53.24
14.8333 53.06
14.85 52.88
14.8667 52.7
14.8833 52.52
14.9 52.34
14.9167 52.15
14.9333 51.97
14.95 51.78
14.9667 51.59
14.9833 51.4
15.0 51.21
15.0167 51.02
15.0333 50.83
15.05 50.64
15.0667 50.44
15.0833 50.25
15.1 50.05
15.1167 49.85
15.1333 49.65
15.15 49.45
15.1667 49.25
15.1833 49.05
15.2 48.85
15.2167 48.64
15.2333 48.44
15.25 48.23
15.2667 48.03
15.2833 47.82
15.3 47.61
15.3167 47.4
15.3333 47.19
15.35 46.98
15.3667 46.77
15.3833 46.55
15.4 46.34
15.4167 46.12
15.4333 45.91
15.45 45.69
15.4667 45.47
15.4833 45.25
15.5 45.03
15.5167 44.81
15.5333 44.59
15.55 44.37
15.5667 44.14
15.5833 43.92
15.6 43.69
15.6167 43.47
15.6333 43.24
15.65 43.01
15.6667 42.79
15.6833 42.56
15.7 42.33
15.7167 42.09
15.7333 41.86
15.75 41.63
15.7667 41.4
15.7833 41.16
15.8 40.93
15.8167 40.69
15.8333 40.46
15.85 40.22
15.8667 39.98
15.8833 39.74
15.9 39.5
15.9167 39.26
15.9333 39.02
15.95 38.78
15.9667 38.54
15.9833 38.3
16.0 38.05
16.0167 37.81
16.0333 37.56
16.05 37.32
16.0667 37.07
16.0833 36.82
16.1 36.58
16.1167 36.33
16.1333 36.08
16.15 35.83
16.1667 35.58
16.1833 35.33
16.2 35.08
16.2167 34.83
16.2333 34.58
16.25 34.33
16.2667 34.07
16.2833 33.82
16.3 33.57
16.3167 33.31
16.3333 33.06
16.35 32.8
16.3667 32.55
16.3833 32.29
16.4 32.04
16.4167 31.78
16.4333 31.52
16.45 31.26
16.4667 31.01
16.4833 30.75
16.5 30.49
16.5167 30.23
16.5333 29.97
16.55 29.71
16.5667 29.45
16.5833 29.19
16.6 28.93
16.6167 28.67
16.6333 28.41
16.65 28.15
16.6667 27.89
16.6833 27.63
16.7 27.37
16.7167 27.1
16.7333 26.84
16.75 26.58
16.7667 26.32
16.7833 26.06
16.8 25.79
16.8167 25.53
16.8333 25.27
16.85 25.01
16.8667 24.74
16.8833 24.48
16.9 24.22
16.9167 23.96
16.9333 23.69
16.95 23.43
16.9667 23.17
16.9833 22.91
17.0 22.65
17.0167 22.38
17.0333 22.12
17.05 21.86
17.0667 21.6
17.0833 21.34
17.1 21.08
17.1167 20.82
17.1333 20.56
17.15 20.3
17.1667 20.04
17.1833 19.78
17.2 19.52
17.2167 19.26
17.2333 19.0
17.25 18.74
17.2667 18.49
17.2833 18.23
17.3 17.97
17.3167 17.72
17.3333 17.46
17.35 17.21
17.3667 16.95
17.3833 16.7
17.4 16.45
17.4167 16.19
17.4333 15.94
17.45 15.69
17.4667 15.44
17.4833 15.19
17.5 14.94
17.5167 14.7
17.5333 14.45
17.55 14.2
17.5667 13.96
17.5833 13.71
17.6 13.47
17.6167 13.23
17.6333 12.99
17.65 12.75
17.6667 12.51
17.6833 12.27
17.7 12.04
17.7167 11.8
17.7333 11.57
17.75 11.34
17.7667 11.1
17.7833 10.87
17.8 10.65
17.8167 10.42
17.8333 10.19
17.85 9.971
17.8667 9.748
17.8833 9.527
17.9 9.308
17.9167 9.091
17.9333 8.876
17.95 8.662
17.9667 8.449
17.9833 8.239
18.0 8.031
18.0167 7.825
18.0333 7.621
18.05 7.418
18.0667 7.217
18.0833 7.019
18.1 6.823
18.1167 6.629
18.1333 6.437
18.15 6.247
18.1667 6.06
18.1833 5.875
18.2 5.693
18.2167 5.512
18.2333 5.335
18.25 5.159
18.2667 4.986
18.2833 4.815
18.3 4.647
18.3167 4.482
18.3333 4.319
18.35 4.158
18.3667 4.001
18.3833 3.845
18.4 3.693
18.4167 3.543
18.4333 3.395
18.45 3.251
18.4667 3.109
18.4833 2.969
18.5 2.832
18.5167 2.698
18.5333 2.566
18.55 2.437
18.5667 2.311
18.5833 2.187
18.6 2.066
18.6167 1.947
18.6333 1.831
18.65 1.719
18.6667 1.608
18.6833 1.501
18.7 1.397
18.7167 1.295
18.7333 1.198
18.75 1.103
18.7667 1.012
18.7833 0.9243
18.8 0.8407
18.8167 0.7618
18.8333 0.688
18.85 0.6039
18.8667 0.531
18.8833 0.47
18.9 0.419
18.9167 0.3581
18.9333 0.3153
18.95 0.2661
18.9667 0.2249
18.9833 0.1891
19.0 0.1575
19.0167 0.1302
19.0333 0.107
19.05 0.08782
19.0667 0.06917
19.0833 0.05593
19.1 0.04354
19.1167 0.03388
19.1333 0.02627
19.15 0.02022
19.1667 0.01545
19.1833 0.01172
19.2 0.008861
19.2167 0.00647
19.2333 0.004771
19.25 0.003383
19.2667 0.002365
19.2833 0.001625
19.3 0.001085
19.3167 0.0006959
19.3333 0.0004268
19.35 0.0002444
19.3667 0.0001213
19.3833 4.474e-05
19.4 8.916e-06
19.4167 8.087e-07
19.4333 2.278e-08
19.45 1.349e-10
19.4667 6.139e-14
19.4833 0.0
19.5 0.0
19.5167 0.0
19.5333 0.0
19.55 0.0
19.5667 0.0
19.5833 0.0
19.6 0.0
19.6167 0.0
19.6333 0.0
19.65 0.0
19.6667 0.0
19.6833 0.0
19.7 0.0
19.7167 0.0
19.7333 0.0
19.75 0.0
19.7667 0.0
19.7833 0.0
19.8 0.0
19.8167 0.0
19.8333 0.0
19.85 0.0
19.8667 0.0
19.8833 0.0
19.9 0.0
19.9167 0.0
19.9333 0.0
19.95 0.0
19.9667 0.0
19.9833 0.0
20.0 0.0
20.0167 0.0
20.0333 0.0
20.05 0.0
20.0667 0.0
20.0833 0.0
20.1 0.0
20.1167 0.0
20.1333 0.0
20.15 0.0
20.1667 0.0
20.1833 0.0
20.2 0.0
20.2167 0.0
20.2333 0.0
20.25 0.0
20.2667 0.0
20.2833 0.0
20.3 0.0
20.3167 0.0
20.3333 0.0
20.35 0.0
20.3667 0.0
20.3833 0.0
20.4 0.0
20.4167 0.0
20.4333 0.0
20.45 0.0
20.4667 0.0
20.4833 0.0
20.5 0.0
20.5167 0.0
20.5333 0.0
20.55 0.0
20.5667 0.0
20.5833 0.0
20.6 0.0
20.6167 0.0
20.6333 0.0
20.65 0.0
20.6667 0.0
20.6833 0.0
20.7 0.0
20.7167 0.0
20.7333 0.0
20.75 0.0
20.7667 0.0
20.7833 0.0
20.8 0.0
20.8167 0.0
20.8333 0.0
20.85 0.0
20.8667 0.0
20.8833 0.0
20.9 0.0
20.9167 0.0
20.9333 0.0
20.95 0.0
20.9667 0.0
20.9833 0.0
21.0 0.0
21.0167 0.0
21.0333 0.0
21.05 0.0
21.0667 0.0
21.0833 0.0
21.1 0.0
21.1167 0.0
21.1333 0.0
21.15 0.0
21.1667 0.0
21.1833 0.0
21.2 0.0
21.2167 0.0
21.2333 0.0
21.25 0.0
21.2667 0.0
21.2833 0.0
21.3 0.0
21.3167 0.0
21.3333 0.0
21.35 0.0
21.3667 0.0
21.3833 0.0
21.4 0.0
21.4167 0.0
21.4333 0.0
21.45 0.0
21.4667 0.0
21.4833 0.0
21.5 0.0
21.5167 0.0
21.5333 0.0
21.55 0.0
21.5667 0.0
21.5833 0.0
21.6 0.0
21.6167 0.0
21.6333 0.0
21.65 0.0
21.6667 0.0
21.6833 0.0
21.7 0.0
21.7167 0.0
21.7333 0.0
21.75 0.0
21.7667 0.0
21.7833 0.0
21.8 0.0
21.8167 0.0
21.8333 0.0
21.85 0.0
21.8667 0.0
21.8833 0.0
21.9 0.0
21.9167 0.0
21.9333 0.0
21.95 0.0
21.9667 0.0
21.9833 0.0
22.0 0.0
22.0167 0.0
22.0333 0.0
22.05 0.0
22.0667 0.0
22.0833 0.0
22.1 0.0
22.1167 0.0
22.1333 0.0
22.15 0.0
22.1667 0.0
22.1833 0.0
22.2 0.0
22.2167 0.0
22.2333 0.0
22.25 0.0
22.2667 0.0
22.2833 0.0
22.3 0.0
22.3167 0.0
22.3333 0.0
22.35 0.0
22.3667 0.0
22.3833 0.0
22.4 0.0
22.4167 0.0
22.4333 0.0
22.45 0.0
22.4667 0.0
22.4833 0.0
22.5 0.0
22.5167 0.0
22.5333 0.0
22.55 0.0
22.5667 0.0
22.5833 0.0
22.6 0.0
22.6167 0.0
22.6333 0.0
22.65 0.0
22.6667 0.0
22.6833 0.0
22.7 0.0
22.7167 0.0
22.7333 0.0
22.75 0.0
22.7667 0.0
22.7833 0.0
22.8 0.0
22.8167 0.0
22.8333 0.0
22.85 0.0
22.8667 0.0
22.8833 0.0
22.9 0.0
22.9167 0.0
22.9333 0.0
22.95 0.0
22.9667 0.0
22.9833 0.0
23.0 0.0
23.0167 0.0
23.0333 0.0
23.05 0.0
23.0667 0.0
23.0833 0.0
23.1 0.0
23.1167 0.0
23.1333 0.0
23.15 0.0
23.1667 0.0
23.1833 0.0
23.2 0.0
23.2167 0.0
23.2333 0.0
23.25 0.0
23.2667 0.0
23.2833 0.0
23.3 0.0
23.3167 0.0
23.3333 0.0
23.35 0.0
23.3667 0.0
23.3833 0.0
23.4 0.0
23.4167 0.0
23.4333 0.0
23.45 0.0
23.4667 0.0
23.4833 0.0
23.5 0.0
23.5167 0.0
23.5333 0.0
23.55 0.0
23.5667 0.0
23.5833 0.0
23.6 0.0
23.6167 0.0
23.6333 0.0
23.65 0.0
23.6667 0.0
23.6833 0.0
23.7 0.0
23.7167 0.0
23.7333 0.0
23.75 0.0
23.7667 0.0
23.7833 0.0
23.8 0.0
23.8167 0.0
23.8333 0.0
23.85 0.0
23.8667 0.0
23.8833 0.0
23.9 0.0
23.9167 0.0
23.9333 0.0
23.95 0.0
23.9667 0.0
23.9833 0.0
