0.0 0.0
0.0167 0.0
0.0333 0.0
0.05 0.0
0.0667 0.0
0.0833 0.0
0.1 0.0
0.1167 0.0
0.1333 0.0
0.15 0.0
0.1667 0.0
0.1833 0.0
0.2 0.0
0.2167 0.0
0.2333 0.0
0.25 0.0
0.2667 0.0
0.2833 0.0
0.3 0.0
0.3167 0.0
0.3333 0.0
0.35 0.0
0.3667 0.0
0.3833 0.0
0.4 0.0
0.4167 0.0
0.4333 0.0
0.45 0.0
0.4667 0.0
0.4833 0.0
0.5 0.0
0.5167 0.0
0.5333 0.0
0.55 0.0
0.5667 0.0
0.5833 0.0
0.6 0.0
0.6167 0.0
0.6333 0.0
0.65 0.0
0.6667 0.0
0.6833 0.0
0.7 0.0
0.7167 0.0
0.7333 0.0
0.75 0.0
0.7667 0.0
0.7833 0.0
0.8 0.0
0.8167 0.0
0.8333 0.0
0.85 0.0
0.8667 0.0
0.8833 0.0
0.9 0.0
0.9167 0.0
0.9333 0.0
0.95 0.0
0.9667 0.0
0.9833 0.0
1.0 0.0
1.0167 0.0
1.0333 0.0
1.05 0.0
1.0667 0.0
1.0833 0.0
1.1 0.0
1.1167 0.0
1.1333 0.0
1.15 0.0
1.1667 0.0
1.1833 0.0
1.2 0.0
1.2167 0.0
1.2333 0.0
1.25 0.0
1.2667 0.0
1.2833 0.0
1.3 0.0
1.3167 0.0
1.3333 0.0
1.35 0.0
1.3667 0.0
1.3833 0.0
1.4 0.0
1.4167 0.0
1.4333 0.0
1.45 0.0
1.4667 0.0
1.4833 0.0
1.5 0.0
1.5167 0.0
1.5333 0.0
1.55 0.0
1.5667 0.0
1.5833 0.0
1.6 0.0
1.6167 0.0
1.6333 0.0
1.65 0.0
1.6667 0.0
1.6833 0.0
1.7 0.0
1.7167 0.0
1.7333 0.0
1.75 0.0
1.7667 0.0
1.7833 0.0
1.8 0.0
1.8167 0.0
1.8333 0.0
1.85 0.0
1.8667 0.0
1.8833 0.0
1.9 0.0
1.9167 0.0
1.9333 0.0
1.95 0.0
1.9667 0.0
1.9833 0.0
2.0 0.0
2.0167 0.0
2.0333 0.0
2.05 0.0
2.0667 0.0
2.0833 0.0
2.1 0.0
2.1167 0.0
2.1333 0.0
2.15 0.0
2.1667 0.0
2.1833 0.0
2.2 0.0
2.2167 0.0
2.2333 0.0
2.25 0.0
2.2667 0.0
2.2833 0.0
2.3 0.0
2.3167 0.0
2.3333 0.0
2.35 0.0
2.3667 0.0
2.3833 0.0
2.4 0.0
2.4167 0.0
2.4333 0.0
2.45 0.0
2.4667 0.0
2.4833 0.0
2.5 0.0
2.5167 0.0
2.5333 0.0
2.55 0.0
2.5667 0.0
2.5833 0.0
2.6 0.0
2.6167 0.0
2.6333 0.0
2.65 0.0
2.6667 0.0
2.6833 0.0
2.7 0.0
2.7167 0.0
2.7333 0.0
2.75 0.0
2.7667 0.0
2.7833 0.0
2.8 0.0
2.8167 0.0
2.8333 0.0
2.85 0.0
2.8667 0.0
2.8833 0.0
2.9 0.0
2.9167 0.0
2.9333 0.0
2.95 0.0
2.9667 0.0
2.9833 0.0
3.0 0.0
3.0167 0.0
3.0333 0.0
3.05 0.0
3.0667 0.0
3.0833 0.0
3.1 0.0
3.1167 0.0
3.1333 0.0
3.15 0.0
3.1667 0.0
3.1833 0.0
3.2 0.0
3.2167 0.0
3.2333 0.0
3.25 0.0
3.2667 0.0
3.2833 0.0
3.3 0.0
3.3167 0.0
3.3333 0.0
3.35 0.0
3.3667 0.0
3.3833 0.0
3.4 0.0
3.4167 0.0
3.4333 0.0
3.45 0.0
3.4667 0.0
3.4833 0.0
3.5 0.0
3.5167 0.0
3.5333 0.0
3.55 0.0
3.5667 0.0
3.5833 0.0
3.6 0.0
3.6167 0.0
3.6333 0.0
3.65 0.0
3.6667 0.0
3.6833 0.0
3.7 0.0
3.7167 0.0
3.7333 0.0
3.75 0.0
3.7667 0.0
3.7833 0.0
3.8 0.0
3.8167 0.0
3.8333 0.0
3.85 0.0
3.8667 0.0
3.8833 0.0
3.9 0.0
3.9167 0.0
3.9333 0.0
3.95 0.0
3.9667 0.0
3.9833 0.0
4.0 0.0
4.0167 0.0
4.0333 0.0
4.05 0.0
4.0667 0.0
4.0833 0.0
4.1 0.0
4.1167 0.0
4.1333 0.0
4.15 0.0
4.1667 0.0
4.1833 0.0
4.2 0.0
4.2167 0.0
4.2333 0.0
4.25 0.0
4.2667 0.0
4.2833 0.0
4.3 0.0
4.3167 0.0
4.3333 0.0
4.35 0.0
4.3667 0.0
4.3833 0.0
4.4 0.0
4.4167 0.0
4.4333 0.0
4.45 0.0
4.4667 0.0
4.4833 0.0
4.5 0.0
4.5167 0.0
4.5333 0.0
4.55 0.0
4.5667 0.0
4.5833 0.0
4.6 0.0
4.6167 0.0
4.6333 0.0
4.65 0.0
4.6667 0.0
4.6833 0.0
4.7 0.0
4.7167 0.0
4.7333 0.0
4.75 0.0
4.7667 0.0
4.7833 0.0
4.8 0.0
4.8167 0.0
4.8333 0.0
4.85 0.0
4.8667 0.0
4.8833 0.0
4.9 0.0
4.9167 0.0
4.9333 0.0
4.95 0.0
4.9667 0.0
4.9833 0.0
5.0 0.0
5.0167 0.0
5.0333 0.0
5.05 0.0
5.0667 0.0
5.0833 0.0
5.1 0.0
5.1167 0.0
5.1333 0.0
5.15 0.0
5.1667 0.0
5.1833 0.0
5.2 0.0
5.2167 0.0
5.2333 0.0
5.25 0.0
5.2667 0.0
5.2833 0.0
5.3 0.0
5.3167 0.0
5.3333 0.0
5.35 0.0
5.3667 0.0
5.3833 0.0
5.4 0.0
5.4167 0.0
5.4333 0.0
5.45 0.0
5.4667 0.0
5.4833 0.0
5.5 0.0
5.5167 0.0
5.5333 0.0
5.55 0.0
5.5667 0.0
5.5833 0.0
5.6 0.0
5.6167 0.0
5.6333 0.0
5.65 0.0
5.6667 0.0
5.6833 0.0
5.7 0.0
5.7167 0.0
5.7333 0.0
5.75 0.0
5.7667 0.0
5.7833 0.0
5.8 0.0
5.8167 0.0
5.8333 0.0
5.85 0.0
5.8667 0.0
5.8833 0.0
5.9 0.0
5.9167 0.0
5.9333 0.0
5.95 0.0
5.9667 0.0
5.9833 0.0
6.0 0.0
6.0167 0.0
6.0333 0.0
6.05 0.0
6.0667 0.0
6.0833 0.0
6.1 0.0
6.1167 0.0
6.1333 0.0
6.15 0.0
6.1667 0.0
6.1833 0.0
6.2 0.0
6.2167 0.0
6.2333 0.0
6.25 0.0
6.2667 0.0
6.2833 0.0
6.3 0.0
6.3167 0.0
6.3333 0.0
6.35 0.0
6.3667 0.0
6.3833 0.0
6.4 0.0
6.4167 0.0
6.4333 0.0
6.45 0.0
6.4667 0.0
6.4833 0.0
6.5 0.0
6.5167 0.0
6.5333 0.0
6.55 0.0
6.5667 0.0
6.5833 0.0
6.6 0.0
6.6167 6.954e-30
6.6333 2.548e-12
6.65 9.858e-10
6.6667 8.396e-08
6.6833 1.787e-06
6.7 1.518e-05
6.7167 6.143e-05
6.7333 0.0001454
6.75 0.0002808
6.7667 0.0004849
6.7833 0.000771
6.8 0.001175
6.8167 0.001713
6.8333 0.002461
6.85 0.003492
6.8667 0.004787
6.8833 0.006547
6.9 0.008694
6.9167 0.0115
6.9333 0.01516
6.95 0.0198
6.9667 0.02526
6.9833 0.0321
7.0 0.04079
7.0167 0.05193
7.0333 0.06405
7.05 0.08057
7.0667 0.09791
7.0833 0.1189
7.1 0.1439
7.1167 0.1727
7.1333 0.2045
7.15 0.2402
7.1667 0.2817
7.1833 0.3317
7.2 0.3732
7.2167 0.4355
7.2333 0.4844
7.25 0.5425
7.2667 0.6112
7.2833 0.6923
7.3 0.7693
7.3167 0.8453
7.3333 0.9257
7.35 1.01
7.3667 1.098
7.3833 1.189
7.4 1.283
7.4167 1.38
7.4333 1.48
7.45 1.583
7.4667 1.689
7.4833 1.797
7.5 1.907
7.5167 2.02
7.5333 2.135
7.55 2.253
7.5667 2.373
7.5833 2.495
7.6 2.62
7.6167 2.747
7.6333 2.876
7.65 3.007
7.6667 3.14
7.6833 3.276
7.7 3.414
7.7167 3.554
7.7333 3.697
7.75 3.841
7.7667 3.988
7.7833 4.137
7.8 4.288
7.8167 4.441
7.8333 4.597
7.85 4.754
7.8667 4.914
7.8833 5.075
7.9 5.239
7.9167 5.404
7.9333 5.572
7.95 5.742
7.9667 5.913
7.9833 6.087
8.0 6.262
8.0167 6.439
8.0333 6.618
8.05 6.799
8.0667 6.981
8.0833 7.165
8.1 7.351
8.1167 7.539
8.1333 7.728
8.15 7.918
8.1667 8.11
8.1833 8.304
8.2 8.499
8.2167 8.695
8.2333 8.893
8.25 9.092
8.2667 9.293
8.2833 9.494
8.3 9.697
8.3167 9.901
8.3333 10.11
8.35 10.31
8.3667 10.52
8.3833 10.73
8.4 10.94
8.4167 11.15
8.4333 11.36
8.45 11.57
8.4667 11.79
8.4833 12.0
8.5 12.22
8.5167 12.43
8.5333 12.65
8.55 12.87
8.5667 13.08
8.5833 13.3
8.6 13.52
8.6167 13.74
8.6333 13.96
8.65 14.18
8.6667 14.4
8.6833 14.63
8.7 14.85
8.7167 15.07
8.7333 15.3
8.75 15.52
8.7667 15.74
8.7833 15.97
8.8 16.19
8.8167 16.42
8.8333 16.64
8.85 16.87
8.8667 17.1
8.8833 17.32
8.9 17.55
8.9167 17.77
8.9333 18.0
8.95 18.23
8.9667 18.45
8.9833 18.68
9.0 18.91
9.0167 19.14
9.0333 19.36
9.05 19.59
9.0667 19.82
9.0833 20.04
9.1 20.27
9.1167 20.5
9.1333 20.72
9.15 20.95
9.1667 21.18
9.1833 21.4
9.2 21.63
9.2167 21.86
9.2333 22.08
9.25 22.31
9.2667 22.53
9.2833 22.76
9.3 22.98
9.3167 23.21
9.3333 23.43
9.35 23.66
9.3667 23.88
9.3833 24.1
9.4 24.33
9.4167 24.55
9.4333 24.77
9.45 24.99
9.4667 25.22
9.4833 25.44
9.5 25.66
9.5167 25.88
9.5333 26.1
9.55 26.32
9.5667 26.54
9.5833 26.76
9.6 26.97
9.6167 27.19
9.6333 27.41
9.65 27.62
9.6667 27.84
9.6833 28.05
9.7 28.27
9.7167 28.48
9.7333 28.7
9.75 28.91
9.7667 29.12
9.7833 29.33
9.8 29.54
9.8167 29.75
9.8333 29.96
9.85 30.17
9.8667 30.38
9.8833 30.59
9.9 30.8
9.9167 31.0
9.9333 31.21
9.95 31.41
9.9667 31.62
9.9833 31.82
10.0 32.02
10.0167 32.22
10.0333 32.42
10.05 32.62
10.0667 32.82
10.0833 33.02
10.1 33.22
10.1167 33.42
10.1333 33.61
10.15 33.81
10.1667 34.0
10.1833 34.2
10.2 34.39
10.2167 34.58
10.2333 34.77
10.25 34.96
10.2667 35.15
10.2833 35.34
10.3 35.52
10.3167 35.71
10.3333 35.9
10.35 36.08
10.3667 36.26
10.3833 36.45
10.4 36.63
10.4167 36.81
10.4333 36.99
10.45 37.17
10.4667 37.35
10.4833 37.52
10.5 37.7
10.5167 37.87
10.5333 38.05
10.55 38.22
10.5667 38.39
10.5833 38.56
10.6 38.73
10.6167 38.9
10.6333 39.07
10.65 39.23
10.6667 39.4
10.6833 39.56
10.7 39.73
10.7167 39.89
10.7333 40.05
10.75 40.21
10.7667 40.37
10.7833 40.53
10.8 40.68
10.8167 40.84
10.8333 40.99
10.85 41.15
10.8667 41.3
10.8833 41.45
10.9 41.6
10.9167 41.75
10.9333 41.9
10.95 42.04
10.9667 42.19
10.9833 42.33
11.0 42.48
11.0167 42.62
11.0333 42.76
11.05 42.9
11.0667 43.04
11.0833 43.17
11.1 43.31
11.1167 43.44
11.1333 43.58
11.15 43.71
11.1667 43.84
11.1833 43.97
11.2 44.1
11.2167 44.23
11.2333 44.35
11.25 44.48
11.2667 44.6
11.2833 44.72
11.3 44.85
11.3167 44.97
11.3333 45.08
11.35 45.2
11.3667 45.32
11.3833 45.43
11.4 45.55
11.4167 45.66
11.4333 45.77
11.45 45.88
11.4667 45.99
11.4833 46.1
11.5 46.2
11.5167 46.31
11.5333 46.41
11.55 46.51
11.5667 46.61
11.5833 46.71
11.6 46.81
11.6167 46.91
11.6333 47.01
11.65 47.1
11.6667 47.19
11.6833 47.28
11.7 47.37
11.7167 47.46
11.7333 47.55
11.75 47.64
11.7667 47.72
11.7833 47.81
11.8 47.89
11.8167 47.97
11.8333 48.05
11.85 48.13
11.8667 48.21
11.8833 48.28
11.9 48.36
11.9167 48.43
11.9333 48.5
11.95 48.57
11.9667 48.64
11.9833 48.71
12.0 48.77
12.0167 48.84
12.0333 48.9
12.05 48.96
12.0667 49.02
12.0833 49.08
12.1 49.14
12.1167 49.2
12.1333 49.25
12.15 49.31
12.1667 49.36
12.1833 49.41
12.2 49.46
12.2167 49.51
12.2333 49.55
12.25 49.6
12.2667 49.64
12.2833 49.69
12.3 49.73
12.3167 49.77
12.3333 49.81
12.35 49.84
12.3667 49.88
12.3833 49.91
12.4 49.95
12.4167 49.98
12.4333 50.01
12.45 50.04
12.4667 50.06
12.4833 50.09
12.5 50.11
12.5167 50.14
12.5333 50.16
12.55 50.18
12.5667 50.2
12.5833 50.21
12.6 50.23
12.6167 50.25
12.6333 50.26
12.65 50.27
12.6667 50.28
12.6833 50.29
12.7 50.3
12.7167 50.3
12.7333 50.31
12.75 50.31
12.7667 50.31
12.7833 50.31
12.8 50.31
12.8167 50.31
12.8333 50.31
12.85 50.3
12.8667 50.29
12.8833 50.29
12.9 50.28
12.9167 50.27
12.9333 50.25
12.95 50.24
12.9667 50.23
12.9833 50.21
13.0 50.19
13.0167 50.17
13.0333 50.15
13.05 50.13
13.0667 50.11
13.0833 50.08
13.1 50.05
13.1167 50.03
13.1333 50.0
13.15 49.97
13.1667 49.94
13.1833 49.9
13.2 49.87
13.2167 49.83
13.2333 49.79
13.25 49.75
13.2667 49.72
13.2833 49.67
13.3 49.63
13.3167 49.59
13.3333 49.54
13.35 49.49
13.3667 49.44
13.3833 49.39
13.4 49.34
13.4167 49.29
13.4333 49.23
13.45 49.18
13.4667 49.12
13.4833 49.06
13.5 49.0
13.5167 48.94
13.5333 48.88
13.55 48.82
13.5667 48.75
13.5833 48.69
13.6 48.62
13.6167 48.55
13.6333 48.48
13.65 48.41
13.6667 48.33
13.6833 48.26
13.7 48.18
13.7167 48.1
13.7333 48.02
13.75 47.95
13.7667 47.86
13.7833 47.78
13.8 47.7
13.8167 47.61
13.8333 47.52
13.85 47.44
13.8667 47.35
13.8833 47.26
13.9 47.16
13.9167 47.07
13.9333 46.98
13.95 46.88
13.9667 46.78
13.9833 46.68
14.0 46.58
14.0167 46.48
14.0333 46.38
14.05 46.27
14.0667 46.17
14.0833 46.06
14.1 45.96
14.1167 45.85
14.1333 45.74
14.15 45.62
14.1667 45.51
14.1833 45.4
14.2 45.28
14.2167 45.17
14.2333 45.05
14.25 44.93
14.2667 44.81
14.2833 44.69
14.3 44.56
14.3167 44.44
14.3333 44.31
14.35 44.19
14.3667 44.06
14.3833 43.93
14.4 43.8
14.4167 43.67
14.4333 43.54
14.45 43.4
14.4667 43.27
14.4833 43.13
14.5 42.99
14.5167 42.85
14.5333 42.71
14.55 42.57
14.5667 42.43
14.5833 42.29
14.6 42.14
14.6167 42.0
14.6333 41.85
14.65 41.7
14.6667 41.55
14.6833 41.4
14.7 41.25
14.7167 41.1
14.7333 40.94
14.75 40.79
14.7667 40.63
14.7833 40.48
14.8 40.32
14.8167 40.16
14.8333 40.0
14.85 39.84
14.8667 39.68
14.8833 39.51
14.9 39.35
14.9167 39.18
14.9333 39.01
14.95 38.85
14.9667 38.68
14.9833 38.51
15.0 38.34
15.0167 38.16
15.0333 37.99
15.05 37.82
15.0667 37.64
15.0833 37.47
15.1 37.29
15.1167 37.11
15.1333 36.93
15.15 36.75
15.1667 36.57
15.1833 36.39
15.2 36.21
15.2167 36.02
15.2333 35.84
15.25 35.65
15.2667 35.47
15.2833 35.28
15.3 35.09
15.3167 34.9
15.3333 34.71
15.35 34.52
15.3667 34.33
15.3833 34.13
15.4 33.94
15.4167 33.74
15.4333 33.55
15.45 33.35
15.4667 33.16
15.4833 32.96
15.5 32.76
15.5167 32.56
15.5333 32.36
15.55 32.16
15.5667 31.96
15.5833 31.75
15.6 31.55
15.6167 31.35
15.6333 31.14
15.65 30.94
15.6667 30.73
15.6833 30.52
15.7 30.31
15.7167 30.11
15.7333 29.9
15.75 29.69
15.7667 29.48
15.7833 29.26
15.8 29.05
15.8167 28.84
15.8333 28.63
15.85 28.41
15.8667 28.2
15.8833 27.98
15.9 27.77
15.9167 27.55
15.9333 27.34
15.95 27.12
15.9667 26.9
15.9833 26.68
16.0 26.47
16.0167 26.25
16.0333 26.03
16.05 25.81
16.0667 25.59
16.0833 25.37
16.1 25.14
16.1167 24.92
16.1333 24.7
16.15 24.48
16.1667 24.26
16.1833 24.03
16.2 23.81
16.2167 23.58
16.2333 23.36
16.25 23.14
16.2667 22.91
16.2833 22.69
16.3 22.46
16.3167 22.23
16.3333 22.01
16.35 21.78
16.3667 21.56
16.3833 21.33
16.4 21.1
16.4167 20.88
16.4333 20.65
16.45 20.42
16.4667 20.2
16.4833 19.97
16.5 19.74
16.5167 19.52
16.5333 19.29
16.55 19.06
16.5667 18.83
16.5833 18.61
16.6 18.38
16.6167 18.15
16.6333 17.93
16.65 17.7
16.6667 17.47
16.6833 17.25
16.7 17.02
16.7167 16.79
16.7333 16.57
16.75 16.34
16.7667 16.12
16.7833 15.89
16.8 15.67
16.8167 15.44
16.8333 15.22
16.85 15.0
16.8667 14.78
16.8833 14.55
16.9 14.33
16.9167 14.11
16.9333 13.89
16.95 13.67
16.9667 13.45
16.9833 13.23
17.0 13.01
17.0167 12.79
17.0333 12.58
17.05 12.36
17.0667 12.14
17.0833 11.93
17.1 11.72
17.1167 11.5
17.1333 11.29
17.15 11.08
17.1667 10.87
17.1833 10.66
17.2 10.45
17.2167 10.24
17.2333 10.04
17.25 9.833
17.2667 9.629
17.2833 9.427
17.3 9.226
17.3167 9.026
17.3333 8.827
17.35 8.629
17.3667 8.433
17.3833 8.239
17.4 8.046
17.4167 7.854
17.4333 7.664
17.45 7.475
17.4667 7.288
17.4833 7.103
17.5 6.92
17.5167 6.738
17.5333 6.558
17.55 6.379
17.5667 6.203
17.5833 6.028
17.6 5.855
17.6167 5.684
17.6333 5.515
17.65 5.348
17.6667 5.183
17.6833 5.02
17.7 4.859
17.7167 4.7
17.7333 4.544
17.75 4.389
17.7667 4.237
17.7833 4.086
17.8 3.938
17.8167 3.792
17.8333 3.648
17.85 3.506
17.8667 3.367
17.8833 3.23
17.9 3.095
17.9167 2.962
17.9333 2.831
17.95 2.703
17.9667 2.577
17.9833 2.453
18.0 2.332
18.0167 2.213
18.0333 2.096
18.05 1.981
18.0667 1.869
18.0833 1.759
18.1 1.652
18.1167 1.548
18.1333 1.446
18.15 1.347
18.1667 1.25
18.1833 1.157
18.2 1.067
18.2167 0.9805
18.2333 0.8975
18.25 0.8187
18.2667 0.7443
18.2833 0.6628
18.3 0.5863
18.3167 0.5212
18.3333 0.4666
18.35 0.4129
18.3667 0.3574
18.3833 0.3101
18.4 0.27
18.4167 0.2285
18.4333 0.193
18.45 0.162
18.4667 0.1351
18.4833 0.1121
18.5 0.09272
18.5167 0.07379
18.5333 0.06009
18.55 0.04739
18.5667 0.03767
18.5833 0.02984
18.6 0.02319
18.6167 0.01795
18.6333 0.01382
18.65 0.01058
18.6667 0.00786
18.6833 0.005866
18.7 0.0043
18.7167 0.003097
18.7333 0.002171
18.75 0.001499
18.7667 0.001015
18.7833 0.0006576
18.8 0.0004017
18.8167 0.0002264
18.8333 0.0001108
18.85 4.198e-05
18.8667 7.622e-06
18.8833 7.057e-07
18.9 2.165e-08
18.9167 1.434e-10
18.9333 8.896e-14
18.95 0.0
18.9667 0.0
18.9833 0.0
19.0 0.0
19.0167 0.0
19.0333 0.0
19.05 0.0
19.0667 0.0
19.0833 0.0
19.1 0.0
19.1167 0.0
19.1333 0.0
19.15 0.0
19.1667 0.0
19.1833 0.0
19.2 0.0
19.2167 0.0
19.2333 0.0
19.25 0.0
19.2667 0.0
19.2833 0.0
19.3 0.0
19.3167 0.0
19.3333 0.0
19.35 0.0
19.3667 0.0
19.3833 0.0
19.4 0.0
19.4167 0.0
19.4333 0.0
19.45 0.0
19.4667 0.0
19.4833 0.0
19.5 0.0
19.5167 0.0
19.5333 0.0
19.55 0.0
19.5667 0.0
19.5833 0.0
19.6 0.0
19.6167 0.0
19.6333 0.0
19.65 0.0
19.6667 0.0
19.6833 0.0
19.7 0.0
19.7167 0.0
19.7333 0.0
19.75 0.0
19.7667 0.0
19.7833 0.0
19.8 0.0
19.8167 0.0
19.8333 0.0
19.85 0.0
19.8667 0.0
19.8833 0.0
19.9 0.0
19.9167 0.0
19.9333 0.0
19.95 0.0
19.9667 0.0
19.9833 0.0
20.0 0.0
20.0167 0.0
20.0333 0.0
20.05 0.0
20.0667 0.0
20.0833 0.0
20.1 0.0
20.1167 0.0
20.1333 0.0
20.15 0.0
20.1667 0.0
20.1833 0.0
20.2 0.0
20.2167 0.0
20.2333 0.0
20.25 0.0
20.2667 0.0
20.2833 0.0
20.3 0.0
20.3167 0.0
20.3333 0.0
20.35 0.0
20.3667 0.0
20.3833 0.0
20.4 0.0
20.4167 0.0
20.4333 0.0
20.45 0.0
20.4667 0.0
20.4833 0.0
20.5 0.0
20.5167 0.0
20.5333 0.0
20.55 0.0
20.5667 0.0
20.5833 0.0
20.6 0.0
20.6167 0.0
20.6333 0.0
20.65 0.0
20.6667 0.0
20.6833 0.0
20.7 0.0
20.7167 0.0
20.7333 0.0
20.75 0.0
20.7667 0.0
20.7833 0.0
20.8 0.0
20.8167 0.0
20.8333 0.0
20.85 0.0
20.8667 0.0
20.8833 0.0
20.9 0.0
20.9167 0.0
20.9333 0.0
20.95 0.0
20.9667 0.0
20.9833 0.0
21.0 0.0
21.0167 0.0
21.0333 0.0
21.05 0.0
21.0667 0.0
21.0833 0.0
21.1 0.0
21.1167 0.0
21.1333 0.0
21.15 0.0
21.1667 0.0
21.1833 0.0
21.2 0.0
21.2167 0.0
21.2333 0.0
21.25 0.0
21.2667 0.0
21.2833 0.0
21.3 0.0
21.3167 0.0
21.3333 0.0
21.35 0.0
21.3667 0.0
21.3833 0.0
21.4 0.0
21.4167 0.0
21.4333 0.0
21.45 0.0
21.4667 0.0
21.4833 0.0
21.5 0.0
21.5167 0.0
21.5333 0.0
21.55 0.0
21.5667 0.0
21.5833 0.0
21.6 0.0
21.6167 0.0
21.6333 0.0
21.65 0.0
21.6667 0.0
21.6833 0.0
21.7 0.0
21.7167 0.0
21.7333 0.0
21.75 0.0
21.7667 0.0
21.7833 0.0
21.8 0.0
21.8167 0.0
21.8333 0.0
21.85 0.0
21.8667 0.0
21.8833 0.0
21.9 0.0
21.9167 0.0
21.9333 0.0
21.95 0.0
21.9667 0.0
21.9833 0.0
22.0 0.0
22.0167 0.0
22.0333 0.0
22.05 0.0
22.0667 0.0
22.0833 0.0
22.1 0.0
22.1167 0.0
22.1333 0.0
22.15 0.0
22.1667 0.0
22.1833 0.0
22.2 0.0
22.2167 0.0
22.2333 0.0
22.25 0.0
22.2667 0.0
22.2833 0.0
22.3 0.0
22.3167 0.0
22.3333 0.0
22.35 0.0
22.3667 0.0
22.3833 0.0
22.4 0.0
22.4167 0.0
22.4333 0.0
22.45 0.0
22.4667 0.0
22.4833 0.0
22.5 0.0
22.5167 0.0
22.5333 0.0
22.55 0.0
22.5667 0.0
22.5833 0.0
22.6 0.0
22.6167 0.0
22.6333 0.0
22.65 0.0
22.6667 0.0
22.6833 0.0
22.7 0.0
22.7167 0.0
22.7333 0.0
22.75 0.0
22.7667 0.0
22.7833 0.0
22.8 0.0
22.8167 0.0
22.8333 0.0
22.85 0.0
22.8667 0.0
22.8833 0.0
22.9 0.0
22.9167 0.0
22.9333 0.0
22.95 0.0
22.9667 0.0
22.9833 0.0
23.0 0.0
23.0167 0.0
23.0333 0.0
23.05 0.0
23.0667 0.0
23.0833 0.0
23.1 0.0
23.1167 0.0
23.1333 0.0
23.15 0.0
23.1667 0.0
23.1833 0.0
23.2 0.0
23.2167 0.0
23.2333 0.0
23.25 0.0
23.2667 0.0
23.2833 0.0
23.3 0.0
23.3167 0.0
23.3333 0.0
23.35 0.0
23.3667 0.0
23.3833 0.0
23.4 0.0
23.4167 0.0
23.4333 0.0
23.45 0.0
23.4667 0.0
23.4833 0.0
23.5 0.0
23.5167 0.0
23.5333 0.0
23.55 0.0
23.5667 0.0
23.5833 0.0
23.6 0.0
23.6167 0.0
23.6333 0.0
23.65 0.0
23.6667 0.0
23.6833 0.0
23.7 0.0
23.7167 0.0
23.7333 0.0
23.75 0.0
23.7667 0.0
23.7833 0.0
23.8 0.0
23.8167 0.0
23.8333 0.0
23.85 0.0
23.8667 0.0
23.8833 0.0
23.9 0.0
23.9167 0.0
23.9333 0.0
23.95 0.0
23.9667 0.0
23.9833 0.0
