0.0 0.0
0.0167 0.0
0.0333 0.0
0.05 0.0
0.0667 0.0
0.0833 0.0
0.1 0.0
0.1167 0.0
0.1333 0.0
0.15 0.0
0.1667 0.0
0.1833 0.0
0.2 0.0
0.2167 0.0
0.2333 0.0
0.25 0.0
0.2667 0.0
0.2833 0.0
0.3 0.0
0.3167 0.0
0.3333 0.0
0.35 0.0
0.3667 0.0
0.3833 0.0
0.4 0.0
0.4167 0.0
0.4333 0.0
0.45 0.0
0.4667 0.0
0.4833 0.0
0.5 0.0
0.5167 0.0
0.5333 0.0
0.55 0.0
0.5667 0.0
0.5833 0.0
0.6 0.0
0.6167 0.0
0.6333 0.0
0.65 0.0
0.6667 0.0
0.6833 0.0
0.7 0.0
0.7167 0.0
0.7333 0.0
0.75 0.0
0.7667 0.0
0.7833 0.0
0.8 0.0
0.8167 0.0
0.8333 0.0
0.85 0.0
0.8667 0.0
0.8833 0.0
0.9 0.0
0.9167 0.0
0.9333 0.0
0.95 0.0
0.9667 0.0
0.9833 0.0
1.0 0.0
1.0167 0.0
1.0333 0.0
1.05 0.0
1.0667 0.0
1.0833 0.0
1.1 0.0
1.1167 0.0
1.1333 0.0
1.15 0.0
1.1667 0.0
1.1833 0.0
1.2 0.0
1.2167 0.0
1.2333 0.0
1.25 0.0
1.2667 0.0
1.2833 0.0
1.3 0.0
1.3167 0.0
1.3333 0.0
1.35 0.0
1.3667 0.0
1.3833 0.0
1.4 0.0
1.4167 0.0
1.4333 0.0
1.45 0.0
1.4667 0.0
1.4833 0.0
1.5 0.0
1.5167 0.0
1.5333 0.0
1.55 0.0
1.5667 0.0
1.5833 0.0
1.6 0.0
1.6167 0.0
1.6333 0.0
1.65 0.0
1.6667 0.0
1.6833 0.0
1.7 0.0
1.7167 0.0
1.7333 0.0
1.75 0.0
1.7667 0.0
1.7833 0.0
1.8 0.0
1.8167 0.0
1.8333 0.0
1.85 0.0
1.8667 0.0
1.8833 0.0
1.9 0.0
1.9167 0.0
1.9333 0.0
1.95 0.0
1.9667 0.0
1.9833 0.0
2.0 0.0
2.0167 0.0
2.0333 0.0
2.05 0.0
2.0667 0.0
2.0833 0.0
2.1 0.0
2.1167 0.0
2.1333 0.0
2.15 0.0
2.1667 0.0
2.1833 0.0
2.2 0.0
2.2167 0.0
2.2333 0.0
2.25 0.0
2.2667 0.0
2.2833 0.0
2.3 0.0
2.3167 0.0
2.3333 0.0
2.35 0.0
2.3667 0.0
2.3833 0.0
2.4 0.0
2.4167 0.0
2.4333 0.0
2.45 0.0
2.4667 0.0
2.4833 0.0
2.5 0.0
2.5167 0.0
2.5333 0.0
2.55 0.0
2.5667 0.0
2.5833 0.0
2.6 0.0
2.6167 0.0
2.6333 0.0
2.65 0.0
2.6667 0.0
2.6833 0.0
2.7 0.0
2.7167 0.0
2.7333 0.0
2.75 0.0
2.7667 0.0
2.7833 0.0
2.8 0.0
2.8167 0.0
2.8333 0.0
2.85 0.0
2.8667 0.0
2.8833 0.0
2.9 0.0
2.9167 0.0
2.9333 0.0
2.95 0.0
2.9667 0.0
2.9833 0.0
3.0 0.0
3.0167 0.0
3.0333 0.0
3.05 0.0
3.0667 0.0
3.0833 0.0
3.1 0.0
3.1167 0.0
3.1333 0.0
3.15 0.0
3.1667 0.0
3.1833 0.0
3.2 0.0
3.2167 0.0
3.2333 0.0
3.25 0.0
3.2667 0.0
3.2833 0.0
3.3 0.0
3.3167 0.0
3.3333 0.0
3.35 0.0
3.3667 0.0
3.3833 0.0
3.4 0.0
3.4167 0.0
3.4333 0.0
3.45 0.0
3.4667 0.0
3.4833 0.0
3.5 0.0
3.5167 0.0
3.5333 0.0
3.55 0.0
3.5667 0.0
3.5833 0.0
3.6 0.0
3.6167 0.0
3.6333 0.0
3.65 0.0
3.6667 0.0
3.6833 0.0
3.7 0.0
3.7167 0.0
3.7333 0.0
3.75 0.0
3.7667 0.0
3.7833 0.0
3.8 0.0
3.8167 0.0
3.8333 0.0
3.85 0.0
3.8667 0.0
3.8833 0.0
3.9 0.0
3.9167 0.0
3.9333 0.0
3.95 0.0
3.9667 0.0
3.9833 0.0
4.0 0.0
4.0167 0.0
4.0333 0.0
4.05 0.0
4.0667 0.0
4.0833 0.0
4.1 0.0
4.1167 0.0
4.1333 0.0
4.15 0.0
4.1667 0.0
4.1833 0.0
4.2 0.0
4.2167 0.0
4.2333 0.0
4.25 0.0
4.2667 0.0
4.2833 0.0
4.3 0.0
4.3167 0.0
4.3333 0.0
4.35 0.0
4.3667 0.0
4.3833 0.0
4.4 0.0
4.4167 0.0
4.4333 0.0
4.45 0.0
4.4667 0.0
4.4833 0.0
4.5 0.0
4.5167 0.0
4.5333 0.0
4.55 0.0
4.5667 0.0
4.5833 0.0
4.6 0.0
4.6167 0.0
4.6333 0.0
4.65 0.0
4.6667 0.0
4.6833 0.0
4.7 0.0
4.7167 0.0
4.7333 0.0
4.75 0.0
4.7667 0.0
4.7833 0.0
4.8 0.0
4.8167 0.0
4.8333 0.0
4.85 0.0
4.8667 0.0
4.8833 0.0
4.9 0.0
4.9167 0.0
4.9333 0.0
4.95 0.0
4.9667 0.0
4.9833 0.0
5.0 0.0
5.0167 0.0
5.0333 0.0
5.05 0.0
5.0667 0.0
5.0833 0.0
5.1 0.0
5.1167 0.0
5.1333 0.0
5.15 0.0
5.1667 0.0
5.1833 0.0
5.2 0.0
5.2167 0.0
5.2333 0.0
5.25 0.0
5.2667 0.0
5.2833 0.0
5.3 0.0
5.3167 0.0
5.3333 0.0
5.35 0.0
5.3667 0.0
5.3833 0.0
5.4 0.0
5.4167 0.0
5.4333 0.0
5.45 0.0
5.4667 0.0
5.4833 0.0
5.5 0.0
5.5167 0.0
5.5333 0.0
5.55 0.0
5.5667 0.0
5.5833 0.0
5.6 0.0
5.6167 0.0
5.6333 0.0
5.65 0.0
5.6667 0.0
5.6833 0.0
5.7 0.0
5.7167 0.0
5.7333 0.0
5.75 0.0
5.7667 0.0
5.7833 0.0
5.8 0.0
5.8167 0.0
5.8333 0.0
5.85 0.0
5.8667 0.0
5.8833 0.0
5.9 0.0
5.9167 0.0
5.9333 0.0
5.95 0.0
5.9667 0.0
5.9833 0.0
6.0 0.0
6.0167 0.0
6.0333 0.0
6.05 0.0
6.0667 0.0
6.0833 0.0
6.1 0.0
6.1167 0.0
6.1333 0.0
6.15 0.0
6.1667 0.0
6.1833 0.0
6.2 0.0
6.2167 0.0
6.2333 0.0
6.25 0.0
6.2667 0.0
6.2833 0.0
6.3 0.0
6.3167 0.0
6.3333 0.0
6.35 0.0
6.3667 0.0
6.3833 0.0
6.4 0.0
6.4167 0.0
6.4333 0.0
6.45 0.0
6.4667 0.0
6.4833 0.0
6.5 0.0
6.5167 0.0
6.5333 0.0
6.55 0.0
6.5667 0.0
6.5833 0.0
6.6 0.0
6.6167 0.0
6.6333 1.778e-12
6.65 8.672e-10
6.6667 7.808e-08
6.6833 1.715e-06
6.7 1.461e-05
6.7167 6.054e-05
6.7333 0.0001437
6.75 0.0002775
6.7667 0.000478
6.7833 0.0007656
6.8 0.001163
6.8167 0.001702
6.8333 0.002451
6.85 0.003482
6.8667 0.004768
6.8833 0.006532
6.9 0.008673
6.9167 0.01147
6.9333 0.01509
6.95 0.0197
6.9667 0.02519
6.9833 0.03205
7.0 0.04075
7.0167 0.05191
7.0333 0.06401
7.05 0.08056
7.0667 0.0979
7.0833 0.1189
7.1 0.1439
7.1167 0.1727
7.1333 0.2045
7.15 0.2403
7.1667 0.2819
7.1833 0.3319
7.2 0.3735
7.2167 0.4358
7.2333 0.4849
7.25 0.543
7.2667 0.6119
7.2833 0.6932
7.3 0.7703
7.3167 0.8464
7.3333 0.9269
7.35 1.011
7.3667 1.099
7.3833 1.19
7.4 1.285
7.4167 1.382
7.4333 1.483
7.45 1.585
7.4667 1.691
7.4833 1.799
7.5 1.91
7.5167 2.023
7.5333 2.139
7.55 2.256
7.5667 2.377
7.5833 2.499
7.6 2.624
7.6167 2.751
7.6333 2.88
7.65 3.012
7.6667 3.145
7.6833 3.281
7.7 3.419
7.7167 3.56
7.7333 3.702
7.75 3.847
7.7667 3.994
7.7833 4.143
7.8 4.295
7.8167 4.448
7.8333 4.604
7.85 4.762
7.8667 4.921
7.8833 5.083
7.9 5.247
7.9167 5.413
7.9333 5.581
7.95 5.751
7.9667 5.923
7.9833 6.097
8.0 6.272
8.0167 6.45
8.0333 6.629
8.05 6.81
8.0667 6.993
8.0833 7.177
8.1 7.363
8.1167 7.551
8.1333 7.74
8.15 7.931
8.1667 8.124
8.1833 8.317
8.2 8.513
8.2167 8.71
8.2333 8.908
8.25 9.107
8.2667 9.308
8.2833 9.51
8.3 9.713
8.3167 9.918
8.3333 10.12
8.35 10.33
8.3667 10.54
8.3833 10.75
8.4 10.96
8.4167 11.17
8.4333 11.38
8.45 11.59
8.4667 11.81
8.4833 12.02
8.5 12.24
8.5167 12.45
8.5333 12.67
8.55 12.89
8.5667 13.1
8.5833 13.32
8.6 13.54
8.6167 13.76
8.6333 13.98
8.65 14.21
8.6667 14.43
8.6833 14.65
8.7 14.87
8.7167 15.1
8.7333 15.32
8.75 15.54
8.7667 15.77
8.7833 15.99
8.8 16.22
8.8167 16.44
8.8333 16.67
8.85 16.9
8.8667 17.12
8.8833 17.35
8.9 17.58
8.9167 17.8
8.9333 18.03
8.95 18.26
8.9667 18.48
8.9833 18.71
9.0 18.94
9.0167 19.17
9.0333 19.39
9.05 19.62
9.0667 19.85
9.0833 20.08
9.1 20.3
9.1167 20.53
9.1333 20.76
9.15 20.99
9.1667 21.21
9.1833 21.44
9.2 21.67
9.2167 21.89
9.2333 22.12
9.25 22.35
9.2667 22.57
9.2833 22.8
9.3 23.02
9.3167 23.25
9.3333 23.47
9.35 23.7
9.3667 23.92
9.3833 24.14
9.4 24.37
9.4167 24.59
9.4333 24.81
9.45 25.04
9.4667 25.26
9.4833 25.48
9.5 25.7
9.5167 25.92
9.5333 26.14
9.55 26.36
9.5667 26.58
9.5833 26.8
9.6 27.02
9.6167 27.24
9.6333 27.45
9.65 27.67
9.6667 27.89
9.6833 28.1
9.7 28.32
9.7167 28.53
9.7333 28.74
9.75 28.96
9.7667 29.17
9.7833 29.38
9.8 29.59
9.8167 29.8
9.8333 30.01
9.85 30.22
9.8667 30.43
9.8833 30.64
9.9 30.85
9.9167 31.05
9.9333 31.26
9.95 31.46
9.9667 31.67
9.9833 31.87
10.0 32.07
10.0167 32.28
10.0333 32.48
10.05 32.68
10.0667 32.88
10.0833 33.08
10.1 33.27
10.1167 33.47
10.1333 33.67
10.15 33.86
10.1667 34.06
10.1833 34.25
10.2 34.45
10.2167 34.64
10.2333 34.83
10.25 35.02
10.2667 35.21
10.2833 35.4
10.3 35.58
10.3167 35.77
10.3333 35.96
10.35 36.14
10.3667 36.33
10.3833 36.51
10.4 36.69
10.4167 36.87
10.4333 37.05
10.45 37.23
10.4667 37.41
10.4833 37.59
10.5 37.76
10.5167 37.94
10.5333 38.11
10.55 38.28
10.5667 38.46
10.5833 38.63
10.6 38.8
10.6167 38.97
10.6333 39.13
10.65 39.3
10.6667 39.47
10.6833 39.63
10.7 39.79
10.7167 39.96
10.7333 40.12
10.75 40.28
10.7667 40.44
10.7833 40.6
10.8 40.75
10.8167 40.91
10.8333 41.06
10.85 41.22
10.8667 41.37
10.8833 41.52
10.9 41.67
10.9167 41.82
10.9333 41.97
10.95 42.12
10.9667 42.26
10.9833 42.41
11.0 42.55
11.0167 42.69
11.0333 42.83
11.05 42.97
11.0667 43.11
11.0833 43.25
11.1 43.39
11.1167 43.52
11.1333 43.65
11.15 43.79
11.1667 43.92
11.1833 44.05
11.2 44.18
11.2167 44.31
11.2333 44.43
11.25 44.56
11.2667 44.68
11.2833 44.8
11.3 44.93
11.3167 45.05
11.3333 45.17
11.35 45.28
11.3667 45.4
11.3833 45.52
11.4 45.63
11.4167 45.74
11.4333 45.85
11.45 45.96
11.4667 46.07
11.4833 46.18
11.5 46.29
11.5167 46.39
11.5333 46.5
11.55 46.6
11.5667 46.7
11.5833 46.8
11.6 46.9
11.6167 47.0
11.6333 47.09
11.65 47.19
11.6667 47.28
11.6833 47.37
11.7 47.46
11.7167 47.55
11.7333 47.64
11.75 47.73
11.7667 47.81
11.7833 47.9
11.8 47.98
11.8167 48.06
11.8333 48.14
11.85 48.22
11.8667 48.3
11.8833 48.37
11.9 48.45
11.9167 48.52
11.9333 48.59
11.95 48.66
11.9667 48.73
11.9833 48.8
12.0 48.87
12.0167 48.93
12.0333 48.99
12.05 49.06
12.0667 49.12
12.0833 49.18
12.1 49.24
12.1167 49.29
12.1333 49.35
12.15 49.4
12.1667 49.45
12.1833 49.51
12.2 49.56
12.2167 49.6
12.2333 49.65
12.25 49.7
12.2667 49.74
12.2833 49.78
12.3 49.83
12.3167 49.87
12.3333 49.9
12.35 49.94
12.3667 49.98
12.3833 50.01
12.4 50.05
12.4167 50.08
12.4333 50.11
12.45 50.14
12.4667 50.16
12.4833 50.19
12.5 50.21
12.5167 50.24
12.5333 50.26
12.55 50.28
12.5667 50.3
12.5833 50.32
12.6 50.33
12.6167 50.35
12.6333 50.36
12.65 50.37
12.6667 50.38
12.6833 50.39
12.7 50.4
12.7167 50.41
12.7333 50.41
12.75 50.42
12.7667 50.42
12.7833 50.42
12.8 50.42
12.8167 50.42
12.8333 50.41
12.85 50.41
12.8667 50.4
12.8833 50.39
12.9 50.38
12.9167 50.37
12.9333 50.36
12.95 50.35
12.9667 50.33
12.9833 50.32
13.0 50.3
13.0167 50.28
13.0333 50.26
13.05 50.24
13.0667 50.21
13.0833 50.19
13.1 50.16
13.1167 50.14
13.1333 50.11
13.15 50.08
13.1667 50.05
13.1833 50.01
13.2 49.98
13.2167 49.94
13.2333 49.9
13.25 49.87
13.2667 49.83
13.2833 49.78
13.3 49.74
13.3167 49.7
13.3333 49.65
13.35 49.6
13.3667 49.56
13.3833 49.51
13.4 49.45
13.4167 49.4
13.4333 49.35
13.45 49.29
13.4667 49.24
13.4833 49.18
13.5 49.12
13.5167 49.06
13.5333 48.99
13.55 48.93
13.5667 48.87
13.5833 48.8
13.6 48.73
13.6167 48.66
13.6333 48.59
13.65 48.52
13.6667 48.45
13.6833 48.37
13.7 48.3
13.7167 48.22
13.7333 48.14
13.75 48.06
13.7667 47.98
13.7833 47.9
13.8 47.81
13.8167 47.73
13.8333 47.64
13.85 47.55
13.8667 47.46
13.8833 47.37
13.9 47.28
13.9167 47.19
13.9333 47.09
13.95 47.0
13.9667 46.9
13.9833 46.8
14.0 46.7
14.0167 46.6
14.0333 46.5
14.05 46.39
14.0667 46.29
14.0833 46.18
14.1 46.07
14.1167 45.97
14.1333 45.86
14.15 45.74
14.1667 45.63
14.1833 45.52
14.2 45.4
14.2167 45.29
14.2333 45.17
14.25 45.05
14.2667 44.93
14.2833 44.81
14.3 44.68
14.3167 44.56
14.3333 44.43
14.35 44.31
14.3667 44.18
14.3833 44.05
14.4 43.92
14.4167 43.79
14.4333 43.66
14.45 43.52
14.4667 43.39
14.4833 43.25
14.5 43.11
14.5167 42.97
14.5333 42.83
14.55 42.69
14.5667 42.55
14.5833 42.41
14.6 42.26
14.6167 42.12
14.6333 41.97
14.65 41.82
14.6667 41.67
14.6833 41.52
14.7 41.37
14.7167 41.22
14.7333 41.07
14.75 40.91
14.7667 40.76
14.7833 40.6
14.8 40.44
14.8167 40.28
14.8333 40.12
14.85 39.96
14.8667 39.8
14.8833 39.63
14.9 39.47
14.9167 39.3
14.9333 39.13
14.95 38.97
14.9667 38.8
14.9833 38.63
15.0 38.46
15.0167 38.28
15.0333 38.11
15.05 37.94
15.0667 37.76
15.0833 37.59
15.1 37.41
15.1167 37.23
15.1333 37.05
15.15 36.87
15.1667 36.69
15.1833 36.51
15.2 36.33
15.2167 36.14
15.2333 35.96
15.25 35.77
15.2667 35.59
15.2833 35.4
15.3 35.21
15.3167 35.02
15.3333 34.83
15.35 34.64
15.3667 34.45
15.3833 34.25
15.4 34.06
15.4167 33.86
15.4333 33.67
15.45 33.47
15.4667 33.28
15.4833 33.08
15.5 32.88
15.5167 32.68
15.5333 32.48
15.55 32.28
15.5667 32.08
15.5833 31.87
15.6 31.67
15.6167 31.46
15.6333 31.26
15.65 31.05
15.6667 30.85
15.6833 30.64
15.7 30.43
15.7167 30.22
15.7333 30.01
15.75 29.8
15.7667 29.59
15.7833 29.38
15.8 29.17
15.8167 28.96
15.8333 28.74
15.85 28.53
15.8667 28.32
15.8833 28.1
15.9 27.89
15.9167 27.67
15.9333 27.45
15.95 27.24
15.9667 27.02
15.9833 26.8
16.0 26.58
16.0167 26.36
16.0333 26.14
16.05 25.92
16.0667 25.7
16.0833 25.48
16.1 25.26
16.1167 25.04
16.1333 24.81
16.15 24.59
16.1667 24.37
16.1833 24.14
16.2 23.92
16.2167 23.7
16.2333 23.47
16.25 23.25
16.2667 23.02
16.2833 22.8
16.3 22.57
16.3167 22.34
16.3333 22.12
16.35 21.89
16.3667 21.67
16.3833 21.44
16.4 21.21
16.4167 20.99
16.4333 20.76
16.45 20.53
16.4667 20.3
16.4833 20.08
16.5 19.85
16.5167 19.62
16.5333 19.39
16.55 19.17
16.5667 18.94
16.5833 18.71
16.6 18.48
16.6167 18.26
16.6333 18.03
16.65 17.8
16.6667 17.58
16.6833 17.35
16.7 17.12
16.7167 16.9
16.7333 16.67
16.75 16.44
16.7667 16.22
16.7833 15.99
16.8 15.77
16.8167 15.54
16.8333 15.32
16.85 15.1
16.8667 14.87
16.8833 14.65
16.9 14.43
16.9167 14.2
16.9333 13.98
16.95 13.76
16.9667 13.54
16.9833 13.32
17.0 13.1
17.0167 12.89
17.0333 12.67
17.05 12.45
17.0667 12.23
17.0833 12.02
17.1 11.8
17.1167 11.59
17.1333 11.38
17.15 11.17
17.1667 10.95
17.1833 10.74
17.2 10.54
17.2167 10.33
17.2333 10.12
17.25 9.916
17.2667 9.711
17.2833 9.508
17.3 9.306
17.3167 9.105
17.3333 8.906
17.35 8.708
17.3667 8.511
17.3833 8.315
17.4 8.122
17.4167 7.929
17.4333 7.738
17.45 7.549
17.4667 7.361
17.4833 7.175
17.5 6.991
17.5167 6.808
17.5333 6.627
17.55 6.447
17.5667 6.27
17.5833 6.095
17.6 5.921
17.6167 5.749
17.6333 5.579
17.65 5.411
17.6667 5.245
17.6833 5.081
17.7 4.919
17.7167 4.759
17.7333 4.602
17.75 4.446
17.7667 4.293
17.7833 4.141
17.8 3.992
17.8167 3.845
17.8333 3.7
17.85 3.558
17.8667 3.417
17.8833 3.279
17.9 3.143
17.9167 3.009
17.9333 2.878
17.95 2.749
17.9667 2.622
17.9833 2.497
18.0 2.375
18.0167 2.254
18.0333 2.137
18.05 2.021
18.0667 1.908
18.0833 1.797
18.1 1.689
18.1167 1.584
18.1333 1.481
18.15 1.381
18.1667 1.283
18.1833 1.189
18.2 1.097
18.2167 1.01
18.2333 0.9251
18.25 0.8449
18.2667 0.7688
18.2833 0.6914
18.3 0.6104
18.3167 0.5417
18.3333 0.4838
18.35 0.4349
18.3667 0.3725
18.3833 0.3311
18.4 0.2811
18.4167 0.2395
18.4333 0.2037
18.45 0.1718
18.4667 0.1432
18.4833 0.1184
18.5 0.0975
18.5167 0.08029
18.5333 0.06371
18.55 0.05171
18.5667 0.04056
18.5833 0.03185
18.6 0.02497
18.6167 0.01946
18.6333 0.01495
18.65 0.01138
18.6667 0.008618
18.6833 0.006494
18.7 0.004726
18.7167 0.00346
18.7333 0.002431
18.75 0.001683
18.7667 0.001141
18.7833 0.0007492
18.8 0.0004684
18.8167 0.0002729
18.8333 0.0001411
18.85 5.924e-05
18.8667 1.387e-05
18.8833 1.62e-06
18.9 7.132e-08
18.9167 7.45e-10
18.9333 1.338e-12
18.95 0.0
18.9667 0.0
18.9833 0.0
19.0 0.0
19.0167 0.0
19.0333 0.0
19.05 0.0
19.0667 0.0
19.0833 0.0
19.1 0.0
19.1167 0.0
19.1333 0.0
19.15 0.0
19.1667 0.0
19.1833 0.0
19.2 0.0
19.2167 0.0
19.2333 0.0
19.25 0.0
19.2667 0.0
19.2833 0.0
19.3 0.0
19.3167 0.0
19.3333 0.0
19.35 0.0
19.3667 0.0
19.3833 0.0
19.4 0.0
19.4167 0.0
19.4333 0.0
19.45 0.0
19.4667 0.0
19.4833 0.0
19.5 0.0
19.5167 0.0
19.5333 0.0
19.55 0.0
19.5667 0.0
19.5833 0.0
19.6 0.0
19.6167 0.0
19.6333 0.0
19.65 0.0
19.6667 0.0
19.6833 0.0
19.7 0.0
19.7167 0.0
19.7333 0.0
19.75 0.0
19.7667 0.0
19.7833 0.0
19.8 0.0
19.8167 0.0
19.8333 0.0
19.85 0.0
19.8667 0.0
19.8833 0.0
19.9 0.0
19.9167 0.0
19.9333 0.0
19.95 0.0
19.9667 0.0
19.9833 0.0
20.0 0.0
20.0167 0.0
20.0333 0.0
20.05 0.0
20.0667 0.0
20.0833 0.0
20.1 0.0
20.1167 0.0
20.1333 0.0
20.15 0.0
20.1667 0.0
20.1833 0.0
20.2 0.0
20.2167 0.0
20.2333 0.0
20.25 0.0
20.2667 0.0
20.2833 0.0
20.3 0.0
20.3167 0.0
20.3333 0.0
20.35 0.0
20.3667 0.0
20.3833 0.0
20.4 0.0
20.4167 0.0
20.4333 0.0
20.45 0.0
20.4667 0.0
20.4833 0.0
20.5 0.0
20.5167 0.0
20.5333 0.0
20.55 0.0
20.5667 0.0
20.5833 0.0
20.6 0.0
20.6167 0.0
20.6333 0.0
20.65 0.0
20.6667 0.0
20.6833 0.0
20.7 0.0
20.7167 0.0
20.7333 0.0
20.75 0.0
20.7667 0.0
20.7833 0.0
20.8 0.0
20.8167 0.0
20.8333 0.0
20.85 0.0
20.8667 0.0
20.8833 0.0
20.9 0.0
20.9167 0.0
20.9333 0.0
20.95 0.0
20.9667 0.0
20.9833 0.0
21.0 0.0
21.0167 0.0
21.0333 0.0
21.05 0.0
21.0667 0.0
21.0833 0.0
21.1 0.0
21.1167 0.0
21.1333 0.0
21.15 0.0
21.1667 0.0
21.1833 0.0
21.2 0.0
21.2167 0.0
21.2333 0.0
21.25 0.0
21.2667 0.0
21.2833 0.0
21.3 0.0
21.3167 0.0
21.3333 0.0
21.35 0.0
21.3667 0.0
21.3833 0.0
21.4 0.0
21.4167 0.0
21.4333 0.0
21.45 0.0
21.4667 0.0
21.4833 0.0
21.5 0.0
21.5167 0.0
21.5333 0.0
21.55 0.0
21.5667 0.0
21.5833 0.0
21.6 0.0
21.6167 0.0
21.6333 0.0
21.65 0.0
21.6667 0.0
21.6833 0.0
21.7 0.0
21.7167 0.0
21.7333 0.0
21.75 0.0
21.7667 0.0
21.7833 0.0
21.8 0.0
21.8167 0.0
21.8333 0.0
21.85 0.0
21.8667 0.0
21.8833 0.0
21.9 0.0
21.9167 0.0
21.9333 0.0
21.95 0.0
21.9667 0.0
21.9833 0.0
22.0 0.0
22.0167 0.0
22.0333 0.0
22.05 0.0
22.0667 0.0
22.0833 0.0
22.1 0.0
22.1167 0.0
22.1333 0.0
22.15 0.0
22.1667 0.0
22.1833 0.0
22.2 0.0
22.2167 0.0
22.2333 0.0
22.25 0.0
22.2667 0.0
22.2833 0.0
22.3 0.0
22.3167 0.0
22.3333 0.0
22.35 0.0
22.3667 0.0
22.3833 0.0
22.4 0.0
22.4167 0.0
22.4333 0.0
22.45 0.0
22.4667 0.0
22.4833 0.0
22.5 0.0
22.5167 0.0
22.5333 0.0
22.55 0.0
22.5667 0.0
22.5833 0.0
22.6 0.0
22.6167 0.0
22.6333 0.0
22.65 0.0
22.6667 0.0
22.6833 0.0
22.7 0.0
22.7167 0.0
22.7333 0.0
22.75 0.0
22.7667 0.0
22.7833 0.0
22.8 0.0
22.8167 0.0
22.8333 0.0
22.85 0.0
22.8667 0.0
22.8833 0.0
22.9 0.0
22.9167 0.0
22.9333 0.0
22.95 0.0
22.9667 0.0
22.9833 0.0
23.0 0.0
23.0167 0.0
23.0333 0.0
23.05 0.0
23.0667 0.0
23.0833 0.0
23.1 0.0
23.1167 0.0
23.1333 0.0
23.15 0.0
23.1667 0.0
23.1833 0.0
23.2 0.0
23.2167 0.0
23.2333 0.0
23.25 0.0
23.2667 0.0
23.2833 0.0
23.3 0.0
23.3167 0.0
23.3333 0.0
23.35 0.0
23.3667 0.0
23.3833 0.0
23.4 0.0
23.4167 0.0
23.4333 0.0
23.45 0.0
23.4667 0.0
23.4833 0.0
23.5 0.0
23.5167 0.0
23.5333 0.0
23.55 0.0
23.5667 0.0
23.5833 0.0
23.6 0.0
23.6167 0.0
23.6333 0.0
23.65 0.0
23.6667 0.0
23.6833 0.0
23.7 0.0
23.7167 0.0
23.7333 0.0
23.75 0.0
23.7667 0.0
23.7833 0.0
23.8 0.0
23.8167 0.0
23.8333 0.0
23.85 0.0
23.8667 0.0
23.8833 0.0
23.9 0.0
23.9167 0.0
23.9333 0.0
23.95 0.0
23.9667 0.0
23.9833 0.0
