0.0 0.0
0.0167 0.0
0.0333 0.0
0.05 0.0
0.0667 0.0
0.0833 0.0
0.1 0.0
0.1167 0.0
0.1333 0.0
0.15 0.0
0.1667 0.0
0.1833 0.0
0.2 0.0
0.2167 0.0
0.2333 0.0
0.25 0.0
0.2667 0.0
0.2833 0.0
0.3 0.0
0.3167 0.0
0.3333 0.0
0.35 0.0
0.3667 0.0
0.3833 0.0
0.4 0.0
0.4167 0.0
0.4333 0.0
0.45 0.0
0.4667 0.0
0.4833 0.0
0.5 0.0
0.5167 0.0
0.5333 0.0
0.55 0.0
0.5667 0.0
0.5833 0.0
0.6 0.0
0.6167 0.0
0.6333 0.0
0.65 0.0
0.6667 0.0
0.6833 0.0
0.7 0.0
0.7167 0.0
0.7333 0.0
0.75 0.0
0.7667 0.0
0.7833 0.0
0.8 0.0
0.8167 0.0
0.8333 0.0
0.85 0.0
0.8667 0.0
0.8833 0.0
0.9 0.0
0.9167 0.0
0.9333 0.0
0.95 0.0
0.9667 0.0
0.9833 0.0
1.0 0.0
1.0167 0.0
1.0333 0.0
1.05 0.0
1.0667 0.0
1.0833 0.0
1.1 0.0
1.1167 0.0
1.1333 0.0
1.15 0.0
1.1667 0.0
1.1833 0.0
1.2 0.0
1.2167 0.0
1.2333 0.0
1.25 0.0
1.2667 0.0
1.2833 0.0
1.3 0.0
1.3167 0.0
1.3333 0.0
1.35 0.0
1.3667 0.0
1.3833 0.0
1.4 0.0
1.4167 0.0
1.4333 0.0
1.45 0.0
1.4667 0.0
1.4833 0.0
1.5 0.0
1.5167 0.0
1.5333 0.0
1.55 0.0
1.5667 0.0
1.5833 0.0
1.6 0.0
1.6167 0.0
1.6333 0.0
1.65 0.0
1.6667 0.0
1.6833 0.0
1.7 0.0
1.7167 0.0
1.7333 0.0
1.75 0.0
1.7667 0.0
1.7833 0.0
1.8 0.0
1.8167 0.0
1.8333 0.0
1.85 0.0
1.8667 0.0
1.8833 0.0
1.9 0.0
1.9167 0.0
1.9333 0.0
1.95 0.0
1.9667 0.0
1.9833 0.0
2.0 0.0
2.0167 0.0
2.0333 0.0
2.05 0.0
2.0667 0.0
2.0833 0.0
2.1 0.0
2.1167 0.0
2.1333 0.0
2.15 0.0
2.1667 0.0
2.1833 0.0
2.2 0.0
2.2167 0.0
2.2333 0.0
2.25 0.0
2.2667 0.0
2.2833 0.0
2.3 0.0
2.3167 0.0
2.3333 0.0
2.35 0.0
2.3667 0.0
2.3833 0.0
2.4 0.0
2.4167 0.0
2.4333 0.0
2.45 0.0
2.4667 0.0
2.4833 0.0
2.5 0.0
2.5167 0.0
2.5333 0.0
2.55 0.0
2.5667 0.0
2.5833 0.0
2.6 0.0
2.6167 0.0
2.6333 0.0
2.65 0.0
2.6667 0.0
2.6833 0.0
2.7 0.0
2.7167 0.0
2.7333 0.0
2.75 0.0
2.7667 0.0
2.7833 0.0
2.8 0.0
2.8167 0.0
2.8333 0.0
2.85 0.0
2.8667 0.0
2.8833 0.0
2.9 0.0
2.9167 0.0
2.9333 0.0
2.95 0.0
2.9667 0.0
2.9833 0.0
3.0 0.0
3.0167 0.0
3.0333 0.0
3.05 0.0
3.0667 0.0
3.0833 0.0
3.1 0.0
3.1167 0.0
3.1333 0.0
3.15 0.0
3.1667 0.0
3.1833 0.0
3.2 0.0
3.2167 0.0
3.2333 0.0
3.25 0.0
3.2667 0.0
3.2833 0.0
3.3 0.0
3.3167 0.0
3.3333 0.0
3.35 0.0
3.3667 0.0
3.3833 0.0
3.4 0.0
3.4167 0.0
3.4333 0.0
3.45 0.0
3.4667 0.0
3.4833 0.0
3.5 0.0
3.5167 0.0
3.5333 0.0
3.55 0.0
3.5667 0.0
3.5833 0.0
3.6 0.0
3.6167 0.0
3.6333 0.0
3.65 0.0
3.6667 0.0
3.6833 0.0
3.7 0.0
3.7167 0.0
3.7333 0.0
3.75 0.0
3.7667 0.0
3.7833 0.0
3.8 0.0
3.8167 0.0
3.8333 0.0
3.85 0.0
3.8667 0.0
3.8833 0.0
3.9 0.0
3.9167 0.0
3.9333 0.0
3.95 0.0
3.9667 0.0
3.9833 0.0
4.0 0.0
4.0167 0.0
4.0333 0.0
4.05 0.0
4.0667 0.0
4.0833 0.0
4.1 0.0
4.1167 0.0
4.1333 0.0
4.15 0.0
4.1667 0.0
4.1833 0.0
4.2 0.0
4.2167 0.0
4.2333 0.0
4.25 0.0
4.2667 0.0
4.2833 0.0
4.3 0.0
4.3167 0.0
4.3333 0.0
4.35 0.0
4.3667 0.0
4.3833 0.0
4.4 0.0
4.4167 0.0
4.4333 0.0
4.45 0.0
4.4667 0.0
4.4833 0.0
4.5 0.0
4.5167 0.0
4.5333 0.0
4.55 0.0
4.5667 0.0
4.5833 0.0
4.6 0.0
4.6167 0.0
4.6333 0.0
4.65 0.0
4.6667 0.0
4.6833 0.0
4.7 0.0
4.7167 0.0
4.7333 0.0
4.75 0.0
4.7667 0.0
4.7833 0.0
4.8 0.0
4.8167 0.0
4.8333 0.0
4.85 0.0
4.8667 0.0
4.8833 0.0
4.9 0.0
4.9167 0.0
4.9333 0.0
4.95 0.0
4.9667 0.0
4.9833 0.0
5.0 0.0
5.0167 0.0
5.0333 0.0
5.05 0.0
5.0667 0.0
5.0833 0.0
5.1 0.0
5.1167 0.0
5.1333 0.0
5.15 0.0
5.1667 0.0
5.1833 0.0
5.2 0.0
5.2167 0.0
5.2333 0.0
5.25 0.0
5.2667 0.0
5.2833 0.0
5.3 0.0
5.3167 0.0
5.3333 0.0
5.35 0.0
5.3667 0.0
5.3833 0.0
5.4 0.0
5.4167 0.0
5.4333 0.0
5.45 0.0
5.4667 0.0
5.4833 0.0
5.5 0.0
5.5167 0.0
5.5333 0.0
5.55 0.0
5.5667 0.0
5.5833 0.0
5.6 0.0
5.6167 0.0
5.6333 0.0
5.65 0.0
5.6667 0.0
5.6833 0.0
5.7 0.0
5.7167 0.0
5.7333 0.0
5.75 0.0
5.7667 0.0
5.7833 0.0
5.8 0.0
5.8167 0.0
5.8333 0.0
5.85 0.0
5.8667 0.0
5.8833 0.0
5.9 0.0
5.9167 0.0
5.9333 0.0
5.95 0.0
5.9667 0.0
5.9833 0.0
6.0 0.0
6.0167 0.0
6.0333 0.0
6.05 0.0
6.0667 0.0
6.0833 0.0
6.1 0.0
6.1167 0.0
6.1333 0.0
6.15 0.0
6.1667 0.0
6.1833 0.0
6.2 0.0
6.2167 0.0
6.2333 0.0
6.25 0.0
6.2667 0.0
6.2833 0.0
6.3 0.0
6.3167 0.0
6.3333 0.0
6.35 0.0
6.3667 0.0
6.3833 0.0
6.4 0.0
6.4167 0.0
6.4333 0.0
6.45 0.0
6.4667 0.0
6.4833 0.0
6.5 0.0
6.5167 0.0
6.5333 0.0
6.55 0.0
6.5667 0.0
6.5833 3.635e-13
6.6 3.675e-10
6.6167 4.453e-08
6.6333 1.179e-06
6.65 1.231e-05
6.6667 5.467e-05
6.6833 0.0001381
6.7 0.0002715
6.7167 0.0004778
6.7333 0.0007684
6.75 0.001182
6.7667 0.001767
6.7833 0.002542
6.8 0.003592
6.8167 0.005035
6.8333 0.006817
6.85 0.00929
6.8667 0.01225
6.8833 0.01607
6.9 0.02095
6.9167 0.02712
6.9333 0.03491
6.95 0.04482
6.9667 0.05612
6.9833 0.07062
7.0 0.08739
7.0167 0.1091
7.0333 0.132
7.05 0.159
7.0667 0.1903
7.0833 0.2265
7.1 0.2686
7.1167 0.3114
7.1333 0.3584
7.15 0.422
7.1667 0.4704
7.1833 0.5283
7.2 0.5972
7.2167 0.6789
7.2333 0.7587
7.25 0.8363
7.2667 0.9187
7.2833 1.005
7.3 1.095
7.3167 1.189
7.3333 1.286
7.35 1.386
7.3667 1.49
7.3833 1.596
7.4 1.705
7.4167 1.816
7.4333 1.931
7.45 2.048
7.4667 2.167
7.4833 2.289
7.5 2.414
7.5167 2.54
7.5333 2.67
7.55 2.802
7.5667 2.936
7.5833 3.073
7.6 3.212
7.6167 3.353
7.6333 3.497
7.65 3.643
7.6667 3.792
7.6833 3.943
7.7 4.096
7.7167 4.252
7.7333 4.41
7.75 4.571
7.7667 4.734
7.7833 4.899
7.8 5.066
7.8167 5.235
7.8333 5.408
7.85 5.581
7.8667 5.757
7.8833 5.936
7.9 6.116
7.9167 6.298
7.9333 6.483
7.95 6.669
7.9667 6.857
7.9833 7.047
8.0 7.239
8.0167 7.434
8.0333 7.629
8.05 7.827
8.0667 8.026
8.0833 8.226
8.1 8.429
8.1167 8.633
8.1333 8.839
8.15 9.046
8.1667 9.254
8.1833 9.464
8.2 9.676
8.2167 9.889
8.2333 10.1
8.25 10.32
8.2667 10.53
8.2833 10.75
8.3 10.97
8.3167 11.19
8.3333 11.41
8.35 11.64
8.3667 11.86
8.3833 12.08
8.4 12.31
8.4167 12.53
8.4333 12.76
8.45 12.99
8.4667 13.22
8.4833 13.45
8.5 13.68
8.5167 13.91
8.5333 14.14
8.55 14.37
8.5667 14.61
8.5833 14.84
8.6 15.08
8.6167 15.31
8.6333 15.55
8.65 15.78
8.6667 16.02
8.6833 16.26
8.7 16.49
8.7167 16.73
8.7333 16.97
8.75 17.21
8.7667 17.45
8.7833 17.68
8.8 17.92
8.8167 18.16
8.8333 18.4
8.85 18.64
8.8667 18.88
8.8833 19.12
8.9 19.36
8.9167 19.6
8.9333 19.85
8.95 20.09
8.9667 20.33
8.9833 20.57
9.0 20.81
9.0167 21.05
9.0333 21.29
9.05 21.53
9.0667 21.77
9.0833 22.01
9.1 22.25
9.1167 22.49
9.1333 22.73
9.15 22.97
9.1667 23.21
9.1833 23.45
9.2 23.69
9.2167 23.93
9.2333 24.17
9.25 24.41
9.2667 24.65
9.2833 24.89
9.3 25.13
9.3167 25.36
9.3333 25.6
9.35 25.84
9.3667 26.08
9.3833 26.31
9.4 26.55
9.4167 26.78
9.4333 27.02
9.45 27.25
9.4667 27.49
9.4833 27.72
9.5 27.96
9.5167 28.19
9.5333 28.42
9.55 28.65
9.5667 28.88
9.5833 29.12
9.6 29.35
9.6167 29.58
9.6333 29.81
9.65 30.03
9.6667 30.26
9.6833 30.49
9.7 30.72
9.7167 30.94
9.7333 31.17
9.75 31.39
9.7667 31.62
9.7833 31.84
9.8 32.07
9.8167 32.29
9.8333 32.51
9.85 32.73
9.8667 32.95
9.8833 33.17
9.9 33.39
9.9167 33.61
9.9333 33.82
9.95 34.04
9.9667 34.26
9.9833 34.47
10.0 34.69
10.0167 34.9
10.0333 35.11
10.05 35.32
10.0667 35.53
10.0833 35.74
10.1 35.95
10.1167 36.16
10.1333 36.37
10.15 36.58
10.1667 36.78
10.1833 36.99
10.2 37.19
10.2167 37.39
10.2333 37.6
10.25 37.8
10.2667 38.0
10.2833 38.2
10.3 38.39
10.3167 38.59
10.3333 38.79
10.35 38.98
10.3667 39.18
10.3833 39.37
10.4 39.57
10.4167 39.76
10.4333 39.95
10.45 40.14
10.4667 40.33
10.4833 40.51
10.5 40.7
10.5167 40.89
10.5333 41.07
10.55 41.25
10.5667 41.44
10.5833 41.62
10.6 41.8
10.6167 41.98
10.6333 42.15
10.65 42.33
10.6667 42.51
10.6833 42.68
10.7 42.86
10.7167 43.03
10.7333 43.2
10.75 43.37
10.7667 43.54
10.7833 43.71
10.8 43.88
10.8167 44.04
10.8333 44.21
10.85 44.37
10.8667 44.53
10.8833 44.69
10.9 44.85
10.9167 45.01
10.9333 45.17
10.95 45.33
10.9667 45.48
10.9833 45.64
11.0 45.79
11.0167 45.94
11.0333 46.09
11.05 46.24
11.0667 46.39
11.0833 46.54
11.1 46.68
11.1167 46.83
11.1333 46.97
11.15 47.11
11.1667 47.25
11.1833 47.39
11.2 47.53
11.2167 47.67
11.2333 47.8
11.25 47.94
11.2667 48.07
11.2833 48.2
11.3 48.33
11.3167 48.46
11.3333 48.59
11.35 48.72
11.3667 48.84
11.3833 48.97
11.4 49.09
11.4167 49.21
11.4333 49.33
11.45 49.45
11.4667 49.57
11.4833 49.68
11.5 49.8
11.5167 49.91
11.5333 50.03
11.55 50.14
11.5667 50.25
11.5833 50.35
11.6 50.46
11.6167 50.57
11.6333 50.67
11.65 50.77
11.6667 50.88
11.6833 50.98
11.7 51.08
11.7167 51.17
11.7333 51.27
11.75 51.36
11.7667 51.46
11.7833 51.55
11.8 51.64
11.8167 51.73
11.8333 51.82
11.85 51.9
11.8667 51.99
11.8833 52.07
11.9 52.15
11.9167 52.23
11.9333 52.31
11.95 52.39
11.9667 52.47
11.9833 52.54
12.0 52.62
12.0167 52.69
12.0333 52.76
12.05 52.83
12.0667 52.9
12.0833 52.97
12.1 53.03
12.1167 53.1
12.1333 53.16
12.15 53.22
12.1667 53.28
12.1833 53.34
12.2 53.39
12.2167 53.45
12.2333 53.5
12.25 53.56
12.2667 53.61
12.2833 53.66
12.3 53.71
12.3167 53.75
12.3333 53.8
12.35 53.84
12.3667 53.89
12.3833 53.93
12.4 53.97
12.4167 54.0
12.4333 54.04
12.45 54.08
12.4667 54.11
12.4833 54.14
12.5 54.17
12.5167 54.2
12.5333 54.23
12.55 54.26
12.5667 54.28
12.5833 54.31
12.6 54.33
12.6167 54.35
12.6333 54.37
12.65 54.39
12.6667 54.4
12.6833 54.42
12.7 54.43
12.7167 54.44
12.7333 54.45
12.75 54.46
12.7667 54.47
12.7833 54.48
12.8 54.48
12.8167 54.48
12.8333 54.49
12.85 54.49
12.8667 54.48
12.8833 54.48
12.9 54.48
12.9167 54.47
12.9333 54.47
12.95 54.46
12.9667 54.45
12.9833 54.44
13.0 54.42
13.0167 54.41
13.0333 54.39
13.05 54.38
13.0667 54.36
13.0833 54.34
13.1 54.32
13.1167 54.29
13.1333 54.27
13.15 54.24
13.1667 54.22
13.1833 54.19
13.2 54.16
13.2167 54.13
13.2333 54.09
13.25 54.06
13.2667 54.02
13.2833 53.98
13.3 53.95
13.3167 53.91
13.3333 53.86
13.35 53.82
13.3667 53.78
13.3833 53.73
13.4 53.68
13.4167 53.63
13.4333 53.58
13.45 53.53
13.4667 53.48
13.4833 53.42
13.5 53.37
13.5167 53.31
13.5333 53.25
13.55 53.19
13.5667 53.13
13.5833 53.06
13.6 53.0
13.6167 52.93
13.6333 52.86
13.65 52.8
13.6667 52.73
13.6833 52.65
13.7 52.58
13.7167 52.51
13.7333 52.43
13.75 52.35
13.7667 52.27
13.7833 52.19
13.8 52.11
13.8167 52.03
13.8333 51.95
13.85 51.86
13.8667 51.77
13.8833 51.68
13.9 51.59
13.9167 51.5
13.9333 51.41
13.95 51.32
13.9667 51.22
13.9833 51.12
14.0 51.02
14.0167 50.93
14.0333 50.82
14.05 50.72
14.0667 50.62
14.0833 50.51
14.1 50.41
14.1167 50.3
14.1333 50.19
14.15 50.08
14.1667 49.97
14.1833 49.86
14.2 49.74
14.2167 49.63
14.2333 49.51
14.25 49.39
14.2667 49.27
14.2833 49.15
14.3 49.03
14.3167 48.9
14.3333 48.78
14.35 48.65
14.3667 48.53
14.3833 48.4
14.4 48.27
14.4167 48.14
14.4333 48.0
14.45 47.87
14.4667 47.73
14.4833 47.6
14.5 47.46
14.5167 47.32
14.5333 47.18
14.55 47.04
14.5667 46.9
14.5833 46.75
14.6 46.61
14.6167 46.46
14.6333 46.31
14.65 46.17
14.6667 46.02
14.6833 45.86
14.7 45.71
14.7167 45.56
14.7333 45.4
14.75 45.25
14.7667 45.09
14.7833 44.93
14.8 44.77
14.8167 44.61
14.8333 44.45
14.85 44.29
14.8667 44.12
14.8833 43.96
14.9 43.79
14.9167 43.62
14.9333 43.45
14.95 43.28
14.9667 43.11
14.9833 42.94
15.0 42.77
15.0167 42.59
15.0333 42.42
15.05 42.24
15.0667 42.06
15.0833 41.89
15.1 41.71
15.1167 41.52
15.1333 41.34
15.15 41.16
15.1667 40.98
15.1833 40.79
15.2 40.6
15.2167 40.42
15.2333 40.23
15.25 40.04
15.2667 39.85
15.2833 39.66
15.3 39.47
15.3167 39.27
15.3333 39.08
15.35 38.88
15.3667 38.69
15.3833 38.49
15.4 38.29
15.4167 38.09
15.4333 37.89
15.45 37.69
15.4667 37.49
15.4833 37.29
15.5 37.09
15.5167 36.88
15.5333 36.68
15.55 36.47
15.5667 36.26
15.5833 36.05
15.6 35.85
15.6167 35.64
15.6333 35.43
15.65 35.21
15.6667 35.0
15.6833 34.79
15.7 34.57
15.7167 34.36
15.7333 34.15
15.75 33.93
15.7667 33.71
15.7833 33.49
15.8 33.28
15.8167 33.06
15.8333 32.84
15.85 32.62
15.8667 32.39
15.8833 32.17
15.9 31.95
15.9167 31.73
15.9333 31.5
15.95 31.28
15.9667 31.05
15.9833 30.83
16.0 30.6
16.0167 30.37
16.0333 30.14
16.05 29.92
16.0667 29.69
16.0833 29.46
16.1 29.23
16.1167 29.0
16.1333 28.77
16.15 28.53
16.1667 28.3
16.1833 28.07
16.2 27.84
16.2167 27.6
16.2333 27.37
16.25 27.13
16.2667 26.9
16.2833 26.66
16.3 26.43
16.3167 26.19
16.3333 25.95
16.35 25.72
16.3667 25.48
16.3833 25.24
16.4 25.0
16.4167 24.77
16.4333 24.53
16.45 24.29
16.4667 24.05
16.4833 23.81
16.5 23.57
16.5167 23.33
16.5333 23.09
16.55 22.85
16.5667 22.61
16.5833 22.37
16.6 22.13
16.6167 21.89
16.6333 21.65
16.65 21.41
16.6667 21.17
16.6833 20.93
16.7 20.68
16.7167 20.44
16.7333 20.2
16.75 19.96
16.7667 19.72
16.7833 19.48
16.8 19.24
16.8167 19.0
16.8333 18.76
16.85 18.52
16.8667 18.28
16.8833 18.04
16.9 17.8
16.9167 17.56
16.9333 17.32
16.95 17.08
16.9667 16.85
16.9833 16.61
17.0 16.37
17.0167 16.13
17.0333 15.9
17.05 15.66
17.0667 15.42
17.0833 15.19
17.1 14.95
17.1167 14.72
17.1333 14.49
17.15 14.25
17.1667 14.02
17.1833 13.79
17.2 13.56
17.2167 13.33
17.2333 13.1
17.25 12.87
17.2667 12.64
17.2833 12.42
17.3 12.19
17.3167 11.97
17.3333 11.74
17.35 11.52
17.3667 11.3
17.3833 11.08
17.4 10.86
17.4167 10.64
17.4333 10.42
17.45 10.21
17.4667 9.991
17.4833 9.778
17.5 9.566
17.5167 9.355
17.5333 9.146
17.55 8.938
17.5667 8.732
17.5833 8.527
17.6 8.324
17.6167 8.122
17.6333 7.922
17.65 7.724
17.6667 7.527
17.6833 7.333
17.7 7.14
17.7167 6.948
17.7333 6.759
17.75 6.572
17.7667 6.387
17.7833 6.203
17.8 6.022
17.8167 5.843
17.8333 5.665
17.85 5.49
17.8667 5.318
17.8833 5.147
17.9 4.979
17.9167 4.812
17.9333 4.649
17.95 4.487
17.9667 4.328
17.9833 4.171
18.0 4.016
18.0167 3.864
18.0333 3.714
18.05 3.567
18.0667 3.422
18.0833 3.279
18.1 3.139
18.1167 3.001
18.1333 2.865
18.15 2.733
18.1667 2.602
18.1833 2.474
18.2 2.348
18.2167 2.225
18.2333 2.104
18.25 1.986
18.2667 1.871
18.2833 1.758
18.3 1.647
18.3167 1.54
18.3333 1.435
18.35 1.334
18.3667 1.235
18.3833 1.14
18.4 1.048
18.4167 0.9594
18.4333 0.8752
18.45 0.7951
18.4667 0.7202
18.4833 0.6344
18.5 0.5596
18.5167 0.4968
18.5333 0.4441
18.55 0.3824
18.5667 0.3363
18.5833 0.2858
18.6 0.2439
18.6167 0.2081
18.6333 0.1755
18.65 0.1445
18.6667 0.1183
18.6833 0.09681
18.7 0.07929
18.7167 0.06252
18.7333 0.05041
18.75 0.03938
18.7667 0.03062
18.7833 0.02371
18.8 0.01826
18.8167 0.01396
18.8333 0.01062
18.85 0.007879
18.8667 0.005817
18.8833 0.004216
18.9 0.003024
18.9167 0.002093
18.9333 0.001418
18.95 0.0009351
18.9667 0.0005948
18.9833 0.0003595
19.0 0.0001977
19.0167 8.775e-05
19.0333 2.861e-05
19.05 3.864e-06
19.0667 2.435e-07
19.0833 4.098e-09
19.1 1.458e-11
19.1167 3.284e-28
19.1333 0.0
19.15 0.0
19.1667 0.0
19.1833 0.0
19.2 0.0
19.2167 0.0
19.2333 0.0
19.25 0.0
19.2667 0.0
19.2833 0.0
19.3 0.0
19.3167 0.0
19.3333 0.0
19.35 0.0
19.3667 0.0
19.3833 0.0
19.4 0.0
19.4167 0.0
19.4333 0.0
19.45 0.0
19.4667 0.0
19.4833 0.0
19.5 0.0
19.5167 0.0
19.5333 0.0
19.55 0.0
19.5667 0.0
19.5833 0.0
19.6 0.0
19.6167 0.0
19.6333 0.0
19.65 0.0
19.6667 0.0
19.6833 0.0
19.7 0.0
19.7167 0.0
19.7333 0.0
19.75 0.0
19.7667 0.0
19.7833 0.0
19.8 0.0
19.8167 0.0
19.8333 0.0
19.85 0.0
19.8667 0.0
19.8833 0.0
19.9 0.0
19.9167 0.0
19.9333 0.0
19.95 0.0
19.9667 0.0
19.9833 0.0
20.0 0.0
20.0167 0.0
20.0333 0.0
20.05 0.0
20.0667 0.0
20.0833 0.0
20.1 0.0
20.1167 0.0
20.1333 0.0
20.15 0.0
20.1667 0.0
20.1833 0.0
20.2 0.0
20.2167 0.0
20.2333 0.0
20.25 0.0
20.2667 0.0
20.2833 0.0
20.3 0.0
20.3167 0.0
20.3333 0.0
20.35 0.0
20.3667 0.0
20.3833 0.0
20.4 0.0
20.4167 0.0
20.4333 0.0
20.45 0.0
20.4667 0.0
20.4833 0.0
20.5 0.0
20.5167 0.0
20.5333 0.0
20.55 0.0
20.5667 0.0
20.5833 0.0
20.6 0.0
20.6167 0.0
20.6333 0.0
20.65 0.0
20.6667 0.0
20.6833 0.0
20.7 0.0
20.7167 0.0
20.7333 0.0
20.75 0.0
20.7667 0.0
20.7833 0.0
20.8 0.0
20.8167 0.0
20.8333 0.0
20.85 0.0
20.8667 0.0
20.8833 0.0
20.9 0.0
20.9167 0.0
20.9333 0.0
20.95 0.0
20.9667 0.0
20.9833 0.0
21.0 0.0
21.0167 0.0
21.0333 0.0
21.05 0.0
21.0667 0.0
21.0833 0.0
21.1 0.0
21.1167 0.0
21.1333 0.0
21.15 0.0
21.1667 0.0
21.1833 0.0
21.2 0.0
21.2167 0.0
21.2333 0.0
21.25 0.0
21.2667 0.0
21.2833 0.0
21.3 0.0
21.3167 0.0
21.3333 0.0
21.35 0.0
21.3667 0.0
21.3833 0.0
21.4 0.0
21.4167 0.0
21.4333 0.0
21.45 0.0
21.4667 0.0
21.4833 0.0
21.5 0.0
21.5167 0.0
21.5333 0.0
21.55 0.0
21.5667 0.0
21.5833 0.0
21.6 0.0
21.6167 0.0
21.6333 0.0
21.65 0.0
21.6667 0.0
21.6833 0.0
21.7 0.0
21.7167 0.0
21.7333 0.0
21.75 0.0
21.7667 0.0
21.7833 0.0
21.8 0.0
21.8167 0.0
21.8333 0.0
21.85 0.0
21.8667 0.0
21.8833 0.0
21.9 0.0
21.9167 0.0
21.9333 0.0
21.95 0.0
21.9667 0.0
21.9833 0.0
22.0 0.0
22.0167 0.0
22.0333 0.0
22.05 0.0
22.0667 0.0
22.0833 0.0
22.1 0.0
22.1167 0.0
22.1333 0.0
22.15 0.0
22.1667 0.0
22.1833 0.0
22.2 0.0
22.2167 0.0
22.2333 0.0
22.25 0.0
22.2667 0.0
22.2833 0.0
22.3 0.0
22.3167 0.0
22.3333 0.0
22.35 0.0
22.3667 0.0
22.3833 0.0
22.4 0.0
22.4167 0.0
22.4333 0.0
22.45 0.0
22.4667 0.0
22.4833 0.0
22.5 0.0
22.5167 0.0
22.5333 0.0
22.55 0.0
22.5667 0.0
22.5833 0.0
22.6 0.0
22.6167 0.0
22.6333 0.0
22.65 0.0
22.6667 0.0
22.6833 0.0
22.7 0.0
22.7167 0.0
22.7333 0.0
22.75 0.0
22.7667 0.0
22.7833 0.0
22.8 0.0
22.8167 0.0
22.8333 0.0
22.85 0.0
22.8667 0.0
22.8833 0.0
22.9 0.0
22.9167 0.0
22.9333 0.0
22.95 0.0
22.9667 0.0
22.9833 0.0
23.0 0.0
23.0167 0.0
23.0333 0.0
23.05 0.0
23.0667 0.0
23.0833 0.0
23.1 0.0
23.1167 0.0
23.1333 0.0
23.15 0.0
23.1667 0.0
23.1833 0.0
23.2 0.0
23.2167 0.0
23.2333 0.0
23.25 0.0
23.2667 0.0
23.2833 0.0
23.3 0.0
23.3167 0.0
23.3333 0.0
23.35 0.0
23.3667 0.0
23.3833 0.0
23.4 0.0
23.4167 0.0
23.4333 0.0
23.45 0.0
23.4667 0.0
23.4833 0.0
23.5 0.0
23.5167 0.0
23.5333 0.0
23.55 0.0
23.5667 0.0
23.5833 0.0
23.6 0.0
23.6167 0.0
23.6333 0.0
23.65 0.0
23.6667 0.0
23.6833 0.0
23.7 0.0
23.7167 0.0
23.7333 0.0
23.75 0.0
23.7667 0.0
23.7833 0.0
23.8 0.0
23.8167 0.0
23.8333 0.0
23.85 0.0
23.8667 0.0
23.8833 0.0
23.9 0.0
23.9167 0.0
23.9333 0.0
23.95 0.0
23.9667 0.0
23.9833 0.0
