0.0 0.0
0.0167 0.0
0.0333 0.0
0.05 0.0
0.0667 0.0
0.0833 0.0
0.1 0.0
0.1167 0.0
0.1333 0.0
0.15 0.0
0.1667 0.0
0.1833 0.0
0.2 0.0
0.2167 0.0
0.2333 0.0
0.25 0.0
0.2667 0.0
0.2833 0.0
0.3 0.0
0.3167 0.0
0.3333 0.0
0.35 0.0
0.3667 0.0
0.3833 0.0
0.4 0.0
0.4167 0.0
0.4333 0.0
0.45 0.0
0.4667 0.0
0.4833 0.0
0.5 0.0
0.5167 0.0
0.5333 0.0
0.55 0.0
0.5667 0.0
0.5833 0.0
0.6 0.0
0.6167 0.0
0.6333 0.0
0.65 0.0
0.6667 0.0
0.6833 0.0
0.7 0.0
0.7167 0.0
0.7333 0.0
0.75 0.0
0.7667 0.0
0.7833 0.0
0.8 0.0
0.8167 0.0
0.8333 0.0
0.85 0.0
0.8667 0.0
0.8833 0.0
0.9 0.0
0.9167 0.0
0.9333 0.0
0.95 0.0
0.9667 0.0
0.9833 0.0
1.0 0.0
1.0167 0.0
1.0333 0.0
1.05 0.0
1.0667 0.0
1.0833 0.0
1.1 0.0
1.1167 0.0
1.1333 0.0
1.15 0.0
1.1667 0.0
1.1833 0.0
1.2 0.0
1.2167 0.0
1.2333 0.0
1.25 0.0
1.2667 0.0
1.2833 0.0
1.3 0.0
1.3167 0.0
1.3333 0.0
1.35 0.0
1.3667 0.0
1.3833 0.0
1.4 0.0
1.4167 0.0
1.4333 0.0
1.45 0.0
1.4667 0.0
1.4833 0.0
1.5 0.0
1.5167 0.0
1.5333 0.0
1.55 0.0
1.5667 0.0
1.5833 0.0
1.6 0.0
1.6167 0.0
1.6333 0.0
1.65 0.0
1.6667 0.0
1.6833 0.0
1.7 0.0
1.7167 0.0
1.7333 0.0
1.75 0.0
1.7667 0.0
1.7833 0.0
1.8 0.0
1.8167 0.0
1.8333 0.0
1.85 0.0
1.8667 0.0
1.8833 0.0
1.9 0.0
1.9167 0.0
1.9333 0.0
1.95 0.0
1.9667 0.0
1.9833 0.0
2.0 0.0
2.0167 0.0
2.0333 0.0
2.05 0.0
2.0667 0.0
2.0833 0.0
2.1 0.0
2.1167 0.0
2.1333 0.0
2.15 0.0
2.1667 0.0
2.1833 0.0
2.2 0.0
2.2167 0.0
2.2333 0.0
2.25 0.0
2.2667 0.0
2.2833 0.0
2.3 0.0
2.3167 0.0
2.3333 0.0
2.35 0.0
2.3667 0.0
2.3833 0.0
2.4 0.0
2.4167 0.0
2.4333 0.0
2.45 0.0
2.4667 0.0
2.4833 0.0
2.5 0.0
2.5167 0.0
2.5333 0.0
2.55 0.0
2.5667 0.0
2.5833 0.0
2.6 0.0
2.6167 0.0
2.6333 0.0
2.65 0.0
2.6667 0.0
2.6833 0.0
2.7 0.0
2.7167 0.0
2.7333 0.0
2.75 0.0
2.7667 0.0
2.7833 0.0
2.8 0.0
2.8167 0.0
2.8333 0.0
2.85 0.0
2.8667 0.0
2.8833 0.0
2.9 0.0
2.9167 0.0
2.9333 0.0
2.95 0.0
2.9667 0.0
2.9833 0.0
3.0 0.0
3.0167 0.0
3.0333 0.0
3.05 0.0
3.0667 0.0
3.0833 0.0
3.1 0.0
3.1167 0.0
3.1333 0.0
3.15 0.0
3.1667 0.0
3.1833 0.0
3.2 0.0
3.2167 0.0
3.2333 0.0
3.25 0.0
3.2667 0.0
3.2833 0.0
3.3 0.0
3.3167 0.0
3.3333 0.0
3.35 0.0
3.3667 0.0
3.3833 0.0
3.4 0.0
3.4167 0.0
3.4333 0.0
3.45 0.0
3.4667 0.0
3.4833 0.0
3.5 0.0
3.5167 0.0
3.5333 0.0
3.55 0.0
3.5667 0.0
3.5833 0.0
3.6 0.0
3.6167 0.0
3.6333 0.0
3.65 0.0
3.6667 0.0
3.6833 0.0
3.7 0.0
3.7167 0.0
3.7333 0.0
3.75 0.0
3.7667 0.0
3.7833 0.0
3.8 0.0
3.8167 0.0
3.8333 0.0
3.85 0.0
3.8667 0.0
3.8833 0.0
3.9 0.0
3.9167 0.0
3.9333 0.0
3.95 0.0
3.9667 0.0
3.9833 0.0
4.0 0.0
4.0167 0.0
4.0333 0.0
4.05 0.0
4.0667 0.0
4.0833 0.0
4.1 0.0
4.1167 0.0
4.1333 0.0
4.15 0.0
4.1667 0.0
4.1833 0.0
4.2 0.0
4.2167 0.0
4.2333 0.0
4.25 0.0
4.2667 0.0
4.2833 0.0
4.3 0.0
4.3167 0.0
4.3333 0.0
4.35 0.0
4.3667 0.0
4.3833 0.0
4.4 0.0
4.4167 0.0
4.4333 0.0
4.45 0.0
4.4667 0.0
4.4833 0.0
4.5 0.0
4.5167 0.0
4.5333 0.0
4.55 0.0
4.5667 0.0
4.5833 0.0
4.6 0.0
4.6167 0.0
4.6333 0.0
4.65 0.0
4.6667 0.0
4.6833 0.0
4.7 0.0
4.7167 0.0
4.7333 0.0
4.75 0.0
4.7667 0.0
4.7833 0.0
4.8 0.0
4.8167 0.0
4.8333 0.0
4.85 0.0
4.8667 0.0
4.8833 0.0
4.9 0.0
4.9167 0.0
4.9333 0.0
4.95 0.0
4.9667 0.0
4.9833 0.0
5.0 0.0
5.0167 0.0
5.0333 0.0
5.05 0.0
5.0667 0.0
5.0833 0.0
5.1 0.0
5.1167 0.0
5.1333 0.0
5.15 0.0
5.1667 0.0
5.1833 0.0
5.2 0.0
5.2167 0.0
5.2333 0.0
5.25 0.0
5.2667 0.0
5.2833 0.0
5.3 0.0
5.3167 0.0
5.3333 0.0
5.35 0.0
5.3667 0.0
5.3833 0.0
5.4 0.0
5.4167 0.0
5.4333 0.0
5.45 0.0
5.4667 0.0
5.4833 0.0
5.5 0.0
5.5167 0.0
5.5333 0.0
5.55 0.0
5.5667 0.0
5.5833 0.0
5.6 0.0
5.6167 0.0
5.6333 0.0
5.65 0.0
5.6667 0.0
5.6833 0.0
5.7 0.0
5.7167 0.0
5.7333 0.0
5.75 0.0
5.7667 0.0
5.7833 0.0
5.8 0.0
5.8167 0.0
5.8333 0.0
5.85 0.0
5.8667 0.0
5.8833 0.0
5.9 0.0
5.9167 0.0
5.9333 0.0
5.95 0.0
5.9667 0.0
5.9833 0.0
6.0 0.0
6.0167 0.0
6.0333 0.0
6.05 0.0
6.0667 8.042e-14
6.0833 1.781e-10
6.1 3.033e-08
6.1167 1.018e-06
6.1333 1.163e-05
6.15 5.435e-05
6.1667 0.0001379
6.1833 0.0002786
6.2 0.0004842
6.2167 0.0007815
6.2333 0.001212
6.25 0.001824
6.2667 0.00267
6.2833 0.00383
6.3 0.005351
6.3167 0.007313
6.3333 0.009932
6.35 0.01332
6.3667 0.01754
6.3833 0.02297
6.4 0.02989
6.4167 0.03868
6.4333 0.04995
6.45 0.06253
6.4667 0.0792
6.4833 0.09782
6.5 0.1231
6.5167 0.1491
6.5333 0.1797
6.55 0.2154
6.5667 0.2573
6.5833 0.2977
6.6 0.3466
6.6167 0.4105
6.6333 0.4598
6.65 0.5191
6.6667 0.5902
6.6833 0.6752
6.7 0.7539
6.7167 0.8343
6.7333 0.9192
6.75 1.008
6.7667 1.102
6.7833 1.199
6.8 1.299
6.8167 1.403
6.8333 1.51
6.85 1.621
6.8667 1.734
6.8833 1.85
6.9 1.969
6.9167 2.091
6.9333 2.215
6.95 2.343
6.9667 2.473
6.9833 2.606
7.0 2.742
7.0167 2.88
7.0333 3.021
7.05 3.164
7.0667 3.311
7.0833 3.46
7.1 3.612
7.1167 3.766
7.1333 3.923
7.15 4.083
7.1667 4.246
7.1833 4.411
7.2 4.579
7.2167 4.749
7.2333 4.922
7.25 5.098
7.2667 5.276
7.2833 5.457
7.3 5.64
7.3167 5.826
7.3333 6.014
7.35 6.204
7.3667 6.397
7.3833 6.592
7.4 6.79
7.4167 6.989
7.4333 7.191
7.45 7.395
7.4667 7.601
7.4833 7.809
7.5 8.019
7.5167 8.232
7.5333 8.445
7.55 8.662
7.5667 8.88
7.5833 9.099
7.6 9.321
7.6167 9.544
7.6333 9.768
7.65 9.995
7.6667 10.22
7.6833 10.45
7.7 10.68
7.7167 10.92
7.7333 11.15
7.75 11.39
7.7667 11.62
7.7833 11.86
7.8 12.1
7.8167 12.34
7.8333 12.58
7.85 12.83
7.8667 13.07
7.8833 13.32
7.9 13.56
7.9167 13.81
7.9333 14.06
7.95 14.31
7.9667 14.56
7.9833 14.81
8.0 15.06
8.0167 15.31
8.0333 15.57
8.05 15.82
8.0667 16.08
8.0833 16.33
8.1 16.59
8.1167 16.85
8.1333 17.11
8.15 17.36
8.1667 17.62
8.1833 17.88
8.2 18.14
8.2167 18.4
8.2333 18.66
8.25 18.93
8.2667 19.19
8.2833 19.45
8.3 19.71
8.3167 19.98
8.3333 20.24
8.35 20.5
8.3667 20.77
8.3833 21.03
8.4 21.3
8.4167 21.56
8.4333 21.83
8.45 22.09
8.4667 22.36
8.4833 22.62
8.5 22.89
8.5167 23.15
8.5333 23.42
8.55 23.68
8.5667 23.95
8.5833 24.22
8.6 24.48
8.6167 24.75
8.6333 25.01
8.65 25.28
8.6667 25.54
8.6833 25.81
8.7 26.07
8.7167 26.34
8.7333 26.6
8.75 26.87
8.7667 27.13
8.7833 27.4
8.8 27.66
8.8167 27.93
8.8333 28.19
8.85 28.45
8.8667 28.72
8.8833 28.98
8.9 29.24
8.9167 29.51
8.9333 29.77
8.95 30.03
8.9667 30.29
8.9833 30.55
9.0 30.81
9.0167 31.07
9.0333 31.33
9.05 31.59
9.0667 31.85
9.0833 32.11
9.1 32.37
9.1167 32.63
9.1333 32.88
9.15 33.14
9.1667 33.4
9.1833 33.65
9.2 33.91
9.2167 34.16
9.2333 34.42
9.25 34.67
9.2667 34.92
9.2833 35.17
9.3 35.43
9.3167 35.68
9.3333 35.93
9.35 36.18
9.3667 36.43
9.3833 36.68
9.4 36.92
9.4167 37.17
9.4333 37.42
9.45 37.66
9.4667 37.91
9.4833 38.15
9.5 38.4
9.5167 38.64
9.5333 38.88
9.55 39.12
9.5667 39.37
9.5833 39.61
9.6 39.84
9.6167 40.08
9.6333 40.32
9.65 40.56
9.6667 40.79
9.6833 41.03
9.7 41.26
9.7167 41.5
9.7333 41.73
9.75 41.96
9.7667 42.19
9.7833 42.42
9.8 42.65
9.8167 42.88
9.8333 43.11
9.85 43.34
9.8667 43.56
9.8833 43.79
9.9 44.01
9.9167 44.23
9.9333 44.46
9.95 44.68
9.9667 44.9
9.9833 45.12
10.0 45.34
10.0167 45.55
10.0333 45.77
10.05 45.98
10.0667 46.2
10.0833 46.41
10.1 46.62
10.1167 46.84
10.1333 47.05
10.15 47.25
10.1667 47.46
10.1833 47.67
10.2 47.88
10.2167 48.08
10.2333 48.29
10.25 48.49
10.2667 48.69
10.2833 48.89
10.3 49.09
10.3167 49.29
10.3333 49.49
10.35 49.68
10.3667 49.88
10.3833 50.07
10.4 50.27
10.4167 50.46
10.4333 50.65
10.45 50.84
10.4667 51.03
10.4833 51.21
10.5 51.4
10.5167 51.59
10.5333 51.77
10.55 51.95
10.5667 52.13
10.5833 52.31
10.6 52.49
10.6167 52.67
10.6333 52.85
10.65 53.02
10.6667 53.2
10.6833 53.37
10.7 53.54
10.7167 53.71
10.7333 53.88
10.75 54.05
10.7667 54.22
10.7833 54.38
10.8 54.55
10.8167 54.71
10.8333 54.87
10.85 55.03
10.8667 55.19
10.8833 55.35
10.9 55.51
10.9167 55.66
10.9333 55.82
10.95 55.97
10.9667 56.12
10.9833 56.27
11.0 56.42
11.0167 56.57
11.0333 56.72
11.05 56.86
11.0667 57.01
11.0833 57.15
11.1 57.29
11.1167 57.43
11.1333 57.57
11.15 57.71
11.1667 57.84
11.1833 57.98
11.2 58.11
11.2167 58.24
11.2333 58.37
11.25 58.5
11.2667 58.63
11.2833 58.76
11.3 58.88
11.3167 59.01
11.3333 59.13
11.35 59.25
11.3667 59.37
11.3833 59.49
11.4 59.6
11.4167 59.72
11.4333 59.83
11.45 59.95
11.4667 60.06
11.4833 60.17
11.5 60.28
11.5167 60.38
11.5333 60.49
11.55 60.59
11.5667 60.69
11.5833 60.8
11.6 60.9
11.6167 60.99
11.6333 61.09
11.65 61.19
11.6667 61.28
11.6833 61.38
11.7 61.47
11.7167 61.56
11.7333 61.64
11.75 61.73
11.7667 61.82
11.7833 61.9
11.8 61.98
11.8167 62.06
11.8333 62.15
11.85 62.22
11.8667 62.3
11.8833 62.38
11.9 62.45
11.9167 62.52
11.9333 62.59
11.95 62.66
11.9667 62.73
11.9833 62.8
12.0 62.86
12.0167 62.93
12.0333 62.99
12.05 63.05
12.0667 63.11
12.0833 63.17
12.1 63.22
12.1167 63.28
12.1333 63.33
12.15 63.38
12.1667 63.43
12.1833 63.48
12.2 63.53
12.2167 63.57
12.2333 63.62
12.25 63.66
12.2667 63.7
12.2833 63.74
12.3 63.78
12.3167 63.82
12.3333 63.85
12.35 63.89
12.3667 63.92
12.3833 63.95
12.4 63.98
12.4167 64.01
12.4333 64.04
12.45 64.06
12.4667 64.08
12.4833 64.11
12.5 64.13
12.5167 64.15
12.5333 64.16
12.55 64.18
12.5667 64.19
12.5833 64.21
12.6 64.22
12.6167 64.23
12.6333 64.24
12.65 64.24
12.6667 64.25
12.6833 64.25
12.7 64.25
12.7167 64.25
12.7333 64.25
12.75 64.25
12.7667 64.25
12.7833 64.24
12.8 64.24
12.8167 64.23
12.8333 64.22
12.85 64.21
12.8667 64.19
12.8833 64.18
12.9 64.16
12.9167 64.15
12.9333 64.13
12.95 64.11
12.9667 64.08
12.9833 64.06
13.0 64.04
13.0167 64.01
13.0333 63.98
13.05 63.95
13.0667 63.92
13.0833 63.89
13.1 63.86
13.1167 63.82
13.1333 63.78
13.15 63.75
13.1667 63.7
13.1833 63.66
13.2 63.62
13.2167 63.58
13.2333 63.53
13.25 63.48
13.2667 63.43
13.2833 63.38
13.3 63.33
13.3167 63.28
13.3333 63.22
13.35 63.17
13.3667 63.11
13.3833 63.05
13.4 62.99
13.4167 62.93
13.4333 62.86
13.45 62.8
13.4667 62.73
13.4833 62.67
13.5 62.6
13.5167 62.52
13.5333 62.45
13.55 62.38
13.5667 62.3
13.5833 62.22
13.6 62.15
13.6167 62.07
13.6333 61.99
13.65 61.9
13.6667 61.82
13.6833 61.73
13.7 61.65
13.7167 61.56
13.7333 61.47
13.75 61.38
13.7667 61.29
13.7833 61.19
13.8 61.09
13.8167 61.0
13.8333 60.9
13.85 60.8
13.8667 60.7
13.8833 60.6
13.9 60.49
13.9167 60.39
13.9333 60.28
13.95 60.17
13.9667 60.06
13.9833 59.95
14.0 59.84
14.0167 59.72
14.0333 59.61
14.05 59.49
14.0667 59.37
14.0833 59.25
14.1 59.13
14.1167 59.01
14.1333 58.89
14.15 58.76
14.1667 58.64
14.1833 58.51
14.2 58.38
14.2167 58.25
14.2333 58.12
14.25 57.98
14.2667 57.85
14.2833 57.71
14.3 57.58
14.3167 57.44
14.3333 57.3
14.35 57.16
14.3667 57.01
14.3833 56.87
14.4 56.72
14.4167 56.58
14.4333 56.43
14.45 56.28
14.4667 56.13
14.4833 55.98
14.5 55.83
14.5167 55.67
14.5333 55.52
14.55 55.36
14.5667 55.2
14.5833 55.04
14.6 54.88
14.6167 54.72
14.6333 54.56
14.65 54.39
14.6667 54.23
14.6833 54.06
14.7 53.89
14.7167 53.72
14.7333 53.55
14.75 53.38
14.7667 53.21
14.7833 53.03
14.8 52.86
14.8167 52.68
14.8333 52.5
14.85 52.32
14.8667 52.14
14.8833 51.96
14.9 51.78
14.9167 51.59
14.9333 51.41
14.95 51.22
14.9667 51.04
14.9833 50.85
15.0 50.66
15.0167 50.47
15.0333 50.28
15.05 50.08
15.0667 49.89
15.0833 49.69
15.1 49.5
15.1167 49.3
15.1333 49.1
15.15 48.9
15.1667 48.7
15.1833 48.5
15.2 48.3
15.2167 48.09
15.2333 47.89
15.25 47.68
15.2667 47.47
15.2833 47.27
15.3 47.06
15.3167 46.85
15.3333 46.64
15.35 46.42
15.3667 46.21
15.3833 46.0
15.4 45.78
15.4167 45.56
15.4333 45.35
15.45 45.13
15.4667 44.91
15.4833 44.69
15.5 44.47
15.5167 44.25
15.5333 44.02
15.55 43.8
15.5667 43.58
15.5833 43.35
15.6 43.12
15.6167 42.9
15.6333 42.67
15.65 42.44
15.6667 42.21
15.6833 41.98
15.7 41.75
15.7167 41.51
15.7333 41.28
15.75 41.05
15.7667 40.81
15.7833 40.57
15.8 40.34
15.8167 40.1
15.8333 39.86
15.85 39.62
15.8667 39.38
15.8833 39.14
15.9 38.9
15.9167 38.66
15.9333 38.41
15.95 38.17
15.9667 37.93
15.9833 37.68
16.0 37.44
16.0167 37.19
16.0333 36.94
16.05 36.69
16.0667 36.45
16.0833 36.2
16.1 35.95
16.1167 35.7
16.1333 35.45
16.15 35.19
16.1667 34.94
16.1833 34.69
16.2 34.44
16.2167 34.18
16.2333 33.93
16.25 33.67
16.2667 33.42
16.2833 33.16
16.3 32.9
16.3167 32.65
16.3333 32.39
16.35 32.13
16.3667 31.87
16.3833 31.61
16.4 31.35
16.4167 31.09
16.4333 30.83
16.45 30.57
16.4667 30.31
16.4833 30.05
16.5 29.79
16.5167 29.53
16.5333 29.27
16.55 29.0
16.5667 28.74
16.5833 28.48
16.6 28.21
16.6167 27.95
16.6333 27.69
16.65 27.42
16.6667 27.16
16.6833 26.89
16.7 26.63
16.7167 26.36
16.7333 26.1
16.75 25.83
16.7667 25.57
16.7833 25.3
16.8 25.04
16.8167 24.77
16.8333 24.51
16.85 24.24
16.8667 23.97
16.8833 23.71
16.9 23.44
16.9167 23.18
16.9333 22.91
16.95 22.65
16.9667 22.38
16.9833 22.12
17.0 21.85
17.0167 21.59
17.0333 21.32
17.05 21.06
17.0667 20.79
17.0833 20.53
17.1 20.27
17.1167 20.0
17.1333 19.74
17.15 19.48
17.1667 19.22
17.1833 18.95
17.2 18.69
17.2167 18.43
17.2333 18.17
17.25 17.91
17.2667 17.65
17.2833 17.39
17.3 17.13
17.3167 16.88
17.3333 16.62
17.35 16.36
17.3667 16.11
17.3833 15.85
17.4 15.6
17.4167 15.34
17.4333 15.09
17.45 14.84
17.4667 14.59
17.4833 14.34
17.5 14.09
17.5167 13.84
17.5333 13.59
17.55 13.35
17.5667 13.1
17.5833 12.86
17.6 12.61
17.6167 12.37
17.6333 12.13
17.65 11.89
17.6667 11.65
17.6833 11.42
17.7 11.18
17.7167 10.95
17.7333 10.71
17.75 10.48
17.7667 10.25
17.7833 10.02
17.8 9.798
17.8167 9.573
17.8333 9.35
17.85 9.129
17.8667 8.909
17.8833 8.691
17.9 8.475
17.9167 8.261
17.9333 8.048
17.95 7.838
17.9667 7.63
17.9833 7.424
18.0 7.22
18.0167 7.018
18.0333 6.818
18.05 6.62
18.0667 6.425
18.0833 6.232
18.1 6.041
18.1167 5.853
18.1333 5.667
18.15 5.484
18.1667 5.303
18.1833 5.124
18.2 4.948
18.2167 4.775
18.2333 4.604
18.25 4.436
18.2667 4.271
18.2833 4.108
18.3 3.948
18.3167 3.79
18.3333 3.636
18.35 3.484
18.3667 3.334
18.3833 3.187
18.4 3.043
18.4167 2.902
18.4333 2.764
18.45 2.628
18.4667 2.495
18.4833 2.364
18.5 2.236
18.5167 2.111
18.5333 1.989
18.55 1.87
18.5667 1.753
18.5833 1.64
18.6 1.529
18.6167 1.421
18.6333 1.317
18.65 1.216
18.6667 1.119
18.6833 1.025
18.7 0.9347
18.7167 0.849
18.7333 0.768
18.75 0.6923
18.7667 0.6046
18.7833 0.5311
18.8 0.4699
18.8167 0.4189
18.8333 0.3554
18.85 0.3121
18.8667 0.2635
18.8833 0.2212
18.9 0.1849
18.9167 0.1535
18.9333 0.1267
18.95 0.1032
18.9667 0.0821
18.9833 0.06645
19.0 0.05181
19.0167 0.04044
19.0333 0.0315
19.05 0.02432
19.0667 0.01851
19.0833 0.01398
19.1 0.01053
19.1167 0.007875
19.1333 0.005691
19.15 0.004085
19.1667 0.002911
19.1833 0.001993
19.2 0.001334
19.2167 0.0008684
19.2333 0.0005423
19.25 0.0003119
19.2667 0.0001641
19.2833 6.724e-05
19.3 1.803e-05
19.3167 1.848e-06
19.3333 7.544e-08
19.35 6.326e-10
19.3667 7.003e-13
19.3833 0.0
19.4 0.0
19.4167 0.0
19.4333 0.0
19.45 0.0
19.4667 0.0
19.4833 0.0
19.5 0.0
19.5167 0.0
19.5333 0.0
19.55 0.0
19.5667 0.0
19.5833 0.0
19.6 0.0
19.6167 0.0
19.6333 0.0
19.65 0.0
19.6667 0.0
19.6833 0.0
19.7 0.0
19.7167 0.0
19.7333 0.0
19.75 0.0
19.7667 0.0
19.7833 0.0
19.8 0.0
19.8167 0.0
19.8333 0.0
19.85 0.0
19.8667 0.0
19.8833 0.0
19.9 0.0
19.9167 0.0
19.9333 0.0
19.95 0.0
19.9667 0.0
19.9833 0.0
20.0 0.0
20.0167 0.0
20.0333 0.0
20.05 0.0
20.0667 0.0
20.0833 0.0
20.1 0.0
20.1167 0.0
20.1333 0.0
20.15 0.0
20.1667 0.0
20.1833 0.0
20.2 0.0
20.2167 0.0
20.2333 0.0
20.25 0.0
20.2667 0.0
20.2833 0.0
20.3 0.0
20.3167 0.0
20.3333 0.0
20.35 0.0
20.3667 0.0
20.3833 0.0
20.4 0.0
20.4167 0.0
20.4333 0.0
20.45 0.0
20.4667 0.0
20.4833 0.0
20.5 0.0
20.5167 0.0
20.5333 0.0
20.55 0.0
20.5667 0.0
20.5833 0.0
20.6 0.0
20.6167 0.0
20.6333 0.0
20.65 0.0
20.6667 0.0
20.6833 0.0
20.7 0.0
20.7167 0.0
20.7333 0.0
20.75 0.0
20.7667 0.0
20.7833 0.0
20.8 0.0
20.8167 0.0
20.8333 0.0
20.85 0.0
20.8667 0.0
20.8833 0.0
20.9 0.0
20.9167 0.0
20.9333 0.0
20.95 0.0
20.9667 0.0
20.9833 0.0
21.0 0.0
21.0167 0.0
21.0333 0.0
21.05 0.0
21.0667 0.0
21.0833 0.0
21.1 0.0
21.1167 0.0
21.1333 0.0
21.15 0.0
21.1667 0.0
21.1833 0.0
21.2 0.0
21.2167 0.0
21.2333 0.0
21.25 0.0
21.2667 0.0
21.2833 0.0
21.3 0.0
21.3167 0.0
21.3333 0.0
21.35 0.0
21.3667 0.0
21.3833 0.0
21.4 0.0
21.4167 0.0
21.4333 0.0
21.45 0.0
21.4667 0.0
21.4833 0.0
21.5 0.0
21.5167 0.0
21.5333 0.0
21.55 0.0
21.5667 0.0
21.5833 0.0
21.6 0.0
21.6167 0.0
21.6333 0.0
21.65 0.0
21.6667 0.0
21.6833 0.0
21.7 0.0
21.7167 0.0
21.7333 0.0
21.75 0.0
21.7667 0.0
21.7833 0.0
21.8 0.0
21.8167 0.0
21.8333 0.0
21.85 0.0
21.8667 0.0
21.8833 0.0
21.9 0.0
21.9167 0.0
21.9333 0.0
21.95 0.0
21.9667 0.0
21.9833 0.0
22.0 0.0
22.0167 0.0
22.0333 0.0
22.05 0.0
22.0667 0.0
22.0833 0.0
22.1 0.0
22.1167 0.0
22.1333 0.0
22.15 0.0
22.1667 0.0
22.1833 0.0
22.2 0.0
22.2167 0.0
22.2333 0.0
22.25 0.0
22.2667 0.0
22.2833 0.0
22.3 0.0
22.3167 0.0
22.3333 0.0
22.35 0.0
22.3667 0.0
22.3833 0.0
22.4 0.0
22.4167 0.0
22.4333 0.0
22.45 0.0
22.4667 0.0
22.4833 0.0
22.5 0.0
22.5167 0.0
22.5333 0.0
22.55 0.0
22.5667 0.0
22.5833 0.0
22.6 0.0
22.6167 0.0
22.6333 0.0
22.65 0.0
22.6667 0.0
22.6833 0.0
22.7 0.0
22.7167 0.0
22.7333 0.0
22.75 0.0
22.7667 0.0
22.7833 0.0
22.8 0.0
22.8167 0.0
22.8333 0.0
22.85 0.0
22.8667 0.0
22.8833 0.0
22.9 0.0
22.9167 0.0
22.9333 0.0
22.95 0.0
22.9667 0.0
22.9833 0.0
23.0 0.0
23.0167 0.0
23.0333 0.0
23.05 0.0
23.0667 0.0
23.0833 0.0
23.1 0.0
23.1167 0.0
23.1333 0.0
23.15 0.0
23.1667 0.0
23.1833 0.0
23.2 0.0
23.2167 0.0
23.2333 0.0
23.25 0.0
23.2667 0.0
23.2833 0.0
23.3 0.0
23.3167 0.0
23.3333 0.0
23.35 0.0
23.3667 0.0
23.3833 0.0
23.4 0.0
23.4167 0.0
23.4333 0.0
23.45 0.0
23.4667 0.0
23.4833 0.0
23.5 0.0
23.5167 0.0
23.5333 0.0
23.55 0.0
23.5667 0.0
23.5833 0.0
23.6 0.0
23.6167 0.0
23.6333 0.0
23.65 0.0
23.6667 0.0
23.6833 0.0
23.7 0.0
23.7167 0.0
23.7333 0.0
23.75 0.0
23.7667 0.0
23.7833 0.0
23.8 0.0
23.8167 0.0
23.8333 0.0
23.85 0.0
23.8667 0.0
23.8833 0.0
23.9 0.0
23.9167 0.0
23.9333 0.0
23.95 0.0
23.9667 0.0
23.9833 0.0
