0.0 0.0
0.0167 0.0
0.0333 0.0
0.05 0.0
0.0667 0.0
0.0833 0.0
0.1 0.0
0.1167 0.0
0.1333 0.0
0.15 0.0
0.1667 0.0
0.1833 0.0
0.2 0.0
0.2167 0.0
0.2333 0.0
0.25 0.0
0.2667 0.0
0.2833 0.0
0.3 0.0
0.3167 0.0
0.3333 0.0
0.35 0.0
0.3667 0.0
0.3833 0.0
0.4 0.0
0.4167 0.0
0.4333 0.0
0.45 0.0
0.4667 0.0
0.4833 0.0
0.5 0.0
0.5167 0.0
0.5333 0.0
0.55 0.0
0.5667 0.0
0.5833 0.0
0.6 0.0
0.6167 0.0
0.6333 0.0
0.65 0.0
0.6667 0.0
0.6833 0.0
0.7 0.0
0.7167 0.0
0.7333 0.0
0.75 0.0
0.7667 0.0
0.7833 0.0
0.8 0.0
0.8167 0.0
0.8333 0.0
0.85 0.0
0.8667 0.0
0.8833 0.0
0.9 0.0
0.9167 0.0
0.9333 0.0
0.95 0.0
0.9667 0.0
0.9833 0.0
1.0 0.0
1.0167 0.0
1.0333 0.0
1.05 0.0
1.0667 0.0
1.0833 0.0
1.1 0.0
1.1167 0.0
1.1333 0.0
1.15 0.0
1.1667 0.0
1.1833 0.0
1.2 0.0
1.2167 0.0
1.2333 0.0
1.25 0.0
1.2667 0.0
1.2833 0.0
1.3 0.0
1.3167 0.0
1.3333 0.0
1.35 0.0
1.3667 0.0
1.3833 0.0
1.4 0.0
1.4167 0.0
1.4333 0.0
1.45 0.0
1.4667 0.0
1.4833 0.0
1.5 0.0
1.5167 0.0
1.5333 0.0
1.55 0.0
1.5667 0.0
1.5833 0.0
1.6 0.0
1.6167 0.0
1.6333 0.0
1.65 0.0
1.6667 0.0
1.6833 0.0
1.7 0.0
1.7167 0.0
1.7333 0.0
1.75 0.0
1.7667 0.0
1.7833 0.0
1.8 0.0
1.8167 0.0
1.8333 0.0
1.85 0.0
1.8667 0.0
1.8833 0.0
1.9 0.0
1.9167 0.0
1.9333 0.0
1.95 0.0
1.9667 0.0
1.9833 0.0
2.0 0.0
2.0167 0.0
2.0333 0.0
2.05 0.0
2.0667 0.0
2.0833 0.0
2.1 0.0
2.1167 0.0
2.1333 0.0
2.15 0.0
2.1667 0.0
2.1833 0.0
2.2 0.0
2.2167 0.0
2.2333 0.0
2.25 0.0
2.2667 0.0
2.2833 0.0
2.3 0.0
2.3167 0.0
2.3333 0.0
2.35 0.0
2.3667 0.0
2.3833 0.0
2.4 0.0
2.4167 0.0
2.4333 0.0
2.45 0.0
2.4667 0.0
2.4833 0.0
2.5 0.0
2.5167 0.0
2.5333 0.0
2.55 0.0
2.5667 0.0
2.5833 0.0
2.6 0.0
2.6167 0.0
2.6333 0.0
2.65 0.0
2.6667 0.0
2.6833 0.0
2.7 0.0
2.7167 0.0
2.7333 0.0
2.75 0.0
2.7667 0.0
2.7833 0.0
2.8 0.0
2.8167 0.0
2.8333 0.0
2.85 0.0
2.8667 0.0
2.8833 0.0
2.9 0.0
2.9167 0.0
2.9333 0.0
2.95 0.0
2.9667 0.0
2.9833 0.0
3.0 0.0
3.0167 0.0
3.0333 0.0
3.05 0.0
3.0667 0.0
3.0833 0.0
3.1 0.0
3.1167 0.0
3.1333 0.0
3.15 0.0
3.1667 0.0
3.1833 0.0
3.2 0.0
3.2167 0.0
3.2333 0.0
3.25 0.0
3.2667 0.0
3.2833 0.0
3.3 0.0
3.3167 0.0
3.3333 0.0
3.35 0.0
3.3667 0.0
3.3833 0.0
3.4 0.0
3.4167 0.0
3.4333 0.0
3.45 0.0
3.4667 0.0
3.4833 0.0
3.5 0.0
3.5167 0.0
3.5333 0.0
3.55 0.0
3.5667 0.0
3.5833 0.0
3.6 0.0
3.6167 0.0
3.6333 0.0
3.65 0.0
3.6667 0.0
3.6833 0.0
3.7 0.0
3.7167 0.0
3.7333 0.0
3.75 0.0
3.7667 0.0
3.7833 0.0
3.8 0.0
3.8167 0.0
3.8333 0.0
3.85 0.0
3.8667 0.0
3.8833 0.0
3.9 0.0
3.9167 0.0
3.9333 0.0
3.95 0.0
3.9667 0.0
3.9833 0.0
4.0 0.0
4.0167 0.0
4.0333 0.0
4.05 0.0
4.0667 0.0
4.0833 0.0
4.1 0.0
4.1167 0.0
4.1333 0.0
4.15 0.0
4.1667 0.0
4.1833 0.0
4.2 0.0
4.2167 0.0
4.2333 0.0
4.25 0.0
4.2667 0.0
4.2833 0.0
4.3 0.0
4.3167 0.0
4.3333 0.0
4.35 0.0
4.3667 0.0
4.3833 0.0
4.4 0.0
4.4167 0.0
4.4333 0.0
4.45 0.0
4.4667 0.0
4.4833 0.0
4.5 0.0
4.5167 0.0
4.5333 0.0
4.55 0.0
4.5667 0.0
4.5833 0.0
4.6 0.0
4.6167 0.0
4.6333 0.0
4.65 0.0
4.6667 0.0
4.6833 0.0
4.7 0.0
4.7167 0.0
4.7333 0.0
4.75 0.0
4.7667 0.0
4.7833 0.0
4.8 0.0
4.8167 0.0
4.8333 0.0
4.85 0.0
4.8667 0.0
4.8833 0.0
4.9 0.0
4.9167 0.0
4.9333 0.0
4.95 0.0
4.9667 0.0
4.9833 0.0
5.0 0.0
5.0167 0.0
5.0333 0.0
5.05 0.0
5.0667 0.0
5.0833 0.0
5.1 0.0
5.1167 0.0
5.1333 0.0
5.15 0.0
5.1667 0.0
5.1833 0.0
5.2 0.0
5.2167 0.0
5.2333 0.0
5.25 0.0
5.2667 0.0
5.2833 0.0
5.3 0.0
5.3167 0.0
5.3333 0.0
5.35 0.0
5.3667 0.0
5.3833 0.0
5.4 0.0
5.4167 0.0
5.4333 0.0
5.45 0.0
5.4667 0.0
5.4833 0.0
5.5 0.0
5.5167 0.0
5.5333 0.0
5.55 0.0
5.5667 0.0
5.5833 0.0
5.6 0.0
5.6167 0.0
5.6333 0.0
5.65 0.0
5.6667 0.0
5.6833 0.0
5.7 0.0
5.7167 0.0
5.7333 0.0
5.75 0.0
5.7667 0.0
5.7833 0.0
5.8 0.0
5.8167 0.0
5.8333 0.0
5.85 0.0
5.8667 3.153e-14
5.8833 1.003e-10
5.9 2.027e-08
5.9167 7.967e-07
5.9333 9.322e-06
5.95 4.695e-05
5.9667 0.0001286
5.9833 0.0002575
6.0 0.000461
6.0167 0.0007503
6.0333 0.001165
6.05 0.001755
6.0667 0.00258
6.0833 0.003716
6.1 0.005127
6.1167 0.007106
6.1333 0.009557
6.15 0.01299
6.1667 0.01709
6.1833 0.02237
6.2 0.02914
6.2167 0.03779
6.2333 0.0485
6.25 0.06084
6.2667 0.07751
6.2833 0.09545
6.3 0.1183
6.3167 0.1462
6.3333 0.1763
6.35 0.2115
6.3667 0.2529
6.3833 0.291
6.4 0.3405
6.4167 0.3984
6.4333 0.4519
6.45 0.5098
6.4667 0.5793
6.4833 0.6624
6.5 0.7418
6.5167 0.8209
6.5333 0.9048
6.55 0.9931
6.5667 1.085
6.5833 1.181
6.6 1.281
6.6167 1.383
6.6333 1.489
6.65 1.598
6.6667 1.71
6.6833 1.825
6.7 1.943
6.7167 2.063
6.7333 2.186
6.75 2.312
6.7667 2.441
6.7833 2.572
6.8 2.706
6.8167 2.843
6.8333 2.982
6.85 3.124
6.8667 3.269
6.8833 3.416
6.9 3.566
6.9167 3.718
6.9333 3.874
6.95 4.031
6.9667 4.192
6.9833 4.355
7.0 4.521
7.0167 4.689
7.0333 4.86
7.05 5.033
7.0667 5.209
7.0833 5.387
7.1 5.568
7.1167 5.751
7.1333 5.937
7.15 6.125
7.1667 6.315
7.1833 6.507
7.2 6.702
7.2167 6.899
7.2333 7.098
7.25 7.299
7.2667 7.502
7.2833 7.707
7.3 7.914
7.3167 8.124
7.3333 8.335
7.35 8.548
7.3667 8.762
7.3833 8.979
7.4 9.197
7.4167 9.417
7.4333 9.638
7.45 9.862
7.4667 10.09
7.4833 10.31
7.5 10.54
7.5167 10.77
7.5333 11.0
7.55 11.23
7.5667 11.47
7.5833 11.7
7.6 11.94
7.6167 12.17
7.6333 12.41
7.65 12.65
7.6667 12.89
7.6833 13.13
7.7 13.37
7.7167 13.62
7.7333 13.86
7.75 14.11
7.7667 14.35
7.7833 14.6
7.8 14.85
7.8167 15.1
7.8333 15.35
7.85 15.6
7.8667 15.85
7.8833 16.1
7.9 16.35
7.9167 16.61
7.9333 16.86
7.95 17.12
7.9667 17.37
7.9833 17.63
8.0 17.88
8.0167 18.14
8.0333 18.39
8.05 18.65
8.0667 18.91
8.0833 19.17
8.1 19.43
8.1167 19.68
8.1333 19.94
8.15 20.2
8.1667 20.46
8.1833 20.72
8.2 20.98
8.2167 21.24
8.2333 21.5
8.25 21.76
8.2667 22.02
8.2833 22.28
8.3 22.54
8.3167 22.81
8.3333 23.07
8.35 23.33
8.3667 23.59
8.3833 23.85
8.4 24.11
8.4167 24.37
8.4333 24.63
8.45 24.89
8.4667 25.15
8.4833 25.41
8.5 25.67
8.5167 25.93
8.5333 26.19
8.55 26.45
8.5667 26.71
8.5833 26.97
8.6 27.23
8.6167 27.49
8.6333 27.75
8.65 28.01
8.6667 28.27
8.6833 28.53
8.7 28.78
8.7167 29.04
8.7333 29.3
8.75 29.56
8.7667 29.81
8.7833 30.07
8.8 30.32
8.8167 30.58
8.8333 30.83
8.85 31.09
8.8667 31.34
8.8833 31.6
8.9 31.85
8.9167 32.1
8.9333 32.35
8.95 32.6
8.9667 32.86
8.9833 33.11
9.0 33.36
9.0167 33.61
9.0333 33.85
9.05 34.1
9.0667 34.35
9.0833 34.6
9.1 34.84
9.1167 35.09
9.1333 35.34
9.15 35.58
9.1667 35.82
9.1833 36.07
9.2 36.31
9.2167 36.55
9.2333 36.79
9.25 37.03
9.2667 37.27
9.2833 37.51
9.3 37.75
9.3167 37.99
9.3333 38.23
9.35 38.46
9.3667 38.7
9.3833 38.93
9.4 39.17
9.4167 39.4
9.4333 39.63
9.45 39.86
9.4667 40.1
9.4833 40.33
9.5 40.55
9.5167 40.78
9.5333 41.01
9.55 41.24
9.5667 41.46
9.5833 41.69
9.6 41.91
9.6167 42.14
9.6333 42.36
9.65 42.58
9.6667 42.8
9.6833 43.02
9.7 43.24
9.7167 43.46
9.7333 43.67
9.75 43.89
9.7667 44.1
9.7833 44.32
9.8 44.53
9.8167 44.74
9.8333 44.95
9.85 45.16
9.8667 45.37
9.8833 45.58
9.9 45.79
9.9167 45.99
9.9333 46.2
9.95 46.4
9.9667 46.6
9.9833 46.81
10.0 47.01
10.0167 47.21
10.0333 47.41
10.05 47.6
10.0667 47.8
10.0833 47.99
10.1 48.19
10.1167 48.38
10.1333 48.58
10.15 48.77
10.1667 48.96
10.1833 49.14
10.2 49.33
10.2167 49.52
10.2333 49.71
10.25 49.89
10.2667 50.07
10.2833 50.25
10.3 50.44
10.3167 50.62
10.3333 50.79
10.35 50.97
10.3667 51.15
10.3833 51.32
10.4 51.5
10.4167 51.67
10.4333 51.84
10.45 52.01
10.4667 52.18
10.4833 52.35
10.5 52.52
10.5167 52.68
10.5333 52.84
10.55 53.01
10.5667 53.17
10.5833 53.33
10.6 53.49
10.6167 53.65
10.6333 53.81
10.65 53.96
10.6667 54.11
10.6833 54.27
10.7 54.42
10.7167 54.57
10.7333 54.72
10.75 54.87
10.7667 55.01
10.7833 55.16
10.8 55.3
10.8167 55.45
10.8333 55.59
10.85 55.73
10.8667 55.87
10.8833 56.0
10.9 56.14
10.9167 56.28
10.9333 56.41
10.95 56.54
10.9667 56.67
10.9833 56.8
11.0 56.93
11.0167 57.06
11.0333 57.18
11.05 57.31
11.0667 57.43
11.0833 57.55
11.1 57.67
11.1167 57.79
11.1333 57.91
11.15 58.02
11.1667 58.14
11.1833 58.25
11.2 58.37
11.2167 58.48
11.2333 58.59
11.25 58.69
11.2667 58.8
11.2833 58.9
11.3 59.01
11.3167 59.11
11.3333 59.21
11.35 59.31
11.3667 59.41
11.3833 59.51
11.4 59.6
11.4167 59.7
11.4333 59.79
11.45 59.88
11.4667 59.97
11.4833 60.06
11.5 60.14
11.5167 60.23
11.5333 60.31
11.55 60.4
11.5667 60.48
11.5833 60.56
11.6 60.63
11.6167 60.71
11.6333 60.79
11.65 60.86
11.6667 60.93
11.6833 61.0
11.7 61.07
11.7167 61.14
11.7333 61.21
11.75 61.27
11.7667 61.34
11.7833 61.4
11.8 61.46
11.8167 61.52
11.8333 61.58
11.85 61.63
11.8667 61.69
11.8833 61.74
11.9 61.79
11.9167 61.85
11.9333 61.89
11.95 61.94
11.9667 61.99
11.9833 62.03
12.0 62.08
12.0167 62.12
12.0333 62.16
12.05 62.2
12.0667 62.23
12.0833 62.27
12.1 62.3
12.1167 62.34
12.1333 62.37
12.15 62.4
12.1667 62.43
12.1833 62.45
12.2 62.48
12.2167 62.5
12.2333 62.53
12.25 62.55
12.2667 62.57
12.2833 62.58
12.3 62.6
12.3167 62.62
12.3333 62.63
12.35 62.64
12.3667 62.65
12.3833 62.66
12.4 62.67
12.4167 62.68
12.4333 62.68
12.45 62.68
12.4667 62.68
12.4833 62.69
12.5 62.68
12.5167 62.68
12.5333 62.68
12.55 62.67
12.5667 62.66
12.5833 62.65
12.6 62.64
12.6167 62.63
12.6333 62.62
12.65 62.6
12.6667 62.59
12.6833 62.57
12.7 62.55
12.7167 62.53
12.7333 62.51
12.75 62.48
12.7667 62.46
12.7833 62.43
12.8 62.41
12.8167 62.38
12.8333 62.35
12.85 62.31
12.8667 62.28
12.8833 62.24
12.9 62.21
12.9167 62.17
12.9333 62.13
12.95 62.09
12.9667 62.04
12.9833 62.0
13.0 61.95
13.0167 61.91
13.0333 61.86
13.05 61.81
13.0667 61.76
13.0833 61.7
13.1 61.65
13.1167 61.59
13.1333 61.53
13.15 61.47
13.1667 61.41
13.1833 61.35
13.2 61.29
13.2167 61.22
13.2333 61.16
13.25 61.09
13.2667 61.02
13.2833 60.95
13.3 60.88
13.3167 60.8
13.3333 60.73
13.35 60.65
13.3667 60.57
13.3833 60.5
13.4 60.42
13.4167 60.33
13.4333 60.25
13.45 60.16
13.4667 60.08
13.4833 59.99
13.5 59.9
13.5167 59.81
13.5333 59.72
13.55 59.62
13.5667 59.53
13.5833 59.43
13.6 59.33
13.6167 59.24
13.6333 59.14
13.65 59.03
13.6667 58.93
13.6833 58.83
13.7 58.72
13.7167 58.61
13.7333 58.5
13.75 58.39
13.7667 58.28
13.7833 58.17
13.8 58.05
13.8167 57.94
13.8333 57.82
13.85 57.7
13.8667 57.58
13.8833 57.46
13.9 57.34
13.9167 57.21
13.9333 57.09
13.95 56.96
13.9667 56.83
13.9833 56.7
14.0 56.57
14.0167 56.44
14.0333 56.31
14.05 56.17
14.0667 56.04
14.0833 55.9
14.1 55.76
14.1167 55.62
14.1333 55.48
14.15 55.34
14.1667 55.19
14.1833 55.05
14.2 54.9
14.2167 54.75
14.2333 54.6
14.25 54.46
14.2667 54.3
14.2833 54.15
14.3 54.0
14.3167 53.84
14.3333 53.69
14.35 53.53
14.3667 53.37
14.3833 53.21
14.4 53.05
14.4167 52.88
14.4333 52.72
14.45 52.55
14.4667 52.39
14.4833 52.22
14.5 52.05
14.5167 51.88
14.5333 51.71
14.55 51.54
14.5667 51.36
14.5833 51.19
14.6 51.01
14.6167 50.84
14.6333 50.66
14.65 50.48
14.6667 50.3
14.6833 50.11
14.7 49.93
14.7167 49.75
14.7333 49.56
14.75 49.38
14.7667 49.19
14.7833 49.0
14.8 48.81
14.8167 48.62
14.8333 48.43
14.85 48.23
14.8667 48.04
14.8833 47.84
14.9 47.65
14.9167 47.45
14.9333 47.25
14.95 47.05
14.9667 46.85
14.9833 46.65
15.0 46.45
15.0167 46.24
15.0333 46.04
15.05 45.83
15.0667 45.63
15.0833 45.42
15.1 45.21
15.1167 45.0
15.1333 44.79
15.15 44.58
15.1667 44.36
15.1833 44.15
15.2 43.94
15.2167 43.72
15.2333 43.5
15.25 43.29
15.2667 43.07
15.2833 42.85
15.3 42.63
15.3167 42.41
15.3333 42.18
15.35 41.96
15.3667 41.74
15.3833 41.51
15.4 41.29
15.4167 41.06
15.4333 40.83
15.45 40.6
15.4667 40.38
15.4833 40.15
15.5 39.92
15.5167 39.68
15.5333 39.45
15.55 39.22
15.5667 38.98
15.5833 38.75
15.6 38.51
15.6167 38.28
15.6333 38.04
15.65 37.8
15.6667 37.56
15.6833 37.33
15.7 37.09
15.7167 36.84
15.7333 36.6
15.75 36.36
15.7667 36.12
15.7833 35.88
15.8 35.63
15.8167 35.39
15.8333 35.14
15.85 34.9
15.8667 34.65
15.8833 34.4
15.9 34.15
15.9167 33.91
15.9333 33.66
15.95 33.41
15.9667 33.16
15.9833 32.91
16.0 32.66
16.0167 32.4
16.0333 32.15
16.05 31.9
16.0667 31.65
16.0833 31.39
16.1 31.14
16.1167 30.89
16.1333 30.63
16.15 30.38
16.1667 30.12
16.1833 29.86
16.2 29.61
16.2167 29.35
16.2333 29.09
16.25 28.84
16.2667 28.58
16.2833 28.32
16.3 28.06
16.3167 27.8
16.3333 27.54
16.35 27.29
16.3667 27.03
16.3833 26.77
16.4 26.51
16.4167 26.25
16.4333 25.99
16.45 25.73
16.4667 25.46
16.4833 25.2
16.5 24.94
16.5167 24.68
16.5333 24.42
16.55 24.16
16.5667 23.9
16.5833 23.64
16.6 23.38
16.6167 23.12
16.6333 22.86
16.65 22.59
16.6667 22.33
16.6833 22.07
16.7 21.81
16.7167 21.55
16.7333 21.29
16.75 21.03
16.7667 20.77
16.7833 20.51
16.8 20.25
16.8167 19.99
16.8333 19.73
16.85 19.47
16.8667 19.21
16.8833 18.96
16.9 18.7
16.9167 18.44
16.9333 18.18
16.95 17.93
16.9667 17.67
16.9833 17.42
17.0 17.16
17.0167 16.91
17.0333 16.65
17.05 16.4
17.0667 16.15
17.0833 15.89
17.1 15.64
17.1167 15.39
17.1333 15.14
17.15 14.89
17.1667 14.65
17.1833 14.4
17.2 14.15
17.2167 13.9
17.2333 13.66
17.25 13.42
17.2667 13.17
17.2833 12.93
17.3 12.69
17.3167 12.45
17.3333 12.21
17.35 11.98
17.3667 11.74
17.3833 11.5
17.4 11.27
17.4167 11.04
17.4333 10.81
17.45 10.58
17.4667 10.35
17.4833 10.12
17.5 9.898
17.5167 9.674
17.5333 9.452
17.55 9.232
17.5667 9.014
17.5833 8.796
17.6 8.581
17.6167 8.368
17.6333 8.157
17.65 7.947
17.6667 7.74
17.6833 7.534
17.7 7.33
17.7167 7.129
17.7333 6.929
17.75 6.732
17.7667 6.536
17.7833 6.344
17.8 6.153
17.8167 5.965
17.8333 5.779
17.85 5.595
17.8667 5.414
17.8833 5.235
17.9 5.059
17.9167 4.885
17.9333 4.714
17.95 4.545
17.9667 4.379
17.9833 4.215
18.0 4.054
18.0167 3.896
18.0333 3.74
18.05 3.587
18.0667 3.437
18.0833 3.289
18.1 3.144
18.1167 3.001
18.1333 2.862
18.15 2.724
18.1667 2.59
18.1833 2.458
18.2 2.329
18.2167 2.203
18.2333 2.079
18.25 1.958
18.2667 1.84
18.2833 1.725
18.3 1.612
18.3167 1.503
18.3333 1.396
18.35 1.293
18.3667 1.193
18.3833 1.097
18.4 1.004
18.4167 0.9156
18.4333 0.8308
18.45 0.7511
18.4667 0.6734
18.4833 0.5885
18.5 0.5175
18.5167 0.4581
18.5333 0.4089
18.55 0.3456
18.5667 0.2972
18.5833 0.2565
18.6 0.2148
18.6167 0.1791
18.6333 0.1486
18.65 0.1227
18.6667 0.09767
18.6833 0.07899
18.7 0.06245
18.7167 0.04977
18.7333 0.03858
18.75 0.02981
18.7667 0.02291
18.7833 0.01749
18.8 0.01327
18.8167 0.009908
18.8333 0.007288
18.85 0.005348
18.8667 0.003814
18.8833 0.002659
18.9 0.001814
18.9167 0.001206
18.9333 0.0007773
18.95 0.0004813
18.9667 0.000276
18.9833 0.0001366
19.0 5.286e-05
19.0167 1.137e-05
19.0333 9.806e-07
19.05 2.843e-08
19.0667 1.614e-10
19.0833 6.558e-14
19.1 0.0
19.1167 0.0
19.1333 0.0
19.15 0.0
19.1667 0.0
19.1833 0.0
19.2 0.0
19.2167 0.0
19.2333 0.0
19.25 0.0
19.2667 0.0
19.2833 0.0
19.3 0.0
19.3167 0.0
19.3333 0.0
19.35 0.0
19.3667 0.0
19.3833 0.0
19.4 0.0
19.4167 0.0
19.4333 0.0
19.45 0.0
19.4667 0.0
19.4833 0.0
19.5 0.0
19.5167 0.0
19.5333 0.0
19.55 0.0
19.5667 0.0
19.5833 0.0
19.6 0.0
19.6167 0.0
19.6333 0.0
19.65 0.0
19.6667 0.0
19.6833 0.0
19.7 0.0
19.7167 0.0
19.7333 0.0
19.75 0.0
19.7667 0.0
19.7833 0.0
19.8 0.0
19.8167 0.0
19.8333 0.0
19.85 0.0
19.8667 0.0
19.8833 0.0
19.9 0.0
19.9167 0.0
19.9333 0.0
19.95 0.0
19.9667 0.0
19.9833 0.0
20.0 0.0
20.0167 0.0
20.0333 0.0
20.05 0.0
20.0667 0.0
20.0833 0.0
20.1 0.0
20.1167 0.0
20.1333 0.0
20.15 0.0
20.1667 0.0
20.1833 0.0
20.2 0.0
20.2167 0.0
20.2333 0.0
20.25 0.0
20.2667 0.0
20.2833 0.0
20.3 0.0
20.3167 0.0
20.3333 0.0
20.35 0.0
20.3667 0.0
20.3833 0.0
20.4 0.0
20.4167 0.0
20.4333 0.0
20.45 0.0
20.4667 0.0
20.4833 0.0
20.5 0.0
20.5167 0.0
20.5333 0.0
20.55 0.0
20.5667 0.0
20.5833 0.0
20.6 0.0
20.6167 0.0
20.6333 0.0
20.65 0.0
20.6667 0.0
20.6833 0.0
20.7 0.0
20.7167 0.0
20.7333 0.0
20.75 0.0
20.7667 0.0
20.7833 0.0
20.8 0.0
20.8167 0.0
20.8333 0.0
20.85 0.0
20.8667 0.0
20.8833 0.0
20.9 0.0
20.9167 0.0
20.9333 0.0
20.95 0.0
20.9667 0.0
20.9833 0.0
21.0 0.0
21.0167 0.0
21.0333 0.0
21.05 0.0
21.0667 0.0
21.0833 0.0
21.1 0.0
21.1167 0.0
21.1333 0.0
21.15 0.0
21.1667 0.0
21.1833 0.0
21.2 0.0
21.2167 0.0
21.2333 0.0
21.25 0.0
21.2667 0.0
21.2833 0.0
21.3 0.0
21.3167 0.0
21.3333 0.0
21.35 0.0
21.3667 0.0
21.3833 0.0
21.4 0.0
21.4167 0.0
21.4333 0.0
21.45 0.0
21.4667 0.0
21.4833 0.0
21.5 0.0
21.5167 0.0
21.5333 0.0
21.55 0.0
21.5667 0.0
21.5833 0.0
21.6 0.0
21.6167 0.0
21.6333 0.0
21.65 0.0
21.6667 0.0
21.6833 0.0
21.7 0.0
21.7167 0.0
21.7333 0.0
21.75 0.0
21.7667 0.0
21.7833 0.0
21.8 0.0
21.8167 0.0
21.8333 0.0
21.85 0.0
21.8667 0.0
21.8833 0.0
21.9 0.0
21.9167 0.0
21.9333 0.0
21.95 0.0
21.9667 0.0
21.9833 0.0
22.0 0.0
22.0167 0.0
22.0333 0.0
22.05 0.0
22.0667 0.0
22.0833 0.0
22.1 0.0
22.1167 0.0
22.1333 0.0
22.15 0.0
22.1667 0.0
22.1833 0.0
22.2 0.0
22.2167 0.0
22.2333 0.0
22.25 0.0
22.2667 0.0
22.2833 0.0
22.3 0.0
22.3167 0.0
22.3333 0.0
22.35 0.0
22.3667 0.0
22.3833 0.0
22.4 0.0
22.4167 0.0
22.4333 0.0
22.45 0.0
22.4667 0.0
22.4833 0.0
22.5 0.0
22.5167 0.0
22.5333 0.0
22.55 0.0
22.5667 0.0
22.5833 0.0
22.6 0.0
22.6167 0.0
22.6333 0.0
22.65 0.0
22.6667 0.0
22.6833 0.0
22.7 0.0
22.7167 0.0
22.7333 0.0
22.75 0.0
22.7667 0.0
22.7833 0.0
22.8 0.0
22.8167 0.0
22.8333 0.0
22.85 0.0
22.8667 0.0
22.8833 0.0
22.9 0.0
22.9167 0.0
22.9333 0.0
22.95 0.0
22.9667 0.0
22.9833 0.0
23.0 0.0
23.0167 0.0
23.0333 0.0
23.05 0.0
23.0667 0.0
23.0833 0.0
23.1 0.0
23.1167 0.0
23.1333 0.0
23.15 0.0
23.1667 0.0
23.1833 0.0
23.2 0.0
23.2167 0.0
23.2333 0.0
23.25 0.0
23.2667 0.0
23.2833 0.0
23.3 0.0
23.3167 0.0
23.3333 0.0
23.35 0.0
23.3667 0.0
23.3833 0.0
23.4 0.0
23.4167 0.0
23.4333 0.0
23.45 0.0
23.4667 0.0
23.4833 0.0
23.5 0.0
23.5167 0.0
23.5333 0.0
23.55 0.0
23.5667 0.0
23.5833 0.0
23.6 0.0
23.6167 0.0
23.6333 0.0
23.65 0.0
23.6667 0.0
23.6833 0.0
23.7 0.0
23.7167 0.0
23.7333 0.0
23.75 0.0
23.7667 0.0
23.7833 0.0
23.8 0.0
23.8167 0.0
23.8333 0.0
23.85 0.0
23.8667 0.0
23.8833 0.0
23.9 0.0
23.9167 0.0
23.9333 0.0
23.95 0.0
23.9667 0.0
23.9833 0.0
