0.0 0.0
0.0167 0.0
0.0333 0.0
0.05 0.0
0.0667 0.0
0.0833 0.0
0.1 0.0
0.1167 0.0
0.1333 0.0
0.15 0.0
0.1667 0.0
0.1833 0.0
0.2 0.0
0.2167 0.0
0.2333 0.0
0.25 0.0
0.2667 0.0
0.2833 0.0
0.3 0.0
0.3167 0.0
0.3333 0.0
0.35 0.0
0.3667 0.0
0.3833 0.0
0.4 0.0
0.4167 0.0
0.4333 0.0
0.45 0.0
0.4667 0.0
0.4833 0.0
0.5 0.0
0.5167 0.0
0.5333 0.0
0.55 0.0
0.5667 0.0
0.5833 0.0
0.6 0.0
0.6167 0.0
0.6333 0.0
0.65 0.0
0.6667 0.0
0.6833 0.0
0.7 0.0
0.7167 0.0
0.7333 0.0
0.75 0.0
0.7667 0.0
0.7833 0.0
0.8 0.0
0.8167 0.0
0.8333 0.0
0.85 0.0
0.8667 0.0
0.8833 0.0
0.9 0.0
0.9167 0.0
0.9333 0.0
0.95 0.0
0.9667 0.0
0.9833 0.0
1.0 0.0
1.0167 0.0
1.0333 0.0
1.05 0.0
1.0667 0.0
1.0833 0.0
1.1 0.0
1.1167 0.0
1.1333 0.0
1.15 0.0
1.1667 0.0
1.1833 0.0
1.2 0.0
1.2167 0.0
1.2333 0.0
1.25 0.0
1.2667 0.0
1.2833 0.0
1.3 0.0
1.3167 0.0
1.3333 0.0
1.35 0.0
1.3667 0.0
1.3833 0.0
1.4 0.0
1.4167 0.0
1.4333 0.0
1.45 0.0
1.4667 0.0
1.4833 0.0
1.5 0.0
1.5167 0.0
1.5333 0.0
1.55 0.0
1.5667 0.0
1.5833 0.0
1.6 0.0
1.6167 0.0
1.6333 0.0
1.65 0.0
1.6667 0.0
1.6833 0.0
1.7 0.0
1.7167 0.0
1.7333 0.0
1.75 0.0
1.7667 0.0
1.7833 0.0
1.8 0.0
1.8167 0.0
1.8333 0.0
1.85 0.0
1.8667 0.0
1.8833 0.0
1.9 0.0
1.9167 0.0
1.9333 0.0
1.95 0.0
1.9667 0.0
1.9833 0.0
2.0 0.0
2.0167 0.0
2.0333 0.0
2.05 0.0
2.0667 0.0
2.0833 0.0
2.1 0.0
2.1167 0.0
2.1333 0.0
2.15 0.0
2.1667 0.0
2.1833 0.0
2.2 0.0
2.2167 0.0
2.2333 0.0
2.25 0.0
2.2667 0.0
2.2833 0.0
2.3 0.0
2.3167 0.0
2.3333 0.0
2.35 0.0
2.3667 0.0
2.3833 0.0
2.4 0.0
2.4167 0.0
2.4333 0.0
2.45 0.0
2.4667 0.0
2.4833 0.0
2.5 0.0
2.5167 0.0
2.5333 0.0
2.55 0.0
2.5667 0.0
2.5833 0.0
2.6 0.0
2.6167 0.0
2.6333 0.0
2.65 0.0
2.6667 0.0
2.6833 0.0
2.7 0.0
2.7167 0.0
2.7333 0.0
2.75 0.0
2.7667 0.0
2.7833 0.0
2.8 0.0
2.8167 0.0
2.8333 0.0
2.85 0.0
2.8667 0.0
2.8833 0.0
2.9 0.0
2.9167 0.0
2.9333 0.0
2.95 0.0
2.9667 0.0
2.9833 0.0
3.0 0.0
3.0167 0.0
3.0333 0.0
3.05 0.0
3.0667 0.0
3.0833 0.0
3.1 0.0
3.1167 0.0
3.1333 0.0
3.15 0.0
3.1667 0.0
3.1833 0.0
3.2 0.0
3.2167 0.0
3.2333 0.0
3.25 0.0
3.2667 0.0
3.2833 0.0
3.3 0.0
3.3167 0.0
3.3333 0.0
3.35 0.0
3.3667 0.0
3.3833 0.0
3.4 0.0
3.4167 0.0
3.4333 0.0
3.45 0.0
3.4667 0.0
3.4833 0.0
3.5 0.0
3.5167 0.0
3.5333 0.0
3.55 0.0
3.5667 0.0
3.5833 0.0
3.6 0.0
3.6167 0.0
3.6333 0.0
3.65 0.0
3.6667 0.0
3.6833 0.0
3.7 0.0
3.7167 0.0
3.7333 0.0
3.75 0.0
3.7667 0.0
3.7833 0.0
3.8 0.0
3.8167 0.0
3.8333 0.0
3.85 0.0
3.8667 0.0
3.8833 0.0
3.9 0.0
3.9167 0.0
3.9333 0.0
3.95 0.0
3.9667 0.0
3.9833 0.0
4.0 0.0
4.0167 0.0
4.0333 0.0
4.05 0.0
4.0667 0.0
4.0833 0.0
4.1 0.0
4.1167 0.0
4.1333 0.0
4.15 0.0
4.1667 0.0
4.1833 0.0
4.2 0.0
4.2167 0.0
4.2333 0.0
4.25 0.0
4.2667 0.0
4.2833 0.0
4.3 0.0
4.3167 0.0
4.3333 0.0
4.35 0.0
4.3667 0.0
4.3833 0.0
4.4 0.0
4.4167 0.0
4.4333 0.0
4.45 0.0
4.4667 0.0
4.4833 0.0
4.5 0.0
4.5167 0.0
4.5333 0.0
4.55 0.0
4.5667 0.0
4.5833 0.0
4.6 0.0
4.6167 0.0
4.6333 0.0
4.65 0.0
4.6667 0.0
4.6833 0.0
4.7 0.0
4.7167 0.0
4.7333 0.0
4.75 0.0
4.7667 0.0
4.7833 0.0
4.8 0.0
4.8167 0.0
4.8333 0.0
4.85 0.0
4.8667 0.0
4.8833 0.0
4.9 0.0
4.9167 0.0
4.9333 0.0
4.95 0.0
4.9667 0.0
4.9833 0.0
5.0 0.0
5.0167 0.0
5.0333 0.0
5.05 0.0
5.0667 0.0
5.0833 0.0
5.1 0.0
5.1167 0.0
5.1333 0.0
5.15 0.0
5.1667 0.0
5.1833 0.0
5.2 0.0
5.2167 0.0
5.2333 0.0
5.25 0.0
5.2667 0.0
5.2833 0.0
5.3 0.0
5.3167 0.0
5.3333 0.0
5.35 0.0
5.3667 0.0
5.3833 0.0
5.4 0.0
5.4167 0.0
5.4333 5.82e-13
5.45 3.268e-10
5.4667 2.609e-08
5.4833 7.032e-07
5.5 6.449e-06
5.5167 3.213e-05
5.5333 8.819e-05
5.55 0.0001829
5.5667 0.0003227
5.5833 0.0005153
5.6 0.0007835
5.6167 0.00116
5.6333 0.001685
5.65 0.002361
5.6667 0.003274
5.6833 0.004428
5.7 0.006
5.7167 0.007871
5.7333 0.01026
5.75 0.01328
5.7667 0.01707
5.7833 0.02184
5.8 0.02787
5.8167 0.0349
5.8333 0.0436
5.85 0.05507
5.8667 0.06698
5.8833 0.0819
5.9 0.1013
5.9167 0.1215
5.9333 0.145
5.95 0.1723
5.9667 0.2041
5.9833 0.2366
6.0 0.2722
6.0167 0.3174
6.0333 0.3585
6.05 0.414
6.0667 0.4602
6.0833 0.5149
6.1 0.5794
6.1167 0.6554
6.1333 0.7238
6.15 0.7939
6.1667 0.868
6.1833 0.9457
6.2 1.027
6.2167 1.111
6.2333 1.198
6.25 1.288
6.2667 1.38
6.2833 1.475
6.3 1.573
6.3167 1.674
6.3333 1.776
6.35 1.881
6.3667 1.989
6.3833 2.099
6.4 2.211
6.4167 2.325
6.4333 2.442
6.45 2.561
6.4667 2.682
6.4833 2.806
6.5 2.932
6.5167 3.06
6.5333 3.19
6.55 3.323
6.5667 3.458
6.5833 3.595
6.6 3.735
6.6167 3.877
6.6333 4.021
6.65 4.167
6.6667 4.316
6.6833 4.467
6.7 4.621
6.7167 4.776
6.7333 4.934
6.75 5.094
6.7667 5.256
6.7833 5.42
6.8 5.586
6.8167 5.755
6.8333 5.926
6.85 6.098
6.8667 6.273
6.8833 6.45
6.9 6.628
6.9167 6.809
6.9333 6.992
6.95 7.176
6.9667 7.363
6.9833 7.551
7.0 7.741
7.0167 7.932
7.0333 8.126
7.05 8.321
7.0667 8.518
7.0833 8.716
7.1 8.916
7.1167 9.118
7.1333 9.321
7.15 9.526
7.1667 9.733
7.1833 9.94
7.2 10.15
7.2167 10.36
7.2333 10.57
7.25 10.78
7.2667 11.0
7.2833 11.21
7.3 11.43
7.3167 11.65
7.3333 11.87
7.35 12.09
7.3667 12.31
7.3833 12.53
7.4 12.76
7.4167 12.98
7.4333 13.21
7.45 13.44
7.4667 13.66
7.4833 13.89
7.5 14.12
7.5167 14.35
7.5333 14.58
7.55 14.82
7.5667 15.05
7.5833 15.28
7.6 15.52
7.6167 15.75
7.6333 15.99
7.65 16.22
7.6667 16.46
7.6833 16.7
7.7 16.94
7.7167 17.18
7.7333 17.42
7.75 17.66
7.7667 17.9
7.7833 18.14
7.8 18.38
7.8167 18.62
7.8333 18.87
7.85 19.11
7.8667 19.35
7.8833 19.6
7.9 19.84
7.9167 20.09
7.9333 20.33
7.95 20.58
7.9667 20.82
7.9833 21.07
8.0 21.32
8.0167 21.56
8.0333 21.81
8.05 22.06
8.0667 22.3
8.0833 22.55
8.1 22.8
8.1167 23.05
8.1333 23.29
8.15 23.54
8.1667 23.79
8.1833 24.04
8.2 24.29
8.2167 24.53
8.2333 24.78
8.25 25.03
8.2667 25.28
8.2833 25.53
8.3 25.78
8.3167 26.02
8.3333 26.27
8.35 26.52
8.3667 26.77
8.3833 27.02
8.4 27.26
8.4167 27.51
8.4333 27.76
8.45 28.01
8.4667 28.26
8.4833 28.5
8.5 28.75
8.5167 29.0
8.5333 29.24
8.55 29.49
8.5667 29.74
8.5833 29.98
8.6 30.23
8.6167 30.48
8.6333 30.72
8.65 30.97
8.6667 31.21
8.6833 31.46
8.7 31.7
8.7167 31.94
8.7333 32.19
8.75 32.43
8.7667 32.67
8.7833 32.92
8.8 33.16
8.8167 33.4
8.8333 33.64
8.85 33.88
8.8667 34.13
8.8833 34.37
8.9 34.61
8.9167 34.85
8.9333 35.08
8.95 35.32
8.9667 35.56
8.9833 35.8
9.0 36.04
9.0167 36.27
9.0333 36.51
9.05 36.75
9.0667 36.98
9.0833 37.22
9.1 37.45
9.1167 37.68
9.1333 37.92
9.15 38.15
9.1667 38.38
9.1833 38.61
9.2 38.84
9.2167 39.07
9.2333 39.3
9.25 39.53
9.2667 39.76
9.2833 39.99
9.3 40.22
9.3167 40.44
9.3333 40.67
9.35 40.89
9.3667 41.12
9.3833 41.34
9.4 41.56
9.4167 41.79
9.4333 42.01
9.45 42.23
9.4667 42.45
9.4833 42.67
9.5 42.89
9.5167 43.11
9.5333 43.33
9.55 43.54
9.5667 43.76
9.5833 43.97
9.6 44.19
9.6167 44.4
9.6333 44.62
9.65 44.83
9.6667 45.04
9.6833 45.25
9.7 45.46
9.7167 45.67
9.7333 45.88
9.75 46.08
9.7667 46.29
9.7833 46.5
9.8 46.7
9.8167 46.91
9.8333 47.11
9.85 47.31
9.8667 47.51
9.8833 47.71
9.9 47.91
9.9167 48.11
9.9333 48.31
9.95 48.51
9.9667 48.7
9.9833 48.9
10.0 49.09
10.0167 49.29
10.0333 49.48
10.05 49.67
10.0667 49.86
10.0833 50.05
10.1 50.24
10.1167 50.43
10.1333 50.62
10.15 50.8
10.1667 50.99
10.1833 51.17
10.2 51.35
10.2167 51.54
10.2333 51.72
10.25 51.9
10.2667 52.08
10.2833 52.25
10.3 52.43
10.3167 52.61
10.3333 52.78
10.35 52.96
10.3667 53.13
10.3833 53.3
10.4 53.47
10.4167 53.64
10.4333 53.81
10.45 53.98
10.4667 54.15
10.4833 54.31
10.5 54.48
10.5167 54.64
10.5333 54.8
10.55 54.97
10.5667 55.13
10.5833 55.29
10.6 55.44
10.6167 55.6
10.6333 55.76
10.65 55.91
10.6667 56.07
10.6833 56.22
10.7 56.37
10.7167 56.52
10.7333 56.67
10.75 56.82
10.7667 56.97
10.7833 57.11
10.8 57.26
10.8167 57.4
10.8333 57.54
10.85 57.69
10.8667 57.83
10.8833 57.97
10.9 58.1
10.9167 58.24
10.9333 58.38
10.95 58.51
10.9667 58.64
10.9833 58.78
11.0 58.91
11.0167 59.04
11.0333 59.17
11.05 59.29
11.0667 59.42
11.0833 59.54
11.1 59.67
11.1167 59.79
11.1333 59.91
11.15 60.03
11.1667 60.15
11.1833 60.27
11.2 60.39
11.2167 60.5
11.2333 60.62
11.25 60.73
11.2667 60.84
11.2833 60.95
11.3 61.06
11.3167 61.17
11.3333 61.28
11.35 61.38
11.3667 61.49
11.3833 61.59
11.4 61.69
11.4167 61.8
11.4333 61.89
11.45 61.99
11.4667 62.09
11.4833 62.19
11.5 62.28
11.5167 62.37
11.5333 62.47
11.55 62.56
11.5667 62.65
11.5833 62.73
11.6 62.82
11.6167 62.91
11.6333 62.99
11.65 63.07
11.6667 63.15
11.6833 63.24
11.7 63.31
11.7167 63.39
11.7333 63.47
11.75 63.54
11.7667 63.62
11.7833 63.69
11.8 63.76
11.8167 63.83
11.8333 63.9
11.85 63.97
11.8667 64.04
11.8833 64.1
11.9 64.16
11.9167 64.23
11.9333 64.29
11.95 64.35
11.9667 64.41
11.9833 64.46
12.0 64.52
12.0167 64.57
12.0333 64.63
12.05 64.68
12.0667 64.73
12.0833 64.78
12.1 64.82
12.1167 64.87
12.1333 64.92
12.15 64.96
12.1667 65.0
12.1833 65.04
12.2 65.08
12.2167 65.12
12.2333 65.16
12.25 65.2
12.2667 65.23
12.2833 65.26
12.3 65.29
12.3167 65.32
12.3333 65.35
12.35 65.38
12.3667 65.41
12.3833 65.43
12.4 65.46
12.4167 65.48
12.4333 65.5
12.45 65.52
12.4667 65.54
12.4833 65.56
12.5 65.57
12.5167 65.59
12.5333 65.6
12.55 65.61
12.5667 65.62
12.5833 65.63
12.6 65.64
12.6167 65.65
12.6333 65.65
12.65 65.65
12.6667 65.66
12.6833 65.66
12.7 65.66
12.7167 65.65
12.7333 65.65
12.75 65.65
12.7667 65.64
12.7833 65.63
12.8 65.63
12.8167 65.62
12.8333 65.61
12.85 65.59
12.8667 65.58
12.8833 65.56
12.9 65.55
12.9167 65.53
12.9333 65.51
12.95 65.49
12.9667 65.47
12.9833 65.44
13.0 65.42
13.0167 65.39
13.0333 65.37
13.05 65.34
13.0667 65.31
13.0833 65.28
13.1 65.24
13.1167 65.21
13.1333 65.18
13.15 65.14
13.1667 65.1
13.1833 65.06
13.2 65.02
13.2167 64.98
13.2333 64.94
13.25 64.89
13.2667 64.85
13.2833 64.8
13.3 64.75
13.3167 64.7
13.3333 64.65
13.35 64.6
13.3667 64.54
13.3833 64.49
13.4 64.43
13.4167 64.37
13.4333 64.31
13.45 64.25
13.4667 64.19
13.4833 64.13
13.5 64.06
13.5167 64.0
13.5333 63.93
13.55 63.86
13.5667 63.79
13.5833 63.72
13.6 63.65
13.6167 63.58
13.6333 63.5
13.65 63.43
13.6667 63.35
13.6833 63.27
13.7 63.19
13.7167 63.11
13.7333 63.03
13.75 62.94
13.7667 62.86
13.7833 62.77
13.8 62.68
13.8167 62.6
13.8333 62.51
13.85 62.41
13.8667 62.32
13.8833 62.23
13.9 62.13
13.9167 62.04
13.9333 61.94
13.95 61.84
13.9667 61.74
13.9833 61.64
14.0 61.54
14.0167 61.43
14.0333 61.33
14.05 61.22
14.0667 61.11
14.0833 61.0
14.1 60.89
14.1167 60.78
14.1333 60.67
14.15 60.56
14.1667 60.44
14.1833 60.32
14.2 60.21
14.2167 60.09
14.2333 59.97
14.25 59.85
14.2667 59.72
14.2833 59.6
14.3 59.48
14.3167 59.35
14.3333 59.22
14.35 59.1
14.3667 58.97
14.3833 58.83
14.4 58.7
14.4167 58.57
14.4333 58.44
14.45 58.3
14.4667 58.16
14.4833 58.03
14.5 57.89
14.5167 57.75
14.5333 57.61
14.55 57.46
14.5667 57.32
14.5833 57.18
14.6 57.03
14.6167 56.88
14.6333 56.74
14.65 56.59
14.6667 56.44
14.6833 56.29
14.7 56.13
14.7167 55.98
14.7333 55.83
14.75 55.67
14.7667 55.51
14.7833 55.35
14.8 55.2
14.8167 55.03
14.8333 54.88
14.85 54.71
14.8667 54.55
14.8833 54.39
14.9 54.22
14.9167 54.05
14.9333 53.89
14.95 53.72
14.9667 53.55
14.9833 53.38
15.0 53.21
15.0167 53.03
15.0333 52.86
15.05 52.68
15.0667 52.51
15.0833 52.33
15.1 52.15
15.1167 51.98
15.1333 51.8
15.15 51.61
15.1667 51.43
15.1833 51.25
15.2 51.07
15.2167 50.88
15.2333 50.7
15.25 50.51
15.2667 50.32
15.2833 50.13
15.3 49.94
15.3167 49.75
15.3333 49.56
15.35 49.37
15.3667 49.18
15.3833 48.98
15.4 48.79
15.4167 48.59
15.4333 48.4
15.45 48.2
15.4667 48.0
15.4833 47.8
15.5 47.6
15.5167 47.4
15.5333 47.2
15.55 46.99
15.5667 46.79
15.5833 46.59
15.6 46.38
15.6167 46.17
15.6333 45.97
15.65 45.76
15.6667 45.55
15.6833 45.34
15.7 45.13
15.7167 44.92
15.7333 44.71
15.75 44.49
15.7667 44.28
15.7833 44.07
15.8 43.85
15.8167 43.64
15.8333 43.42
15.85 43.2
15.8667 42.98
15.8833 42.76
15.9 42.55
15.9167 42.32
15.9333 42.1
15.95 41.88
15.9667 41.66
15.9833 41.44
16.0 41.21
16.0167 40.99
16.0333 40.76
16.05 40.54
16.0667 40.31
16.0833 40.09
16.1 39.86
16.1167 39.63
16.1333 39.4
16.15 39.17
16.1667 38.94
16.1833 38.71
16.2 38.48
16.2167 38.25
16.2333 38.01
16.25 37.78
16.2667 37.55
16.2833 37.31
16.3 37.08
16.3167 36.84
16.3333 36.61
16.35 36.37
16.3667 36.14
16.3833 35.9
16.4 35.66
16.4167 35.42
16.4333 35.19
16.45 34.95
16.4667 34.71
16.4833 34.47
16.5 34.23
16.5167 33.99
16.5333 33.74
16.55 33.5
16.5667 33.26
16.5833 33.02
16.6 32.78
16.6167 32.53
16.6333 32.29
16.65 32.05
16.6667 31.8
16.6833 31.56
16.7 31.31
16.7167 31.07
16.7333 30.82
16.75 30.58
16.7667 30.33
16.7833 30.09
16.8 29.84
16.8167 29.59
16.8333 29.35
16.85 29.1
16.8667 28.85
16.8833 28.61
16.9 28.36
16.9167 28.11
16.9333 27.86
16.95 27.62
16.9667 27.37
16.9833 27.12
17.0 26.87
17.0167 26.62
17.0333 26.37
17.05 26.13
17.0667 25.88
17.0833 25.63
17.1 25.38
17.1167 25.13
17.1333 24.88
17.15 24.64
17.1667 24.39
17.1833 24.14
17.2 23.89
17.2167 23.64
17.2333 23.39
17.25 23.15
17.2667 22.9
17.2833 22.65
17.3 22.4
17.3167 22.16
17.3333 21.91
17.35 21.66
17.3667 21.41
17.3833 21.17
17.4 20.92
17.4167 20.68
17.4333 20.43
17.45 20.19
17.4667 19.94
17.4833 19.7
17.5 19.45
17.5167 19.21
17.5333 18.96
17.55 18.72
17.5667 18.48
17.5833 18.24
17.6 17.99
17.6167 17.75
17.6333 17.51
17.65 17.27
17.6667 17.03
17.6833 16.79
17.7 16.56
17.7167 16.32
17.7333 16.08
17.75 15.85
17.7667 15.61
17.7833 15.37
17.8 15.14
17.8167 14.91
17.8333 14.67
17.85 14.44
17.8667 14.21
17.8833 13.98
17.9 13.75
17.9167 13.52
17.9333 13.3
17.95 13.07
17.9667 12.85
17.9833 12.62
18.0 12.4
18.0167 12.18
18.0333 11.96
18.05 11.74
18.0667 11.52
18.0833 11.3
18.1 11.08
18.1167 10.87
18.1333 10.65
18.15 10.44
18.1667 10.23
18.1833 10.02
18.2 9.812
18.2167 9.605
18.2333 9.4
18.25 9.196
18.2667 8.994
18.2833 8.793
18.3 8.594
18.3167 8.396
18.3333 8.2
18.35 8.006
18.3667 7.813
18.3833 7.623
18.4 7.434
18.4167 7.246
18.4333 7.061
18.45 6.878
18.4667 6.696
18.4833 6.517
18.5 6.339
18.5167 6.164
18.5333 5.99
18.55 5.819
18.5667 5.649
18.5833 5.482
18.6 5.317
18.6167 5.154
18.6333 4.993
18.65 4.834
18.6667 4.678
18.6833 4.524
18.7 4.372
18.7167 4.222
18.7333 4.075
18.75 3.93
18.7667 3.787
18.7833 3.646
18.8 3.508
18.8167 3.372
18.8333 3.238
18.85 3.107
18.8667 2.978
18.8833 2.851
18.9 2.727
18.9167 2.605
18.9333 2.485
18.95 2.367
18.9667 2.252
18.9833 2.139
19.0 2.028
19.0167 1.92
19.0333 1.814
19.05 1.71
19.0667 1.609
19.0833 1.51
19.1 1.414
19.1167 1.32
19.1333 1.229
19.15 1.141
19.1667 1.056
19.1833 0.9738
19.2 0.8949
19.2167 0.8195
19.2333 0.7479
19.25 0.6806
19.2667 0.6045
19.2833 0.5361
19.3 0.4782
19.3167 0.4292
19.3333 0.3782
19.35 0.3301
19.3667 0.2868
19.3833 0.2508
19.4 0.213
19.4167 0.1807
19.4333 0.1525
19.45 0.1278
19.4667 0.1065
19.4833 0.08843
19.5 0.07204
19.5167 0.05824
19.5333 0.04769
19.55 0.03763
19.5667 0.02985
19.5833 0.02397
19.6 0.01871
19.6167 0.01456
19.6333 0.01128
19.65 0.008688
19.6667 0.006521
19.6833 0.004887
19.7 0.00365
19.7167 0.002626
19.7333 0.001899
19.75 0.001314
19.7667 0.0008928
19.7833 0.000592
19.8 0.0003773
19.8167 0.0002219
19.8333 0.0001138
19.85 4.661e-05
19.8667 1.18e-05
19.8833 1.529e-06
19.9 8.328e-08
19.9167 1.502e-09
19.9333 5.56e-12
19.95 1.934e-28
19.9667 0.0
19.9833 0.0
20.0 0.0
20.0167 0.0
20.0333 0.0
20.05 0.0
20.0667 0.0
20.0833 0.0
20.1 0.0
20.1167 0.0
20.1333 0.0
20.15 0.0
20.1667 0.0
20.1833 0.0
20.2 0.0
20.2167 0.0
20.2333 0.0
20.25 0.0
20.2667 0.0
20.2833 0.0
20.3 0.0
20.3167 0.0
20.3333 0.0
20.35 0.0
20.3667 0.0
20.3833 0.0
20.4 0.0
20.4167 0.0
20.4333 0.0
20.45 0.0
20.4667 0.0
20.4833 0.0
20.5 0.0
20.5167 0.0
20.5333 0.0
20.55 0.0
20.5667 0.0
20.5833 0.0
20.6 0.0
20.6167 0.0
20.6333 0.0
20.65 0.0
20.6667 0.0
20.6833 0.0
20.7 0.0
20.7167 0.0
20.7333 0.0
20.75 0.0
20.7667 0.0
20.7833 0.0
20.8 0.0
20.8167 0.0
20.8333 0.0
20.85 0.0
20.8667 0.0
20.8833 0.0
20.9 0.0
20.9167 0.0
20.9333 0.0
20.95 0.0
20.9667 0.0
20.9833 0.0
21.0 0.0
21.0167 0.0
21.0333 0.0
21.05 0.0
21.0667 0.0
21.0833 0.0
21.1 0.0
21.1167 0.0
21.1333 0.0
21.15 0.0
21.1667 0.0
21.1833 0.0
21.2 0.0
21.2167 0.0
21.2333 0.0
21.25 0.0
21.2667 0.0
21.2833 0.0
21.3 0.0
21.3167 0.0
21.3333 0.0
21.35 0.0
21.3667 0.0
21.3833 0.0
21.4 0.0
21.4167 0.0
21.4333 0.0
21.45 0.0
21.4667 0.0
21.4833 0.0
21.5 0.0
21.5167 0.0
21.5333 0.0
21.55 0.0
21.5667 0.0
21.5833 0.0
21.6 0.0
21.6167 0.0
21.6333 0.0
21.65 0.0
21.6667 0.0
21.6833 0.0
21.7 0.0
21.7167 0.0
21.7333 0.0
21.75 0.0
21.7667 0.0
21.7833 0.0
21.8 0.0
21.8167 0.0
21.8333 0.0
21.85 0.0
21.8667 0.0
21.8833 0.0
21.9 0.0
21.9167 0.0
21.9333 0.0
21.95 0.0
21.9667 0.0
21.9833 0.0
22.0 0.0
22.0167 0.0
22.0333 0.0
22.05 0.0
22.0667 0.0
22.0833 0.0
22.1 0.0
22.1167 0.0
22.1333 0.0
22.15 0.0
22.1667 0.0
22.1833 0.0
22.2 0.0
22.2167 0.0
22.2333 0.0
22.25 0.0
22.2667 0.0
22.2833 0.0
22.3 0.0
22.3167 0.0
22.3333 0.0
22.35 0.0
22.3667 0.0
22.3833 0.0
22.4 0.0
22.4167 0.0
22.4333 0.0
22.45 0.0
22.4667 0.0
22.4833 0.0
22.5 0.0
22.5167 0.0
22.5333 0.0
22.55 0.0
22.5667 0.0
22.5833 0.0
22.6 0.0
22.6167 0.0
22.6333 0.0
22.65 0.0
22.6667 0.0
22.6833 0.0
22.7 0.0
22.7167 0.0
22.7333 0.0
22.75 0.0
22.7667 0.0
22.7833 0.0
22.8 0.0
22.8167 0.0
22.8333 0.0
22.85 0.0
22.8667 0.0
22.8833 0.0
22.9 0.0
22.9167 0.0
22.9333 0.0
22.95 0.0
22.9667 0.0
22.9833 0.0
23.0 0.0
23.0167 0.0
23.0333 0.0
23.05 0.0
23.0667 0.0
23.0833 0.0
23.1 0.0
23.1167 0.0
23.1333 0.0
23.15 0.0
23.1667 0.0
23.1833 0.0
23.2 0.0
23.2167 0.0
23.2333 0.0
23.25 0.0
23.2667 0.0
23.2833 0.0
23.3 0.0
23.3167 0.0
23.3333 0.0
23.35 0.0
23.3667 0.0
23.3833 0.0
23.4 0.0
23.4167 0.0
23.4333 0.0
23.45 0.0
23.4667 0.0
23.4833 0.0
23.5 0.0
23.5167 0.0
23.5333 0.0
23.55 0.0
23.5667 0.0
23.5833 0.0
23.6 0.0
23.6167 0.0
23.6333 0.0
23.65 0.0
23.6667 0.0
23.6833 0.0
23.7 0.0
23.7167 0.0
23.7333 0.0
23.75 0.0
23.7667 0.0
23.7833 0.0
23.8 0.0
23.8167 0.0
23.8333 0.0
23.85 0.0
23.8667 0.0
23.8833 0.0
23.9 0.0
23.9167 0.0
23.9333 0.0
23.95 0.0
23.9667 0.0
23.9833 0.0
