0.0 0.0
0.0167 0.0
0.0333 0.0
0.05 0.0
0.0667 0.0
0.0833 0.0
0.1 0.0
0.1167 0.0
0.1333 0.0
0.15 0.0
0.1667 0.0
0.1833 0.0
0.2 0.0
0.2167 0.0
0.2333 0.0
0.25 0.0
0.2667 0.0
0.2833 0.0
0.3 0.0
0.3167 0.0
0.3333 0.0
0.35 0.0
0.3667 0.0
0.3833 0.0
0.4 0.0
0.4167 0.0
0.4333 0.0
0.45 0.0
0.4667 0.0
0.4833 0.0
0.5 0.0
0.5167 0.0
0.5333 0.0
0.55 0.0
0.5667 0.0
0.5833 0.0
0.6 0.0
0.6167 0.0
0.6333 0.0
0.65 0.0
0.6667 0.0
0.6833 0.0
0.7 0.0
0.7167 0.0
0.7333 0.0
0.75 0.0
0.7667 0.0
0.7833 0.0
0.8 0.0
0.8167 0.0
0.8333 0.0
0.85 0.0
0.8667 0.0
0.8833 0.0
0.9 0.0
0.9167 0.0
0.9333 0.0
0.95 0.0
0.9667 0.0
0.9833 0.0
1.0 0.0
1.0167 0.0
1.0333 0.0
1.05 0.0
1.0667 0.0
1.0833 0.0
1.1 0.0
1.1167 0.0
1.1333 0.0
1.15 0.0
1.1667 0.0
1.1833 0.0
1.2 0.0
1.2167 0.0
1.2333 0.0
1.25 0.0
1.2667 0.0
1.2833 0.0
1.3 0.0
1.3167 0.0
1.3333 0.0
1.35 0.0
1.3667 0.0
1.3833 0.0
1.4 0.0
1.4167 0.0
1.4333 0.0
1.45 0.0
1.4667 0.0
1.4833 0.0
1.5 0.0
1.5167 0.0
1.5333 0.0
1.55 0.0
1.5667 0.0
1.5833 0.0
1.6 0.0
1.6167 0.0
1.6333 0.0
1.65 0.0
1.6667 0.0
1.6833 0.0
1.7 0.0
1.7167 0.0
1.7333 0.0
1.75 0.0
1.7667 0.0
1.7833 0.0
1.8 0.0
1.8167 0.0
1.8333 0.0
1.85 0.0
1.8667 0.0
1.8833 0.0
1.9 0.0
1.9167 0.0
1.9333 0.0
1.95 0.0
1.9667 0.0
1.9833 0.0
2.0 0.0
2.0167 0.0
2.0333 0.0
2.05 0.0
2.0667 0.0
2.0833 0.0
2.1 0.0
2.1167 0.0
2.1333 0.0
2.15 0.0
2.1667 0.0
2.1833 0.0
2.2 0.0
2.2167 0.0
2.2333 0.0
2.25 0.0
2.2667 0.0
2.2833 0.0
2.3 0.0
2.3167 0.0
2.3333 0.0
2.35 0.0
2.3667 0.0
2.3833 0.0
2.4 0.0
2.4167 0.0
2.4333 0.0
2.45 0.0
2.4667 0.0
2.4833 0.0
2.5 0.0
2.5167 0.0
2.5333 0.0
2.55 0.0
2.5667 0.0
2.5833 0.0
2.6 0.0
2.6167 0.0
2.6333 0.0
2.65 0.0
2.6667 0.0
2.6833 0.0
2.7 0.0
2.7167 0.0
2.7333 0.0
2.75 0.0
2.7667 0.0
2.7833 0.0
2.8 0.0
2.8167 0.0
2.8333 0.0
2.85 0.0
2.8667 0.0
2.8833 0.0
2.9 0.0
2.9167 0.0
2.9333 0.0
2.95 0.0
2.9667 0.0
2.9833 0.0
3.0 0.0
3.0167 0.0
3.0333 0.0
3.05 0.0
3.0667 0.0
3.0833 0.0
3.1 0.0
3.1167 0.0
3.1333 0.0
3.15 0.0
3.1667 0.0
3.1833 0.0
3.2 0.0
3.2167 0.0
3.2333 0.0
3.25 0.0
3.2667 0.0
3.2833 0.0
3.3 0.0
3.3167 0.0
3.3333 0.0
3.35 0.0
3.3667 0.0
3.3833 0.0
3.4 0.0
3.4167 0.0
3.4333 0.0
3.45 0.0
3.4667 0.0
3.4833 0.0
3.5 0.0
3.5167 0.0
3.5333 0.0
3.55 0.0
3.5667 0.0
3.5833 0.0
3.6 0.0
3.6167 0.0
3.6333 0.0
3.65 0.0
3.6667 0.0
3.6833 0.0
3.7 0.0
3.7167 0.0
3.7333 0.0
3.75 0.0
3.7667 0.0
3.7833 0.0
3.8 0.0
3.8167 0.0
3.8333 0.0
3.85 0.0
3.8667 0.0
3.8833 0.0
3.9 0.0
3.9167 0.0
3.9333 0.0
3.95 0.0
3.9667 0.0
3.9833 0.0
4.0 0.0
4.0167 0.0
4.0333 0.0
4.05 0.0
4.0667 0.0
4.0833 0.0
4.1 0.0
4.1167 0.0
4.1333 0.0
4.15 0.0
4.1667 0.0
4.1833 0.0
4.2 0.0
4.2167 0.0
4.2333 0.0
4.25 0.0
4.2667 0.0
4.2833 0.0
4.3 0.0
4.3167 0.0
4.3333 0.0
4.35 0.0
4.3667 0.0
4.3833 0.0
4.4 0.0
4.4167 0.0
4.4333 0.0
4.45 0.0
4.4667 0.0
4.4833 0.0
4.5 0.0
4.5167 0.0
4.5333 0.0
4.55 0.0
4.5667 0.0
4.5833 0.0
4.6 0.0
4.6167 0.0
4.6333 0.0
4.65 0.0
4.6667 0.0
4.6833 0.0
4.7 0.0
4.7167 0.0
4.7333 0.0
4.75 0.0
4.7667 0.0
4.7833 0.0
4.8 0.0
4.8167 0.0
4.8333 0.0
4.85 0.0
4.8667 0.0
4.8833 0.0
4.9 0.0
4.9167 0.0
4.9333 0.0
4.95 0.0
4.9667 0.0
4.9833 0.0
5.0 0.0
5.0167 0.0
5.0333 0.0
5.05 0.0
5.0667 0.0
5.0833 0.0
5.1 0.0
5.1167 0.0
5.1333 0.0
5.15 0.0
5.1667 0.0
5.1833 0.0
5.2 0.0
5.2167 0.0
5.2333 0.0
5.25 0.0
5.2667 0.0
5.2833 0.0
5.3 0.0
5.3167 0.0
5.3333 0.0
5.35 1.453e-13
5.3667 1.229e-10
5.3833 1.385e-08
5.4 4.106e-07
5.4167 4.329e-06
5.4333 2.651e-05
5.45 7.594e-05
5.4667 0.0001601
5.4833 0.0002866
5.5 0.0004673
5.5167 0.0007235
5.5333 0.001072
5.55 0.001537
5.5667 0.002192
5.5833 0.003013
5.6 0.004146
5.6167 0.005511
5.6333 0.007284
5.65 0.00958
5.6667 0.01254
5.6833 0.0161
5.7 0.02035
5.7167 0.02575
5.7333 0.0326
5.75 0.04136
5.7667 0.05063
5.7833 0.06369
5.8 0.0771
5.8167 0.0934
5.8333 0.113
5.85 0.1361
5.8667 0.1619
5.8833 0.1901
5.9 0.2221
5.9167 0.2597
5.9333 0.3051
5.95 0.3415
5.9667 0.3985
5.9833 0.4415
6.0 0.4925
6.0167 0.5527
6.0333 0.6235
6.05 0.6966
6.0667 0.7646
6.0833 0.8367
6.1 0.9126
6.1167 0.9918
6.1333 1.074
6.15 1.159
6.1667 1.248
6.1833 1.339
6.2 1.432
6.2167 1.528
6.2333 1.627
6.25 1.728
6.2667 1.832
6.2833 1.937
6.3 2.046
6.3167 2.156
6.3333 2.269
6.35 2.384
6.3667 2.501
6.3833 2.621
6.4 2.743
6.4167 2.867
6.4333 2.993
6.45 3.122
6.4667 3.253
6.4833 3.386
6.5 3.521
6.5167 3.659
6.5333 3.799
6.55 3.942
6.5667 4.086
6.5833 4.233
6.6 4.382
6.6167 4.533
6.6333 4.687
6.65 4.843
6.6667 5.001
6.6833 5.161
6.7 5.323
6.7167 5.488
6.7333 5.654
6.75 5.823
6.7667 5.994
6.7833 6.167
6.8 6.341
6.8167 6.518
6.8333 6.697
6.85 6.878
6.8667 7.06
6.8833 7.245
6.9 7.431
6.9167 7.619
6.9333 7.809
6.95 8.0
6.9667 8.194
6.9833 8.389
7.0 8.585
7.0167 8.784
7.0333 8.984
7.05 9.185
7.0667 9.388
7.0833 9.592
7.1 9.798
7.1167 10.01
7.1333 10.21
7.15 10.42
7.1667 10.64
7.1833 10.85
7.2 11.06
7.2167 11.28
7.2333 11.5
7.25 11.71
7.2667 11.93
7.2833 12.15
7.3 12.37
7.3167 12.6
7.3333 12.82
7.35 13.04
7.3667 13.27
7.3833 13.49
7.4 13.72
7.4167 13.95
7.4333 14.18
7.45 14.41
7.4667 14.64
7.4833 14.87
7.5 15.1
7.5167 15.34
7.5333 15.57
7.55 15.81
7.5667 16.04
7.5833 16.28
7.6 16.51
7.6167 16.75
7.6333 16.99
7.65 17.23
7.6667 17.47
7.6833 17.71
7.7 17.95
7.7167 18.19
7.7333 18.43
7.75 18.67
7.7667 18.91
7.7833 19.15
7.8 19.4
7.8167 19.64
7.8333 19.88
7.85 20.13
7.8667 20.37
7.8833 20.62
7.9 20.86
7.9167 21.11
7.9333 21.35
7.95 21.6
7.9667 21.84
7.9833 22.09
8.0 22.34
8.0167 22.58
8.0333 22.83
8.05 23.08
8.0667 23.33
8.0833 23.57
8.1 23.82
8.1167 24.07
8.1333 24.31
8.15 24.56
8.1667 24.81
8.1833 25.06
8.2 25.31
8.2167 25.55
8.2333 25.8
8.25 26.05
8.2667 26.3
8.2833 26.54
8.3 26.79
8.3167 27.04
8.3333 27.29
8.35 27.53
8.3667 27.78
8.3833 28.03
8.4 28.27
8.4167 28.52
8.4333 28.77
8.45 29.01
8.4667 29.26
8.4833 29.51
8.5 29.75
8.5167 30.0
8.5333 30.24
8.55 30.49
8.5667 30.73
8.5833 30.98
8.6 31.22
8.6167 31.47
8.6333 31.71
8.65 31.95
8.6667 32.2
8.6833 32.44
8.7 32.68
8.7167 32.92
8.7333 33.17
8.75 33.41
8.7667 33.65
8.7833 33.89
8.8 34.13
8.8167 34.37
8.8333 34.61
8.85 34.85
8.8667 35.09
8.8833 35.32
8.9 35.56
8.9167 35.8
8.9333 36.03
8.95 36.27
8.9667 36.51
8.9833 36.74
9.0 36.98
9.0167 37.21
9.0333 37.44
9.05 37.68
9.0667 37.91
9.0833 38.14
9.1 38.37
9.1167 38.6
9.1333 38.83
9.15 39.06
9.1667 39.29
9.1833 39.52
9.2 39.75
9.2167 39.98
9.2333 40.2
9.25 40.43
9.2667 40.66
9.2833 40.88
9.3 41.1
9.3167 41.33
9.3333 41.55
9.35 41.77
9.3667 41.99
9.3833 42.21
9.4 42.43
9.4167 42.65
9.4333 42.87
9.45 43.09
9.4667 43.31
9.4833 43.52
9.5 43.74
9.5167 43.95
9.5333 44.17
9.55 44.38
9.5667 44.59
9.5833 44.81
9.6 45.02
9.6167 45.23
9.6333 45.44
9.65 45.65
9.6667 45.85
9.6833 46.06
9.7 46.27
9.7167 46.47
9.7333 46.68
9.75 46.88
9.7667 47.08
9.7833 47.29
9.8 47.49
9.8167 47.69
9.8333 47.89
9.85 48.09
9.8667 48.28
9.8833 48.48
9.9 48.68
9.9167 48.87
9.9333 49.07
9.95 49.26
9.9667 49.45
9.9833 49.64
10.0 49.83
10.0167 50.02
10.0333 50.21
10.05 50.4
10.0667 50.59
10.0833 50.77
10.1 50.96
10.1167 51.14
10.1333 51.32
10.15 51.5
10.1667 51.69
10.1833 51.86
10.2 52.04
10.2167 52.22
10.2333 52.4
10.25 52.58
10.2667 52.75
10.2833 52.92
10.3 53.1
10.3167 53.27
10.3333 53.44
10.35 53.61
10.3667 53.78
10.3833 53.95
10.4 54.11
10.4167 54.28
10.4333 54.44
10.45 54.61
10.4667 54.77
10.4833 54.93
10.5 55.09
10.5167 55.25
10.5333 55.41
10.55 55.57
10.5667 55.72
10.5833 55.88
10.6 56.03
10.6167 56.18
10.6333 56.34
10.65 56.49
10.6667 56.64
10.6833 56.78
10.7 56.93
10.7167 57.08
10.7333 57.22
10.75 57.37
10.7667 57.51
10.7833 57.65
10.8 57.79
10.8167 57.93
10.8333 58.07
10.85 58.21
10.8667 58.34
10.8833 58.48
10.9 58.61
10.9167 58.74
10.9333 58.87
10.95 59.0
10.9667 59.13
10.9833 59.26
11.0 59.39
11.0167 59.51
11.0333 59.64
11.05 59.76
11.0667 59.88
11.0833 60.0
11.1 60.12
11.1167 60.24
11.1333 60.36
11.15 60.47
11.1667 60.58
11.1833 60.7
11.2 60.81
11.2167 60.92
11.2333 61.03
11.25 61.14
11.2667 61.25
11.2833 61.35
11.3 61.46
11.3167 61.56
11.3333 61.66
11.35 61.76
11.3667 61.86
11.3833 61.96
11.4 62.06
11.4167 62.16
11.4333 62.25
11.45 62.34
11.4667 62.44
11.4833 62.53
11.5 62.62
11.5167 62.7
11.5333 62.79
11.55 62.88
11.5667 62.96
11.5833 63.05
11.6 63.13
11.6167 63.21
11.6333 63.29
11.65 63.37
11.6667 63.44
11.6833 63.52
11.7 63.59
11.7167 63.67
11.7333 63.74
11.75 63.81
11.7667 63.88
11.7833 63.95
11.8 64.01
11.8167 64.08
11.8333 64.14
11.85 64.2
11.8667 64.27
11.8833 64.33
11.9 64.38
11.9167 64.44
11.9333 64.5
11.95 64.55
11.9667 64.61
11.9833 64.66
12.0 64.71
12.0167 64.76
12.0333 64.81
12.05 64.85
12.0667 64.9
12.0833 64.94
12.1 64.99
12.1167 65.03
12.1333 65.07
12.15 65.11
12.1667 65.15
12.1833 65.18
12.2 65.22
12.2167 65.25
12.2333 65.28
12.25 65.31
12.2667 65.34
12.2833 65.37
12.3 65.4
12.3167 65.42
12.3333 65.45
12.35 65.47
12.3667 65.49
12.3833 65.51
12.4 65.53
12.4167 65.55
12.4333 65.57
12.45 65.58
12.4667 65.6
12.4833 65.61
12.5 65.62
12.5167 65.63
12.5333 65.64
12.55 65.64
12.5667 65.65
12.5833 65.65
12.6 65.66
12.6167 65.66
12.6333 65.66
12.65 65.66
12.6667 65.66
12.6833 65.65
12.7 65.65
12.7167 65.64
12.7333 65.63
12.75 65.62
12.7667 65.61
12.7833 65.6
12.8 65.59
12.8167 65.57
12.8333 65.56
12.85 65.54
12.8667 65.52
12.8833 65.5
12.9 65.48
12.9167 65.46
12.9333 65.43
12.95 65.41
12.9667 65.38
12.9833 65.35
13.0 65.33
13.0167 65.3
13.0333 65.26
13.05 65.23
13.0667 65.2
13.0833 65.16
13.1 65.12
13.1167 65.09
13.1333 65.05
13.15 65.0
13.1667 64.96
13.1833 64.92
13.2 64.87
13.2167 64.82
13.2333 64.78
13.25 64.73
13.2667 64.68
13.2833 64.63
13.3 64.57
13.3167 64.52
13.3333 64.47
13.35 64.41
13.3667 64.35
13.3833 64.29
13.4 64.23
13.4167 64.17
13.4333 64.1
13.45 64.04
13.4667 63.97
13.4833 63.91
13.5 63.84
13.5167 63.77
13.5333 63.7
13.55 63.62
13.5667 63.55
13.5833 63.47
13.6 63.4
13.6167 63.32
13.6333 63.24
13.65 63.16
13.6667 63.08
13.6833 63.0
13.7 62.91
13.7167 62.83
13.7333 62.74
13.75 62.65
13.7667 62.56
13.7833 62.47
13.8 62.38
13.8167 62.29
13.8333 62.19
13.85 62.1
13.8667 62.0
13.8833 61.9
13.9 61.81
13.9167 61.7
13.9333 61.6
13.95 61.5
13.9667 61.4
13.9833 61.29
14.0 61.18
14.0167 61.08
14.0333 60.97
14.05 60.86
14.0667 60.75
14.0833 60.63
14.1 60.52
14.1167 60.4
14.1333 60.29
14.15 60.17
14.1667 60.05
14.1833 59.93
14.2 59.81
14.2167 59.69
14.2333 59.56
14.25 59.44
14.2667 59.31
14.2833 59.18
14.3 59.06
14.3167 58.93
14.3333 58.8
14.35 58.66
14.3667 58.53
14.3833 58.4
14.4 58.26
14.4167 58.13
14.4333 57.99
14.45 57.85
14.4667 57.71
14.4833 57.57
14.5 57.43
14.5167 57.28
14.5333 57.14
14.55 56.99
14.5667 56.85
14.5833 56.7
14.6 56.55
14.6167 56.4
14.6333 56.25
14.65 56.09
14.6667 55.94
14.6833 55.79
14.7 55.63
14.7167 55.47
14.7333 55.32
14.75 55.16
14.7667 55.0
14.7833 54.84
14.8 54.67
14.8167 54.51
14.8333 54.35
14.85 54.18
14.8667 54.02
14.8833 53.85
14.9 53.68
14.9167 53.51
14.9333 53.34
14.95 53.17
14.9667 53.0
14.9833 52.82
15.0 52.65
15.0167 52.47
15.0333 52.3
15.05 52.12
15.0667 51.94
15.0833 51.76
15.1 51.58
15.1167 51.4
15.1333 51.22
15.15 51.03
15.1667 50.85
15.1833 50.66
15.2 50.48
15.2167 50.29
15.2333 50.1
15.25 49.91
15.2667 49.72
15.2833 49.53
15.3 49.34
15.3167 49.15
15.3333 48.95
15.35 48.76
15.3667 48.56
15.3833 48.37
15.4 48.17
15.4167 47.97
15.4333 47.77
15.45 47.57
15.4667 47.37
15.4833 47.17
15.5 46.97
15.5167 46.76
15.5333 46.56
15.55 46.35
15.5667 46.15
15.5833 45.94
15.6 45.73
15.6167 45.52
15.6333 45.32
15.65 45.11
15.6667 44.89
15.6833 44.68
15.7 44.47
15.7167 44.26
15.7333 44.04
15.75 43.83
15.7667 43.61
15.7833 43.4
15.8 43.18
15.8167 42.96
15.8333 42.75
15.85 42.53
15.8667 42.31
15.8833 42.09
15.9 41.87
15.9167 41.64
15.9333 41.42
15.95 41.2
15.9667 40.97
15.9833 40.75
16.0 40.52
16.0167 40.3
16.0333 40.07
16.05 39.85
16.0667 39.62
16.0833 39.39
16.1 39.16
16.1167 38.93
16.1333 38.7
16.15 38.47
16.1667 38.24
16.1833 38.01
16.2 37.78
16.2167 37.54
16.2333 37.31
16.25 37.08
16.2667 36.84
16.2833 36.61
16.3 36.37
16.3167 36.13
16.3333 35.9
16.35 35.66
16.3667 35.42
16.3833 35.19
16.4 34.95
16.4167 34.71
16.4333 34.47
16.45 34.23
16.4667 33.99
16.4833 33.75
16.5 33.51
16.5167 33.27
16.5333 33.03
16.55 32.78
16.5667 32.54
16.5833 32.3
16.6 32.06
16.6167 31.81
16.6333 31.57
16.65 31.33
16.6667 31.08
16.6833 30.84
16.7 30.59
16.7167 30.35
16.7333 30.1
16.75 29.86
16.7667 29.61
16.7833 29.36
16.8 29.12
16.8167 28.87
16.8333 28.63
16.85 28.38
16.8667 28.13
16.8833 27.89
16.9 27.64
16.9167 27.39
16.9333 27.14
16.95 26.9
16.9667 26.65
16.9833 26.4
17.0 26.15
17.0167 25.91
17.0333 25.66
17.05 25.41
17.0667 25.16
17.0833 24.92
17.1 24.67
17.1167 24.42
17.1333 24.17
17.15 23.93
17.1667 23.68
17.1833 23.43
17.2 23.18
17.2167 22.94
17.2333 22.69
17.25 22.44
17.2667 22.2
17.2833 21.95
17.3 21.7
17.3167 21.46
17.3333 21.21
17.35 20.97
17.3667 20.72
17.3833 20.48
17.4 20.23
17.4167 19.99
17.4333 19.74
17.45 19.5
17.4667 19.26
17.4833 19.02
17.5 18.77
17.5167 18.53
17.5333 18.29
17.55 18.05
17.5667 17.81
17.5833 17.57
17.6 17.33
17.6167 17.09
17.6333 16.85
17.65 16.62
17.6667 16.38
17.6833 16.14
17.7 15.91
17.7167 15.67
17.7333 15.44
17.75 15.2
17.7667 14.97
17.7833 14.74
17.8 14.51
17.8167 14.28
17.8333 14.05
17.85 13.82
17.8667 13.59
17.8833 13.37
17.9 13.14
17.9167 12.92
17.9333 12.69
17.95 12.47
17.9667 12.25
17.9833 12.03
18.0 11.81
18.0167 11.59
18.0333 11.37
18.05 11.16
18.0667 10.94
18.0833 10.73
18.1 10.52
18.1167 10.31
18.1333 10.1
18.15 9.888
18.1667 9.682
18.1833 9.477
18.2 9.273
18.2167 9.071
18.2333 8.87
18.25 8.672
18.2667 8.474
18.2833 8.278
18.3 8.084
18.3167 7.892
18.3333 7.701
18.35 7.513
18.3667 7.326
18.3833 7.14
18.4 6.957
18.4167 6.775
18.4333 6.596
18.45 6.418
18.4667 6.243
18.4833 6.069
18.5 5.897
18.5167 5.728
18.5333 5.56
18.55 5.395
18.5667 5.232
18.5833 5.071
18.6 4.912
18.6167 4.755
18.6333 4.6
18.65 4.448
18.6667 4.298
18.6833 4.15
18.7 4.005
18.7167 3.861
18.7333 3.72
18.75 3.582
18.7667 3.445
18.7833 3.311
18.8 3.179
18.8167 3.049
18.8333 2.922
18.85 2.797
18.8667 2.674
18.8833 2.554
18.9 2.435
18.9167 2.319
18.9333 2.206
18.95 2.094
18.9667 1.985
18.9833 1.878
19.0 1.774
19.0167 1.671
19.0333 1.572
19.05 1.474
19.0667 1.38
19.0833 1.288
19.1 1.198
19.1167 1.112
19.1333 1.028
19.15 0.9472
19.1667 0.8699
19.1833 0.7962
19.2 0.7263
19.2167 0.6588
19.2333 0.5827
19.25 0.518
19.2667 0.4632
19.2833 0.4167
19.3 0.362
19.3167 0.3201
19.3333 0.2753
19.35 0.2436
19.3667 0.2064
19.3833 0.1746
19.4 0.1471
19.4167 0.1233
19.4333 0.103
19.45 0.08464
19.4667 0.06858
19.4833 0.05622
19.5 0.04487
19.5167 0.03638
19.5333 0.02866
19.55 0.0226
19.5667 0.01778
19.5833 0.01389
19.6 0.01074
19.6167 0.008226
19.6333 0.006256
19.65 0.004729
19.6667 0.003475
19.6833 0.002534
19.7 0.001802
19.7167 0.001273
19.7333 0.0008605
19.75 0.0005668
19.7667 0.0003577
19.7833 0.0002096
19.8 0.0001075
19.8167 4.379e-05
19.8333 1.092e-05
19.85 1.307e-06
19.8667 7.304e-08
19.8833 1.328e-09
19.9 4.765e-12
19.9167 1.293e-28
19.9333 0.0
19.95 0.0
19.9667 0.0
19.9833 0.0
20.0 0.0
20.0167 0.0
20.0333 0.0
20.05 0.0
20.0667 0.0
20.0833 0.0
20.1 0.0
20.1167 0.0
20.1333 0.0
20.15 0.0
20.1667 0.0
20.1833 0.0
20.2 0.0
20.2167 0.0
20.2333 0.0
20.25 0.0
20.2667 0.0
20.2833 0.0
20.3 0.0
20.3167 0.0
20.3333 0.0
20.35 0.0
20.3667 0.0
20.3833 0.0
20.4 0.0
20.4167 0.0
20.4333 0.0
20.45 0.0
20.4667 0.0
20.4833 0.0
20.5 0.0
20.5167 0.0
20.5333 0.0
20.55 0.0
20.5667 0.0
20.5833 0.0
20.6 0.0
20.6167 0.0
20.6333 0.0
20.65 0.0
20.6667 0.0
20.6833 0.0
20.7 0.0
20.7167 0.0
20.7333 0.0
20.75 0.0
20.7667 0.0
20.7833 0.0
20.8 0.0
20.8167 0.0
20.8333 0.0
20.85 0.0
20.8667 0.0
20.8833 0.0
20.9 0.0
20.9167 0.0
20.9333 0.0
20.95 0.0
20.9667 0.0
20.9833 0.0
21.0 0.0
21.0167 0.0
21.0333 0.0
21.05 0.0
21.0667 0.0
21.0833 0.0
21.1 0.0
21.1167 0.0
21.1333 0.0
21.15 0.0
21.1667 0.0
21.1833 0.0
21.2 0.0
21.2167 0.0
21.2333 0.0
21.25 0.0
21.2667 0.0
21.2833 0.0
21.3 0.0
21.3167 0.0
21.3333 0.0
21.35 0.0
21.3667 0.0
21.3833 0.0
21.4 0.0
21.4167 0.0
21.4333 0.0
21.45 0.0
21.4667 0.0
21.4833 0.0
21.5 0.0
21.5167 0.0
21.5333 0.0
21.55 0.0
21.5667 0.0
21.5833 0.0
21.6 0.0
21.6167 0.0
21.6333 0.0
21.65 0.0
21.6667 0.0
21.6833 0.0
21.7 0.0
21.7167 0.0
21.7333 0.0
21.75 0.0
21.7667 0.0
21.7833 0.0
21.8 0.0
21.8167 0.0
21.8333 0.0
21.85 0.0
21.8667 0.0
21.8833 0.0
21.9 0.0
21.9167 0.0
21.9333 0.0
21.95 0.0
21.9667 0.0
21.9833 0.0
22.0 0.0
22.0167 0.0
22.0333 0.0
22.05 0.0
22.0667 0.0
22.0833 0.0
22.1 0.0
22.1167 0.0
22.1333 0.0
22.15 0.0
22.1667 0.0
22.1833 0.0
22.2 0.0
22.2167 0.0
22.2333 0.0
22.25 0.0
22.2667 0.0
22.2833 0.0
22.3 0.0
22.3167 0.0
22.3333 0.0
22.35 0.0
22.3667 0.0
22.3833 0.0
22.4 0.0
22.4167 0.0
22.4333 0.0
22.45 0.0
22.4667 0.0
22.4833 0.0
22.5 0.0
22.5167 0.0
22.5333 0.0
22.55 0.0
22.5667 0.0
22.5833 0.0
22.6 0.0
22.6167 0.0
22.6333 0.0
22.65 0.0
22.6667 0.0
22.6833 0.0
22.7 0.0
22.7167 0.0
22.7333 0.0
22.75 0.0
22.7667 0.0
22.7833 0.0
22.8 0.0
22.8167 0.0
22.8333 0.0
22.85 0.0
22.8667 0.0
22.8833 0.0
22.9 0.0
22.9167 0.0
22.9333 0.0
22.95 0.0
22.9667 0.0
22.9833 0.0
23.0 0.0
23.0167 0.0
23.0333 0.0
23.05 0.0
23.0667 0.0
23.0833 0.0
23.1 0.0
23.1167 0.0
23.1333 0.0
23.15 0.0
23.1667 0.0
23.1833 0.0
23.2 0.0
23.2167 0.0
23.2333 0.0
23.25 0.0
23.2667 0.0
23.2833 0.0
23.3 0.0
23.3167 0.0
23.3333 0.0
23.35 0.0
23.3667 0.0
23.3833 0.0
23.4 0.0
23.4167 0.0
23.4333 0.0
23.45 0.0
23.4667 0.0
23.4833 0.0
23.5 0.0
23.5167 0.0
23.5333 0.0
23.55 0.0
23.5667 0.0
23.5833 0.0
23.6 0.0
23.6167 0.0
23.6333 0.0
23.65 0.0
23.6667 0.0
23.6833 0.0
23.7 0.0
23.7167 0.0
23.7333 0.0
23.75 0.0
23.7667 0.0
23.7833 0.0
23.8 0.0
23.8167 0.0
23.8333 0.0
23.85 0.0
23.8667 0.0
23.8833 0.0
23.9 0.0
23.9167 0.0
23.9333 0.0
23.95 0.0
23.9667 0.0
23.9833 0.0
