0.0 0.0
0.0167 0.0
0.0333 0.0
0.05 0.0
0.0667 0.0
0.0833 0.0
0.1 0.0
0.1167 0.0
0.1333 0.0
0.15 0.0
0.1667 0.0
0.1833 0.0
0.2 0.0
0.2167 0.0
0.2333 0.0
0.25 0.0
0.2667 0.0
0.2833 0.0
0.3 0.0
0.3167 0.0
0.3333 0.0
0.35 0.0
0.3667 0.0
0.3833 0.0
0.4 0.0
0.4167 0.0
0.4333 0.0
0.45 0.0
0.4667 0.0
0.4833 0.0
0.5 0.0
0.5167 0.0
0.5333 0.0
0.55 0.0
0.5667 0.0
0.5833 0.0
0.6 0.0
0.6167 0.0
0.6333 0.0
0.65 0.0
0.6667 0.0
0.6833 0.0
0.7 0.0
0.7167 0.0
0.7333 0.0
0.75 0.0
0.7667 0.0
0.7833 0.0
0.8 0.0
0.8167 0.0
0.8333 0.0
0.85 0.0
0.8667 0.0
0.8833 0.0
0.9 0.0
0.9167 0.0
0.9333 0.0
0.95 0.0
0.9667 0.0
0.9833 0.0
1.0 0.0
1.0167 0.0
1.0333 0.0
1.05 0.0
1.0667 0.0
1.0833 0.0
1.1 0.0
1.1167 0.0
1.1333 0.0
1.15 0.0
1.1667 0.0
1.1833 0.0
1.2 0.0
1.2167 0.0
1.2333 0.0
1.25 0.0
1.2667 0.0
1.2833 0.0
1.3 0.0
1.3167 0.0
1.3333 0.0
1.35 0.0
1.3667 0.0
1.3833 0.0
1.4 0.0
1.4167 0.0
1.4333 0.0
1.45 0.0
1.4667 0.0
1.4833 0.0
1.5 0.0
1.5167 0.0
1.5333 0.0
1.55 0.0
1.5667 0.0
1.5833 0.0
1.6 0.0
1.6167 0.0
1.6333 0.0
1.65 0.0
1.6667 0.0
1.6833 0.0
1.7 0.0
1.7167 0.0
1.7333 0.0
1.75 0.0
1.7667 0.0
1.7833 0.0
1.8 0.0
1.8167 0.0
1.8333 0.0
1.85 0.0
1.8667 0.0
1.8833 0.0
1.9 0.0
1.9167 0.0
1.9333 0.0
1.95 0.0
1.9667 0.0
1.9833 0.0
2.0 0.0
2.0167 0.0
2.0333 0.0
2.05 0.0
2.0667 0.0
2.0833 0.0
2.1 0.0
2.1167 0.0
2.1333 0.0
2.15 0.0
2.1667 0.0
2.1833 0.0
2.2 0.0
2.2167 0.0
2.2333 0.0
2.25 0.0
2.2667 0.0
2.2833 0.0
2.3 0.0
2.3167 0.0
2.3333 0.0
2.35 0.0
2.3667 0.0
2.3833 0.0
2.4 0.0
2.4167 0.0
2.4333 0.0
2.45 0.0
2.4667 0.0
2.4833 0.0
2.5 0.0
2.5167 0.0
2.5333 0.0
2.55 0.0
2.5667 0.0
2.5833 0.0
2.6 0.0
2.6167 0.0
2.6333 0.0
2.65 0.0
2.6667 0.0
2.6833 0.0
2.7 0.0
2.7167 0.0
2.7333 0.0
2.75 0.0
2.7667 0.0
2.7833 0.0
2.8 0.0
2.8167 0.0
2.8333 0.0
2.85 0.0
2.8667 0.0
2.8833 0.0
2.9 0.0
2.9167 0.0
2.9333 0.0
2.95 0.0
2.9667 0.0
2.9833 0.0
3.0 0.0
3.0167 0.0
3.0333 0.0
3.05 0.0
3.0667 0.0
3.0833 0.0
3.1 0.0
3.1167 0.0
3.1333 0.0
3.15 0.0
3.1667 0.0
3.1833 0.0
3.2 0.0
3.2167 0.0
3.2333 0.0
3.25 0.0
3.2667 0.0
3.2833 0.0
3.3 0.0
3.3167 0.0
3.3333 0.0
3.35 0.0
3.3667 0.0
3.3833 0.0
3.4 0.0
3.4167 0.0
3.4333 0.0
3.45 0.0
3.4667 0.0
3.4833 0.0
3.5 0.0
3.5167 0.0
3.5333 0.0
3.55 0.0
3.5667 0.0
3.5833 0.0
3.6 0.0
3.6167 0.0
3.6333 0.0
3.65 0.0
3.6667 0.0
3.6833 0.0
3.7 0.0
3.7167 0.0
3.7333 0.0
3.75 0.0
3.7667 0.0
3.7833 0.0
3.8 0.0
3.8167 0.0
3.8333 0.0
3.85 0.0
3.8667 0.0
3.8833 0.0
3.9 0.0
3.9167 0.0
3.9333 0.0
3.95 0.0
3.9667 0.0
3.9833 0.0
4.0 0.0
4.0167 0.0
4.0333 0.0
4.05 0.0
4.0667 0.0
4.0833 0.0
4.1 0.0
4.1167 0.0
4.1333 0.0
4.15 0.0
4.1667 0.0
4.1833 0.0
4.2 0.0
4.2167 0.0
4.2333 0.0
4.25 0.0
4.2667 0.0
4.2833 0.0
4.3 0.0
4.3167 0.0
4.3333 0.0
4.35 0.0
4.3667 0.0
4.3833 0.0
4.4 0.0
4.4167 0.0
4.4333 0.0
4.45 0.0
4.4667 0.0
4.4833 0.0
4.5 0.0
4.5167 0.0
4.5333 0.0
4.55 0.0
4.5667 0.0
4.5833 0.0
4.6 0.0
4.6167 0.0
4.6333 0.0
4.65 0.0
4.6667 0.0
4.6833 0.0
4.7 0.0
4.7167 0.0
4.7333 0.0
4.75 0.0
4.7667 0.0
4.7833 0.0
4.8 0.0
4.8167 0.0
4.8333 0.0
4.85 0.0
4.8667 0.0
4.8833 0.0
4.9 0.0
4.9167 0.0
4.9333 0.0
4.95 0.0
4.9667 0.0
4.9833 0.0
5.0 0.0
5.0167 0.0
5.0333 0.0
5.05 0.0
5.0667 0.0
5.0833 0.0
5.1 0.0
5.1167 0.0
5.1333 0.0
5.15 0.0
5.1667 0.0
5.1833 0.0
5.2 0.0
5.2167 0.0
5.2333 0.0
5.25 0.0
5.2667 0.0
5.2833 0.0
5.3 0.0
5.3167 0.0
5.3333 0.0
5.35 0.0
5.3667 0.0
5.3833 0.0
5.4 0.0
5.4167 0.0
5.4333 0.0
5.45 0.0
5.4667 0.0
5.4833 0.0
5.5 0.0
5.5167 0.0
5.5333 0.0
5.55 0.0
5.5667 0.0
5.5833 0.0
5.6 0.0
5.6167 0.0
5.6333 0.0
5.65 0.0
5.6667 0.0
5.6833 0.0
5.7 0.0
5.7167 0.0
5.7333 0.0
5.75 0.0
5.7667 0.0
5.7833 0.0
5.8 0.0
5.8167 0.0
5.8333 0.0
5.85 0.0
5.8667 0.0
5.8833 0.0
5.9 0.0
5.9167 0.0
5.9333 0.0
5.95 0.0
5.9667 0.0
5.9833 0.0
6.0 0.0
6.0167 0.0
6.0333 0.0
6.05 0.0
6.0667 0.0
6.0833 0.0
6.1 0.0
6.1167 0.0
6.1333 0.0
6.15 0.0
6.1667 0.0
6.1833 0.0
6.2 0.0
6.2167 0.0
6.2333 0.0
6.25 0.0
6.2667 0.0
6.2833 0.0
6.3 0.0
6.3167 0.0
6.3333 0.0
6.35 0.0
6.3667 0.0
6.3833 0.0
6.4 7.156e-13
6.4167 4.71e-10
6.4333 4.816e-08
6.45 1.087e-06
6.4667 1.107e-05
6.4833 4.753e-05
6.5 0.0001215
6.5167 0.000246
6.5333 0.0004214
6.55 0.0006736
6.5667 0.001033
6.5833 0.001532
6.6 0.002179
6.6167 0.003087
6.6333 0.004261
6.65 0.005801
6.6667 0.007722
6.6833 0.01025
6.7 0.01355
6.7167 0.01753
6.7333 0.0226
6.75 0.02854
6.7667 0.03604
6.7833 0.04569
6.8 0.05685
6.8167 0.07076
6.8333 0.08651
6.85 0.1074
6.8667 0.1295
6.8833 0.1549
6.9 0.1844
6.9167 0.2187
6.9333 0.254
6.95 0.2924
6.9667 0.341
6.9833 0.3857
7.0 0.4451
7.0167 0.495
7.0333 0.5539
7.05 0.6235
7.0667 0.7053
7.0833 0.7777
7.1 0.8527
7.1167 0.9318
7.1333 1.015
7.15 1.101
7.1667 1.19
7.1833 1.282
7.2 1.377
7.2167 1.475
7.2333 1.575
7.25 1.678
7.2667 1.783
7.2833 1.891
7.3 2.001
7.3167 2.114
7.3333 2.228
7.35 2.345
7.3667 2.464
7.3833 2.585
7.4 2.708
7.4167 2.834
7.4333 2.961
7.45 3.091
7.4667 3.223
7.4833 3.357
7.5 3.493
7.5167 3.631
7.5333 3.771
7.55 3.913
7.5667 4.057
7.5833 4.204
7.6 4.352
7.6167 4.503
7.6333 4.655
7.65 4.809
7.6667 4.966
7.6833 5.124
7.7 5.285
7.7167 5.447
7.7333 5.611
7.75 5.776
7.7667 5.944
7.7833 6.114
7.8 6.285
7.8167 6.458
7.8333 6.632
7.85 6.808
7.8667 6.986
7.8833 7.166
7.9 7.347
7.9167 7.529
7.9333 7.713
7.95 7.898
7.9667 8.085
7.9833 8.274
8.0 8.463
8.0167 8.654
8.0333 8.846
8.05 9.039
8.0667 9.234
8.0833 9.43
8.1 9.627
8.1167 9.824
8.1333 10.02
8.15 10.22
8.1667 10.42
8.1833 10.63
8.2 10.83
8.2167 11.03
8.2333 11.24
8.25 11.44
8.2667 11.65
8.2833 11.86
8.3 12.07
8.3167 12.27
8.3333 12.48
8.35 12.69
8.3667 12.9
8.3833 13.12
8.4 13.33
8.4167 13.54
8.4333 13.75
8.45 13.97
8.4667 14.18
8.4833 14.39
8.5 14.61
8.5167 14.82
8.5333 15.04
8.55 15.26
8.5667 15.47
8.5833 15.69
8.6 15.91
8.6167 16.12
8.6333 16.34
8.65 16.56
8.6667 16.78
8.6833 16.99
8.7 17.21
8.7167 17.43
8.7333 17.65
8.75 17.87
8.7667 18.08
8.7833 18.3
8.8 18.52
8.8167 18.74
8.8333 18.96
8.85 19.18
8.8667 19.4
8.8833 19.61
8.9 19.83
8.9167 20.05
8.9333 20.27
8.95 20.49
8.9667 20.7
8.9833 20.92
9.0 21.14
9.0167 21.36
9.0333 21.57
9.05 21.79
9.0667 22.01
9.0833 22.22
9.1 22.44
9.1167 22.65
9.1333 22.87
9.15 23.08
9.1667 23.3
9.1833 23.51
9.2 23.73
9.2167 23.94
9.2333 24.15
9.25 24.37
9.2667 24.58
9.2833 24.79
9.3 25.0
9.3167 25.21
9.3333 25.42
9.35 25.63
9.3667 25.84
9.3833 26.05
9.4 26.26
9.4167 26.47
9.4333 26.67
9.45 26.88
9.4667 27.09
9.4833 27.29
9.5 27.5
9.5167 27.7
9.5333 27.91
9.55 28.11
9.5667 28.31
9.5833 28.52
9.6 28.72
9.6167 28.92
9.6333 29.12
9.65 29.32
9.6667 29.52
9.6833 29.71
9.7 29.91
9.7167 30.11
9.7333 30.3
9.75 30.5
9.7667 30.69
9.7833 30.89
9.8 31.08
9.8167 31.27
9.8333 31.46
9.85 31.65
9.8667 31.84
9.8833 32.03
9.9 32.22
9.9167 32.41
9.9333 32.59
9.95 32.78
9.9667 32.96
9.9833 33.15
10.0 33.33
10.0167 33.51
10.0333 33.69
10.05 33.87
10.0667 34.05
10.0833 34.23
10.1 34.41
10.1167 34.58
10.1333 34.76
10.15 34.93
10.1667 35.11
10.1833 35.28
10.2 35.45
10.2167 35.62
10.2333 35.79
10.25 35.96
10.2667 36.13
10.2833 36.3
10.3 36.46
10.3167 36.63
10.3333 36.79
10.35 36.96
10.3667 37.12
10.3833 37.28
10.4 37.44
10.4167 37.6
10.4333 37.76
10.45 37.91
10.4667 38.07
10.4833 38.22
10.5 38.38
10.5167 38.53
10.5333 38.68
10.55 38.83
10.5667 38.98
10.5833 39.13
10.6 39.28
10.6167 39.42
10.6333 39.57
10.65 39.71
10.6667 39.85
10.6833 39.99
10.7 40.14
10.7167 40.27
10.7333 40.41
10.75 40.55
10.7667 40.69
10.7833 40.82
10.8 40.95
10.8167 41.09
10.8333 41.22
10.85 41.35
10.8667 41.48
10.8833 41.6
10.9 41.73
10.9167 41.86
10.9333 41.98
10.95 42.1
10.9667 42.23
10.9833 42.35
11.0 42.47
11.0167 42.58
11.0333 42.7
11.05 42.82
11.0667 42.93
11.0833 43.04
11.1 43.16
11.1167 43.27
11.1333 43.38
11.15 43.49
11.1667 43.59
11.1833 43.7
11.2 43.8
11.2167 43.91
11.2333 44.01
11.25 44.11
11.2667 44.21
11.2833 44.31
11.3 44.4
11.3167 44.5
11.3333 44.59
11.35 44.69
11.3667 44.78
11.3833 44.87
11.4 44.96
11.4167 45.05
11.4333 45.13
11.45 45.22
11.4667 45.3
11.4833 45.39
11.5 45.47
11.5167 45.55
11.5333 45.63
11.55 45.71
11.5667 45.78
11.5833 45.86
11.6 45.93
11.6167 46.0
11.6333 46.07
11.65 46.14
11.6667 46.21
11.6833 46.28
11.7 46.34
11.7167 46.41
11.7333 46.47
11.75 46.53
11.7667 46.59
11.7833 46.65
11.8 46.71
11.8167 46.77
11.8333 46.82
11.85 46.88
11.8667 46.93
11.8833 46.98
11.9 47.03
11.9167 47.08
11.9333 47.13
11.95 47.17
11.9667 47.21
11.9833 47.26
12.0 47.3
12.0167 47.34
12.0333 47.38
12.05 47.42
12.0667 47.45
12.0833 47.49
12.1 47.52
12.1167 47.55
12.1333 47.58
12.15 47.61
12.1667 47.64
12.1833 47.67
12.2 47.69
12.2167 47.72
12.2333 47.74
12.25 47.76
12.2667 47.78
12.2833 47.8
12.3 47.81
12.3167 47.83
12.3333 47.84
12.35 47.86
12.3667 47.87
12.3833 47.88
12.4 47.89
12.4167 47.89
12.4333 47.9
12.45 47.9
12.4667 47.91
12.4833 47.91
12.5 47.91
12.5167 47.91
12.5333 47.91
12.55 47.9
12.5667 47.9
12.5833 47.89
12.6 47.88
12.6167 47.87
12.6333 47.86
12.65 47.85
12.6667 47.84
12.6833 47.82
12.7 47.81
12.7167 47.79
12.7333 47.77
12.75 47.75
12.7667 47.73
12.7833 47.7
12.8 47.68
12.8167 47.65
12.8333 47.63
12.85 47.6
12.8667 47.57
12.8833 47.54
12.9 47.5
12.9167 47.47
12.9333 47.44
12.95 47.4
12.9667 47.36
12.9833 47.32
13.0 47.28
13.0167 47.24
13.0333 47.19
13.05 47.15
13.0667 47.1
13.0833 47.06
13.1 47.01
13.1167 46.96
13.1333 46.91
13.15 46.85
13.1667 46.8
13.1833 46.74
13.2 46.69
13.2167 46.63
13.2333 46.57
13.25 46.51
13.2667 46.44
13.2833 46.38
13.3 46.31
13.3167 46.25
13.3333 46.18
13.35 46.11
13.3667 46.04
13.3833 45.97
13.4 45.9
13.4167 45.82
13.4333 45.75
13.45 45.67
13.4667 45.59
13.4833 45.51
13.5 45.43
13.5167 45.35
13.5333 45.26
13.55 45.18
13.5667 45.09
13.5833 45.01
13.6 44.92
13.6167 44.83
13.6333 44.74
13.65 44.64
13.6667 44.55
13.6833 44.46
13.7 44.36
13.7167 44.26
13.7333 44.16
13.75 44.06
13.7667 43.96
13.7833 43.86
13.8 43.75
13.8167 43.65
13.8333 43.54
13.85 43.43
13.8667 43.33
13.8833 43.22
13.9 43.1
13.9167 42.99
13.9333 42.88
13.95 42.76
13.9667 42.65
13.9833 42.53
14.0 42.41
14.0167 42.29
14.0333 42.17
14.05 42.05
14.0667 41.92
14.0833 41.8
14.1 41.67
14.1167 41.55
14.1333 41.42
14.15 41.29
14.1667 41.16
14.1833 41.03
14.2 40.89
14.2167 40.76
14.2333 40.62
14.25 40.49
14.2667 40.35
14.2833 40.21
14.3 40.07
14.3167 39.93
14.3333 39.79
14.35 39.64
14.3667 39.5
14.3833 39.35
14.4 39.21
14.4167 39.06
14.4333 38.91
14.45 38.76
14.4667 38.61
14.4833 38.46
14.5 38.31
14.5167 38.15
14.5333 38.0
14.55 37.84
14.5667 37.68
14.5833 37.52
14.6 37.36
14.6167 37.2
14.6333 37.04
14.65 36.88
14.6667 36.72
14.6833 36.55
14.7 36.39
14.7167 36.22
14.7333 36.05
14.75 35.88
14.7667 35.72
14.7833 35.54
14.8 35.37
14.8167 35.2
14.8333 35.03
14.85 34.85
14.8667 34.68
14.8833 34.5
14.9 34.33
14.9167 34.15
14.9333 33.97
14.95 33.79
14.9667 33.61
14.9833 33.43
15.0 33.24
15.0167 33.06
15.0333 32.88
15.05 32.69
15.0667 32.51
15.0833 32.32
15.1 32.13
15.1167 31.94
15.1333 31.75
15.15 31.56
15.1667 31.37
15.1833 31.18
15.2 30.99
15.2167 30.8
15.2333 30.6
15.25 30.41
15.2667 30.21
15.2833 30.02
15.3 29.82
15.3167 29.62
15.3333 29.42
15.35 29.22
15.3667 29.03
15.3833 28.82
15.4 28.62
15.4167 28.42
15.4333 28.22
15.45 28.02
15.4667 27.81
15.4833 27.61
15.5 27.4
15.5167 27.2
15.5333 26.99
15.55 26.79
15.5667 26.58
15.5833 26.37
15.6 26.16
15.6167 25.96
15.6333 25.75
15.65 25.54
15.6667 25.33
15.6833 25.12
15.7 24.9
15.7167 24.69
15.7333 24.48
15.75 24.27
15.7667 24.05
15.7833 23.84
15.8 23.63
15.8167 23.41
15.8333 23.2
15.85 22.98
15.8667 22.77
15.8833 22.55
15.9 22.34
15.9167 22.12
15.9333 21.91
15.95 21.69
15.9667 21.47
15.9833 21.26
16.0 21.04
16.0167 20.82
16.0333 20.6
16.05 20.39
16.0667 20.17
16.0833 19.95
16.1 19.73
16.1167 19.51
16.1333 19.29
16.15 19.08
16.1667 18.86
16.1833 18.64
16.2 18.42
16.2167 18.2
16.2333 17.98
16.25 17.77
16.2667 17.55
16.2833 17.33
16.3 17.11
16.3167 16.89
16.3333 16.68
16.35 16.46
16.3667 16.24
16.3833 16.02
16.4 15.81
16.4167 15.59
16.4333 15.37
16.45 15.16
16.4667 14.94
16.4833 14.73
16.5 14.51
16.5167 14.3
16.5333 14.08
16.55 13.87
16.5667 13.66
16.5833 13.44
16.6 13.23
16.6167 13.02
16.6333 12.81
16.65 12.6
16.6667 12.39
16.6833 12.18
16.7 11.97
16.7167 11.76
16.7333 11.56
16.75 11.35
16.7667 11.14
16.7833 10.94
16.8 10.74
16.8167 10.53
16.8333 10.33
16.85 10.13
16.8667 9.932
16.8833 9.733
16.9 9.536
16.9167 9.34
16.9333 9.145
16.95 8.951
16.9667 8.758
16.9833 8.566
17.0 8.376
17.0167 8.187
17.0333 8.0
17.05 7.813
17.0667 7.629
17.0833 7.445
17.1 7.263
17.1167 7.083
17.1333 6.905
17.15 6.727
17.1667 6.552
17.1833 6.378
17.2 6.206
17.2167 6.036
17.2333 5.867
17.25 5.7
17.2667 5.535
17.2833 5.372
17.3 5.211
17.3167 5.052
17.3333 4.894
17.35 4.739
17.3667 4.585
17.3833 4.434
17.4 4.284
17.4167 4.137
17.4333 3.991
17.45 3.848
17.4667 3.707
17.4833 3.567
17.5 3.43
17.5167 3.295
17.5333 3.162
17.55 3.031
17.5667 2.903
17.5833 2.776
17.6 2.652
17.6167 2.53
17.6333 2.409
17.65 2.291
17.6667 2.176
17.6833 2.062
17.7 1.951
17.7167 1.842
17.7333 1.735
17.75 1.631
17.7667 1.529
17.7833 1.43
17.8 1.333
17.8167 1.24
17.8333 1.149
17.85 1.061
17.8667 0.9764
17.8833 0.8953
17.9 0.8181
17.9167 0.7452
17.9333 0.6664
17.95 0.5904
17.9667 0.5259
17.9833 0.4713
18.0 0.425
18.0167 0.3634
18.0333 0.3244
18.05 0.2757
18.0667 0.2348
18.0833 0.1998
18.1 0.1688
18.1167 0.1413
18.1333 0.1173
18.15 0.09698
18.1667 0.08006
18.1833 0.06384
18.2 0.05189
18.2167 0.04094
18.2333 0.03247
18.25 0.02584
18.2667 0.02009
18.2833 0.01556
18.3 0.01199
18.3167 0.009044
18.3333 0.006782
18.35 0.005075
18.3667 0.003678
18.3833 0.002665
18.4 0.001855
18.4167 0.001269
18.4333 0.0008474
18.45 0.0005443
18.4667 0.0003293
18.4833 0.0001807
18.5 8.366e-05
18.5167 2.749e-05
18.5333 4.052e-06
18.55 3.209e-07
18.5667 6.889e-09
18.5833 3.385e-11
18.6 6.357e-15
18.6167 0.0
18.6333 0.0
18.65 0.0
18.6667 0.0
18.6833 0.0
18.7 0.0
18.7167 0.0
18.7333 0.0
18.75 0.0
18.7667 0.0
18.7833 0.0
18.8 0.0
18.8167 0.0
18.8333 0.0
18.85 0.0
18.8667 0.0
18.8833 0.0
18.9 0.0
18.9167 0.0
18.9333 0.0
18.95 0.0
18.9667 0.0
18.9833 0.0
19.0 0.0
19.0167 0.0
19.0333 0.0
19.05 0.0
19.0667 0.0
19.0833 0.0
19.1 0.0
19.1167 0.0
19.1333 0.0
19.15 0.0
19.1667 0.0
19.1833 0.0
19.2 0.0
19.2167 0.0
19.2333 0.0
19.25 0.0
19.2667 0.0
19.2833 0.0
19.3 0.0
19.3167 0.0
19.3333 0.0
19.35 0.0
19.3667 0.0
19.3833 0.0
19.4 0.0
19.4167 0.0
19.4333 0.0
19.45 0.0
19.4667 0.0
19.4833 0.0
19.5 0.0
19.5167 0.0
19.5333 0.0
19.55 0.0
19.5667 0.0
19.5833 0.0
19.6 0.0
19.6167 0.0
19.6333 0.0
19.65 0.0
19.6667 0.0
19.6833 0.0
19.7 0.0
19.7167 0.0
19.7333 0.0
19.75 0.0
19.7667 0.0
19.7833 0.0
19.8 0.0
19.8167 0.0
19.8333 0.0
19.85 0.0
19.8667 0.0
19.8833 0.0
19.9 0.0
19.9167 0.0
19.9333 0.0
19.95 0.0
19.9667 0.0
19.9833 0.0
20.0 0.0
20.0167 0.0
20.0333 0.0
20.05 0.0
20.0667 0.0
20.0833 0.0
20.1 0.0
20.1167 0.0
20.1333 0.0
20.15 0.0
20.1667 0.0
20.1833 0.0
20.2 0.0
20.2167 0.0
20.2333 0.0
20.25 0.0
20.2667 0.0
20.2833 0.0
20.3 0.0
20.3167 0.0
20.3333 0.0
20.35 0.0
20.3667 0.0
20.3833 0.0
20.4 0.0
20.4167 0.0
20.4333 0.0
20.45 0.0
20.4667 0.0
20.4833 0.0
20.5 0.0
20.5167 0.0
20.5333 0.0
20.55 0.0
20.5667 0.0
20.5833 0.0
20.6 0.0
20.6167 0.0
20.6333 0.0
20.65 0.0
20.6667 0.0
20.6833 0.0
20.7 0.0
20.7167 0.0
20.7333 0.0
20.75 0.0
20.7667 0.0
20.7833 0.0
20.8 0.0
20.8167 0.0
20.8333 0.0
20.85 0.0
20.8667 0.0
20.8833 0.0
20.9 0.0
20.9167 0.0
20.9333 0.0
20.95 0.0
20.9667 0.0
20.9833 0.0
21.0 0.0
21.0167 0.0
21.0333 0.0
21.05 0.0
21.0667 0.0
21.0833 0.0
21.1 0.0
21.1167 0.0
21.1333 0.0
21.15 0.0
21.1667 0.0
21.1833 0.0
21.2 0.0
21.2167 0.0
21.2333 0.0
21.25 0.0
21.2667 0.0
21.2833 0.0
21.3 0.0
21.3167 0.0
21.3333 0.0
21.35 0.0
21.3667 0.0
21.3833 0.0
21.4 0.0
21.4167 0.0
21.4333 0.0
21.45 0.0
21.4667 0.0
21.4833 0.0
21.5 0.0
21.5167 0.0
21.5333 0.0
21.55 0.0
21.5667 0.0
21.5833 0.0
21.6 0.0
21.6167 0.0
21.6333 0.0
21.65 0.0
21.6667 0.0
21.6833 0.0
21.7 0.0
21.7167 0.0
21.7333 0.0
21.75 0.0
21.7667 0.0
21.7833 0.0
21.8 0.0
21.8167 0.0
21.8333 0.0
21.85 0.0
21.8667 0.0
21.8833 0.0
21.9 0.0
21.9167 0.0
21.9333 0.0
21.95 0.0
21.9667 0.0
21.9833 0.0
22.0 0.0
22.0167 0.0
22.0333 0.0
22.05 0.0
22.0667 0.0
22.0833 0.0
22.1 0.0
22.1167 0.0
22.1333 0.0
22.15 0.0
22.1667 0.0
22.1833 0.0
22.2 0.0
22.2167 0.0
22.2333 0.0
22.25 0.0
22.2667 0.0
22.2833 0.0
22.3 0.0
22.3167 0.0
22.3333 0.0
22.35 0.0
22.3667 0.0
22.3833 0.0
22.4 0.0
22.4167 0.0
22.4333 0.0
22.45 0.0
22.4667 0.0
22.4833 0.0
22.5 0.0
22.5167 0.0
22.5333 0.0
22.55 0.0
22.5667 0.0
22.5833 0.0
22.6 0.0
22.6167 0.0
22.6333 0.0
22.65 0.0
22.6667 0.0
22.6833 0.0
22.7 0.0
22.7167 0.0
22.7333 0.0
22.75 0.0
22.7667 0.0
22.7833 0.0
22.8 0.0
22.8167 0.0
22.8333 0.0
22.85 0.0
22.8667 0.0
22.8833 0.0
22.9 0.0
22.9167 0.0
22.9333 0.0
22.95 0.0
22.9667 0.0
22.9833 0.0
23.0 0.0
23.0167 0.0
23.0333 0.0
23.05 0.0
23.0667 0.0
23.0833 0.0
23.1 0.0
23.1167 0.0
23.1333 0.0
23.15 0.0
23.1667 0.0
23.1833 0.0
23.2 0.0
23.2167 0.0
23.2333 0.0
23.25 0.0
23.2667 0.0
23.2833 0.0
23.3 0.0
23.3167 0.0
23.3333 0.0
23.35 0.0
23.3667 0.0
23.3833 0.0
23.4 0.0
23.4167 0.0
23.4333 0.0
23.45 0.0
23.4667 0.0
23.4833 0.0
23.5 0.0
23.5167 0.0
23.5333 0.0
23.55 0.0
23.5667 0.0
23.5833 0.0
23.6 0.0
23.6167 0.0
23.6333 0.0
23.65 0.0
23.6667 0.0
23.6833 0.0
23.7 0.0
23.7167 0.0
23.7333 0.0
23.75 0.0
23.7667 0.0
23.7833 0.0
23.8 0.0
23.8167 0.0
23.8333 0.0
23.85 0.0
23.8667 0.0
23.8833 0.0
23.9 0.0
23.9167 0.0
23.9333 0.0
23.95 0.0
23.9667 0.0
23.9833 0.0
