0.0 0.0
0.0167 0.0
0.0333 0.0
0.05 0.0
0.0667 0.0
0.0833 0.0
0.1 0.0
0.1167 0.0
0.1333 0.0
0.15 0.0
0.1667 0.0
0.1833 0.0
0.2 0.0
0.2167 0.0
0.2333 0.0
0.25 0.0
0.2667 0.0
0.2833 0.0
0.3 0.0
0.3167 0.0
0.3333 0.0
0.35 0.0
0.3667 0.0
0.3833 0.0
0.4 0.0
0.4167 0.0
0.4333 0.0
0.45 0.0
0.4667 0.0
0.4833 0.0
0.5 0.0
0.5167 0.0
0.5333 0.0
0.55 0.0
0.5667 0.0
0.5833 0.0
0.6 0.0
0.6167 0.0
0.6333 0.0
0.65 0.0
0.6667 0.0
0.6833 0.0
0.7 0.0
0.7167 0.0
0.7333 0.0
0.75 0.0
0.7667 0.0
0.7833 0.0
0.8 0.0
0.8167 0.0
0.8333 0.0
0.85 0.0
0.8667 0.0
0.8833 0.0
0.9 0.0
0.9167 0.0
0.9333 0.0
0.95 0.0
0.9667 0.0
0.9833 0.0
1.0 0.0
1.0167 0.0
1.0333 0.0
1.05 0.0
1.0667 0.0
1.0833 0.0
1.1 0.0
1.1167 0.0
1.1333 0.0
1.15 0.0
1.1667 0.0
1.1833 0.0
1.2 0.0
1.2167 0.0
1.2333 0.0
1.25 0.0
1.2667 0.0
1.2833 0.0
1.3 0.0
1.3167 0.0
1.3333 0.0
1.35 0.0
1.3667 0.0
1.3833 0.0
1.4 0.0
1.4167 0.0
1.4333 0.0
1.45 0.0
1.4667 0.0
1.4833 0.0
1.5 0.0
1.5167 0.0
1.5333 0.0
1.55 0.0
1.5667 0.0
1.5833 0.0
1.6 0.0
1.6167 0.0
1.6333 0.0
1.65 0.0
1.6667 0.0
1.6833 0.0
1.7 0.0
1.7167 0.0
1.7333 0.0
1.75 0.0
1.7667 0.0
1.7833 0.0
1.8 0.0
1.8167 0.0
1.8333 0.0
1.85 0.0
1.8667 0.0
1.8833 0.0
1.9 0.0
1.9167 0.0
1.9333 0.0
1.95 0.0
1.9667 0.0
1.9833 0.0
2.0 0.0
2.0167 0.0
2.0333 0.0
2.05 0.0
2.0667 0.0
2.0833 0.0
2.1 0.0
2.1167 0.0
2.1333 0.0
2.15 0.0
2.1667 0.0
2.1833 0.0
2.2 0.0
2.2167 0.0
2.2333 0.0
2.25 0.0
2.2667 0.0
2.2833 0.0
2.3 0.0
2.3167 0.0
2.3333 0.0
2.35 0.0
2.3667 0.0
2.3833 0.0
2.4 0.0
2.4167 0.0
2.4333 0.0
2.45 0.0
2.4667 0.0
2.4833 0.0
2.5 0.0
2.5167 0.0
2.5333 0.0
2.55 0.0
2.5667 0.0
2.5833 0.0
2.6 0.0
2.6167 0.0
2.6333 0.0
2.65 0.0
2.6667 0.0
2.6833 0.0
2.7 0.0
2.7167 0.0
2.7333 0.0
2.75 0.0
2.7667 0.0
2.7833 0.0
2.8 0.0
2.8167 0.0
2.8333 0.0
2.85 0.0
2.8667 0.0
2.8833 0.0
2.9 0.0
2.9167 0.0
2.9333 0.0
2.95 0.0
2.9667 0.0
2.9833 0.0
3.0 0.0
3.0167 0.0
3.0333 0.0
3.05 0.0
3.0667 0.0
3.0833 0.0
3.1 0.0
3.1167 0.0
3.1333 0.0
3.15 0.0
3.1667 0.0
3.1833 0.0
3.2 0.0
3.2167 0.0
3.2333 0.0
3.25 0.0
3.2667 0.0
3.2833 0.0
3.3 0.0
3.3167 0.0
3.3333 0.0
3.35 0.0
3.3667 0.0
3.3833 0.0
3.4 0.0
3.4167 0.0
3.4333 0.0
3.45 0.0
3.4667 0.0
3.4833 0.0
3.5 0.0
3.5167 0.0
3.5333 0.0
3.55 0.0
3.5667 0.0
3.5833 0.0
3.6 0.0
3.6167 0.0
3.6333 0.0
3.65 0.0
3.6667 0.0
3.6833 0.0
3.7 0.0
3.7167 0.0
3.7333 0.0
3.75 0.0
3.7667 0.0
3.7833 0.0
3.8 0.0
3.8167 0.0
3.8333 0.0
3.85 0.0
3.8667 0.0
3.8833 0.0
3.9 0.0
3.9167 0.0
3.9333 0.0
3.95 0.0
3.9667 0.0
3.9833 0.0
4.0 0.0
4.0167 0.0
4.0333 0.0
4.05 0.0
4.0667 0.0
4.0833 0.0
4.1 0.0
4.1167 0.0
4.1333 0.0
4.15 0.0
4.1667 0.0
4.1833 0.0
4.2 0.0
4.2167 0.0
4.2333 0.0
4.25 0.0
4.2667 0.0
4.2833 0.0
4.3 0.0
4.3167 0.0
4.3333 0.0
4.35 0.0
4.3667 0.0
4.3833 0.0
4.4 0.0
4.4167 0.0
4.4333 0.0
4.45 0.0
4.4667 0.0
4.4833 0.0
4.5 0.0
4.5167 0.0
4.5333 0.0
4.55 0.0
4.5667 0.0
4.5833 0.0
4.6 0.0
4.6167 0.0
4.6333 0.0
4.65 0.0
4.6667 0.0
4.6833 0.0
4.7 0.0
4.7167 0.0
4.7333 0.0
4.75 0.0
4.7667 0.0
4.7833 0.0
4.8 0.0
4.8167 0.0
4.8333 0.0
4.85 0.0
4.8667 0.0
4.8833 0.0
4.9 0.0
4.9167 0.0
4.9333 0.0
4.95 0.0
4.9667 0.0
4.9833 0.0
5.0 0.0
5.0167 0.0
5.0333 0.0
5.05 0.0
5.0667 0.0
5.0833 0.0
5.1 0.0
5.1167 0.0
5.1333 0.0
5.15 0.0
5.1667 0.0
5.1833 0.0
5.2 0.0
5.2167 0.0
5.2333 0.0
5.25 0.0
5.2667 0.0
5.2833 0.0
5.3 0.0
5.3167 0.0
5.3333 0.0
5.35 0.0
5.3667 0.0
5.3833 0.0
5.4 0.0
5.4167 0.0
5.4333 0.0
5.45 0.0
5.4667 0.0
5.4833 0.0
5.5 0.0
5.5167 0.0
5.5333 0.0
5.55 0.0
5.5667 0.0
5.5833 0.0
5.6 0.0
5.6167 0.0
5.6333 0.0
5.65 0.0
5.6667 0.0
5.6833 0.0
5.7 0.0
5.7167 0.0
5.7333 0.0
5.75 0.0
5.7667 0.0
5.7833 0.0
5.8 0.0
5.8167 0.0
5.8333 0.0
5.85 0.0
5.8667 0.0
5.8833 0.0
5.9 0.0
5.9167 0.0
5.9333 0.0
5.95 0.0
5.9667 0.0
5.9833 0.0
6.0 0.0
6.0167 0.0
6.0333 0.0
6.05 0.0
6.0667 0.0
6.0833 0.0
6.1 0.0
6.1167 0.0
6.1333 0.0
6.15 0.0
6.1667 0.0
6.1833 0.0
6.2 0.0
6.2167 0.0
6.2333 0.0
6.25 0.0
6.2667 0.0
6.2833 0.0
6.3 0.0
6.3167 0.0
6.3333 0.0
6.35 0.0
6.3667 0.0
6.3833 0.0
6.4 0.0
6.4167 0.0
6.4333 0.0
6.45 0.0
6.4667 0.0
6.4833 0.0
6.5 0.0
6.5167 0.0
6.5333 0.0
6.55 0.0
6.5667 0.0
6.5833 0.0
6.6 0.0
6.6167 8.88e-13
6.6333 6.272e-10
6.65 6.724e-08
6.6667 1.619e-06
6.6833 1.427e-05
6.7 6.073e-05
6.7167 0.0001459
6.7333 0.0002859
6.75 0.000494
6.7667 0.0007863
6.7833 0.001204
6.8 0.001795
6.8167 0.002576
6.8333 0.003624
6.85 0.005069
6.8667 0.006833
6.8833 0.009306
6.9 0.01225
6.9167 0.01602
6.9333 0.02083
6.95 0.02692
6.9667 0.03465
6.9833 0.04449
7.0 0.05517
7.0167 0.06986
7.0333 0.08571
7.05 0.1062
7.0667 0.1302
7.0833 0.1566
7.1 0.1873
7.1167 0.223
7.1333 0.2648
7.15 0.3024
7.1667 0.352
7.1833 0.4042
7.2 0.4622
7.2167 0.5173
7.2333 0.5828
7.25 0.6606
7.2667 0.7439
7.2833 0.8198
7.3 0.9005
7.3167 0.9854
7.3333 1.074
7.35 1.166
7.3667 1.262
7.3833 1.361
7.4 1.462
7.4167 1.567
7.4333 1.674
7.45 1.784
7.4667 1.897
7.4833 2.012
7.5 2.13
7.5167 2.25
7.5333 2.373
7.55 2.498
7.5667 2.625
7.5833 2.755
7.6 2.887
7.6167 3.022
7.6333 3.158
7.65 3.298
7.6667 3.439
7.6833 3.583
7.7 3.729
7.7167 3.878
7.7333 4.029
7.75 4.182
7.7667 4.337
7.7833 4.495
7.8 4.655
7.8167 4.817
7.8333 4.981
7.85 5.148
7.8667 5.316
7.8833 5.487
7.9 5.66
7.9167 5.835
7.9333 6.012
7.95 6.191
7.9667 6.372
7.9833 6.555
8.0 6.739
8.0167 6.926
8.0333 7.115
8.05 7.305
8.0667 7.497
8.0833 7.69
8.1 7.886
8.1167 8.083
8.1333 8.282
8.15 8.482
8.1667 8.683
8.1833 8.887
8.2 9.091
8.2167 9.298
8.2333 9.505
8.25 9.714
8.2667 9.924
8.2833 10.13
8.3 10.35
8.3167 10.56
8.3333 10.78
8.35 10.99
8.3667 11.21
8.3833 11.43
8.4 11.65
8.4167 11.87
8.4333 12.09
8.45 12.31
8.4667 12.53
8.4833 12.76
8.5 12.98
8.5167 13.21
8.5333 13.43
8.55 13.66
8.5667 13.89
8.5833 14.11
8.6 14.34
8.6167 14.57
8.6333 14.8
8.65 15.03
8.6667 15.26
8.6833 15.49
8.7 15.73
8.7167 15.96
8.7333 16.19
8.75 16.42
8.7667 16.66
8.7833 16.89
8.8 17.13
8.8167 17.36
8.8333 17.59
8.85 17.83
8.8667 18.07
8.8833 18.3
8.9 18.54
8.9167 18.77
8.9333 19.01
8.95 19.24
8.9667 19.48
8.9833 19.72
9.0 19.95
9.0167 20.19
9.0333 20.42
9.05 20.66
9.0667 20.9
9.0833 21.13
9.1 21.37
9.1167 21.6
9.1333 21.84
9.15 22.07
9.1667 22.31
9.1833 22.55
9.2 22.78
9.2167 23.02
9.2333 23.25
9.25 23.48
9.2667 23.72
9.2833 23.95
9.3 24.19
9.3167 24.42
9.3333 24.65
9.35 24.89
9.3667 25.12
9.3833 25.35
9.4 25.58
9.4167 25.81
9.4333 26.05
9.45 26.28
9.4667 26.51
9.4833 26.74
9.5 26.96
9.5167 27.19
9.5333 27.42
9.55 27.65
9.5667 27.88
9.5833 28.1
9.6 28.33
9.6167 28.56
9.6333 28.78
9.65 29.01
9.6667 29.23
9.6833 29.45
9.7 29.68
9.7167 29.9
9.7333 30.12
9.75 30.34
9.7667 30.56
9.7833 30.78
9.8 31.0
9.8167 31.22
9.8333 31.44
9.85 31.66
9.8667 31.87
9.8833 32.09
9.9 32.3
9.9167 32.52
9.9333 32.73
9.95 32.94
9.9667 33.16
9.9833 33.37
10.0 33.58
10.0167 33.79
10.0333 34.0
10.05 34.2
10.0667 34.41
10.0833 34.62
10.1 34.82
10.1167 35.03
10.1333 35.23
10.15 35.44
10.1667 35.64
10.1833 35.84
10.2 36.04
10.2167 36.24
10.2333 36.44
10.25 36.64
10.2667 36.83
10.2833 37.03
10.3 37.23
10.3167 37.42
10.3333 37.61
10.35 37.8
10.3667 38.0
10.3833 38.19
10.4 38.38
10.4167 38.56
10.4333 38.75
10.45 38.94
10.4667 39.12
10.4833 39.31
10.5 39.49
10.5167 39.67
10.5333 39.86
10.55 40.04
10.5667 40.22
10.5833 40.39
10.6 40.57
10.6167 40.75
10.6333 40.92
10.65 41.1
10.6667 41.27
10.6833 41.44
10.7 41.61
10.7167 41.78
10.7333 41.95
10.75 42.12
10.7667 42.28
10.7833 42.45
10.8 42.61
10.8167 42.77
10.8333 42.94
10.85 43.1
10.8667 43.26
10.8833 43.42
10.9 43.57
10.9167 43.73
10.9333 43.88
10.95 44.04
10.9667 44.19
10.9833 44.34
11.0 44.49
11.0167 44.64
11.0333 44.79
11.05 44.94
11.0667 45.08
11.0833 45.22
11.1 45.37
11.1167 45.51
11.1333 45.65
11.15 45.79
11.1667 45.93
11.1833 46.06
11.2 46.2
11.2167 46.33
11.2333 46.47
11.25 46.6
11.2667 46.73
11.2833 46.86
11.3 46.99
11.3167 47.11
11.3333 47.24
11.35 47.36
11.3667 47.49
11.3833 47.61
11.4 47.73
11.4167 47.85
11.4333 47.97
11.45 48.08
11.4667 48.2
11.4833 48.31
11.5 48.42
11.5167 48.54
11.5333 48.65
11.55 48.75
11.5667 48.86
11.5833 48.97
11.6 49.07
11.6167 49.18
11.6333 49.28
11.65 49.38
11.6667 49.48
11.6833 49.58
11.7 49.67
11.7167 49.77
11.7333 49.86
11.75 49.95
11.7667 50.04
11.7833 50.14
11.8 50.22
11.8167 50.31
11.8333 50.4
11.85 50.48
11.8667 50.56
11.8833 50.65
11.9 50.73
11.9167 50.8
11.9333 50.88
11.95 50.96
11.9667 51.03
11.9833 51.11
12.0 51.18
12.0167 51.25
12.0333 51.32
12.05 51.39
12.0667 51.45
12.0833 51.52
12.1 51.58
12.1167 51.64
12.1333 51.7
12.15 51.76
12.1667 51.82
12.1833 51.88
12.2 51.93
12.2167 51.99
12.2333 52.04
12.25 52.09
12.2667 52.14
12.2833 52.19
12.3 52.23
12.3167 52.28
12.3333 52.32
12.35 52.36
12.3667 52.41
12.3833 52.44
12.4 52.48
12.4167 52.52
12.4333 52.55
12.45 52.59
12.4667 52.62
12.4833 52.65
12.5 52.68
12.5167 52.71
12.5333 52.74
12.55 52.76
12.5667 52.78
12.5833 52.81
12.6 52.83
12.6167 52.85
12.6333 52.86
12.65 52.88
12.6667 52.9
12.6833 52.91
12.7 52.92
12.7167 52.93
12.7333 52.94
12.75 52.95
12.7667 52.96
12.7833 52.96
12.8 52.96
12.8167 52.97
12.8333 52.97
12.85 52.97
12.8667 52.96
12.8833 52.96
12.9 52.96
12.9167 52.95
12.9333 52.94
12.95 52.93
12.9667 52.92
12.9833 52.91
13.0 52.89
13.0167 52.88
13.0333 52.86
13.05 52.84
13.0667 52.82
13.0833 52.8
13.1 52.78
13.1167 52.76
13.1333 52.73
13.15 52.7
13.1667 52.68
13.1833 52.65
13.2 52.62
13.2167 52.58
13.2333 52.55
13.25 52.51
13.2667 52.48
13.2833 52.44
13.3 52.4
13.3167 52.36
13.3333 52.32
13.35 52.27
13.3667 52.23
13.3833 52.18
13.4 52.13
13.4167 52.08
13.4333 52.03
13.45 51.98
13.4667 51.92
13.4833 51.87
13.5 51.81
13.5167 51.75
13.5333 51.69
13.55 51.63
13.5667 51.57
13.5833 51.51
13.6 51.44
13.6167 51.38
13.6333 51.31
13.65 51.24
13.6667 51.17
13.6833 51.1
13.7 51.02
13.7167 50.95
13.7333 50.87
13.75 50.79
13.7667 50.71
13.7833 50.63
13.8 50.55
13.8167 50.47
13.8333 50.38
13.85 50.3
13.8667 50.21
13.8833 50.12
13.9 50.03
13.9167 49.94
13.9333 49.85
13.95 49.75
13.9667 49.66
13.9833 49.56
14.0 49.46
14.0167 49.36
14.0333 49.26
14.05 49.16
14.0667 49.06
14.0833 48.95
14.1 48.85
14.1167 48.74
14.1333 48.63
14.15 48.52
14.1667 48.41
14.1833 48.29
14.2 48.18
14.2167 48.07
14.2333 47.95
14.25 47.83
14.2667 47.71
14.2833 47.59
14.3 47.47
14.3167 47.35
14.3333 47.22
14.35 47.1
14.3667 46.97
14.3833 46.84
14.4 46.71
14.4167 46.58
14.4333 46.45
14.45 46.32
14.4667 46.18
14.4833 46.04
14.5 45.91
14.5167 45.77
14.5333 45.63
14.55 45.49
14.5667 45.35
14.5833 45.2
14.6 45.06
14.6167 44.91
14.6333 44.77
14.65 44.62
14.6667 44.47
14.6833 44.32
14.7 44.17
14.7167 44.02
14.7333 43.86
14.75 43.71
14.7667 43.55
14.7833 43.39
14.8 43.23
14.8167 43.08
14.8333 42.91
14.85 42.75
14.8667 42.59
14.8833 42.43
14.9 42.26
14.9167 42.09
14.9333 41.93
14.95 41.76
14.9667 41.59
14.9833 41.42
15.0 41.24
15.0167 41.07
15.0333 40.9
15.05 40.72
15.0667 40.55
15.0833 40.37
15.1 40.19
15.1167 40.01
15.1333 39.83
15.15 39.65
15.1667 39.47
15.1833 39.28
15.2 39.1
15.2167 38.91
15.2333 38.72
15.25 38.54
15.2667 38.35
15.2833 38.16
15.3 37.97
15.3167 37.78
15.3333 37.59
15.35 37.39
15.3667 37.2
15.3833 37.0
15.4 36.81
15.4167 36.61
15.4333 36.41
15.45 36.21
15.4667 36.01
15.4833 35.81
15.5 35.61
15.5167 35.41
15.5333 35.2
15.55 35.0
15.5667 34.79
15.5833 34.59
15.6 34.38
15.6167 34.18
15.6333 33.97
15.65 33.76
15.6667 33.55
15.6833 33.34
15.7 33.13
15.7167 32.91
15.7333 32.7
15.75 32.49
15.7667 32.27
15.7833 32.06
15.8 31.84
15.8167 31.62
15.8333 31.41
15.85 31.19
15.8667 30.97
15.8833 30.75
15.9 30.53
15.9167 30.31
15.9333 30.09
15.95 29.87
15.9667 29.64
15.9833 29.42
16.0 29.2
16.0167 28.97
16.0333 28.75
16.05 28.52
16.0667 28.3
16.0833 28.07
16.1 27.84
16.1167 27.62
16.1333 27.39
16.15 27.16
16.1667 26.93
16.1833 26.7
16.2 26.47
16.2167 26.24
16.2333 26.01
16.25 25.78
16.2667 25.55
16.2833 25.32
16.3 25.08
16.3167 24.85
16.3333 24.62
16.35 24.39
16.3667 24.15
16.3833 23.92
16.4 23.68
16.4167 23.45
16.4333 23.22
16.45 22.98
16.4667 22.75
16.4833 22.51
16.5 22.27
16.5167 22.04
16.5333 21.8
16.55 21.57
16.5667 21.33
16.5833 21.1
16.6 20.86
16.6167 20.62
16.6333 20.39
16.65 20.15
16.6667 19.92
16.6833 19.68
16.7 19.44
16.7167 19.21
16.7333 18.97
16.75 18.74
16.7667 18.5
16.7833 18.26
16.8 18.03
16.8167 17.79
16.8333 17.56
16.85 17.33
16.8667 17.09
16.8833 16.86
16.9 16.62
16.9167 16.39
16.9333 16.16
16.95 15.92
16.9667 15.69
16.9833 15.46
17.0 15.23
17.0167 15.0
17.0333 14.77
17.05 14.54
17.0667 14.31
17.0833 14.08
17.1 13.85
17.1167 13.62
17.1333 13.4
17.15 13.17
17.1667 12.95
17.1833 12.72
17.2 12.5
17.2167 12.28
17.2333 12.05
17.25 11.83
17.2667 11.61
17.2833 11.39
17.3 11.18
17.3167 10.96
17.3333 10.74
17.35 10.53
17.3667 10.31
17.3833 10.1
17.4 9.891
17.4167 9.681
17.4333 9.473
17.45 9.265
17.4667 9.059
17.4833 8.855
17.5 8.652
17.5167 8.451
17.5333 8.251
17.55 8.052
17.5667 7.855
17.5833 7.66
17.6 7.467
17.6167 7.275
17.6333 7.085
17.65 6.897
17.6667 6.71
17.6833 6.526
17.7 6.343
17.7167 6.163
17.7333 5.984
17.75 5.807
17.7667 5.633
17.7833 5.46
17.8 5.29
17.8167 5.121
17.8333 4.955
17.85 4.791
17.8667 4.63
17.8833 4.47
17.9 4.312
17.9167 4.157
17.9333 4.005
17.95 3.854
17.9667 3.706
17.9833 3.56
18.0 3.417
18.0167 3.275
18.0333 3.136
18.05 3.0
18.0667 2.866
18.0833 2.734
18.1 2.605
18.1167 2.478
18.1333 2.353
18.15 2.231
18.1667 2.111
18.1833 1.994
18.2 1.879
18.2167 1.766
18.2333 1.657
18.25 1.55
18.2667 1.446
18.2833 1.344
18.3 1.246
18.3167 1.151
18.3333 1.06
18.35 0.9714
18.3667 0.8871
18.3833 0.8071
18.4 0.732
18.4167 0.647
18.4333 0.5715
18.45 0.5077
18.4667 0.4541
18.4833 0.3935
18.5 0.3452
18.5167 0.2949
18.5333 0.2545
18.55 0.2184
18.5667 0.1832
18.5833 0.153
18.6 0.126
18.6167 0.1019
18.6333 0.08316
18.65 0.06703
18.6667 0.05336
18.6833 0.04202
18.7 0.03337
18.7167 0.02607
18.7333 0.02013
18.75 0.01548
18.7667 0.01165
18.7833 0.008739
18.8 0.006551
18.8167 0.004759
18.8333 0.003461
18.85 0.002419
18.8667 0.001661
18.8833 0.001113
18.9 0.0007223
18.9167 0.0004474
18.9333 0.0002584
18.95 0.0001314
18.9667 4.897e-05
18.9833 1.096e-05
19.0 9.883e-07
19.0167 3.274e-08
19.0333 2.459e-10
19.05 2.038e-13
19.0667 0.0
19.0833 0.0
19.1 0.0
19.1167 0.0
19.1333 0.0
19.15 0.0
19.1667 0.0
19.1833 0.0
19.2 0.0
19.2167 0.0
19.2333 0.0
19.25 0.0
19.2667 0.0
19.2833 0.0
19.3 0.0
19.3167 0.0
19.3333 0.0
19.35 0.0
19.3667 0.0
19.3833 0.0
19.4 0.0
19.4167 0.0
19.4333 0.0
19.45 0.0
19.4667 0.0
19.4833 0.0
19.5 0.0
19.5167 0.0
19.5333 0.0
19.55 0.0
19.5667 0.0
19.5833 0.0
19.6 0.0
19.6167 0.0
19.6333 0.0
19.65 0.0
19.6667 0.0
19.6833 0.0
19.7 0.0
19.7167 0.0
19.7333 0.0
19.75 0.0
19.7667 0.0
19.7833 0.0
19.8 0.0
19.8167 0.0
19.8333 0.0
19.85 0.0
19.8667 0.0
19.8833 0.0
19.9 0.0
19.9167 0.0
19.9333 0.0
19.95 0.0
19.9667 0.0
19.9833 0.0
20.0 0.0
20.0167 0.0
20.0333 0.0
20.05 0.0
20.0667 0.0
20.0833 0.0
20.1 0.0
20.1167 0.0
20.1333 0.0
20.15 0.0
20.1667 0.0
20.1833 0.0
20.2 0.0
20.2167 0.0
20.2333 0.0
20.25 0.0
20.2667 0.0
20.2833 0.0
20.3 0.0
20.3167 0.0
20.3333 0.0
20.35 0.0
20.3667 0.0
20.3833 0.0
20.4 0.0
20.4167 0.0
20.4333 0.0
20.45 0.0
20.4667 0.0
20.4833 0.0
20.5 0.0
20.5167 0.0
20.5333 0.0
20.55 0.0
20.5667 0.0
20.5833 0.0
20.6 0.0
20.6167 0.0
20.6333 0.0
20.65 0.0
20.6667 0.0
20.6833 0.0
20.7 0.0
20.7167 0.0
20.7333 0.0
20.75 0.0
20.7667 0.0
20.7833 0.0
20.8 0.0
20.8167 0.0
20.8333 0.0
20.85 0.0
20.8667 0.0
20.8833 0.0
20.9 0.0
20.9167 0.0
20.9333 0.0
20.95 0.0
20.9667 0.0
20.9833 0.0
21.0 0.0
21.0167 0.0
21.0333 0.0
21.05 0.0
21.0667 0.0
21.0833 0.0
21.1 0.0
21.1167 0.0
21.1333 0.0
21.15 0.0
21.1667 0.0
21.1833 0.0
21.2 0.0
21.2167 0.0
21.2333 0.0
21.25 0.0
21.2667 0.0
21.2833 0.0
21.3 0.0
21.3167 0.0
21.3333 0.0
21.35 0.0
21.3667 0.0
21.3833 0.0
21.4 0.0
21.4167 0.0
21.4333 0.0
21.45 0.0
21.4667 0.0
21.4833 0.0
21.5 0.0
21.5167 0.0
21.5333 0.0
21.55 0.0
21.5667 0.0
21.5833 0.0
21.6 0.0
21.6167 0.0
21.6333 0.0
21.65 0.0
21.6667 0.0
21.6833 0.0
21.7 0.0
21.7167 0.0
21.7333 0.0
21.75 0.0
21.7667 0.0
21.7833 0.0
21.8 0.0
21.8167 0.0
21.8333 0.0
21.85 0.0
21.8667 0.0
21.8833 0.0
21.9 0.0
21.9167 0.0
21.9333 0.0
21.95 0.0
21.9667 0.0
21.9833 0.0
22.0 0.0
22.0167 0.0
22.0333 0.0
22.05 0.0
22.0667 0.0
22.0833 0.0
22.1 0.0
22.1167 0.0
22.1333 0.0
22.15 0.0
22.1667 0.0
22.1833 0.0
22.2 0.0
22.2167 0.0
22.2333 0.0
22.25 0.0
22.2667 0.0
22.2833 0.0
22.3 0.0
22.3167 0.0
22.3333 0.0
22.35 0.0
22.3667 0.0
22.3833 0.0
22.4 0.0
22.4167 0.0
22.4333 0.0
22.45 0.0
22.4667 0.0
22.4833 0.0
22.5 0.0
22.5167 0.0
22.5333 0.0
22.55 0.0
22.5667 0.0
22.5833 0.0
22.6 0.0
22.6167 0.0
22.6333 0.0
22.65 0.0
22.6667 0.0
22.6833 0.0
22.7 0.0
22.7167 0.0
22.7333 0.0
22.75 0.0
22.7667 0.0
22.7833 0.0
22.8 0.0
22.8167 0.0
22.8333 0.0
22.85 0.0
22.8667 0.0
22.8833 0.0
22.9 0.0
22.9167 0.0
22.9333 0.0
22.95 0.0
22.9667 0.0
22.9833 0.0
23.0 0.0
23.0167 0.0
23.0333 0.0
23.05 0.0
23.0667 0.0
23.0833 0.0
23.1 0.0
23.1167 0.0
23.1333 0.0
23.15 0.0
23.1667 0.0
23.1833 0.0
23.2 0.0
23.2167 0.0
23.2333 0.0
23.25 0.0
23.2667 0.0
23.2833 0.0
23.3 0.0
23.3167 0.0
23.3333 0.0
23.35 0.0
23.3667 0.0
23.3833 0.0
23.4 0.0
23.4167 0.0
23.4333 0.0
23.45 0.0
23.4667 0.0
23.4833 0.0
23.5 0.0
23.5167 0.0
23.5333 0.0
23.55 0.0
23.5667 0.0
23.5833 0.0
23.6 0.0
23.6167 0.0
23.6333 0.0
23.65 0.0
23.6667 0.0
23.6833 0.0
23.7 0.0
23.7167 0.0
23.7333 0.0
23.75 0.0
23.7667 0.0
23.7833 0.0
23.8 0.0
23.8167 0.0
23.8333 0.0
23.85 0.0
23.8667 0.0
23.8833 0.0
23.9 0.0
23.9167 0.0
23.9333 0.0
23.95 0.0
23.9667 0.0
23.9833 0.0
