0.0 0.0
0.0167 0.0
0.0333 0.0
0.05 0.0
0.0667 0.0
0.0833 0.0
0.1 0.0
0.1167 0.0
0.1333 0.0
0.15 0.0
0.1667 0.0
0.1833 0.0
0.2 0.0
0.2167 0.0
0.2333 0.0
0.25 0.0
0.2667 0.0
0.2833 0.0
0.3 0.0
0.3167 0.0
0.3333 0.0
0.35 0.0
0.3667 0.0
0.3833 0.0
0.4 0.0
0.4167 0.0
0.4333 0.0
0.45 0.0
0.4667 0.0
0.4833 0.0
0.5 0.0
0.5167 0.0
0.5333 0.0
0.55 0.0
0.5667 0.0
0.5833 0.0
0.6 0.0
0.6167 0.0
0.6333 0.0
0.65 0.0
0.6667 0.0
0.6833 0.0
0.7 0.0
0.7167 0.0
0.7333 0.0
0.75 0.0
0.7667 0.0
0.7833 0.0
0.8 0.0
0.8167 0.0
0.8333 0.0
0.85 0.0
0.8667 0.0
0.8833 0.0
0.9 0.0
0.9167 0.0
0.9333 0.0
0.95 0.0
0.9667 0.0
0.9833 0.0
1.0 0.0
1.0167 0.0
1.0333 0.0
1.05 0.0
1.0667 0.0
1.0833 0.0
1.1 0.0
1.1167 0.0
1.1333 0.0
1.15 0.0
1.1667 0.0
1.1833 0.0
1.2 0.0
1.2167 0.0
1.2333 0.0
1.25 0.0
1.2667 0.0
1.2833 0.0
1.3 0.0
1.3167 0.0
1.3333 0.0
1.35 0.0
1.3667 0.0
1.3833 0.0
1.4 0.0
1.4167 0.0
1.4333 0.0
1.45 0.0
1.4667 0.0
1.4833 0.0
1.5 0.0
1.5167 0.0
1.5333 0.0
1.55 0.0
1.5667 0.0
1.5833 0.0
1.6 0.0
1.6167 0.0
1.6333 0.0
1.65 0.0
1.6667 0.0
1.6833 0.0
1.7 0.0
1.7167 0.0
1.7333 0.0
1.75 0.0
1.7667 0.0
1.7833 0.0
1.8 0.0
1.8167 0.0
1.8333 0.0
1.85 0.0
1.8667 0.0
1.8833 0.0
1.9 0.0
1.9167 0.0
1.9333 0.0
1.95 0.0
1.9667 0.0
1.9833 0.0
2.0 0.0
2.0167 0.0
2.0333 0.0
2.05 0.0
2.0667 0.0
2.0833 0.0
2.1 0.0
2.1167 0.0
2.1333 0.0
2.15 0.0
2.1667 0.0
2.1833 0.0
2.2 0.0
2.2167 0.0
2.2333 0.0
2.25 0.0
2.2667 0.0
2.2833 0.0
2.3 0.0
2.3167 0.0
2.3333 0.0
2.35 0.0
2.3667 0.0
2.3833 0.0
2.4 0.0
2.4167 0.0
2.4333 0.0
2.45 0.0
2.4667 0.0
2.4833 0.0
2.5 0.0
2.5167 0.0
2.5333 0.0
2.55 0.0
2.5667 0.0
2.5833 0.0
2.6 0.0
2.6167 0.0
2.6333 0.0
2.65 0.0
2.6667 0.0
2.6833 0.0
2.7 0.0
2.7167 0.0
2.7333 0.0
2.75 0.0
2.7667 0.0
2.7833 0.0
2.8 0.0
2.8167 0.0
2.8333 0.0
2.85 0.0
2.8667 0.0
2.8833 0.0
2.9 0.0
2.9167 0.0
2.9333 0.0
2.95 0.0
2.9667 0.0
2.9833 0.0
3.0 0.0
3.0167 0.0
3.0333 0.0
3.05 0.0
3.0667 0.0
3.0833 0.0
3.1 0.0
3.1167 0.0
3.1333 0.0
3.15 0.0
3.1667 0.0
3.1833 0.0
3.2 0.0
3.2167 0.0
3.2333 0.0
3.25 0.0
3.2667 0.0
3.2833 0.0
3.3 0.0
3.3167 0.0
3.3333 0.0
3.35 0.0
3.3667 0.0
3.3833 0.0
3.4 0.0
3.4167 0.0
3.4333 0.0
3.45 0.0
3.4667 0.0
3.4833 0.0
3.5 0.0
3.5167 0.0
3.5333 0.0
3.55 0.0
3.5667 0.0
3.5833 0.0
3.6 0.0
3.6167 0.0
3.6333 0.0
3.65 0.0
3.6667 0.0
3.6833 0.0
3.7 0.0
3.7167 0.0
3.7333 0.0
3.75 0.0
3.7667 0.0
3.7833 0.0
3.8 0.0
3.8167 0.0
3.8333 0.0
3.85 0.0
3.8667 0.0
3.8833 0.0
3.9 0.0
3.9167 0.0
3.9333 0.0
3.95 0.0
3.9667 0.0
3.9833 0.0
4.0 0.0
4.0167 0.0
4.0333 0.0
4.05 0.0
4.0667 0.0
4.0833 0.0
4.1 0.0
4.1167 0.0
4.1333 0.0
4.15 0.0
4.1667 0.0
4.1833 0.0
4.2 0.0
4.2167 0.0
4.2333 0.0
4.25 0.0
4.2667 0.0
4.2833 0.0
4.3 0.0
4.3167 0.0
4.3333 0.0
4.35 0.0
4.3667 0.0
4.3833 0.0
4.4 0.0
4.4167 0.0
4.4333 0.0
4.45 0.0
4.4667 0.0
4.4833 0.0
4.5 0.0
4.5167 0.0
4.5333 0.0
4.55 0.0
4.5667 0.0
4.5833 0.0
4.6 0.0
4.6167 0.0
4.6333 0.0
4.65 0.0
4.6667 0.0
4.6833 0.0
4.7 0.0
4.7167 0.0
4.7333 0.0
4.75 0.0
4.7667 0.0
4.7833 0.0
4.8 0.0
4.8167 0.0
4.8333 0.0
4.85 0.0
4.8667 0.0
4.8833 0.0
4.9 0.0
4.9167 0.0
4.9333 0.0
4.95 0.0
4.9667 0.0
4.9833 0.0
5.0 0.0
5.0167 0.0
5.0333 0.0
5.05 0.0
5.0667 0.0
5.0833 0.0
5.1 0.0
5.1167 0.0
5.1333 0.0
5.15 0.0
5.1667 0.0
5.1833 0.0
5.2 0.0
5.2167 0.0
5.2333 0.0
5.25 0.0
5.2667 0.0
5.2833 0.0
5.3 0.0
5.3167 0.0
5.3333 0.0
5.35 0.0
5.3667 0.0
5.3833 0.0
5.4 0.0
5.4167 0.0
5.4333 0.0
5.45 0.0
5.4667 0.0
5.4833 0.0
5.5 0.0
5.5167 0.0
5.5333 0.0
5.55 0.0
5.5667 0.0
5.5833 0.0
5.6 0.0
5.6167 0.0
5.6333 0.0
5.65 0.0
5.6667 0.0
5.6833 0.0
5.7 0.0
5.7167 0.0
5.7333 0.0
5.75 0.0
5.7667 0.0
5.7833 0.0
5.8 0.0
5.8167 0.0
5.8333 0.0
5.85 0.0
5.8667 0.0
5.8833 0.0
5.9 0.0
5.9167 0.0
5.9333 0.0
5.95 0.0
5.9667 0.0
5.9833 0.0
6.0 0.0
6.0167 0.0
6.0333 0.0
6.05 0.0
6.0667 0.0
6.0833 0.0
6.1 0.0
6.1167 0.0
6.1333 0.0
6.15 0.0
6.1667 0.0
6.1833 0.0
6.2 0.0
6.2167 0.0
6.2333 0.0
6.25 0.0
6.2667 0.0
6.2833 0.0
6.3 0.0
6.3167 0.0
6.3333 0.0
6.35 0.0
6.3667 0.0
6.3833 0.0
6.4 0.0
6.4167 0.0
6.4333 0.0
6.45 0.0
6.4667 0.0
6.4833 0.0
6.5 0.0
6.5167 0.0
6.5333 0.0
6.55 0.0
6.5667 0.0
6.5833 1.35e-15
6.6 1.67e-11
6.6167 3.595e-09
6.6333 2.017e-07
6.65 3.204e-06
6.6667 2.209e-05
6.6833 7.536e-05
6.7 0.0001701
6.7167 0.0003123
6.7333 0.0005189
6.75 0.0008137
6.7667 0.00123
6.7833 0.001811
6.8 0.002575
6.8167 0.00359
6.8333 0.004992
6.85 0.006665
6.8667 0.008843
6.8833 0.01169
6.9 0.01541
6.9167 0.01992
6.9333 0.0253
6.95 0.03203
6.9667 0.04062
6.9833 0.05165
7.0 0.06339
7.0167 0.07983
7.0333 0.09666
7.05 0.1169
7.0667 0.1408
7.0833 0.1683
7.1 0.1995
7.1167 0.2349
7.1333 0.276
7.15 0.3213
7.1667 0.3642
7.1833 0.4264
7.2 0.4728
7.2167 0.5277
7.2333 0.5927
7.25 0.6691
7.2667 0.7488
7.2833 0.8223
7.3 0.9002
7.3167 0.982
7.3333 1.067
7.35 1.156
7.3667 1.248
7.3833 1.342
7.4 1.44
7.4167 1.54
7.4333 1.643
7.45 1.748
7.4667 1.856
7.4833 1.966
7.5 2.078
7.5167 2.193
7.5333 2.309
7.55 2.428
7.5667 2.55
7.5833 2.673
7.6 2.799
7.6167 2.927
7.6333 3.057
7.65 3.189
7.6667 3.323
7.6833 3.459
7.7 3.598
7.7167 3.739
7.7333 3.881
7.75 4.026
7.7667 4.173
7.7833 4.322
7.8 4.473
7.8167 4.626
7.8333 4.781
7.85 4.938
7.8667 5.097
7.8833 5.258
7.9 5.421
7.9167 5.586
7.9333 5.752
7.95 5.921
7.9667 6.091
7.9833 6.263
8.0 6.437
8.0167 6.612
8.0333 6.79
8.05 6.969
8.0667 7.149
8.0833 7.331
8.1 7.515
8.1167 7.7
8.1333 7.887
8.15 8.075
8.1667 8.264
8.1833 8.455
8.2 8.647
8.2167 8.841
8.2333 9.035
8.25 9.231
8.2667 9.429
8.2833 9.627
8.3 9.826
8.3167 10.03
8.3333 10.23
8.35 10.43
8.3667 10.63
8.3833 10.84
8.4 11.04
8.4167 11.25
8.4333 11.46
8.45 11.67
8.4667 11.88
8.4833 12.09
8.5 12.3
8.5167 12.51
8.5333 12.72
8.55 12.93
8.5667 13.14
8.5833 13.36
8.6 13.57
8.6167 13.79
8.6333 14.0
8.65 14.22
8.6667 14.44
8.6833 14.65
8.7 14.87
8.7167 15.09
8.7333 15.3
8.75 15.52
8.7667 15.74
8.7833 15.96
8.8 16.18
8.8167 16.4
8.8333 16.62
8.85 16.84
8.8667 17.06
8.8833 17.28
8.9 17.5
8.9167 17.72
8.9333 17.94
8.95 18.16
8.9667 18.38
8.9833 18.6
9.0 18.82
9.0167 19.04
9.0333 19.26
9.05 19.48
9.0667 19.7
9.0833 19.93
9.1 20.15
9.1167 20.37
9.1333 20.59
9.15 20.81
9.1667 21.03
9.1833 21.25
9.2 21.47
9.2167 21.68
9.2333 21.9
9.25 22.12
9.2667 22.34
9.2833 22.56
9.3 22.78
9.3167 22.99
9.3333 23.21
9.35 23.43
9.3667 23.65
9.3833 23.86
9.4 24.08
9.4167 24.29
9.4333 24.51
9.45 24.72
9.4667 24.94
9.4833 25.15
9.5 25.36
9.5167 25.58
9.5333 25.79
9.55 26.0
9.5667 26.21
9.5833 26.42
9.6 26.63
9.6167 26.84
9.6333 27.05
9.65 27.26
9.6667 27.47
9.6833 27.68
9.7 27.88
9.7167 28.09
9.7333 28.3
9.75 28.5
9.7667 28.71
9.7833 28.91
9.8 29.11
9.8167 29.32
9.8333 29.52
9.85 29.72
9.8667 29.92
9.8833 30.12
9.9 30.32
9.9167 30.52
9.9333 30.71
9.95 30.91
9.9667 31.11
9.9833 31.3
10.0 31.5
10.0167 31.69
10.0333 31.88
10.05 32.07
10.0667 32.27
10.0833 32.46
10.1 32.65
10.1167 32.83
10.1333 33.02
10.15 33.21
10.1667 33.4
10.1833 33.58
10.2 33.77
10.2167 33.95
10.2333 34.13
10.25 34.31
10.2667 34.49
10.2833 34.67
10.3 34.85
10.3167 35.03
10.3333 35.21
10.35 35.39
10.3667 35.56
10.3833 35.74
10.4 35.91
10.4167 36.08
10.4333 36.25
10.45 36.42
10.4667 36.59
10.4833 36.76
10.5 36.93
10.5167 37.09
10.5333 37.26
10.55 37.42
10.5667 37.59
10.5833 37.75
10.6 37.91
10.6167 38.07
10.6333 38.23
10.65 38.39
10.6667 38.55
10.6833 38.7
10.7 38.86
10.7167 39.01
10.7333 39.16
10.75 39.32
10.7667 39.47
10.7833 39.62
10.8 39.77
10.8167 39.91
10.8333 40.06
10.85 40.2
10.8667 40.35
10.8833 40.49
10.9 40.63
10.9167 40.77
10.9333 40.91
10.95 41.05
10.9667 41.19
10.9833 41.32
11.0 41.46
11.0167 41.59
11.0333 41.72
11.05 41.86
11.0667 41.99
11.0833 42.11
11.1 42.24
11.1167 42.37
11.1333 42.49
11.15 42.62
11.1667 42.74
11.1833 42.86
11.2 42.98
11.2167 43.1
11.2333 43.22
11.25 43.34
11.2667 43.45
11.2833 43.57
11.3 43.68
11.3167 43.79
11.3333 43.9
11.35 44.01
11.3667 44.12
11.3833 44.23
11.4 44.33
11.4167 44.44
11.4333 44.54
11.45 44.64
11.4667 44.74
11.4833 44.84
11.5 44.94
11.5167 45.04
11.5333 45.13
11.55 45.23
11.5667 45.32
11.5833 45.41
11.6 45.5
11.6167 45.59
11.6333 45.68
11.65 45.76
11.6667 45.85
11.6833 45.93
11.7 46.01
11.7167 46.1
11.7333 46.17
11.75 46.25
11.7667 46.33
11.7833 46.41
11.8 46.48
11.8167 46.55
11.8333 46.63
11.85 46.7
11.8667 46.77
11.8833 46.83
11.9 46.9
11.9167 46.96
11.9333 47.03
11.95 47.09
11.9667 47.15
11.9833 47.21
12.0 47.27
12.0167 47.33
12.0333 47.38
12.05 47.44
12.0667 47.49
12.0833 47.54
12.1 47.59
12.1167 47.64
12.1333 47.69
12.15 47.73
12.1667 47.78
12.1833 47.82
12.2 47.86
12.2167 47.91
12.2333 47.94
12.25 47.98
12.2667 48.02
12.2833 48.05
12.3 48.09
12.3167 48.12
12.3333 48.15
12.35 48.18
12.3667 48.21
12.3833 48.24
12.4 48.26
12.4167 48.29
12.4333 48.31
12.45 48.33
12.4667 48.35
12.4833 48.37
12.5 48.39
12.5167 48.4
12.5333 48.42
12.55 48.43
12.5667 48.44
12.5833 48.45
12.6 48.46
12.6167 48.47
12.6333 48.47
12.65 48.48
12.6667 48.48
12.6833 48.48
12.7 48.49
12.7167 48.48
12.7333 48.48
12.75 48.48
12.7667 48.47
12.7833 48.47
12.8 48.46
12.8167 48.45
12.8333 48.44
12.85 48.43
12.8667 48.41
12.8833 48.4
12.9 48.38
12.9167 48.37
12.9333 48.35
12.95 48.33
12.9667 48.31
12.9833 48.28
13.0 48.26
13.0167 48.23
13.0333 48.21
13.05 48.18
13.0667 48.15
13.0833 48.12
13.1 48.08
13.1167 48.05
13.1333 48.01
13.15 47.98
13.1667 47.94
13.1833 47.9
13.2 47.86
13.2167 47.82
13.2333 47.77
13.25 47.73
13.2667 47.68
13.2833 47.63
13.3 47.58
13.3167 47.53
13.3333 47.48
13.35 47.43
13.3667 47.38
13.3833 47.32
13.4 47.26
13.4167 47.2
13.4333 47.14
13.45 47.08
13.4667 47.02
13.4833 46.96
13.5 46.89
13.5167 46.82
13.5333 46.76
13.55 46.69
13.5667 46.62
13.5833 46.54
13.6 46.47
13.6167 46.39
13.6333 46.32
13.65 46.24
13.6667 46.16
13.6833 46.08
13.7 46.0
13.7167 45.92
13.7333 45.84
13.75 45.75
13.7667 45.66
13.7833 45.58
13.8 45.49
13.8167 45.4
13.8333 45.31
13.85 45.21
13.8667 45.12
13.8833 45.02
13.9 44.92
13.9167 44.83
13.9333 44.73
13.95 44.63
13.9667 44.52
13.9833 44.42
14.0 44.32
14.0167 44.21
14.0333 44.1
14.05 44.0
14.0667 43.89
14.0833 43.78
14.1 43.66
14.1167 43.55
14.1333 43.44
14.15 43.32
14.1667 43.2
14.1833 43.08
14.2 42.97
14.2167 42.84
14.2333 42.72
14.25 42.6
14.2667 42.47
14.2833 42.35
14.3 42.22
14.3167 42.1
14.3333 41.97
14.35 41.84
14.3667 41.7
14.3833 41.57
14.4 41.44
14.4167 41.3
14.4333 41.17
14.45 41.03
14.4667 40.89
14.4833 40.75
14.5 40.61
14.5167 40.47
14.5333 40.33
14.55 40.18
14.5667 40.04
14.5833 39.89
14.6 39.74
14.6167 39.59
14.6333 39.44
14.65 39.29
14.6667 39.14
14.6833 38.99
14.7 38.84
14.7167 38.68
14.7333 38.52
14.75 38.37
14.7667 38.21
14.7833 38.05
14.8 37.89
14.8167 37.73
14.8333 37.56
14.85 37.4
14.8667 37.24
14.8833 37.07
14.9 36.9
14.9167 36.74
14.9333 36.57
14.95 36.4
14.9667 36.23
14.9833 36.06
15.0 35.88
15.0167 35.71
15.0333 35.53
15.05 35.36
15.0667 35.18
15.0833 35.01
15.1 34.83
15.1167 34.65
15.1333 34.47
15.15 34.29
15.1667 34.1
15.1833 33.92
15.2 33.74
15.2167 33.55
15.2333 33.37
15.25 33.18
15.2667 32.99
15.2833 32.81
15.3 32.62
15.3167 32.43
15.3333 32.24
15.35 32.05
15.3667 31.85
15.3833 31.66
15.4 31.47
15.4167 31.27
15.4333 31.08
15.45 30.88
15.4667 30.68
15.4833 30.49
15.5 30.29
15.5167 30.09
15.5333 29.89
15.55 29.69
15.5667 29.49
15.5833 29.28
15.6 29.08
15.6167 28.88
15.6333 28.68
15.65 28.47
15.6667 28.27
15.6833 28.06
15.7 27.85
15.7167 27.65
15.7333 27.44
15.75 27.23
15.7667 27.02
15.7833 26.81
15.8 26.6
15.8167 26.39
15.8333 26.18
15.85 25.97
15.8667 25.76
15.8833 25.54
15.9 25.33
15.9167 25.12
15.9333 24.9
15.95 24.69
15.9667 24.47
15.9833 24.26
16.0 24.04
16.0167 23.83
16.0333 23.61
16.05 23.4
16.0667 23.18
16.0833 22.96
16.1 22.74
16.1167 22.53
16.1333 22.31
16.15 22.09
16.1667 21.87
16.1833 21.65
16.2 21.43
16.2167 21.21
16.2333 20.99
16.25 20.77
16.2667 20.55
16.2833 20.33
16.3 20.11
16.3167 19.89
16.3333 19.67
16.35 19.45
16.3667 19.23
16.3833 19.01
16.4 18.79
16.4167 18.57
16.4333 18.35
16.45 18.13
16.4667 17.91
16.4833 17.68
16.5 17.46
16.5167 17.24
16.5333 17.02
16.55 16.8
16.5667 16.58
16.5833 16.36
16.6 16.14
16.6167 15.93
16.6333 15.71
16.65 15.49
16.6667 15.27
16.6833 15.05
16.7 14.83
16.7167 14.62
16.7333 14.4
16.75 14.18
16.7667 13.97
16.7833 13.75
16.8 13.54
16.8167 13.32
16.8333 13.11
16.85 12.9
16.8667 12.68
16.8833 12.47
16.9 12.26
16.9167 12.05
16.9333 11.84
16.95 11.63
16.9667 11.43
16.9833 11.22
17.0 11.01
17.0167 10.81
17.0333 10.6
17.05 10.4
17.0667 10.2
17.0833 9.994
17.1 9.794
17.1167 9.595
17.1333 9.397
17.15 9.199
17.1667 9.004
17.1833 8.809
17.2 8.616
17.2167 8.424
17.2333 8.233
17.25 8.044
17.2667 7.856
17.2833 7.67
17.3 7.485
17.3167 7.302
17.3333 7.12
17.35 6.939
17.3667 6.761
17.3833 6.583
17.4 6.409
17.4167 6.235
17.4333 6.063
17.45 5.893
17.4667 5.725
17.4833 5.558
17.5 5.394
17.5167 5.231
17.5333 5.071
17.55 4.912
17.5667 4.755
17.5833 4.601
17.6 4.448
17.6167 4.297
17.6333 4.148
17.65 4.002
17.6667 3.857
17.6833 3.715
17.7 3.575
17.7167 3.437
17.7333 3.3
17.75 3.166
17.7667 3.035
17.7833 2.905
17.8 2.778
17.8167 2.652
17.8333 2.529
17.85 2.408
17.8667 2.29
17.8833 2.173
17.9 2.059
17.9167 1.947
17.9333 1.837
17.95 1.73
17.9667 1.625
17.9833 1.523
18.0 1.423
18.0167 1.326
18.0333 1.232
18.05 1.141
18.0667 1.053
18.0833 0.9678
18.1 0.8866
18.1167 0.8094
18.1333 0.7367
18.15 0.6552
18.1667 0.5808
18.1833 0.5177
18.2 0.4643
18.2167 0.4097
18.2333 0.3567
18.25 0.3099
18.2667 0.2705
18.2833 0.2294
18.3 0.1941
18.3167 0.1634
18.3333 0.1362
18.35 0.1136
18.3667 0.09415
18.3833 0.07557
18.4 0.06139
18.4167 0.04892
18.4333 0.03936
18.45 0.03083
18.4667 0.02411
18.4833 0.01876
18.5 0.01449
18.5167 0.01112
18.5333 0.00847
18.55 0.006398
18.5667 0.004663
18.5833 0.003433
18.6 0.002418
18.6167 0.001681
18.6333 0.001149
18.65 0.0007645
18.6667 0.0004829
18.6833 0.0002823
18.7 0.0001475
18.7167 6.319e-05
18.7333 1.692e-05
18.75 2.018e-06
18.7667 1.102e-07
18.7833 1.634e-09
18.8 4.495e-12
18.8167 3.333e-29
18.8333 0.0
18.85 0.0
18.8667 0.0
18.8833 0.0
18.9 0.0
18.9167 0.0
18.9333 0.0
18.95 0.0
18.9667 0.0
18.9833 0.0
19.0 0.0
19.0167 0.0
19.0333 0.0
19.05 0.0
19.0667 0.0
19.0833 0.0
19.1 0.0
19.1167 0.0
19.1333 0.0
19.15 0.0
19.1667 0.0
19.1833 0.0
19.2 0.0
19.2167 0.0
19.2333 0.0
19.25 0.0
19.2667 0.0
19.2833 0.0
19.3 0.0
19.3167 0.0
19.3333 0.0
19.35 0.0
19.3667 0.0
19.3833 0.0
19.4 0.0
19.4167 0.0
19.4333 0.0
19.45 0.0
19.4667 0.0
19.4833 0.0
19.5 0.0
19.5167 0.0
19.5333 0.0
19.55 0.0
19.5667 0.0
19.5833 0.0
19.6 0.0
19.6167 0.0
19.6333 0.0
19.65 0.0
19.6667 0.0
19.6833 0.0
19.7 0.0
19.7167 0.0
19.7333 0.0
19.75 0.0
19.7667 0.0
19.7833 0.0
19.8 0.0
19.8167 0.0
19.8333 0.0
19.85 0.0
19.8667 0.0
19.8833 0.0
19.9 0.0
19.9167 0.0
19.9333 0.0
19.95 0.0
19.9667 0.0
19.9833 0.0
20.0 0.0
20.0167 0.0
20.0333 0.0
20.05 0.0
20.0667 0.0
20.0833 0.0
20.1 0.0
20.1167 0.0
20.1333 0.0
20.15 0.0
20.1667 0.0
20.1833 0.0
20.2 0.0
20.2167 0.0
20.2333 0.0
20.25 0.0
20.2667 0.0
20.2833 0.0
20.3 0.0
20.3167 0.0
20.3333 0.0
20.35 0.0
20.3667 0.0
20.3833 0.0
20.4 0.0
20.4167 0.0
20.4333 0.0
20.45 0.0
20.4667 0.0
20.4833 0.0
20.5 0.0
20.5167 0.0
20.5333 0.0
20.55 0.0
20.5667 0.0
20.5833 0.0
20.6 0.0
20.6167 0.0
20.6333 0.0
20.65 0.0
20.6667 0.0
20.6833 0.0
20.7 0.0
20.7167 0.0
20.7333 0.0
20.75 0.0
20.7667 0.0
20.7833 0.0
20.8 0.0
20.8167 0.0
20.8333 0.0
20.85 0.0
20.8667 0.0
20.8833 0.0
20.9 0.0
20.9167 0.0
20.9333 0.0
20.95 0.0
20.9667 0.0
20.9833 0.0
21.0 0.0
21.0167 0.0
21.0333 0.0
21.05 0.0
21.0667 0.0
21.0833 0.0
21.1 0.0
21.1167 0.0
21.1333 0.0
21.15 0.0
21.1667 0.0
21.1833 0.0
21.2 0.0
21.2167 0.0
21.2333 0.0
21.25 0.0
21.2667 0.0
21.2833 0.0
21.3 0.0
21.3167 0.0
21.3333 0.0
21.35 0.0
21.3667 0.0
21.3833 0.0
21.4 0.0
21.4167 0.0
21.4333 0.0
21.45 0.0
21.4667 0.0
21.4833 0.0
21.5 0.0
21.5167 0.0
21.5333 0.0
21.55 0.0
21.5667 0.0
21.5833 0.0
21.6 0.0
21.6167 0.0
21.6333 0.0
21.65 0.0
21.6667 0.0
21.6833 0.0
21.7 0.0
21.7167 0.0
21.7333 0.0
21.75 0.0
21.7667 0.0
21.7833 0.0
21.8 0.0
21.8167 0.0
21.8333 0.0
21.85 0.0
21.8667 0.0
21.8833 0.0
21.9 0.0
21.9167 0.0
21.9333 0.0
21.95 0.0
21.9667 0.0
21.9833 0.0
22.0 0.0
22.0167 0.0
22.0333 0.0
22.05 0.0
22.0667 0.0
22.0833 0.0
22.1 0.0
22.1167 0.0
22.1333 0.0
22.15 0.0
22.1667 0.0
22.1833 0.0
22.2 0.0
22.2167 0.0
22.2333 0.0
22.25 0.0
22.2667 0.0
22.2833 0.0
22.3 0.0
22.3167 0.0
22.3333 0.0
22.35 0.0
22.3667 0.0
22.3833 0.0
22.4 0.0
22.4167 0.0
22.4333 0.0
22.45 0.0
22.4667 0.0
22.4833 0.0
22.5 0.0
22.5167 0.0
22.5333 0.0
22.55 0.0
22.5667 0.0
22.5833 0.0
22.6 0.0
22.6167 0.0
22.6333 0.0
22.65 0.0
22.6667 0.0
22.6833 0.0
22.7 0.0
22.7167 0.0
22.7333 0.0
22.75 0.0
22.7667 0.0
22.7833 0.0
22.8 0.0
22.8167 0.0
22.8333 0.0
22.85 0.0
22.8667 0.0
22.8833 0.0
22.9 0.0
22.9167 0.0
22.9333 0.0
22.95 0.0
22.9667 0.0
22.9833 0.0
23.0 0.0
23.0167 0.0
23.0333 0.0
23.05 0.0
23.0667 0.0
23.0833 0.0
23.1 0.0
23.1167 0.0
23.1333 0.0
23.15 0.0
23.1667 0.0
23.1833 0.0
23.2 0.0
23.2167 0.0
23.2333 0.0
23.25 0.0
23.2667 0.0
23.2833 0.0
23.3 0.0
23.3167 0.0
23.3333 0.0
23.35 0.0
23.3667 0.0
23.3833 0.0
23.4 0.0
23.4167 0.0
23.4333 0.0
23.45 0.0
23.4667 0.0
23.4833 0.0
23.5 0.0
23.5167 0.0
23.5333 0.0
23.55 0.0
23.5667 0.0
23.5833 0.0
23.6 0.0
23.6167 0.0
23.6333 0.0
23.65 0.0
23.6667 0.0
23.6833 0.0
23.7 0.0
23.7167 0.0
23.7333 0.0
23.75 0.0
23.7667 0.0
23.7833 0.0
23.8 0.0
23.8167 0.0
23.8333 0.0
23.85 0.0
23.8667 0.0
23.8833 0.0
23.9 0.0
23.9167 0.0
23.9333 0.0
23.95 0.0
23.9667 0.0
23.9833 0.0
