0.0 0.0
0.0167 0.0
0.0333 0.0
0.05 0.0
0.0667 0.0
0.0833 0.0
0.1 0.0
0.1167 0.0
0.1333 0.0
0.15 0.0
0.1667 0.0
0.1833 0.0
0.2 0.0
0.2167 0.0
0.2333 0.0
0.25 0.0
0.2667 0.0
0.2833 0.0
0.3 0.0
0.3167 0.0
0.3333 0.0
0.35 0.0
0.3667 0.0
0.3833 0.0
0.4 0.0
0.4167 0.0
0.4333 0.0
0.45 0.0
0.4667 0.0
0.4833 0.0
0.5 0.0
0.5167 0.0
0.5333 0.0
0.55 0.0
0.5667 0.0
0.5833 0.0
0.6 0.0
0.6167 0.0
0.6333 0.0
0.65 0.0
0.6667 0.0
0.6833 0.0
0.7 0.0
0.7167 0.0
0.7333 0.0
0.75 0.0
0.7667 0.0
0.7833 0.0
0.8 0.0
0.8167 0.0
0.8333 0.0
0.85 0.0
0.8667 0.0
0.8833 0.0
0.9 0.0
0.9167 0.0
0.9333 0.0
0.95 0.0
0.9667 0.0
0.9833 0.0
1.0 0.0
1.0167 0.0
1.0333 0.0
1.05 0.0
1.0667 0.0
1.0833 0.0
1.1 0.0
1.1167 0.0
1.1333 0.0
1.15 0.0
1.1667 0.0
1.1833 0.0
1.2 0.0
1.2167 0.0
1.2333 0.0
1.25 0.0
1.2667 0.0
1.2833 0.0
1.3 0.0
1.3167 0.0
1.3333 0.0
1.35 0.0
1.3667 0.0
1.3833 0.0
1.4 0.0
1.4167 0.0
1.4333 0.0
1.45 0.0
1.4667 0.0
1.4833 0.0
1.5 0.0
1.5167 0.0
1.5333 0.0
1.55 0.0
1.5667 0.0
1.5833 0.0
1.6 0.0
1.6167 0.0
1.6333 0.0
1.65 0.0
1.6667 0.0
1.6833 0.0
1.7 0.0
1.7167 0.0
1.7333 0.0
1.75 0.0
1.7667 0.0
1.7833 0.0
1.8 0.0
1.8167 0.0
1.8333 0.0
1.85 0.0
1.8667 0.0
1.8833 0.0
1.9 0.0
1.9167 0.0
1.9333 0.0
1.95 0.0
1.9667 0.0
1.9833 0.0
2.0 0.0
2.0167 0.0
2.0333 0.0
2.05 0.0
2.0667 0.0
2.0833 0.0
2.1 0.0
2.1167 0.0
2.1333 0.0
2.15 0.0
2.1667 0.0
2.1833 0.0
2.2 0.0
2.2167 0.0
2.2333 0.0
2.25 0.0
2.2667 0.0
2.2833 0.0
2.3 0.0
2.3167 0.0
2.3333 0.0
2.35 0.0
2.3667 0.0
2.3833 0.0
2.4 0.0
2.4167 0.0
2.4333 0.0
2.45 0.0
2.4667 0.0
2.4833 0.0
2.5 0.0
2.5167 0.0
2.5333 0.0
2.55 0.0
2.5667 0.0
2.5833 0.0
2.6 0.0
2.6167 0.0
2.6333 0.0
2.65 0.0
2.6667 0.0
2.6833 0.0
2.7 0.0
2.7167 0.0
2.7333 0.0
2.75 0.0
2.7667 0.0
2.7833 0.0
2.8 0.0
2.8167 0.0
2.8333 0.0
2.85 0.0
2.8667 0.0
2.8833 0.0
2.9 0.0
2.9167 0.0
2.9333 0.0
2.95 0.0
2.9667 0.0
2.9833 0.0
3.0 0.0
3.0167 0.0
3.0333 0.0
3.05 0.0
3.0667 0.0
3.0833 0.0
3.1 0.0
3.1167 0.0
3.1333 0.0
3.15 0.0
3.1667 0.0
3.1833 0.0
3.2 0.0
3.2167 0.0
3.2333 0.0
3.25 0.0
3.2667 0.0
3.2833 0.0
3.3 0.0
3.3167 0.0
3.3333 0.0
3.35 0.0
3.3667 0.0
3.3833 0.0
3.4 0.0
3.4167 0.0
3.4333 0.0
3.45 0.0
3.4667 0.0
3.4833 0.0
3.5 0.0
3.5167 0.0
3.5333 0.0
3.55 0.0
3.5667 0.0
3.5833 0.0
3.6 0.0
3.6167 0.0
3.6333 0.0
3.65 0.0
3.6667 0.0
3.6833 0.0
3.7 0.0
3.7167 0.0
3.7333 0.0
3.75 0.0
3.7667 0.0
3.7833 0.0
3.8 0.0
3.8167 0.0
3.8333 0.0
3.85 0.0
3.8667 0.0
3.8833 0.0
3.9 0.0
3.9167 0.0
3.9333 0.0
3.95 0.0
3.9667 0.0
3.9833 0.0
4.0 0.0
4.0167 0.0
4.0333 0.0
4.05 0.0
4.0667 0.0
4.0833 0.0
4.1 0.0
4.1167 0.0
4.1333 0.0
4.15 0.0
4.1667 0.0
4.1833 0.0
4.2 0.0
4.2167 0.0
4.2333 0.0
4.25 0.0
4.2667 0.0
4.2833 0.0
4.3 0.0
4.3167 0.0
4.3333 0.0
4.35 0.0
4.3667 0.0
4.3833 0.0
4.4 0.0
4.4167 0.0
4.4333 0.0
4.45 0.0
4.4667 0.0
4.4833 0.0
4.5 0.0
4.5167 0.0
4.5333 0.0
4.55 0.0
4.5667 0.0
4.5833 0.0
4.6 0.0
4.6167 0.0
4.6333 0.0
4.65 0.0
4.6667 0.0
4.6833 0.0
4.7 0.0
4.7167 0.0
4.7333 0.0
4.75 0.0
4.7667 0.0
4.7833 0.0
4.8 0.0
4.8167 0.0
4.8333 0.0
4.85 0.0
4.8667 0.0
4.8833 0.0
4.9 0.0
4.9167 0.0
4.9333 0.0
4.95 0.0
4.9667 0.0
4.9833 0.0
5.0 0.0
5.0167 0.0
5.0333 0.0
5.05 0.0
5.0667 0.0
5.0833 0.0
5.1 0.0
5.1167 0.0
5.1333 0.0
5.15 0.0
5.1667 0.0
5.1833 0.0
5.2 0.0
5.2167 0.0
5.2333 0.0
5.25 0.0
5.2667 0.0
5.2833 0.0
5.3 0.0
5.3167 0.0
5.3333 0.0
5.35 0.0
5.3667 0.0
5.3833 0.0
5.4 0.0
5.4167 0.0
5.4333 0.0
5.45 0.0
5.4667 0.0
5.4833 0.0
5.5 0.0
5.5167 0.0
5.5333 0.0
5.55 0.0
5.5667 0.0
5.5833 0.0
5.6 0.0
5.6167 0.0
5.6333 0.0
5.65 0.0
5.6667 0.0
5.6833 0.0
5.7 0.0
5.7167 0.0
5.7333 0.0
5.75 0.0
5.7667 0.0
5.7833 0.0
5.8 0.0
5.8167 0.0
5.8333 0.0
5.85 0.0
5.8667 0.0
5.8833 0.0
5.9 0.0
5.9167 0.0
5.9333 0.0
5.95 0.0
5.9667 0.0
5.9833 0.0
6.0 0.0
6.0167 0.0
6.0333 0.0
6.05 0.0
6.0667 0.0
6.0833 0.0
6.1 0.0
6.1167 0.0
6.1333 0.0
6.15 0.0
6.1667 0.0
6.1833 0.0
6.2 0.0
6.2167 0.0
6.2333 0.0
6.25 0.0
6.2667 0.0
6.2833 0.0
6.3 0.0
6.3167 0.0
6.3333 0.0
6.35 0.0
6.3667 0.0
6.3833 0.0
6.4 0.0
6.4167 0.0
6.4333 0.0
6.45 0.0
6.4667 0.0
6.4833 0.0
6.5 7.237e-14
6.5167 1.591e-10
6.5333 2.683e-08
6.55 9.262e-07
6.5667 1.085e-05
6.5833 4.965e-05
6.6 0.000133
6.6167 0.0002643
6.6333 0.0004654
6.65 0.0007623
6.6667 0.001178
6.6833 0.001769
6.7 0.002589
6.7167 0.003638
6.7333 0.005095
6.75 0.006991
6.7667 0.009444
6.7833 0.01253
6.8 0.01658
6.8167 0.02177
6.8333 0.02821
6.85 0.03619
6.8667 0.04628
6.8833 0.05924
6.9 0.07352
6.9167 0.09277
6.9333 0.1131
6.95 0.1377
6.9667 0.1666
6.9833 0.1995
7.0 0.2367
7.0167 0.2794
7.0333 0.3304
7.05 0.3752
7.0667 0.4381
7.0833 0.4909
7.1 0.554
7.1167 0.6293
7.1333 0.716
7.15 0.792
7.1667 0.873
7.1833 0.9588
7.2 1.049
7.2167 1.142
7.2333 1.239
7.25 1.339
7.2667 1.443
7.2833 1.549
7.3 1.659
7.3167 1.771
7.3333 1.886
7.35 2.004
7.3667 2.125
7.3833 2.248
7.4 2.374
7.4167 2.502
7.4333 2.633
7.45 2.766
7.4667 2.902
7.4833 3.041
7.5 3.182
7.5167 3.325
7.5333 3.471
7.55 3.62
7.5667 3.771
7.5833 3.924
7.6 4.08
7.6167 4.239
7.6333 4.4
7.65 4.563
7.6667 4.729
7.6833 4.897
7.7 5.068
7.7167 5.241
7.7333 5.416
7.75 5.594
7.7667 5.774
7.7833 5.956
7.8 6.14
7.8167 6.326
7.8333 6.515
7.85 6.706
7.8667 6.898
7.8833 7.093
7.9 7.29
7.9167 7.488
7.9333 7.689
7.95 7.891
7.9667 8.095
7.9833 8.301
8.0 8.509
8.0167 8.718
8.0333 8.929
8.05 9.142
8.0667 9.356
8.0833 9.571
8.1 9.788
8.1167 10.01
8.1333 10.23
8.15 10.45
8.1667 10.67
8.1833 10.89
8.2 11.12
8.2167 11.35
8.2333 11.57
8.25 11.8
8.2667 12.03
8.2833 12.26
8.3 12.49
8.3167 12.73
8.3333 12.96
8.35 13.2
8.3667 13.43
8.3833 13.67
8.4 13.91
8.4167 14.14
8.4333 14.38
8.45 14.62
8.4667 14.86
8.4833 15.1
8.5 15.34
8.5167 15.59
8.5333 15.83
8.55 16.07
8.5667 16.32
8.5833 16.56
8.6 16.81
8.6167 17.05
8.6333 17.3
8.65 17.54
8.6667 17.79
8.6833 18.04
8.7 18.28
8.7167 18.53
8.7333 18.78
8.75 19.03
8.7667 19.27
8.7833 19.52
8.8 19.77
8.8167 20.02
8.8333 20.27
8.85 20.52
8.8667 20.77
8.8833 21.02
8.9 21.26
8.9167 21.51
8.9333 21.76
8.95 22.01
8.9667 22.26
8.9833 22.51
9.0 22.76
9.0167 23.01
9.0333 23.26
9.05 23.51
9.0667 23.75
9.0833 24.0
9.1 24.25
9.1167 24.5
9.1333 24.75
9.15 24.99
9.1667 25.24
9.1833 25.49
9.2 25.74
9.2167 25.98
9.2333 26.23
9.25 26.47
9.2667 26.72
9.2833 26.97
9.3 27.21
9.3167 27.45
9.3333 27.7
9.35 27.94
9.3667 28.19
9.3833 28.43
9.4 28.67
9.4167 28.91
9.4333 29.16
9.45 29.4
9.4667 29.64
9.4833 29.88
9.5 30.12
9.5167 30.36
9.5333 30.6
9.55 30.83
9.5667 31.07
9.5833 31.31
9.6 31.54
9.6167 31.78
9.6333 32.01
9.65 32.25
9.6667 32.48
9.6833 32.72
9.7 32.95
9.7167 33.18
9.7333 33.41
9.75 33.64
9.7667 33.87
9.7833 34.1
9.8 34.33
9.8167 34.56
9.8333 34.78
9.85 35.01
9.8667 35.23
9.8833 35.46
9.9 35.68
9.9167 35.91
9.9333 36.13
9.95 36.35
9.9667 36.57
9.9833 36.79
10.0 37.01
10.0167 37.23
10.0333 37.44
10.05 37.66
10.0667 37.88
10.0833 38.09
10.1 38.31
10.1167 38.52
10.1333 38.73
10.15 38.94
10.1667 39.15
10.1833 39.36
10.2 39.57
10.2167 39.78
10.2333 39.98
10.25 40.19
10.2667 40.39
10.2833 40.6
10.3 40.8
10.3167 41.0
10.3333 41.2
10.35 41.4
10.3667 41.6
10.3833 41.8
10.4 41.99
10.4167 42.19
10.4333 42.38
10.45 42.58
10.4667 42.77
10.4833 42.96
10.5 43.15
10.5167 43.34
10.5333 43.53
10.55 43.72
10.5667 43.9
10.5833 44.09
10.6 44.27
10.6167 44.45
10.6333 44.63
10.65 44.82
10.6667 45.0
10.6833 45.17
10.7 45.35
10.7167 45.53
10.7333 45.7
10.75 45.88
10.7667 46.05
10.7833 46.22
10.8 46.39
10.8167 46.56
10.8333 46.73
10.85 46.89
10.8667 47.06
10.8833 47.22
10.9 47.39
10.9167 47.55
10.9333 47.71
10.95 47.87
10.9667 48.03
10.9833 48.18
11.0 48.34
11.0167 48.49
11.0333 48.65
11.05 48.8
11.0667 48.95
11.0833 49.1
11.1 49.25
11.1167 49.4
11.1333 49.54
11.15 49.69
11.1667 49.83
11.1833 49.97
11.2 50.11
11.2167 50.25
11.2333 50.39
11.25 50.53
11.2667 50.66
11.2833 50.79
11.3 50.93
11.3167 51.06
11.3333 51.19
11.35 51.32
11.3667 51.45
11.3833 51.57
11.4 51.7
11.4167 51.82
11.4333 51.95
11.45 52.07
11.4667 52.19
11.4833 52.3
11.5 52.42
11.5167 52.54
11.5333 52.65
11.55 52.76
11.5667 52.88
11.5833 52.99
11.6 53.09
11.6167 53.2
11.6333 53.31
11.65 53.41
11.6667 53.52
11.6833 53.62
11.7 53.72
11.7167 53.82
11.7333 53.91
11.75 54.01
11.7667 54.11
11.7833 54.2
11.8 54.29
11.8167 54.38
11.8333 54.47
11.85 54.56
11.8667 54.65
11.8833 54.73
11.9 54.82
11.9167 54.9
11.9333 54.98
11.95 55.06
11.9667 55.14
11.9833 55.21
12.0 55.29
12.0167 55.36
12.0333 55.43
12.05 55.51
12.0667 55.57
12.0833 55.64
12.1 55.71
12.1167 55.77
12.1333 55.84
12.15 55.9
12.1667 55.96
12.1833 56.02
12.2 56.08
12.2167 56.13
12.2333 56.19
12.25 56.24
12.2667 56.29
12.2833 56.34
12.3 56.39
12.3167 56.44
12.3333 56.49
12.35 56.53
12.3667 56.57
12.3833 56.62
12.4 56.66
12.4167 56.7
12.4333 56.73
12.45 56.77
12.4667 56.8
12.4833 56.84
12.5 56.87
12.5167 56.9
12.5333 56.93
12.55 56.95
12.5667 56.98
12.5833 57.0
12.6 57.02
12.6167 57.05
12.6333 57.07
12.65 57.08
12.6667 57.1
12.6833 57.12
12.7 57.13
12.7167 57.14
12.7333 57.15
12.75 57.16
12.7667 57.17
12.7833 57.17
12.8 57.18
12.8167 57.18
12.8333 57.18
12.85 57.19
12.8667 57.18
12.8833 57.18
12.9 57.18
12.9167 57.17
12.9333 57.16
12.95 57.16
12.9667 57.15
12.9833 57.13
13.0 57.12
13.0167 57.11
13.0333 57.09
13.05 57.07
13.0667 57.05
13.0833 57.03
13.1 57.01
13.1167 56.99
13.1333 56.96
13.15 56.94
13.1667 56.91
13.1833 56.88
13.2 56.85
13.2167 56.82
13.2333 56.78
13.25 56.75
13.2667 56.71
13.2833 56.67
13.3 56.63
13.3167 56.59
13.3333 56.55
13.35 56.5
13.3667 56.46
13.3833 56.41
13.4 56.36
13.4167 56.31
13.4333 56.26
13.45 56.21
13.4667 56.16
13.4833 56.1
13.5 56.04
13.5167 55.98
13.5333 55.92
13.55 55.86
13.5667 55.8
13.5833 55.73
13.6 55.67
13.6167 55.6
13.6333 55.53
13.65 55.46
13.6667 55.39
13.6833 55.32
13.7 55.24
13.7167 55.17
13.7333 55.09
13.75 55.01
13.7667 54.93
13.7833 54.85
13.8 54.77
13.8167 54.68
13.8333 54.6
13.85 54.51
13.8667 54.42
13.8833 54.33
13.9 54.24
13.9167 54.14
13.9333 54.05
13.95 53.95
13.9667 53.86
13.9833 53.76
14.0 53.66
14.0167 53.56
14.0333 53.45
14.05 53.35
14.0667 53.24
14.0833 53.14
14.1 53.03
14.1167 52.92
14.1333 52.81
14.15 52.7
14.1667 52.58
14.1833 52.47
14.2 52.35
14.2167 52.23
14.2333 52.11
14.25 51.99
14.2667 51.87
14.2833 51.75
14.3 51.62
14.3167 51.5
14.3333 51.37
14.35 51.24
14.3667 51.11
14.3833 50.98
14.4 50.85
14.4167 50.72
14.4333 50.58
14.45 50.44
14.4667 50.31
14.4833 50.17
14.5 50.03
14.5167 49.89
14.5333 49.74
14.55 49.6
14.5667 49.45
14.5833 49.31
14.6 49.16
14.6167 49.01
14.6333 48.86
14.65 48.71
14.6667 48.55
14.6833 48.4
14.7 48.25
14.7167 48.09
14.7333 47.93
14.75 47.77
14.7667 47.61
14.7833 47.45
14.8 47.29
14.8167 47.12
14.8333 46.96
14.85 46.79
14.8667 46.63
14.8833 46.46
14.9 46.29
14.9167 46.12
14.9333 45.94
14.95 45.77
14.9667 45.6
14.9833 45.42
15.0 45.24
15.0167 45.07
15.0333 44.89
15.05 44.71
15.0667 44.53
15.0833 44.34
15.1 44.16
15.1167 43.98
15.1333 43.79
15.15 43.6
15.1667 43.42
15.1833 43.23
15.2 43.04
15.2167 42.85
15.2333 42.65
15.25 42.46
15.2667 42.27
15.2833 42.07
15.3 41.88
15.3167 41.68
15.3333 41.48
15.35 41.28
15.3667 41.08
15.3833 40.88
15.4 40.68
15.4167 40.47
15.4333 40.27
15.45 40.07
15.4667 39.86
15.4833 39.65
15.5 39.44
15.5167 39.24
15.5333 39.03
15.55 38.82
15.5667 38.6
15.5833 38.39
15.6 38.18
15.6167 37.96
15.6333 37.75
15.65 37.53
15.6667 37.31
15.6833 37.1
15.7 36.88
15.7167 36.66
15.7333 36.44
15.75 36.22
15.7667 36.0
15.7833 35.77
15.8 35.55
15.8167 35.33
15.8333 35.1
15.85 34.87
15.8667 34.65
15.8833 34.42
15.9 34.19
15.9167 33.96
15.9333 33.73
15.95 33.5
15.9667 33.27
15.9833 33.04
16.0 32.81
16.0167 32.58
16.0333 32.34
16.05 32.11
16.0667 31.87
16.0833 31.64
16.1 31.4
16.1167 31.17
16.1333 30.93
16.15 30.69
16.1667 30.45
16.1833 30.21
16.2 29.97
16.2167 29.73
16.2333 29.49
16.25 29.25
16.2667 29.01
16.2833 28.77
16.3 28.53
16.3167 28.28
16.3333 28.04
16.35 27.8
16.3667 27.55
16.3833 27.31
16.4 27.06
16.4167 26.82
16.4333 26.57
16.45 26.33
16.4667 26.08
16.4833 25.84
16.5 25.59
16.5167 25.34
16.5333 25.09
16.55 24.85
16.5667 24.6
16.5833 24.35
16.6 24.1
16.6167 23.85
16.6333 23.61
16.65 23.36
16.6667 23.11
16.6833 22.86
16.7 22.61
16.7167 22.36
16.7333 22.11
16.75 21.86
16.7667 21.61
16.7833 21.36
16.8 21.12
16.8167 20.87
16.8333 20.62
16.85 20.37
16.8667 20.12
16.8833 19.87
16.9 19.62
16.9167 19.37
16.9333 19.13
16.95 18.88
16.9667 18.63
16.9833 18.38
17.0 18.14
17.0167 17.89
17.0333 17.64
17.05 17.4
17.0667 17.15
17.0833 16.9
17.1 16.66
17.1167 16.42
17.1333 16.17
17.15 15.93
17.1667 15.69
17.1833 15.44
17.2 15.2
17.2167 14.96
17.2333 14.72
17.25 14.48
17.2667 14.24
17.2833 14.0
17.3 13.76
17.3167 13.53
17.3333 13.29
17.35 13.06
17.3667 12.82
17.3833 12.59
17.4 12.36
17.4167 12.13
17.4333 11.9
17.45 11.67
17.4667 11.44
17.4833 11.21
17.5 10.99
17.5167 10.76
17.5333 10.54
17.55 10.32
17.5667 10.1
17.5833 9.877
17.6 9.66
17.6167 9.443
17.6333 9.229
17.65 9.015
17.6667 8.804
17.6833 8.594
17.7 8.386
17.7167 8.179
17.7333 7.974
17.75 7.771
17.7667 7.57
17.7833 7.371
17.8 7.173
17.8167 6.978
17.8333 6.784
17.85 6.593
17.8667 6.404
17.8833 6.216
17.9 6.031
17.9167 5.848
17.9333 5.667
17.95 5.489
17.9667 5.313
17.9833 5.139
18.0 4.967
18.0167 4.798
18.0333 4.631
18.05 4.467
18.0667 4.305
18.0833 4.145
18.1 3.988
18.1167 3.833
18.1333 3.681
18.15 3.532
18.1667 3.385
18.1833 3.24
18.2 3.098
18.2167 2.959
18.2333 2.822
18.25 2.687
18.2667 2.555
18.2833 2.426
18.3 2.299
18.3167 2.175
18.3333 2.054
18.35 1.935
18.3667 1.818
18.3833 1.705
18.4 1.594
18.4167 1.486
18.4333 1.382
18.45 1.28
18.4667 1.182
18.4833 1.087
18.5 0.9953
18.5167 0.9081
18.5333 0.825
18.55 0.7468
18.5667 0.6644
18.5833 0.5835
18.6 0.5155
18.6167 0.4588
18.6333 0.4013
18.65 0.3472
18.6667 0.297
18.6833 0.2593
18.7 0.2175
18.7167 0.1818
18.7333 0.1513
18.75 0.1247
18.7667 0.09986
18.7833 0.08114
18.8 0.0645
18.8167 0.05154
18.8333 0.04016
18.85 0.03123
18.8667 0.02415
18.8833 0.01852
18.9 0.01409
18.9167 0.01067
18.9333 0.007944
18.95 0.00581
18.9667 0.004195
18.9833 0.002996
19.0 0.002063
19.0167 0.001389
19.0333 0.0009097
19.05 0.0005749
19.0667 0.0003431
19.0833 0.0001795
19.1 7.975e-05
19.1167 2.206e-05
19.1333 2.723e-06
19.15 1.503e-07
19.1667 1.725e-09
19.1833 3.52e-12
19.2 8.567e-30
19.2167 0.0
19.2333 0.0
19.25 0.0
19.2667 0.0
19.2833 0.0
19.3 0.0
19.3167 0.0
19.3333 0.0
19.35 0.0
19.3667 0.0
19.3833 0.0
19.4 0.0
19.4167 0.0
19.4333 0.0
19.45 0.0
19.4667 0.0
19.4833 0.0
19.5 0.0
19.5167 0.0
19.5333 0.0
19.55 0.0
19.5667 0.0
19.5833 0.0
19.6 0.0
19.6167 0.0
19.6333 0.0
19.65 0.0
19.6667 0.0
19.6833 0.0
19.7 0.0
19.7167 0.0
19.7333 0.0
19.75 0.0
19.7667 0.0
19.7833 0.0
19.8 0.0
19.8167 0.0
19.8333 0.0
19.85 0.0
19.8667 0.0
19.8833 0.0
19.9 0.0
19.9167 0.0
19.9333 0.0
19.95 0.0
19.9667 0.0
19.9833 0.0
20.0 0.0
20.0167 0.0
20.0333 0.0
20.05 0.0
20.0667 0.0
20.0833 0.0
20.1 0.0
20.1167 0.0
20.1333 0.0
20.15 0.0
20.1667 0.0
20.1833 0.0
20.2 0.0
20.2167 0.0
20.2333 0.0
20.25 0.0
20.2667 0.0
20.2833 0.0
20.3 0.0
20.3167 0.0
20.3333 0.0
20.35 0.0
20.3667 0.0
20.3833 0.0
20.4 0.0
20.4167 0.0
20.4333 0.0
20.45 0.0
20.4667 0.0
20.4833 0.0
20.5 0.0
20.5167 0.0
20.5333 0.0
20.55 0.0
20.5667 0.0
20.5833 0.0
20.6 0.0
20.6167 0.0
20.6333 0.0
20.65 0.0
20.6667 0.0
20.6833 0.0
20.7 0.0
20.7167 0.0
20.7333 0.0
20.75 0.0
20.7667 0.0
20.7833 0.0
20.8 0.0
20.8167 0.0
20.8333 0.0
20.85 0.0
20.8667 0.0
20.8833 0.0
20.9 0.0
20.9167 0.0
20.9333 0.0
20.95 0.0
20.9667 0.0
20.9833 0.0
21.0 0.0
21.0167 0.0
21.0333 0.0
21.05 0.0
21.0667 0.0
21.0833 0.0
21.1 0.0
21.1167 0.0
21.1333 0.0
21.15 0.0
21.1667 0.0
21.1833 0.0
21.2 0.0
21.2167 0.0
21.2333 0.0
21.25 0.0
21.2667 0.0
21.2833 0.0
21.3 0.0
21.3167 0.0
21.3333 0.0
21.35 0.0
21.3667 0.0
21.3833 0.0
21.4 0.0
21.4167 0.0
21.4333 0.0
21.45 0.0
21.4667 0.0
21.4833 0.0
21.5 0.0
21.5167 0.0
21.5333 0.0
21.55 0.0
21.5667 0.0
21.5833 0.0
21.6 0.0
21.6167 0.0
21.6333 0.0
21.65 0.0
21.6667 0.0
21.6833 0.0
21.7 0.0
21.7167 0.0
21.7333 0.0
21.75 0.0
21.7667 0.0
21.7833 0.0
21.8 0.0
21.8167 0.0
21.8333 0.0
21.85 0.0
21.8667 0.0
21.8833 0.0
21.9 0.0
21.9167 0.0
21.9333 0.0
21.95 0.0
21.9667 0.0
21.9833 0.0
22.0 0.0
22.0167 0.0
22.0333 0.0
22.05 0.0
22.0667 0.0
22.0833 0.0
22.1 0.0
22.1167 0.0
22.1333 0.0
22.15 0.0
22.1667 0.0
22.1833 0.0
22.2 0.0
22.2167 0.0
22.2333 0.0
22.25 0.0
22.2667 0.0
22.2833 0.0
22.3 0.0
22.3167 0.0
22.3333 0.0
22.35 0.0
22.3667 0.0
22.3833 0.0
22.4 0.0
22.4167 0.0
22.4333 0.0
22.45 0.0
22.4667 0.0
22.4833 0.0
22.5 0.0
22.5167 0.0
22.5333 0.0
22.55 0.0
22.5667 0.0
22.5833 0.0
22.6 0.0
22.6167 0.0
22.6333 0.0
22.65 0.0
22.6667 0.0
22.6833 0.0
22.7 0.0
22.7167 0.0
22.7333 0.0
22.75 0.0
22.7667 0.0
22.7833 0.0
22.8 0.0
22.8167 0.0
22.8333 0.0
22.85 0.0
22.8667 0.0
22.8833 0.0
22.9 0.0
22.9167 0.0
22.9333 0.0
22.95 0.0
22.9667 0.0
22.9833 0.0
23.0 0.0
23.0167 0.0
23.0333 0.0
23.05 0.0
23.0667 0.0
23.0833 0.0
23.1 0.0
23.1167 0.0
23.1333 0.0
23.15 0.0
23.1667 0.0
23.1833 0.0
23.2 0.0
23.2167 0.0
23.2333 0.0
23.25 0.0
23.2667 0.0
23.2833 0.0
23.3 0.0
23.3167 0.0
23.3333 0.0
23.35 0.0
23.3667 0.0
23.3833 0.0
23.4 0.0
23.4167 0.0
23.4333 0.0
23.45 0.0
23.4667 0.0
23.4833 0.0
23.5 0.0
23.5167 0.0
23.5333 0.0
23.55 0.0
23.5667 0.0
23.5833 0.0
23.6 0.0
23.6167 0.0
23.6333 0.0
23.65 0.0
23.6667 0.0
23.6833 0.0
23.7 0.0
23.7167 0.0
23.7333 0.0
23.75 0.0
23.7667 0.0
23.7833 0.0
23.8 0.0
23.8167 0.0
23.8333 0.0
23.85 0.0
23.8667 0.0
23.8833 0.0
23.9 0.0
23.9167 0.0
23.9333 0.0
23.95 0.0
23.9667 0.0
23.9833 0.0
