0.0 0.0
0.0167 0.0
0.0333 0.0
0.05 0.0
0.0667 0.0
0.0833 0.0
0.1 0.0
0.1167 0.0
0.1333 0.0
0.15 0.0
0.1667 0.0
0.1833 0.0
0.2 0.0
0.2167 0.0
0.2333 0.0
0.25 0.0
0.2667 0.0
0.2833 0.0
0.3 0.0
0.3167 0.0
0.3333 0.0
0.35 0.0
0.3667 0.0
0.3833 0.0
0.4 0.0
0.4167 0.0
0.4333 0.0
0.45 0.0
0.4667 0.0
0.4833 0.0
0.5 0.0
0.5167 0.0
0.5333 0.0
0.55 0.0
0.5667 0.0
0.5833 0.0
0.6 0.0
0.6167 0.0
0.6333 0.0
0.65 0.0
0.6667 0.0
0.6833 0.0
0.7 0.0
0.7167 0.0
0.7333 0.0
0.75 0.0
0.7667 0.0
0.7833 0.0
0.8 0.0
0.8167 0.0
0.8333 0.0
0.85 0.0
0.8667 0.0
0.8833 0.0
0.9 0.0
0.9167 0.0
0.9333 0.0
0.95 0.0
0.9667 0.0
0.9833 0.0
1.0 0.0
1.0167 0.0
1.0333 0.0
1.05 0.0
1.0667 0.0
1.0833 0.0
1.1 0.0
1.1167 0.0
1.1333 0.0
1.15 0.0
1.1667 0.0
1.1833 0.0
1.2 0.0
1.2167 0.0
1.2333 0.0
1.25 0.0
1.2667 0.0
1.2833 0.0
1.3 0.0
1.3167 0.0
1.3333 0.0
1.35 0.0
1.3667 0.0
1.3833 0.0
1.4 0.0
1.4167 0.0
1.4333 0.0
1.45 0.0
1.4667 0.0
1.4833 0.0
1.5 0.0
1.5167 0.0
1.5333 0.0
1.55 0.0
1.5667 0.0
1.5833 0.0
1.6 0.0
1.6167 0.0
1.6333 0.0
1.65 0.0
1.6667 0.0
1.6833 0.0
1.7 0.0
1.7167 0.0
1.7333 0.0
1.75 0.0
1.7667 0.0
1.7833 0.0
1.8 0.0
1.8167 0.0
1.8333 0.0
1.85 0.0
1.8667 0.0
1.8833 0.0
1.9 0.0
1.9167 0.0
1.9333 0.0
1.95 0.0
1.9667 0.0
1.9833 0.0
2.0 0.0
2.0167 0.0
2.0333 0.0
2.05 0.0
2.0667 0.0
2.0833 0.0
2.1 0.0
2.1167 0.0
2.1333 0.0
2.15 0.0
2.1667 0.0
2.1833 0.0
2.2 0.0
2.2167 0.0
2.2333 0.0
2.25 0.0
2.2667 0.0
2.2833 0.0
2.3 0.0
2.3167 0.0
2.3333 0.0
2.35 0.0
2.3667 0.0
2.3833 0.0
2.4 0.0
2.4167 0.0
2.4333 0.0
2.45 0.0
2.4667 0.0
2.4833 0.0
2.5 0.0
2.5167 0.0
2.5333 0.0
2.55 0.0
2.5667 0.0
2.5833 0.0
2.6 0.0
2.6167 0.0
2.6333 0.0
2.65 0.0
2.6667 0.0
2.6833 0.0
2.7 0.0
2.7167 0.0
2.7333 0.0
2.75 0.0
2.7667 0.0
2.7833 0.0
2.8 0.0
2.8167 0.0
2.8333 0.0
2.85 0.0
2.8667 0.0
2.8833 0.0
2.9 0.0
2.9167 0.0
2.9333 0.0
2.95 0.0
2.9667 0.0
2.9833 0.0
3.0 0.0
3.0167 0.0
3.0333 0.0
3.05 0.0
3.0667 0.0
3.0833 0.0
3.1 0.0
3.1167 0.0
3.1333 0.0
3.15 0.0
3.1667 0.0
3.1833 0.0
3.2 0.0
3.2167 0.0
3.2333 0.0
3.25 0.0
3.2667 0.0
3.2833 0.0
3.3 0.0
3.3167 0.0
3.3333 0.0
3.35 0.0
3.3667 0.0
3.3833 0.0
3.4 0.0
3.4167 0.0
3.4333 0.0
3.45 0.0
3.4667 0.0
3.4833 0.0
3.5 0.0
3.5167 0.0
3.5333 0.0
3.55 0.0
3.5667 0.0
3.5833 0.0
3.6 0.0
3.6167 0.0
3.6333 0.0
3.65 0.0
3.6667 0.0
3.6833 0.0
3.7 0.0
3.7167 0.0
3.7333 0.0
3.75 0.0
3.7667 0.0
3.7833 0.0
3.8 0.0
3.8167 0.0
3.8333 0.0
3.85 0.0
3.8667 0.0
3.8833 0.0
3.9 0.0
3.9167 0.0
3.9333 0.0
3.95 0.0
3.9667 0.0
3.9833 0.0
4.0 0.0
4.0167 0.0
4.0333 0.0
4.05 0.0
4.0667 0.0
4.0833 0.0
4.1 0.0
4.1167 0.0
4.1333 0.0
4.15 0.0
4.1667 0.0
4.1833 0.0
4.2 0.0
4.2167 0.0
4.2333 0.0
4.25 0.0
4.2667 0.0
4.2833 0.0
4.3 0.0
4.3167 0.0
4.3333 0.0
4.35 0.0
4.3667 0.0
4.3833 0.0
4.4 0.0
4.4167 0.0
4.4333 0.0
4.45 0.0
4.4667 0.0
4.4833 0.0
4.5 0.0
4.5167 0.0
4.5333 0.0
4.55 0.0
4.5667 0.0
4.5833 0.0
4.6 0.0
4.6167 0.0
4.6333 0.0
4.65 0.0
4.6667 0.0
4.6833 0.0
4.7 0.0
4.7167 0.0
4.7333 0.0
4.75 0.0
4.7667 0.0
4.7833 0.0
4.8 0.0
4.8167 0.0
4.8333 0.0
4.85 0.0
4.8667 0.0
4.8833 0.0
4.9 0.0
4.9167 0.0
4.9333 0.0
4.95 0.0
4.9667 0.0
4.9833 0.0
5.0 0.0
5.0167 0.0
5.0333 0.0
5.05 0.0
5.0667 0.0
5.0833 0.0
5.1 0.0
5.1167 0.0
5.1333 0.0
5.15 0.0
5.1667 0.0
5.1833 0.0
5.2 0.0
5.2167 0.0
5.2333 0.0
5.25 0.0
5.2667 0.0
5.2833 0.0
5.3 0.0
5.3167 0.0
5.3333 0.0
5.35 0.0
5.3667 0.0
5.3833 0.0
5.4 0.0
5.4167 0.0
5.4333 0.0
5.45 0.0
5.4667 0.0
5.4833 3.189e-29
5.5 3.273e-12
5.5167 9.38e-10
5.5333 6.669e-08
5.55 1.262e-06
5.5667 1.104e-05
5.5833 4.489e-05
5.6 0.0001113
5.6167 0.0002189
5.6333 0.0003759
5.65 0.0005948
5.6667 0.0009003
5.6833 0.001326
5.7 0.00192
5.7167 0.002673
5.7333 0.003705
5.75 0.004989
5.7667 0.00676
5.7833 0.008855
5.8 0.01152
5.8167 0.0149
5.8333 0.01917
5.85 0.02456
5.8667 0.03139
5.8833 0.03885
5.9 0.04899
5.9167 0.06036
5.9333 0.07533
5.95 0.09124
5.9667 0.1103
5.9833 0.1329
6.0 0.1588
6.0167 0.1877
6.0333 0.2204
6.05 0.2586
6.0667 0.3045
6.0833 0.3413
6.1 0.399
6.1167 0.4429
6.1333 0.4949
6.15 0.5564
6.1667 0.6291
6.1833 0.7027
6.2 0.7721
6.2167 0.8458
6.2333 0.9233
6.25 1.004
6.2667 1.088
6.2833 1.175
6.3 1.266
6.3167 1.359
6.3333 1.454
6.35 1.552
6.3667 1.653
6.3833 1.756
6.4 1.862
6.4167 1.97
6.4333 2.081
6.45 2.194
6.4667 2.309
6.4833 2.426
6.5 2.546
6.5167 2.668
6.5333 2.793
6.55 2.92
6.5667 3.049
6.5833 3.18
6.6 3.314
6.6167 3.45
6.6333 3.589
6.65 3.73
6.6667 3.873
6.6833 4.018
6.7 4.166
6.7167 4.316
6.7333 4.469
6.75 4.623
6.7667 4.78
6.7833 4.939
6.8 5.101
6.8167 5.264
6.8333 5.43
6.85 5.598
6.8667 5.769
6.8833 5.941
6.9 6.115
6.9167 6.292
6.9333 6.47
6.95 6.651
6.9667 6.833
6.9833 7.018
7.0 7.204
7.0167 7.392
7.0333 7.582
7.05 7.774
7.0667 7.968
7.0833 8.163
7.1 8.36
7.1167 8.559
7.1333 8.76
7.15 8.962
7.1667 9.166
7.1833 9.371
7.2 9.578
7.2167 9.786
7.2333 9.996
7.25 10.21
7.2667 10.42
7.2833 10.63
7.3 10.85
7.3167 11.07
7.3333 11.28
7.35 11.5
7.3667 11.72
7.3833 11.94
7.4 12.17
7.4167 12.39
7.4333 12.62
7.45 12.84
7.4667 13.07
7.4833 13.3
7.5 13.53
7.5167 13.76
7.5333 13.99
7.55 14.22
7.5667 14.45
7.5833 14.68
7.6 14.92
7.6167 15.15
7.6333 15.39
7.65 15.63
7.6667 15.86
7.6833 16.1
7.7 16.34
7.7167 16.58
7.7333 16.82
7.75 17.06
7.7667 17.3
7.7833 17.54
7.8 17.79
7.8167 18.03
7.8333 18.27
7.85 18.52
7.8667 18.76
7.8833 19.01
7.9 19.25
7.9167 19.5
7.9333 19.74
7.95 19.99
7.9667 20.24
7.9833 20.48
8.0 20.73
8.0167 20.98
8.0333 21.23
8.05 21.48
8.0667 21.72
8.0833 21.97
8.1 22.22
8.1167 22.47
8.1333 22.72
8.15 22.97
8.1667 23.22
8.1833 23.47
8.2 23.72
8.2167 23.97
8.2333 24.22
8.25 24.47
8.2667 24.72
8.2833 24.97
8.3 25.22
8.3167 25.47
8.3333 25.72
8.35 25.97
8.3667 26.22
8.3833 26.47
8.4 26.72
8.4167 26.97
8.4333 27.22
8.45 27.47
8.4667 27.72
8.4833 27.97
8.5 28.22
8.5167 28.47
8.5333 28.72
8.55 28.97
8.5667 29.22
8.5833 29.46
8.6 29.71
8.6167 29.96
8.6333 30.21
8.65 30.46
8.6667 30.7
8.6833 30.95
8.7 31.2
8.7167 31.44
8.7333 31.69
8.75 31.94
8.7667 32.18
8.7833 32.43
8.8 32.67
8.8167 32.92
8.8333 33.16
8.85 33.4
8.8667 33.65
8.8833 33.89
8.9 34.13
8.9167 34.37
8.9333 34.62
8.95 34.86
8.9667 35.1
8.9833 35.34
9.0 35.58
9.0167 35.82
9.0333 36.06
9.05 36.3
9.0667 36.53
9.0833 36.77
9.1 37.01
9.1167 37.24
9.1333 37.48
9.15 37.72
9.1667 37.95
9.1833 38.18
9.2 38.42
9.2167 38.65
9.2333 38.88
9.25 39.12
9.2667 39.35
9.2833 39.58
9.3 39.81
9.3167 40.04
9.3333 40.27
9.35 40.49
9.3667 40.72
9.3833 40.95
9.4 41.17
9.4167 41.4
9.4333 41.62
9.45 41.85
9.4667 42.07
9.4833 42.29
9.5 42.52
9.5167 42.74
9.5333 42.96
9.55 43.18
9.5667 43.4
9.5833 43.61
9.6 43.83
9.6167 44.05
9.6333 44.27
9.65 44.48
9.6667 44.69
9.6833 44.91
9.7 45.12
9.7167 45.33
9.7333 45.54
9.75 45.76
9.7667 45.96
9.7833 46.17
9.8 46.38
9.8167 46.59
9.8333 46.79
9.85 47.0
9.8667 47.2
9.8833 47.41
9.9 47.61
9.9167 47.81
9.9333 48.01
9.95 48.21
9.9667 48.41
9.9833 48.61
10.0 48.81
10.0167 49.01
10.0333 49.2
10.05 49.4
10.0667 49.59
10.0833 49.78
10.1 49.97
10.1167 50.17
10.1333 50.36
10.15 50.54
10.1667 50.73
10.1833 50.92
10.2 51.11
10.2167 51.29
10.2333 51.47
10.25 51.66
10.2667 51.84
10.2833 52.02
10.3 52.2
10.3167 52.38
10.3333 52.56
10.35 52.74
10.3667 52.91
10.3833 53.09
10.4 53.26
10.4167 53.43
10.4333 53.61
10.45 53.78
10.4667 53.95
10.4833 54.12
10.5 54.28
10.5167 54.45
10.5333 54.62
10.55 54.78
10.5667 54.94
10.5833 55.11
10.6 55.27
10.6167 55.43
10.6333 55.59
10.65 55.74
10.6667 55.9
10.6833 56.06
10.7 56.21
10.7167 56.36
10.7333 56.52
10.75 56.67
10.7667 56.82
10.7833 56.97
10.8 57.12
10.8167 57.26
10.8333 57.41
10.85 57.55
10.8667 57.7
10.8833 57.84
10.9 57.98
10.9167 58.12
10.9333 58.26
10.95 58.39
10.9667 58.53
10.9833 58.67
11.0 58.8
11.0167 58.93
11.0333 59.06
11.05 59.19
11.0667 59.32
11.0833 59.45
11.1 59.58
11.1167 59.7
11.1333 59.83
11.15 59.95
11.1667 60.07
11.1833 60.19
11.2 60.31
11.2167 60.43
11.2333 60.55
11.25 60.66
11.2667 60.78
11.2833 60.89
11.3 61.0
11.3167 61.11
11.3333 61.23
11.35 61.33
11.3667 61.44
11.3833 61.55
11.4 61.65
11.4167 61.75
11.4333 61.86
11.45 61.96
11.4667 62.06
11.4833 62.15
11.5 62.25
11.5167 62.35
11.5333 62.44
11.55 62.53
11.5667 62.63
11.5833 62.72
11.6 62.81
11.6167 62.9
11.6333 62.98
11.65 63.07
11.6667 63.15
11.6833 63.24
11.7 63.32
11.7167 63.4
11.7333 63.48
11.75 63.55
11.7667 63.63
11.7833 63.71
11.8 63.78
11.8167 63.85
11.8333 63.92
11.85 63.99
11.8667 64.06
11.8833 64.13
11.9 64.19
11.9167 64.26
11.9333 64.32
11.95 64.38
11.9667 64.45
11.9833 64.51
12.0 64.56
12.0167 64.62
12.0333 64.67
12.05 64.73
12.0667 64.78
12.0833 64.83
12.1 64.88
12.1167 64.93
12.1333 64.98
12.15 65.03
12.1667 65.07
12.1833 65.11
12.2 65.16
12.2167 65.2
12.2333 65.24
12.25 65.27
12.2667 65.31
12.2833 65.35
12.3 65.38
12.3167 65.41
12.3333 65.44
12.35 65.47
12.3667 65.5
12.3833 65.53
12.4 65.55
12.4167 65.58
12.4333 65.6
12.45 65.62
12.4667 65.64
12.4833 65.66
12.5 65.68
12.5167 65.7
12.5333 65.71
12.55 65.72
12.5667 65.74
12.5833 65.75
12.6 65.76
12.6167 65.77
12.6333 65.77
12.65 65.78
12.6667 65.78
12.6833 65.79
12.7 65.79
12.7167 65.79
12.7333 65.79
12.75 65.78
12.7667 65.78
12.7833 65.77
12.8 65.77
12.8167 65.76
12.8333 65.75
12.85 65.74
12.8667 65.72
12.8833 65.71
12.9 65.7
12.9167 65.68
12.9333 65.66
12.95 65.65
12.9667 65.63
12.9833 65.6
13.0 65.58
13.0167 65.56
13.0333 65.53
13.05 65.5
13.0667 65.48
13.0833 65.45
13.1 65.41
13.1167 65.38
13.1333 65.35
13.15 65.31
13.1667 65.28
13.1833 65.24
13.2 65.2
13.2167 65.16
13.2333 65.12
13.25 65.07
13.2667 65.03
13.2833 64.98
13.3 64.94
13.3167 64.89
13.3333 64.84
13.35 64.79
13.3667 64.73
13.3833 64.68
13.4 64.62
13.4167 64.57
13.4333 64.51
13.45 64.45
13.4667 64.39
13.4833 64.33
13.5 64.27
13.5167 64.2
13.5333 64.14
13.55 64.07
13.5667 64.0
13.5833 63.93
13.6 63.86
13.6167 63.79
13.6333 63.71
13.65 63.64
13.6667 63.56
13.6833 63.48
13.7 63.41
13.7167 63.33
13.7333 63.24
13.75 63.16
13.7667 63.08
13.7833 62.99
13.8 62.9
13.8167 62.82
13.8333 62.73
13.85 62.64
13.8667 62.54
13.8833 62.45
13.9 62.36
13.9167 62.26
13.9333 62.16
13.95 62.07
13.9667 61.97
13.9833 61.87
14.0 61.76
14.0167 61.66
14.0333 61.56
14.05 61.45
14.0667 61.34
14.0833 61.24
14.1 61.13
14.1167 61.02
14.1333 60.9
14.15 60.79
14.1667 60.68
14.1833 60.56
14.2 60.44
14.2167 60.32
14.2333 60.21
14.25 60.08
14.2667 59.96
14.2833 59.84
14.3 59.72
14.3167 59.59
14.3333 59.46
14.35 59.34
14.3667 59.21
14.3833 59.08
14.4 58.94
14.4167 58.81
14.4333 58.68
14.45 58.54
14.4667 58.41
14.4833 58.27
14.5 58.13
14.5167 57.99
14.5333 57.85
14.55 57.71
14.5667 57.56
14.5833 57.42
14.6 57.28
14.6167 57.13
14.6333 56.98
14.65 56.83
14.6667 56.68
14.6833 56.53
14.7 56.38
14.7167 56.22
14.7333 56.07
14.75 55.91
14.7667 55.76
14.7833 55.6
14.8 55.44
14.8167 55.28
14.8333 55.12
14.85 54.96
14.8667 54.79
14.8833 54.63
14.9 54.46
14.9167 54.3
14.9333 54.13
14.95 53.96
14.9667 53.79
14.9833 53.62
15.0 53.45
15.0167 53.28
15.0333 53.1
15.05 52.93
15.0667 52.75
15.0833 52.57
15.1 52.4
15.1167 52.22
15.1333 52.04
15.15 51.85
15.1667 51.67
15.1833 51.49
15.2 51.31
15.2167 51.12
15.2333 50.93
15.25 50.75
15.2667 50.56
15.2833 50.37
15.3 50.18
15.3167 49.99
15.3333 49.8
15.35 49.61
15.3667 49.41
15.3833 49.22
15.4 49.02
15.4167 48.82
15.4333 48.63
15.45 48.43
15.4667 48.23
15.4833 48.03
15.5 47.83
15.5167 47.63
15.5333 47.42
15.55 47.22
15.5667 47.02
15.5833 46.81
15.6 46.6
15.6167 46.4
15.6333 46.19
15.65 45.98
15.6667 45.77
15.6833 45.56
15.7 45.35
15.7167 45.14
15.7333 44.92
15.75 44.71
15.7667 44.5
15.7833 44.28
15.8 44.07
15.8167 43.85
15.8333 43.63
15.85 43.41
15.8667 43.19
15.8833 42.97
15.9 42.75
15.9167 42.53
15.9333 42.31
15.95 42.09
15.9667 41.86
15.9833 41.64
16.0 41.41
16.0167 41.19
16.0333 40.96
16.05 40.74
16.0667 40.51
16.0833 40.28
16.1 40.05
16.1167 39.82
16.1333 39.59
16.15 39.36
16.1667 39.13
16.1833 38.9
16.2 38.67
16.2167 38.43
16.2333 38.2
16.25 37.97
16.2667 37.73
16.2833 37.49
16.3 37.26
16.3167 37.02
16.3333 36.79
16.35 36.55
16.3667 36.31
16.3833 36.07
16.4 35.83
16.4167 35.59
16.4333 35.35
16.45 35.11
16.4667 34.87
16.4833 34.63
16.5 34.39
16.5167 34.15
16.5333 33.9
16.55 33.66
16.5667 33.42
16.5833 33.17
16.6 32.93
16.6167 32.68
16.6333 32.44
16.65 32.19
16.6667 31.95
16.6833 31.7
16.7 31.46
16.7167 31.21
16.7333 30.96
16.75 30.72
16.7667 30.47
16.7833 30.22
16.8 29.97
16.8167 29.72
16.8333 29.48
16.85 29.23
16.8667 28.98
16.8833 28.73
16.9 28.48
16.9167 28.23
16.9333 27.98
16.95 27.73
16.9667 27.48
16.9833 27.23
17.0 26.98
17.0167 26.73
17.0333 26.48
17.05 26.23
17.0667 25.98
17.0833 25.73
17.1 25.48
17.1167 25.23
17.1333 24.98
17.15 24.73
17.1667 24.48
17.1833 24.23
17.2 23.98
17.2167 23.73
17.2333 23.48
17.25 23.23
17.2667 22.98
17.2833 22.73
17.3 22.48
17.3167 22.23
17.3333 21.98
17.35 21.73
17.3667 21.48
17.3833 21.24
17.4 20.99
17.4167 20.74
17.4333 20.49
17.45 20.24
17.4667 20.0
17.4833 19.75
17.5 19.5
17.5167 19.26
17.5333 19.01
17.55 18.77
17.5667 18.52
17.5833 18.28
17.6 18.04
17.6167 17.79
17.6333 17.55
17.65 17.31
17.6667 17.07
17.6833 16.83
17.7 16.59
17.7167 16.35
17.7333 16.11
17.75 15.87
17.7667 15.63
17.7833 15.39
17.8 15.16
17.8167 14.92
17.8333 14.69
17.85 14.45
17.8667 14.22
17.8833 13.99
17.9 13.76
17.9167 13.53
17.9333 13.3
17.95 13.07
17.9667 12.84
17.9833 12.62
18.0 12.39
18.0167 12.17
18.0333 11.95
18.05 11.72
18.0667 11.5
18.0833 11.28
18.1 11.07
18.1167 10.85
18.1333 10.63
18.15 10.42
18.1667 10.21
18.1833 9.996
18.2 9.786
18.2167 9.578
18.2333 9.371
18.25 9.165
18.2667 8.961
18.2833 8.759
18.3 8.558
18.3167 8.359
18.3333 8.162
18.35 7.966
18.3667 7.773
18.3833 7.581
18.4 7.39
18.4167 7.202
18.4333 7.015
18.45 6.831
18.4667 6.648
18.4833 6.468
18.5 6.289
18.5167 6.113
18.5333 5.938
18.55 5.766
18.5667 5.595
18.5833 5.427
18.6 5.261
18.6167 5.098
18.6333 4.936
18.65 4.777
18.6667 4.62
18.6833 4.465
18.7 4.312
18.7167 4.162
18.7333 4.014
18.75 3.869
18.7667 3.726
18.7833 3.585
18.8 3.446
18.8167 3.31
18.8333 3.176
18.85 3.045
18.8667 2.915
18.8833 2.789
18.9 2.664
18.9167 2.542
18.9333 2.422
18.95 2.304
18.9667 2.189
18.9833 2.076
19.0 1.966
19.0167 1.858
19.0333 1.752
19.05 1.649
19.0667 1.548
19.0833 1.45
19.1 1.354
19.1167 1.261
19.1333 1.171
19.15 1.084
19.1667 1.0
19.1833 0.9191
19.2 0.8418
19.2167 0.7682
19.2333 0.699
19.25 0.6247
19.2667 0.5526
19.2833 0.4916
19.3 0.4401
19.3167 0.3966
19.3333 0.3387
19.35 0.2992
19.3667 0.2566
19.3833 0.2184
19.4 0.1855
19.4167 0.1567
19.4333 0.1312
19.45 0.109
19.4667 0.09017
19.4833 0.07453
19.5 0.05941
19.5167 0.0484
19.5333 0.03824
19.55 0.03041
19.5667 0.02422
19.5833 0.01888
19.6 0.01466
19.6167 0.01133
19.6333 0.008711
19.65 0.006516
19.6667 0.004872
19.6833 0.003631
19.7 0.002597
19.7167 0.001867
19.7333 0.001291
19.75 0.0008691
19.7667 0.0005688
19.7833 0.0003558
19.8 0.000206
19.8167 0.0001038
19.8333 4.111e-05
19.85 9.021e-06
19.8667 9.803e-07
19.8833 4.997e-08
19.9 5.635e-10
19.9167 1.385e-12
19.9333 7.614e-30
19.95 0.0
19.9667 0.0
19.9833 0.0
20.0 0.0
20.0167 0.0
20.0333 0.0
20.05 0.0
20.0667 0.0
20.0833 0.0
20.1 0.0
20.1167 0.0
20.1333 0.0
20.15 0.0
20.1667 0.0
20.1833 0.0
20.2 0.0
20.2167 0.0
20.2333 0.0
20.25 0.0
20.2667 0.0
20.2833 0.0
20.3 0.0
20.3167 0.0
20.3333 0.0
20.35 0.0
20.3667 0.0
20.3833 0.0
20.4 0.0
20.4167 0.0
20.4333 0.0
20.45 0.0
20.4667 0.0
20.4833 0.0
20.5 0.0
20.5167 0.0
20.5333 0.0
20.55 0.0
20.5667 0.0
20.5833 0.0
20.6 0.0
20.6167 0.0
20.6333 0.0
20.65 0.0
20.6667 0.0
20.6833 0.0
20.7 0.0
20.7167 0.0
20.7333 0.0
20.75 0.0
20.7667 0.0
20.7833 0.0
20.8 0.0
20.8167 0.0
20.8333 0.0
20.85 0.0
20.8667 0.0
20.8833 0.0
20.9 0.0
20.9167 0.0
20.9333 0.0
20.95 0.0
20.9667 0.0
20.9833 0.0
21.0 0.0
21.0167 0.0
21.0333 0.0
21.05 0.0
21.0667 0.0
21.0833 0.0
21.1 0.0
21.1167 0.0
21.1333 0.0
21.15 0.0
21.1667 0.0
21.1833 0.0
21.2 0.0
21.2167 0.0
21.2333 0.0
21.25 0.0
21.2667 0.0
21.2833 0.0
21.3 0.0
21.3167 0.0
21.3333 0.0
21.35 0.0
21.3667 0.0
21.3833 0.0
21.4 0.0
21.4167 0.0
21.4333 0.0
21.45 0.0
21.4667 0.0
21.4833 0.0
21.5 0.0
21.5167 0.0
21.5333 0.0
21.55 0.0
21.5667 0.0
21.5833 0.0
21.6 0.0
21.6167 0.0
21.6333 0.0
21.65 0.0
21.6667 0.0
21.6833 0.0
21.7 0.0
21.7167 0.0
21.7333 0.0
21.75 0.0
21.7667 0.0
21.7833 0.0
21.8 0.0
21.8167 0.0
21.8333 0.0
21.85 0.0
21.8667 0.0
21.8833 0.0
21.9 0.0
21.9167 0.0
21.9333 0.0
21.95 0.0
21.9667 0.0
21.9833 0.0
22.0 0.0
22.0167 0.0
22.0333 0.0
22.05 0.0
22.0667 0.0
22.0833 0.0
22.1 0.0
22.1167 0.0
22.1333 0.0
22.15 0.0
22.1667 0.0
22.1833 0.0
22.2 0.0
22.2167 0.0
22.2333 0.0
22.25 0.0
22.2667 0.0
22.2833 0.0
22.3 0.0
22.3167 0.0
22.3333 0.0
22.35 0.0
22.3667 0.0
22.3833 0.0
22.4 0.0
22.4167 0.0
22.4333 0.0
22.45 0.0
22.4667 0.0
22.4833 0.0
22.5 0.0
22.5167 0.0
22.5333 0.0
22.55 0.0
22.5667 0.0
22.5833 0.0
22.6 0.0
22.6167 0.0
22.6333 0.0
22.65 0.0
22.6667 0.0
22.6833 0.0
22.7 0.0
22.7167 0.0
22.7333 0.0
22.75 0.0
22.7667 0.0
22.7833 0.0
22.8 0.0
22.8167 0.0
22.8333 0.0
22.85 0.0
22.8667 0.0
22.8833 0.0
22.9 0.0
22.9167 0.0
22.9333 0.0
22.95 0.0
22.9667 0.0
22.9833 0.0
23.0 0.0
23.0167 0.0
23.0333 0.0
23.05 0.0
23.0667 0.0
23.0833 0.0
23.1 0.0
23.1167 0.0
23.1333 0.0
23.15 0.0
23.1667 0.0
23.1833 0.0
23.2 0.0
23.2167 0.0
23.2333 0.0
23.25 0.0
23.2667 0.0
23.2833 0.0
23.3 0.0
23.3167 0.0
23.3333 0.0
23.35 0.0
23.3667 0.0
23.3833 0.0
23.4 0.0
23.4167 0.0
23.4333 0.0
23.45 0.0
23.4667 0.0
23.4833 0.0
23.5 0.0
23.5167 0.0
23.5333 0.0
23.55 0.0
23.5667 0.0
23.5833 0.0
23.6 0.0
23.6167 0.0
23.6333 0.0
23.65 0.0
23.6667 0.0
23.6833 0.0
23.7 0.0
23.7167 0.0
23.7333 0.0
23.75 0.0
23.7667 0.0
23.7833 0.0
23.8 0.0
23.8167 0.0
23.8333 0.0
23.85 0.0
23.8667 0.0
23.8833 0.0
23.9 0.0
23.9167 0.0
23.9333 0.0
23.95 0.0
23.9667 0.0
23.9833 0.0
