0.0 0.0
0.0167 0.0
0.0333 0.0
0.05 0.0
0.0667 0.0
0.0833 0.0
0.1 0.0
0.1167 0.0
0.1333 0.0
0.15 0.0
0.1667 0.0
0.1833 0.0
0.2 0.0
0.2167 0.0
0.2333 0.0
0.25 0.0
0.2667 0.0
0.2833 0.0
0.3 0.0
0.3167 0.0
0.3333 0.0
0.35 0.0
0.3667 0.0
0.3833 0.0
0.4 0.0
0.4167 0.0
0.4333 0.0
0.45 0.0
0.4667 0.0
0.4833 0.0
0.5 0.0
0.5167 0.0
0.5333 0.0
0.55 0.0
0.5667 0.0
0.5833 0.0
0.6 0.0
0.6167 0.0
0.6333 0.0
0.65 0.0
0.6667 0.0
0.6833 0.0
0.7 0.0
0.7167 0.0
0.7333 0.0
0.75 0.0
0.7667 0.0
0.7833 0.0
0.8 0.0
0.8167 0.0
0.8333 0.0
0.85 0.0
0.8667 0.0
0.8833 0.0
0.9 0.0
0.9167 0.0
0.9333 0.0
0.95 0.0
0.9667 0.0
0.9833 0.0
1.0 0.0
1.0167 0.0
1.0333 0.0
1.05 0.0
1.0667 0.0
1.0833 0.0
1.1 0.0
1.1167 0.0
1.1333 0.0
1.15 0.0
1.1667 0.0
1.1833 0.0
1.2 0.0
1.2167 0.0
1.2333 0.0
1.25 0.0
1.2667 0.0
1.2833 0.0
1.3 0.0
1.3167 0.0
1.3333 0.0
1.35 0.0
1.3667 0.0
1.3833 0.0
1.4 0.0
1.4167 0.0
1.4333 0.0
1.45 0.0
1.4667 0.0
1.4833 0.0
1.5 0.0
1.5167 0.0
1.5333 0.0
1.55 0.0
1.5667 0.0
1.5833 0.0
1.6 0.0
1.6167 0.0
1.6333 0.0
1.65 0.0
1.6667 0.0
1.6833 0.0
1.7 0.0
1.7167 0.0
1.7333 0.0
1.75 0.0
1.7667 0.0
1.7833 0.0
1.8 0.0
1.8167 0.0
1.8333 0.0
1.85 0.0
1.8667 0.0
1.8833 0.0
1.9 0.0
1.9167 0.0
1.9333 0.0
1.95 0.0
1.9667 0.0
1.9833 0.0
2.0 0.0
2.0167 0.0
2.0333 0.0
2.05 0.0
2.0667 0.0
2.0833 0.0
2.1 0.0
2.1167 0.0
2.1333 0.0
2.15 0.0
2.1667 0.0
2.1833 0.0
2.2 0.0
2.2167 0.0
2.2333 0.0
2.25 0.0
2.2667 0.0
2.2833 0.0
2.3 0.0
2.3167 0.0
2.3333 0.0
2.35 0.0
2.3667 0.0
2.3833 0.0
2.4 0.0
2.4167 0.0
2.4333 0.0
2.45 0.0
2.4667 0.0
2.4833 0.0
2.5 0.0
2.5167 0.0
2.5333 0.0
2.55 0.0
2.5667 0.0
2.5833 0.0
2.6 0.0
2.6167 0.0
2.6333 0.0
2.65 0.0
2.6667 0.0
2.6833 0.0
2.7 0.0
2.7167 0.0
2.7333 0.0
2.75 0.0
2.7667 0.0
2.7833 0.0
2.8 0.0
2.8167 0.0
2.8333 0.0
2.85 0.0
2.8667 0.0
2.8833 0.0
2.9 0.0
2.9167 0.0
2.9333 0.0
2.95 0.0
2.9667 0.0
2.9833 0.0
3.0 0.0
3.0167 0.0
3.0333 0.0
3.05 0.0
3.0667 0.0
3.0833 0.0
3.1 0.0
3.1167 0.0
3.1333 0.0
3.15 0.0
3.1667 0.0
3.1833 0.0
3.2 0.0
3.2167 0.0
3.2333 0.0
3.25 0.0
3.2667 0.0
3.2833 0.0
3.3 0.0
3.3167 0.0
3.3333 0.0
3.35 0.0
3.3667 0.0
3.3833 0.0
3.4 0.0
3.4167 0.0
3.4333 0.0
3.45 0.0
3.4667 0.0
3.4833 0.0
3.5 0.0
3.5167 0.0
3.5333 0.0
3.55 0.0
3.5667 0.0
3.5833 0.0
3.6 0.0
3.6167 0.0
3.6333 0.0
3.65 0.0
3.6667 0.0
3.6833 0.0
3.7 0.0
3.7167 0.0
3.7333 0.0
3.75 0.0
3.7667 0.0
3.7833 0.0
3.8 0.0
3.8167 0.0
3.8333 0.0
3.85 0.0
3.8667 0.0
3.8833 0.0
3.9 0.0
3.9167 0.0
3.9333 0.0
3.95 0.0
3.9667 0.0
3.9833 0.0
4.0 0.0
4.0167 0.0
4.0333 0.0
4.05 0.0
4.0667 0.0
4.0833 0.0
4.1 0.0
4.1167 0.0
4.1333 0.0
4.15 0.0
4.1667 0.0
4.1833 0.0
4.2 0.0
4.2167 0.0
4.2333 0.0
4.25 0.0
4.2667 0.0
4.2833 0.0
4.3 0.0
4.3167 0.0
4.3333 0.0
4.35 0.0
4.3667 0.0
4.3833 0.0
4.4 0.0
4.4167 0.0
4.4333 0.0
4.45 0.0
4.4667 0.0
4.4833 0.0
4.5 0.0
4.5167 0.0
4.5333 0.0
4.55 0.0
4.5667 0.0
4.5833 0.0
4.6 0.0
4.6167 0.0
4.6333 0.0
4.65 0.0
4.6667 0.0
4.6833 0.0
4.7 0.0
4.7167 0.0
4.7333 0.0
4.75 0.0
4.7667 0.0
4.7833 0.0
4.8 0.0
4.8167 0.0
4.8333 0.0
4.85 0.0
4.8667 0.0
4.8833 0.0
4.9 0.0
4.9167 0.0
4.9333 0.0
4.95 0.0
4.9667 0.0
4.9833 0.0
5.0 0.0
5.0167 0.0
5.0333 0.0
5.05 0.0
5.0667 0.0
5.0833 0.0
5.1 0.0
5.1167 0.0
5.1333 0.0
5.15 0.0
5.1667 0.0
5.1833 0.0
5.2 0.0
5.2167 0.0
5.2333 0.0
5.25 0.0
5.2667 0.0
5.2833 0.0
5.3 0.0
5.3167 0.0
5.3333 0.0
5.35 0.0
5.3667 0.0
5.3833 0.0
5.4 0.0
5.4167 0.0
5.4333 0.0
5.45 0.0
5.4667 0.0
5.4833 0.0
5.5 0.0
5.5167 0.0
5.5333 0.0
5.55 0.0
5.5667 0.0
5.5833 0.0
5.6 0.0
5.6167 0.0
5.6333 0.0
5.65 0.0
5.6667 0.0
5.6833 0.0
5.7 0.0
5.7167 0.0
5.7333 0.0
5.75 0.0
5.7667 0.0
5.7833 0.0
5.8 0.0
5.8167 0.0
5.8333 0.0
5.85 0.0
5.8667 0.0
5.8833 0.0
5.9 0.0
5.9167 0.0
5.9333 2.524e-12
5.95 1.434e-09
5.9667 1.365e-07
5.9833 2.539e-06
6.0 2.155e-05
6.0167 7.898e-05
6.0333 0.0001795
6.05 0.0003447
6.0667 0.0005771
6.0833 0.0009174
6.1 0.001406
6.1167 0.002091
6.1333 0.003036
6.15 0.004329
6.1667 0.005949
6.1833 0.008172
6.2 0.01093
6.2167 0.01465
6.2333 0.01943
6.25 0.02535
6.2667 0.03296
6.2833 0.04196
6.3 0.05327
6.3167 0.068
6.3333 0.08426
6.35 0.1063
6.3667 0.1292
6.3833 0.1565
6.4 0.1883
6.4167 0.2249
6.4333 0.2673
6.45 0.318
6.4667 0.3602
6.4833 0.4236
6.5 0.475
6.5167 0.5365
6.5333 0.6103
6.55 0.6979
6.5667 0.7735
6.5833 0.8544
6.6 0.9399
6.6167 1.03
6.6333 1.123
6.65 1.22
6.6667 1.321
6.6833 1.425
6.7 1.532
6.7167 1.641
6.7333 1.754
6.75 1.87
6.7667 1.989
6.7833 2.11
6.8 2.234
6.8167 2.36
6.8333 2.489
6.85 2.621
6.8667 2.756
6.8833 2.893
6.9 3.032
6.9167 3.175
6.9333 3.32
6.95 3.467
6.9667 3.617
6.9833 3.77
7.0 3.925
7.0167 4.083
7.0333 4.243
7.05 4.406
7.0667 4.571
7.0833 4.739
7.1 4.91
7.1167 5.082
7.1333 5.258
7.15 5.435
7.1667 5.615
7.1833 5.797
7.2 5.982
7.2167 6.169
7.2333 6.358
7.25 6.55
7.2667 6.743
7.2833 6.938
7.3 7.136
7.3167 7.336
7.3333 7.538
7.35 7.741
7.3667 7.947
7.3833 8.154
7.4 8.363
7.4167 8.574
7.4333 8.787
7.45 9.001
7.4667 9.217
7.4833 9.435
7.5 9.654
7.5167 9.875
7.5333 10.1
7.55 10.32
7.5667 10.55
7.5833 10.77
7.6 11.0
7.6167 11.23
7.6333 11.46
7.65 11.69
7.6667 11.92
7.6833 12.16
7.7 12.39
7.7167 12.63
7.7333 12.87
7.75 13.1
7.7667 13.34
7.7833 13.58
7.8 13.83
7.8167 14.07
7.8333 14.31
7.85 14.55
7.8667 14.8
7.8833 15.04
7.9 15.29
7.9167 15.53
7.9333 15.78
7.95 16.03
7.9667 16.28
7.9833 16.53
8.0 16.78
8.0167 17.03
8.0333 17.28
8.05 17.53
8.0667 17.78
8.0833 18.03
8.1 18.28
8.1167 18.53
8.1333 18.79
8.15 19.04
8.1667 19.29
8.1833 19.55
8.2 19.8
8.2167 20.05
8.2333 20.31
8.25 20.56
8.2667 20.82
8.2833 21.07
8.3 21.33
8.3167 21.58
8.3333 21.84
8.35 22.09
8.3667 22.35
8.3833 22.6
8.4 22.86
8.4167 23.11
8.4333 23.37
8.45 23.62
8.4667 23.88
8.4833 24.13
8.5 24.39
8.5167 24.64
8.5333 24.89
8.55 25.15
8.5667 25.4
8.5833 25.66
8.6 25.91
8.6167 26.16
8.6333 26.42
8.65 26.67
8.6667 26.92
8.6833 27.17
8.7 27.43
8.7167 27.68
8.7333 27.93
8.75 28.18
8.7667 28.43
8.7833 28.68
8.8 28.93
8.8167 29.18
8.8333 29.43
8.85 29.68
8.8667 29.93
8.8833 30.17
8.9 30.42
8.9167 30.67
8.9333 30.91
8.95 31.16
8.9667 31.4
8.9833 31.65
9.0 31.89
9.0167 32.14
9.0333 32.38
9.05 32.62
9.0667 32.86
9.0833 33.11
9.1 33.35
9.1167 33.59
9.1333 33.83
9.15 34.07
9.1667 34.3
9.1833 34.54
9.2 34.78
9.2167 35.01
9.2333 35.25
9.25 35.48
9.2667 35.72
9.2833 35.95
9.3 36.18
9.3167 36.42
9.3333 36.65
9.35 36.88
9.3667 37.11
9.3833 37.34
9.4 37.56
9.4167 37.79
9.4333 38.02
9.45 38.24
9.4667 38.47
9.4833 38.69
9.5 38.91
9.5167 39.14
9.5333 39.36
9.55 39.58
9.5667 39.8
9.5833 40.02
9.6 40.24
9.6167 40.45
9.6333 40.67
9.65 40.88
9.6667 41.1
9.6833 41.31
9.7 41.52
9.7167 41.73
9.7333 41.94
9.75 42.15
9.7667 42.36
9.7833 42.57
9.8 42.78
9.8167 42.98
9.8333 43.19
9.85 43.39
9.8667 43.59
9.8833 43.8
9.9 44.0
9.9167 44.2
9.9333 44.39
9.95 44.59
9.9667 44.79
9.9833 44.98
10.0 45.18
10.0167 45.37
10.0333 45.56
10.05 45.75
10.0667 45.94
10.0833 46.13
10.1 46.32
10.1167 46.51
10.1333 46.69
10.15 46.88
10.1667 47.06
10.1833 47.24
10.2 47.42
10.2167 47.6
10.2333 47.78
10.25 47.96
10.2667 48.14
10.2833 48.31
10.3 48.49
10.3167 48.66
10.3333 48.83
10.35 49.0
10.3667 49.17
10.3833 49.34
10.4 49.51
10.4167 49.67
10.4333 49.84
10.45 50.0
10.4667 50.16
10.4833 50.33
10.5 50.48
10.5167 50.64
10.5333 50.8
10.55 50.96
10.5667 51.11
10.5833 51.27
10.6 51.42
10.6167 51.57
10.6333 51.72
10.65 51.87
10.6667 52.02
10.6833 52.16
10.7 52.31
10.7167 52.45
10.7333 52.59
10.75 52.73
10.7667 52.87
10.7833 53.01
10.8 53.15
10.8167 53.28
10.8333 53.42
10.85 53.55
10.8667 53.68
10.8833 53.81
10.9 53.94
10.9167 54.07
10.9333 54.2
10.95 54.32
10.9667 54.45
10.9833 54.57
11.0 54.69
11.0167 54.81
11.0333 54.93
11.05 55.04
11.0667 55.16
11.0833 55.27
11.1 55.39
11.1167 55.5
11.1333 55.61
11.15 55.72
11.1667 55.82
11.1833 55.93
11.2 56.04
11.2167 56.14
11.2333 56.24
11.25 56.34
11.2667 56.44
11.2833 56.54
11.3 56.63
11.3167 56.73
11.3333 56.82
11.35 56.92
11.3667 57.01
11.3833 57.1
11.4 57.18
11.4167 57.27
11.4333 57.35
11.45 57.44
11.4667 57.52
11.4833 57.6
11.5 57.68
11.5167 57.76
11.5333 57.83
11.55 57.91
11.5667 57.98
11.5833 58.06
11.6 58.12
11.6167 58.2
11.6333 58.26
11.65 58.33
11.6667 58.4
11.6833 58.46
11.7 58.52
11.7167 58.58
11.7333 58.64
11.75 58.7
11.7667 58.75
11.7833 58.81
11.8 58.86
11.8167 58.91
11.8333 58.96
11.85 59.01
11.8667 59.06
11.8833 59.11
11.9 59.15
11.9167 59.19
11.9333 59.24
11.95 59.27
11.9667 59.31
11.9833 59.35
12.0 59.39
12.0167 59.42
12.0333 59.45
12.05 59.48
12.0667 59.51
12.0833 59.54
12.1 59.57
12.1167 59.6
12.1333 59.62
12.15 59.64
12.1667 59.66
12.1833 59.68
12.2 59.7
12.2167 59.72
12.2333 59.73
12.25 59.74
12.2667 59.76
12.2833 59.77
12.3 59.78
12.3167 59.78
12.3333 59.79
12.35 59.79
12.3667 59.8
12.3833 59.8
12.4 59.8
12.4167 59.8
12.4333 59.79
12.45 59.79
12.4667 59.78
12.4833 59.78
12.5 59.77
12.5167 59.76
12.5333 59.74
12.55 59.73
12.5667 59.72
12.5833 59.7
12.6 59.68
12.6167 59.66
12.6333 59.64
12.65 59.62
12.6667 59.6
12.6833 59.57
12.7 59.55
12.7167 59.52
12.7333 59.49
12.75 59.46
12.7667 59.42
12.7833 59.39
12.8 59.35
12.8167 59.32
12.8333 59.28
12.85 59.24
12.8667 59.2
12.8833 59.16
12.9 59.11
12.9167 59.07
12.9333 59.02
12.95 58.97
12.9667 58.92
12.9833 58.87
13.0 58.81
13.0167 58.76
13.0333 58.7
13.05 58.65
13.0667 58.59
13.0833 58.53
13.1 58.46
13.1167 58.4
13.1333 58.34
13.15 58.27
13.1667 58.2
13.1833 58.13
13.2 58.06
13.2167 57.99
13.2333 57.92
13.25 57.84
13.2667 57.77
13.2833 57.69
13.3 57.61
13.3167 57.53
13.3333 57.45
13.35 57.36
13.3667 57.28
13.3833 57.19
13.4 57.1
13.4167 57.02
13.4333 56.92
13.45 56.83
13.4667 56.74
13.4833 56.64
13.5 56.55
13.5167 56.45
13.5333 56.35
13.55 56.25
13.5667 56.15
13.5833 56.05
13.6 55.94
13.6167 55.84
13.6333 55.73
13.65 55.62
13.6667 55.51
13.6833 55.4
13.7 55.29
13.7167 55.17
13.7333 55.06
13.75 54.94
13.7667 54.82
13.7833 54.7
13.8 54.58
13.8167 54.46
13.8333 54.33
13.85 54.21
13.8667 54.08
13.8833 53.95
13.9 53.83
13.9167 53.7
13.9333 53.56
13.95 53.43
13.9667 53.3
13.9833 53.16
14.0 53.02
14.0167 52.89
14.0333 52.75
14.05 52.61
14.0667 52.46
14.0833 52.32
14.1 52.18
14.1167 52.03
14.1333 51.88
14.15 51.73
14.1667 51.58
14.1833 51.43
14.2 51.28
14.2167 51.13
14.2333 50.97
14.25 50.82
14.2667 50.66
14.2833 50.5
14.3 50.34
14.3167 50.18
14.3333 50.02
14.35 49.85
14.3667 49.69
14.3833 49.52
14.4 49.36
14.4167 49.19
14.4333 49.02
14.45 48.85
14.4667 48.68
14.4833 48.5
14.5 48.33
14.5167 48.15
14.5333 47.98
14.55 47.8
14.5667 47.62
14.5833 47.44
14.6 47.26
14.6167 47.08
14.6333 46.9
14.65 46.71
14.6667 46.53
14.6833 46.34
14.7 46.15
14.7167 45.96
14.7333 45.77
14.75 45.58
14.7667 45.39
14.7833 45.2
14.8 45.0
14.8167 44.81
14.8333 44.61
14.85 44.41
14.8667 44.21
14.8833 44.01
14.9 43.81
14.9167 43.61
14.9333 43.41
14.95 43.21
14.9667 43.0
14.9833 42.8
15.0 42.59
15.0167 42.38
15.0333 42.17
15.05 41.96
15.0667 41.75
15.0833 41.54
15.1 41.33
15.1167 41.12
15.1333 40.9
15.15 40.69
15.1667 40.47
15.1833 40.25
15.2 40.04
15.2167 39.82
15.2333 39.6
15.25 39.38
15.2667 39.16
15.2833 38.93
15.3 38.71
15.3167 38.49
15.3333 38.26
15.35 38.04
15.3667 37.81
15.3833 37.58
15.4 37.36
15.4167 37.13
15.4333 36.9
15.45 36.67
15.4667 36.44
15.4833 36.2
15.5 35.97
15.5167 35.74
15.5333 35.5
15.55 35.27
15.5667 35.03
15.5833 34.8
15.6 34.56
15.6167 34.32
15.6333 34.09
15.65 33.85
15.6667 33.61
15.6833 33.37
15.7 33.13
15.7167 32.88
15.7333 32.64
15.75 32.4
15.7667 32.16
15.7833 31.91
15.8 31.67
15.8167 31.42
15.8333 31.18
15.85 30.93
15.8667 30.69
15.8833 30.44
15.9 30.19
15.9167 29.95
15.9333 29.7
15.95 29.45
15.9667 29.2
15.9833 28.95
16.0 28.7
16.0167 28.45
16.0333 28.2
16.05 27.95
16.0667 27.7
16.0833 27.45
16.1 27.19
16.1167 26.94
16.1333 26.69
16.15 26.44
16.1667 26.18
16.1833 25.93
16.2 25.68
16.2167 25.42
16.2333 25.17
16.25 24.91
16.2667 24.66
16.2833 24.4
16.3 24.15
16.3167 23.9
16.3333 23.64
16.35 23.39
16.3667 23.13
16.3833 22.88
16.4 22.62
16.4167 22.37
16.4333 22.11
16.45 21.86
16.4667 21.6
16.4833 21.34
16.5 21.09
16.5167 20.84
16.5333 20.58
16.55 20.33
16.5667 20.07
16.5833 19.82
16.6 19.56
16.6167 19.31
16.6333 19.06
16.65 18.8
16.6667 18.55
16.6833 18.3
16.7 18.05
16.7167 17.79
16.7333 17.54
16.75 17.29
16.7667 17.04
16.7833 16.79
16.8 16.54
16.8167 16.29
16.8333 16.04
16.85 15.8
16.8667 15.55
16.8833 15.3
16.9 15.06
16.9167 14.81
16.9333 14.57
16.95 14.33
16.9667 14.08
16.9833 13.84
17.0 13.6
17.0167 13.36
17.0333 13.12
17.05 12.88
17.0667 12.64
17.0833 12.41
17.1 12.17
17.1167 11.94
17.1333 11.71
17.15 11.47
17.1667 11.24
17.1833 11.01
17.2 10.79
17.2167 10.56
17.2333 10.33
17.25 10.11
17.2667 9.888
17.2833 9.667
17.3 9.447
17.3167 9.23
17.3333 9.013
17.35 8.799
17.3667 8.586
17.3833 8.375
17.4 8.165
17.4167 7.958
17.4333 7.752
17.45 7.549
17.4667 7.347
17.4833 7.147
17.5 6.949
17.5167 6.753
17.5333 6.56
17.55 6.368
17.5667 6.179
17.5833 5.991
17.6 5.807
17.6167 5.624
17.6333 5.444
17.65 5.267
17.6667 5.091
17.6833 4.918
17.7 4.747
17.7167 4.579
17.7333 4.414
17.75 4.251
17.7667 4.09
17.7833 3.932
17.8 3.777
17.8167 3.624
17.8333 3.474
17.85 3.326
17.8667 3.181
17.8833 3.039
17.9 2.899
17.9167 2.762
17.9333 2.627
17.95 2.495
17.9667 2.366
17.9833 2.239
18.0 2.115
18.0167 1.994
18.0333 1.875
18.05 1.759
18.0667 1.646
18.0833 1.536
18.1 1.429
18.1167 1.325
18.1333 1.224
18.15 1.127
18.1667 1.033
18.1833 0.9431
18.2 0.8574
18.2167 0.7763
18.2333 0.7006
18.25 0.613
18.2667 0.5388
18.2833 0.4768
18.3 0.4252
18.3167 0.3619
18.3333 0.3191
18.35 0.2684
18.3667 0.2259
18.3833 0.1892
18.4 0.1573
18.4167 0.1299
18.4333 0.1067
18.45 0.08481
18.4667 0.06834
18.4833 0.05361
18.5 0.04245
18.5167 0.03312
18.5333 0.02549
18.55 0.01953
18.5667 0.01487
18.5833 0.01101
18.6 0.008225
18.6167 0.006001
18.6333 0.004356
18.65 0.003058
18.6667 0.002109
18.6833 0.00142
18.7 0.0009267
18.7167 0.0005822
18.7333 0.0003478
18.75 0.0001823
18.7667 8.022e-05
18.7833 2.226e-05
18.8 2.69e-06
18.8167 1.434e-07
18.8333 1.543e-09
18.85 2.803e-12
18.8667 0.0
18.8833 0.0
18.9 0.0
18.9167 0.0
18.9333 0.0
18.95 0.0
18.9667 0.0
18.9833 0.0
19.0 0.0
19.0167 0.0
19.0333 0.0
19.05 0.0
19.0667 0.0
19.0833 0.0
19.1 0.0
19.1167 0.0
19.1333 0.0
19.15 0.0
19.1667 0.0
19.1833 0.0
19.2 0.0
19.2167 0.0
19.2333 0.0
19.25 0.0
19.2667 0.0
19.2833 0.0
19.3 0.0
19.3167 0.0
19.3333 0.0
19.35 0.0
19.3667 0.0
19.3833 0.0
19.4 0.0
19.4167 0.0
19.4333 0.0
19.45 0.0
19.4667 0.0
19.4833 0.0
19.5 0.0
19.5167 0.0
19.5333 0.0
19.55 0.0
19.5667 0.0
19.5833 0.0
19.6 0.0
19.6167 0.0
19.6333 0.0
19.65 0.0
19.6667 0.0
19.6833 0.0
19.7 0.0
19.7167 0.0
19.7333 0.0
19.75 0.0
19.7667 0.0
19.7833 0.0
19.8 0.0
19.8167 0.0
19.8333 0.0
19.85 0.0
19.8667 0.0
19.8833 0.0
19.9 0.0
19.9167 0.0
19.9333 0.0
19.95 0.0
19.9667 0.0
19.9833 0.0
20.0 0.0
20.0167 0.0
20.0333 0.0
20.05 0.0
20.0667 0.0
20.0833 0.0
20.1 0.0
20.1167 0.0
20.1333 0.0
20.15 0.0
20.1667 0.0
20.1833 0.0
20.2 0.0
20.2167 0.0
20.2333 0.0
20.25 0.0
20.2667 0.0
20.2833 0.0
20.3 0.0
20.3167 0.0
20.3333 0.0
20.35 0.0
20.3667 0.0
20.3833 0.0
20.4 0.0
20.4167 0.0
20.4333 0.0
20.45 0.0
20.4667 0.0
20.4833 0.0
20.5 0.0
20.5167 0.0
20.5333 0.0
20.55 0.0
20.5667 0.0
20.5833 0.0
20.6 0.0
20.6167 0.0
20.6333 0.0
20.65 0.0
20.6667 0.0
20.6833 0.0
20.7 0.0
20.7167 0.0
20.7333 0.0
20.75 0.0
20.7667 0.0
20.7833 0.0
20.8 0.0
20.8167 0.0
20.8333 0.0
20.85 0.0
20.8667 0.0
20.8833 0.0
20.9 0.0
20.9167 0.0
20.9333 0.0
20.95 0.0
20.9667 0.0
20.9833 0.0
21.0 0.0
21.0167 0.0
21.0333 0.0
21.05 0.0
21.0667 0.0
21.0833 0.0
21.1 0.0
21.1167 0.0
21.1333 0.0
21.15 0.0
21.1667 0.0
21.1833 0.0
21.2 0.0
21.2167 0.0
21.2333 0.0
21.25 0.0
21.2667 0.0
21.2833 0.0
21.3 0.0
21.3167 0.0
21.3333 0.0
21.35 0.0
21.3667 0.0
21.3833 0.0
21.4 0.0
21.4167 0.0
21.4333 0.0
21.45 0.0
21.4667 0.0
21.4833 0.0
21.5 0.0
21.5167 0.0
21.5333 0.0
21.55 0.0
21.5667 0.0
21.5833 0.0
21.6 0.0
21.6167 0.0
21.6333 0.0
21.65 0.0
21.6667 0.0
21.6833 0.0
21.7 0.0
21.7167 0.0
21.7333 0.0
21.75 0.0
21.7667 0.0
21.7833 0.0
21.8 0.0
21.8167 0.0
21.8333 0.0
21.85 0.0
21.8667 0.0
21.8833 0.0
21.9 0.0
21.9167 0.0
21.9333 0.0
21.95 0.0
21.9667 0.0
21.9833 0.0
22.0 0.0
22.0167 0.0
22.0333 0.0
22.05 0.0
22.0667 0.0
22.0833 0.0
22.1 0.0
22.1167 0.0
22.1333 0.0
22.15 0.0
22.1667 0.0
22.1833 0.0
22.2 0.0
22.2167 0.0
22.2333 0.0
22.25 0.0
22.2667 0.0
22.2833 0.0
22.3 0.0
22.3167 0.0
22.3333 0.0
22.35 0.0
22.3667 0.0
22.3833 0.0
22.4 0.0
22.4167 0.0
22.4333 0.0
22.45 0.0
22.4667 0.0
22.4833 0.0
22.5 0.0
22.5167 0.0
22.5333 0.0
22.55 0.0
22.5667 0.0
22.5833 0.0
22.6 0.0
22.6167 0.0
22.6333 0.0
22.65 0.0
22.6667 0.0
22.6833 0.0
22.7 0.0
22.7167 0.0
22.7333 0.0
22.75 0.0
22.7667 0.0
22.7833 0.0
22.8 0.0
22.8167 0.0
22.8333 0.0
22.85 0.0
22.8667 0.0
22.8833 0.0
22.9 0.0
22.9167 0.0
22.9333 0.0
22.95 0.0
22.9667 0.0
22.9833 0.0
23.0 0.0
23.0167 0.0
23.0333 0.0
23.05 0.0
23.0667 0.0
23.0833 0.0
23.1 0.0
23.1167 0.0
23.1333 0.0
23.15 0.0
23.1667 0.0
23.1833 0.0
23.2 0.0
23.2167 0.0
23.2333 0.0
23.25 0.0
23.2667 0.0
23.2833 0.0
23.3 0.0
23.3167 0.0
23.3333 0.0
23.35 0.0
23.3667 0.0
23.3833 0.0
23.4 0.0
23.4167 0.0
23.4333 0.0
23.45 0.0
23.4667 0.0
23.4833 0.0
23.5 0.0
23.5167 0.0
23.5333 0.0
23.55 0.0
23.5667 0.0
23.5833 0.0
23.6 0.0
23.6167 0.0
23.6333 0.0
23.65 0.0
23.6667 0.0
23.6833 0.0
23.7 0.0
23.7167 0.0
23.7333 0.0
23.75 0.0
23.7667 0.0
23.7833 0.0
23.8 0.0
23.8167 0.0
23.8333 0.0
23.85 0.0
23.8667 0.0
23.8833 0.0
23.9 0.0
23.9167 0.0
23.9333 0.0
23.95 0.0
23.9667 0.0
23.9833 0.0
