0.0 0.0
0.0167 0.0
0.0333 0.0
0.05 0.0
0.0667 0.0
0.0833 0.0
0.1 0.0
0.1167 0.0
0.1333 0.0
0.15 0.0
0.1667 0.0
0.1833 0.0
0.2 0.0
0.2167 0.0
0.2333 0.0
0.25 0.0
0.2667 0.0
0.2833 0.0
0.3 0.0
0.3167 0.0
0.3333 0.0
0.35 0.0
0.3667 0.0
0.3833 0.0
0.4 0.0
0.4167 0.0
0.4333 0.0
0.45 0.0
0.4667 0.0
0.4833 0.0
0.5 0.0
0.5167 0.0
0.5333 0.0
0.55 0.0
0.5667 0.0
0.5833 0.0
0.6 0.0
0.6167 0.0
0.6333 0.0
0.65 0.0
0.6667 0.0
0.6833 0.0
0.7 0.0
0.7167 0.0
0.7333 0.0
0.75 0.0
0.7667 0.0
0.7833 0.0
0.8 0.0
0.8167 0.0
0.8333 0.0
0.85 0.0
0.8667 0.0
0.8833 0.0
0.9 0.0
0.9167 0.0
0.9333 0.0
0.95 0.0
0.9667 0.0
0.9833 0.0
1.0 0.0
1.0167 0.0
1.0333 0.0
1.05 0.0
1.0667 0.0
1.0833 0.0
1.1 0.0
1.1167 0.0
1.1333 0.0
1.15 0.0
1.1667 0.0
1.1833 0.0
1.2 0.0
1.2167 0.0
1.2333 0.0
1.25 0.0
1.2667 0.0
1.2833 0.0
1.3 0.0
1.3167 0.0
1.3333 0.0
1.35 0.0
1.3667 0.0
1.3833 0.0
1.4 0.0
1.4167 0.0
1.4333 0.0
1.45 0.0
1.4667 0.0
1.4833 0.0
1.5 0.0
1.5167 0.0
1.5333 0.0
1.55 0.0
1.5667 0.0
1.5833 0.0
1.6 0.0
1.6167 0.0
1.6333 0.0
1.65 0.0
1.6667 0.0
1.6833 0.0
1.7 0.0
1.7167 0.0
1.7333 0.0
1.75 0.0
1.7667 0.0
1.7833 0.0
1.8 0.0
1.8167 0.0
1.8333 0.0
1.85 0.0
1.8667 0.0
1.8833 0.0
1.9 0.0
1.9167 0.0
1.9333 0.0
1.95 0.0
1.9667 0.0
1.9833 0.0
2.0 0.0
2.0167 0.0
2.0333 0.0
2.05 0.0
2.0667 0.0
2.0833 0.0
2.1 0.0
2.1167 0.0
2.1333 0.0
2.15 0.0
2.1667 0.0
2.1833 0.0
2.2 0.0
2.2167 0.0
2.2333 0.0
2.25 0.0
2.2667 0.0
2.2833 0.0
2.3 0.0
2.3167 0.0
2.3333 0.0
2.35 0.0
2.3667 0.0
2.3833 0.0
2.4 0.0
2.4167 0.0
2.4333 0.0
2.45 0.0
2.4667 0.0
2.4833 0.0
2.5 0.0
2.5167 0.0
2.5333 0.0
2.55 0.0
2.5667 0.0
2.5833 0.0
2.6 0.0
2.6167 0.0
2.6333 0.0
2.65 0.0
2.6667 0.0
2.6833 0.0
2.7 0.0
2.7167 0.0
2.7333 0.0
2.75 0.0
2.7667 0.0
2.7833 0.0
2.8 0.0
2.8167 0.0
2.8333 0.0
2.85 0.0
2.8667 0.0
2.8833 0.0
2.9 0.0
2.9167 0.0
2.9333 0.0
2.95 0.0
2.9667 0.0
2.9833 0.0
3.0 0.0
3.0167 0.0
3.0333 0.0
3.05 0.0
3.0667 0.0
3.0833 0.0
3.1 0.0
3.1167 0.0
3.1333 0.0
3.15 0.0
3.1667 0.0
3.1833 0.0
3.2 0.0
3.2167 0.0
3.2333 0.0
3.25 0.0
3.2667 0.0
3.2833 0.0
3.3 0.0
3.3167 0.0
3.3333 0.0
3.35 0.0
3.3667 0.0
3.3833 0.0
3.4 0.0
3.4167 0.0
3.4333 0.0
3.45 0.0
3.4667 0.0
3.4833 0.0
3.5 0.0
3.5167 0.0
3.5333 0.0
3.55 0.0
3.5667 0.0
3.5833 0.0
3.6 0.0
3.6167 0.0
3.6333 0.0
3.65 0.0
3.6667 0.0
3.6833 0.0
3.7 0.0
3.7167 0.0
3.7333 0.0
3.75 0.0
3.7667 0.0
3.7833 0.0
3.8 0.0
3.8167 0.0
3.8333 0.0
3.85 0.0
3.8667 0.0
3.8833 0.0
3.9 0.0
3.9167 0.0
3.9333 0.0
3.95 0.0
3.9667 0.0
3.9833 0.0
4.0 0.0
4.0167 0.0
4.0333 0.0
4.05 0.0
4.0667 0.0
4.0833 0.0
4.1 0.0
4.1167 0.0
4.1333 0.0
4.15 0.0
4.1667 0.0
4.1833 0.0
4.2 0.0
4.2167 0.0
4.2333 0.0
4.25 0.0
4.2667 0.0
4.2833 0.0
4.3 0.0
4.3167 0.0
4.3333 0.0
4.35 0.0
4.3667 0.0
4.3833 0.0
4.4 0.0
4.4167 0.0
4.4333 0.0
4.45 0.0
4.4667 0.0
4.4833 0.0
4.5 0.0
4.5167 0.0
4.5333 0.0
4.55 0.0
4.5667 0.0
4.5833 0.0
4.6 0.0
4.6167 0.0
4.6333 0.0
4.65 0.0
4.6667 0.0
4.6833 0.0
4.7 0.0
4.7167 0.0
4.7333 0.0
4.75 0.0
4.7667 0.0
4.7833 0.0
4.8 0.0
4.8167 0.0
4.8333 0.0
4.85 0.0
4.8667 0.0
4.8833 0.0
4.9 0.0
4.9167 0.0
4.9333 0.0
4.95 0.0
4.9667 0.0
4.9833 0.0
5.0 0.0
5.0167 0.0
5.0333 0.0
5.05 0.0
5.0667 0.0
5.0833 0.0
5.1 0.0
5.1167 0.0
5.1333 0.0
5.15 0.0
5.1667 0.0
5.1833 0.0
5.2 0.0
5.2167 0.0
5.2333 0.0
5.25 0.0
5.2667 0.0
5.2833 0.0
5.3 0.0
5.3167 0.0
5.3333 0.0
5.35 0.0
5.3667 0.0
5.3833 0.0
5.4 0.0
5.4167 0.0
5.4333 0.0
5.45 0.0
5.4667 0.0
5.4833 0.0
5.5 0.0
5.5167 0.0
5.5333 0.0
5.55 0.0
5.5667 0.0
5.5833 0.0
5.6 0.0
5.6167 0.0
5.6333 0.0
5.65 0.0
5.6667 2.559e-14
5.6833 5.565e-11
5.7 9.58e-09
5.7167 4.061e-07
5.7333 5.106e-06
5.75 3.034e-05
5.7667 8.905e-05
5.7833 0.0001932
5.8 0.0003437
5.8167 0.0005622
5.8333 0.0008751
5.85 0.001318
5.8667 0.001935
5.8833 0.002745
5.9 0.003824
5.9167 0.005317
5.9333 0.007095
5.95 0.009431
5.9667 0.01253
5.9833 0.01648
6.0 0.02136
6.0167 0.02741
6.0333 0.0346
6.05 0.04393
6.0667 0.056
6.0833 0.06887
6.1 0.08677
6.1167 0.1054
6.1333 0.1275
6.15 0.1533
6.1667 0.1832
6.1833 0.2174
6.2 0.2572
6.2167 0.3005
6.2333 0.3428
6.25 0.4028
6.2667 0.4491
6.2833 0.5043
6.3 0.5701
6.3167 0.6482
6.3333 0.723
6.35 0.797
6.3667 0.8754
6.3833 0.9577
6.4 1.044
6.4167 1.133
6.4333 1.226
6.45 1.322
6.4667 1.42
6.4833 1.522
6.5 1.626
6.5167 1.733
6.5333 1.843
6.55 1.956
6.5667 2.07
6.5833 2.188
6.6 2.308
6.6167 2.43
6.6333 2.555
6.65 2.683
6.6667 2.813
6.6833 2.945
6.7 3.08
6.7167 3.217
6.7333 3.357
6.75 3.5
6.7667 3.645
6.7833 3.792
6.8 3.942
6.8167 4.094
6.8333 4.249
6.85 4.406
6.8667 4.566
6.8833 4.728
6.9 4.893
6.9167 5.059
6.9333 5.229
6.95 5.4
6.9667 5.574
6.9833 5.751
7.0 5.929
7.0167 6.11
7.0333 6.293
7.05 6.478
7.0667 6.665
7.0833 6.854
7.1 7.046
7.1167 7.239
7.1333 7.435
7.15 7.632
7.1667 7.831
7.1833 8.033
7.2 8.236
7.2167 8.44
7.2333 8.647
7.25 8.856
7.2667 9.065
7.2833 9.277
7.3 9.491
7.3167 9.706
7.3333 9.922
7.35 10.14
7.3667 10.36
7.3833 10.58
7.4 10.8
7.4167 11.03
7.4333 11.25
7.45 11.48
7.4667 11.71
7.4833 11.94
7.5 12.17
7.5167 12.4
7.5333 12.63
7.55 12.86
7.5667 13.1
7.5833 13.33
7.6 13.57
7.6167 13.81
7.6333 14.05
7.65 14.29
7.6667 14.53
7.6833 14.77
7.7 15.01
7.7167 15.25
7.7333 15.5
7.75 15.74
7.7667 15.99
7.7833 16.24
7.8 16.48
7.8167 16.73
7.8333 16.98
7.85 17.23
7.8667 17.48
7.8833 17.73
7.9 17.98
7.9167 18.23
7.9333 18.48
7.95 18.73
7.9667 18.98
7.9833 19.24
8.0 19.49
8.0167 19.74
8.0333 20.0
8.05 20.25
8.0667 20.51
8.0833 20.76
8.1 21.02
8.1167 21.28
8.1333 21.53
8.15 21.79
8.1667 22.04
8.1833 22.3
8.2 22.56
8.2167 22.81
8.2333 23.07
8.25 23.33
8.2667 23.59
8.2833 23.84
8.3 24.1
8.3167 24.36
8.3333 24.62
8.35 24.88
8.3667 25.13
8.3833 25.39
8.4 25.65
8.4167 25.91
8.4333 26.16
8.45 26.42
8.4667 26.68
8.4833 26.94
8.5 27.19
8.5167 27.45
8.5333 27.71
8.55 27.97
8.5667 28.22
8.5833 28.48
8.6 28.74
8.6167 28.99
8.6333 29.25
8.65 29.5
8.6667 29.76
8.6833 30.02
8.7 30.27
8.7167 30.53
8.7333 30.78
8.75 31.03
8.7667 31.29
8.7833 31.54
8.8 31.8
8.8167 32.05
8.8333 32.3
8.85 32.55
8.8667 32.8
8.8833 33.06
8.9 33.31
8.9167 33.56
8.9333 33.81
8.95 34.06
8.9667 34.31
8.9833 34.56
9.0 34.8
9.0167 35.05
9.0333 35.3
9.05 35.55
9.0667 35.79
9.0833 36.04
9.1 36.29
9.1167 36.53
9.1333 36.77
9.15 37.02
9.1667 37.26
9.1833 37.5
9.2 37.75
9.2167 37.99
9.2333 38.23
9.25 38.47
9.2667 38.71
9.2833 38.95
9.3 39.19
9.3167 39.42
9.3333 39.66
9.35 39.9
9.3667 40.13
9.3833 40.37
9.4 40.6
9.4167 40.84
9.4333 41.07
9.45 41.3
9.4667 41.53
9.4833 41.76
9.5 41.99
9.5167 42.22
9.5333 42.45
9.55 42.68
9.5667 42.91
9.5833 43.13
9.6 43.36
9.6167 43.58
9.6333 43.81
9.65 44.03
9.6667 44.25
9.6833 44.47
9.7 44.7
9.7167 44.92
9.7333 45.13
9.75 45.35
9.7667 45.57
9.7833 45.79
9.8 46.0
9.8167 46.22
9.8333 46.43
9.85 46.64
9.8667 46.86
9.8833 47.07
9.9 47.28
9.9167 47.49
9.9333 47.7
9.95 47.9
9.9667 48.11
9.9833 48.32
10.0 48.52
10.0167 48.72
10.0333 48.93
10.05 49.13
10.0667 49.33
10.0833 49.53
10.1 49.73
10.1167 49.93
10.1333 50.12
10.15 50.32
10.1667 50.52
10.1833 50.71
10.2 50.9
10.2167 51.09
10.2333 51.29
10.25 51.48
10.2667 51.66
10.2833 51.85
10.3 52.04
10.3167 52.22
10.3333 52.41
10.35 52.59
10.3667 52.78
10.3833 52.96
10.4 53.14
10.4167 53.32
10.4333 53.5
10.45 53.67
10.4667 53.85
10.4833 54.02
10.5 54.2
10.5167 54.37
10.5333 54.54
10.55 54.71
10.5667 54.88
10.5833 55.05
10.6 55.22
10.6167 55.38
10.6333 55.55
10.65 55.71
10.6667 55.88
10.6833 56.04
10.7 56.2
10.7167 56.36
10.7333 56.51
10.75 56.67
10.7667 56.83
10.7833 56.98
10.8 57.13
10.8167 57.29
10.8333 57.44
10.85 57.59
10.8667 57.73
10.8833 57.88
10.9 58.03
10.9167 58.17
10.9333 58.32
10.95 58.46
10.9667 58.6
10.9833 58.74
11.0 58.88
11.0167 59.02
11.0333 59.15
11.05 59.29
11.0667 59.42
11.0833 59.56
11.1 59.69
11.1167 59.82
11.1333 59.95
11.15 60.07
11.1667 60.2
11.1833 60.32
11.2 60.45
11.2167 60.57
11.2333 60.69
11.25 60.81
11.2667 60.93
11.2833 61.05
11.3 61.16
11.3167 61.28
11.3333 61.39
11.35 61.5
11.3667 61.61
11.3833 61.72
11.4 61.83
11.4167 61.94
11.4333 62.04
11.45 62.15
11.4667 62.25
11.4833 62.35
11.5 62.45
11.5167 62.55
11.5333 62.65
11.55 62.75
11.5667 62.84
11.5833 62.94
11.6 63.03
11.6167 63.12
11.6333 63.21
11.65 63.3
11.6667 63.38
11.6833 63.47
11.7 63.55
11.7167 63.64
11.7333 63.72
11.75 63.8
11.7667 63.88
11.7833 63.96
11.8 64.03
11.8167 64.11
11.8333 64.18
11.85 64.25
11.8667 64.32
11.8833 64.39
11.9 64.46
11.9167 64.53
11.9333 64.59
11.95 64.66
11.9667 64.72
11.9833 64.78
12.0 64.84
12.0167 64.9
12.0333 64.95
12.05 65.01
12.0667 65.06
12.0833 65.12
12.1 65.17
12.1167 65.22
12.1333 65.27
12.15 65.31
12.1667 65.36
12.1833 65.4
12.2 65.45
12.2167 65.48
12.2333 65.53
12.25 65.57
12.2667 65.6
12.2833 65.64
12.3 65.67
12.3167 65.71
12.3333 65.74
12.35 65.77
12.3667 65.8
12.3833 65.83
12.4 65.85
12.4167 65.88
12.4333 65.9
12.45 65.92
12.4667 65.94
12.4833 65.96
12.5 65.98
12.5167 66.0
12.5333 66.01
12.55 66.02
12.5667 66.04
12.5833 66.05
12.6 66.06
12.6167 66.06
12.6333 66.07
12.65 66.08
12.6667 66.08
12.6833 66.08
12.7 66.08
12.7167 66.08
12.7333 66.08
12.75 66.08
12.7667 66.07
12.7833 66.06
12.8 66.06
12.8167 66.05
12.8333 66.04
12.85 66.03
12.8667 66.01
12.8833 66.0
12.9 65.98
12.9167 65.96
12.9333 65.94
12.95 65.92
12.9667 65.9
12.9833 65.88
13.0 65.85
13.0167 65.83
13.0333 65.8
13.05 65.77
13.0667 65.74
13.0833 65.71
13.1 65.68
13.1167 65.64
13.1333 65.6
13.15 65.57
13.1667 65.53
13.1833 65.49
13.2 65.45
13.2167 65.4
13.2333 65.36
13.25 65.31
13.2667 65.27
13.2833 65.22
13.3 65.17
13.3167 65.12
13.3333 65.06
13.35 65.01
13.3667 64.96
13.3833 64.9
13.4 64.84
13.4167 64.78
13.4333 64.72
13.45 64.66
13.4667 64.59
13.4833 64.53
13.5 64.46
13.5167 64.39
13.5333 64.32
13.55 64.25
13.5667 64.18
13.5833 64.11
13.6 64.03
13.6167 63.96
13.6333 63.88
13.65 63.8
13.6667 63.72
13.6833 63.64
13.7 63.56
13.7167 63.47
13.7333 63.39
13.75 63.3
13.7667 63.21
13.7833 63.12
13.8 63.03
13.8167 62.94
13.8333 62.84
13.85 62.75
13.8667 62.65
13.8833 62.56
13.9 62.46
13.9167 62.36
13.9333 62.25
13.95 62.15
13.9667 62.05
13.9833 61.94
14.0 61.84
14.0167 61.73
14.0333 61.62
14.05 61.51
14.0667 61.4
14.0833 61.28
14.1 61.17
14.1167 61.05
14.1333 60.93
14.15 60.81
14.1667 60.7
14.1833 60.57
14.2 60.45
14.2167 60.33
14.2333 60.2
14.25 60.08
14.2667 59.95
14.2833 59.82
14.3 59.69
14.3167 59.56
14.3333 59.43
14.35 59.29
14.3667 59.16
14.3833 59.02
14.4 58.88
14.4167 58.74
14.4333 58.61
14.45 58.46
14.4667 58.32
14.4833 58.18
14.5 58.03
14.5167 57.89
14.5333 57.74
14.55 57.59
14.5667 57.44
14.5833 57.29
14.6 57.14
14.6167 56.99
14.6333 56.83
14.65 56.67
14.6667 56.52
14.6833 56.36
14.7 56.2
14.7167 56.04
14.7333 55.88
14.75 55.72
14.7667 55.55
14.7833 55.39
14.8 55.22
14.8167 55.05
14.8333 54.89
14.85 54.72
14.8667 54.55
14.8833 54.37
14.9 54.2
14.9167 54.03
14.9333 53.85
14.95 53.68
14.9667 53.5
14.9833 53.32
15.0 53.14
15.0167 52.96
15.0333 52.78
15.05 52.6
15.0667 52.41
15.0833 52.23
15.1 52.04
15.1167 51.86
15.1333 51.67
15.15 51.48
15.1667 51.29
15.1833 51.1
15.2 50.91
15.2167 50.71
15.2333 50.52
15.25 50.32
15.2667 50.13
15.2833 49.93
15.3 49.73
15.3167 49.53
15.3333 49.33
15.35 49.13
15.3667 48.93
15.3833 48.73
15.4 48.52
15.4167 48.32
15.4333 48.11
15.45 47.9
15.4667 47.7
15.4833 47.49
15.5 47.28
15.5167 47.07
15.5333 46.86
15.55 46.65
15.5667 46.43
15.5833 46.22
15.6 46.0
15.6167 45.79
15.6333 45.57
15.65 45.35
15.6667 45.13
15.6833 44.92
15.7 44.7
15.7167 44.47
15.7333 44.25
15.75 44.03
15.7667 43.81
15.7833 43.58
15.8 43.36
15.8167 43.13
15.8333 42.91
15.85 42.68
15.8667 42.45
15.8833 42.22
15.9 41.99
15.9167 41.76
15.9333 41.53
15.95 41.3
15.9667 41.07
15.9833 40.83
16.0 40.6
16.0167 40.37
16.0333 40.13
16.05 39.89
16.0667 39.66
16.0833 39.42
16.1 39.18
16.1167 38.94
16.1333 38.7
16.15 38.47
16.1667 38.22
16.1833 37.98
16.2 37.74
16.2167 37.5
16.2333 37.26
16.25 37.01
16.2667 36.77
16.2833 36.52
16.3 36.28
16.3167 36.03
16.3333 35.79
16.35 35.54
16.3667 35.29
16.3833 35.05
16.4 34.8
16.4167 34.55
16.4333 34.3
16.45 34.05
16.4667 33.8
16.4833 33.55
16.5 33.3
16.5167 33.05
16.5333 32.8
16.55 32.55
16.5667 32.29
16.5833 32.04
16.6 31.79
16.6167 31.53
16.6333 31.28
16.65 31.03
16.6667 30.77
16.6833 30.52
16.7 30.26
16.7167 30.01
16.7333 29.75
16.75 29.49
16.7667 29.24
16.7833 28.98
16.8 28.73
16.8167 28.47
16.8333 28.21
16.85 27.96
16.8667 27.7
16.8833 27.44
16.9 27.18
16.9167 26.93
16.9333 26.67
16.95 26.41
16.9667 26.15
16.9833 25.89
17.0 25.64
17.0167 25.38
17.0333 25.12
17.05 24.86
17.0667 24.6
17.0833 24.35
17.1 24.09
17.1167 23.83
17.1333 23.57
17.15 23.32
17.1667 23.06
17.1833 22.8
17.2 22.54
17.2167 22.29
17.2333 22.03
17.25 21.77
17.2667 21.52
17.2833 21.26
17.3 21.0
17.3167 20.75
17.3333 20.49
17.35 20.24
17.3667 19.98
17.3833 19.73
17.4 19.47
17.4167 19.22
17.4333 18.97
17.45 18.71
17.4667 18.46
17.4833 18.21
17.5 17.96
17.5167 17.71
17.5333 17.46
17.55 17.21
17.5667 16.96
17.5833 16.71
17.6 16.46
17.6167 16.22
17.6333 15.97
17.65 15.72
17.6667 15.48
17.6833 15.23
17.7 14.99
17.7167 14.75
17.7333 14.51
17.75 14.27
17.7667 14.03
17.7833 13.79
17.8 13.55
17.8167 13.31
17.8333 13.08
17.85 12.84
17.8667 12.61
17.8833 12.37
17.9 12.14
17.9167 11.91
17.9333 11.68
17.95 11.46
17.9667 11.23
17.9833 11.0
18.0 10.78
18.0167 10.56
18.0333 10.34
18.05 10.12
18.0667 9.898
18.0833 9.682
18.1 9.467
18.1167 9.254
18.1333 9.042
18.15 8.831
18.1667 8.623
18.1833 8.416
18.2 8.212
18.2167 8.009
18.2333 7.807
18.25 7.608
18.2667 7.411
18.2833 7.215
18.3 7.022
18.3167 6.831
18.3333 6.641
18.35 6.454
18.3667 6.269
18.3833 6.086
18.4 5.905
18.4167 5.727
18.4333 5.551
18.45 5.377
18.4667 5.205
18.4833 5.036
18.5 4.87
18.5167 4.705
18.5333 4.543
18.55 4.383
18.5667 4.226
18.5833 4.072
18.6 3.92
18.6167 3.77
18.6333 3.623
18.65 3.478
18.6667 3.336
18.6833 3.196
18.7 3.059
18.7167 2.924
18.7333 2.792
18.75 2.662
18.7667 2.535
18.7833 2.41
18.8 2.288
18.8167 2.168
18.8333 2.051
18.85 1.936
18.8667 1.824
18.8833 1.715
18.9 1.608
18.9167 1.504
18.9333 1.403
18.95 1.304
18.9667 1.209
18.9833 1.117
19.0 1.028
19.0167 0.9423
19.0333 0.8606
19.05 0.7829
19.0667 0.7098
19.0833 0.6322
19.1 0.5565
19.1167 0.4928
19.1333 0.4394
19.15 0.3876
19.1667 0.3344
19.1833 0.2882
19.2 0.251
19.2167 0.2114
19.2333 0.1776
19.25 0.1485
19.2667 0.1234
19.2833 0.1022
19.3 0.0815
19.3167 0.06626
19.3333 0.05255
19.35 0.04224
19.3667 0.03294
19.3833 0.02566
19.4 0.0199
19.4167 0.01533
19.4333 0.01173
19.45 0.008922
19.4667 0.006637
19.4833 0.004891
19.5 0.00356
19.5167 0.00254
19.5333 0.00176
19.55 0.001194
19.5667 0.0007882
19.5833 0.0005004
19.6 0.0002996
19.6167 0.0001623
19.6333 7.354e-05
19.65 2.089e-05
19.6667 2.982e-06
19.6833 1.813e-07
19.7 2.976e-09
19.7167 1.143e-11
19.7333 8.559e-16
19.75 0.0
19.7667 0.0
19.7833 0.0
19.8 0.0
19.8167 0.0
19.8333 0.0
19.85 0.0
19.8667 0.0
19.8833 0.0
19.9 0.0
19.9167 0.0
19.9333 0.0
19.95 0.0
19.9667 0.0
19.9833 0.0
20.0 0.0
20.0167 0.0
20.0333 0.0
20.05 0.0
20.0667 0.0
20.0833 0.0
20.1 0.0
20.1167 0.0
20.1333 0.0
20.15 0.0
20.1667 0.0
20.1833 0.0
20.2 0.0
20.2167 0.0
20.2333 0.0
20.25 0.0
20.2667 0.0
20.2833 0.0
20.3 0.0
20.3167 0.0
20.3333 0.0
20.35 0.0
20.3667 0.0
20.3833 0.0
20.4 0.0
20.4167 0.0
20.4333 0.0
20.45 0.0
20.4667 0.0
20.4833 0.0
20.5 0.0
20.5167 0.0
20.5333 0.0
20.55 0.0
20.5667 0.0
20.5833 0.0
20.6 0.0
20.6167 0.0
20.6333 0.0
20.65 0.0
20.6667 0.0
20.6833 0.0
20.7 0.0
20.7167 0.0
20.7333 0.0
20.75 0.0
20.7667 0.0
20.7833 0.0
20.8 0.0
20.8167 0.0
20.8333 0.0
20.85 0.0
20.8667 0.0
20.8833 0.0
20.9 0.0
20.9167 0.0
20.9333 0.0
20.95 0.0
20.9667 0.0
20.9833 0.0
21.0 0.0
21.0167 0.0
21.0333 0.0
21.05 0.0
21.0667 0.0
21.0833 0.0
21.1 0.0
21.1167 0.0
21.1333 0.0
21.15 0.0
21.1667 0.0
21.1833 0.0
21.2 0.0
21.2167 0.0
21.2333 0.0
21.25 0.0
21.2667 0.0
21.2833 0.0
21.3 0.0
21.3167 0.0
21.3333 0.0
21.35 0.0
21.3667 0.0
21.3833 0.0
21.4 0.0
21.4167 0.0
21.4333 0.0
21.45 0.0
21.4667 0.0
21.4833 0.0
21.5 0.0
21.5167 0.0
21.5333 0.0
21.55 0.0
21.5667 0.0
21.5833 0.0
21.6 0.0
21.6167 0.0
21.6333 0.0
21.65 0.0
21.6667 0.0
21.6833 0.0
21.7 0.0
21.7167 0.0
21.7333 0.0
21.75 0.0
21.7667 0.0
21.7833 0.0
21.8 0.0
21.8167 0.0
21.8333 0.0
21.85 0.0
21.8667 0.0
21.8833 0.0
21.9 0.0
21.9167 0.0
21.9333 0.0
21.95 0.0
21.9667 0.0
21.9833 0.0
22.0 0.0
22.0167 0.0
22.0333 0.0
22.05 0.0
22.0667 0.0
22.0833 0.0
22.1 0.0
22.1167 0.0
22.1333 0.0
22.15 0.0
22.1667 0.0
22.1833 0.0
22.2 0.0
22.2167 0.0
22.2333 0.0
22.25 0.0
22.2667 0.0
22.2833 0.0
22.3 0.0
22.3167 0.0
22.3333 0.0
22.35 0.0
22.3667 0.0
22.3833 0.0
22.4 0.0
22.4167 0.0
22.4333 0.0
22.45 0.0
22.4667 0.0
22.4833 0.0
22.5 0.0
22.5167 0.0
22.5333 0.0
22.55 0.0
22.5667 0.0
22.5833 0.0
22.6 0.0
22.6167 0.0
22.6333 0.0
22.65 0.0
22.6667 0.0
22.6833 0.0
22.7 0.0
22.7167 0.0
22.7333 0.0
22.75 0.0
22.7667 0.0
22.7833 0.0
22.8 0.0
22.8167 0.0
22.8333 0.0
22.85 0.0
22.8667 0.0
22.8833 0.0
22.9 0.0
22.9167 0.0
22.9333 0.0
22.95 0.0
22.9667 0.0
22.9833 0.0
23.0 0.0
23.0167 0.0
23.0333 0.0
23.05 0.0
23.0667 0.0
23.0833 0.0
23.1 0.0
23.1167 0.0
23.1333 0.0
23.15 0.0
23.1667 0.0
23.1833 0.0
23.2 0.0
23.2167 0.0
23.2333 0.0
23.25 0.0
23.2667 0.0
23.2833 0.0
23.3 0.0
23.3167 0.0
23.3333 0.0
23.35 0.0
23.3667 0.0
23.3833 0.0
23.4 0.0
23.4167 0.0
23.4333 0.0
23.45 0.0
23.4667 0.0
23.4833 0.0
23.5 0.0
23.5167 0.0
23.5333 0.0
23.55 0.0
23.5667 0.0
23.5833 0.0
23.6 0.0
23.6167 0.0
23.6333 0.0
23.65 0.0
23.6667 0.0
23.6833 0.0
23.7 0.0
23.7167 0.0
23.7333 0.0
23.75 0.0
23.7667 0.0
23.7833 0.0
23.8 0.0
23.8167 0.0
23.8333 0.0
23.85 0.0
23.8667 0.0
23.8833 0.0
23.9 0.0
23.9167 0.0
23.9333 0.0
23.95 0.0
23.9667 0.0
23.9833 0.0
