0.0 0.0
0.0167 0.0
0.0333 0.0
0.05 0.0
0.0667 0.0
0.0833 0.0
0.1 0.0
0.1167 0.0
0.1333 0.0
0.15 0.0
0.1667 0.0
0.1833 0.0
0.2 0.0
0.2167 0.0
0.2333 0.0
0.25 0.0
0.2667 0.0
0.2833 0.0
0.3 0.0
0.3167 0.0
0.3333 0.0
0.35 0.0
0.3667 0.0
0.3833 0.0
0.4 0.0
0.4167 0.0
0.4333 0.0
0.45 0.0
0.4667 0.0
0.4833 0.0
0.5 0.0
0.5167 0.0
0.5333 0.0
0.55 0.0
0.5667 0.0
0.5833 0.0
0.6 0.0
0.6167 0.0
0.6333 0.0
0.65 0.0
0.6667 0.0
0.6833 0.0
0.7 0.0
0.7167 0.0
0.7333 0.0
0.75 0.0
0.7667 0.0
0.7833 0.0
0.8 0.0
0.8167 0.0
0.8333 0.0
0.85 0.0
0.8667 0.0
0.8833 0.0
0.9 0.0
0.9167 0.0
0.9333 0.0
0.95 0.0
0.9667 0.0
0.9833 0.0
1.0 0.0
1.0167 0.0
1.0333 0.0
1.05 0.0
1.0667 0.0
1.0833 0.0
1.1 0.0
1.1167 0.0
1.1333 0.0
1.15 0.0
1.1667 0.0
1.1833 0.0
1.2 0.0
1.2167 0.0
1.2333 0.0
1.25 0.0
1.2667 0.0
1.2833 0.0
1.3 0.0
1.3167 0.0
1.3333 0.0
1.35 0.0
1.3667 0.0
1.3833 0.0
1.4 0.0
1.4167 0.0
1.4333 0.0
1.45 0.0
1.4667 0.0
1.4833 0.0
1.5 0.0
1.5167 0.0
1.5333 0.0
1.55 0.0
1.5667 0.0
1.5833 0.0
1.6 0.0
1.6167 0.0
1.6333 0.0
1.65 0.0
1.6667 0.0
1.6833 0.0
1.7 0.0
1.7167 0.0
1.7333 0.0
1.75 0.0
1.7667 0.0
1.7833 0.0
1.8 0.0
1.8167 0.0
1.8333 0.0
1.85 0.0
1.8667 0.0
1.8833 0.0
1.9 0.0
1.9167 0.0
1.9333 0.0
1.95 0.0
1.9667 0.0
1.9833 0.0
2.0 0.0
2.0167 0.0
2.0333 0.0
2.05 0.0
2.0667 0.0
2.0833 0.0
2.1 0.0
2.1167 0.0
2.1333 0.0
2.15 0.0
2.1667 0.0
2.1833 0.0
2.2 0.0
2.2167 0.0
2.2333 0.0
2.25 0.0
2.2667 0.0
2.2833 0.0
2.3 0.0
2.3167 0.0
2.3333 0.0
2.35 0.0
2.3667 0.0
2.3833 0.0
2.4 0.0
2.4167 0.0
2.4333 0.0
2.45 0.0
2.4667 0.0
2.4833 0.0
2.5 0.0
2.5167 0.0
2.5333 0.0
2.55 0.0
2.5667 0.0
2.5833 0.0
2.6 0.0
2.6167 0.0
2.6333 0.0
2.65 0.0
2.6667 0.0
2.6833 0.0
2.7 0.0
2.7167 0.0
2.7333 0.0
2.75 0.0
2.7667 0.0
2.7833 0.0
2.8 0.0
2.8167 0.0
2.8333 0.0
2.85 0.0
2.8667 0.0
2.8833 0.0
2.9 0.0
2.9167 0.0
2.9333 0.0
2.95 0.0
2.9667 0.0
2.9833 0.0
3.0 0.0
3.0167 0.0
3.0333 0.0
3.05 0.0
3.0667 0.0
3.0833 0.0
3.1 0.0
3.1167 0.0
3.1333 0.0
3.15 0.0
3.1667 0.0
3.1833 0.0
3.2 0.0
3.2167 0.0
3.2333 0.0
3.25 0.0
3.2667 0.0
3.2833 0.0
3.3 0.0
3.3167 0.0
3.3333 0.0
3.35 0.0
3.3667 0.0
3.3833 0.0
3.4 0.0
3.4167 0.0
3.4333 0.0
3.45 0.0
3.4667 0.0
3.4833 0.0
3.5 0.0
3.5167 0.0
3.5333 0.0
3.55 0.0
3.5667 0.0
3.5833 0.0
3.6 0.0
3.6167 0.0
3.6333 0.0
3.65 0.0
3.6667 0.0
3.6833 0.0
3.7 0.0
3.7167 0.0
3.7333 0.0
3.75 0.0
3.7667 0.0
3.7833 0.0
3.8 0.0
3.8167 0.0
3.8333 0.0
3.85 0.0
3.8667 0.0
3.8833 0.0
3.9 0.0
3.9167 0.0
3.9333 0.0
3.95 0.0
3.9667 0.0
3.9833 0.0
4.0 0.0
4.0167 0.0
4.0333 0.0
4.05 0.0
4.0667 0.0
4.0833 0.0
4.1 0.0
4.1167 0.0
4.1333 0.0
4.15 0.0
4.1667 0.0
4.1833 0.0
4.2 0.0
4.2167 0.0
4.2333 0.0
4.25 0.0
4.2667 0.0
4.2833 0.0
4.3 0.0
4.3167 0.0
4.3333 0.0
4.35 0.0
4.3667 0.0
4.3833 0.0
4.4 0.0
4.4167 0.0
4.4333 0.0
4.45 0.0
4.4667 0.0
4.4833 0.0
4.5 0.0
4.5167 0.0
4.5333 0.0
4.55 0.0
4.5667 0.0
4.5833 0.0
4.6 0.0
4.6167 0.0
4.6333 0.0
4.65 0.0
4.6667 0.0
4.6833 0.0
4.7 0.0
4.7167 0.0
4.7333 0.0
4.75 0.0
4.7667 0.0
4.7833 0.0
4.8 0.0
4.8167 0.0
4.8333 0.0
4.85 0.0
4.8667 0.0
4.8833 0.0
4.9 0.0
4.9167 0.0
4.9333 0.0
4.95 0.0
4.9667 0.0
4.9833 0.0
5.0 0.0
5.0167 0.0
5.0333 0.0
5.05 0.0
5.0667 0.0
5.0833 0.0
5.1 0.0
5.1167 0.0
5.1333 0.0
5.15 0.0
5.1667 0.0
5.1833 0.0
5.2 0.0
5.2167 0.0
5.2333 0.0
5.25 0.0
5.2667 0.0
5.2833 0.0
5.3 0.0
5.3167 0.0
5.3333 4.763e-14
5.35 6.843e-11
5.3667 8.063e-09
5.3833 3.171e-07
5.4 3.501e-06
5.4167 2.168e-05
5.4333 6.885e-05
5.45 0.0001535
5.4667 0.0002778
5.4833 0.0004563
5.5 0.0007006
5.5167 0.001037
5.5333 0.00151
5.55 0.002167
5.5667 0.002969
5.5833 0.004112
5.6 0.005467
5.6167 0.00722
5.6333 0.009476
5.65 0.01235
5.6667 0.0159
5.6833 0.02026
5.7 0.02571
5.7167 0.03262
5.7333 0.0414
5.75 0.05074
5.7667 0.06388
5.7833 0.0774
5.8 0.09383
5.8167 0.1136
5.8333 0.1371
5.85 0.1632
5.8667 0.1916
5.8833 0.2239
5.9 0.2617
5.9167 0.3074
5.9333 0.3444
5.95 0.4018
5.9667 0.4455
5.9833 0.4972
6.0 0.5584
6.0167 0.6304
6.0333 0.7036
6.05 0.7723
6.0667 0.8453
6.0833 0.922
6.1 1.002
6.1167 1.085
6.1333 1.172
6.15 1.261
6.1667 1.353
6.1833 1.447
6.2 1.544
6.2167 1.644
6.2333 1.746
6.25 1.851
6.2667 1.958
6.2833 2.067
6.3 2.179
6.3167 2.292
6.3333 2.409
6.35 2.527
6.3667 2.648
6.3833 2.771
6.4 2.896
6.4167 3.024
6.4333 3.154
6.45 3.286
6.4667 3.421
6.4833 3.557
6.5 3.696
6.5167 3.838
6.5333 3.982
6.55 4.128
6.5667 4.276
6.5833 4.426
6.6 4.579
6.6167 4.734
6.6333 4.892
6.65 5.051
6.6667 5.213
6.6833 5.377
6.7 5.543
6.7167 5.711
6.7333 5.881
6.75 6.053
6.7667 6.227
6.7833 6.404
6.8 6.582
6.8167 6.763
6.8333 6.945
6.85 7.129
6.8667 7.315
6.8833 7.503
6.9 7.693
6.9167 7.884
6.9333 8.077
6.95 8.272
6.9667 8.469
6.9833 8.667
7.0 8.867
7.0167 9.069
7.0333 9.272
7.05 9.477
7.0667 9.683
7.0833 9.89
7.1 10.1
7.1167 10.31
7.1333 10.52
7.15 10.73
7.1667 10.95
7.1833 11.16
7.2 11.38
7.2167 11.6
7.2333 11.82
7.25 12.04
7.2667 12.26
7.2833 12.48
7.3 12.71
7.3167 12.93
7.3333 13.16
7.35 13.39
7.3667 13.61
7.3833 13.84
7.4 14.07
7.4167 14.3
7.4333 14.53
7.45 14.77
7.4667 15.0
7.4833 15.23
7.5 15.47
7.5167 15.7
7.5333 15.94
7.55 16.18
7.5667 16.42
7.5833 16.65
7.6 16.89
7.6167 17.13
7.6333 17.37
7.65 17.61
7.6667 17.85
7.6833 18.1
7.7 18.34
7.7167 18.58
7.7333 18.82
7.75 19.07
7.7667 19.31
7.7833 19.56
7.8 19.8
7.8167 20.05
7.8333 20.29
7.85 20.54
7.8667 20.78
7.8833 21.03
7.9 21.28
7.9167 21.52
7.9333 21.77
7.95 22.02
7.9667 22.26
7.9833 22.51
8.0 22.76
8.0167 23.01
8.0333 23.26
8.05 23.51
8.0667 23.75
8.0833 24.0
8.1 24.25
8.1167 24.5
8.1333 24.75
8.15 25.0
8.1667 25.25
8.1833 25.5
8.2 25.75
8.2167 25.99
8.2333 26.24
8.25 26.49
8.2667 26.74
8.2833 26.99
8.3 27.24
8.3167 27.49
8.3333 27.74
8.35 27.98
8.3667 28.23
8.3833 28.48
8.4 28.73
8.4167 28.98
8.4333 29.22
8.45 29.47
8.4667 29.72
8.4833 29.96
8.5 30.21
8.5167 30.46
8.5333 30.7
8.55 30.95
8.5667 31.2
8.5833 31.44
8.6 31.69
8.6167 31.93
8.6333 32.18
8.65 32.42
8.6667 32.66
8.6833 32.91
8.7 33.15
8.7167 33.39
8.7333 33.63
8.75 33.88
8.7667 34.12
8.7833 34.36
8.8 34.6
8.8167 34.84
8.8333 35.08
8.85 35.32
8.8667 35.56
8.8833 35.8
8.9 36.04
8.9167 36.27
8.9333 36.51
8.95 36.75
8.9667 36.98
8.9833 37.22
9.0 37.45
9.0167 37.69
9.0333 37.92
9.05 38.15
9.0667 38.39
9.0833 38.62
9.1 38.85
9.1167 39.08
9.1333 39.31
9.15 39.54
9.1667 39.77
9.1833 40.0
9.2 40.23
9.2167 40.46
9.2333 40.68
9.25 40.91
9.2667 41.13
9.2833 41.36
9.3 41.58
9.3167 41.81
9.3333 42.03
9.35 42.25
9.3667 42.47
9.3833 42.69
9.4 42.91
9.4167 43.13
9.4333 43.35
9.45 43.57
9.4667 43.79
9.4833 44.0
9.5 44.22
9.5167 44.43
9.5333 44.65
9.55 44.86
9.5667 45.07
9.5833 45.28
9.6 45.49
9.6167 45.7
9.6333 45.91
9.65 46.12
9.6667 46.33
9.6833 46.54
9.7 46.74
9.7167 46.95
9.7333 47.15
9.75 47.35
9.7667 47.56
9.7833 47.76
9.8 47.96
9.8167 48.16
9.8333 48.36
9.85 48.56
9.8667 48.75
9.8833 48.95
9.9 49.14
9.9167 49.34
9.9333 49.53
9.95 49.72
9.9667 49.92
9.9833 50.11
10.0 50.3
10.0167 50.49
10.0333 50.67
10.05 50.86
10.0667 51.05
10.0833 51.23
10.1 51.42
10.1167 51.6
10.1333 51.78
10.15 51.96
10.1667 52.14
10.1833 52.32
10.2 52.5
10.2167 52.68
10.2333 52.85
10.25 53.03
10.2667 53.2
10.2833 53.37
10.3 53.55
10.3167 53.72
10.3333 53.89
10.35 54.06
10.3667 54.22
10.3833 54.39
10.4 54.56
10.4167 54.72
10.4333 54.88
10.45 55.05
10.4667 55.21
10.4833 55.37
10.5 55.53
10.5167 55.69
10.5333 55.84
10.55 56.0
10.5667 56.15
10.5833 56.31
10.6 56.46
10.6167 56.61
10.6333 56.76
10.65 56.91
10.6667 57.06
10.6833 57.21
10.7 57.35
10.7167 57.5
10.7333 57.64
10.75 57.79
10.7667 57.93
10.7833 58.07
10.8 58.21
10.8167 58.34
10.8333 58.48
10.85 58.62
10.8667 58.75
10.8833 58.88
10.9 59.02
10.9167 59.15
10.9333 59.28
10.95 59.41
10.9667 59.53
10.9833 59.66
11.0 59.78
11.0167 59.91
11.0333 60.03
11.05 60.15
11.0667 60.27
11.0833 60.39
11.1 60.51
11.1167 60.63
11.1333 60.74
11.15 60.85
11.1667 60.97
11.1833 61.08
11.2 61.19
11.2167 61.3
11.2333 61.4
11.25 61.51
11.2667 61.62
11.2833 61.72
11.3 61.83
11.3167 61.93
11.3333 62.03
11.35 62.13
11.3667 62.23
11.3833 62.32
11.4 62.42
11.4167 62.51
11.4333 62.6
11.45 62.7
11.4667 62.79
11.4833 62.87
11.5 62.96
11.5167 63.05
11.5333 63.14
11.55 63.22
11.5667 63.3
11.5833 63.38
11.6 63.46
11.6167 63.54
11.6333 63.62
11.65 63.7
11.6667 63.77
11.6833 63.85
11.7 63.92
11.7167 63.99
11.7333 64.06
11.75 64.13
11.7667 64.19
11.7833 64.26
11.8 64.32
11.8167 64.39
11.8333 64.45
11.85 64.51
11.8667 64.57
11.8833 64.63
11.9 64.68
11.9167 64.74
11.9333 64.79
11.95 64.85
11.9667 64.9
11.9833 64.95
12.0 65.0
12.0167 65.04
12.0333 65.09
12.05 65.13
12.0667 65.18
12.0833 65.22
12.1 65.26
12.1167 65.3
12.1333 65.34
12.15 65.38
12.1667 65.41
12.1833 65.44
12.2 65.48
12.2167 65.51
12.2333 65.54
12.25 65.57
12.2667 65.6
12.2833 65.62
12.3 65.65
12.3167 65.67
12.3333 65.69
12.35 65.71
12.3667 65.73
12.3833 65.75
12.4 65.77
12.4167 65.78
12.4333 65.8
12.45 65.81
12.4667 65.82
12.4833 65.83
12.5 65.84
12.5167 65.84
12.5333 65.85
12.55 65.85
12.5667 65.86
12.5833 65.86
12.6 65.86
12.6167 65.86
12.6333 65.86
12.65 65.85
12.6667 65.85
12.6833 65.84
12.7 65.84
12.7167 65.83
12.7333 65.82
12.75 65.81
12.7667 65.79
12.7833 65.78
12.8 65.76
12.8167 65.75
12.8333 65.73
12.85 65.71
12.8667 65.69
12.8833 65.66
12.9 65.64
12.9167 65.61
12.9333 65.59
12.95 65.56
12.9667 65.53
12.9833 65.5
13.0 65.47
13.0167 65.44
13.0333 65.4
13.05 65.37
13.0667 65.33
13.0833 65.29
13.1 65.25
13.1167 65.21
13.1333 65.17
13.15 65.12
13.1667 65.08
13.1833 65.03
13.2 64.98
13.2167 64.93
13.2333 64.89
13.25 64.83
13.2667 64.78
13.2833 64.73
13.3 64.67
13.3167 64.61
13.3333 64.56
13.35 64.5
13.3667 64.43
13.3833 64.37
13.4 64.31
13.4167 64.24
13.4333 64.18
13.45 64.11
13.4667 64.04
13.4833 63.97
13.5 63.9
13.5167 63.83
13.5333 63.75
13.55 63.68
13.5667 63.6
13.5833 63.52
13.6 63.44
13.6167 63.36
13.6333 63.28
13.65 63.2
13.6667 63.11
13.6833 63.03
13.7 62.94
13.7167 62.85
13.7333 62.76
13.75 62.67
13.7667 62.58
13.7833 62.49
13.8 62.39
13.8167 62.3
13.8333 62.2
13.85 62.1
13.8667 62.0
13.8833 61.9
13.9 61.8
13.9167 61.7
13.9333 61.59
13.95 61.49
13.9667 61.38
13.9833 61.27
14.0 61.16
14.0167 61.05
14.0333 60.94
14.05 60.83
14.0667 60.71
14.0833 60.6
14.1 60.48
14.1167 60.36
14.1333 60.24
14.15 60.12
14.1667 60.0
14.1833 59.88
14.2 59.75
14.2167 59.63
14.2333 59.5
14.25 59.37
14.2667 59.25
14.2833 59.12
14.3 58.98
14.3167 58.85
14.3333 58.72
14.35 58.58
14.3667 58.45
14.3833 58.31
14.4 58.17
14.4167 58.03
14.4333 57.89
14.45 57.75
14.4667 57.61
14.4833 57.46
14.5 57.32
14.5167 57.17
14.5333 57.03
14.55 56.88
14.5667 56.73
14.5833 56.58
14.6 56.43
14.6167 56.27
14.6333 56.12
14.65 55.96
14.6667 55.81
14.6833 55.65
14.7 55.49
14.7167 55.33
14.7333 55.17
14.75 55.01
14.7667 54.85
14.7833 54.68
14.8 54.52
14.8167 54.35
14.8333 54.18
14.85 54.02
14.8667 53.85
14.8833 53.68
14.9 53.51
14.9167 53.33
14.9333 53.16
14.95 52.99
14.9667 52.81
14.9833 52.63
15.0 52.46
15.0167 52.28
15.0333 52.1
15.05 51.92
15.0667 51.74
15.0833 51.56
15.1 51.37
15.1167 51.19
15.1333 51.0
15.15 50.82
15.1667 50.63
15.1833 50.44
15.2 50.25
15.2167 50.06
15.2333 49.87
15.25 49.68
15.2667 49.49
15.2833 49.29
15.3 49.1
15.3167 48.9
15.3333 48.71
15.35 48.51
15.3667 48.31
15.3833 48.11
15.4 47.91
15.4167 47.71
15.4333 47.51
15.45 47.31
15.4667 47.1
15.4833 46.9
15.5 46.69
15.5167 46.49
15.5333 46.28
15.55 46.07
15.5667 45.86
15.5833 45.66
15.6 45.45
15.6167 45.23
15.6333 45.02
15.65 44.81
15.6667 44.6
15.6833 44.38
15.7 44.17
15.7167 43.95
15.7333 43.74
15.75 43.52
15.7667 43.3
15.7833 43.08
15.8 42.86
15.8167 42.64
15.8333 42.42
15.85 42.2
15.8667 41.98
15.8833 41.76
15.9 41.53
15.9167 41.31
15.9333 41.08
15.95 40.86
15.9667 40.63
15.9833 40.41
16.0 40.18
16.0167 39.95
16.0333 39.72
16.05 39.49
16.0667 39.26
16.0833 39.03
16.1 38.8
16.1167 38.57
16.1333 38.34
16.15 38.1
16.1667 37.87
16.1833 37.64
16.2 37.4
16.2167 37.17
16.2333 36.93
16.25 36.69
16.2667 36.46
16.2833 36.22
16.3 35.98
16.3167 35.74
16.3333 35.51
16.35 35.27
16.3667 35.03
16.3833 34.79
16.4 34.55
16.4167 34.31
16.4333 34.07
16.45 33.82
16.4667 33.58
16.4833 33.34
16.5 33.1
16.5167 32.85
16.5333 32.61
16.55 32.37
16.5667 32.12
16.5833 31.88
16.6 31.63
16.6167 31.39
16.6333 31.14
16.65 30.9
16.6667 30.65
16.6833 30.4
16.7 30.16
16.7167 29.91
16.7333 29.66
16.75 29.42
16.7667 29.17
16.7833 28.92
16.8 28.68
16.8167 28.43
16.8333 28.18
16.85 27.93
16.8667 27.68
16.8833 27.43
16.9 27.19
16.9167 26.94
16.9333 26.69
16.95 26.44
16.9667 26.19
16.9833 25.94
17.0 25.69
17.0167 25.44
17.0333 25.2
17.05 24.95
17.0667 24.7
17.0833 24.45
17.1 24.2
17.1167 23.95
17.1333 23.7
17.15 23.45
17.1667 23.21
17.1833 22.96
17.2 22.71
17.2167 22.46
17.2333 22.21
17.25 21.97
17.2667 21.72
17.2833 21.47
17.3 21.23
17.3167 20.98
17.3333 20.73
17.35 20.49
17.3667 20.24
17.3833 20.0
17.4 19.75
17.4167 19.51
17.4333 19.26
17.45 19.02
17.4667 18.77
17.4833 18.53
17.5 18.29
17.5167 18.05
17.5333 17.81
17.55 17.56
17.5667 17.32
17.5833 17.08
17.6 16.85
17.6167 16.61
17.6333 16.37
17.65 16.13
17.6667 15.89
17.6833 15.66
17.7 15.42
17.7167 15.19
17.7333 14.95
17.75 14.72
17.7667 14.49
17.7833 14.26
17.8 14.03
17.8167 13.8
17.8333 13.57
17.85 13.34
17.8667 13.12
17.8833 12.89
17.9 12.67
17.9167 12.44
17.9333 12.22
17.95 12.0
17.9667 11.78
17.9833 11.56
18.0 11.34
18.0167 11.12
18.0333 10.91
18.05 10.7
18.0667 10.48
18.0833 10.27
18.1 10.06
18.1167 9.852
18.1333 9.645
18.15 9.439
18.1667 9.235
18.1833 9.032
18.2 8.831
18.2167 8.631
18.2333 8.433
18.25 8.237
18.2667 8.043
18.2833 7.85
18.3 7.659
18.3167 7.469
18.3333 7.282
18.35 7.096
18.3667 6.912
18.3833 6.731
18.4 6.551
18.4167 6.373
18.4333 6.197
18.45 6.023
18.4667 5.851
18.4833 5.681
18.5 5.514
18.5167 5.348
18.5333 5.185
18.55 5.023
18.5667 4.864
18.5833 4.708
18.6 4.553
18.6167 4.401
18.6333 4.251
18.65 4.103
18.6667 3.957
18.6833 3.814
18.7 3.673
18.7167 3.534
18.7333 3.398
18.75 3.264
18.7667 3.132
18.7833 3.003
18.8 2.876
18.8167 2.751
18.8333 2.628
18.85 2.508
18.8667 2.39
18.8833 2.274
18.9 2.16
18.9167 2.049
18.9333 1.94
18.95 1.834
18.9667 1.73
18.9833 1.628
19.0 1.529
19.0167 1.432
19.0333 1.338
19.05 1.247
19.0667 1.158
19.0833 1.072
19.1 0.9896
19.1167 0.91
19.1333 0.8339
19.15 0.7616
19.1667 0.6935
19.1833 0.6189
19.2 0.5487
19.2167 0.4889
19.2333 0.4385
19.25 0.3959
19.2667 0.3383
19.2833 0.2983
19.3 0.2571
19.3167 0.2192
19.3333 0.1867
19.35 0.1581
19.3667 0.1327
19.3833 0.1105
19.4 0.09152
19.4167 0.07571
19.4333 0.06092
19.45 0.04946
19.4667 0.03946
19.4833 0.03183
19.5 0.02499
19.5167 0.01959
19.5333 0.0153
19.55 0.01187
19.5667 0.00914
19.5833 0.006989
19.6 0.005309
19.6167 0.00389
19.6333 0.002865
19.65 0.002042
19.6667 0.001456
19.6833 0.0009906
19.7 0.0006583
19.7167 0.0004217
19.7333 0.000254
19.75 0.0001369
19.7667 6.099e-05
19.7833 1.849e-05
19.8 2.703e-06
19.8167 1.991e-07
19.8333 5.191e-09
19.85 3.025e-11
19.8667 1.177e-14
19.8833 0.0
19.9 0.0
19.9167 0.0
19.9333 0.0
19.95 0.0
19.9667 0.0
19.9833 0.0
20.0 0.0
20.0167 0.0
20.0333 0.0
20.05 0.0
20.0667 0.0
20.0833 0.0
20.1 0.0
20.1167 0.0
20.1333 0.0
20.15 0.0
20.1667 0.0
20.1833 0.0
20.2 0.0
20.2167 0.0
20.2333 0.0
20.25 0.0
20.2667 0.0
20.2833 0.0
20.3 0.0
20.3167 0.0
20.3333 0.0
20.35 0.0
20.3667 0.0
20.3833 0.0
20.4 0.0
20.4167 0.0
20.4333 0.0
20.45 0.0
20.4667 0.0
20.4833 0.0
20.5 0.0
20.5167 0.0
20.5333 0.0
20.55 0.0
20.5667 0.0
20.5833 0.0
20.6 0.0
20.6167 0.0
20.6333 0.0
20.65 0.0
20.6667 0.0
20.6833 0.0
20.7 0.0
20.7167 0.0
20.7333 0.0
20.75 0.0
20.7667 0.0
20.7833 0.0
20.8 0.0
20.8167 0.0
20.8333 0.0
20.85 0.0
20.8667 0.0
20.8833 0.0
20.9 0.0
20.9167 0.0
20.9333 0.0
20.95 0.0
20.9667 0.0
20.9833 0.0
21.0 0.0
21.0167 0.0
21.0333 0.0
21.05 0.0
21.0667 0.0
21.0833 0.0
21.1 0.0
21.1167 0.0
21.1333 0.0
21.15 0.0
21.1667 0.0
21.1833 0.0
21.2 0.0
21.2167 0.0
21.2333 0.0
21.25 0.0
21.2667 0.0
21.2833 0.0
21.3 0.0
21.3167 0.0
21.3333 0.0
21.35 0.0
21.3667 0.0
21.3833 0.0
21.4 0.0
21.4167 0.0
21.4333 0.0
21.45 0.0
21.4667 0.0
21.4833 0.0
21.5 0.0
21.5167 0.0
21.5333 0.0
21.55 0.0
21.5667 0.0
21.5833 0.0
21.6 0.0
21.6167 0.0
21.6333 0.0
21.65 0.0
21.6667 0.0
21.6833 0.0
21.7 0.0
21.7167 0.0
21.7333 0.0
21.75 0.0
21.7667 0.0
21.7833 0.0
21.8 0.0
21.8167 0.0
21.8333 0.0
21.85 0.0
21.8667 0.0
21.8833 0.0
21.9 0.0
21.9167 0.0
21.9333 0.0
21.95 0.0
21.9667 0.0
21.9833 0.0
22.0 0.0
22.0167 0.0
22.0333 0.0
22.05 0.0
22.0667 0.0
22.0833 0.0
22.1 0.0
22.1167 0.0
22.1333 0.0
22.15 0.0
22.1667 0.0
22.1833 0.0
22.2 0.0
22.2167 0.0
22.2333 0.0
22.25 0.0
22.2667 0.0
22.2833 0.0
22.3 0.0
22.3167 0.0
22.3333 0.0
22.35 0.0
22.3667 0.0
22.3833 0.0
22.4 0.0
22.4167 0.0
22.4333 0.0
22.45 0.0
22.4667 0.0
22.4833 0.0
22.5 0.0
22.5167 0.0
22.5333 0.0
22.55 0.0
22.5667 0.0
22.5833 0.0
22.6 0.0
22.6167 0.0
22.6333 0.0
22.65 0.0
22.6667 0.0
22.6833 0.0
22.7 0.0
22.7167 0.0
22.7333 0.0
22.75 0.0
22.7667 0.0
22.7833 0.0
22.8 0.0
22.8167 0.0
22.8333 0.0
22.85 0.0
22.8667 0.0
22.8833 0.0
22.9 0.0
22.9167 0.0
22.9333 0.0
22.95 0.0
22.9667 0.0
22.9833 0.0
23.0 0.0
23.0167 0.0
23.0333 0.0
23.05 0.0
23.0667 0.0
23.0833 0.0
23.1 0.0
23.1167 0.0
23.1333 0.0
23.15 0.0
23.1667 0.0
23.1833 0.0
23.2 0.0
23.2167 0.0
23.2333 0.0
23.25 0.0
23.2667 0.0
23.2833 0.0
23.3 0.0
23.3167 0.0
23.3333 0.0
23.35 0.0
23.3667 0.0
23.3833 0.0
23.4 0.0
23.4167 0.0
23.4333 0.0
23.45 0.0
23.4667 0.0
23.4833 0.0
23.5 0.0
23.5167 0.0
23.5333 0.0
23.55 0.0
23.5667 0.0
23.5833 0.0
23.6 0.0
23.6167 0.0
23.6333 0.0
23.65 0.0
23.6667 0.0
23.6833 0.0
23.7 0.0
23.7167 0.0
23.7333 0.0
23.75 0.0
23.7667 0.0
23.7833 0.0
23.8 0.0
23.8167 0.0
23.8333 0.0
23.85 0.0
23.8667 0.0
23.8833 0.0
23.9 0.0
23.9167 0.0
23.9333 0.0
23.95 0.0
23.9667 0.0
23.9833 0.0
