8.0  0.0326
8.0167  0.03327
8.0333  0.03395
8.05  0.03463
8.0667  0.03533
8.0833  0.03603
8.1  0.03675
8.1167  0.03747
8.1333  0.0382
8.15  0.03894
8.1667  0.03969
8.1833  0.04044
8.2  0.04121
8.2167  0.04198
8.2333  0.04276
8.25  0.04355
8.2667  0.04435
8.2833  0.04516
8.3  0.04598
8.3167  0.0468
8.3333  0.04764
8.35  0.04848
8.3667  0.04933
8.3833  0.05019
8.4  0.05106
8.4167  0.05194
8.4333  0.05283
8.45  0.05372
8.4667  0.05462
8.4833  0.05554
8.5  0.05645
8.5167  0.05738
8.5333  0.05832
8.55  0.05927
8.5667  0.06022
8.5833  0.06118
8.6  0.06215
8.6167  0.06313
8.6333  0.06411
8.65  0.06511
8.6667  0.06611
8.6833  0.06712
8.7  0.06814
8.7167  0.06917
8.7333  0.0702
8.75  0.07124
8.7667  0.07229
8.7833  0.07335
8.8  0.07441
8.8167  0.07549
8.8333  0.07657
8.85  0.07765
8.8667  0.07874
8.8833  0.07985
8.9  0.08095
8.9167  0.08206
8.9333  0.08319
8.95  0.08433
8.9667  0.08547
8.9833  0.08662
9.0  0.08514
9.0167  0.08626
9.0333  0.0874
9.05  0.08855
9.0667  0.08968
9.0833  0.09086
9.1  0.09202
9.1167  0.09319
9.1333  0.09437
9.15  0.09555
9.1667  0.09673
9.1833  0.09793
9.2  0.09912
9.2167  0.1003
9.2333  0.1015
9.25  0.1028
9.2667  0.104
9.2833  0.1052
9.3  0.1064
9.3167  0.1077
9.3333  0.1089
9.35  0.1102
9.3667  0.1114
9.3833  0.1127
9.4  0.1139
9.4167  0.1151
9.4333  0.1164
9.45  0.1177
9.4667  0.119
9.4833  0.1203
9.5  0.1216
9.5167  0.1229
9.5333  0.1242
9.55  0.1255
9.5667  0.1268
9.5833  0.1281
9.6  0.1294
9.6167  0.1307
9.6333  0.132
9.65  0.1333
9.6667  0.1347
9.6833  0.136
9.7  0.1373
9.7167  0.1387
9.7333  0.14
9.75  0.1413
9.7667  0.1427
9.7833  0.144
9.8  0.1454
9.8167  0.1466
9.8333  0.1481
9.85  0.1494
9.8667  0.1508
9.8833  0.1521
9.9  0.1535
9.9167  0.1548
9.9333  0.1562
9.95  0.1575
9.9667  0.1589
9.9833  0.1603
10.0  0.1722
10.0167  0.1736
10.0333  0.175
10.05  0.1764
10.0667  0.1779
10.0833  0.1793
10.1  0.1807
10.1167  0.1822
10.1333  0.1836
10.15  0.185
10.1667  0.1864
10.1833  0.1878
10.2  0.1893
10.2167  0.1907
10.2333  0.1921
10.25  0.1936
10.2667  0.195
10.2833  0.1964
10.3  0.1978
10.3167  0.1992
10.3333  0.2006
10.35  0.202
10.3667  0.2033
10.3833  0.2049
10.4  0.2063
10.4167  0.2077
10.4333  0.2089
10.45  0.2104
10.4667  0.2118
10.4833  0.2132
10.5  0.2146
10.5167  0.216
10.5333  0.2174
10.55  0.2187
10.5667  0.2201
10.5833  0.2215
10.6  0.2228
10.6167  0.2242
10.6333  0.2255
10.65  0.2267
10.6667  0.2282
10.6833  0.2295
10.7  0.2308
10.7167  0.2322
10.7333  0.2335
10.75  0.2348
10.7667  0.2361
10.7833  0.2375
10.8  0.2386
10.8167  0.24
10.8333  0.2413
10.85  0.2426
10.8667  0.2439
10.8833  0.2452
10.9  0.2464
10.9167  0.2476
10.9333  0.2489
10.95  0.2502
10.9667  0.2514
10.9833  0.2526
11.0  0.2278
11.0167  0.2288
11.0333  0.2298
11.05  0.231
11.0667  0.2322
11.0833  0.2333
11.1  0.2344
11.1167  0.2354
11.1333  0.2365
11.15  0.2376
11.1667  0.2386
11.1833  0.2397
11.2  0.2407
11.2167  0.2418
11.2333  0.2426
11.25  0.2438
11.2667  0.2448
11.2833  0.2458
11.3  0.2468
11.3167  0.2478
11.3333  0.2487
11.35  0.2497
11.3667  0.2506
11.3833  0.2515
11.4  0.2525
11.4167  0.2532
11.4333  0.2544
11.45  0.2551
11.4667  0.2559
11.4833  0.2571
11.5  0.2579
11.5167  0.2588
11.5333  0.2597
11.55  0.2605
11.5667  0.2614
11.5833  0.2622
11.6  0.263
11.6167  0.2638
11.6333  0.2646
11.65  0.2654
11.6667  0.2662
11.6833  0.267
11.7  0.2677
11.7167  0.2685
11.7333  0.2692
11.75  0.2699
11.7667  0.2705
11.7833  0.2713
11.8  0.272
11.8167  0.2727
11.8333  0.2733
11.85  0.274
11.8667  0.2746
11.8833  0.2753
11.9  0.2759
11.9167  0.2765
11.9333  0.2771
11.95  0.2777
11.9667  0.2783
11.9833  0.2788
13.0  0.3146
13.0167  0.3146
13.0333  0.3144
13.05  0.314
13.0667  0.3138
13.0833  0.3136
13.1  0.3133
13.1167  0.313
13.1333  0.3126
13.15  0.3122
13.1667  0.3118
13.1833  0.3113
13.2  0.311
13.2167  0.3107
13.2333  0.3103
13.25  0.3097
13.2667  0.3092
13.2833  0.3089
13.3  0.3085
13.3167  0.308
13.3333  0.3075
13.35  0.307
13.3667  0.3064
13.3833  0.3059
13.4  0.3053
13.4167  0.3048
13.4333  0.3042
13.45  0.3036
13.4667  0.303
13.4833  0.3024
13.5  0.3017
13.5167  0.3011
13.5333  0.3005
13.55  0.2998
13.5667  0.2991
13.5833  0.2984
13.6  0.2977
13.6167  0.2969
13.6333  0.2963
13.65  0.2955
13.6667  0.2948
13.6833  0.294
13.7  0.2932
13.7167  0.2924
13.7333  0.2917
13.75  0.2908
13.7667  0.29
13.7833  0.2892
13.8  0.2883
13.8167  0.2875
13.8333  0.2866
13.85  0.2857
13.8667  0.2846
13.8833  0.284
13.9  0.2831
13.9167  0.2821
13.9333  0.2811
13.95  0.2803
13.9667  0.2793
13.9833  0.2783
14.0  0.2543
14.0167  0.2532
14.0333  0.2525
14.05  0.2515
14.0667  0.2506
14.0833  0.2496
14.1  0.2486
14.1167  0.2477
14.1333  0.2467
14.15  0.2457
14.1667  0.2447
14.1833  0.2437
14.2  0.2425
14.2167  0.2417
14.2333  0.2406
14.25  0.2396
14.2667  0.2385
14.2833  0.2375
14.3  0.2364
14.3167  0.2353
14.3333  0.2343
14.35  0.2331
14.3667  0.2321
14.3833  0.2308
14.4  0.2297
14.4167  0.2286
14.4333  0.2276
14.45  0.2265
14.4667  0.2254
14.4833  0.2242
14.5  0.2231
14.5167  0.2219
14.5333  0.2208
14.55  0.2196
14.5667  0.2184
14.5833  0.2173
14.6  0.2161
14.6167  0.2149
14.6333  0.2137
14.65  0.2125
14.6667  0.2113
14.6833  0.2101
14.7  0.2088
14.7167  0.2077
14.7333  0.2063
14.75  0.2052
14.7667  0.204
14.7833  0.2028
14.8  0.2014
14.8167  0.2003
14.8333  0.199
14.85  0.1978
14.8667  0.1965
14.8833  0.1953
14.9  0.194
14.9167  0.1927
14.9333  0.1915
14.95  0.1901
14.9667  0.1889
14.9833  0.1877
16.0  0.1249
16.0167  0.1236
16.0333  0.1222
16.05  0.1209
16.0667  0.1196
16.0833  0.1182
16.1  0.1169
16.1167  0.1156
16.1333  0.1143
16.15  0.113
16.1667  0.1117
16.1833  0.1104
16.2  0.1091
16.2167  0.1078
16.2333  0.1065
16.25  0.1052
16.2667  0.104
16.2833  0.1027
16.3  0.1015
16.3167  0.1002
16.3333  0.09896
16.35  0.09768
16.3667  0.09649
16.3833  0.09527
16.4  0.09405
16.4167  0.09284
16.4333  0.09164
16.45  0.09044
16.4667  0.08922
16.4833  0.08806
16.5  0.08689
16.5167  0.08572
16.5333  0.08456
16.55  0.08341
16.5667  0.08226
16.5833  0.08113
16.6  0.08
16.6167  0.07887
16.6333  0.07776
16.65  0.07665
16.6667  0.07555
16.6833  0.07445
16.7  0.07337
16.7167  0.07229
16.7333  0.07123
16.75  0.07017
16.7667  0.06911
16.7833  0.06807
16.8  0.06703
16.8167  0.06601
16.8333  0.06499
16.85  0.06398
16.8667  0.06297
16.8833  0.06198
16.9  0.061
16.9167  0.06002
16.9333  0.05905
16.95  0.05809
16.9667  0.05714
16.9833  0.0562
