4.0000 0.000E+00
4.0167 0.000E+00
4.0333 0.000E+00
4.0500 0.000E+00
4.0667 0.000E+00
4.0833 0.000E+00
4.1000 0.000E+00
4.1167 0.000E+00
4.1333 0.000E+00
4.1500 0.000E+00
4.1667 0.000E+00
4.1833 0.000E+00
4.2000 0.000E+00
4.2167 0.000E+00
4.2333 0.000E+00
4.2500 0.000E+00
4.2667 0.000E+00
4.2833 0.000E+00
4.3000 0.000E+00
4.3167 0.000E+00
4.3333 0.000E+00
4.3500 0.000E+00
4.3667 0.000E+00
4.3833 0.000E+00
4.4000 0.000E+00
4.4167 0.000E+00
4.4333 0.000E+00
4.4500 0.000E+00
4.4667 0.000E+00
4.4833 0.000E+00
4.5000 0.000E+00
4.5167 0.000E+00
4.5333 0.000E+00
4.5500 0.000E+00
4.5667 0.000E+00
4.5833 0.000E+00
4.6000 0.000E+00
4.6167 0.000E+00
4.6333 0.000E+00
4.6500 0.000E+00
4.6667 0.000E+00
4.6833 0.000E+00
4.7000 0.000E+00
4.7167 0.000E+00
4.7333 0.000E+00
4.7500 0.000E+00
4.7667 0.000E+00
4.7833 0.000E+00
4.8000 0.000E+00
4.8167 0.000E+00
4.8333 0.000E+00
4.8500 0.000E+00
4.8667 0.000E+00
4.8833 0.000E+00
4.9000 0.000E+00
4.9167 0.000E+00
4.9333 0.000E+00
4.9500 0.000E+00
4.9667 0.000E+00
4.9833 0.000E+00
5.0000 0.000E+00
5.0167 0.000E+00
5.0333 0.000E+00
5.0500 0.000E+00
5.0667 0.000E+00
5.0833 0.000E+00
5.1000 0.000E+00
5.1167 0.000E+00
5.1333 0.000E+00
5.1500 0.000E+00
5.1667 0.000E+00
5.1833 0.000E+00
5.2000 0.000E+00
5.2167 0.000E+00
5.2333 0.000E+00
5.2500 0.000E+00
5.2667 0.000E+00
5.2833 0.000E+00
5.3000 0.000E+00
5.3167 0.000E+00
5.3333 0.000E+00
5.3500 0.000E+00
5.3667 0.000E+00
5.3833 0.000E+00
5.4000 0.000E+00
5.4167 0.000E+00
5.4333 0.000E+00
5.4500 0.000E+00
5.4667 0.000E+00
5.4833 0.000E+00
5.5000 0.000E+00
5.5167 0.000E+00
5.5333 0.000E+00
5.5500 0.000E+00
5.5667 0.000E+00
5.5833 0.000E+00
5.6000 0.000E+00
5.6167 0.000E+00
5.6333 0.000E+00
5.6500 0.000E+00
5.6667 0.000E+00
5.6833 0.000E+00
5.7000 0.000E+00
5.7167 0.000E+00
5.7333 0.000E+00
5.7500 0.000E+00
5.7667 0.000E+00
5.7833 0.000E+00
5.8000 0.000E+00
5.8167 0.000E+00
5.8333 0.000E+00
5.8500 0.000E+00
5.8667 0.000E+00
5.8833 0.000E+00
5.9000 0.000E+00
5.9167 0.000E+00
5.9333 0.000E+00
5.9500 0.000E+00
5.9667 0.000E+00
5.9833 0.000E+00
6.0000 0.000E+00
6.0167 3.527E-15
6.0333 3.146E-11
6.0500 7.647E-09
6.0667 3.773E-07
6.0833 5.631E-06
6.1000 3.698E-05
6.1167 1.040E-04
6.1333 2.256E-04
6.1500 3.999E-04
6.1667 6.543E-04
6.1833 1.022E-03
6.2000 1.543E-03
6.2167 2.268E-03
6.2333 3.266E-03
6.2500 4.548E-03
6.2667 6.253E-03
6.2833 8.457E-03
6.3000 1.139E-02
6.3167 1.497E-02
6.3333 1.957E-02
6.3500 2.543E-02
6.3667 3.288E-02
6.3833 4.237E-02
6.4000 5.317E-02
6.4167 6.716E-02
6.4333 8.346E-02
6.4500 1.043E-01
6.4667 1.266E-01
6.4833 1.531E-01
6.5000 1.838E-01
6.5167 2.190E-01
6.5333 2.600E-01
6.5500 3.090E-01
6.5667 3.489E-01
6.5833 4.106E-01
6.6000 4.592E-01
6.6167 5.173E-01
6.6333 5.870E-01
6.6500 6.700E-01
6.6667 7.450E-01
6.6833 8.222E-01
6.7000 9.040E-01
6.7167 9.896E-01
6.7333 1.079E+00
6.7500 1.172E+00
6.7667 1.269E+00
6.7833 1.368E+00
6.8000 1.470E+00
6.8167 1.575E+00
6.8333 1.683E+00
6.8500 1.794E+00
6.8667 1.907E+00
6.8833 2.023E+00
6.9000 2.141E+00
6.9167 2.262E+00
6.9333 2.385E+00
6.9500 2.511E+00
6.9667 2.639E+00
6.9833 2.769E+00
7.0000 2.902E+00
7.0167 3.037E+00
7.0333 3.175E+00
7.0500 3.315E+00
7.0667 3.458E+00
7.0833 3.602E+00
7.1000 3.750E+00
7.1167 3.899E+00
7.1333 4.051E+00
7.1500 4.205E+00
7.1667 4.362E+00
7.1833 4.521E+00
7.2000 4.682E+00
7.2167 4.845E+00
7.2333 5.011E+00
7.2500 5.179E+00
7.2667 5.349E+00
7.2833 5.522E+00
7.3000 5.696E+00
7.3167 5.873E+00
7.3333 6.052E+00
7.3500 6.233E+00
7.3667 6.416E+00
7.3833 6.601E+00
7.4000 6.787E+00
7.4167 6.976E+00
7.4333 7.167E+00
7.4500 7.360E+00
7.4667 7.554E+00
7.4833 7.750E+00
7.5000 7.948E+00
7.5167 8.148E+00
7.5333 8.349E+00
7.5500 8.552E+00
7.5667 8.757E+00
7.5833 8.963E+00
7.6000 9.171E+00
7.6167 9.380E+00
7.6333 9.590E+00
7.6500 9.802E+00
7.6667 1.002E+01
7.6833 1.023E+01
7.7000 1.045E+01
7.7167 1.066E+01
7.7333 1.088E+01
7.7500 1.110E+01
7.7667 1.132E+01
7.7833 1.154E+01
7.8000 1.177E+01
7.8167 1.199E+01
7.8333 1.222E+01
7.8500 1.244E+01
7.8667 1.267E+01
7.8833 1.290E+01
7.9000 1.313E+01
7.9167 1.336E+01
7.9333 1.359E+01
7.9500 1.382E+01
7.9667 1.405E+01
7.9833 1.428E+01
8.0000 1.452E+01
8.0167 1.475E+01
8.0333 1.498E+01
8.0500 1.522E+01
8.0667 1.546E+01
8.0833 1.569E+01
8.1000 1.593E+01
8.1167 1.617E+01
8.1333 1.640E+01
8.1500 1.664E+01
8.1667 1.688E+01
8.1833 1.712E+01
8.2000 1.736E+01
8.2167 1.760E+01
8.2333 1.784E+01
8.2500 1.808E+01
8.2667 1.832E+01
8.2833 1.856E+01
8.3000 1.881E+01
8.3167 1.905E+01
8.3333 1.929E+01
8.3500 1.953E+01
8.3667 1.977E+01
8.3833 2.002E+01
8.4000 2.026E+01
8.4167 2.050E+01
8.4333 2.074E+01
8.4500 2.099E+01
8.4667 2.123E+01
8.4833 2.147E+01
8.5000 2.171E+01
8.5167 2.196E+01
8.5333 2.220E+01
8.5500 2.244E+01
8.5667 2.268E+01
8.5833 2.292E+01
8.6000 2.317E+01
8.6167 2.341E+01
8.6333 2.365E+01
8.6500 2.389E+01
8.6667 2.413E+01
8.6833 2.437E+01
8.7000 2.462E+01
8.7167 2.486E+01
8.7333 2.510E+01
8.7500 2.534E+01
8.7667 2.558E+01
8.7833 2.582E+01
8.8000 2.606E+01
8.8167 2.630E+01
8.8333 2.653E+01
8.8500 2.677E+01
8.8667 2.701E+01
8.8833 2.725E+01
8.9000 2.748E+01
8.9167 2.772E+01
8.9333 2.796E+01
8.9500 2.819E+01
8.9667 2.843E+01
8.9833 2.866E+01
9.0000 2.890E+01
9.0167 2.913E+01
9.0333 2.937E+01
9.0500 2.960E+01
9.0667 2.983E+01
9.0833 3.006E+01
9.1000 3.030E+01
9.1167 3.053E+01
9.1333 3.076E+01
9.1500 3.099E+01
9.1667 3.121E+01
9.1833 3.144E+01
9.2000 3.167E+01
9.2167 3.190E+01
9.2333 3.213E+01
9.2500 3.235E+01
9.2667 3.258E+01
9.2833 3.280E+01
9.3000 3.302E+01
9.3167 3.325E+01
9.3333 3.347E+01
9.3500 3.369E+01
9.3667 3.391E+01
9.3833 3.413E+01
9.4000 3.435E+01
9.4167 3.457E+01
9.4333 3.479E+01
9.4500 3.501E+01
9.4667 3.522E+01
9.4833 3.544E+01
9.5000 3.565E+01
9.5167 3.587E+01
9.5333 3.608E+01
9.5500 3.629E+01
9.5667 3.651E+01
9.5833 3.672E+01
9.6000 3.693E+01
9.6167 3.714E+01
9.6333 3.734E+01
9.6500 3.755E+01
9.6667 3.776E+01
9.6833 3.796E+01
9.7000 3.817E+01
9.7167 3.837E+01
9.7333 3.857E+01
9.7500 3.878E+01
9.7667 3.898E+01
9.7833 3.918E+01
9.8000 3.938E+01
9.8167 3.957E+01
9.8333 3.977E+01
9.8500 3.997E+01
9.8667 4.016E+01
9.8833 4.036E+01
9.9000 4.055E+01
9.9167 4.074E+01
9.9333 4.094E+01
9.9500 4.113E+01
9.9667 4.132E+01
9.9833 4.150E+01
10.0000 4.169E+01
10.0167 4.188E+01
10.0333 4.206E+01
10.0500 4.225E+01
10.0667 4.243E+01
10.0833 4.261E+01
10.1000 4.279E+01
10.1167 4.297E+01
10.1333 4.315E+01
10.1500 4.333E+01
10.1667 4.351E+01
10.1833 4.368E+01
10.2000 4.385E+01
10.2167 4.403E+01
10.2333 4.420E+01
10.2500 4.437E+01
10.2667 4.454E+01
10.2833 4.471E+01
10.3000 4.488E+01
10.3167 4.504E+01
10.3333 4.521E+01
10.3500 4.537E+01
10.3667 4.554E+01
10.3833 4.570E+01
10.4000 4.586E+01
10.4167 4.602E+01
10.4333 4.618E+01
10.4500 4.633E+01
10.4667 4.649E+01
10.4833 4.664E+01
10.5000 4.680E+01
10.5167 4.695E+01
10.5333 4.710E+01
10.5500 4.725E+01
10.5667 4.740E+01
10.5833 4.755E+01
10.6000 4.769E+01
10.6167 4.784E+01
10.6333 4.798E+01
10.6500 4.812E+01
10.6667 4.827E+01
10.6833 4.841E+01
10.7000 4.855E+01
10.7167 4.868E+01
10.7333 4.882E+01
10.7500 4.895E+01
10.7667 4.909E+01
10.7833 4.922E+01
10.8000 4.935E+01
10.8167 4.948E+01
10.8333 4.961E+01
10.8500 4.974E+01
10.8667 4.986E+01
10.8833 4.999E+01
10.9000 5.011E+01
10.9167 5.023E+01
10.9333 5.035E+01
10.9500 5.047E+01
10.9667 5.059E+01
10.9833 5.071E+01
11.0000 5.082E+01
11.0167 5.094E+01
11.0333 5.105E+01
11.0500 5.116E+01
11.0667 5.127E+01
11.0833 5.138E+01
11.1000 5.149E+01
11.1167 5.159E+01
11.1333 5.170E+01
11.1500 5.180E+01
11.1667 5.190E+01
11.1833 5.201E+01
11.2000 5.210E+01
11.2167 5.220E+01
11.2333 5.230E+01
11.2500 5.239E+01
11.2667 5.249E+01
11.2833 5.258E+01
11.3000 5.267E+01
11.3167 5.276E+01
11.3333 5.285E+01
11.3500 5.294E+01
11.3667 5.302E+01
11.3833 5.311E+01
11.4000 5.319E+01
11.4167 5.327E+01
11.4333 5.335E+01
11.4500 5.343E+01
11.4667 5.351E+01
11.4833 5.358E+01
11.5000 5.366E+01
11.5167 5.373E+01
11.5333 5.380E+01
11.5500 5.387E+01
11.5667 5.394E+01
11.5833 5.401E+01
11.6000 5.407E+01
11.6167 5.414E+01
11.6333 5.420E+01
11.6500 5.426E+01
11.6667 5.432E+01
11.6833 5.438E+01
11.7000 5.444E+01
11.7167 5.449E+01
11.7333 5.455E+01
11.7500 5.460E+01
11.7667 5.465E+01
11.7833 5.470E+01
11.8000 5.475E+01
11.8167 5.480E+01
11.8333 5.485E+01
11.8500 5.489E+01
11.8667 5.493E+01
11.8833 5.497E+01
11.9000 5.501E+01
11.9167 5.505E+01
11.9333 5.509E+01
11.9500 5.513E+01
11.9667 5.516E+01
11.9833 5.519E+01
12.0000 5.522E+01
12.0167 5.525E+01
12.0333 5.528E+01
12.0500 5.531E+01
12.0667 5.533E+01
12.0833 5.536E+01
12.1000 5.538E+01
12.1167 5.540E+01
12.1333 5.542E+01
12.1500 5.544E+01
12.1667 5.546E+01
12.1833 5.547E+01
12.2000 5.549E+01
12.2167 5.550E+01
12.2333 5.551E+01
12.2500 5.552E+01
12.2667 5.553E+01
12.2833 5.553E+01
12.3000 5.554E+01
12.3167 5.554E+01
12.3333 5.554E+01
12.3500 5.554E+01
12.3667 5.554E+01
12.3833 5.554E+01
12.4000 5.554E+01
12.4167 5.553E+01
12.4333 5.553E+01
12.4500 5.552E+01
12.4667 5.551E+01
12.4833 5.550E+01
12.5000 5.549E+01
12.5167 5.547E+01
12.5333 5.546E+01
12.5500 5.544E+01
12.5667 5.542E+01
12.5833 5.540E+01
12.6000 5.538E+01
12.6167 5.536E+01
12.6333 5.533E+01
12.6500 5.531E+01
12.6667 5.528E+01
12.6833 5.525E+01
12.7000 5.522E+01
12.7167 5.519E+01
12.7333 5.516E+01
12.7500 5.512E+01
12.7667 5.509E+01
12.7833 5.505E+01
12.8000 5.501E+01
12.8167 5.497E+01
12.8333 5.493E+01
12.8500 5.489E+01
12.8667 5.484E+01
12.8833 5.480E+01
12.9000 5.475E+01
12.9167 5.470E+01
12.9333 5.465E+01
12.9500 5.460E+01
12.9667 5.455E+01
12.9833 5.449E+01
13.0000 5.444E+01
13.0167 5.438E+01
13.0333 5.432E+01
13.0500 5.426E+01
13.0667 5.420E+01
13.0833 5.413E+01
13.1000 5.407E+01
13.1167 5.400E+01
13.1333 5.394E+01
13.1500 5.387E+01
13.1667 5.380E+01
13.1833 5.373E+01
13.2000 5.365E+01
13.2167 5.358E+01
13.2333 5.350E+01
13.2500 5.343E+01
13.2667 5.335E+01
13.2833 5.327E+01
13.3000 5.319E+01
13.3167 5.310E+01
13.3333 5.302E+01
13.3500 5.293E+01
13.3667 5.285E+01
13.3833 5.276E+01
13.4000 5.267E+01
13.4167 5.258E+01
13.4333 5.248E+01
13.4500 5.239E+01
13.4667 5.229E+01
13.4833 5.220E+01
13.5000 5.210E+01
13.5167 5.200E+01
13.5333 5.190E+01
13.5500 5.180E+01
13.5667 5.169E+01
13.5833 5.159E+01
13.6000 5.148E+01
13.6167 5.138E+01
13.6333 5.127E+01
13.6500 5.116E+01
13.6667 5.104E+01
13.6833 5.093E+01
13.7000 5.082E+01
13.7167 5.070E+01
13.7333 5.059E+01
13.7500 5.047E+01
13.7667 5.035E+01
13.7833 5.023E+01
13.8000 5.011E+01
13.8167 4.998E+01
13.8333 4.986E+01
13.8500 4.973E+01
13.8667 4.960E+01
13.8833 4.948E+01
13.9000 4.935E+01
13.9167 4.921E+01
13.9333 4.908E+01
13.9500 4.895E+01
13.9667 4.881E+01
13.9833 4.868E+01
14.0000 4.854E+01
14.0167 4.840E+01
14.0333 4.826E+01
14.0500 4.812E+01
14.0667 4.798E+01
14.0833 4.783E+01
14.1000 4.769E+01
14.1167 4.754E+01
14.1333 4.739E+01
14.1500 4.724E+01
14.1667 4.709E+01
14.1833 4.694E+01
14.2000 4.679E+01
14.2167 4.664E+01
14.2333 4.648E+01
14.2500 4.633E+01
14.2667 4.617E+01
14.2833 4.601E+01
14.3000 4.585E+01
14.3167 4.569E+01
14.3333 4.553E+01
14.3500 4.537E+01
14.3667 4.520E+01
14.3833 4.504E+01
14.4000 4.487E+01
14.4167 4.470E+01
14.4333 4.453E+01
14.4500 4.436E+01
14.4667 4.419E+01
14.4833 4.402E+01
14.5000 4.385E+01
14.5167 4.367E+01
14.5333 4.350E+01
14.5500 4.332E+01
14.5667 4.314E+01
14.5833 4.296E+01
14.6000 4.278E+01
14.6167 4.260E+01
14.6333 4.242E+01
14.6500 4.224E+01
14.6667 4.205E+01
14.6833 4.187E+01
14.7000 4.168E+01
14.7167 4.149E+01
14.7333 4.131E+01
14.7500 4.112E+01
14.7667 4.093E+01
14.7833 4.073E+01
14.8000 4.054E+01
14.8167 4.035E+01
14.8333 4.015E+01
14.8500 3.996E+01
14.8667 3.976E+01
14.8833 3.957E+01
14.9000 3.937E+01
14.9167 3.917E+01
14.9333 3.897E+01
14.9500 3.877E+01
14.9667 3.856E+01
14.9833 3.836E+01
15.0000 3.816E+01
15.0167 3.795E+01
15.0333 3.775E+01
15.0500 3.754E+01
15.0667 3.733E+01
15.0833 3.713E+01
15.1000 3.692E+01
15.1167 3.671E+01
15.1333 3.650E+01
15.1500 3.628E+01
15.1667 3.607E+01
15.1833 3.586E+01
15.2000 3.564E+01
15.2167 3.543E+01
15.2333 3.521E+01
15.2500 3.500E+01
15.2667 3.478E+01
15.2833 3.456E+01
15.3000 3.434E+01
15.3167 3.412E+01
15.3333 3.390E+01
15.3500 3.368E+01
15.3667 3.346E+01
15.3833 3.324E+01
15.4000 3.301E+01
15.4167 3.279E+01
15.4333 3.256E+01
15.4500 3.234E+01
15.4667 3.211E+01
15.4833 3.189E+01
15.5000 3.166E+01
15.5167 3.143E+01
15.5333 3.120E+01
15.5500 3.097E+01
15.5667 3.074E+01
15.5833 3.051E+01
15.6000 3.028E+01
15.6167 3.005E+01
15.6333 2.982E+01
15.6500 2.959E+01
15.6667 2.935E+01
15.6833 2.912E+01
15.7000 2.889E+01
15.7167 2.865E+01
15.7333 2.842E+01
15.7500 2.818E+01
15.7667 2.795E+01
15.7833 2.771E+01
15.8000 2.747E+01
15.8167 2.724E+01
15.8333 2.700E+01
15.8500 2.676E+01
15.8667 2.652E+01
15.8833 2.628E+01
15.9000 2.604E+01
15.9167 2.580E+01
15.9333 2.556E+01
15.9500 2.533E+01
15.9667 2.509E+01
15.9833 2.484E+01
16.0000 2.460E+01
16.0167 2.436E+01
16.0333 2.412E+01
16.0500 2.388E+01
16.0667 2.364E+01
16.0833 2.340E+01
16.1000 2.315E+01
16.1167 2.291E+01
16.1333 2.267E+01
16.1500 2.243E+01
16.1667 2.219E+01
16.1833 2.194E+01
16.2000 2.170E+01
16.2167 2.146E+01
16.2333 2.122E+01
16.2500 2.097E+01
16.2667 2.073E+01
16.2833 2.049E+01
16.3000 2.024E+01
16.3167 2.000E+01
16.3333 1.976E+01
16.3500 1.952E+01
16.3667 1.928E+01
16.3833 1.903E+01
16.4000 1.879E+01
16.4167 1.855E+01
16.4333 1.831E+01
16.4500 1.807E+01
16.4667 1.783E+01
16.4833 1.759E+01
16.5000 1.735E+01
16.5167 1.711E+01
16.5333 1.687E+01
16.5500 1.663E+01
16.5667 1.639E+01
16.5833 1.615E+01
16.6000 1.592E+01
16.6167 1.568E+01
16.6333 1.544E+01
16.6500 1.521E+01
16.6667 1.497E+01
16.6833 1.474E+01
16.7000 1.450E+01
16.7167 1.427E+01
16.7333 1.404E+01
16.7500 1.380E+01
16.7667 1.357E+01
16.7833 1.334E+01
16.8000 1.311E+01
16.8167 1.289E+01
16.8333 1.266E+01
16.8500 1.243E+01
16.8667 1.220E+01
16.8833 1.198E+01
16.9000 1.176E+01
16.9167 1.153E+01
16.9333 1.131E+01
16.9500 1.109E+01
16.9667 1.087E+01
16.9833 1.065E+01
17.0000 1.043E+01
17.0167 1.022E+01
17.0333 1.000E+01
17.0500 9.790E+00
17.0667 9.579E+00
17.0833 9.368E+00
17.1000 9.159E+00
17.1167 8.951E+00
17.1333 8.745E+00
17.1500 8.541E+00
17.1667 8.338E+00
17.1833 8.137E+00
17.2000 7.937E+00
17.2167 7.739E+00
17.2333 7.543E+00
17.2500 7.349E+00
17.2667 7.156E+00
17.2833 6.966E+00
17.3000 6.777E+00
17.3167 6.590E+00
17.3333 6.405E+00
17.3500 6.222E+00
17.3667 6.042E+00
17.3833 5.863E+00
17.4000 5.686E+00
17.4167 5.512E+00
17.4333 5.340E+00
17.4500 5.170E+00
17.4667 5.002E+00
17.4833 4.836E+00
17.5000 4.672E+00
17.5167 4.511E+00
17.5333 4.353E+00
17.5500 4.196E+00
17.5667 4.042E+00
17.5833 3.890E+00
17.6000 3.741E+00
17.6167 3.594E+00
17.6333 3.449E+00
17.6500 3.307E+00
17.6667 3.167E+00
17.6833 3.029E+00
17.7000 2.894E+00
17.7167 2.762E+00
17.7333 2.631E+00
17.7500 2.503E+00
17.7667 2.378E+00
17.7833 2.255E+00
17.8000 2.134E+00
17.8167 2.016E+00
17.8333 1.900E+00
17.8500 1.787E+00
17.8667 1.676E+00
17.8833 1.569E+00
17.9000 1.464E+00
17.9167 1.362E+00
17.9333 1.263E+00
17.9500 1.166E+00
17.9667 1.074E+00
17.9833 9.843E-01
18.0000 8.988E-01
18.0167 8.174E-01
18.0333 7.405E-01
18.0500 6.644E-01
18.0667 5.823E-01
18.0833 5.135E-01
18.1000 4.559E-01
18.1167 4.079E-01
18.1333 3.461E-01
18.1500 3.017E-01
18.1667 2.580E-01
18.1833 2.171E-01
18.2000 1.820E-01
18.2167 1.515E-01
18.2333 1.254E-01
18.2500 1.033E-01
18.2667 8.222E-02
18.2833 6.642E-02
18.3000 5.234E-02
18.3167 4.193E-02
18.3333 3.247E-02
18.3500 2.510E-02
18.3667 1.931E-02
18.3833 1.477E-02
18.4000 1.125E-02
18.4167 8.286E-03
18.4333 6.158E-03
18.4500 4.442E-03
18.4667 3.214E-03
18.4833 2.226E-03
18.5000 1.511E-03
18.5167 9.981E-04
18.5333 6.386E-04
18.5500 3.901E-04
18.5667 2.121E-04
18.5833 9.919E-05
18.6000 3.253E-05
18.6167 4.989E-06
18.6333 3.136E-07
18.6500 5.607E-09
18.6667 2.011E-11
18.6833 1.353E-15
18.7000 0.000E+00
18.7167 0.000E+00
18.7333 0.000E+00
18.7500 0.000E+00
18.7667 0.000E+00
18.7833 0.000E+00
18.8000 0.000E+00
18.8167 0.000E+00
18.8333 0.000E+00
18.8500 0.000E+00
18.8667 0.000E+00
18.8833 0.000E+00
18.9000 0.000E+00
18.9167 0.000E+00
18.9333 0.000E+00
18.9500 0.000E+00
18.9667 0.000E+00
18.9833 0.000E+00
19.0000 0.000E+00
19.0167 0.000E+00
19.0333 0.000E+00
19.0500 0.000E+00
19.0667 0.000E+00
19.0833 0.000E+00
19.1000 0.000E+00
19.1167 0.000E+00
19.1333 0.000E+00
19.1500 0.000E+00
19.1667 0.000E+00
19.1833 0.000E+00
19.2000 0.000E+00
19.2167 0.000E+00
19.2333 0.000E+00
19.2500 0.000E+00
19.2667 0.000E+00
19.2833 0.000E+00
19.3000 0.000E+00
19.3167 0.000E+00
19.3333 0.000E+00
19.3500 0.000E+00
19.3667 0.000E+00
19.3833 0.000E+00
19.4000 0.000E+00
19.4167 0.000E+00
19.4333 0.000E+00
19.4500 0.000E+00
19.4667 0.000E+00
19.4833 0.000E+00
19.5000 0.000E+00
19.5167 0.000E+00
19.5333 0.000E+00
19.5500 0.000E+00
19.5667 0.000E+00
19.5833 0.000E+00
19.6000 0.000E+00
19.6167 0.000E+00
19.6333 0.000E+00
19.6500 0.000E+00
19.6667 0.000E+00
19.6833 0.000E+00
19.7000 0.000E+00
19.7167 0.000E+00
19.7333 0.000E+00
19.7500 0.000E+00
19.7667 0.000E+00
19.7833 0.000E+00
19.8000 0.000E+00
19.8167 0.000E+00
19.8333 0.000E+00
19.8500 0.000E+00
19.8667 0.000E+00
19.8833 0.000E+00
19.9000 0.000E+00
19.9167 0.000E+00
19.9333 0.000E+00
19.9500 0.000E+00
19.9667 0.000E+00
19.9833 0.000E+00
