7.0  0.000387
7.0167  0.0004274
7.0333  0.0004754
7.05  0.0005324
7.0667  0.0005998
7.0833  0.0006645
7.1  0.0007283
7.1167  0.0007962
7.1333  0.0008681
7.15  0.0009436
7.1667  0.001023
7.1833  0.001105
7.2  0.001192
7.2167  0.001281
7.2333  0.001375
7.25  0.001472
7.2667  0.001572
7.2833  0.001676
7.3  0.001783
7.3167  0.001894
7.3333  0.002009
7.35  0.002128
7.3667  0.00225
7.3833  0.002376
7.4  0.002505
7.4167  0.002639
7.4333  0.002777
7.45  0.002918
7.4667  0.003064
7.4833  0.003214
7.5  0.003368
7.5167  0.003526
7.5333  0.003688
7.55  0.003855
7.5667  0.004026
7.5833  0.004202
7.6  0.004382
7.6167  0.004567
7.6333  0.004756
7.65  0.00495
7.6667  0.00515
7.6833  0.005354
7.7  0.005563
7.7167  0.005777
7.7333  0.005996
7.75  0.00622
7.7667  0.00645
7.7833  0.006685
7.8  0.006925
7.8167  0.007171
7.8333  0.007421
7.85  0.007678
7.8667  0.007941
7.8833  0.008209
7.9  0.008483
7.9167  0.008762
7.9333  0.009047
7.95  0.009339
7.9667  0.009636
7.9833  0.00994
8.0  0.009996
8.0167  0.0103
8.0333  0.01062
8.05  0.01093
8.0667  0.01126
8.0833  0.01159
8.1  0.01193
8.1167  0.01227
8.1333  0.01262
8.15  0.01298
8.1667  0.01334
8.1833  0.01371
8.2  0.01409
8.2167  0.01447
8.2333  0.01486
8.25  0.01526
8.2667  0.01566
8.2833  0.01607
8.3  0.01649
8.3167  0.01691
8.3333  0.01734
8.35  0.01777
8.3667  0.01822
8.3833  0.01867
8.4  0.01912
8.4167  0.01959
8.4333  0.02006
8.45  0.02053
8.4667  0.02102
8.4833  0.02151
8.5  0.02201
8.5167  0.02251
8.5333  0.02302
8.55  0.02354
8.5667  0.02407
8.5833  0.0246
8.6  0.02514
8.6167  0.02568
8.6333  0.02624
8.65  0.0268
8.6667  0.02737
8.6833  0.02794
8.7  0.02852
8.7167  0.02911
8.7333  0.0297
8.75  0.03031
8.7667  0.03091
8.7833  0.03153
8.8  0.03215
8.8167  0.03278
8.8333  0.03342
8.85  0.03406
8.8667  0.03471
8.8833  0.03536
8.9  0.03603
8.9167  0.0367
8.9333  0.03737
8.95  0.03805
8.9667  0.03874
8.9833  0.03944
9.0  0.04042
9.0167  0.04113
9.0333  0.04185
9.05  0.04258
9.0667  0.04331
9.0833  0.04405
9.1  0.04479
9.1167  0.04554
9.1333  0.0463
9.15  0.04706
9.1667  0.04782
9.1833  0.0486
9.2  0.04938
9.2167  0.05016
9.2333  0.05095
9.25  0.05175
9.2667  0.05255
9.2833  0.05336
9.3  0.05417
9.3167  0.05499
9.3333  0.05581
9.35  0.05664
9.3667  0.05747
9.3833  0.05831
9.4  0.05916
9.4167  0.06001
9.4333  0.06086
9.45  0.06172
9.4667  0.06258
9.4833  0.06345
9.5  0.06432
9.5167  0.06519
9.5333  0.06607
9.55  0.06696
9.5667  0.06784
9.5833  0.06874
9.6  0.06963
9.6167  0.07053
9.6333  0.07144
9.65  0.07234
9.6667  0.07325
9.6833  0.07417
9.7  0.07509
9.7167  0.07601
9.7333  0.07693
9.75  0.07786
9.7667  0.07879
9.7833  0.07972
9.8  0.08065
9.8167  0.08159
9.8333  0.08253
9.85  0.08348
9.8667  0.08442
9.8833  0.08537
9.9  0.08631
9.9167  0.08727
9.9333  0.08822
9.95  0.08917
9.9667  0.09013
9.9833  0.09109
10.0  0.0931
10.0167  0.09407
10.0333  0.09504
10.05  0.09602
10.0667  0.09699
10.0833  0.09796
10.1  0.09894
10.1167  0.09991
10.1333  0.1009
10.15  0.1019
10.1667  0.1028
10.1833  0.1038
10.2  0.1048
10.2167  0.1058
10.2333  0.1067
10.25  0.1077
10.2667  0.1087
10.2833  0.1097
10.3  0.1106
10.3167  0.1116
10.3333  0.1126
10.35  0.1136
10.3667  0.1145
10.3833  0.1155
10.4  0.1165
10.4167  0.1174
10.4333  0.1184
10.45  0.1193
10.4667  0.1203
10.4833  0.1213
10.5  0.1222
10.5167  0.1232
10.5333  0.1241
10.55  0.1251
10.5667  0.126
10.5833  0.1269
10.6  0.1279
10.6167  0.1288
10.6333  0.1298
10.65  0.1307
10.6667  0.1316
10.6833  0.1326
10.7  0.1334
10.7167  0.1344
10.7333  0.1353
10.75  0.1362
10.7667  0.1371
10.7833  0.138
10.8  0.1389
10.8167  0.1398
10.8333  0.1407
10.85  0.1416
10.8667  0.1424
10.8833  0.1433
10.9  0.1442
10.9167  0.145
10.9333  0.1459
10.95  0.1467
10.9667  0.1476
10.9833  0.1484
11.0  0.1426
11.0167  0.1434
11.0333  0.1441
11.05  0.1449
11.0667  0.1457
11.0833  0.1465
11.1  0.1473
11.1167  0.148
11.1333  0.1487
11.15  0.1495
11.1667  0.1503
11.1833  0.151
11.2  0.1518
11.2167  0.1525
11.2333  0.1532
11.25  0.1539
11.2667  0.1546
11.2833  0.1553
11.3  0.156
11.3167  0.1567
11.3333  0.1574
11.35  0.158
11.3667  0.1587
11.3833  0.1593
11.4  0.16
11.4167  0.1606
11.4333  0.1613
11.45  0.1619
11.4667  0.1625
11.4833  0.1631
11.5  0.1637
11.5167  0.1642
11.5333  0.1648
11.55  0.1654
11.5667  0.166
11.5833  0.1666
11.6  0.1671
11.6167  0.1676
11.6333  0.1682
11.65  0.1687
11.6667  0.1692
11.6833  0.1697
11.7  0.1702
11.7167  0.1707
11.7333  0.1712
11.75  0.1716
11.7667  0.1721
11.7833  0.1725
11.8  0.173
11.8167  0.1734
11.8333  0.1738
11.85  0.1742
11.8667  0.1746
11.8833  0.175
11.9  0.1754
11.9167  0.1758
11.9333  0.176
11.95  0.1765
11.9667  0.1768
11.9833  0.1771
12.0  0.172
12.0167  0.1723
12.0333  0.1726
12.05  0.1729
12.0667  0.1732
12.0833  0.1734
12.1  0.1737
12.1167  0.1739
12.1333  0.1742
12.15  0.1743
12.1667  0.1746
12.1833  0.1748
12.2  0.175
12.2167  0.1752
12.2333  0.1753
12.25  0.1754
12.2667  0.1757
12.2833  0.1758
12.3  0.1759
12.3167  0.176
12.3333  0.1762
12.35  0.1762
12.3667  0.1763
12.3833  0.1764
12.4  0.1765
12.4167  0.1765
12.4333  0.1766
12.45  0.1766
12.4667  0.1766
12.4833  0.1767
12.5  0.1767
12.5167  0.1767
12.5333  0.1766
12.55  0.1766
12.5667  0.1766
12.5833  0.1765
12.6  0.1765
12.6167  0.1764
12.6333  0.1763
12.65  0.1762
12.6667  0.1761
12.6833  0.176
12.7  0.1759
12.7167  0.1758
12.7333  0.1756
12.75  0.1753
12.7667  0.1753
12.7833  0.1751
12.8  0.175
12.8167  0.1748
12.8333  0.1746
12.85  0.1743
12.8667  0.1741
12.8833  0.1738
12.9  0.1736
12.9167  0.1734
12.9333  0.1731
12.95  0.1728
12.9667  0.1726
12.9833  0.1723
13.0  0.1576
13.0167  0.1573
13.0333  0.157
13.05  0.1567
13.0667  0.1564
13.0833  0.1561
13.1  0.1556
13.1167  0.1554
13.1333  0.155
13.15  0.1547
13.1667  0.1543
13.1833  0.1539
13.2  0.1535
13.2167  0.153
13.2333  0.1527
13.25  0.1523
13.2667  0.1518
13.2833  0.1514
13.3  0.151
13.3167  0.1505
13.3333  0.1501
13.35  0.1496
13.3667  0.1492
13.3833  0.1487
13.4  0.1482
13.4167  0.1477
13.4333  0.1472
13.45  0.1466
13.4667  0.1461
13.4833  0.1456
13.5  0.1451
13.5167  0.1445
13.5333  0.1439
13.55  0.1434
13.5667  0.1428
13.5833  0.1423
13.6  0.1417
13.6167  0.1411
13.6333  0.1405
13.65  0.1399
13.6667  0.1393
13.6833  0.1387
13.7  0.1381
13.7167  0.1375
13.7333  0.1368
13.75  0.1362
13.7667  0.1356
13.7833  0.1349
13.8  0.1342
13.8167  0.1336
13.8333  0.1329
13.85  0.1322
13.8667  0.1315
13.8833  0.1309
13.9  0.1302
13.9167  0.1295
13.9333  0.1288
13.95  0.1281
13.9667  0.1274
13.9833  0.1266
14.0  0.1175
14.0167  0.1168
14.0333  0.1161
14.05  0.1154
14.0667  0.1147
14.0833  0.114
14.1  0.1133
14.1167  0.1126
14.1333  0.1118
14.15  0.1111
14.1667  0.1103
14.1833  0.1097
14.2  0.109
14.2167  0.1082
14.2333  0.1075
14.25  0.1068
14.2667  0.106
14.2833  0.1053
14.3  0.1045
14.3167  0.1038
14.3333  0.103
14.35  0.1023
14.3667  0.1015
14.3833  0.1008
14.4  0.1
14.4167  0.09922
14.4333  0.09847
14.45  0.09768
14.4667  0.09693
14.4833  0.09616
14.5  0.09538
14.5167  0.09461
14.5333  0.09385
14.55  0.09306
14.5667  0.09229
14.5833  0.09151
14.6  0.09073
14.6167  0.08995
14.6333  0.08917
14.65  0.08837
14.6667  0.0876
14.6833  0.08681
14.7  0.08603
14.7167  0.08525
14.7333  0.08447
14.75  0.08369
14.7667  0.0829
14.7833  0.08212
14.8  0.08134
14.8167  0.08055
14.8333  0.07977
14.85  0.07899
14.8667  0.07821
14.8833  0.07742
14.9  0.07664
14.9167  0.07586
14.9333  0.07509
14.95  0.07431
14.9667  0.07353
14.9833  0.07276
15.0  0.0702
15.0167  0.06944
15.0333  0.06869
15.05  0.06794
15.0667  0.06719
15.0833  0.06644
15.1  0.0657
15.1167  0.06495
15.1333  0.06421
15.15  0.06347
15.1667  0.06273
15.1833  0.062
15.2  0.06127
15.2167  0.06054
15.2333  0.05981
15.25  0.05909
15.2667  0.05836
15.2833  0.05764
15.3  0.05693
15.3167  0.05621
15.3333  0.0555
15.35  0.0548
15.3667  0.05409
15.3833  0.05339
15.4  0.05269
15.4167  0.052
15.4333  0.05131
15.45  0.05062
15.4667  0.04994
15.4833  0.04926
15.5  0.04858
15.5167  0.04791
15.5333  0.04724
15.55  0.04658
15.5667  0.04592
15.5833  0.04526
15.6  0.04461
15.6167  0.04396
15.6333  0.04332
15.65  0.04268
15.6667  0.04205
15.6833  0.04142
15.7  0.04079
15.7167  0.04017
15.7333  0.03955
15.75  0.03894
15.7667  0.03833
15.7833  0.03773
15.8  0.03713
15.8167  0.03654
15.8333  0.03595
15.85  0.03536
15.8667  0.03479
15.8833  0.03421
15.9  0.03364
15.9167  0.03308
15.9333  0.03252
15.95  0.03197
15.9667  0.03142
15.9833  0.03087
