0 0.0
0.016666666666666666 0.0
0.03333333333333333 0.0
0.05 0.0
0.06666666666666667 0.0
0.08333333333333333 0.0
0.09999999999999999 0.0
0.11666666666666665 0.0
0.13333333333333333 0.0
0.15 0.0
0.16666666666666666 0.0
0.18333333333333332 0.0
0.19999999999999998 0.0
0.21666666666666665 0.0
0.2333333333333333 0.0
0.24999999999999997 0.0
0.26666666666666666 0.0
0.2833333333333333 0.0
0.3 0.0
0.31666666666666665 0.0
0.3333333333333333 0.0
0.35 0.0
0.36666666666666664 0.0
0.3833333333333333 0.0
0.39999999999999997 0.0
0.41666666666666663 0.0
0.4333333333333333 0.0
0.44999999999999996 0.0
0.4666666666666666 0.0
0.4833333333333333 0.0
0.49999999999999994 0.0
0.5166666666666666 0.0
0.5333333333333333 0.0
0.55 0.0
0.5666666666666668 0.0
0.5833333333333335 0.0
0.6000000000000002 0.0
0.6166666666666669 0.0
0.6333333333333336 0.0
0.6500000000000004 0.0
0.6666666666666671 0.0
0.6833333333333338 0.0
0.7000000000000005 0.0
0.7166666666666672 0.0
0.733333333333334 0.0
0.7500000000000007 0.0
0.7666666666666674 0.0
0.7833333333333341 0.0
0.8000000000000008 0.0
0.8166666666666675 0.0
0.8333333333333343 0.0
0.850000000000001 0.0
0.8666666666666677 0.0
0.8833333333333344 0.0
0.9000000000000011 0.0
0.9166666666666679 0.0
0.9333333333333346 0.0
0.9500000000000013 0.0
0.966666666666668 0.0
0.9833333333333347 0.0
1.0000000000000013 0.0
1.016666666666668 0.0
1.0333333333333345 0.0
1.0500000000000012 0.0
1.0666666666666678 0.0
1.0833333333333344 0.0
1.100000000000001 0.0
1.1166666666666676 0.0
1.1333333333333342 0.0
1.1500000000000008 0.0
1.1666666666666674 0.0
1.183333333333334 0.0
1.2000000000000006 0.0
1.2166666666666672 0.0
1.2333333333333338 0.0
1.2500000000000004 0.0
1.266666666666667 0.0
1.2833333333333337 0.0
1.3000000000000003 0.0
1.3166666666666669 0.0
1.3333333333333335 0.0
1.35 0.0
1.3666666666666667 0.0
1.3833333333333333 0.0
1.4 0.0
1.4166666666666665 0.0
1.4333333333333331 0.0
1.4499999999999997 0.0
1.4666666666666663 0.0
1.483333333333333 0.0
1.4999999999999996 0.0
1.5166666666666662 0.0
1.5333333333333328 0.0
1.5499999999999994 0.0
1.566666666666666 0.0
1.5833333333333326 0.0
1.5999999999999992 0.0
1.6166666666666658 0.0
1.6333333333333324 0.0
1.649999999999999 0.0
1.6666666666666656 0.0
1.6833333333333322 0.0
1.6999999999999988 0.0
1.7166666666666655 0.0
1.733333333333332 0.0
1.7499999999999987 0.0
1.7666666666666653 0.0
1.7833333333333319 0.0
1.7999999999999985 0.0
1.816666666666665 0.0
1.8333333333333317 0.0
1.8499999999999983 0.0
1.866666666666665 0.0
1.8833333333333315 0.0
1.8999999999999981 0.0
1.9166666666666647 0.0
1.9333333333333313 0.0
1.949999999999998 0.0
1.9666666666666646 0.0
1.9833333333333312 0.0
1.9999999999999978 0.0
2.0166666666666644 0.0
2.033333333333331 0.0
2.0499999999999976 0.0
2.066666666666664 0.0
2.083333333333331 0.0
2.0999999999999974 0.0
2.116666666666664 0.0
2.1333333333333306 0.0
2.1499999999999972 0.0
2.166666666666664 0.0
2.1833333333333305 0.0
2.199999999999997 0.0
2.2166666666666637 0.0
2.2333333333333303 0.0
2.249999999999997 0.0
2.2666666666666635 0.0
2.28333333333333 0.0
2.2999999999999967 0.0
2.3166666666666633 0.0
2.33333333333333 0.0
2.3499999999999965 0.0
2.366666666666663 0.0
2.3833333333333298 0.0
2.3999999999999964 0.0
2.416666666666663 0.0
2.4333333333333296 0.0
2.449999999999996 0.0
2.466666666666663 0.0
2.4833333333333294 0.0
2.499999999999996 0.0
2.5166666666666626 0.0
2.533333333333329 0.0
2.549999999999996 0.0
2.5666666666666624 0.0
2.583333333333329 0.0
2.5999999999999956 0.0
2.6166666666666623 0.0
2.633333333333329 0.0
2.6499999999999955 0.0
2.666666666666662 0.0
2.6833333333333287 0.0
2.6999999999999953 0.0
2.716666666666662 0.0
2.7333333333333285 0.0
2.749999999999995 0.0
2.7666666666666617 0.0
2.7833333333333283 0.0
2.799999999999995 0.0
2.8166666666666615 0.0
2.833333333333328 0.0
2.8499999999999948 0.0
2.8666666666666614 0.0
2.883333333333328 0.0
2.8999999999999946 0.0
2.916666666666661 0.0
2.933333333333328 0.0
2.9499999999999944 0.0
2.966666666666661 0.0
2.9833333333333276 0.0
2.9999999999999942 0.0
3.016666666666661 0.0
3.0333333333333274 0.0
3.049999999999994 0.0
3.0666666666666607 0.0
3.0833333333333273 0.0
3.099999999999994 0.0
3.1166666666666605 0.0
3.133333333333327 0.0
3.1499999999999937 0.0
3.1666666666666603 0.0
3.183333333333327 0.0
3.1999999999999935 0.0
3.21666666666666 0.0
3.2333333333333267 0.0
3.2499999999999933 0.0
3.26666666666666 0.0
3.2833333333333266 0.0
3.299999999999993 0.0
3.3166666666666598 0.0
3.3333333333333264 0.0
3.349999999999993 0.0
3.3666666666666596 0.0
3.383333333333326 0.0
3.399999999999993 0.0
3.4166666666666594 0.0
3.433333333333326 0.0
3.4499999999999926 0.0
3.4666666666666592 0.0
3.483333333333326 0.0
3.4999999999999925 0.0
3.516666666666659 0.0
3.5333333333333257 0.0
3.5499999999999923 0.0
3.566666666666659 0.0
3.5833333333333255 0.0
3.599999999999992 0.0
3.6166666666666587 0.0
3.6333333333333253 0.0
3.649999999999992 0.0
3.6666666666666585 0.0
3.683333333333325 0.0
3.6999999999999917 0.0
3.7166666666666583 0.0
3.733333333333325 0.0
3.7499999999999916 0.0
3.766666666666658 0.0
3.7833333333333248 0.0
3.7999999999999914 0.0
3.816666666666658 0.0
3.8333333333333246 0.0
3.849999999999991 0.0
3.866666666666658 0.0
3.8833333333333244 0.0
3.899999999999991 0.0
3.9166666666666576 0.0
3.9333333333333242 0.0
3.949999999999991 0.0
3.9666666666666575 0.0
3.983333333333324 0.0
3.9999999999999907 0.0
4.016666666666658 0.0
4.033333333333324 0.0
4.049999999999991 0.0
4.0666666666666575 0.0
4.083333333333324 0.0
4.099999999999991 0.0
4.116666666666657 0.0
4.133333333333324 0.0
4.149999999999991 0.0
4.166666666666657 0.0
4.183333333333324 0.0
4.19999999999999 0.0
4.216666666666657 0.0
4.233333333333324 0.0
4.24999999999999 0.0
4.266666666666657 0.0
4.2833333333333234 0.0
4.29999999999999 0.0
4.316666666666657 0.0
4.333333333333323 0.0
4.34999999999999 0.0
4.3666666666666565 0.0
4.383333333333323 0.0
4.39999999999999 0.0
4.416666666666656 0.0
4.433333333333323 0.0
4.4499999999999895 0.0
4.466666666666656 0.0
4.483333333333323 0.0
4.499999999999989 0.0
4.516666666666656 0.0
4.533333333333323 0.0
4.549999999999989 0.0
4.566666666666656 0.0
4.583333333333322 0.0
4.599999999999989 0.0
4.616666666666656 0.0
4.633333333333322 0.0
4.649999999999989 0.0
4.666666666666655 0.0
4.683333333333322 0.0
4.699999999999989 0.0
4.716666666666655 0.0
4.733333333333322 0.0
4.7499999999999885 0.0
4.766666666666655 0.0
4.783333333333322 0.0
4.799999999999988 0.0
4.816666666666655 0.0
4.8333333333333215 0.0
4.849999999999988 0.0
4.866666666666655 0.0
4.883333333333321 0.0
4.899999999999988 0.0
4.9166666666666545 0.0
4.933333333333321 0.0
4.949999999999988 0.0
4.966666666666654 0.0
4.983333333333321 0.0
4.999999999999988 0.0
5.016666666666654 0.0
5.033333333333321 0.0
5.049999999999987 0.0
5.066666666666654 0.0
5.083333333333321 0.0
5.099999999999987 0.0
5.116666666666654 0.0
5.13333333333332 0.0
5.149999999999987 0.0
5.166666666666654 0.0
5.18333333333332 0.0
5.199999999999987 0.0
5.2166666666666535 0.0
5.23333333333332 0.0
5.249999999999987 0.0
5.266666666666653 0.0
5.28333333333332 0.0
5.2999999999999865 0.0
5.316666666666653 0.0
5.33333333333332 0.0
5.349999999999986 0.0
5.366666666666653 0.0
5.3833333333333195 0.0
5.399999999999986 0.0
5.416666666666653 0.0
5.433333333333319 0.0
5.449999999999986 0.0
5.466666666666653 0.0
5.483333333333319 0.0
5.499999999999986 0.0
5.516666666666652 0.0
5.533333333333319 0.0
5.549999999999986 0.0
5.566666666666652 0.0
5.583333333333319 0.0
5.599999999999985 0.0
5.616666666666652 0.0
5.633333333333319 0.0
5.649999999999985 0.0
5.666666666666652 0.0
5.6833333333333185 0.0
5.699999999999985 0.0
5.716666666666652 0.0
5.733333333333318 0.0
5.749999999999985 0.0
5.7666666666666515 0.0
5.783333333333318 0.0
5.799999999999985 0.0
5.816666666666651 0.0
5.833333333333318 0.0
5.8499999999999845 0.0
5.866666666666651 0.0
5.883333333333318 0.0
5.899999999999984 0.0
5.916666666666651 0.0
5.933333333333318 0.0
5.949999999999984 0.0
5.966666666666651 0.0
5.983333333333317 0.0
5.999999999999984 0.0
6.016666666666651 0.0
6.033333333333317 0.0
6.049999999999984 0.0
6.06666666666665 0.0
6.083333333333317 0.06
6.099999999999984 0.1
6.11666666666665 0.1
6.133333333333317 0.15
6.1499999999999835 0.15
6.16666666666665 0.19
6.183333333333317 0.22999999999999998
6.199999999999983 0.27
6.21666666666665 0.31
6.2333333333333165 0.39
6.249999999999983 0.42999999999999994
6.26666666666665 0.52
6.283333333333316 0.56
6.299999999999983 0.64
6.3166666666666496 0.68
6.333333333333316 0.72
6.349999999999983 0.76
6.366666666666649 0.8500000000000001
6.383333333333316 0.9299999999999999
6.399999999999983 0.97
6.416666666666649 1.05
6.433333333333316 1.1400000000000001
6.449999999999982 1.22
6.466666666666649 1.3
6.483333333333316 1.34
6.499999999999982 1.47
6.516666666666649 1.55
6.5333333333333155 1.6300000000000001
6.549999999999982 1.7199999999999998
6.566666666666649 1.8399999999999999
6.583333333333315 1.92
6.599999999999982 2.0
6.6166666666666485 2.13
6.633333333333315 2.21
6.649999999999982 2.33
6.666666666666648 2.42
6.683333333333315 2.54
6.6999999999999815 2.62
6.716666666666648 2.75
6.733333333333315 2.8699999999999997
6.749999999999981 2.9499999999999997
6.766666666666648 3.12
6.783333333333315 3.24
6.799999999999981 3.33
6.816666666666648 3.4499999999999997
6.833333333333314 3.57
6.849999999999981 3.7
6.866666666666648 3.7800000000000002
6.883333333333314 3.95
6.899999999999981 4.069999999999999
6.916666666666647 4.1899999999999995
6.933333333333314 4.36
6.949999999999981 4.48
6.966666666666647 4.61
6.983333333333314 4.7299999999999995
6.9999999999999805 4.9
7.016666666666647 5.02
7.033333333333314 5.140000000000001
7.04999999999998 5.2700000000000005
7.066666666666647 5.470000000000001
7.0833333333333135 5.6000000000000005
7.09999999999998 5.76
7.116666666666647 5.89
7.133333333333313 6.05
7.14999999999998 6.22
7.1666666666666465 6.38
7.183333333333313 6.550000000000001
7.19999999999998 6.630000000000001
7.216666666666646 6.840000000000001
7.233333333333313 7.0
7.24999999999998 7.17
7.266666666666646 7.33
7.283333333333313 7.5
7.299999999999979 7.66
7.316666666666646 7.87
7.333333333333313 8.030000000000001
7.349999999999979 8.16
7.366666666666646 8.32
7.383333333333312 8.57
7.399999999999979 8.74
7.416666666666646 8.9
7.433333333333312 9.11
7.449999999999979 9.27
7.4666666666666455 9.44
7.483333333333312 9.6
7.499999999999979 9.81
7.516666666666645 9.93
7.533333333333312 10.14
7.5499999999999785 10.309999999999999
7.566666666666645 10.51
7.583333333333312 10.64
7.599999999999978 10.84
7.616666666666645 11.05
7.6333333333333115 11.21
7.649999999999978 11.379999999999999
7.666666666666645 11.55
7.683333333333311 11.67
7.699999999999978 11.92
7.716666666666645 12.08
7.733333333333311 12.290000000000001
7.749999999999978 12.450000000000001
7.766666666666644 12.620000000000001
7.783333333333311 12.780000000000001
7.799999999999978 12.989999999999998
7.816666666666644 13.200000000000001
7.833333333333311 13.4
7.849999999999977 13.53
7.866666666666644 13.73
7.883333333333311 13.94
7.899999999999977 14.11
7.916666666666644 14.27
7.9333333333333105 14.52
7.949999999999977 14.770000000000001
7.966666666666644 14.97
7.98333333333331 15.14
7.999999999999977 15.43
8.016666666666644 15.629999999999999
8.033333333333312 15.88
8.04999999999998 16.05
8.066666666666647 16.299999999999997
8.083333333333314 16.5
8.099999999999982 16.79
8.11666666666665 17.04
8.133333333333317 17.29
8.149999999999984 17.529999999999998
8.166666666666652 17.78
8.18333333333332 17.99
8.199999999999987 18.15
8.216666666666654 18.36
8.233333333333322 18.61
8.24999999999999 18.82
8.266666666666657 19.099999999999998
8.283333333333324 19.39
8.299999999999992 19.35
8.31666666666666 19.6
8.333333333333327 19.89
8.349999999999994 19.970000000000002
8.366666666666662 20.38
8.38333333333333 20.339999999999996
8.399999999999997 20.880000000000003
8.416666666666664 21.33
8.433333333333332 21.75
8.45 22.0
8.466666666666667 22.28
8.483333333333334 22.200000000000003
8.500000000000002 22.330000000000002
8.51666666666667 22.62
8.533333333333337 22.82
8.550000000000004 23.11
8.566666666666672 23.24
8.58333333333334 23.610000000000003
8.600000000000007 23.94
8.616666666666674 23.849999999999998
8.633333333333342 24.020000000000003
8.65000000000001 24.23
8.666666666666677 24.35
8.683333333333344 24.6
8.700000000000012 25.09
8.71666666666668 25.299999999999997
8.733333333333347 25.470000000000002
8.750000000000014 25.630000000000003
8.766666666666682 25.8
8.78333333333335 25.880000000000003
8.800000000000017 25.92
8.816666666666684 26.13
8.833333333333352 26.709999999999997
8.85000000000002 26.909999999999997
8.866666666666687 27.12
8.883333333333354 27.160000000000004
8.900000000000022 27.32
8.91666666666669 27.12
8.933333333333357 27.53
8.950000000000024 28.03
8.966666666666692 28.610000000000003
8.98333333333336 28.610000000000003
9.000000000000027 29.020000000000003
9.016666666666694 29.759999999999998
9.033333333333362 30.259999999999998
9.05000000000003 30.38
9.066666666666697 30.009999999999998
9.083333333333364 29.84
9.100000000000032 30.13
9.1166666666667 30.38
9.133333333333367 31.0
9.150000000000034 31.200000000000003
9.166666666666702 31.619999999999997
9.183333333333369 31.95
9.200000000000037 32.28
9.216666666666704 32.53
9.233333333333372 32.32
9.250000000000039 32.440000000000005
9.266666666666707 32.61
9.283333333333374 32.65
9.300000000000042 32.82
9.316666666666709 33.02
9.333333333333377 33.35
9.350000000000044 33.849999999999994
9.366666666666712 34.260000000000005
9.383333333333379 34.47
9.400000000000047 34.92
9.416666666666714 34.47
9.433333333333382 34.67
9.450000000000049 35.25
9.466666666666717 35.54
9.483333333333384 36.0
9.500000000000052 36.160000000000004
9.516666666666719 36.57
9.533333333333387 36.62
9.550000000000054 36.57
9.566666666666721 37.07
9.583333333333389 37.519999999999996
9.600000000000056 38.02
9.616666666666724 38.31
9.633333333333391 38.39
9.650000000000059 38.39
9.666666666666726 38.72
9.683333333333394 39.18
9.700000000000061 39.089999999999996
9.716666666666729 38.97
9.733333333333396 38.72
9.750000000000064 38.97
9.766666666666731 39.14
9.783333333333399 39.47
9.800000000000066 39.63
9.816666666666734 39.88
9.833333333333401 39.300000000000004
9.850000000000069 40.17
9.866666666666736 40.99
9.883333333333404 41.08
9.900000000000071 41.16
9.916666666666739 40.949999999999996
9.933333333333406 40.99
9.950000000000074 41.7
9.966666666666741 42.36
9.983333333333409 41.94
10.000000000000076 41.61
10.016666666666744 41.900000000000006
10.033333333333411 42.23
10.050000000000079 42.73
10.066666666666746 43.019999999999996
10.083333333333414 43.35
10.100000000000081 43.31
10.116666666666749 43.099999999999994
10.133333333333416 43.17999999999999
10.150000000000084 44.01
10.166666666666751 44.260000000000005
10.183333333333419 45.21
10.200000000000086 45.330000000000005
10.216666666666754 45.5
10.233333333333421 45.540000000000006
10.250000000000089 45.7
10.266666666666756 45.37
10.283333333333424 45.12
10.300000000000091 45.0
10.316666666666759 45.410000000000004
10.333333333333426 45.5
10.350000000000094 45.0
10.366666666666761 45.29
10.383333333333429 45.16
10.400000000000096 45.330000000000005
10.416666666666764 45.83
10.433333333333431 46.11
10.450000000000099 46.69
10.466666666666766 46.49
10.483333333333434 47.31
10.500000000000101 48.17999999999999
10.516666666666769 48.59
10.533333333333436 49.34
10.550000000000104 49.34
10.566666666666771 49.25
10.583333333333439 49.91
10.600000000000106 49.669999999999995
10.616666666666774 49.42
10.633333333333441 48.84
10.650000000000109 48.59
10.666666666666776 49.21
10.683333333333444 50.99
10.700000000000111 51.150000000000006
10.716666666666779 51.4
10.733333333333446 50.99
10.750000000000114 50.58
10.766666666666781 50.99
10.783333333333449 50.78
10.800000000000116 51.31999999999999
10.816666666666784 51.28
10.833333333333451 51.4
10.850000000000119 51.239999999999995
10.866666666666786 50.620000000000005
10.883333333333454 51.150000000000006
10.900000000000121 52.019999999999996
10.916666666666789 52.15
10.933333333333456 52.190000000000005
10.950000000000124 52.190000000000005
10.966666666666791 52.31
10.983333333333459 52.64
11.000000000000126 52.35
11.016666666666794 52.519999999999996
11.033333333333461 52.480000000000004
11.050000000000129 52.809999999999995
11.066666666666796 53.51
11.083333333333464 54.0
11.100000000000131 54.0
11.116666666666799 53.71000000000001
11.133333333333466 53.43
11.150000000000134 53.67
11.166666666666801 54.62
11.183333333333469 55.03999999999999
11.200000000000136 55.410000000000004
11.216666666666804 54.62
11.233333333333471 54.71
11.250000000000139 54.54
11.266666666666806 53.92
11.283333333333474 54.42
11.300000000000141 55.66
11.316666666666809 55.24
11.333333333333476 55.37
11.350000000000144 55.03999999999999
11.366666666666811 55.03999999999999
11.383333333333479 55.78
11.400000000000146 56.36
11.416666666666814 56.52
11.433333333333481 56.94
11.450000000000149 57.18
11.466666666666816 57.019999999999996
11.483333333333483 56.730000000000004
11.500000000000151 56.48
11.516666666666818 56.89
11.533333333333486 56.52
11.550000000000153 57.18
11.566666666666821 56.849999999999994
11.583333333333488 57.18
11.600000000000156 57.93
11.616666666666823 58.05
11.633333333333491 58.129999999999995
11.650000000000158 56.81
11.666666666666826 55.57000000000001
11.683333333333493 55.86
11.700000000000161 57.39
11.716666666666828 57.18
11.733333333333496 58.129999999999995
11.750000000000163 58.51
11.766666666666831 57.64
11.783333333333498 57.72
11.800000000000166 57.72
11.816666666666833 56.89
11.833333333333501 58.129999999999995
11.850000000000168 59.5
11.866666666666836 58.92
11.883333333333503 58.17999999999999
11.90000000000017 58.38
11.916666666666838 58.05
11.933333333333506 59.080000000000005
11.950000000000173 61.52
11.96666666666684 61.52
11.983333333333508 60.199999999999996
12.000000000000176 59.5
12.016666666666843 59.989999999999995
12.03333333333351 60.940000000000005
12.050000000000178 60.940000000000005
12.066666666666846 61.44
12.083333333333513 62.14
12.10000000000018 61.52
12.116666666666848 61.07
12.133333333333516 61.269999999999996
12.150000000000183 61.730000000000004
12.16666666666685 61.980000000000004
12.183333333333518 62.18
12.200000000000186 60.650000000000006
12.216666666666853 59.54
12.23333333333352 59.62
12.250000000000188 60.36
12.266666666666856 60.45
12.283333333333523 60.410000000000004
12.30000000000019 58.96
12.316666666666858 59.370000000000005
12.333333333333526 59.74
12.350000000000193 60.82
12.36666666666686 59.91
12.383333333333528 59.290000000000006
12.400000000000196 58.010000000000005
12.416666666666863 58.92
12.43333333333353 59.370000000000005
12.450000000000198 59.41
12.466666666666866 60.03
12.483333333333533 60.9
12.5000000000002 60.49
12.516666666666868 60.24
12.533333333333536 60.03
12.550000000000203 59.62
12.56666666666687 59.83
12.583333333333538 59.5
12.600000000000206 59.17
12.616666666666873 58.63
12.63333333333354 58.67
12.650000000000208 58.38
12.666666666666876 58.3
12.683333333333543 58.010000000000005
12.70000000000021 57.93
12.716666666666878 57.93
12.733333333333546 57.31
12.750000000000213 57.39
12.76666666666688 57.31
12.783333333333548 57.06
12.800000000000216 56.980000000000004
12.816666666666883 57.14
12.83333333333355 57.39
12.850000000000218 57.510000000000005
12.866666666666886 57.800000000000004
12.883333333333553 57.47
12.90000000000022 58.22
12.916666666666888 58.3
12.933333333333556 58.129999999999995
12.950000000000223 58.22
12.96666666666689 57.89
12.983333333333558 57.68
13.000000000000226 57.31
13.016666666666893 57.220000000000006
13.03333333333356 57.800000000000004
13.050000000000228 57.72
13.066666666666896 57.220000000000006
13.083333333333563 57.43000000000001
13.10000000000023 57.18
13.116666666666898 56.89
13.133333333333566 57.18
13.150000000000233 56.07
13.1666666666669 55.61
13.183333333333568 54.989999999999995
13.200000000000236 55.24
13.216666666666903 54.75
13.23333333333357 53.879999999999995
13.250000000000238 53.09
13.266666666666906 52.64
13.283333333333573 53.51
13.30000000000024 53.96
13.316666666666908 54.459999999999994
13.333333333333576 54.21
13.350000000000243 54.79
13.36666666666691 54.95
13.383333333333578 54.58
13.400000000000245 53.96
13.416666666666913 53.26
13.43333333333358 53.26
13.450000000000248 53.59
13.466666666666915 53.51
13.483333333333583 52.480000000000004
13.50000000000025 52.519999999999996
13.516666666666918 52.68
13.533333333333585 53.09
13.550000000000253 52.35
13.56666666666692 51.980000000000004
13.583333333333588 51.65
13.600000000000255 49.870000000000005
13.616666666666923 51.11
13.63333333333359 51.19
13.650000000000258 52.14
13.666666666666925 52.35
13.683333333333593 52.43000000000001
13.70000000000026 52.480000000000004
13.716666666666928 52.85
13.733333333333595 53.84
13.750000000000263 53.96
13.76666666666693 54.0
13.783333333333598 53.67
13.800000000000265 53.22
13.816666666666933 53.05
13.8333333333336 53.17999999999999
13.850000000000268 52.76
13.866666666666935 52.480000000000004
13.883333333333603 52.35
13.90000000000027 52.35
13.916666666666938 51.69
13.933333333333605 50.910000000000004
13.950000000000273 50.37
13.96666666666694 50.16
13.983333333333608 50.25
14.000000000000275 49.91
14.016666666666943 49.91
14.03333333333361 49.91
14.050000000000278 49.91
14.066666666666945 49.63
14.083333333333613 49.459999999999994
14.10000000000028 48.879999999999995
14.116666666666948 48.43
14.133333333333615 48.17999999999999
14.150000000000283 47.97
14.16666666666695 47.64
14.183333333333618 47.27
14.200000000000285 47.190000000000005
14.216666666666953 47.27
14.23333333333362 47.77
14.250000000000288 48.22
14.266666666666955 47.89
14.283333333333623 47.519999999999996
14.30000000000029 47.400000000000006
14.316666666666958 47.019999999999996
14.333333333333625 46.529999999999994
14.350000000000293 46.4
14.36666666666696 46.2
14.383333333333628 45.7
14.400000000000295 45.21
14.416666666666963 44.669999999999995
14.43333333333363 44.21
14.450000000000298 44.669999999999995
14.466666666666965 44.089999999999996
14.483333333333633 44.17
14.5000000000003 44.379999999999995
14.516666666666968 44.17
14.533333333333635 44.88
14.550000000000303 45.12
14.56666666666697 45.540000000000006
14.583333333333638 45.58
14.600000000000305 45.08
14.616666666666973 44.63
14.63333333333364 44.5
14.650000000000308 44.260000000000005
14.666666666666975 43.84
14.683333333333643 44.13
14.70000000000031 43.97
14.716666666666978 44.5
14.733333333333645 45.0
14.750000000000313 45.16
14.76666666666698 44.96000000000001
14.783333333333648 44.089999999999996
14.800000000000315 43.72
14.816666666666983 41.900000000000006
14.83333333333365 41.94
14.850000000000318 42.73
14.866666666666985 42.77
14.883333333333653 42.93
14.90000000000032 43.470000000000006
14.916666666666988 43.22
14.933333333333655 43.14
14.950000000000323 42.89
14.96666666666699 42.809999999999995
14.983333333333658 42.85
15.000000000000325 42.980000000000004
15.016666666666993 42.190000000000005
15.03333333333366 42.400000000000006
15.050000000000328 42.23
15.066666666666995 42.56
15.083333333333663 42.77
15.10000000000033 42.69
15.116666666666998 42.56
15.133333333333665 41.980000000000004
15.150000000000333 41.900000000000006
15.166666666667 42.11
15.183333333333668 41.65
15.200000000000335 41.239999999999995
15.216666666667003 40.79
15.23333333333367 40.620000000000005
15.250000000000338 40.5
15.266666666667005 40.5
15.283333333333672 40.03999999999999
15.30000000000034 39.84
15.316666666667007 39.38
15.333333333333675 39.22
15.350000000000342 39.260000000000005
15.36666666666701 38.93
15.383333333333677 38.1
15.400000000000345 37.480000000000004
15.416666666667012 37.07
15.43333333333368 36.9
15.450000000000347 36.49
15.466666666667015 36.120000000000005
15.483333333333682 36.0
15.50000000000035 35.95
15.516666666667017 35.71
15.533333333333685 35.29
15.550000000000352 35.21
15.56666666666702 34.84
15.583333333333687 34.8
15.600000000000355 34.260000000000005
15.616666666667022 33.809999999999995
15.63333333333369 33.56
15.650000000000357 33.31
15.666666666667025 32.94
15.683333333333692 32.86
15.70000000000036 32.82
15.716666666667027 32.730000000000004
15.733333333333695 32.36
15.750000000000362 32.03
15.76666666666703 31.54
15.783333333333697 31.16
15.800000000000365 31.16
15.816666666667032 30.87
15.8333333333337 30.71
15.850000000000367 30.299999999999997
15.866666666667035 30.009999999999998
15.883333333333702 26.04
15.90000000000037 21.95
15.916666666667037 19.85
15.933333333333705 19.14
15.950000000000372 25.590000000000003
15.96666666666704 27.61
15.983333333333707 27.32
16.000000000000373 26.37
16.01666666666704 27.360000000000003
16.033333333333704 26.99
16.05000000000037 26.869999999999997
16.066666666667036 26.74
16.0833333333337 26.54
16.100000000000367 26.46
16.116666666667033 26.25
16.1333333333337 26.12
16.150000000000365 26.17
16.16666666666703 26.12
16.183333333333696 26.12
16.20000000000036 26.04
16.216666666667027 25.880000000000003
16.233333333333693 25.38
16.25000000000036 24.759999999999998
16.266666666667025 24.55
16.28333333333369 23.81
16.300000000000356 23.27
16.31666666666702 23.189999999999998
16.333333333333687 22.57
16.350000000000353 22.200000000000003
16.36666666666702 21.66
16.383333333333685 21.33
16.40000000000035 21.09
16.416666666667016 20.8
16.43333333333368 20.419999999999998
16.450000000000347 19.93
16.466666666667013 19.6
16.48333333333368 19.43
16.500000000000345 19.14
16.51666666666701 18.9
16.533333333333676 18.69
16.55000000000034 17.78
16.566666666667007 17.57
16.583333333333673 17.62
16.60000000000034 18.189999999999998
16.616666666667005 17.740000000000002
16.63333333333367 17.450000000000003
16.650000000000336 17.41
16.666666666667002 17.08
16.683333333333668 16.67
16.700000000000333 16.67
16.716666666667 16.79
16.733333333333665 16.009999999999998
16.75000000000033 15.920000000000002
16.766666666666996 16.17
16.783333333333662 14.559999999999999
16.800000000000328 14.48
16.816666666666993 14.31
16.83333333333366 13.73
16.850000000000325 13.53
16.86666666666699 13.53
16.883333333333656 13.61
16.900000000000322 13.819999999999999
16.916666666666988 14.190000000000001
16.933333333333653 14.39
16.95000000000032 14.11
16.966666666666985 13.979999999999999
16.98333333333365 13.57
17.000000000000316 13.07
17.016666666666982 12.95
17.033333333333648 12.74
17.050000000000313 11.67
17.06666666666698 11.459999999999999
17.083333333333645 11.01
17.10000000000031 10.72
17.116666666666976 10.64
17.133333333333642 10.84
17.150000000000308 11.21
17.166666666666973 11.34
17.18333333333364 11.459999999999999
17.200000000000305 11.299999999999999
17.21666666666697 11.259999999999998
17.233333333333636 11.129999999999999
17.250000000000302 10.969999999999999
17.266666666666968 10.64
17.283333333333633 10.309999999999999
17.3000000000003 10.14
17.316666666666965 10.02
17.33333333333363 9.73
17.350000000000296 9.360000000000001
17.366666666666962 8.94
17.383333333333628 8.61
17.400000000000293 8.2
17.41666666666696 7.79
17.433333333333625 7.46
17.45000000000029 7.21
17.466666666666956 6.959999999999999
17.483333333333622 6.75
17.500000000000288 6.550000000000001
17.516666666666953 6.38
17.53333333333362 6.18
17.550000000000285 6.05
17.56666666666695 5.89
17.583333333333616 5.76
17.600000000000282 5.64
17.616666666666948 5.5600000000000005
17.633333333333614 5.470000000000001
17.65000000000028 5.3500000000000005
17.666666666666945 5.18
17.68333333333361 5.0600000000000005
17.700000000000276 4.9399999999999995
17.716666666666942 4.81
17.733333333333608 4.7299999999999995
17.750000000000274 4.65
17.76666666666694 4.65
17.783333333333605 4.65
17.80000000000027 4.65
17.816666666666936 4.65
17.833333333333602 4.65
17.850000000000268 4.65
17.866666666666934 4.65
17.8833333333336 4.65
17.900000000000265 4.61
17.91666666666693 4.5200000000000005
17.933333333333596 4.44
17.950000000000262 4.44
17.966666666666928 4.36
17.983333333333594 4.4
18.00000000000026 4.36
18.016666666666925 4.32
18.03333333333359 4.28
18.050000000000257 4.1899999999999995
18.066666666666922 4.109999999999999
18.083333333333588 4.069999999999999
18.100000000000254 3.95
18.11666666666692 3.8600000000000003
18.133333333333585 3.7
18.15000000000025 3.62
18.166666666666917 3.4499999999999997
18.183333333333582 3.33
18.200000000000248 3.24
18.216666666666914 3.12
18.23333333333358 3.0
18.250000000000245 2.9099999999999997
18.26666666666691 2.8299999999999996
18.283333333333577 2.71
18.300000000000242 2.58
18.316666666666908 2.46
18.333333333333574 2.33
18.35000000000024 2.21
18.366666666666905 2.09
18.38333333333357 2.0
18.400000000000237 1.92
18.416666666666902 1.7999999999999998
18.433333333333568 1.7599999999999998
18.450000000000234 1.6700000000000002
18.4666666666669 1.6300000000000001
18.483333333333565 1.59
18.50000000000023 1.55
18.516666666666897 1.47
18.533333333333562 1.43
18.550000000000228 1.34
18.566666666666894 1.3
18.58333333333356 1.22
18.600000000000225 1.1400000000000001
18.61666666666689 1.05
18.633333333333557 1.05
18.650000000000222 0.97
18.666666666666888 0.9299999999999999
18.683333333333554 0.8500000000000001
18.70000000000022 0.81
18.716666666666885 0.76
18.73333333333355 0.72
18.750000000000217 0.68
18.766666666666882 0.64
18.783333333333548 0.6
18.800000000000214 0.6
18.81666666666688 0.56
18.833333333333545 0.52
18.85000000000021 0.48
18.866666666666877 0.42999999999999994
18.883333333333542 0.39
18.900000000000208 0.35000000000000003
18.916666666666874 0.31
18.93333333333354 0.31
18.950000000000205 0.27
18.96666666666687 0.22999999999999998
18.983333333333537 0.22999999999999998
19.000000000000203 0.19
19.01666666666687 0.15
19.033333333333534 0.15
19.0500000000002 0.1
19.066666666666865 0.1
19.08333333333353 0.1
19.100000000000197 0.06
19.116666666666863 0.06
19.13333333333353 0.06
19.150000000000194 0.06
19.16666666666686 0.06
19.183333333333525 0.02
19.20000000000019 0.02
19.216666666666857 0.02
19.233333333333523 0.02
19.25000000000019 0.0
19.266666666666854 0.0
19.28333333333352 0.0
19.300000000000185 0.0
19.31666666666685 0.0
19.333333333333517 0.0
19.350000000000183 0.0
19.36666666666685 0.0
19.383333333333514 0.0
19.40000000000018 0.0
19.416666666666845 0.0
19.43333333333351 0.0
19.450000000000177 0.0
19.466666666666843 0.0
19.48333333333351 0.0
19.500000000000174 0.0
19.51666666666684 0.0
19.533333333333506 0.0
19.55000000000017 0.0
19.566666666666837 0.0
19.583333333333503 0.0
19.60000000000017 0.0
19.616666666666834 0.0
19.6333333333335 0.0
19.650000000000166 0.0
19.66666666666683 0.0
19.683333333333497 0.0
19.700000000000163 0.0
19.71666666666683 0.0
19.733333333333494 0.0
19.75000000000016 0.0
19.766666666666826 0.0
19.78333333333349 0.0
19.800000000000157 0.0
19.816666666666823 0.0
19.83333333333349 0.0
19.850000000000154 0.0
19.86666666666682 0.0
19.883333333333486 0.0
19.90000000000015 0.0
19.916666666666817 0.0
19.933333333333483 0.0
19.95000000000015 0.0
19.966666666666814 0.0
19.98333333333348 0.0
20.000000000000146 0.0
20.01666666666681 0.0
20.033333333333477 0.0
20.050000000000143 0.0
20.06666666666681 0.0
20.083333333333474 0.0
20.10000000000014 0.0
20.116666666666806 0.0
20.13333333333347 0.0
20.150000000000137 0.0
20.166666666666803 0.0
20.18333333333347 0.0
20.200000000000134 0.0
20.2166666666668 0.0
20.233333333333466 0.0
20.25000000000013 0.0
20.266666666666797 0.0
20.283333333333463 0.0
20.30000000000013 0.0
20.316666666666794 0.0
20.33333333333346 0.0
20.350000000000126 0.0
20.36666666666679 0.0
20.383333333333457 0.0
20.400000000000123 0.0
20.41666666666679 0.0
20.433333333333454 0.0
20.45000000000012 0.0
20.466666666666786 0.0
20.48333333333345 0.0
20.500000000000117 0.0
20.516666666666783 0.0
20.53333333333345 0.0
20.550000000000114 0.0
20.56666666666678 0.0
20.583333333333446 0.0
20.60000000000011 0.0
20.616666666666777 0.0
20.633333333333443 0.0
20.65000000000011 0.0
20.666666666666774 0.0
20.68333333333344 0.0
20.700000000000106 0.0
20.71666666666677 0.0
20.733333333333437 0.0
20.750000000000103 0.0
20.76666666666677 0.0
20.783333333333434 0.0
20.8000000000001 0.0
20.816666666666766 0.0
20.83333333333343 0.0
20.850000000000097 0.0
20.866666666666763 0.0
20.88333333333343 0.0
20.900000000000095 0.0
20.91666666666676 0.0
20.933333333333426 0.0
20.95000000000009 0.0
20.966666666666757 0.0
20.983333333333423 0.0
21.00000000000009 0.0
21.016666666666755 0.0
21.03333333333342 0.0
21.050000000000086 0.0
21.06666666666675 0.0
21.083333333333417 0.0
21.100000000000083 0.0
21.11666666666675 0.0
21.133333333333415 0.0
21.15000000000008 0.0
21.166666666666746 0.0
21.18333333333341 0.0
21.200000000000077 0.0
21.216666666666743 0.0
21.23333333333341 0.0
21.250000000000075 0.0
21.26666666666674 0.0
21.283333333333406 0.0
21.30000000000007 0.0
21.316666666666737 0.0
21.333333333333403 0.0
21.35000000000007 0.0
21.366666666666735 0.0
21.3833333333334 0.0
21.400000000000066 0.0
21.416666666666732 0.0
21.433333333333398 0.0
21.450000000000063 0.0
21.46666666666673 0.0
21.483333333333395 0.0
21.50000000000006 0.0
21.516666666666726 0.0
21.533333333333392 0.0
21.550000000000058 0.0
21.566666666666723 0.0
21.58333333333339 0.0
21.600000000000055 0.0
21.61666666666672 0.0
21.633333333333386 0.0
21.650000000000052 0.0
21.666666666666718 0.0
21.683333333333383 0.0
21.70000000000005 0.0
21.716666666666715 0.0
21.73333333333338 0.0
21.750000000000046 0.0
21.766666666666712 0.0
21.783333333333378 0.0
21.800000000000043 0.0
21.81666666666671 0.0
21.833333333333375 0.0
21.85000000000004 0.0
21.866666666666706 0.0
21.883333333333372 0.0
21.900000000000038 0.0
21.916666666666703 0.0
21.93333333333337 0.0
21.950000000000035 0.0
21.9666666666667 0.0
21.983333333333366 0.0
22.000000000000032 0.0
22.016666666666698 0.0
22.033333333333363 0.0
22.05000000000003 0.0
22.066666666666695 0.0
22.08333333333336 0.0
22.100000000000026 0.0
22.116666666666692 0.0
22.133333333333358 0.0
22.150000000000023 0.0
22.16666666666669 0.0
22.183333333333355 0.0
22.20000000000002 0.0
22.216666666666686 0.0
22.233333333333352 0.0
22.250000000000018 0.0
22.266666666666683 0.0
22.28333333333335 0.0
22.300000000000015 0.0
22.31666666666668 0.0
22.333333333333346 0.0
22.350000000000012 0.0
22.366666666666678 0.0
22.383333333333344 0.0
22.40000000000001 0.0
22.416666666666675 0.0
22.43333333333334 0.0
22.450000000000006 0.0
22.466666666666672 0.0
22.483333333333338 0.0
22.500000000000004 0.0
22.51666666666667 0.0
22.533333333333335 0.0
22.55 0.0
22.566666666666666 0.0
22.583333333333332 0.0
22.599999999999998 0.0
22.616666666666664 0.0
22.63333333333333 0.0
22.649999999999995 0.0
22.66666666666666 0.0
22.683333333333326 0.0
22.699999999999992 0.0
22.716666666666658 0.0
22.733333333333324 0.0
22.74999999999999 0.0
22.766666666666655 0.0
22.78333333333332 0.0
22.799999999999986 0.0
22.816666666666652 0.0
22.833333333333318 0.0
22.849999999999984 0.0
22.86666666666665 0.0
22.883333333333315 0.0
22.89999999999998 0.0
22.916666666666647 0.0
22.933333333333312 0.0
22.949999999999978 0.0
22.966666666666644 0.0
22.98333333333331 0.0
22.999999999999975 0.0
23.01666666666664 0.0
23.033333333333307 0.0
23.049999999999972 0.0
23.066666666666638 0.0
23.083333333333304 0.0
23.09999999999997 0.0
23.116666666666635 0.0
23.1333333333333 0.0
23.149999999999967 0.0
23.166666666666632 0.0
23.183333333333298 0.0
23.199999999999964 0.0
23.21666666666663 0.0
23.233333333333295 0.0
23.24999999999996 0.0
23.266666666666627 0.0
23.283333333333292 0.0
23.299999999999958 0.0
23.316666666666624 0.0
23.33333333333329 0.0
23.349999999999955 0.0
23.36666666666662 0.0
23.383333333333287 0.0
23.399999999999952 0.0
23.416666666666618 0.0
23.433333333333284 0.0
23.44999999999995 0.0
23.466666666666615 0.0
23.48333333333328 0.0
23.499999999999947 0.0
23.516666666666612 0.0
23.533333333333278 0.0
23.549999999999944 0.0
23.56666666666661 0.0
23.583333333333275 0.0
23.59999999999994 0.0
23.616666666666607 0.0
23.633333333333272 0.0
23.649999999999938 0.0
23.666666666666604 0.0
23.68333333333327 0.0
23.699999999999935 0.0
23.7166666666666 0.0
23.733333333333267 0.0
23.749999999999932 0.0
23.766666666666598 0.0
23.783333333333264 0.0
23.79999999999993 0.0
23.816666666666595 0.0
23.83333333333326 0.0
23.849999999999927 0.0
23.866666666666593 0.0
23.88333333333326 0.0
23.899999999999924 0.0
23.91666666666659 0.0
23.933333333333255 0.0
23.94999999999992 0.0
23.966666666666587 0.0
23.983333333333253 0.0
