0 0.0
0.016666666666666666 0.0
0.03333333333333333 0.0
0.05 0.0
0.06666666666666667 0.0
0.08333333333333333 0.0
0.09999999999999999 0.0
0.11666666666666665 0.0
0.13333333333333333 0.0
0.15 0.0
0.16666666666666666 0.0
0.18333333333333332 0.0
0.19999999999999998 0.0
0.21666666666666665 0.0
0.2333333333333333 0.0
0.24999999999999997 0.0
0.26666666666666666 0.0
0.2833333333333333 0.0
0.3 0.0
0.31666666666666665 0.0
0.3333333333333333 0.0
0.35 0.0
0.36666666666666664 0.0
0.3833333333333333 0.0
0.39999999999999997 0.0
0.41666666666666663 0.0
0.4333333333333333 0.0
0.44999999999999996 0.0
0.4666666666666666 0.0
0.4833333333333333 0.0
0.49999999999999994 0.0
0.5166666666666666 0.0
0.5333333333333333 0.0
0.55 0.0
0.5666666666666668 0.0
0.5833333333333335 0.0
0.6000000000000002 0.0
0.6166666666666669 0.0
0.6333333333333336 0.0
0.6500000000000004 0.0
0.6666666666666671 0.0
0.6833333333333338 0.0
0.7000000000000005 0.0
0.7166666666666672 0.0
0.733333333333334 0.0
0.7500000000000007 0.0
0.7666666666666674 0.0
0.7833333333333341 0.0
0.8000000000000008 0.0
0.8166666666666675 0.0
0.8333333333333343 0.0
0.850000000000001 0.0
0.8666666666666677 0.0
0.8833333333333344 0.0
0.9000000000000011 0.0
0.9166666666666679 0.0
0.9333333333333346 0.0
0.9500000000000013 0.0
0.966666666666668 0.0
0.9833333333333347 0.0
1.0000000000000013 0.0
1.016666666666668 0.0
1.0333333333333345 0.0
1.0500000000000012 0.0
1.0666666666666678 0.0
1.0833333333333344 0.0
1.100000000000001 0.0
1.1166666666666676 0.0
1.1333333333333342 0.0
1.1500000000000008 0.0
1.1666666666666674 0.0
1.183333333333334 0.0
1.2000000000000006 0.0
1.2166666666666672 0.0
1.2333333333333338 0.0
1.2500000000000004 0.0
1.266666666666667 0.0
1.2833333333333337 0.0
1.3000000000000003 0.0
1.3166666666666669 0.0
1.3333333333333335 0.0
1.35 0.0
1.3666666666666667 0.0
1.3833333333333333 0.0
1.4 0.0
1.4166666666666665 0.0
1.4333333333333331 0.0
1.4499999999999997 0.0
1.4666666666666663 0.0
1.483333333333333 0.0
1.4999999999999996 0.0
1.5166666666666662 0.0
1.5333333333333328 0.0
1.5499999999999994 0.0
1.566666666666666 0.0
1.5833333333333326 0.0
1.5999999999999992 0.0
1.6166666666666658 0.0
1.6333333333333324 0.0
1.649999999999999 0.0
1.6666666666666656 0.0
1.6833333333333322 0.0
1.6999999999999988 0.0
1.7166666666666655 0.0
1.733333333333332 0.0
1.7499999999999987 0.0
1.7666666666666653 0.0
1.7833333333333319 0.0
1.7999999999999985 0.0
1.816666666666665 0.0
1.8333333333333317 0.0
1.8499999999999983 0.0
1.866666666666665 0.0
1.8833333333333315 0.0
1.8999999999999981 0.0
1.9166666666666647 0.0
1.9333333333333313 0.0
1.949999999999998 0.0
1.9666666666666646 0.0
1.9833333333333312 0.0
1.9999999999999978 0.0
2.0166666666666644 0.0
2.033333333333331 0.0
2.0499999999999976 0.0
2.066666666666664 0.0
2.083333333333331 0.0
2.0999999999999974 0.0
2.116666666666664 0.0
2.1333333333333306 0.0
2.1499999999999972 0.0
2.166666666666664 0.0
2.1833333333333305 0.0
2.199999999999997 0.0
2.2166666666666637 0.0
2.2333333333333303 0.0
2.249999999999997 0.0
2.2666666666666635 0.0
2.28333333333333 0.0
2.2999999999999967 0.0
2.3166666666666633 0.0
2.33333333333333 0.0
2.3499999999999965 0.0
2.366666666666663 0.0
2.3833333333333298 0.0
2.3999999999999964 0.0
2.416666666666663 0.0
2.4333333333333296 0.0
2.449999999999996 0.0
2.466666666666663 0.0
2.4833333333333294 0.0
2.499999999999996 0.0
2.5166666666666626 0.0
2.533333333333329 0.0
2.549999999999996 0.0
2.5666666666666624 0.0
2.583333333333329 0.0
2.5999999999999956 0.0
2.6166666666666623 0.0
2.633333333333329 0.0
2.6499999999999955 0.0
2.666666666666662 0.0
2.6833333333333287 0.0
2.6999999999999953 0.0
2.716666666666662 0.0
2.7333333333333285 0.0
2.749999999999995 0.0
2.7666666666666617 0.0
2.7833333333333283 0.0
2.799999999999995 0.0
2.8166666666666615 0.0
2.833333333333328 0.0
2.8499999999999948 0.0
2.8666666666666614 0.0
2.883333333333328 0.0
2.8999999999999946 0.0
2.916666666666661 0.0
2.933333333333328 0.0
2.9499999999999944 0.0
2.966666666666661 0.0
2.9833333333333276 0.0
2.9999999999999942 0.0
3.016666666666661 0.0
3.0333333333333274 0.0
3.049999999999994 0.0
3.0666666666666607 0.0
3.0833333333333273 0.0
3.099999999999994 0.0
3.1166666666666605 0.0
3.133333333333327 0.0
3.1499999999999937 0.0
3.1666666666666603 0.0
3.183333333333327 0.0
3.1999999999999935 0.0
3.21666666666666 0.0
3.2333333333333267 0.0
3.2499999999999933 0.0
3.26666666666666 0.0
3.2833333333333266 0.0
3.299999999999993 0.0
3.3166666666666598 0.0
3.3333333333333264 0.0
3.349999999999993 0.0
3.3666666666666596 0.0
3.383333333333326 0.0
3.399999999999993 0.0
3.4166666666666594 0.0
3.433333333333326 0.0
3.4499999999999926 0.0
3.4666666666666592 0.0
3.483333333333326 0.0
3.4999999999999925 0.0
3.516666666666659 0.0
3.5333333333333257 0.0
3.5499999999999923 0.0
3.566666666666659 0.0
3.5833333333333255 0.0
3.599999999999992 0.0
3.6166666666666587 0.0
3.6333333333333253 0.0
3.649999999999992 0.0
3.6666666666666585 0.0
3.683333333333325 0.0
3.6999999999999917 0.0
3.7166666666666583 0.0
3.733333333333325 0.0
3.7499999999999916 0.0
3.766666666666658 0.0
3.7833333333333248 0.0
3.7999999999999914 0.0
3.816666666666658 0.0
3.8333333333333246 0.0
3.849999999999991 0.0
3.866666666666658 0.0
3.8833333333333244 0.0
3.899999999999991 0.0
3.9166666666666576 0.0
3.9333333333333242 0.0
3.949999999999991 0.0
3.9666666666666575 0.0
3.983333333333324 0.0
3.9999999999999907 0.0
4.016666666666658 0.0
4.033333333333324 0.0
4.049999999999991 0.0
4.0666666666666575 0.0
4.083333333333324 0.0
4.099999999999991 0.0
4.116666666666657 0.0
4.133333333333324 0.0
4.149999999999991 0.0
4.166666666666657 0.0
4.183333333333324 0.0
4.19999999999999 0.0
4.216666666666657 0.0
4.233333333333324 0.0
4.24999999999999 0.0
4.266666666666657 0.0
4.2833333333333234 0.0
4.29999999999999 0.0
4.316666666666657 0.0
4.333333333333323 0.0
4.34999999999999 0.0
4.3666666666666565 0.0
4.383333333333323 0.0
4.39999999999999 0.0
4.416666666666656 0.0
4.433333333333323 0.0
4.4499999999999895 0.0
4.466666666666656 0.0
4.483333333333323 0.0
4.499999999999989 0.0
4.516666666666656 0.0
4.533333333333323 0.0
4.549999999999989 0.0
4.566666666666656 0.0
4.583333333333322 0.0
4.599999999999989 0.0
4.616666666666656 0.0
4.633333333333322 0.0
4.649999999999989 0.0
4.666666666666655 0.0
4.683333333333322 0.0
4.699999999999989 0.0
4.716666666666655 0.0
4.733333333333322 0.0
4.7499999999999885 0.0
4.766666666666655 0.0
4.783333333333322 0.0
4.799999999999988 0.0
4.816666666666655 0.0
4.8333333333333215 0.0
4.849999999999988 0.0
4.866666666666655 0.0
4.883333333333321 0.0
4.899999999999988 0.0
4.9166666666666545 0.0
4.933333333333321 0.0
4.949999999999988 0.0
4.966666666666654 0.0
4.983333333333321 0.0
4.999999999999988 0.0
5.016666666666654 0.0
5.033333333333321 0.0
5.049999999999987 0.0
5.066666666666654 0.0
5.083333333333321 0.0
5.099999999999987 0.0
5.116666666666654 0.0
5.13333333333332 0.0
5.149999999999987 0.0
5.166666666666654 0.0
5.18333333333332 0.0
5.199999999999987 0.0
5.2166666666666535 0.0
5.23333333333332 0.0
5.249999999999987 0.0
5.266666666666653 0.0
5.28333333333332 0.0
5.2999999999999865 0.0
5.316666666666653 0.0
5.33333333333332 0.0
5.349999999999986 0.0
5.366666666666653 0.0
5.3833333333333195 0.0
5.399999999999986 0.0
5.416666666666653 0.0
5.433333333333319 0.0
5.449999999999986 0.0
5.466666666666653 0.0
5.483333333333319 0.0
5.499999999999986 0.0
5.516666666666652 0.0
5.533333333333319 0.0
5.549999999999986 0.0
5.566666666666652 0.0
5.583333333333319 0.0
5.599999999999985 0.0
5.616666666666652 0.0
5.633333333333319 0.0
5.649999999999985 0.0
5.666666666666652 0.0
5.6833333333333185 0.0
5.699999999999985 0.0
5.716666666666652 0.0
5.733333333333318 0.0
5.749999999999985 0.0
5.7666666666666515 0.0
5.783333333333318 0.0
5.799999999999985 0.0
5.816666666666651 0.0
5.833333333333318 0.0
5.8499999999999845 0.0
5.866666666666651 0.0
5.883333333333318 0.0
5.899999999999984 0.0
5.916666666666651 0.0
5.933333333333318 0.0
5.949999999999984 0.0
5.966666666666651 0.0
5.983333333333317 0.0
5.999999999999984 0.0
6.016666666666651 0.0
6.033333333333317 0.0
6.049999999999984 0.0
6.06666666666665 0.0
6.083333333333317 0.0
6.099999999999984 0.0
6.11666666666665 0.0
6.133333333333317 0.0
6.1499999999999835 0.0
6.16666666666665 0.0
6.183333333333317 0.0
6.199999999999983 0.0
6.21666666666665 0.0
6.2333333333333165 0.0
6.249999999999983 0.0
6.26666666666665 0.0
6.283333333333316 0.05
6.299999999999983 0.05
6.3166666666666496 0.05
6.333333333333316 0.05
6.349999999999983 0.09
6.366666666666649 0.09
6.383333333333316 0.09
6.399999999999983 0.14
6.416666666666649 0.14
6.433333333333316 0.14
6.449999999999982 0.18
6.466666666666649 0.18
6.483333333333316 0.21999999999999997
6.499999999999982 0.26
6.516666666666649 0.3
6.5333333333333155 0.3
6.549999999999982 0.34
6.566666666666649 0.42000000000000004
6.583333333333315 0.47
6.599999999999982 0.51
6.6166666666666485 0.55
6.633333333333315 0.59
6.649999999999982 0.59
6.666666666666648 0.63
6.683333333333315 0.71
6.6999999999999815 0.71
6.716666666666648 0.75
6.733333333333315 0.8
6.749999999999981 0.8799999999999999
6.766666666666648 0.9199999999999999
6.783333333333315 1.0
6.799999999999981 1.0
6.816666666666648 1.09
6.833333333333314 1.1300000000000001
6.849999999999981 1.21
6.866666666666648 1.25
6.883333333333314 1.33
6.899999999999981 1.37
6.916666666666647 1.46
6.933333333333314 1.54
6.949999999999981 1.58
6.966666666666647 1.62
6.983333333333314 1.7100000000000002
6.9999999999999805 1.75
7.016666666666647 1.83
7.033333333333314 1.9100000000000001
7.04999999999998 1.9500000000000002
7.066666666666647 1.9900000000000002
7.0833333333333135 2.04
7.09999999999998 2.12
7.116666666666647 2.12
7.133333333333313 2.16
7.14999999999998 2.2
7.1666666666666465 2.2800000000000002
7.183333333333313 2.37
7.19999999999998 2.49
7.216666666666646 2.6100000000000003
7.233333333333313 2.74
7.24999999999998 2.82
7.266666666666646 2.94
7.283333333333313 3.03
7.299999999999979 3.11
7.316666666666646 3.19
7.333333333333313 3.3200000000000003
7.349999999999979 3.4000000000000004
7.366666666666646 3.5599999999999996
7.383333333333312 3.73
7.399999999999979 3.89
7.416666666666646 4.0600000000000005
7.433333333333312 4.22
7.449999999999979 4.39
7.4666666666666455 4.5600000000000005
7.483333333333312 4.680000000000001
7.499999999999979 4.8
7.516666666666645 4.93
7.533333333333312 5.01
7.5499999999999785 5.09
7.566666666666645 5.220000000000001
7.583333333333312 5.34
7.599999999999978 5.42
7.616666666666645 5.550000000000001
7.6333333333333115 5.67
7.649999999999978 5.709999999999999
7.666666666666645 5.75
7.683333333333311 5.75
7.699999999999978 5.709999999999999
7.716666666666645 5.709999999999999
7.733333333333311 5.709999999999999
7.749999999999978 5.75
7.766666666666644 5.789999999999999
7.783333333333311 5.88
7.799999999999978 5.92
7.816666666666644 6.0
7.833333333333311 6.04
7.849999999999977 6.08
7.866666666666644 6.12
7.883333333333311 6.17
7.899999999999977 6.25
7.916666666666644 6.33
7.9333333333333105 6.5
7.949999999999977 6.66
7.966666666666644 6.870000000000001
7.98333333333331 7.069999999999999
7.999999999999977 7.32
8.016666666666644 7.53
8.033333333333312 7.69
8.04999999999998 7.86
8.066666666666647 8.07
8.083333333333314 8.23
8.099999999999982 8.44
8.11666666666665 8.69
8.133333333333317 8.93
8.149999999999984 9.26
8.166666666666652 9.59
8.18333333333332 9.92
8.199999999999987 10.209999999999999
8.216666666666654 10.5
8.233333333333322 10.79
8.24999999999999 11.080000000000002
8.266666666666657 11.33
8.283333333333324 11.66
8.299999999999992 11.950000000000001
8.31666666666666 12.32
8.333333333333327 12.69
8.349999999999994 13.06
8.366666666666662 13.39
8.38333333333333 13.64
8.399999999999997 13.81
8.416666666666664 13.89
8.433333333333332 13.85
8.45 13.72
8.466666666666667 13.600000000000001
8.483333333333334 13.56
8.500000000000002 13.56
8.51666666666667 13.64
8.533333333333337 13.72
8.550000000000004 13.85
8.566666666666672 13.97
8.58333333333334 14.1
8.600000000000007 14.34
8.616666666666674 14.84
8.633333333333342 15.620000000000001
8.65000000000001 17.11
8.666666666666677 17.11
8.683333333333344 18.1
8.700000000000012 18.759999999999998
8.71666666666668 18.560000000000002
8.733333333333347 18.1
8.750000000000014 17.689999999999998
8.766666666666682 18.52
8.78333333333335 19.71
8.800000000000017 20.25
8.816666666666684 21.7
8.833333333333352 25.33
8.85000000000002 25.58
8.866666666666687 25.619999999999997
8.883333333333354 26.28
8.900000000000022 25.74
8.91666666666669 26.65
8.933333333333357 26.61
8.950000000000024 26.61
8.966666666666692 26.53
8.98333333333336 26.65
9.000000000000027 26.82
9.016666666666694 27.11
9.033333333333362 27.27
9.05000000000003 27.519999999999996
9.066666666666697 27.73
9.083333333333364 27.93
9.100000000000032 28.22
9.1166666666667 28.68
9.133333333333367 29.009999999999998
9.150000000000034 29.5
9.166666666666702 29.79
9.183333333333369 30.25
9.200000000000037 30.41
9.216666666666704 30.54
9.233333333333372 30.659999999999997
9.250000000000039 30.49
9.266666666666707 30.659999999999997
9.283333333333374 30.7
9.300000000000042 30.7
9.316666666666709 31.110000000000003
9.333333333333377 31.57
9.350000000000044 31.69
9.366666666666712 31.73
9.383333333333379 32.019999999999996
9.400000000000047 32.35
9.416666666666714 32.43
9.433333333333382 32.599999999999994
9.450000000000049 32.519999999999996
9.466666666666717 32.519999999999996
9.483333333333384 33.09
9.500000000000052 33.51
9.516666666666719 33.92
9.533333333333387 34.0
9.550000000000054 33.879999999999995
9.566666666666721 33.63
9.583333333333389 34.33
9.600000000000056 34.660000000000004
9.616666666666724 34.870000000000005
9.633333333333391 35.04
9.650000000000059 35.45
9.666666666666726 35.61
9.683333333333394 35.57
9.700000000000061 35.33
9.716666666666729 35.57
9.733333333333396 35.78
9.750000000000064 36.44
9.766666666666731 36.89
9.783333333333399 37.559999999999995
9.800000000000066 37.599999999999994
9.816666666666734 31.28
9.833333333333401 37.35
9.850000000000069 36.65
9.866666666666736 37.269999999999996
9.883333333333404 37.559999999999995
9.900000000000071 37.839999999999996
9.916666666666739 38.59
9.933333333333406 38.63
9.950000000000074 38.92
9.966666666666741 39.46
9.983333333333409 39.58
10.000000000000076 39.08
10.016666666666744 39.74
10.033333333333411 40.61
10.050000000000079 41.31
10.066666666666746 40.69
10.083333333333414 39.870000000000005
10.100000000000081 41.02
10.116666666666749 40.78
10.133333333333416 39.04
10.150000000000084 38.96
10.166666666666751 37.47
10.183333333333419 35.66
10.200000000000086 37.93
10.216666666666754 35.45
10.233333333333421 38.79
10.250000000000089 41.6
10.266666666666756 41.48
10.283333333333424 43.78999999999999
10.300000000000091 44.21
10.316666666666759 44.45
10.333333333333426 44.54
10.350000000000094 44.25
10.366666666666761 43.78999999999999
10.383333333333429 44.54
10.400000000000096 44.989999999999995
10.416666666666764 45.11
10.433333333333431 44.78
10.450000000000099 44.95
10.466666666666766 45.86
10.483333333333434 44.660000000000004
10.500000000000101 44.45
10.516666666666769 45.199999999999996
10.533333333333436 45.11
10.550000000000104 43.5
10.566666666666771 43.96
10.583333333333439 45.82
10.600000000000106 47.220000000000006
10.616666666666774 47.47
10.633333333333441 46.559999999999995
10.650000000000109 47.01
10.666666666666776 42.76
10.683333333333444 45.940000000000005
10.700000000000111 48.209999999999994
10.716666666666779 45.44
10.733333333333446 49.24
10.750000000000114 47.800000000000004
10.766666666666781 45.69
10.783333333333449 46.48
10.800000000000116 47.96
10.816666666666784 49.57
10.833333333333451 50.769999999999996
10.850000000000119 50.940000000000005
10.866666666666786 51.31
10.883333333333454 50.279999999999994
10.900000000000121 50.32
10.916666666666789 48.83
10.933333333333456 48.38
10.950000000000124 49.86
10.966666666666791 51.72
10.983333333333459 50.940000000000005
11.000000000000126 52.18
11.016666666666794 50.06999999999999
11.033333333333461 48.29
11.050000000000129 51.72
11.066666666666796 52.26
11.083333333333464 40.78
11.100000000000131 50.4
11.116666666666799 47.01
11.133333333333466 55.519999999999996
11.150000000000134 56.39
11.166666666666801 56.02
11.183333333333469 52.26
11.200000000000136 54.660000000000004
11.216666666666804 57.88
11.233333333333471 55.32
11.250000000000139 41.4
11.266666666666806 45.82
11.283333333333474 45.24
11.300000000000141 43.46
11.316666666666809 48.58
11.333333333333476 53.37
11.350000000000144 47.18
11.366666666666811 40.32
11.383333333333479 44.54
11.400000000000146 51.269999999999996
11.416666666666814 45.82
11.433333333333481 37.8
11.450000000000149 45.730000000000004
11.466666666666816 43.67
11.483333333333483 37.64
11.500000000000151 34.29
11.516666666666818 42.64
11.533333333333486 51.06
11.550000000000153 45.11
11.566666666666821 60.4
11.583333333333488 60.19
11.600000000000156 58.08
11.616666666666823 59.2
11.633333333333491 59.82
11.650000000000158 59.45
11.666666666666826 59.980000000000004
11.683333333333493 60.44
11.700000000000161 55.19
11.716666666666828 52.839999999999996
11.733333333333496 47.06
11.750000000000163 51.72
11.766666666666831 45.49
11.783333333333498 55.89
11.800000000000166 61.760000000000005
11.816666666666833 60.309999999999995
11.833333333333501 57.71
11.850000000000168 53.08
11.866666666666836 50.24
11.883333333333503 48.78999999999999
11.90000000000017 43.419999999999995
11.916666666666838 40.69
11.933333333333506 38.46
11.950000000000173 37.599999999999994
11.96666666666684 37.64
11.983333333333508 38.38
12.000000000000176 38.839999999999996
12.016666666666843 37.47
12.03333333333351 36.77
12.050000000000178 36.32
12.066666666666846 35.78
12.083333333333513 36.230000000000004
12.10000000000018 36.52
12.116666666666848 35.53
12.133333333333516 34.870000000000005
12.150000000000183 34.83
12.16666666666685 35.08
12.183333333333518 35.94
12.200000000000186 36.230000000000004
12.216666666666853 35.86
12.23333333333352 35.61
12.250000000000188 34.95
12.266666666666856 35.16
12.283333333333523 36.52
12.30000000000019 39.21
12.316666666666858 38.75
12.333333333333526 37.35
12.350000000000193 35.2
12.36666666666686 34.25
12.383333333333528 34.04
12.400000000000196 34.38
12.416666666666863 35.24
12.43333333333353 35.99
12.450000000000198 36.150000000000006
12.466666666666866 37.269999999999996
12.483333333333533 39.660000000000004
12.5000000000002 40.410000000000004
12.516666666666868 51.52
12.533333333333536 55.27
12.550000000000203 48.0
12.56666666666687 48.91
12.583333333333538 48.209999999999994
12.600000000000206 44.33
12.616666666666873 35.49
12.63333333333354 30.990000000000002
12.650000000000208 39.29
12.666666666666876 34.910000000000004
12.683333333333543 29.630000000000003
12.70000000000021 29.87
12.716666666666878 35.94
12.733333333333546 44.21
12.750000000000213 44.080000000000005
12.76666666666688 30.990000000000002
12.783333333333548 24.3
12.800000000000216 21.98
12.816666666666883 21.16
12.83333333333355 19.84
12.850000000000218 19.09
12.866666666666886 18.18
12.883333333333553 17.689999999999998
12.90000000000022 18.27
12.916666666666888 17.11
12.933333333333556 15.95
12.950000000000223 14.719999999999999
12.96666666666689 13.520000000000001
12.983333333333558 12.4
13.000000000000226 11.29
13.016666666666893 10.209999999999999
13.03333333333356 9.389999999999999
13.050000000000228 8.85
13.066666666666896 8.35
13.083333333333563 7.94
13.10000000000023 7.74
13.116666666666898 7.61
13.133333333333566 7.49
13.150000000000233 7.32
13.1666666666669 7.119999999999999
13.183333333333568 6.949999999999999
13.200000000000236 6.790000000000001
13.216666666666903 6.7
13.23333333333357 6.7
13.250000000000238 6.83
13.266666666666906 6.989999999999999
13.283333333333573 7.16
13.30000000000024 7.32
13.316666666666908 7.57
13.333333333333576 7.98
13.350000000000243 8.48
13.36666666666691 9.1
13.383333333333578 9.76
13.400000000000245 10.46
13.416666666666913 11.16
13.43333333333358 11.870000000000001
13.450000000000248 12.569999999999999
13.466666666666915 13.19
13.483333333333583 13.89
13.50000000000025 14.670000000000002
13.516666666666918 15.58
13.533333333333585 16.619999999999997
13.550000000000253 17.61
13.56666666666692 18.85
13.583333333333588 20.659999999999997
13.600000000000255 25.910000000000004
13.616666666666923 26.41
13.63333333333359 26.74
13.650000000000258 28.43
13.666666666666925 33.39
13.683333333333593 46.150000000000006
13.70000000000026 51.06
13.716666666666928 54.080000000000005
13.733333333333595 52.220000000000006
13.750000000000263 42.76
13.76666666666693 34.54
13.783333333333598 31.240000000000002
13.800000000000265 29.209999999999997
13.816666666666933 27.189999999999998
13.8333333333336 25.779999999999998
13.850000000000268 24.380000000000003
13.866666666666935 22.85
13.883333333333603 21.37
13.90000000000027 19.96
13.916666666666938 18.720000000000002
13.933333333333605 17.65
13.950000000000273 16.7
13.96666666666694 15.83
13.983333333333608 15.049999999999999
14.000000000000275 14.34
14.016666666666943 13.85
14.03333333333361 13.440000000000001
14.050000000000278 13.11
14.066666666666945 12.9
14.083333333333613 12.729999999999999
14.10000000000028 12.69
14.116666666666948 12.649999999999999
14.133333333333615 12.69
14.150000000000283 12.86
14.16666666666695 13.02
14.183333333333618 13.27
14.200000000000285 13.48
14.216666666666953 13.64
14.23333333333362 13.680000000000001
14.250000000000288 13.77
14.266666666666955 13.85
14.283333333333623 13.93
14.30000000000029 14.1
14.316666666666958 14.47
14.333333333333625 15.009999999999998
14.350000000000293 15.58
14.36666666666696 16.16
14.383333333333628 16.619999999999997
14.400000000000295 16.86
14.416666666666963 16.95
14.43333333333363 16.86
14.450000000000298 16.74
14.466666666666965 16.74
14.483333333333633 16.7
14.5000000000003 16.45
14.516666666666968 16.12
14.533333333333635 15.67
14.550000000000303 15.169999999999998
14.56666666666697 14.76
14.583333333333638 14.39
14.600000000000305 14.01
14.616666666666973 13.600000000000001
14.63333333333364 13.11
14.650000000000308 12.490000000000002
14.666666666666975 12.030000000000001
14.683333333333643 11.739999999999998
14.70000000000031 11.54
14.716666666666978 11.120000000000001
14.733333333333645 10.540000000000001
14.750000000000313 9.84
14.76666666666698 9.14
14.783333333333648 8.44
14.800000000000315 7.78
14.816666666666983 7.279999999999999
14.83333333333365 6.989999999999999
14.850000000000318 6.74
14.866666666666985 6.62
14.883333333333653 6.5
14.90000000000032 6.33
14.916666666666988 6.17
14.933333333333655 6.0
14.950000000000323 5.88
14.96666666666699 5.67
14.983333333333658 5.550000000000001
15.000000000000325 5.460000000000001
15.016666666666993 5.380000000000001
15.03333333333366 5.26
15.050000000000328 5.17
15.066666666666995 5.13
15.083333333333663 5.09
15.10000000000033 5.09
15.116666666666998 5.17
15.133333333333665 5.26
15.150000000000333 5.26
15.166666666667 5.220000000000001
15.183333333333668 5.17
15.200000000000335 5.09
15.216666666667003 5.09
15.23333333333367 5.01
15.250000000000338 4.97
15.266666666667005 4.89
15.283333333333672 4.8
15.30000000000034 4.8
15.316666666667007 4.84
15.333333333333675 4.93
15.350000000000342 5.01
15.36666666666701 5.01
15.383333333333677 5.01
15.400000000000345 4.89
15.416666666667012 4.76
15.43333333333368 4.6000000000000005
15.450000000000347 4.43
15.466666666667015 4.27
15.483333333333682 4.14
15.50000000000035 4.0200000000000005
15.516666666667017 3.9800000000000004
15.533333333333685 3.9400000000000004
15.550000000000352 3.9800000000000004
15.56666666666702 3.9800000000000004
15.583333333333687 4.0600000000000005
15.600000000000355 4.14
15.616666666667022 4.22
15.63333333333369 4.27
15.650000000000357 4.35
15.666666666667025 4.43
15.683333333333692 4.43
15.70000000000036 4.43
15.716666666667027 4.39
15.733333333333695 4.39
15.750000000000362 4.35
15.76666666666703 4.27
15.783333333333697 4.14
15.800000000000365 4.0200000000000005
15.816666666667032 3.85
15.8333333333337 3.69
15.850000000000367 3.5599999999999996
15.866666666667035 3.4799999999999995
15.883333333333702 3.4000000000000004
15.90000000000037 3.3200000000000003
15.916666666667037 3.27
15.933333333333705 3.23
15.950000000000372 3.19
15.96666666666704 3.11
15.983333333333707 3.07
16.000000000000373 2.9899999999999998
16.01666666666704 2.94
16.033333333333704 2.9
16.05000000000037 2.82
16.066666666667036 2.82
16.0833333333337 2.82
16.100000000000367 2.7800000000000002
16.116666666667033 2.82
16.1333333333337 2.82
16.150000000000365 2.82
16.16666666666703 2.82
16.183333333333696 2.82
16.20000000000036 2.7800000000000002
16.216666666667027 2.7800000000000002
16.233333333333693 2.74
16.25000000000036 2.66
16.266666666667025 2.6100000000000003
16.28333333333369 2.5700000000000003
16.300000000000356 2.5300000000000002
16.31666666666702 2.5300000000000002
16.333333333333687 2.49
16.350000000000353 2.49
16.36666666666702 2.45
16.383333333333685 2.49
16.40000000000035 2.49
16.416666666667016 2.49
16.43333333333368 2.49
16.450000000000347 2.49
16.466666666667013 2.49
16.48333333333368 2.5300000000000002
16.500000000000345 2.5300000000000002
16.51666666666701 2.5300000000000002
16.533333333333676 2.5700000000000003
16.55000000000034 2.6100000000000003
16.566666666667007 2.66
16.583333333333673 2.7
16.60000000000034 2.74
16.616666666667005 2.7800000000000002
16.63333333333367 2.7800000000000002
16.650000000000336 2.74
16.666666666667002 2.74
16.683333333333668 2.74
16.700000000000333 2.7
16.716666666667 2.7
16.733333333333665 2.7
16.75000000000033 2.7
16.766666666666996 2.7
16.783333333333662 2.74
16.800000000000328 2.74
16.816666666666993 2.7800000000000002
16.83333333333366 2.7800000000000002
16.850000000000325 2.7800000000000002
16.86666666666699 2.86
16.883333333333656 2.86
16.900000000000322 2.9
16.916666666666988 2.9899999999999998
16.933333333333653 3.07
16.95000000000032 3.11
16.966666666666985 3.23
16.98333333333365 3.4000000000000004
17.000000000000316 3.5199999999999996
17.016666666666982 3.69
17.033333333333648 3.89
17.050000000000313 4.1
17.06666666666698 4.35
17.083333333333645 4.640000000000001
17.10000000000031 4.84
17.116666666666976 4.93
17.133333333333642 4.84
17.150000000000308 4.640000000000001
17.166666666666973 4.35
17.18333333333364 4.1
17.200000000000305 3.85
17.21666666666697 3.61
17.233333333333636 3.4799999999999995
17.250000000000302 3.4799999999999995
17.266666666666968 3.61
17.283333333333633 3.9400000000000004
17.3000000000003 4.35
17.316666666666965 4.97
17.33333333333363 5.550000000000001
17.350000000000296 6.08
17.366666666666962 6.54
17.383333333333628 6.989999999999999
17.400000000000293 7.49
17.41666666666696 7.94
17.433333333333625 8.4
17.45000000000029 8.81
17.466666666666956 9.18
17.483333333333622 9.51
17.500000000000288 9.719999999999999
17.516666666666953 9.84
17.53333333333362 9.879999999999999
17.550000000000285 9.84
17.56666666666695 9.8
17.583333333333616 9.84
17.600000000000282 9.92
17.616666666666948 10.009999999999998
17.633333333333614 10.09
17.65000000000028 10.129999999999999
17.666666666666945 10.09
17.68333333333361 9.97
17.700000000000276 9.84
17.716666666666942 9.76
17.733333333333608 9.549999999999999
17.750000000000274 9.31
17.76666666666694 8.97
17.783333333333605 8.52
17.80000000000027 7.86
17.816666666666936 6.989999999999999
17.833333333333602 6.04
17.850000000000268 5.300000000000001
17.866666666666934 4.72
17.8833333333336 4.35
17.900000000000265 4.0600000000000005
17.91666666666693 3.9400000000000004
17.933333333333596 3.81
17.950000000000262 3.65
17.966666666666928 3.5199999999999996
17.983333333333594 3.4000000000000004
18.00000000000026 3.23
18.016666666666925 3.11
18.03333333333359 2.9899999999999998
18.050000000000257 2.9
18.066666666666922 2.86
18.083333333333588 2.7800000000000002
18.100000000000254 2.66
18.11666666666692 2.6100000000000003
18.133333333333585 2.49
18.15000000000025 2.37
18.166666666666917 2.2800000000000002
18.183333333333582 2.2
18.200000000000248 2.12
18.216666666666914 2.04
18.23333333333358 1.9500000000000002
18.250000000000245 1.83
18.26666666666691 1.75
18.283333333333577 1.62
18.300000000000242 1.54
18.316666666666908 1.46
18.333333333333574 1.42
18.35000000000024 1.42
18.366666666666905 1.46
18.38333333333357 1.46
18.400000000000237 1.46
18.416666666666902 1.42
18.433333333333568 1.37
18.450000000000234 1.29
18.4666666666669 1.21
18.483333333333565 1.1300000000000001
18.50000000000023 1.09
18.516666666666897 1.04
18.533333333333562 0.96
18.550000000000228 0.9199999999999999
18.566666666666894 0.9199999999999999
18.58333333333356 0.8400000000000001
18.600000000000225 0.8400000000000001
18.61666666666689 0.8
18.633333333333557 0.8
18.650000000000222 0.71
18.666666666666888 0.67
18.683333333333554 0.63
18.70000000000022 0.63
18.716666666666885 0.55
18.73333333333355 0.55
18.750000000000217 0.55
18.766666666666882 0.51
18.783333333333548 0.51
18.800000000000214 0.51
18.81666666666688 0.51
18.833333333333545 0.47
18.85000000000021 0.42000000000000004
18.866666666666877 0.38
18.883333333333542 0.34
18.900000000000208 0.3
18.916666666666874 0.26
18.93333333333354 0.21999999999999997
18.950000000000205 0.18
18.96666666666687 0.14
18.983333333333537 0.14
19.000000000000203 0.09
19.01666666666687 0.09
19.033333333333534 0.09
19.0500000000002 0.09
19.066666666666865 0.05
19.08333333333353 0.05
19.100000000000197 0.05
19.116666666666863 0.05
19.13333333333353 0.01
19.150000000000194 0.01
19.16666666666686 0.01
19.183333333333525 0.01
19.20000000000019 0.01
19.216666666666857 0.0
19.233333333333523 0.0
19.25000000000019 0.0
19.266666666666854 0.0
19.28333333333352 0.0
19.300000000000185 0.0
19.31666666666685 0.0
19.333333333333517 0.0
19.350000000000183 0.0
19.36666666666685 0.0
19.383333333333514 0.0
19.40000000000018 0.0
19.416666666666845 0.0
19.43333333333351 0.0
19.450000000000177 0.0
19.466666666666843 0.0
19.48333333333351 0.0
19.500000000000174 0.0
19.51666666666684 0.0
19.533333333333506 0.0
19.55000000000017 0.0
19.566666666666837 0.0
19.583333333333503 0.0
19.60000000000017 0.0
19.616666666666834 0.0
19.6333333333335 0.0
19.650000000000166 0.0
19.66666666666683 0.0
19.683333333333497 0.0
19.700000000000163 0.0
19.71666666666683 0.0
19.733333333333494 0.0
19.75000000000016 0.0
19.766666666666826 0.0
19.78333333333349 0.0
19.800000000000157 0.0
19.816666666666823 0.0
19.83333333333349 0.0
19.850000000000154 0.0
19.86666666666682 0.0
19.883333333333486 0.0
19.90000000000015 0.0
19.916666666666817 0.0
19.933333333333483 0.0
19.95000000000015 0.0
19.966666666666814 0.0
19.98333333333348 0.0
20.000000000000146 0.0
20.01666666666681 0.0
20.033333333333477 0.0
20.050000000000143 0.0
20.06666666666681 0.0
20.083333333333474 0.0
20.10000000000014 0.0
20.116666666666806 0.0
20.13333333333347 0.0
20.150000000000137 0.0
20.166666666666803 0.0
20.18333333333347 0.0
20.200000000000134 0.0
20.2166666666668 0.0
20.233333333333466 0.0
20.25000000000013 0.0
20.266666666666797 0.0
20.283333333333463 0.0
20.30000000000013 0.0
20.316666666666794 0.0
20.33333333333346 0.0
20.350000000000126 0.0
20.36666666666679 0.0
20.383333333333457 0.0
20.400000000000123 0.0
20.41666666666679 0.0
20.433333333333454 0.0
20.45000000000012 0.0
20.466666666666786 0.0
20.48333333333345 0.0
20.500000000000117 0.0
20.516666666666783 0.0
20.53333333333345 0.0
20.550000000000114 0.0
20.56666666666678 0.0
20.583333333333446 0.0
20.60000000000011 0.0
20.616666666666777 0.0
20.633333333333443 0.0
20.65000000000011 0.0
20.666666666666774 0.0
20.68333333333344 0.0
20.700000000000106 0.0
20.71666666666677 0.0
20.733333333333437 0.0
20.750000000000103 0.0
20.76666666666677 0.0
20.783333333333434 0.0
20.8000000000001 0.0
20.816666666666766 0.0
20.83333333333343 0.0
20.850000000000097 0.0
20.866666666666763 0.0
20.88333333333343 0.0
20.900000000000095 0.0
20.91666666666676 0.0
20.933333333333426 0.0
20.95000000000009 0.0
20.966666666666757 0.0
20.983333333333423 0.0
21.00000000000009 0.0
21.016666666666755 0.0
21.03333333333342 0.0
21.050000000000086 0.0
21.06666666666675 0.0
21.083333333333417 0.0
21.100000000000083 0.0
21.11666666666675 0.0
21.133333333333415 0.0
21.15000000000008 0.0
21.166666666666746 0.0
21.18333333333341 0.0
21.200000000000077 0.0
21.216666666666743 0.0
21.23333333333341 0.0
21.250000000000075 0.0
21.26666666666674 0.0
21.283333333333406 0.0
21.30000000000007 0.0
21.316666666666737 0.0
21.333333333333403 0.0
21.35000000000007 0.0
21.366666666666735 0.0
21.3833333333334 0.0
21.400000000000066 0.0
21.416666666666732 0.0
21.433333333333398 0.0
21.450000000000063 0.0
21.46666666666673 0.0
21.483333333333395 0.0
21.50000000000006 0.0
21.516666666666726 0.0
21.533333333333392 0.0
21.550000000000058 0.0
21.566666666666723 0.0
21.58333333333339 0.0
21.600000000000055 0.0
21.61666666666672 0.0
21.633333333333386 0.0
21.650000000000052 0.0
21.666666666666718 0.0
21.683333333333383 0.0
21.70000000000005 0.0
21.716666666666715 0.0
21.73333333333338 0.0
21.750000000000046 0.0
21.766666666666712 0.0
21.783333333333378 0.0
21.800000000000043 0.0
21.81666666666671 0.0
21.833333333333375 0.0
21.85000000000004 0.0
21.866666666666706 0.0
21.883333333333372 0.0
21.900000000000038 0.0
21.916666666666703 0.0
21.93333333333337 0.0
21.950000000000035 0.0
21.9666666666667 0.0
21.983333333333366 0.0
22.000000000000032 0.0
22.016666666666698 0.0
22.033333333333363 0.0
22.05000000000003 0.0
22.066666666666695 0.0
22.08333333333336 0.0
22.100000000000026 0.0
22.116666666666692 0.0
22.133333333333358 0.0
22.150000000000023 0.0
22.16666666666669 0.0
22.183333333333355 0.0
22.20000000000002 0.0
22.216666666666686 0.0
22.233333333333352 0.0
22.250000000000018 0.0
22.266666666666683 0.0
22.28333333333335 0.0
22.300000000000015 0.0
22.31666666666668 0.0
22.333333333333346 0.0
22.350000000000012 0.0
22.366666666666678 0.0
22.383333333333344 0.0
22.40000000000001 0.0
22.416666666666675 0.0
22.43333333333334 0.0
22.450000000000006 0.0
22.466666666666672 0.0
22.483333333333338 0.0
22.500000000000004 0.0
22.51666666666667 0.0
22.533333333333335 0.0
22.55 0.0
22.566666666666666 0.0
22.583333333333332 0.0
22.599999999999998 0.0
22.616666666666664 0.0
22.63333333333333 0.0
22.649999999999995 0.0
22.66666666666666 0.0
22.683333333333326 0.0
22.699999999999992 0.0
22.716666666666658 0.0
22.733333333333324 0.0
22.74999999999999 0.0
22.766666666666655 0.0
22.78333333333332 0.0
22.799999999999986 0.0
22.816666666666652 0.0
22.833333333333318 0.0
22.849999999999984 0.0
22.86666666666665 0.0
22.883333333333315 0.0
22.89999999999998 0.0
22.916666666666647 0.0
22.933333333333312 0.0
22.949999999999978 0.0
22.966666666666644 0.0
22.98333333333331 0.0
22.999999999999975 0.0
23.01666666666664 0.0
23.033333333333307 0.0
23.049999999999972 0.0
23.066666666666638 0.0
23.083333333333304 0.0
23.09999999999997 0.0
23.116666666666635 0.0
23.1333333333333 0.0
23.149999999999967 0.0
23.166666666666632 0.0
23.183333333333298 0.0
23.199999999999964 0.0
23.21666666666663 0.0
23.233333333333295 0.0
23.24999999999996 0.0
23.266666666666627 0.0
23.283333333333292 0.0
23.299999999999958 0.0
23.316666666666624 0.0
23.33333333333329 0.0
23.349999999999955 0.0
23.36666666666662 0.0
23.383333333333287 0.0
23.399999999999952 0.0
23.416666666666618 0.0
23.433333333333284 0.0
23.44999999999995 0.0
23.466666666666615 0.0
23.48333333333328 0.0
23.499999999999947 0.0
23.516666666666612 0.0
23.533333333333278 0.0
23.549999999999944 0.0
23.56666666666661 0.0
23.583333333333275 0.0
23.59999999999994 0.0
23.616666666666607 0.0
23.633333333333272 0.0
23.649999999999938 0.0
23.666666666666604 0.0
23.68333333333327 0.0
23.699999999999935 0.0
23.7166666666666 0.0
23.733333333333267 0.0
23.749999999999932 0.0
23.766666666666598 0.0
23.783333333333264 0.0
23.79999999999993 0.0
23.816666666666595 0.0
23.83333333333326 0.0
23.849999999999927 0.0
23.866666666666593 0.0
23.88333333333326 0.0
23.899999999999924 0.0
23.91666666666659 0.0
23.933333333333255 0.0
23.94999999999992 0.0
23.966666666666587 0.0
23.983333333333253 0.0
