0 0.0
0.016666666666666666 0.0
0.03333333333333333 0.0
0.05 0.0
0.06666666666666667 0.0
0.08333333333333333 0.0
0.09999999999999999 0.0
0.11666666666666665 0.0
0.13333333333333333 0.0
0.15 0.0
0.16666666666666666 0.0
0.18333333333333332 0.0
0.19999999999999998 0.0
0.21666666666666665 0.0
0.2333333333333333 0.0
0.24999999999999997 0.0
0.26666666666666666 0.0
0.2833333333333333 0.0
0.3 0.0
0.31666666666666665 0.0
0.3333333333333333 0.0
0.35 0.0
0.36666666666666664 0.0
0.3833333333333333 0.0
0.39999999999999997 0.0
0.41666666666666663 0.0
0.4333333333333333 0.0
0.44999999999999996 0.0
0.4666666666666666 0.0
0.4833333333333333 0.0
0.49999999999999994 0.0
0.5166666666666666 0.0
0.5333333333333333 0.0
0.55 0.0
0.5666666666666668 0.0
0.5833333333333335 0.0
0.6000000000000002 0.0
0.6166666666666669 0.0
0.6333333333333336 0.0
0.6500000000000004 0.0
0.6666666666666671 0.0
0.6833333333333338 0.0
0.7000000000000005 0.0
0.7166666666666672 0.0
0.733333333333334 0.0
0.7500000000000007 0.0
0.7666666666666674 0.0
0.7833333333333341 0.0
0.8000000000000008 0.0
0.8166666666666675 0.0
0.8333333333333343 0.0
0.850000000000001 0.0
0.8666666666666677 0.0
0.8833333333333344 0.0
0.9000000000000011 0.0
0.9166666666666679 0.0
0.9333333333333346 0.0
0.9500000000000013 0.0
0.966666666666668 0.0
0.9833333333333347 0.0
1.0000000000000013 0.0
1.016666666666668 0.0
1.0333333333333345 0.0
1.0500000000000012 0.0
1.0666666666666678 0.0
1.0833333333333344 0.0
1.100000000000001 0.0
1.1166666666666676 0.0
1.1333333333333342 0.0
1.1500000000000008 0.0
1.1666666666666674 0.0
1.183333333333334 0.0
1.2000000000000006 0.0
1.2166666666666672 0.0
1.2333333333333338 0.0
1.2500000000000004 0.0
1.266666666666667 0.0
1.2833333333333337 0.0
1.3000000000000003 0.0
1.3166666666666669 0.0
1.3333333333333335 0.0
1.35 0.0
1.3666666666666667 0.0
1.3833333333333333 0.0
1.4 0.0
1.4166666666666665 0.0
1.4333333333333331 0.0
1.4499999999999997 0.0
1.4666666666666663 0.0
1.483333333333333 0.0
1.4999999999999996 0.0
1.5166666666666662 0.0
1.5333333333333328 0.0
1.5499999999999994 0.0
1.566666666666666 0.0
1.5833333333333326 0.0
1.5999999999999992 0.0
1.6166666666666658 0.0
1.6333333333333324 0.0
1.649999999999999 0.0
1.6666666666666656 0.0
1.6833333333333322 0.0
1.6999999999999988 0.0
1.7166666666666655 0.0
1.733333333333332 0.0
1.7499999999999987 0.0
1.7666666666666653 0.0
1.7833333333333319 0.0
1.7999999999999985 0.0
1.816666666666665 0.0
1.8333333333333317 0.0
1.8499999999999983 0.0
1.866666666666665 0.0
1.8833333333333315 0.0
1.8999999999999981 0.0
1.9166666666666647 0.0
1.9333333333333313 0.0
1.949999999999998 0.0
1.9666666666666646 0.0
1.9833333333333312 0.0
1.9999999999999978 0.0
2.0166666666666644 0.0
2.033333333333331 0.0
2.0499999999999976 0.0
2.066666666666664 0.0
2.083333333333331 0.0
2.0999999999999974 0.0
2.116666666666664 0.0
2.1333333333333306 0.0
2.1499999999999972 0.0
2.166666666666664 0.0
2.1833333333333305 0.0
2.199999999999997 0.0
2.2166666666666637 0.0
2.2333333333333303 0.0
2.249999999999997 0.0
2.2666666666666635 0.0
2.28333333333333 0.0
2.2999999999999967 0.0
2.3166666666666633 0.0
2.33333333333333 0.0
2.3499999999999965 0.0
2.366666666666663 0.0
2.3833333333333298 0.0
2.3999999999999964 0.0
2.416666666666663 0.0
2.4333333333333296 0.0
2.449999999999996 0.0
2.466666666666663 0.0
2.4833333333333294 0.0
2.499999999999996 0.0
2.5166666666666626 0.0
2.533333333333329 0.0
2.549999999999996 0.0
2.5666666666666624 0.0
2.583333333333329 0.0
2.5999999999999956 0.0
2.6166666666666623 0.0
2.633333333333329 0.0
2.6499999999999955 0.0
2.666666666666662 0.0
2.6833333333333287 0.0
2.6999999999999953 0.0
2.716666666666662 0.0
2.7333333333333285 0.0
2.749999999999995 0.0
2.7666666666666617 0.0
2.7833333333333283 0.0
2.799999999999995 0.0
2.8166666666666615 0.0
2.833333333333328 0.0
2.8499999999999948 0.0
2.8666666666666614 0.0
2.883333333333328 0.0
2.8999999999999946 0.0
2.916666666666661 0.0
2.933333333333328 0.0
2.9499999999999944 0.0
2.966666666666661 0.0
2.9833333333333276 0.0
2.9999999999999942 0.0
3.016666666666661 0.0
3.0333333333333274 0.0
3.049999999999994 0.0
3.0666666666666607 0.0
3.0833333333333273 0.0
3.099999999999994 0.0
3.1166666666666605 0.0
3.133333333333327 0.0
3.1499999999999937 0.0
3.1666666666666603 0.0
3.183333333333327 0.0
3.1999999999999935 0.0
3.21666666666666 0.0
3.2333333333333267 0.0
3.2499999999999933 0.0
3.26666666666666 0.0
3.2833333333333266 0.0
3.299999999999993 0.0
3.3166666666666598 0.0
3.3333333333333264 0.0
3.349999999999993 0.0
3.3666666666666596 0.0
3.383333333333326 0.0
3.399999999999993 0.0
3.4166666666666594 0.0
3.433333333333326 0.0
3.4499999999999926 0.0
3.4666666666666592 0.0
3.483333333333326 0.0
3.4999999999999925 0.0
3.516666666666659 0.0
3.5333333333333257 0.0
3.5499999999999923 0.0
3.566666666666659 0.0
3.5833333333333255 0.0
3.599999999999992 0.0
3.6166666666666587 0.0
3.6333333333333253 0.0
3.649999999999992 0.0
3.6666666666666585 0.0
3.683333333333325 0.0
3.6999999999999917 0.0
3.7166666666666583 0.0
3.733333333333325 0.0
3.7499999999999916 0.0
3.766666666666658 0.0
3.7833333333333248 0.0
3.7999999999999914 0.0
3.816666666666658 0.0
3.8333333333333246 0.0
3.849999999999991 0.0
3.866666666666658 0.0
3.8833333333333244 0.0
3.899999999999991 0.0
3.9166666666666576 0.0
3.9333333333333242 0.0
3.949999999999991 0.0
3.9666666666666575 0.0
3.983333333333324 0.0
3.9999999999999907 0.0
4.016666666666658 0.0
4.033333333333324 0.0
4.049999999999991 0.0
4.0666666666666575 0.0
4.083333333333324 0.0
4.099999999999991 0.0
4.116666666666657 0.0
4.133333333333324 0.0
4.149999999999991 0.0
4.166666666666657 0.0
4.183333333333324 0.0
4.19999999999999 0.0
4.216666666666657 0.0
4.233333333333324 0.0
4.24999999999999 0.0
4.266666666666657 0.0
4.2833333333333234 0.0
4.29999999999999 0.0
4.316666666666657 0.0
4.333333333333323 0.0
4.34999999999999 0.0
4.3666666666666565 0.0
4.383333333333323 0.0
4.39999999999999 0.0
4.416666666666656 0.0
4.433333333333323 0.0
4.4499999999999895 0.0
4.466666666666656 0.0
4.483333333333323 0.0
4.499999999999989 0.0
4.516666666666656 0.0
4.533333333333323 0.0
4.549999999999989 0.0
4.566666666666656 0.0
4.583333333333322 0.0
4.599999999999989 0.0
4.616666666666656 0.0
4.633333333333322 0.0
4.649999999999989 0.0
4.666666666666655 0.0
4.683333333333322 0.0
4.699999999999989 0.0
4.716666666666655 0.0
4.733333333333322 0.0
4.7499999999999885 0.0
4.766666666666655 0.0
4.783333333333322 0.0
4.799999999999988 0.0
4.816666666666655 0.0
4.8333333333333215 0.0
4.849999999999988 0.0
4.866666666666655 0.0
4.883333333333321 0.0
4.899999999999988 0.0
4.9166666666666545 0.0
4.933333333333321 0.0
4.949999999999988 0.0
4.966666666666654 0.0
4.983333333333321 0.0
4.999999999999988 0.0
5.016666666666654 0.0
5.033333333333321 0.0
5.049999999999987 0.0
5.066666666666654 0.0
5.083333333333321 0.0
5.099999999999987 0.0
5.116666666666654 0.0
5.13333333333332 0.0
5.149999999999987 0.0
5.166666666666654 0.0
5.18333333333332 0.0
5.199999999999987 0.0
5.2166666666666535 0.0
5.23333333333332 0.0
5.249999999999987 0.0
5.266666666666653 0.0
5.28333333333332 0.0
5.2999999999999865 0.0
5.316666666666653 0.0
5.33333333333332 0.0
5.349999999999986 0.0
5.366666666666653 0.0
5.3833333333333195 0.0
5.399999999999986 0.0
5.416666666666653 0.0
5.433333333333319 0.0
5.449999999999986 0.0
5.466666666666653 0.0
5.483333333333319 0.0
5.499999999999986 0.0
5.516666666666652 0.0
5.533333333333319 0.0
5.549999999999986 0.0
5.566666666666652 0.0
5.583333333333319 0.0
5.599999999999985 0.0
5.616666666666652 0.0
5.633333333333319 0.0
5.649999999999985 0.0
5.666666666666652 0.0
5.6833333333333185 0.0
5.699999999999985 0.0
5.716666666666652 0.0
5.733333333333318 0.0
5.749999999999985 0.0
5.7666666666666515 0.0
5.783333333333318 0.0
5.799999999999985 0.0
5.816666666666651 0.0
5.833333333333318 0.0
5.8499999999999845 0.0
5.866666666666651 0.0
5.883333333333318 0.0
5.899999999999984 0.0
5.916666666666651 0.0
5.933333333333318 0.0002309886
5.949999999999984 0.0
5.966666666666651 0.0002309886
5.983333333333317 0.0002309886
5.999999999999984 0.0002309886
6.016666666666651 0.0002309886
6.033333333333317 0.0002309886
6.049999999999984 0.0002309886
6.06666666666665 0.0002309886
6.083333333333317 0.0002309886
6.099999999999984 0.0002309886
6.11666666666665 0.0002309886
6.133333333333317 0.0002309886
6.1499999999999835 0.0002309886
6.16666666666665 0.0004619772
6.183333333333317 0.0004619772
6.199999999999983 0.0004619772
6.21666666666665 0.0004619772
6.2333333333333165 0.0004619772
6.249999999999983 0.0004619772
6.26666666666665 0.0004619772
6.283333333333316 0.00075071295
6.299999999999983 0.00075071295
6.3166666666666496 0.00075071295
6.333333333333316 0.00075071295
6.349999999999983 0.00075071295
6.366666666666649 0.00075071295
6.383333333333316 0.00098170155
6.399999999999983 0.00121269015
6.416666666666649 0.00098170155
6.433333333333316 0.00121269015
6.449999999999982 0.0015014259
6.466666666666649 0.0015014259
6.483333333333316 0.0015014259
6.499999999999982 0.0017324144999999998
6.516666666666649 0.0017324144999999998
6.5333333333333155 0.0019634031
6.549999999999982 0.0019634031
6.566666666666649 0.00248312745
6.583333333333315 0.00225213885
6.599999999999982 0.00248312745
6.6166666666666485 0.0027718632
6.633333333333315 0.0030028518
6.649999999999982 0.0030028518
6.666666666666648 0.0032338404
6.683333333333315 0.0032338404
6.6999999999999815 0.0035225761499999998
6.716666666666648 0.00375356475
6.733333333333315 0.00375356475
6.749999999999981 0.00398455335
6.766666666666648 0.004273289099999999
6.783333333333315 0.004273289099999999
6.799999999999981 0.0045042777
6.816666666666648 0.0045042777
6.833333333333314 0.00479301345
6.849999999999981 0.0050240020499999994
6.866666666666648 0.005254990649999999
6.883333333333314 0.005254990649999999
6.899999999999981 0.0055437264
6.916666666666647 0.005774715
6.933333333333314 0.006063450749999999
6.949999999999981 0.006294439349999999
6.966666666666647 0.00652542795
6.983333333333314 0.0068141637
6.9999999999999805 0.0070451522999999995
7.016666666666647 0.00733388805
7.033333333333314 0.00756487665
7.04999999999998 0.00779586525
7.066666666666647 0.008084601
7.0833333333333135 0.0083155896
7.09999999999998 0.008604325349999999
7.116666666666647 0.00906630255
7.133333333333313 0.0093550383
7.14999999999998 0.0095860269
7.1666666666666465 0.0098170155
7.183333333333313 0.01010575125
7.19999999999998 0.01056772845
7.216666666666646 0.010856464199999999
7.233333333333313 0.0110874528
7.24999999999998 0.01160717715
7.266666666666646 0.011838165749999999
7.283333333333313 0.0123578901
7.299999999999979 0.01287761445
7.316666666666646 0.01310860305
7.333333333333313 0.0133973388
7.349999999999979 0.0136283274
7.366666666666646 0.01414805175
7.383333333333312 0.014379040349999999
7.399999999999979 0.01461002895
7.416666666666646 0.0151297533
7.433333333333312 0.01564947765
7.449999999999979 0.01588046625
7.4666666666666455 0.0166311792
7.483333333333312 0.016919914949999997
7.499999999999979 0.017381892149999998
7.516666666666645 0.0179016165
7.533333333333312 0.01842134085
7.5499999999999785 0.01865232945
7.566666666666645 0.0191720538
7.583333333333312 0.019691778150000002
7.599999999999978 0.020153755349999997
7.616666666666645 0.020673479699999997
7.6333333333333115 0.021193204049999997
7.649999999999978 0.021712928399999998
7.666666666666645 0.02246364135
7.683333333333311 0.0229833657
7.699999999999978 0.0234453429
7.716666666666645 0.02419605585
7.733333333333311 0.0247157802
7.749999999999978 0.025177757399999997
7.766666666666644 0.02592847035
7.783333333333311 0.02615945895
7.799999999999978 0.02673693045
7.816666666666644 0.027198907649999996
7.833333333333311 0.027718631999999997
7.849999999999977 0.028758080699999997
7.866666666666644 0.02950879365
7.883333333333311 0.0304904952
7.899999999999977 0.03124120815
7.916666666666644 0.03228065685
7.9333333333333105 0.0332623584
7.949999999999977 0.0339553242
7.966666666666644 0.0349947729
7.98333333333331 0.03597647445
7.999999999999977 0.036958176
8.016666666666644 0.03770888895
8.033333333333312 0.0384596019
8.04999999999998 0.039556797750000004
8.066666666666647 0.040538499299999996
8.083333333333314 0.041231465099999996
8.099999999999982 0.04198217805
8.11666666666665 0.043252615349999995
8.133333333333317 0.0440033283
8.149999999999984 0.04498502985
8.166666666666652 0.04602447855
8.18333333333332 0.047006180099999996
8.199999999999987 0.047525904449999996
8.216666666666654 0.048507605999999995
8.233333333333322 0.049547054699999996
8.24999999999999 0.05029776765
8.266666666666657 0.0512794692
8.283333333333324 0.0523189179
8.299999999999992 0.05330061945
8.31666666666666 0.05434006815
8.333333333333327 0.055321769699999995
8.349999999999994 0.056361218399999996
8.366666666666662 0.057342919949999994
8.38333333333333 0.0580936329
8.399999999999997 0.0593640702
8.416666666666664 0.06034577174999999
8.433333333333332 0.06138522044999999
8.45 0.062366922
8.466666666666667 0.06334862355
8.483333333333334 0.06461906084999999
8.500000000000002 0.06588949815
8.51666666666667 0.06715993545
8.533333333333337 0.06814163699999999
8.550000000000004 0.06889234995
8.566666666666672 0.07045152299999999
8.58333333333334 0.07120223595
8.600000000000007 0.0724149261
8.616666666666674 0.0734543748
8.633333333333342 0.0749558007
8.65000000000001 0.07593750225
8.666666666666677 0.07674596234999999
8.683333333333344 0.07772766390000001
8.700000000000012 0.07847837684999999
8.71666666666668 0.0792290898
8.733333333333347 0.0804995271
8.750000000000014 0.0822319416
8.766666666666682 0.08379111465
8.78333333333335 0.08477281619999999
8.800000000000017 0.0860432535
8.816666666666684 0.08679396645
8.833333333333352 0.087775668
8.85000000000002 0.0890461053
8.866666666666687 0.09083626695
8.883333333333354 0.0918179685
8.900000000000022 0.093550383
8.91666666666669 0.09482082029999998
8.933333333333357 0.09632224619999999
8.950000000000024 0.09707295915
8.966666666666692 0.0988631208
8.98333333333336 0.09984482235
9.000000000000027 0.10111525964999998
9.016666666666694 0.10238569695
9.033333333333362 0.10365613424999999
9.05000000000003 0.10515756015
9.066666666666697 0.1061392617
9.083333333333364 0.1071787104
9.100000000000032 0.10856464199999999
9.1166666666667 0.11029705649999999
9.133333333333367 0.1117984824
9.150000000000034 0.11364639119999999
9.166666666666702 0.11474358705
9.183333333333369 0.1159562772
9.200000000000037 0.11705347305
9.216666666666704 0.11878588755
9.233333333333372 0.12022956629999998
9.250000000000039 0.1215000036
9.266666666666707 0.12329016524999999
9.283333333333374 0.12461834969999999
9.300000000000042 0.12583103985
9.316666666666709 0.1269282357
9.333333333333377 0.1288916388
9.350000000000044 0.13021982324999998
9.366666666666712 0.1309705362
9.383333333333379 0.1322409735
9.400000000000047 0.13368465224999998
9.416666666666714 0.13449311235
9.433333333333382 0.1357058025
9.450000000000049 0.13714948124999998
9.466666666666717 0.13836217139999998
9.483333333333384 0.1398635973
9.500000000000052 0.14015233305
9.516666666666719 0.14090304599999998
9.533333333333387 0.1417115061
9.550000000000054 0.14367490919999998
9.566666666666721 0.1459847952
9.583333333333389 0.14794819829999997
9.600000000000056 0.1494496242
9.616666666666724 0.15095105009999998
9.633333333333391 0.152452476
9.650000000000059 0.15372291329999999
9.666666666666726 0.1549933506
9.683333333333394 0.15597505215
9.700000000000061 0.15724548945
9.716666666666729 0.15874691535
9.733333333333396 0.16047932985
9.750000000000064 0.1620385029
9.766666666666731 0.1637709174
9.783333333333399 0.16527234329999999
9.800000000000066 0.16677376919999998
9.816666666666734 0.1678132179
9.833333333333401 0.1693146438
9.850000000000069 0.17029634535
9.866666666666736 0.17133579405
9.883333333333404 0.17260623134999997
9.900000000000071 0.17456963445
9.916666666666739 0.17659078469999998
9.933333333333406 0.1780922106
9.950000000000074 0.17988237225
9.966666666666741 0.18242324684999997
9.983333333333409 0.18288522405
10.000000000000076 0.18138379815
10.016666666666744 0.18213451109999998
10.033333333333411 0.18415566135
10.050000000000079 0.18438664994999998
10.066666666666746 0.18415566135
10.083333333333414 0.18692752455
10.100000000000081 0.18969938775
10.116666666666749 0.1934529525
10.133333333333416 0.19420366544999998
10.150000000000084 0.1959938271
10.166666666666751 0.19749525299999998
10.183333333333419 0.19928541465
10.200000000000086 0.20026711619999998
10.216666666666754 0.19951640325
10.233333333333421 0.2004981048
10.250000000000089 0.20101782915
10.266666666666756 0.20228826645
10.283333333333424 0.20430941669999997
10.300000000000091 0.20985314309999997
10.316666666666759 0.2085827058
10.333333333333426 0.20933341875
10.350000000000094 0.20708127989999997
10.366666666666761 0.21060385604999998
10.383333333333429 0.21233627054999998
10.400000000000096 0.2118165462
10.416666666666764 0.2145884094
10.433333333333431 0.21337571924999998
10.450000000000099 0.21256725915
10.466666666666766 0.2143574208
10.483333333333434 0.21510813374999999
10.500000000000101 0.21608983529999998
10.516666666666769 0.21712928399999998
10.533333333333436 0.22042087155
10.550000000000104 0.22238427465
10.566666666666771 0.22267301039999998
10.583333333333439 0.2239434477
10.600000000000106 0.22746602385
10.616666666666774 0.22792800105
10.633333333333441 0.22515613785
10.650000000000109 0.22792800105
10.666666666666776 0.2299491513
10.683333333333444 0.23572386629999997
10.700000000000111 0.23624359065
10.716666666666779 0.23624359065
10.733333333333446 0.23751402795
10.750000000000114 0.23601260204999996
10.766666666666781 0.23699430359999998
10.783333333333449 0.24201830565
10.800000000000116 0.24305775434999996
10.816666666666784 0.24155632844999997
10.833333333333451 0.24455918025
10.850000000000119 0.24704230769999996
10.866666666666786 0.24935219369999997
10.883333333333454 0.24629159474999998
10.900000000000121 0.24883246935
10.916666666666789 0.24958318229999998
10.933333333333456 0.25033389525
10.950000000000124 0.2523550455
10.966666666666791 0.2538564714
10.983333333333459 0.25408746
11.000000000000126 0.25483817295
11.016666666666794 0.25460718434999996
11.033333333333461 0.25437619575
11.050000000000129 0.25841849624999996
11.066666666666796 0.25864948485
11.083333333333464 0.2594001978
11.100000000000131 0.2634424983
11.116666666666799 0.26592562575
11.133333333333466 0.2664453501
11.150000000000134 0.26696507445
11.166666666666801 0.26846650034999997
11.183333333333469 0.2662143615
11.200000000000136 0.26269178535
11.216666666666804 0.26465518845
11.233333333333471 0.26719606305
11.250000000000139 0.26419321125
11.266666666666806 0.27170034075
11.283333333333474 0.26892847755
11.300000000000141 0.2583607491
11.316666666666809 0.25610861025
11.333333333333476 0.2609016237
11.350000000000144 0.262172061
11.366666666666811 0.26269178535
11.383333333333479 0.2654059014
11.400000000000146 0.27019891485
11.416666666666814 0.27678208995
11.433333333333481 0.28226806919999997
11.450000000000149 0.28278779355
11.466666666666816 0.27978494174999996
11.483333333333483 0.2807666433
11.500000000000151 0.27626236559999995
11.516666666666818 0.27597362984999996
11.533333333333486 0.27851450445000003
11.550000000000153 0.2792652174
11.566666666666821 0.28180609199999995
11.583333333333488 0.28255680494999996
11.600000000000156 0.28301878215
11.616666666666823 0.28301878215
11.633333333333491 0.28053565469999997
11.650000000000158 0.27851450445000003
11.666666666666826 0.27978494174999996
11.683333333333493 0.2764933542
11.700000000000161 0.27499192829999997
11.716666666666828 0.27597362984999996
11.733333333333496 0.27672434279999997
11.750000000000163 0.27776379149999997
11.766666666666831 0.27949620599999997
11.783333333333498 0.2850399324
11.800000000000166 0.2860793811
11.816666666666833 0.2820370806
11.833333333333501 0.28382724225
11.850000000000168 0.28555965675
11.866666666666836 0.28024691895
11.883333333333503 0.28151735624999996
11.90000000000017 0.28053565469999997
11.916666666666838 0.27903422879999995
11.933333333333506 0.2792652174
11.950000000000173 0.28226806919999997
11.96666666666684 0.28428921944999996
11.983333333333508 0.29006393444999995
12.000000000000176 0.2920850847
12.016666666666843 0.2943949707
12.03333333333351 0.29237382045
12.050000000000178 0.2905836588
12.066666666666846 0.29260480904999997
12.083333333333513 0.29358651059999996
12.10000000000018 0.29410623495
12.116666666666848 0.29283579764999995
12.133333333333516 0.2920850847
12.150000000000183 0.2946259593
12.16666666666685 0.2918540961
12.183333333333518 0.2920850847
12.200000000000186 0.2961273852
12.216666666666853 0.29664710954999995
12.23333333333352 0.29410623495
12.250000000000188 0.29941897274999996
12.266666666666856 0.3004006743
12.283333333333523 0.2976288111
12.30000000000019 0.2973978225
12.316666666666858 0.2948569479
12.333333333333526 0.29260480904999997
12.350000000000193 0.29006393444999995
12.36666666666686 0.28405823085
12.383333333333528 0.28151735624999996
12.400000000000196 0.28301878215
12.416666666666863 0.27978494174999996
12.43333333333353 0.2764933542
12.450000000000198 0.28128636765000004
12.466666666666866 0.28382724225
12.483333333333533 0.28330751789999997
12.5000000000002 0.293355522
12.516666666666868 0.2886202557
12.533333333333536 0.2848089438
12.550000000000203 0.2830765293
12.56666666666687 0.27978494174999996
12.583333333333538 0.27851450445000003
12.600000000000206 0.27805252725
12.616666666666873 0.27782153865
12.63333333333354 0.27608912415
12.650000000000208 0.27354824955
12.666666666666876 0.27782153865
12.683333333333543 0.2764933542
12.70000000000021 0.27447220395
12.716666666666878 0.2722200651
12.733333333333546 0.2704876506
12.750000000000213 0.2719890765
12.76666666666688 0.273721491
12.783333333333548 0.2722200651
12.800000000000216 0.26038189935
12.816666666666883 0.2594001978
12.83333333333355 0.2568593232
12.850000000000218 0.24629159474999998
12.866666666666886 0.23774501655
12.883333333333553 0.2513155968
12.90000000000022 0.25761003615
12.916666666666888 0.25183532114999996
12.933333333333556 0.25183532114999996
12.950000000000223 0.2568593232
12.96666666666689 0.25333674705
12.983333333333558 0.25911146205
13.000000000000226 0.26315376255
13.016666666666893 0.26719606305
13.03333333333356 0.256397346
13.050000000000228 0.25287476984999996
13.066666666666896 0.20783199285
13.083333333333563 0.18993037634999999
13.10000000000023 0.18265423544999998
13.116666666666898 0.23497315335
13.133333333333566 0.22065186015
13.150000000000233 0.1622694915
13.1666666666669 0.24582961754999996
13.183333333333568 0.25212405689999995
13.200000000000236 0.25258603409999997
13.216666666666903 0.25535789729999997
13.23333333333357 0.25535789729999997
13.250000000000238 0.25761003615
13.266666666666906 0.25864948485
13.283333333333573 0.2538564714
13.30000000000024 0.2523550455
13.316666666666908 0.25535789729999997
13.333333333333576 0.2606706351
13.350000000000243 0.25460718434999996
13.36666666666691 0.23370271604999998
13.383333333333578 0.24479016885
13.400000000000245 0.2538564714
13.416666666666913 0.25483817295
13.43333333333358 0.25460718434999996
13.450000000000248 0.25056488385000003
13.466666666666915 0.24756203205
13.483333333333583 0.25160433255
13.50000000000025 0.25258603409999997
13.516666666666918 0.25333674705
13.533333333333585 0.25183532114999996
13.550000000000253 0.25812976049999997
13.56666666666692 0.2583607491
13.583333333333588 0.26315376255
13.600000000000255 0.2664453501
13.616666666666923 0.26142134805
13.63333333333359 0.2523550455
13.650000000000258 0.24756203205
13.666666666666925 0.24305775434999996
13.683333333333593 0.24305775434999996
13.70000000000026 0.24658033049999997
13.716666666666928 0.23976616679999999
13.733333333333595 0.24074786834999998
13.750000000000263 0.24155632844999997
13.76666666666693 0.24582961754999996
13.783333333333598 0.25010290665
13.800000000000265 0.25033389525
13.816666666666933 0.24831274499999997
13.8333333333336 0.24328874295
13.850000000000268 0.2480817564
13.866666666666935 0.23220129015
13.883333333333603 0.22942942695
13.90000000000027 0.23347172745
13.916666666666938 0.23121958859999997
13.933333333333605 0.23295200309999997
13.950000000000273 0.2382647409
13.96666666666694 0.23797600515
13.983333333333608 0.23797600515
14.000000000000275 0.23173931294999997
14.016666666666943 0.2282167368
14.03333333333361 0.2299491513
14.050000000000278 0.23324073884999996
14.066666666666945 0.23445342899999996
14.083333333333613 0.2327210145
14.10000000000028 0.2327210145
14.116666666666948 0.23069986425
14.133333333333615 0.22942942695
14.150000000000283 0.2284477254
14.16666666666695 0.22342372335
14.183333333333618 0.2241744363
14.200000000000285 0.22313498759999997
14.216666666666953 0.22267301039999998
14.23333333333362 0.22192229745
14.250000000000288 0.22215328604999998
14.266666666666955 0.22365471195
14.283333333333623 0.22365471195
14.30000000000029 0.222903999
14.316666666666958 0.2186307099
14.333333333333625 0.2141264322
14.350000000000293 0.21562785809999999
14.36666666666696 0.20702353275
14.383333333333628 0.20454040529999998
14.400000000000295 0.16278921585
14.416666666666963 0.13258745639999997
14.43333333333363 0.13611003255
14.450000000000298 0.10642799744999999
14.466666666666965 0.107409699
14.483333333333633 0.1424044719
14.5000000000003 0.11520556425
14.516666666666968 0.10966183785
14.533333333333635 0.09834339645
14.550000000000303 0.09534054465
14.56666666666697 0.09482082029999998
14.583333333333638 0.09759268349999999
14.600000000000305 0.1086801363
14.616666666666973 0.1086801363
14.63333333333364 0.10036454669999999
14.650000000000308 0.09707295915
14.666666666666975 0.09759268349999999
14.683333333333643 0.09684197055
14.70000000000031 0.09407010735
14.716666666666978 0.0960912576
14.733333333333645 0.107409699
14.750000000000313 0.10943084924999999
14.76666666666698 0.16579206764999999
14.783333333333648 0.16400190599999998
14.800000000000315 0.1763597961
14.816666666666983 0.17560908314999998
14.83333333333365 0.1735879329
14.850000000000318 0.15020033715
14.866666666666985 0.1776302334
14.883333333333653 0.18288522405
14.90000000000032 0.1834049484
14.916666666666988 0.18161478674999998
14.933333333333655 0.17861193495
14.950000000000323 0.1753203474
14.96666666666699 0.1708160697
14.983333333333658 0.16527234329999999
15.000000000000325 0.16024834124999998
15.016666666666993 0.1368607455
15.03333333333366 0.14338617345
15.050000000000328 0.13206773205
15.066666666666995 0.13183674345
15.083333333333663 0.16278921585
15.10000000000033 0.1648103661
15.116666666666998 0.16302020444999998
15.133333333333665 0.1272747186
15.150000000000333 0.1396326087
15.166666666667 0.1567257651
15.183333333333668 0.16076806559999998
15.200000000000335 0.16001735265
15.216666666667003 0.15897790395
15.23333333333367 0.1552243392
15.250000000000338 0.1496806128
15.266666666667005 0.1469087496
15.283333333333672 0.12248170515
15.30000000000034 0.14211573614999998
15.316666666667007 0.14038332165
15.333333333333675 0.1426354605
15.350000000000342 0.1343198709
15.36666666666701 0.12098027925
15.383333333333677 0.1298155932
15.400000000000345 0.11999857769999998
15.416666666667012 0.1086801363
15.43333333333368 0.10088427105
15.450000000000347 0.09811240785
15.466666666667015 0.09707295915
15.483333333333682 0.08956582965
15.50000000000035 0.07016278725
15.516666666667017 0.0555527583
15.533333333333685 0.05029776765
15.550000000000352 0.04602447855
15.56666666666702 0.04302162675
15.583333333333687 0.040711740749999996
15.600000000000355 0.0394990506
15.616666666667022 0.0394990506
15.63333333333369 0.04302162675
15.650000000000357 0.0452737656
15.666666666667025 0.0520879293
15.683333333333692 0.05561050544999999
15.70000000000036 0.055321769699999995
15.716666666667027 0.0525499065
15.733333333333695 0.0510484806
15.750000000000362 0.0525499065
15.76666666666703 0.056361218399999996
15.783333333333697 0.0608654961
15.800000000000365 0.06640922249999999
15.816666666667032 0.07270366184999999
15.8333333333337 0.06993179865
15.850000000000367 0.0747248121
15.866666666667035 0.0764572266
15.883333333333702 0.07293465044999999
15.90000000000037 0.05861335724999999
15.916666666667037 0.05179919355
15.933333333333705 0.047525904449999996
15.950000000000372 0.04452305265
15.96666666666704 0.04198217805
15.983333333333707 0.039210314850000004
16.000000000000373 0.0367271874
16.01666666666704 0.034706037149999994
16.033333333333704 0.0329158755
16.05000000000037 0.0316454382
16.066666666667036 0.03043274805
16.0833333333337 0.02916231075
16.100000000000367 0.027891873449999997
16.116666666667033 0.02662143615
16.1333333333337 0.0256397346
16.150000000000365 0.024600285899999998
16.16666666666703 0.023849572949999998
16.183333333333696 0.02338759575
16.20000000000036 0.0228678714
16.216666666667027 0.02234814705
16.233333333333693 0.02211715845
16.25000000000036 0.021886169849999998
16.266666666667025 0.02211715845
16.28333333333369 0.02211715845
16.300000000000356 0.0226368828
16.31666666666702 0.0228678714
16.333333333333687 0.02338759575
16.350000000000353 0.023849572949999998
16.36666666666702 0.024138308699999996
16.383333333333685 0.0243692973
16.40000000000035 0.02488902165
16.416666666667016 0.025120010249999998
16.43333333333368 0.0256397346
16.450000000000347 0.0256397346
16.466666666667013 0.0256397346
16.48333333333368 0.0258707232
16.500000000000345 0.02615945895
16.51666666666701 0.0269101719
16.533333333333676 0.027891873449999997
16.55000000000034 0.02916231075
16.566666666667007 0.03089472525
16.583333333333673 0.03193417395
16.60000000000034 0.03216516255
16.616666666667005 0.03216516255
16.63333333333367 0.03216516255
16.650000000000336 0.0329158755
16.666666666667002 0.034417301399999996
16.683333333333668 0.03643845165
16.700000000000333 0.0382286133
16.716666666667 0.0394990506
16.733333333333665 0.03996102779999999
16.75000000000033 0.04302162675
16.766666666666996 0.049027330349999995
16.783333333333662 0.0497780433
16.800000000000328 0.05052875625
16.816666666666993 0.050817492
16.83333333333366 0.05203018215
16.850000000000325 0.0523189179
16.86666666666699 0.05179919355
16.883333333333656 0.05203018215
16.900000000000322 0.0510484806
16.916666666666988 0.04925831895
16.933333333333653 0.047525904449999996
16.95000000000032 0.047006180099999996
16.966666666666985 0.0457357428
16.98333333333365 0.04475404125
17.000000000000316 0.043252615349999995
17.016666666666982 0.04198217805
17.033333333333648 0.0414624537
17.050000000000313 0.04048075214999999
17.06666666666698 0.0394990506
17.083333333333645 0.034417301399999996
17.10000000000031 0.03066373665
17.116666666666976 0.02939329935
17.133333333333642 0.0296820351
17.150000000000308 0.03193417395
17.166666666666973 0.031183461
17.18333333333364 0.03089472525
17.200000000000305 0.03066373665
17.21666666666697 0.0269101719
17.233333333333636 0.0256397346
17.250000000000302 0.024138308699999996
17.266666666666968 0.02338759575
17.283333333333633 0.02234814705
17.3000000000003 0.020615732549999998
17.316666666666965 0.0188255709
17.33333333333363 0.017555133599999998
17.350000000000296 0.016342443449999997
17.366666666666962 0.0155917305
17.383333333333628 0.01484101755
17.400000000000293 0.0143212932
17.41666666666696 0.014032557449999998
17.433333333333625 0.0143212932
17.45000000000029 0.0132818445
17.466666666666956 0.0130508559
17.483333333333622 0.01253113155
17.500000000000288 0.012300142949999999
17.516666666666953 0.011780418599999998
17.53333333333362 0.01154943
17.550000000000285 0.011029705649999999
17.56666666666695 0.01079871705
17.583333333333616 0.0102789927
17.600000000000282 0.009759268350000001
17.616666666666948 0.00952827975
17.633333333333614 0.00929729115
17.65000000000028 0.00929729115
17.666666666666945 0.008777566799999999
17.68333333333361 0.008546578199999998
17.700000000000276 0.008546578199999998
17.716666666666942 0.008257842449999999
17.733333333333608 0.00802685385
17.750000000000274 0.00802685385
17.76666666666694 0.0077381181
17.783333333333605 0.00779586525
17.80000000000027 0.0075071295
17.816666666666936 0.00779586525
17.833333333333602 0.0075071295
17.850000000000268 0.007276140899999999
17.866666666666934 0.0075071295
17.8833333333336 0.007276140899999999
17.900000000000265 0.007276140899999999
17.91666666666693 0.00698740515
17.933333333333596 0.00675641655
17.950000000000262 0.00675641655
17.966666666666928 0.00675641655
17.983333333333594 0.00675641655
18.00000000000026 0.00652542795
18.016666666666925 0.00652542795
18.03333333333359 0.0062366921999999995
18.050000000000257 0.0060057036
18.066666666666922 0.0060057036
18.083333333333588 0.005774715
18.100000000000254 0.00548597925
18.11666666666692 0.00548597925
18.133333333333585 0.005254990649999999
18.15000000000025 0.005254990649999999
18.166666666666917 0.0047352663
18.183333333333582 0.0047352663
18.200000000000248 0.0045042777
18.216666666666914 0.004215541949999999
18.23333333333358 0.004215541949999999
18.250000000000245 0.004215541949999999
18.26666666666691 0.00398455335
18.283333333333577 0.00375356475
18.300000000000242 0.0034648289999999996
18.316666666666908 0.0034648289999999996
18.333333333333574 0.0032338404
18.35000000000024 0.0032338404
18.366666666666905 0.0030028518
18.38333333333357 0.0030028518
18.400000000000237 0.0030028518
18.416666666666902 0.0027141160499999997
18.433333333333568 0.00248312745
18.450000000000234 0.00248312745
18.4666666666669 0.00225213885
18.483333333333565 0.0019634031
18.50000000000023 0.0017324144999999998
18.516666666666897 0.0017324144999999998
18.533333333333562 0.0017324144999999998
18.550000000000228 0.0015014259
18.566666666666894 0.0015014259
18.58333333333356 0.0015014259
18.600000000000225 0.00121269015
18.61666666666689 0.00121269015
18.633333333333557 0.00098170155
18.650000000000222 0.00098170155
18.666666666666888 0.00098170155
18.683333333333554 0.00098170155
18.70000000000022 0.0
18.716666666666885 0.0
18.73333333333355 0.0
18.750000000000217 0.0
18.766666666666882 0.0
18.783333333333548 0.0
18.800000000000214 0.0
18.81666666666688 0.0
18.833333333333545 0.0
18.85000000000021 0.0
18.866666666666877 0.0004619772
18.883333333333542 0.0004619772
18.900000000000208 0.0004619772
18.916666666666874 0.0004619772
18.93333333333354 0.0004619772
18.950000000000205 0.0004619772
18.96666666666687 0.0004619772
18.983333333333537 0.0002309886
19.000000000000203 0.0004619772
19.01666666666687 0.0002309886
19.033333333333534 0.0002309886
19.0500000000002 0.0002309886
19.066666666666865 0.0002309886
19.08333333333353 0.0002309886
19.100000000000197 0.0
19.116666666666863 0.0002309886
19.13333333333353 0.0002309886
19.150000000000194 0.0002309886
19.16666666666686 0.0002309886
19.183333333333525 0.0002309886
19.20000000000019 0.0002309886
19.216666666666857 0.0
19.233333333333523 0.0002309886
19.25000000000019 0.0
19.266666666666854 0.0
19.28333333333352 0.0
19.300000000000185 0.0
19.31666666666685 0.0
19.333333333333517 0.0
19.350000000000183 0.0
19.36666666666685 0.0002309886
19.383333333333514 0.0
19.40000000000018 0.0
19.416666666666845 0.0
19.43333333333351 0.0
19.450000000000177 0.0
19.466666666666843 0.0
19.48333333333351 0.0
19.500000000000174 0.0
19.51666666666684 0.0
19.533333333333506 0.0
19.55000000000017 0.0
19.566666666666837 0.0
19.583333333333503 0.0
19.60000000000017 0.0
19.616666666666834 0.0
19.6333333333335 0.0
19.650000000000166 0.0
19.66666666666683 0.0
19.683333333333497 0.0
19.700000000000163 0.0
19.71666666666683 0.0
19.733333333333494 0.0
19.75000000000016 0.0
19.766666666666826 0.0
19.78333333333349 0.0
19.800000000000157 0.0
19.816666666666823 0.0
19.83333333333349 0.0
19.850000000000154 0.0
19.86666666666682 0.0
19.883333333333486 0.0
19.90000000000015 0.0
19.916666666666817 0.0
19.933333333333483 0.0
19.95000000000015 0.0
19.966666666666814 0.0
19.98333333333348 0.0
20.000000000000146 0.0
20.01666666666681 0.0
20.033333333333477 0.0
20.050000000000143 0.0
20.06666666666681 0.0
20.083333333333474 0.0
20.10000000000014 0.0
20.116666666666806 0.0
20.13333333333347 0.0
20.150000000000137 0.0
20.166666666666803 0.0
20.18333333333347 0.0
20.200000000000134 0.0
20.2166666666668 0.0
20.233333333333466 0.0
20.25000000000013 0.0
20.266666666666797 0.0
20.283333333333463 0.0
20.30000000000013 0.0
20.316666666666794 0.0
20.33333333333346 0.0
20.350000000000126 0.0
20.36666666666679 0.0
20.383333333333457 0.0
20.400000000000123 0.0
20.41666666666679 0.0
20.433333333333454 0.0
20.45000000000012 0.0
20.466666666666786 0.0
20.48333333333345 0.0
20.500000000000117 0.0
20.516666666666783 0.0
20.53333333333345 0.0
20.550000000000114 0.0
20.56666666666678 0.0
20.583333333333446 0.0
20.60000000000011 0.0
20.616666666666777 0.0
20.633333333333443 0.0
20.65000000000011 0.0
20.666666666666774 0.0
20.68333333333344 0.0
20.700000000000106 0.0
20.71666666666677 0.0
20.733333333333437 0.0
20.750000000000103 0.0
20.76666666666677 0.0
20.783333333333434 0.0
20.8000000000001 0.0
20.816666666666766 0.0
20.83333333333343 0.0
20.850000000000097 0.0
20.866666666666763 0.0
20.88333333333343 0.0
20.900000000000095 0.0
20.91666666666676 0.0
20.933333333333426 0.0
20.95000000000009 0.0
20.966666666666757 0.0
20.983333333333423 0.0
21.00000000000009 0.0
21.016666666666755 0.0
21.03333333333342 0.0
21.050000000000086 0.0
21.06666666666675 0.0
21.083333333333417 0.0
21.100000000000083 0.0
21.11666666666675 0.0
21.133333333333415 0.0
21.15000000000008 0.0
21.166666666666746 0.0
21.18333333333341 0.0
21.200000000000077 0.0
21.216666666666743 0.0
21.23333333333341 0.0
21.250000000000075 0.0
21.26666666666674 0.0
21.283333333333406 0.0
21.30000000000007 0.0
21.316666666666737 0.0
21.333333333333403 0.0
21.35000000000007 0.0
21.366666666666735 0.0
21.3833333333334 0.0
21.400000000000066 0.0
21.416666666666732 0.0
21.433333333333398 0.0
21.450000000000063 0.0
21.46666666666673 0.0
21.483333333333395 0.0
21.50000000000006 0.0
21.516666666666726 0.0
21.533333333333392 0.0
21.550000000000058 0.0
21.566666666666723 0.0
21.58333333333339 0.0
21.600000000000055 0.0
21.61666666666672 0.0
21.633333333333386 0.0
21.650000000000052 0.0
21.666666666666718 0.0
21.683333333333383 0.0
21.70000000000005 0.0
21.716666666666715 0.0
21.73333333333338 0.0
21.750000000000046 0.0
21.766666666666712 0.0
21.783333333333378 0.0
21.800000000000043 0.0
21.81666666666671 0.0
21.833333333333375 0.0
21.85000000000004 0.0
21.866666666666706 0.0
21.883333333333372 0.0
21.900000000000038 0.0
21.916666666666703 0.0
21.93333333333337 0.0
21.950000000000035 0.0
21.9666666666667 0.0
21.983333333333366 0.0
22.000000000000032 0.0
22.016666666666698 0.0
22.033333333333363 0.0
22.05000000000003 0.0
22.066666666666695 0.0
22.08333333333336 0.0
22.100000000000026 0.0
22.116666666666692 0.0
22.133333333333358 0.0
22.150000000000023 0.0
22.16666666666669 0.0
22.183333333333355 0.0
22.20000000000002 0.0
22.216666666666686 0.0
22.233333333333352 0.0
22.250000000000018 0.0
22.266666666666683 0.0
22.28333333333335 0.0
22.300000000000015 0.0
22.31666666666668 0.0
22.333333333333346 0.0
22.350000000000012 0.0
22.366666666666678 0.0
22.383333333333344 0.0
22.40000000000001 0.0
22.416666666666675 0.0
22.43333333333334 0.0
22.450000000000006 0.0
22.466666666666672 0.0
22.483333333333338 0.0
22.500000000000004 0.0
22.51666666666667 0.0
22.533333333333335 0.0
22.55 0.0
22.566666666666666 0.0
22.583333333333332 0.0
22.599999999999998 0.0
22.616666666666664 0.0
22.63333333333333 0.0
22.649999999999995 0.0
22.66666666666666 0.0
22.683333333333326 0.0
22.699999999999992 0.0
22.716666666666658 0.0
22.733333333333324 0.0
22.74999999999999 0.0
22.766666666666655 0.0
22.78333333333332 0.0
22.799999999999986 0.0
22.816666666666652 0.0
22.833333333333318 0.0
22.849999999999984 0.0
22.86666666666665 0.0
22.883333333333315 0.0
22.89999999999998 0.0
22.916666666666647 0.0
22.933333333333312 0.0
22.949999999999978 0.0
22.966666666666644 0.0
22.98333333333331 0.0
22.999999999999975 0.0
23.01666666666664 0.0
23.033333333333307 0.0
23.049999999999972 0.0
23.066666666666638 0.0
23.083333333333304 0.0
23.09999999999997 0.0
23.116666666666635 0.0
23.1333333333333 0.0
23.149999999999967 0.0
23.166666666666632 0.0
23.183333333333298 0.0
23.199999999999964 0.0
23.21666666666663 0.0
23.233333333333295 0.0
23.24999999999996 0.0
23.266666666666627 0.0
23.283333333333292 0.0
23.299999999999958 0.0
23.316666666666624 0.0
23.33333333333329 0.0
23.349999999999955 0.0
23.36666666666662 0.0
23.383333333333287 0.0
23.399999999999952 0.0
23.416666666666618 0.0
23.433333333333284 0.0
23.44999999999995 0.0
23.466666666666615 0.0
23.48333333333328 0.0
23.499999999999947 0.0
23.516666666666612 0.0
23.533333333333278 0.0
23.549999999999944 0.0
23.56666666666661 0.0
23.583333333333275 0.0
23.59999999999994 0.0
23.616666666666607 0.0
23.633333333333272 0.0
23.649999999999938 0.0
23.666666666666604 0.0
23.68333333333327 0.0
23.699999999999935 0.0
23.7166666666666 0.0
23.733333333333267 0.0
23.749999999999932 0.0
23.766666666666598 0.0
23.783333333333264 0.0
23.79999999999993 0.0
23.816666666666595 0.0
23.83333333333326 0.0
23.849999999999927 0.0
23.866666666666593 0.0
23.88333333333326 0.0
23.899999999999924 0.0
23.91666666666659 0.0
23.933333333333255 0.0
23.94999999999992 0.0
23.966666666666587 0.0
23.983333333333253 0.0
