   0.00000000       0.00000000    
   1.66660007E-02   0.00000000    
   3.33320014E-02   0.00000000    
   4.99980003E-02   0.00000000    
   6.66640028E-02   0.00000000    
   8.33300054E-02   0.00000000    
   9.99960080E-02   0.00000000    
  0.116662011       0.00000000    
  0.133328006       0.00000000    
  0.149994001       0.00000000    
  0.166659996       0.00000000    
  0.183325991       0.00000000    
  0.199991986       0.00000000    
  0.216657981       0.00000000    
  0.233323976       0.00000000    
  0.249989972       0.00000000    
  0.266655982       0.00000000    
  0.283321977       0.00000000    
  0.299987972       0.00000000    
  0.316653967       0.00000000    
  0.333319962       0.00000000    
  0.349985957       0.00000000    
  0.366651952       0.00000000    
  0.383317947       0.00000000    
  0.399983943       0.00000000    
  0.416649938       0.00000000    
  0.433315933       0.00000000    
  0.449981928       0.00000000    
  0.466647923       0.00000000    
  0.483313918       0.00000000    
  0.499979913       0.00000000    
  0.516645908       0.00000000    
  0.533311903       0.00000000    
  0.549977899       0.00000000    
  0.566643894       0.00000000    
  0.583309889       0.00000000    
  0.599975884       0.00000000    
  0.616641879       0.00000000    
  0.633307874       0.00000000    
  0.649973869       0.00000000    
  0.666639864       0.00000000    
  0.683305860       0.00000000    
  0.699971855       0.00000000    
  0.716637850       0.00000000    
  0.733303845       0.00000000    
  0.749969840       0.00000000    
  0.766635835       0.00000000    
  0.783301830       0.00000000    
  0.799967825       0.00000000    
  0.816633821       0.00000000    
  0.833299816       0.00000000    
  0.849965811       0.00000000    
  0.866631806       0.00000000    
  0.883297801       0.00000000    
  0.899963796       0.00000000    
  0.916629791       0.00000000    
  0.933295786       0.00000000    
  0.949961782       0.00000000    
  0.966627777       0.00000000    
  0.983293772       0.00000000    
  0.999959767       0.00000000    
   1.01662576       0.00000000    
   1.03329182       0.00000000    
   1.04995787       0.00000000    
   1.06662393       0.00000000    
   1.08328998       0.00000000    
   1.09995604       0.00000000    
   1.11662209       0.00000000    
   1.13328815       0.00000000    
   1.14995420       0.00000000    
   1.16662025       0.00000000    
   1.18328631       0.00000000    
   1.19995236       0.00000000    
   1.21661842       0.00000000    
   1.23328447       0.00000000    
   1.24995053       0.00000000    
   1.26661658       0.00000000    
   1.28328264       0.00000000    
   1.29994869       0.00000000    
   1.31661475       0.00000000    
   1.33328080       0.00000000    
   1.34994686       0.00000000    
   1.36661291       0.00000000    
   1.38327897       0.00000000    
   1.39994502       0.00000000    
   1.41661108       0.00000000    
   1.43327713       0.00000000    
   1.44994318       0.00000000    
   1.46660924       0.00000000    
   1.48327529       0.00000000    
   1.49994135       0.00000000    
   1.51660740       0.00000000    
   1.53327346       0.00000000    
   1.54993951       0.00000000    
   1.56660557       0.00000000    
   1.58327162       0.00000000    
   1.59993768       0.00000000    
   1.61660373       0.00000000    
   1.63326979       0.00000000    
   1.64993584       0.00000000    
   1.66660190       0.00000000    
   1.68326795       0.00000000    
   1.69993401       0.00000000    
   1.71660006       0.00000000    
   1.73326612       0.00000000    
   1.74993217       0.00000000    
   1.76659822       0.00000000    
   1.78326428       0.00000000    
   1.79993033       0.00000000    
   1.81659639       0.00000000    
   1.83326244       0.00000000    
   1.84992850       0.00000000    
   1.86659455       0.00000000    
   1.88326061       0.00000000    
   1.89992666       0.00000000    
   1.91659272       0.00000000    
   1.93325877       0.00000000    
   1.94992483       0.00000000    
   1.96659088       0.00000000    
   1.98325694       0.00000000    
   1.99992299       0.00000000    
   2.01658893       0.00000000    
   2.03325486       0.00000000    
   2.04992080       0.00000000    
   2.06658673       0.00000000    
   2.08325267       0.00000000    
   2.09991860       0.00000000    
   2.11658454       0.00000000    
   2.13325047       0.00000000    
   2.14991641       0.00000000    
   2.16658235       0.00000000    
   2.18324828       0.00000000    
   2.19991422       0.00000000    
   2.21658015       0.00000000    
   2.23324609       0.00000000    
   2.24991202       0.00000000    
   2.26657796       0.00000000    
   2.28324389       0.00000000    
   2.29990983       0.00000000    
   2.31657577       0.00000000    
   2.33324170       0.00000000    
   2.34990764       0.00000000    
   2.36657357       0.00000000    
   2.38323951       0.00000000    
   2.39990544       0.00000000    
   2.41657138       0.00000000    
   2.43323731       0.00000000    
   2.44990325       0.00000000    
   2.46656919       0.00000000    
   2.48323512       0.00000000    
   2.49990106       0.00000000    
   2.51656699       0.00000000    
   2.53323293       0.00000000    
   2.54989886       0.00000000    
   2.56656480       0.00000000    
   2.58323073       0.00000000    
   2.59989667       0.00000000    
   2.61656260       0.00000000    
   2.63322854       0.00000000    
   2.64989448       0.00000000    
   2.66656041       0.00000000    
   2.68322635       0.00000000    
   2.69989228       0.00000000    
   2.71655822       0.00000000    
   2.73322415       0.00000000    
   2.74989009       0.00000000    
   2.76655602       0.00000000    
   2.78322196       0.00000000    
   2.79988790       0.00000000    
   2.81655383       0.00000000    
   2.83321977       0.00000000    
   2.84988570       0.00000000    
   2.86655164       0.00000000    
   2.88321757       0.00000000    
   2.89988351       0.00000000    
   2.91654944       0.00000000    
   2.93321538       0.00000000    
   2.94988132       0.00000000    
   2.96654725       0.00000000    
   2.98321319       0.00000000    
   2.99987912       0.00000000    
   3.01654506       0.00000000    
   3.03321099       0.00000000    
   3.04987693       0.00000000    
   3.06654286       0.00000000    
   3.08320880       0.00000000    
   3.09987473       0.00000000    
   3.11654067       0.00000000    
   3.13320661       0.00000000    
   3.14987254       0.00000000    
   3.16653848       0.00000000    
   3.18320441       0.00000000    
   3.19987035       0.00000000    
   3.21653628       0.00000000    
   3.23320222       0.00000000    
   3.24986815       0.00000000    
   3.26653409       0.00000000    
   3.28320003       0.00000000    
   3.29986596       0.00000000    
   3.31653190       0.00000000    
   3.33319783       0.00000000    
   3.34986377       0.00000000    
   3.36652970       0.00000000    
   3.38319564       0.00000000    
   3.39986157       0.00000000    
   3.41652751       0.00000000    
   3.43319345       0.00000000    
   3.44985938       0.00000000    
   3.46652532       0.00000000    
   3.48319125       0.00000000    
   3.49985719       0.00000000    
   3.51652312       0.00000000    
   3.53318906       0.00000000    
   3.54985499       0.00000000    
   3.56652093       0.00000000    
   3.58318686       0.00000000    
   3.59985280       0.00000000    
   3.61651874       0.00000000    
   3.63318467       0.00000000    
   3.64985061       0.00000000    
   3.66651654       0.00000000    
   3.68318248       0.00000000    
   3.69984841       0.00000000    
   3.71651435       0.00000000    
   3.73318028       0.00000000    
   3.74984622       0.00000000    
   3.76651216       0.00000000    
   3.78317809       0.00000000    
   3.79984403       0.00000000    
   3.81650996       0.00000000    
   3.83317590       0.00000000    
   3.84984183       0.00000000    
   3.86650777       0.00000000    
   3.88317370       0.00000000    
   3.89983964       0.00000000    
   3.91650558       0.00000000    
   3.93317151       0.00000000    
   3.94983745       0.00000000    
   3.96650338       0.00000000    
   3.98316932       0.00000000    
   3.99983525       0.00000000    
   4.01650143       0.00000000    
   4.03316736       0.00000000    
   4.04983330       0.00000000    
   4.06649923       0.00000000    
   4.08316517       0.00000000    
   4.09983110       0.00000000    
   4.11649704       0.00000000    
   4.13316298       0.00000000    
   4.14982891       0.00000000    
   4.16649485       0.00000000    
   4.18316078       0.00000000    
   4.19982672       0.00000000    
   4.21649265       0.00000000    
   4.23315859       0.00000000    
   4.24982452       0.00000000    
   4.26649046       0.00000000    
   4.28315639       0.00000000    
   4.29982233       0.00000000    
   4.31648827       0.00000000    
   4.33315420       0.00000000    
   4.34982014       0.00000000    
   4.36648607       0.00000000    
   4.38315201       0.00000000    
   4.39981794       0.00000000    
   4.41648388       0.00000000    
   4.43314981       0.00000000    
   4.44981575       0.00000000    
   4.46648169       0.00000000    
   4.48314762       0.00000000    
   4.49981356       0.00000000    
   4.51647949       0.00000000    
   4.53314543       0.00000000    
   4.54981136       0.00000000    
   4.56647730       0.00000000    
   4.58314323       0.00000000    
   4.59980917       0.00000000    
   4.61647511       0.00000000    
   4.63314104       0.00000000    
   4.64980698       0.00000000    
   4.66647291       0.00000000    
   4.68313885       0.00000000    
   4.69980478       0.00000000    
   4.71647072       0.00000000    
   4.73313665       0.00000000    
   4.74980259       0.00000000    
   4.76646852       0.00000000    
   4.78313446       0.00000000    
   4.79980040       0.00000000    
   4.81646633       0.00000000    
   4.83313227       0.00000000    
   4.84979820       0.00000000    
   4.86646414       0.00000000    
   4.88313007       0.00000000    
   4.89979601       0.00000000    
   4.91646194       0.00000000    
   4.93312788       0.00000000    
   4.94979382       0.00000000    
   4.96645975       0.00000000    
   4.98312569       0.00000000    
   4.99979162       0.00000000    
   5.01645756       0.00000000    
   5.03312349       0.00000000    
   5.04978943       0.00000000    
   5.06645536       0.00000000    
   5.08312130       0.00000000    
   5.09978724       0.00000000    
   5.11645317       0.00000000    
   5.13311911       0.00000000    
   5.14978504       0.00000000    
   5.16645098       0.00000000    
   5.18311691       0.00000000    
   5.19978285       0.00000000    
   5.21644878       0.00000000    
   5.23311472       0.00000000    
   5.24978065       0.00000000    
   5.26644659       0.00000000    
   5.28311253       0.00000000    
   5.29977846       0.00000000    
   5.31644440       0.00000000    
   5.33311033       0.00000000    
   5.34977627       0.00000000    
   5.36644220       0.00000000    
   5.38310814       0.00000000    
   5.39977407       0.00000000    
   5.41644001       0.00000000    
   5.43310595       0.00000000    
   5.44977188       0.00000000    
   5.46643782       0.00000000    
   5.48310375       0.00000000    
   5.49976969       0.00000000    
   5.51643562       0.00000000    
   5.53310156       0.00000000    
   5.54976749       0.00000000    
   5.56643343       0.00000000    
   5.58309937       0.00000000    
   5.59976530       0.00000000    
   5.61643124       0.00000000    
   5.63309717       0.00000000    
   5.64976311       0.00000000    
   5.66642904       0.00000000    
   5.68309498       0.00000000    
   5.69976091       0.00000000    
   5.71642685       0.00000000    
   5.73309278       0.00000000    
   5.74975872       0.00000000    
   5.76642466       0.00000000    
   5.78309059       0.00000000    
   5.79975653       0.00000000    
   5.81642246       0.00000000    
   5.83308840       0.00000000    
   5.84975433       0.00000000    
   5.86642027       0.00000000    
   5.88308620       0.00000000    
   5.89975214       0.00000000    
   5.91641808       0.00000000    
   5.93308401       0.00000000    
   5.94974995       0.00000000    
   5.96641588       0.00000000    
   5.98308182       0.00000000    
   5.99974775       0.00000000    
   6.01641369       0.00000000    
   6.03307962       0.00000000    
   6.04974556       0.00000000    
   6.06641150       0.00000000    
   6.08307743       0.00000000    
   6.09974337       0.00000000    
   6.11640930       0.00000000    
   6.13307524       0.00000000    
   6.14974117       0.00000000    
   6.16640711       0.00000000    
   6.18307304       0.00000000    
   6.19973898       0.00000000    
   6.21640491       0.00000000    
   6.23307085       0.00000000    
   6.24973679       0.00000000    
   6.26640272       0.00000000    
   6.28306866       0.00000000    
   6.29973459       4.19999994E-31
   6.31640053       1.50999998E-24
   6.33306646       6.58500003E-20
   6.34973240       4.68700017E-16
   6.36639833       4.03900004E-12
   6.38306427       7.24599991E-10
   6.39973021       7.63700037E-09
   6.41639614       3.33300001E-08
   6.43306208       8.41899990E-08
   6.44972801       1.76100002E-07
   6.46639395       3.41000003E-07
   6.48305988       6.13800012E-07
   6.49972582       1.02800004E-06
   6.51639175       1.62100002E-06
   6.53305769       2.43199997E-06
   6.54972363       3.42099997E-06
   6.56638956       4.80400013E-06
   6.58305550       6.45199998E-06
   6.59972143       8.57800023E-06
   6.61638737       1.12799999E-05
   6.63305330       1.46399998E-05
   6.64971924       1.87900005E-05
   6.66638517       2.39799992E-05
   6.68305111       2.99700005E-05
   6.69971704       3.72600007E-05
   6.71638298       4.58100003E-05
   6.73304892       5.68100004E-05
   6.74971485       6.83399994E-05
   6.76638079       8.19600027E-05
   6.78304672       9.79100005E-05
   6.79971266       1.16800002E-04
   6.81637859       1.35599999E-04
   6.83304453       1.57200004E-04
   6.84971046       1.86499994E-04
   6.86637640       2.08700003E-04
   6.88304234       2.35900006E-04
   6.89970827       2.69200013E-04
   6.91637421       3.10200005E-04
   6.93304014       3.46899993E-04
   6.94970608       3.84799991E-04
   6.96637201       4.25500009E-04
   6.98303795       4.68699989E-04
   6.99970388       5.14400017E-04
   7.01636982       5.62299974E-04
   7.03303576       6.12500007E-04
   7.04970169       6.64899999E-04
   7.06636763       7.19600008E-04
   7.08303356       7.76699977E-04
   7.09969950       8.35900020E-04
   7.11636543       8.97300022E-04
   7.13303137       9.60999983E-04
   7.14969730       1.02700002E-03
   7.16636324       1.09499996E-03
   7.18302917       1.16600003E-03
   7.19969511       1.23900000E-03
   7.21636105       1.31399999E-03
   7.23302698       1.39100000E-03
   7.24969292       1.47100003E-03
   7.26635885       1.55299995E-03
   7.28302479       1.63800002E-03
   7.29969072       1.72499998E-03
   7.31635666       1.81499997E-03
   7.33302259       1.90699997E-03
   7.34968853       2.00100010E-03
   7.36635447       2.09899992E-03
   7.38302040       2.19899998E-03
   7.39968634       2.30100006E-03
   7.41635227       2.40599993E-03
   7.43301821       2.51400005E-03
   7.44968414       2.62499996E-03
   7.46635008       2.73899990E-03
   7.48301601       2.85500009E-03
   7.49968195       2.97400006E-03
   7.51634789       3.09600006E-03
   7.53301382       3.22100008E-03
   7.54967976       3.34999990E-03
   7.56634569       3.48099996E-03
   7.58301163       3.61600006E-03
   7.59967756       3.75299994E-03
   7.61634350       3.89400008E-03
   7.63300943       4.03800001E-03
   7.64967537       4.18600021E-03
   7.66634130       4.33599995E-03
   7.68300724       4.49099997E-03
   7.69967318       4.64800000E-03
   7.71633911       4.80900006E-03
   7.73300505       4.97400016E-03
   7.74967098       5.14200004E-03
   7.76633692       5.31399995E-03
   7.78300285       5.48999989E-03
   7.79966879       5.66900009E-03
   7.81633472       5.85199986E-03
   7.83300066       6.03900012E-03
   7.84966660       6.22999994E-03
   7.86633253       6.42499980E-03
   7.88299847       6.62400015E-03
   7.89966440       6.82599982E-03
   7.91633034       7.03299977E-03
   7.93299627       7.24499999E-03
   7.94966221       7.45999999E-03
   7.96632814       7.67999981E-03
   7.98299408       7.90399965E-03
   7.99966002       8.13200045E-03
   8.01632595       8.36499967E-03
   8.03299236       8.60199984E-03
   8.04965878       8.84400029E-03
   8.06632519       9.08999983E-03
   8.08299160       9.34000034E-03
   8.09965801       9.59600043E-03
   8.11632442       9.85699985E-03
   8.13299084       1.01199998E-02
   8.14965725       1.03900004E-02
   8.16632366       1.06699998E-02
   8.18299007       1.09400004E-02
   8.19965649       1.12300003E-02
   8.21632290       1.15200002E-02
   8.23298931       1.18100001E-02
   8.24965572       1.21099995E-02
   8.26632214       1.24199996E-02
   8.28298855       1.27299996E-02
   8.29965496       1.30399996E-02
   8.31632137       1.33600002E-02
   8.33298779       1.36900004E-02
   8.34965420       1.40199997E-02
   8.36632061       1.43600004E-02
   8.38298702       1.47000002E-02
   8.39965343       1.50499996E-02
   8.41631985       1.53999999E-02
   8.43298626       1.57600008E-02
   8.44965267       1.61199998E-02
   8.46631908       1.64899994E-02
   8.48298550       1.68699995E-02
   8.49965191       1.72499996E-02
   8.51631832       1.76400002E-02
   8.53298473       1.80300009E-02
   8.54965115       1.84300002E-02
   8.56631756       1.88299995E-02
   8.58298397       1.92399994E-02
   8.59965038       1.96599998E-02
   8.61631680       2.00800002E-02
   8.63298321       2.05099992E-02
   8.64964962       2.09400002E-02
   8.66631603       2.13799998E-02
   8.68298244       2.18300000E-02
   8.69964886       2.22800002E-02
   8.71631527       2.27300003E-02
   8.73298168       2.31999997E-02
   8.74964809       2.36699991E-02
   8.76631451       2.41400003E-02
   8.78298092       2.46300008E-02
   8.79964733       2.51100007E-02
   8.81631374       2.56099999E-02
   8.83298016       2.61100009E-02
   8.84964657       2.66100001E-02
   8.86631298       2.71300003E-02
   8.88297939       2.76500005E-02
   8.89964581       2.81700008E-02
   8.91631222       2.86999997E-02
   8.93297863       2.92399991E-02
   8.94964504       2.97800004E-02
   8.96631145       3.03300004E-02
   8.98297787       3.08899991E-02
   8.99964428       3.14499997E-02
   9.01631069       3.20199989E-02
   9.03297710       3.25900018E-02
   9.04964352       3.31699997E-02
   9.06630993       3.37600000E-02
   9.08297634       3.43500003E-02
   9.09964275       3.49499993E-02
   9.11630917       3.55499983E-02
   9.13297558       3.61599997E-02
   9.14964199       3.67799997E-02
   9.16630840       3.74099985E-02
   9.18297482       3.80299985E-02
   9.19964123       3.86699997E-02
   9.21630764       3.93100008E-02
   9.23297405       3.99499983E-02
   9.24964046       4.06100005E-02
   9.26630688       4.12699990E-02
   9.28297329       4.19300012E-02
   9.29963970       4.25999984E-02
   9.31630611       4.32699993E-02
   9.33297253       4.39600013E-02
   9.34963894       4.46499996E-02
   9.36630535       4.53400016E-02
   9.38297176       4.60399985E-02
   9.39963818       4.67399992E-02
   9.41630459       4.74499986E-02
   9.43297100       4.81600016E-02
   9.44963741       4.88799997E-02
   9.46630383       4.96100001E-02
   9.48297024       5.03400005E-02
   9.49963665       5.10799997E-02
   9.51630306       5.18199988E-02
   9.53296947       5.25700003E-02
   9.54963589       5.33200018E-02
   9.56630230       5.40699996E-02
   9.58296871       5.48299998E-02
   9.59963512       5.55999987E-02
   9.61630154       5.63800000E-02
   9.63296795       5.71499988E-02
   9.64963436       5.79300001E-02
   9.66630077       5.87200001E-02
   9.68296719       5.95100001E-02
   9.69963360       6.03000000E-02
   9.71630001       6.11100011E-02
   9.73296642       6.19000010E-02
   9.74963284       6.27200007E-02
   9.76629925       6.35299981E-02
   9.78296566       6.43500015E-02
   9.79963207       6.51699975E-02
   9.81629848       6.59999996E-02
   9.83296490       6.68300018E-02
   9.84963131       6.76499978E-02
   9.86629772       6.84999973E-02
   9.88296413       6.93399981E-02
   9.89963055       7.01799989E-02
   9.91629696       7.10199997E-02
   9.93296337       7.18799978E-02
   9.94962978       7.27299973E-02
   9.96629620       7.35400021E-02
   9.98296261       7.44599998E-02
   9.99962902       7.53199980E-02
   10.0162954       7.61900023E-02
   10.0329618       7.70599991E-02
   10.0496283       7.79300034E-02
   10.0662947       7.88099989E-02
   10.0829611       7.96900019E-02
   10.0996275       8.05699974E-02
   10.1162939       8.14099982E-02
   10.1329603       8.23400021E-02
   10.1496267       8.32300037E-02
   10.1662931       8.41199979E-02
   10.1829596       8.50099996E-02
   10.1996260       8.59199986E-02
   10.2162924       8.68100002E-02
   10.2329588       8.77100006E-02
   10.2496252       8.86100009E-02
   10.2662916       8.95199999E-02
   10.2829580       9.04200003E-02
   10.2996244       9.12100002E-02
   10.3162909       9.22299996E-02
   10.3329573       9.31200013E-02
   10.3496237       9.39700007E-02
   10.3662901       9.49200019E-02
   10.3829565       9.58700031E-02
   10.3996229       9.67800021E-02
   10.4162893       9.76999998E-02
   10.4329557       9.86099988E-02
   10.4496222       9.95199978E-02
   10.4662886      0.100400001    
   10.4829550      0.101300001    
   10.4996214      0.102300003    
   10.5162878      0.103200004    
   10.5329542      0.104099996    
   10.5496206      0.104999997    
   10.5662870      0.105899997    
   10.5829535      0.106799997    
   10.5996199      0.107699998    
   10.6162863      0.108700000    
   10.6329527      0.109600000    
   10.6496191      0.110500000    
   10.6662855      0.111400001    
   10.6829519      0.112300001    
   10.6996183      0.113200001    
   10.7162848      0.114100002    
   10.7329512      0.115000002    
   10.7496176      0.115900002    
   10.7662840      0.116800003    
   10.7829504      0.117700003    
   10.7996168      0.118600003    
   10.8162832      0.119499996    
   10.8329496      0.120399997    
   10.8496161      0.121299997    
   10.8662825      0.122100003    
   10.8829489      0.123099998    
   10.8996153      0.123999998    
   10.9162817      0.124799997    
   10.9329481      0.125699997    
   10.9496145      0.126599997    
   10.9662809      0.127499998    
   10.9829473      0.128299996    
   10.9996138      0.129199997    
   11.0162802      0.130099997    
   11.0329466      0.130899996    
   11.0496130      0.131799996    
   11.0662794      0.132599995    
   11.0829458      0.133499995    
   11.0996122      0.134299994    
   11.1162786      0.135199994    
   11.1329451      0.135800004    
   11.1496115      0.136800006    
   11.1662779      0.137700006    
   11.1829443      0.138500005    
   11.1996107      0.139300004    
   11.2162771      0.140100002    
   11.2329435      0.140900001    
   11.2496099      0.141700000    
   11.2662764      0.142499998    
   11.2829428      0.143299997    
   11.2996092      0.144099995    
   11.3162756      0.144800007    
   11.3329420      0.145699993    
   11.3496084      0.146500006    
   11.3662748      0.147200003    
   11.3829412      0.148000002    
   11.3996077      0.148699999    
   11.4162741      0.149399996    
   11.4329405      0.150199994    
   11.4496069      0.150999993    
   11.4662733      0.151700005    
   11.4829397      0.152400002    
   11.4996061      0.153200001    
   11.5162725      0.153899997    
   11.5329390      0.154599994    
   11.5496054      0.155300006    
   11.5662718      0.156000003    
   11.5829382      0.156599998    
   11.5996046      0.157299995    
   11.6162710      0.158000007    
   11.6329374      0.158700004    
   11.6496038      0.159299999    
   11.6662703      0.159999996    
   11.6829367      0.160600007    
   11.6996031      0.161200002    
   11.7162695      0.161899999    
   11.7329359      0.162300006    
   11.7496023      0.163000003    
   11.7662687      0.163699999    
   11.7829351      0.164199993    
   11.7996016      0.164900005    
   11.8162680      0.165500000    
   11.8329344      0.165999994    
   11.8496008      0.166600004    
   11.8662672      0.167199999    
   11.8829336      0.167600006    
   11.8996000      0.168099999    
   11.9162664      0.168799996    
   11.9329329      0.169200003    
   11.9495993      0.169799998    
   11.9662657      0.170300007    
   11.9829321      0.170800000    
   11.9995985      0.171299994    
   12.0162649      0.171800002    
   12.0329313      0.172199994    
   12.0495977      0.172700003    
   12.0662642      0.173099995    
   12.0829306      0.173600003    
   12.0995970      0.173999995    
   12.1162634      0.174300000    
   12.1329298      0.174799994    
   12.1495962      0.175300002    
   12.1662626      0.175600007    
   12.1829290      0.175999999    
   12.1995955      0.176400006    
   12.2162619      0.176699996    
   12.2329283      0.177100003    
   12.2495947      0.177499995    
   12.2662611      0.177800000    
   12.2829275      0.178100005    
   12.2995939      0.178299993    
   12.3162603      0.178700000    
   12.3329268      0.179000005    
   12.3495932      0.179299995    
   12.3662596      0.179600000    
   12.3829260      0.179900005    
   12.3995924      0.180099994    
   12.4162588      0.180399999    
   12.4329252      0.180600002    
   12.4495916      0.180800006    
   12.4662580      0.180999994    
   12.4829245      0.181199998    
   12.4995909      0.181400001    
   12.5162573      0.181600004    
   12.5329237      0.181799993    
   12.5495901      0.181999996    
   12.5662565      0.182099998    
   12.5829229      0.182300001    
   12.5995893      0.182400003    
   12.6162558      0.182500005    
   12.6329222      0.182600006    
   12.6495886      0.182699993    
   12.6662550      0.182799995    
   12.6829214      0.182899997    
   12.6995878      0.182899997    
   12.7162542      0.182899997    
   12.7329206      0.182899997    
   12.7495871      0.182899997    
   12.7662535      0.182899997    
   12.7829199      0.182899997    
   12.7995863      0.182899997    
   12.8162527      0.182899997    
   12.8329191      0.182899997    
   12.8495855      0.182899997    
   12.8662519      0.182899997    
   12.8829184      0.182899997    
   12.8995848      0.182899997    
   12.9162512      0.182899997    
   12.9329176      0.182799995    
   12.9495840      0.182699993    
   12.9662504      0.182600006    
   12.9829168      0.182500005    
   12.9995832      0.182400003    
   13.0162497      0.182300001    
   13.0329161      0.182099998    
   13.0495825      0.181999996    
   13.0662489      0.181799993    
   13.0829153      0.181600004    
   13.0995817      0.181400001    
   13.1162481      0.181199998    
   13.1329145      0.180999994    
   13.1495810      0.180800006    
   13.1662474      0.180600002    
   13.1829138      0.180399999    
   13.1995802      0.180099994    
   13.2162466      0.179900005    
   13.2329130      0.179600000    
   13.2495794      0.179299995    
   13.2662458      0.179000005    
   13.2829123      0.178700000    
   13.2995787      0.178299993    
   13.3162451      0.178100005    
   13.3329115      0.177800000    
   13.3495779      0.177399993    
   13.3662443      0.177100003    
   13.3829107      0.176699996    
   13.3995771      0.176400006    
   13.4162436      0.175999999    
   13.4329100      0.175600007    
   13.4495764      0.175200000    
   13.4662428      0.174799994    
   13.4829092      0.174300000    
   13.4995756      0.173999995    
   13.5162420      0.173600003    
   13.5329084      0.173099995    
   13.5495749      0.172700003    
   13.5662413      0.172199994    
   13.5829077      0.171700001    
   13.5995741      0.171299994    
   13.6162405      0.170800000    
   13.6329069      0.170300007    
   13.6495733      0.169799998    
   13.6662397      0.169200003    
   13.6829062      0.168699995    
   13.6995726      0.168099999    
   13.7162390      0.167600006    
   13.7329054      0.167099997    
   13.7495718      0.166600004    
   13.7662382      0.165999994    
   13.7829046      0.165399998    
   13.7995710      0.164900005    
   13.8162374      0.164199993    
   13.8329039      0.163699999    
   13.8495703      0.163000003    
   13.8662367      0.162300006    
   13.8829031      0.161799997    
   13.8995695      0.161200002    
   13.9162359      0.160600007    
   13.9329023      0.159899995    
   13.9495687      0.159299999    
   13.9662352      0.158600003    
   13.9829016      0.158000007    
   13.9995680      0.157299995    
   14.0162344      0.156599998    
   14.0329008      0.155900002    
   14.0495672      0.155200005    
   14.0662336      0.154499993    
   14.0829000      0.153799996    
   14.0995665      0.153099999    
   14.1162329      0.152400002    
   14.1328993      0.151700005    
   14.1495657      0.150900006    
   14.1662321      0.150199994    
   14.1828985      0.149399996    
   14.1995649      0.148599997    
   14.2162313      0.148000002    
   14.2328978      0.147200003    
   14.2495642      0.146400005    
   14.2662306      0.145600006    
   14.2828970      0.144800007    
   14.2995634      0.144099995    
   14.3162298      0.143299997    
   14.3328962      0.142499998    
   14.3495626      0.141700000    
   14.3662291      0.140900001    
   14.3828955      0.140100002    
   14.3995619      0.139300004    
   14.4162283      0.138500005    
   14.4328947      0.137600005    
   14.4495611      0.136800006    
   14.4662275      0.135800004    
   14.4828939      0.135100007    
   14.4995604      0.134299994    
   14.5162268      0.133399993    
   14.5328932      0.132599995    
   14.5495596      0.131699994    
   14.5662260      0.130899996    
   14.5828924      0.129999995    
   14.5995588      0.129199997    
   14.6162252      0.128199995    
   14.6328917      0.127399996    
   14.6495581      0.126599997    
   14.6662245      0.125699997    
   14.6828909      0.124799997    
   14.6995573      0.123899996    
   14.7162237      0.123000003    
   14.7328901      0.122100003    
   14.7495565      0.121299997    
   14.7662230      0.120399997    
   14.7828894      0.119499996    
   14.7995558      0.118500002    
   14.8162222      0.117700003    
   14.8328886      0.116800003    
   14.8495550      0.115900002    
   14.8662214      0.115000002    
   14.8828878      0.114100002    
   14.8995543      0.113200001    
   14.9162207      0.112300001    
   14.9328871      0.111400001    
   14.9495535      0.110399999    
   14.9662199      0.109499998    
   14.9828863      0.108599998    
   14.9995527      0.107699998    
   15.0162191      0.106799997    
   15.0328856      0.105899997    
   15.0495520      0.104900002    
   15.0662184      0.104099996    
   15.0828848      0.103100002    
   15.0995512      0.102200001    
   15.1162176      0.101300001    
   15.1328840      0.100400001    
   15.1495504       9.94800031E-02
   15.1662169       9.85699967E-02
   15.1828833       9.76599976E-02
   15.1995497       9.67399999E-02
   15.2162161       9.58300009E-02
   15.2328825       9.48899984E-02
   15.2495489       9.39700007E-02
   15.2662153       9.30899978E-02
   15.2828817       9.21899974E-02
   15.2995481       9.12400037E-02
   15.3162146       9.03799981E-02
   15.3328810       8.94799978E-02
   15.3495474       8.85699987E-02
   15.3662138       8.76699984E-02
   15.3828802       8.67699981E-02
   15.3995466       8.58799964E-02
   15.4162130       8.49500000E-02
   15.4328794       8.40900019E-02
   15.4495459       8.32000002E-02
   15.4662123       8.23099986E-02
   15.4828787       8.13999996E-02
   15.4995451       8.05400014E-02
   15.5162115       7.96599984E-02
   15.5328779       7.87699968E-02
   15.5495443       7.78999999E-02
   15.5662107       7.70300031E-02
   15.5828772       7.61400014E-02
   15.5995436       7.52800032E-02
   15.6162100       7.44199976E-02
   15.6328764       7.35400021E-02
   15.6495428       7.26900026E-02
   15.6662092       7.18500018E-02
   15.6828756       7.09900036E-02
   15.6995420       7.01299980E-02
   15.7162085       6.93000033E-02
   15.7328749       6.84600025E-02
   15.7495413       6.75899982E-02
   15.7662077       6.67899996E-02
   15.7828741       6.59499988E-02
   15.7995405       6.51400015E-02
   15.8162069       6.43199980E-02
   15.8328733       6.35000020E-02
   15.8495398       6.26899973E-02
   15.8662062       6.18700013E-02
   15.8828726       6.10699989E-02
   15.8995390       6.02799989E-02
   15.9162054       5.94800003E-02
   15.9328718       5.86800016E-02
   15.9495382       5.79000004E-02
   15.9662046       5.71199991E-02
   15.9828711       5.63500002E-02
   15.9995375       5.55699989E-02
   16.0162029       5.48099987E-02
   16.0328693       5.40399998E-02
   16.0495358       5.32899983E-02
   16.0662022       5.25400005E-02
   16.0828686       5.17899990E-02
   16.0995350       5.10499999E-02
   16.1162014       5.03100008E-02
   16.1328678       4.95800003E-02
   16.1495342       4.88599986E-02
   16.1662006       4.81400006E-02
   16.1828671       4.74199988E-02
   16.1995335       4.67099994E-02
   16.2161999       4.60099988E-02
   16.2328663       4.53100018E-02
   16.2495327       4.46199998E-02
   16.2661991       4.39300016E-02
   16.2828655       4.32499982E-02
   16.2995319       4.25800011E-02
   16.3161983       4.19100001E-02
   16.3328648       4.12399992E-02
   16.3495312       4.05899994E-02
   16.3661976       3.99300009E-02
   16.3828640       3.92899998E-02
   16.3995304       3.86499986E-02
   16.4161968       3.80100012E-02
   16.4328632       3.73799987E-02
   16.4495296       3.67599986E-02
   16.4661961       3.61500010E-02
   16.4828625       3.55399996E-02
   16.4995289       3.49299982E-02
   16.5161953       3.43299992E-02
   16.5328617       3.37399989E-02
   16.5495281       3.31499986E-02
   16.5661945       3.25700007E-02
   16.5828609       3.20000015E-02
   16.5995274       3.14299986E-02
   16.6161938       3.08699999E-02
   16.6328602       3.03199999E-02
   16.6495266       2.97699999E-02
   16.6661930       2.92199999E-02
   16.6828594       2.86899991E-02
   16.6995258       2.81600002E-02
   16.7161922       2.76299994E-02
   16.7328587       2.71099992E-02
   16.7495251       2.65999995E-02
   16.7661915       2.60899998E-02
   16.7828579       2.55900007E-02
   16.7995243       2.51000002E-02
   16.8161907       2.46099997E-02
   16.8328571       2.41299998E-02
   16.8495235       2.36499999E-02
   16.8661900       2.31899992E-02
   16.8828564       2.27199998E-02
   16.8995228       2.22600009E-02
   16.9161892       2.18100008E-02
   16.9328556       2.13699993E-02
   16.9495220       2.09299996E-02
   16.9661884       2.04900000E-02
   16.9828548       2.00699996E-02
   16.9995213       1.96499992E-02
   17.0161877       1.92300007E-02
   17.0328541       1.88200008E-02
   17.0495205       1.84199996E-02
   17.0661869       1.80200003E-02
   17.0828533       1.76299997E-02
   17.0995197       1.72400009E-02
   17.1161861       1.68600008E-02
   17.1328526       1.64800007E-02
   17.1495190       1.61099993E-02
   17.1661854       1.57500003E-02
   17.1828518       1.53900003E-02
   17.1995182       1.50400000E-02
   17.2161846       1.46899996E-02
   17.2328510       1.43499998E-02
   17.2495174       1.40100000E-02
   17.2661839       1.36799999E-02
   17.2828503       1.33600002E-02
   17.2995167       1.30399996E-02
   17.3161831       1.27200000E-02
   17.3328495       1.24100000E-02
   17.3495159       1.21099995E-02
   17.3661823       1.18100001E-02
   17.3828487       1.15099996E-02
   17.3995152       1.12199998E-02
   17.4161816       1.09400004E-02
   17.4328480       1.06600001E-02
   17.4495144       1.03900004E-02
   17.4661808       1.01199998E-02
   17.4828472       9.85100027E-03
   17.4995136       9.59200040E-03
   17.5161800       9.33600031E-03
   17.5328465       9.08599980E-03
   17.5495129       8.83900002E-03
   17.5661793       8.59799981E-03
   17.5828457       8.36099964E-03
   17.5995121       8.12800042E-03
   17.6161785       7.89999962E-03
   17.6328449       7.67599978E-03
   17.6495113       7.45700020E-03
   17.6661777       7.24200020E-03
   17.6828442       7.03100022E-03
   17.6995106       6.82399981E-03
   17.7161770       6.62099989E-03
   17.7328434       6.42200001E-03
   17.7495098       6.22799993E-03
   17.7661762       6.03700010E-03
   17.7828426       5.84999984E-03
   17.7995090       5.66700008E-03
   17.8161755       5.48799988E-03
   17.8328419       5.31199994E-03
   17.8495083       5.14000002E-03
   17.8661747       4.97200014E-03
   17.8828411       4.80799982E-03
   17.8995075       4.64700023E-03
   17.9161739       4.48899996E-03
   17.9328403       4.33500018E-03
   17.9495068       4.18400019E-03
   17.9661732       4.03699977E-03
   17.9828396       3.89300007E-03
   17.9995060       3.75199993E-03
   18.0161724       3.61500005E-03
   18.0328388       3.47999996E-03
   18.0495052       3.34899989E-03
   18.0661716       3.22100008E-03
   18.0828381       3.09600006E-03
   18.0995045       2.97400006E-03
   18.1161709       2.85400008E-03
   18.1328373       2.73799989E-03
   18.1495037       2.62499996E-03
   18.1661701       2.51400005E-03
   18.1828365       2.40599993E-03
   18.1995029       2.30100006E-03
   18.2161694       2.19799997E-03
   18.2328358       2.09799991E-03
   18.2495022       2.00100010E-03
   18.2661686       1.90699997E-03
   18.2828350       1.81499997E-03
   18.2995014       1.72499998E-03
   18.3161678       1.63800002E-03
   18.3328342       1.55299995E-03
   18.3495007       1.47100003E-03
   18.3661671       1.39100000E-03
   18.3828335       1.31399999E-03
   18.3994999       1.23900000E-03
   18.4161663       1.16600003E-03
   18.4328327       1.09599996E-03
   18.4494991       1.02700002E-03
   18.4661655       9.61399986E-04
   18.4828320       8.97700025E-04
   18.4994984       8.36200023E-04
   18.5161648       7.77099980E-04
   18.5328312       7.20100012E-04
   18.5494976       6.65400003E-04
   18.5661640       6.12900010E-04
   18.5828304       5.62699977E-04
   18.5994968       5.14800020E-04
   18.6161633       4.69199993E-04
   18.6328297       4.26000013E-04
   18.6494961       3.85299994E-04
   18.6661625       3.47299996E-04
   18.6828289       3.10700008E-04
   18.6994953       2.69599986E-04
   18.7161617       2.36299995E-04
   18.7328281       2.09100006E-04
   18.7494946       1.86799996E-04
   18.7661610       1.57500006E-04
   18.7828274       1.36100003E-04
   18.7994938       1.17000003E-04
   18.8161602       9.81499979E-05
   18.8328266       8.21700014E-05
   18.8494930       6.85199993E-05
   18.8661594       5.69500007E-05
   18.8828259       4.60099982E-05
   18.8994923       3.74000010E-05
   18.9161587       3.01900000E-05
   18.9328251       2.40699992E-05
   18.9494915       1.88699996E-05
   18.9661579       1.47100000E-05
   18.9828243       1.13400001E-05
   18.9994907       8.63399964E-06
   19.0161572       6.49000003E-06
   19.0328236       4.82899986E-06
   19.0494900       3.44999989E-06
   19.0661564       2.44700004E-06
   19.0828228       1.63599998E-06
   19.0994892       1.04399999E-06
   19.1161556       6.29999988E-07
   19.1328220       3.51399990E-07
   19.1494884       1.80499995E-07
   19.1661549       8.59700009E-08
   19.1828213       3.42399993E-08
   19.1994877       8.39799963E-09
   19.2161541       7.80900011E-10
   19.2328205       5.20700020E-12
   19.2494869       6.36700002E-16
   19.2661533       8.52500029E-20
   19.2828197       2.11999998E-24
   19.2994862       8.75799997E-31
   19.3161526       0.00000000    
   19.3328190       0.00000000    
   19.3494854       0.00000000    
   19.3661518       0.00000000    
   19.3828182       0.00000000    
   19.3994846       0.00000000    
   19.4161510       0.00000000    
   19.4328175       0.00000000    
   19.4494839       0.00000000    
   19.4661503       0.00000000    
   19.4828167       0.00000000    
   19.4994831       0.00000000    
   19.5161495       0.00000000    
   19.5328159       0.00000000    
   19.5494823       0.00000000    
   19.5661488       0.00000000    
   19.5828152       0.00000000    
   19.5994816       0.00000000    
   19.6161480       0.00000000    
   19.6328144       0.00000000    
   19.6494808       0.00000000    
   19.6661472       0.00000000    
   19.6828136       0.00000000    
   19.6994801       0.00000000    
   19.7161465       0.00000000    
   19.7328129       0.00000000    
   19.7494793       0.00000000    
   19.7661457       0.00000000    
   19.7828121       0.00000000    
   19.7994785       0.00000000    
   19.8161449       0.00000000    
   19.8328114       0.00000000    
   19.8494778       0.00000000    
   19.8661442       0.00000000    
   19.8828106       0.00000000    
   19.8994770       0.00000000    
   19.9161434       0.00000000    
   19.9328098       0.00000000    
   19.9494762       0.00000000    
   19.9661427       0.00000000    
   19.9828091       0.00000000    
   19.9994755       0.00000000    
   20.0161419       0.00000000    
   20.0328083       0.00000000    
   20.0494747       0.00000000    
   20.0661411       0.00000000    
   20.0828075       0.00000000    
   20.0994740       0.00000000    
   20.1161404       0.00000000    
   20.1328068       0.00000000    
   20.1494732       0.00000000    
   20.1661396       0.00000000    
   20.1828060       0.00000000    
   20.1994724       0.00000000    
   20.2161388       0.00000000    
   20.2328053       0.00000000    
   20.2494717       0.00000000    
   20.2661381       0.00000000    
   20.2828045       0.00000000    
   20.2994709       0.00000000    
   20.3161373       0.00000000    
   20.3328037       0.00000000    
   20.3494701       0.00000000    
   20.3661366       0.00000000    
   20.3828030       0.00000000    
   20.3994694       0.00000000    
   20.4161358       0.00000000    
   20.4328022       0.00000000    
   20.4494686       0.00000000    
   20.4661350       0.00000000    
   20.4828014       0.00000000    
   20.4994678       0.00000000    
   20.5161343       0.00000000    
   20.5328007       0.00000000    
   20.5494671       0.00000000    
   20.5661335       0.00000000    
   20.5827999       0.00000000    
   20.5994663       0.00000000    
   20.6161327       0.00000000    
   20.6327991       0.00000000    
   20.6494656       0.00000000    
   20.6661320       0.00000000    
   20.6827984       0.00000000    
   20.6994648       0.00000000    
   20.7161312       0.00000000    
   20.7327976       0.00000000    
   20.7494640       0.00000000    
   20.7661304       0.00000000    
   20.7827969       0.00000000    
   20.7994633       0.00000000    
   20.8161297       0.00000000    
   20.8327961       0.00000000    
   20.8494625       0.00000000    
   20.8661289       0.00000000    
   20.8827953       0.00000000    
   20.8994617       0.00000000    
   20.9161282       0.00000000    
   20.9327946       0.00000000    
   20.9494610       0.00000000    
   20.9661274       0.00000000    
   20.9827938       0.00000000    
   20.9994602       0.00000000    
   21.0161266       0.00000000    
   21.0327930       0.00000000    
   21.0494595       0.00000000    
   21.0661259       0.00000000    
   21.0827923       0.00000000    
   21.0994587       0.00000000    
   21.1161251       0.00000000    
   21.1327915       0.00000000    
   21.1494579       0.00000000    
   21.1661243       0.00000000    
   21.1827908       0.00000000    
   21.1994572       0.00000000    
   21.2161236       0.00000000    
   21.2327900       0.00000000    
   21.2494564       0.00000000    
   21.2661228       0.00000000    
   21.2827892       0.00000000    
   21.2994556       0.00000000    
   21.3161221       0.00000000    
   21.3327885       0.00000000    
   21.3494549       0.00000000    
   21.3661213       0.00000000    
   21.3827877       0.00000000    
   21.3994541       0.00000000    
   21.4161205       0.00000000    
   21.4327869       0.00000000    
   21.4494534       0.00000000    
   21.4661198       0.00000000    
   21.4827862       0.00000000    
   21.4994526       0.00000000    
   21.5161190       0.00000000    
   21.5327854       0.00000000    
   21.5494518       0.00000000    
   21.5661182       0.00000000    
   21.5827847       0.00000000    
   21.5994511       0.00000000    
   21.6161175       0.00000000    
   21.6327839       0.00000000    
   21.6494503       0.00000000    
   21.6661167       0.00000000    
   21.6827831       0.00000000    
   21.6994495       0.00000000    
   21.7161160       0.00000000    
   21.7327824       0.00000000    
   21.7494488       0.00000000    
   21.7661152       0.00000000    
   21.7827816       0.00000000    
   21.7994480       0.00000000    
   21.8161144       0.00000000    
   21.8327808       0.00000000    
   21.8494473       0.00000000    
   21.8661137       0.00000000    
   21.8827801       0.00000000    
   21.8994465       0.00000000    
   21.9161129       0.00000000    
   21.9327793       0.00000000    
   21.9494457       0.00000000    
   21.9661121       0.00000000    
   21.9827785       0.00000000    
   21.9994450       0.00000000    
   22.0161114       0.00000000    
   22.0327778       0.00000000    
   22.0494442       0.00000000    
   22.0661106       0.00000000    
   22.0827770       0.00000000    
   22.0994434       0.00000000    
   22.1161098       0.00000000    
   22.1327763       0.00000000    
   22.1494427       0.00000000    
   22.1661091       0.00000000    
   22.1827755       0.00000000    
   22.1994419       0.00000000    
   22.2161083       0.00000000    
   22.2327747       0.00000000    
   22.2494411       0.00000000    
   22.2661076       0.00000000    
   22.2827740       0.00000000    
   22.2994404       0.00000000    
   22.3161068       0.00000000    
   22.3327732       0.00000000    
   22.3494396       0.00000000    
   22.3661060       0.00000000    
   22.3827724       0.00000000    
   22.3994389       0.00000000    
   22.4161053       0.00000000    
   22.4327717       0.00000000    
   22.4494381       0.00000000    
   22.4661045       0.00000000    
   22.4827709       0.00000000    
   22.4994373       0.00000000    
   22.5161037       0.00000000    
   22.5327702       0.00000000    
   22.5494366       0.00000000    
   22.5661030       0.00000000    
   22.5827694       0.00000000    
   22.5994358       0.00000000    
   22.6161022       0.00000000    
   22.6327686       0.00000000    
   22.6494350       0.00000000    
   22.6661015       0.00000000    
   22.6827679       0.00000000    
   22.6994343       0.00000000    
   22.7161007       0.00000000    
   22.7327671       0.00000000    
   22.7494335       0.00000000    
   22.7660999       0.00000000    
   22.7827663       0.00000000    
   22.7994328       0.00000000    
   22.8160992       0.00000000    
   22.8327656       0.00000000    
   22.8494320       0.00000000    
   22.8660984       0.00000000    
   22.8827648       0.00000000    
   22.8994312       0.00000000    
   22.9160976       0.00000000    
   22.9327641       0.00000000    
   22.9494305       0.00000000    
   22.9660969       0.00000000    
   22.9827633       0.00000000    
   22.9994297       0.00000000    
   23.0160961       0.00000000    
   23.0327625       0.00000000    
   23.0494289       0.00000000    
   23.0660954       0.00000000    
   23.0827618       0.00000000    
   23.0994282       0.00000000    
   23.1160946       0.00000000    
   23.1327610       0.00000000    
   23.1494274       0.00000000    
   23.1660938       0.00000000    
   23.1827602       0.00000000    
   23.1994267       0.00000000    
   23.2160931       0.00000000    
   23.2327595       0.00000000    
   23.2494259       0.00000000    
   23.2660923       0.00000000    
   23.2827587       0.00000000    
   23.2994251       0.00000000    
   23.3160915       0.00000000    
   23.3327579       0.00000000    
   23.3494244       0.00000000    
   23.3660908       0.00000000    
   23.3827572       0.00000000    
   23.3994236       0.00000000    
   23.4160900       0.00000000    
   23.4327564       0.00000000    
   23.4494228       0.00000000    
   23.4660892       0.00000000    
   23.4827557       0.00000000    
   23.4994221       0.00000000    
   23.5160885       0.00000000    
   23.5327549       0.00000000    
   23.5494213       0.00000000    
   23.5660877       0.00000000    
   23.5827541       0.00000000    
   23.5994205       0.00000000    
   23.6160870       0.00000000    
   23.6327534       0.00000000    
   23.6494198       0.00000000    
   23.6660862       0.00000000    
   23.6827526       0.00000000    
   23.6994190       0.00000000    
   23.7160854       0.00000000    
   23.7327518       0.00000000    
   23.7494183       0.00000000    
   23.7660847       0.00000000    
   23.7827511       0.00000000    
   23.7994175       0.00000000    
   23.8160839       0.00000000    
   23.8327503       0.00000000    
   23.8494167       0.00000000    
   23.8660831       0.00000000    
   23.8827496       0.00000000    
   23.8994160       0.00000000    
   23.9160824       0.00000000    
   23.9327488       0.00000000    
   23.9494152       0.00000000    
   23.9660816       0.00000000    
   23.9827480       0.00000000    
