0 0.0
0.016666666666666666 0.0
0.03333333333333333 0.0
0.05 0.0
0.06666666666666667 0.0
0.08333333333333333 0.0
0.09999999999999999 0.0
0.11666666666666665 0.0
0.13333333333333333 0.0
0.15 0.0
0.16666666666666666 0.0
0.18333333333333332 0.0
0.19999999999999998 0.0
0.21666666666666665 0.0
0.2333333333333333 0.0
0.24999999999999997 0.0
0.26666666666666666 0.0
0.2833333333333333 0.0
0.3 0.0
0.31666666666666665 0.0
0.3333333333333333 0.0
0.35 0.0
0.36666666666666664 0.0
0.3833333333333333 0.0
0.39999999999999997 0.0
0.41666666666666663 0.0
0.4333333333333333 0.0
0.44999999999999996 0.0
0.4666666666666666 0.0
0.4833333333333333 0.0
0.49999999999999994 0.0
0.5166666666666666 0.0
0.5333333333333333 0.0
0.55 0.0
0.5666666666666668 0.0
0.5833333333333335 0.0
0.6000000000000002 0.0
0.6166666666666669 0.0
0.6333333333333336 0.0
0.6500000000000004 0.0
0.6666666666666671 0.0
0.6833333333333338 0.0
0.7000000000000005 0.0
0.7166666666666672 0.0
0.733333333333334 0.0
0.7500000000000007 0.0
0.7666666666666674 0.0
0.7833333333333341 0.0
0.8000000000000008 0.0
0.8166666666666675 0.0
0.8333333333333343 0.0
0.850000000000001 0.0
0.8666666666666677 0.0
0.8833333333333344 0.0
0.9000000000000011 0.0
0.9166666666666679 0.0
0.9333333333333346 0.0
0.9500000000000013 0.0
0.966666666666668 0.0
0.9833333333333347 0.0
1.0000000000000013 0.0
1.016666666666668 0.0
1.0333333333333345 0.0
1.0500000000000012 0.0
1.0666666666666678 0.0
1.0833333333333344 0.0
1.100000000000001 0.0
1.1166666666666676 0.0
1.1333333333333342 0.0
1.1500000000000008 0.0
1.1666666666666674 0.0
1.183333333333334 0.0
1.2000000000000006 0.0
1.2166666666666672 0.0
1.2333333333333338 0.0
1.2500000000000004 0.0
1.266666666666667 0.0
1.2833333333333337 0.0
1.3000000000000003 0.0
1.3166666666666669 0.0
1.3333333333333335 0.0
1.35 0.0
1.3666666666666667 0.0
1.3833333333333333 0.0
1.4 0.0
1.4166666666666665 0.0
1.4333333333333331 0.0
1.4499999999999997 0.0
1.4666666666666663 0.0
1.483333333333333 0.0
1.4999999999999996 0.0
1.5166666666666662 0.0
1.5333333333333328 0.0
1.5499999999999994 0.0
1.566666666666666 0.0
1.5833333333333326 0.0
1.5999999999999992 0.0
1.6166666666666658 0.0
1.6333333333333324 0.0
1.649999999999999 0.0
1.6666666666666656 0.0
1.6833333333333322 0.0
1.6999999999999988 0.0
1.7166666666666655 0.0
1.733333333333332 0.0
1.7499999999999987 0.0
1.7666666666666653 0.0
1.7833333333333319 0.0
1.7999999999999985 0.0
1.816666666666665 0.0
1.8333333333333317 0.0
1.8499999999999983 0.0
1.866666666666665 0.0
1.8833333333333315 0.0
1.8999999999999981 0.0
1.9166666666666647 0.0
1.9333333333333313 0.0
1.949999999999998 0.0
1.9666666666666646 0.0
1.9833333333333312 0.0
1.9999999999999978 0.0
2.0166666666666644 0.0
2.033333333333331 0.0
2.0499999999999976 0.0
2.066666666666664 0.0
2.083333333333331 0.0
2.0999999999999974 0.0
2.116666666666664 0.0
2.1333333333333306 0.0
2.1499999999999972 0.0
2.166666666666664 0.0
2.1833333333333305 0.0
2.199999999999997 0.0
2.2166666666666637 0.0
2.2333333333333303 0.0
2.249999999999997 0.0
2.2666666666666635 0.0
2.28333333333333 0.0
2.2999999999999967 0.0
2.3166666666666633 0.0
2.33333333333333 0.0
2.3499999999999965 0.0
2.366666666666663 0.0
2.3833333333333298 0.0
2.3999999999999964 0.0
2.416666666666663 0.0
2.4333333333333296 0.0
2.449999999999996 0.0
2.466666666666663 0.0
2.4833333333333294 0.0
2.499999999999996 0.0
2.5166666666666626 0.0
2.533333333333329 0.0
2.549999999999996 0.0
2.5666666666666624 0.0
2.583333333333329 0.0
2.5999999999999956 0.0
2.6166666666666623 0.0
2.633333333333329 0.0
2.6499999999999955 0.0
2.666666666666662 0.0
2.6833333333333287 0.0
2.6999999999999953 0.0
2.716666666666662 0.0
2.7333333333333285 0.0
2.749999999999995 0.0
2.7666666666666617 0.0
2.7833333333333283 0.0
2.799999999999995 0.0
2.8166666666666615 0.0
2.833333333333328 0.0
2.8499999999999948 0.0
2.8666666666666614 0.0
2.883333333333328 0.0
2.8999999999999946 0.0
2.916666666666661 0.0
2.933333333333328 0.0
2.9499999999999944 0.0
2.966666666666661 0.0
2.9833333333333276 0.0
2.9999999999999942 0.0
3.016666666666661 0.0
3.0333333333333274 0.0
3.049999999999994 0.0
3.0666666666666607 0.0
3.0833333333333273 0.0
3.099999999999994 0.0
3.1166666666666605 0.0
3.133333333333327 0.0
3.1499999999999937 0.0
3.1666666666666603 0.0
3.183333333333327 0.0
3.1999999999999935 0.0
3.21666666666666 0.0
3.2333333333333267 0.0
3.2499999999999933 0.0
3.26666666666666 0.0
3.2833333333333266 0.0
3.299999999999993 0.0
3.3166666666666598 0.0
3.3333333333333264 0.0
3.349999999999993 0.0
3.3666666666666596 0.0
3.383333333333326 0.0
3.399999999999993 0.0
3.4166666666666594 0.0
3.433333333333326 0.0
3.4499999999999926 0.0
3.4666666666666592 0.0
3.483333333333326 0.0
3.4999999999999925 0.0
3.516666666666659 0.0
3.5333333333333257 0.0
3.5499999999999923 0.0
3.566666666666659 0.0
3.5833333333333255 0.0
3.599999999999992 0.0
3.6166666666666587 0.0
3.6333333333333253 0.0
3.649999999999992 0.0
3.6666666666666585 0.0
3.683333333333325 0.0
3.6999999999999917 0.0
3.7166666666666583 0.0
3.733333333333325 0.0
3.7499999999999916 0.0
3.766666666666658 0.0
3.7833333333333248 0.0
3.7999999999999914 0.0
3.816666666666658 0.0
3.8333333333333246 0.0
3.849999999999991 0.0
3.866666666666658 0.0
3.8833333333333244 0.0
3.899999999999991 0.0
3.9166666666666576 0.0
3.9333333333333242 0.0
3.949999999999991 0.0
3.9666666666666575 0.0
3.983333333333324 0.0
3.9999999999999907 0.0
4.016666666666658 0.0
4.033333333333324 0.0
4.049999999999991 0.0
4.0666666666666575 0.0
4.083333333333324 0.0
4.099999999999991 0.0
4.116666666666657 0.0
4.133333333333324 0.0
4.149999999999991 0.0
4.166666666666657 0.0
4.183333333333324 0.0
4.19999999999999 0.0
4.216666666666657 0.0
4.233333333333324 0.0
4.24999999999999 0.0
4.266666666666657 0.0
4.2833333333333234 0.0
4.29999999999999 0.0
4.316666666666657 0.0
4.333333333333323 0.0
4.34999999999999 0.0
4.3666666666666565 0.0
4.383333333333323 0.0
4.39999999999999 0.0
4.416666666666656 0.0
4.433333333333323 0.0
4.4499999999999895 0.0
4.466666666666656 0.0
4.483333333333323 0.0
4.499999999999989 0.0
4.516666666666656 0.0
4.533333333333323 0.0
4.549999999999989 0.0
4.566666666666656 0.0
4.583333333333322 0.0
4.599999999999989 0.0
4.616666666666656 0.0
4.633333333333322 0.0
4.649999999999989 0.0
4.666666666666655 0.0
4.683333333333322 0.0
4.699999999999989 0.0
4.716666666666655 0.0
4.733333333333322 0.0
4.7499999999999885 0.0
4.766666666666655 0.0
4.783333333333322 0.0
4.799999999999988 0.0
4.816666666666655 0.0
4.8333333333333215 0.0
4.849999999999988 0.0
4.866666666666655 0.0
4.883333333333321 0.0
4.899999999999988 0.0
4.9166666666666545 0.0
4.933333333333321 0.0
4.949999999999988 0.0
4.966666666666654 0.0
4.983333333333321 0.0
4.999999999999988 0.0
5.016666666666654 0.0
5.033333333333321 0.0
5.049999999999987 0.0
5.066666666666654 0.0
5.083333333333321 0.0
5.099999999999987 0.0
5.116666666666654 0.0
5.13333333333332 0.0
5.149999999999987 0.0
5.166666666666654 0.0
5.18333333333332 0.0
5.199999999999987 0.0
5.2166666666666535 0.0
5.23333333333332 0.0
5.249999999999987 0.0
5.266666666666653 0.0
5.28333333333332 0.0
5.2999999999999865 0.0
5.316666666666653 0.0
5.33333333333332 0.0
5.349999999999986 0.0
5.366666666666653 0.0
5.3833333333333195 0.0
5.399999999999986 0.0
5.416666666666653 0.0
5.433333333333319 0.0
5.449999999999986 0.0
5.466666666666653 0.0
5.483333333333319 0.0
5.499999999999986 0.0
5.516666666666652 0.0
5.533333333333319 0.0
5.549999999999986 0.0
5.566666666666652 0.0
5.583333333333319 0.0
5.599999999999985 0.0
5.616666666666652 0.0
5.633333333333319 0.0
5.649999999999985 0.0
5.666666666666652 0.0
5.6833333333333185 0.0
5.699999999999985 0.0
5.716666666666652 0.0
5.733333333333318 0.0
5.749999999999985 0.0
5.7666666666666515 0.0
5.783333333333318 0.0
5.799999999999985 0.0
5.816666666666651 0.0
5.833333333333318 0.0
5.8499999999999845 0.0
5.866666666666651 0.0
5.883333333333318 0.0
5.899999999999984 0.0
5.916666666666651 0.0
5.933333333333318 0.0
5.949999999999984 0.0
5.966666666666651 0.0
5.983333333333317 0.0
5.999999999999984 0.0
6.016666666666651 0.0
6.033333333333317 0.0
6.049999999999984 0.0
6.06666666666665 0.0
6.083333333333317 0.0
6.099999999999984 0.0
6.11666666666665 0.0
6.133333333333317 0.0
6.1499999999999835 0.0
6.16666666666665 0.0
6.183333333333317 0.0
6.199999999999983 0.0002309886
6.21666666666665 0.0
6.2333333333333165 0.0
6.249999999999983 0.0002309886
6.26666666666665 0.0
6.283333333333316 0.0002309886
6.299999999999983 0.0002309886
6.3166666666666496 0.0002309886
6.333333333333316 0.0002309886
6.349999999999983 0.0002309886
6.366666666666649 0.0002309886
6.383333333333316 0.0002309886
6.399999999999983 0.0002309886
6.416666666666649 0.0002309886
6.433333333333316 0.0002309886
6.449999999999982 0.0002309886
6.466666666666649 0.0002309886
6.483333333333316 0.0002309886
6.499999999999982 0.0002309886
6.516666666666649 0.00051972435
6.5333333333333155 0.00075071295
6.549999999999982 0.00075071295
6.566666666666649 0.00075071295
6.583333333333315 0.00075071295
6.599999999999982 0.00075071295
6.6166666666666485 0.00075071295
6.633333333333315 0.0010394487
6.649999999999982 0.0010394487
6.666666666666648 0.0
6.683333333333315 0.0
6.6999999999999815 0.0
6.716666666666648 0.0
6.733333333333315 0.0
6.749999999999981 0.0
6.766666666666648 0.0
6.783333333333315 0.0
6.799999999999981 0.0
6.816666666666648 0.0
6.833333333333314 0.0
6.849999999999981 0.0
6.866666666666648 0.0
6.883333333333314 0.00236763315
6.899999999999981 0.00236763315
6.916666666666647 0.0026563689
6.933333333333314 0.0029451046499999996
6.949999999999981 0.00317609325
6.966666666666647 0.00317609325
6.983333333333314 0.0034648289999999996
6.9999999999999805 0.00375356475
7.016666666666647 0.00398455335
7.033333333333314 0.0045042777
7.04999999999998 0.00456202485
7.066666666666647 0.00479301345
7.0833333333333135 0.005081749199999999
7.09999999999998 0.005081749199999999
7.116666666666647 0.00537048495
7.133333333333313 0.00560147355
7.14999999999998 0.005890209299999999
7.1666666666666465 0.00617894505
7.183333333333313 0.00617894505
7.19999999999998 0.00640993365
7.216666666666646 0.0066986694
7.233333333333313 0.00698740515
7.24999999999998 0.00721839375
7.266666666666646 0.0075071295
7.283333333333313 0.00779586525
7.299999999999979 0.00802685385
7.316666666666646 0.0083155896
7.333333333333313 0.008546578199999998
7.349999999999979 0.00883531395
7.366666666666646 0.0091240497
7.383333333333312 0.00964377405
7.399999999999979 0.0099325098
7.416666666666646 0.010163498399999998
7.433333333333312 0.01045223415
7.449999999999979 0.0107409699
7.4666666666666455 0.01126069425
7.483333333333312 0.01154943
7.499999999999979 0.011780418599999998
7.516666666666645 0.0123578901
7.533333333333312 0.012588878699999998
7.5499999999999785 0.0131663502
7.566666666666645 0.0133973388
7.583333333333312 0.0139748103
7.599999999999978 0.014205798899999999
7.616666666666645 0.0147832704
7.6333333333333115 0.01530299475
7.649999999999978 0.0155917305
7.666666666666645 0.01611145485
7.683333333333311 0.0166311792
7.699999999999978 0.016919914949999997
7.716666666666645 0.017439639299999997
7.733333333333311 0.0180171108
7.749999999999978 0.0182480994
7.766666666666644 0.0188255709
7.783333333333311 0.019345295250000002
7.799999999999978 0.0198650196
7.816666666666644 0.020442491099999998
7.833333333333311 0.02096221545
7.849999999999977 0.0214819398
7.866666666666644 0.022059411299999998
7.883333333333311 0.02257913565
7.899999999999977 0.02309886
7.916666666666644 0.023676331499999998
7.9333333333333105 0.02419605585
7.949999999999977 0.0247157802
7.966666666666644 0.025293251699999998
7.98333333333331 0.02581297605
7.999999999999977 0.0263327004
8.016666666666644 0.0269101719
8.033333333333312 0.02742989625
8.04999999999998 0.028238356349999997
8.066666666666647 0.02881582785
8.083333333333314 0.0293355522
8.099999999999982 0.0301440123
8.11666666666665 0.03066373665
8.133333333333317 0.03147219675
8.149999999999984 0.03228065685
8.166666666666652 0.03280038119999999
8.18333333333332 0.0336088413
8.199999999999987 0.03447504855
8.216666666666654 0.035225761499999994
8.233333333333322 0.0360342216
8.24999999999999 0.03690042885
8.266666666666657 0.0376511418
8.283333333333324 0.038517349050000003
8.299999999999992 0.039556797750000004
8.31666666666666 0.04059624645
8.333333333333327 0.041404706549999996
8.349999999999994 0.042213166649999995
8.366666666666662 0.04279063815
8.38333333333333 0.043599098249999996
8.399999999999997 0.04440755835
8.416666666666664 0.04544700705
8.433333333333332 0.0465442029
8.45 0.047699145899999996
8.466666666666667 0.048161123099999995
8.483333333333334 0.04925831895
8.500000000000002 0.050066779049999996
8.51666666666667 0.0511639749
8.533333333333337 0.05226117075
8.550000000000004 0.05306963085
8.566666666666672 0.0538203438
8.58333333333334 0.054975286799999995
8.600000000000007 0.05578374689999999
8.616666666666674 0.056823195599999994
8.633333333333342 0.0576316557
8.65000000000001 0.0584401158
8.666666666666677 0.060057036
8.683333333333344 0.06138522044999999
8.700000000000012 0.062309174849999996
8.71666666666668 0.06381060075
8.733333333333347 0.06496554375
8.750000000000014 0.06536977379999999
8.766666666666682 0.06681345255
8.78333333333335 0.06814163699999999
8.800000000000017 0.0689500971
8.816666666666684 0.06952756859999999
8.833333333333352 0.06975855719999999
8.85000000000002 0.07120223595
8.866666666666687 0.07281915615
8.883333333333354 0.0742628349
8.900000000000022 0.07605299654999999
8.91666666666669 0.0776121696
8.933333333333357 0.0778431582
8.950000000000024 0.07842062970000001
8.966666666666692 0.0786516183
8.98333333333336 0.08055727424999999
9.000000000000027 0.08217419445
9.016666666666694 0.08407985039999999
9.033333333333362 0.08575451775
9.05000000000003 0.08685171359999999
9.066666666666697 0.0880066566
9.083333333333364 0.08945033535
9.100000000000032 0.0903165426
9.1166666666667 0.0917024742
9.133333333333367 0.09441659025
9.150000000000034 0.09655323479999998
9.166666666666702 0.09805466069999999
9.183333333333369 0.09915185655
9.200000000000037 0.10013355809999999
9.216666666666704 0.10134624824999999
9.233333333333372 0.10261668554999999
9.250000000000039 0.10388712284999999
9.266666666666707 0.1054462959
9.283333333333374 0.106254756
9.300000000000042 0.1078716762
9.316666666666709 0.10896887205
9.333333333333377 0.10896887205
9.350000000000044 0.10977733214999999
9.366666666666712 0.11220271244999999
9.383333333333379 0.11324216114999999
9.400000000000047 0.11566754145
9.416666666666714 0.11861264609999998
9.433333333333382 0.12074929065000001
9.450000000000049 0.12236621085
9.466666666666717 0.12398313104999999
9.483333333333384 0.12346340669999999
9.500000000000052 0.1161872658
9.516666666666719 0.11566754145
9.533333333333387 0.12294368235
9.550000000000054 0.12560005124999998
9.566666666666721 0.12398313104999999
9.583333333333389 0.12398313104999999
9.600000000000056 0.1242718668
9.616666666666724 0.12802543154999999
9.633333333333391 0.1301620761
9.650000000000059 0.13206773205
9.666666666666726 0.1352438253
9.683333333333394 0.13714948124999998
9.700000000000061 0.14090304599999998
9.716666666666729 0.14061431024999999
9.733333333333396 0.13980585015
9.750000000000064 0.1368607455
9.766666666666731 0.13743821699999997
9.783333333333399 0.12987334035
9.800000000000066 0.129353616
9.816666666666734 0.13605228539999997
9.833333333333401 0.14038332165
9.850000000000069 0.13957486154999998
9.866666666666736 0.14038332165
9.883333333333404 0.14546507085
9.900000000000071 0.15031583145
9.916666666666739 0.15378066045
9.933333333333406 0.15054682005
9.950000000000074 0.1556863164
9.966666666666741 0.16319344589999998
9.983333333333409 0.16694701065
10.000000000000076 0.1707005754
10.016666666666744 0.17422315154999998
10.033333333333411 0.17364568005
10.050000000000079 0.17797671629999998
10.066666666666746 0.1838669256
10.083333333333414 0.187100766
10.100000000000081 0.1830584655
10.116666666666749 0.18034434945
10.133333333333416 0.17687952045
10.150000000000084 0.17797671629999998
10.166666666666751 0.18034434945
10.183333333333419 0.18438664994999998
10.200000000000086 0.18629230589999998
10.216666666666754 0.187100766
10.233333333333421 0.18894867479999997
10.250000000000089 0.19166279085
10.266666666666756 0.19247125095
10.283333333333424 0.1921825152
10.300000000000091 0.19379943539999997
10.316666666666759 0.19674454005
10.333333333333426 0.19997838045
10.350000000000094 0.2004981048
10.366666666666761 0.20020936905
10.383333333333429 0.20078684054999998
10.400000000000096 0.20159530065
10.416666666666764 0.20101782915
10.433333333333431 0.20159530065
10.450000000000099 0.2013065649
10.466666666666766 0.20321222084999999
10.483333333333434 0.20454040529999998
10.500000000000101 0.20240376075
10.516666666666769 0.20182628924999998
10.533333333333436 0.20101782915
10.550000000000104 0.20402068094999998
10.566666666666771 0.205579854
10.583333333333439 0.2047713939
10.600000000000106 0.20910243015
10.616666666666774 0.21095033894999998
10.633333333333441 0.20939116589999998
10.650000000000109 0.2104306146
10.666666666666776 0.213664455
10.683333333333444 0.21470390369999998
10.700000000000111 0.21712928399999998
10.716666666666779 0.21822647985
10.733333333333446 0.2193236757
10.750000000000114 0.21285599489999998
10.766666666666781 0.2163208239
10.783333333333449 0.2187462042
10.800000000000116 0.2177067555
10.816666666666784 0.2179377441
10.833333333333451 0.22198004459999998
10.850000000000119 0.22330822905
10.866666666666786 0.2262533337
10.883333333333454 0.23000689845
10.900000000000121 0.23381821035
10.916666666666789 0.23699430359999998
10.933333333333456 0.23676331499999997
10.950000000000124 0.23433793469999997
10.966666666666791 0.23433793469999997
10.983333333333459 0.2361858435
11.000000000000126 0.24074786834999998
11.016666666666794 0.2453098932
11.033333333333461 0.24213379994999998
11.050000000000129 0.2410366041
11.066666666666796 0.24317324865
11.083333333333464 0.24640708905
11.100000000000131 0.24317324865
11.116666666666799 0.2477352735
11.133333333333466 0.24802400924999998
11.150000000000134 0.25125784965
11.166666666666801 0.25605086309999997
11.183333333333469 0.25258603409999997
11.200000000000136 0.24964092945000002
11.216666666666804 0.25148883825
11.233333333333471 0.255242403
11.250000000000139 0.25957343925
11.266666666666806 0.26280727965
11.283333333333474 0.26598337289999996
11.300000000000141 0.27135385785
11.316666666666809 0.27193132935
11.333333333333476 0.27377923815
11.350000000000144 0.26973693765
11.366666666666811 0.2641354641
11.383333333333479 0.26517491279999994
11.400000000000146 0.26598337289999996
11.416666666666814 0.26038189935
11.433333333333481 0.26199881955
11.450000000000149 0.2568593232
11.466666666666816 0.2582452548
11.483333333333483 0.2617100838
11.500000000000151 0.25957343925
11.516666666666818 0.2625185439
11.533333333333486 0.26656084439999994
11.550000000000153 0.26973693765
11.566666666666821 0.2700256734
11.583333333333488 0.27135385785
11.600000000000156 0.2732595138
11.616666666666823 0.2716425936
11.633333333333491 0.266791833
11.650000000000158 0.26465518845
11.666666666666826 0.27193132935
11.683333333333493 0.27672434279999997
11.700000000000161 0.27193132935
11.716666666666828 0.27406797390000004
11.733333333333496 0.2708341335
11.750000000000163 0.27701307854999996
11.766666666666831 0.2676002931
11.783333333333498 0.27458769824999996
11.800000000000166 0.28319202359999995
11.816666666666833 0.28937096865
11.833333333333501 0.29393299349999996
11.850000000000168 0.28775404844999997
11.866666666666836 0.28452020804999995
11.883333333333503 0.28186383915
11.90000000000017 0.2866568526
11.916666666666838 0.29606963805
11.933333333333506 0.3030570432
11.950000000000173 0.2998232028
11.96666666666684 0.2982062826
11.983333333333508 0.2990147427
12.000000000000176 0.2995922142
12.016666666666843 0.297975294
12.03333333333351 0.29017942875
12.050000000000178 0.28452020804999995
12.066666666666846 0.28024691895
12.083333333333513 0.2848089438
12.10000000000018 0.2915076132
12.116666666666848 0.30011193855
12.133333333333516 0.30144012299999995
12.150000000000183 0.29341326915
12.16666666666685 0.29283579764999995
12.183333333333518 0.2965893624
12.200000000000186 0.30224858309999997
12.216666666666853 0.30034292714999994
12.23333333333352 0.2888512443
12.250000000000188 0.29041041735
12.266666666666856 0.2882737728
12.283333333333523 0.2947414536
12.30000000000019 0.29422172924999995
12.316666666666858 0.29422172924999995
12.333333333333526 0.297975294
12.350000000000193 0.30467396339999997
12.36666666666686 0.30761906805
12.383333333333528 0.30813879240000003
12.400000000000196 0.30519368775
12.416666666666863 0.31085290844999997
12.43333333333353 0.30467396339999997
12.450000000000198 0.3030570432
12.466666666666866 0.3113726328
12.483333333333533 0.3089472525
12.5000000000002 0.3079078038
12.516666666666868 0.312989553
12.533333333333536 0.31027543695
12.550000000000203 0.31108389704999995
12.56666666666687 0.31108389704999995
12.583333333333538 0.3137980131
12.600000000000206 0.32401925865
12.616666666666873 0.32049668249999996
12.63333333333354 0.3172628421
12.650000000000208 0.32401925865
12.666666666666876 0.31755157785
12.683333333333543 0.3113726328
12.70000000000021 0.31836003794999995
12.716666666666878 0.3065218722
12.733333333333546 0.30438522765
12.750000000000213 0.30813879240000003
12.76666666666688 0.30952472400000003
12.783333333333548 0.2995922142
12.800000000000216 0.28613712825
12.816666666666883 0.28105537905
12.83333333333355 0.14719748535
12.850000000000218 0.1929909753
12.866666666666886 0.26950594904999997
12.883333333333553 0.29687809815
12.90000000000022 0.304904952
12.916666666666888 0.3172628421
12.933333333333556 0.32586716745
12.950000000000223 0.3146064732
12.96666666666689 0.30952472400000003
12.983333333333558 0.3105641727
13.000000000000226 0.31108389704999995
13.016666666666893 0.3089472525
13.03333333333356 0.2965893624
13.050000000000228 0.29768655825
13.066666666666896 0.3073303323
13.083333333333563 0.3113726328
13.10000000000023 0.3137980131
13.116666666666898 0.30600214785
13.133333333333566 0.30034292714999994
13.150000000000233 0.31246982864999995
13.1666666666669 0.32049668249999996
13.183333333333568 0.3371278617
13.200000000000236 0.33551094149999994
13.216666666666903 0.3320461125
13.23333333333357 0.33233484825
13.250000000000238 0.33094891665
13.266666666666906 0.3296207322
13.283333333333573 0.3221136027
13.30000000000024 0.32078541824999995
13.316666666666908 0.31408674885
13.333333333333576 0.30813879240000003
13.350000000000243 0.30195984735
13.36666666666691 0.29526117795
13.383333333333578 0.2982062826
13.400000000000245 0.30144012299999995
13.416666666666913 0.30438522765
13.43333333333358 0.3054824235
13.450000000000248 0.31350927735
13.466666666666915 0.31755157785
13.483333333333583 0.32240233845
13.50000000000025 0.32049668249999996
13.516666666666918 0.31916849804999997
13.533333333333585 0.31755157785
13.550000000000253 0.31246982864999995
13.56666666666692 0.30952472400000003
13.583333333333588 0.31246982864999995
13.600000000000255 0.31431773744999997
13.616666666666923 0.312989553
13.63333333333359 0.30813879240000003
13.650000000000258 0.3105641727
13.666666666666925 0.30923598825
13.683333333333593 0.3089472525
13.70000000000026 0.3087162639
13.716666666666928 0.30571341209999997
13.733333333333595 0.30761906805
13.750000000000263 0.3062908836
13.76666666666693 0.29930347845
13.783333333333598 0.30115138724999996
13.800000000000265 0.30034292714999994
13.816666666666933 0.29849501835
13.8333333333336 0.30195984735
13.850000000000268 0.30761906805
13.866666666666935 0.30034292714999994
13.883333333333603 0.29768655825
13.90000000000027 0.29606963805
13.916666666666938 0.29497244219999996
13.933333333333605 0.29364425774999997
13.950000000000273 0.29768655825
13.96666666666694 0.29393299349999996
13.983333333333608 0.2906991531
14.000000000000275 0.28937096865
14.016666666666943 0.29364425774999997
14.03333333333361 0.2915076132
14.050000000000278 0.286425864
14.066666666666945 0.28267229925
14.083333333333613 0.28209482775
14.10000000000028 0.2850399324
14.116666666666948 0.28319202359999995
14.133333333333615 0.28290328784999996
14.150000000000283 0.2815751034
14.16666666666695 0.28319202359999995
14.183333333333618 0.2888512443
14.200000000000285 0.2896597044
14.216666666666953 0.2866568526
14.23333333333362 0.28428921944999996
14.250000000000288 0.28024691895
14.266666666666955 0.2775328029
14.283333333333623 0.27782153865
14.30000000000029 0.27591588269999995
14.316666666666958 0.27458769824999996
14.333333333333625 0.2724510537
14.350000000000293 0.27135385785
14.36666666666696 0.27054539774999997
14.383333333333628 0.2676002931
14.400000000000295 0.26708056874999997
14.416666666666963 0.26465518845
14.43333333333363 0.2649439242
14.450000000000298 0.26736930449999996
14.466666666666965 0.266791833
14.483333333333633 0.27031440915
14.5000000000003 0.2681777646
14.516666666666968 0.26517491279999994
14.533333333333635 0.26361573975
14.550000000000303 0.25714805895
14.56666666666697 0.25368322995
14.583333333333638 0.25068037815
14.600000000000305 0.24750428489999995
14.616666666666973 0.24640708905
14.63333333333364 0.2466958248
14.650000000000308 0.2466958248
14.666666666666975 0.24611835329999995
14.683333333333643 0.2453098932
14.70000000000031 0.24317324865
14.716666666666978 0.24294226004999997
14.733333333333645 0.24132533985000001
14.750000000000313 0.24051687975
14.76666666666698 0.240228144
14.783333333333648 0.23970841964999998
14.800000000000315 0.23809149945
14.816666666666983 0.2359548549
14.83333333333365 0.2351463948
14.850000000000318 0.2359548549
14.866666666666985 0.23485765905
14.883333333333653 0.23433793469999997
14.90000000000032 0.23300975025
14.916666666666988 0.23110409429999998
14.933333333333655 0.22977590985
14.950000000000323 0.22867871399999998
14.96666666666699 0.22544487359999998
14.983333333333658 0.2235969648
15.000000000000325 0.2235969648
15.016666666666993 0.22169130885
15.03333333333366 0.21955466429999998
15.050000000000328 0.21741801975
15.066666666666995 0.21580109955
15.083333333333663 0.21285599489999998
15.10000000000033 0.21291374205
15.116666666666998 0.21210528195
15.133333333333665 0.21210528195
15.150000000000333 0.2110080861
15.166666666667 0.20939116589999998
15.183333333333668 0.20748550994999998
15.200000000000335 0.2047713939
15.216666666667003 0.20402068094999998
15.23333333333367 0.20344320945
15.250000000000338 0.20344320945
15.266666666667005 0.20055585194999997
15.283333333333672 0.20101782915
15.30000000000034 0.1970332758
15.316666666667007 0.1956473442
15.333333333333675 0.19327971105
15.350000000000342 0.19120081365
15.36666666666701 0.18958389344999999
15.383333333333677 0.18635005305
15.400000000000345 0.18392467275
15.416666666667012 0.18369368414999998
15.43333333333368 0.1825964883
15.450000000000347 0.18288522405
15.466666666667015 0.1809795681
15.483333333333682 0.17930490075
15.50000000000035 0.11636050725
15.516666666667017 0.0925109343
15.533333333333685 0.1352438253
15.550000000000352 0.13287619215
15.56666666666702 0.1672357464
15.583333333333687 0.16885266659999998
15.600000000000355 0.1680442065
15.616666666667022 0.16561882619999999
15.63333333333369 0.16746673499999998
15.650000000000357 0.16746673499999998
15.666666666667025 0.16694701065
15.683333333333692 0.1666582749
15.70000000000036 0.1648103661
15.716666666667027 0.1623849858
15.733333333333695 0.1615765257
15.750000000000362 0.15822719100000002
15.76666666666703 0.15066231435
15.783333333333697 0.08685171359999999
15.800000000000365 0.1117984824
15.816666666667032 0.13068180045
15.8333333333337 0.13888189574999998
15.850000000000367 0.12710147715
15.866666666667035 0.11341540259999999
15.883333333333702 0.0967842234
15.90000000000037 0.09822790215
15.916666666667037 0.09418560164999999
15.933333333333705 0.08587001205
15.950000000000372 0.0829249074
15.96666666666704 0.08425309185
15.983333333333707 0.1076406876
16.000000000000373 0.0772656867
16.01666666666704 0.0
16.033333333333704 0.07004729295
16.05000000000037 0.0665247168
16.066666666667036 0.0640993365
16.0833333333337 0.06254016344999999
16.100000000000367 0.0606345075
16.116666666667033 0.056592207
16.1333333333337 0.05122172205
16.150000000000365 0.04452305265
16.16666666666703 0.038113119
16.183333333333696 0.03297362264999999
16.20000000000036 0.0292200579
16.216666666667027 0.026563689
16.233333333333693 0.024658033049999997
16.25000000000036 0.02304111285
16.266666666667025 0.021712928399999998
16.28333333333369 0.020615732549999998
16.300000000000356 0.01980727245
16.31666666666702 0.0192875481
16.333333333333687 0.01876782375
16.350000000000353 0.01853683515
16.36666666666702 0.01830584655
16.383333333333685 0.0180171108
16.40000000000035 0.0180171108
16.416666666667016 0.0180171108
16.43333333333368 0.0180171108
16.450000000000347 0.0180171108
16.466666666667013 0.0180171108
16.48333333333368 0.0180171108
16.500000000000345 0.0182480994
16.51666666666701 0.01853683515
16.533333333333676 0.01853683515
16.55000000000034 0.01853683515
16.566666666667007 0.01853683515
16.583333333333673 0.01853683515
16.60000000000034 0.0182480994
16.616666666667005 0.0182480994
16.63333333333367 0.0180171108
16.650000000000336 0.0180171108
16.666666666667002 0.0180171108
16.683333333333668 0.0180171108
16.700000000000333 0.01772837505
16.716666666667 0.01772837505
16.733333333333665 0.01772837505
16.75000000000033 0.01772837505
16.766666666666996 0.01772837505
16.783333333333662 0.01772837505
16.800000000000328 0.01772837505
16.816666666666993 0.0180171108
16.83333333333366 0.0180171108
16.850000000000325 0.0180171108
16.86666666666699 0.0180171108
16.883333333333656 0.0180171108
16.900000000000322 0.0182480994
16.916666666666988 0.01853683515
16.933333333333653 0.01876782375
16.95000000000032 0.0190565595
16.966666666666985 0.01957628385
16.98333333333365 0.02038474395
17.000000000000316 0.021193204049999997
17.016666666666982 0.02200166415
17.033333333333648 0.0228678714
17.050000000000313 0.02338759575
17.06666666666698 0.023907320099999997
17.083333333333645 0.02419605585
17.10000000000031 0.0247157802
17.116666666666976 0.025004515949999997
17.133333333333642 0.025293251699999998
17.150000000000308 0.02581297605
17.166666666666973 0.02581297605
17.18333333333364 0.02604396465
17.200000000000305 0.0263327004
17.21666666666697 0.0263327004
17.233333333333636 0.02662143615
17.250000000000302 0.02685242475
17.266666666666968 0.02685242475
17.283333333333633 0.0269101719
17.3000000000003 0.02662143615
17.316666666666965 0.0263327004
17.33333333333363 0.0261017118
17.350000000000296 0.02581297605
17.366666666666962 0.0255242403
17.383333333333628 0.025293251699999998
17.400000000000293 0.0247157802
17.41666666666696 0.024484791599999996
17.433333333333625 0.023907320099999997
17.45000000000029 0.023676331499999998
17.466666666666956 0.02338759575
17.483333333333622 0.02309886
17.500000000000288 0.0228678714
17.516666666666953 0.0228678714
17.53333333333362 0.0228678714
17.550000000000285 0.0228678714
17.56666666666695 0.02309886
17.583333333333616 0.02338759575
17.600000000000282 0.02419605585
17.616666666666948 0.023676331499999998
17.633333333333614 0.02309886
17.65000000000028 0.0222903999
17.666666666666945 0.0214819398
17.68333333333361 0.02096221545
17.700000000000276 0.020442491099999998
17.716666666666942 0.020442491099999998
17.733333333333608 0.020153755349999997
17.750000000000274 0.020673479699999997
17.76666666666694 0.0212509512
17.783333333333605 0.020673479699999997
17.80000000000027 0.0198650196
17.816666666666936 0.0198650196
17.833333333333602 0.019634031
17.850000000000268 0.01911430665
17.866666666666934 0.0188255709
17.8833333333336 0.01830584655
17.900000000000265 0.0180171108
17.91666666666693 0.01749738645
17.933333333333596 0.016919914949999997
17.950000000000262 0.0166311792
17.966666666666928 0.016400190599999996
17.983333333333594 0.0158227191
18.00000000000026 0.0153607419
18.016666666666925 0.0147832704
18.03333333333359 0.01426354605
18.050000000000257 0.0139748103
18.066666666666922 0.01345508595
18.083333333333588 0.0131663502
18.100000000000254 0.012646625849999999
18.11666666666692 0.0123578901
18.133333333333585 0.011838165749999999
18.15000000000025 0.01126069425
18.166666666666917 0.011029705649999999
18.183333333333582 0.01045223415
18.200000000000248 0.010221245549999999
18.216666666666914 0.0099325098
18.23333333333358 0.00941278545
18.250000000000245 0.0091240497
18.26666666666691 0.00883531395
18.283333333333577 0.008604325349999999
18.300000000000242 0.0083155896
18.316666666666908 0.00802685385
18.333333333333574 0.00779586525
18.35000000000024 0.00721839375
18.366666666666905 0.00721839375
18.38333333333357 0.00698740515
18.400000000000237 0.0066986694
18.416666666666902 0.00640993365
18.433333333333568 0.00617894505
18.450000000000234 0.005890209299999999
18.4666666666669 0.005890209299999999
18.483333333333565 0.00560147355
18.50000000000023 0.00537048495
18.516666666666897 0.005081749199999999
18.533333333333562 0.00479301345
18.550000000000228 0.00456202485
18.566666666666894 0.00456202485
18.58333333333356 0.004273289099999999
18.600000000000225 0.00398455335
18.61666666666689 0.0034648289999999996
18.633333333333557 0.00317609325
18.650000000000222 0.00317609325
18.666666666666888 0.0029451046499999996
18.683333333333554 0.0026563689
18.70000000000022 0.0026563689
18.716666666666885 0.00236763315
18.73333333333355 0.00236763315
18.750000000000217 0.0
18.766666666666882 0.0
18.783333333333548 0.0
18.800000000000214 0.0
18.81666666666688 0.0
18.833333333333545 0.0
18.85000000000021 0.0
18.866666666666877 0.0
18.883333333333542 0.0
18.900000000000208 0.0
18.916666666666874 0.0
18.93333333333354 0.0
18.950000000000205 0.0
18.96666666666687 0.0
18.983333333333537 0.0010394487
19.000000000000203 0.0010394487
19.01666666666687 0.0010394487
19.033333333333534 0.00075071295
19.0500000000002 0.00075071295
19.066666666666865 0.00075071295
19.08333333333353 0.00075071295
19.100000000000197 0.00075071295
19.116666666666863 0.00075071295
19.13333333333353 0.00075071295
19.150000000000194 0.00051972435
19.16666666666686 0.00051972435
19.183333333333525 0.00051972435
19.20000000000019 0.0002309886
19.216666666666857 0.0002309886
19.233333333333523 0.0002309886
19.25000000000019 0.0002309886
19.266666666666854 0.0002309886
19.28333333333352 0.0002309886
19.300000000000185 0.0002309886
19.31666666666685 0.0002309886
19.333333333333517 0.0002309886
19.350000000000183 0.0002309886
19.36666666666685 0.0002309886
19.383333333333514 0.0002309886
19.40000000000018 0.0002309886
19.416666666666845 0.0002309886
19.43333333333351 0.0002309886
19.450000000000177 0.0002309886
19.466666666666843 0.0002309886
19.48333333333351 0.0002309886
19.500000000000174 0.0
19.51666666666684 0.0
19.533333333333506 0.0
19.55000000000017 0.0
19.566666666666837 0.0
19.583333333333503 0.0
19.60000000000017 0.0
19.616666666666834 0.0
19.6333333333335 0.0
19.650000000000166 0.0
19.66666666666683 0.0
19.683333333333497 0.0
19.700000000000163 0.0
19.71666666666683 0.0
19.733333333333494 0.0
19.75000000000016 0.0
19.766666666666826 0.0
19.78333333333349 0.0
19.800000000000157 0.0
19.816666666666823 0.0
19.83333333333349 0.0
19.850000000000154 0.0
19.86666666666682 0.0
19.883333333333486 0.0
19.90000000000015 0.0
19.916666666666817 0.0
19.933333333333483 0.0
19.95000000000015 0.0
19.966666666666814 0.0
19.98333333333348 0.0
20.000000000000146 0.0
20.01666666666681 0.0
20.033333333333477 0.0
20.050000000000143 0.0
20.06666666666681 0.0
20.083333333333474 0.0
20.10000000000014 0.0
20.116666666666806 0.0
20.13333333333347 0.0
20.150000000000137 0.0
20.166666666666803 0.0
20.18333333333347 0.0
20.200000000000134 0.0
20.2166666666668 0.0
20.233333333333466 0.0
20.25000000000013 0.0
20.266666666666797 0.0
20.283333333333463 0.0
20.30000000000013 0.0
20.316666666666794 0.0
20.33333333333346 0.0
20.350000000000126 0.0
20.36666666666679 0.0
20.383333333333457 0.0
20.400000000000123 0.0
20.41666666666679 0.0
20.433333333333454 0.0
20.45000000000012 0.0
20.466666666666786 0.0
20.48333333333345 0.0
20.500000000000117 0.0
20.516666666666783 0.0
20.53333333333345 0.0
20.550000000000114 0.0
20.56666666666678 0.0
20.583333333333446 0.0
20.60000000000011 0.0
20.616666666666777 0.0
20.633333333333443 0.0
20.65000000000011 0.0
20.666666666666774 0.0
20.68333333333344 0.0
20.700000000000106 0.0
20.71666666666677 0.0
20.733333333333437 0.0
20.750000000000103 0.0
20.76666666666677 0.0
20.783333333333434 0.0
20.8000000000001 0.0
20.816666666666766 0.0
20.83333333333343 0.0
20.850000000000097 0.0
20.866666666666763 0.0
20.88333333333343 0.0
20.900000000000095 0.0
20.91666666666676 0.0
20.933333333333426 0.0
20.95000000000009 0.0
20.966666666666757 0.0
20.983333333333423 0.0
21.00000000000009 0.0
21.016666666666755 0.0
21.03333333333342 0.0
21.050000000000086 0.0
21.06666666666675 0.0
21.083333333333417 0.0
21.100000000000083 0.0
21.11666666666675 0.0
21.133333333333415 0.0
21.15000000000008 0.0
21.166666666666746 0.0
21.18333333333341 0.0
21.200000000000077 0.0
21.216666666666743 0.0
21.23333333333341 0.0
21.250000000000075 0.0
21.26666666666674 0.0
21.283333333333406 0.0
21.30000000000007 0.0
21.316666666666737 0.0
21.333333333333403 0.0
21.35000000000007 0.0
21.366666666666735 0.0
21.3833333333334 0.0
21.400000000000066 0.0
21.416666666666732 0.0
21.433333333333398 0.0
21.450000000000063 0.0
21.46666666666673 0.0
21.483333333333395 0.0
21.50000000000006 0.0
21.516666666666726 0.0
21.533333333333392 0.0
21.550000000000058 0.0
21.566666666666723 0.0
21.58333333333339 0.0
21.600000000000055 0.0
21.61666666666672 0.0
21.633333333333386 0.0
21.650000000000052 0.0
21.666666666666718 0.0
21.683333333333383 0.0
21.70000000000005 0.0
21.716666666666715 0.0
21.73333333333338 0.0
21.750000000000046 0.0
21.766666666666712 0.0
21.783333333333378 0.0
21.800000000000043 0.0
21.81666666666671 0.0
21.833333333333375 0.0
21.85000000000004 0.0
21.866666666666706 0.0
21.883333333333372 0.0
21.900000000000038 0.0
21.916666666666703 0.0
21.93333333333337 0.0
21.950000000000035 0.0
21.9666666666667 0.0
21.983333333333366 0.0
22.000000000000032 0.0
22.016666666666698 0.0
22.033333333333363 0.0
22.05000000000003 0.0
22.066666666666695 0.0
22.08333333333336 0.0
22.100000000000026 0.0
22.116666666666692 0.0
22.133333333333358 0.0
22.150000000000023 0.0
22.16666666666669 0.0
22.183333333333355 0.0
22.20000000000002 0.0
22.216666666666686 0.0
22.233333333333352 0.0
22.250000000000018 0.0
22.266666666666683 0.0
22.28333333333335 0.0
22.300000000000015 0.0
22.31666666666668 0.0
22.333333333333346 0.0
22.350000000000012 0.0
22.366666666666678 0.0
22.383333333333344 0.0
22.40000000000001 0.0
22.416666666666675 0.0
22.43333333333334 0.0
22.450000000000006 0.0
22.466666666666672 0.0
22.483333333333338 0.0
22.500000000000004 0.0
22.51666666666667 0.0
22.533333333333335 0.0
22.55 0.0
22.566666666666666 0.0
22.583333333333332 0.0
22.599999999999998 0.0
22.616666666666664 0.0
22.63333333333333 0.0
22.649999999999995 0.0
22.66666666666666 0.0
22.683333333333326 0.0
22.699999999999992 0.0
22.716666666666658 0.0
22.733333333333324 0.0
22.74999999999999 0.0
22.766666666666655 0.0
22.78333333333332 0.0
22.799999999999986 0.0
22.816666666666652 0.0
22.833333333333318 0.0
22.849999999999984 0.0
22.86666666666665 0.0
22.883333333333315 0.0
22.89999999999998 0.0
22.916666666666647 0.0
22.933333333333312 0.0
22.949999999999978 0.0
22.966666666666644 0.0
22.98333333333331 0.0
22.999999999999975 0.0
23.01666666666664 0.0
23.033333333333307 0.0
23.049999999999972 0.0
23.066666666666638 0.0
23.083333333333304 0.0
23.09999999999997 0.0
23.116666666666635 0.0
23.1333333333333 0.0
23.149999999999967 0.0
23.166666666666632 0.0
23.183333333333298 0.0
23.199999999999964 0.0
23.21666666666663 0.0
23.233333333333295 0.0
23.24999999999996 0.0
23.266666666666627 0.0
23.283333333333292 0.0
23.299999999999958 0.0
23.316666666666624 0.0
23.33333333333329 0.0
23.349999999999955 0.0
23.36666666666662 0.0
23.383333333333287 0.0
23.399999999999952 0.0
23.416666666666618 0.0
23.433333333333284 0.0
23.44999999999995 0.0
23.466666666666615 0.0
23.48333333333328 0.0
23.499999999999947 0.0
23.516666666666612 0.0
23.533333333333278 0.0
23.549999999999944 0.0
23.56666666666661 0.0
23.583333333333275 0.0
23.59999999999994 0.0
23.616666666666607 0.0
23.633333333333272 0.0
23.649999999999938 0.0
23.666666666666604 0.0
23.68333333333327 0.0
23.699999999999935 0.0
23.7166666666666 0.0
23.733333333333267 0.0
23.749999999999932 0.0
23.766666666666598 0.0
23.783333333333264 0.0
23.79999999999993 0.0
23.816666666666595 0.0
23.83333333333326 0.0
23.849999999999927 0.0
23.866666666666593 0.0
23.88333333333326 0.0
23.899999999999924 0.0
23.91666666666659 0.0
23.933333333333255 0.0
23.94999999999992 0.0
23.966666666666587 0.0
23.983333333333253 0.0
