4.0 0.0
4.0167 0.0
4.0333 0.0
4.05 0.0
4.0667 0.0
4.0833 0.0
4.1 0.0
4.1167 0.0
4.1333 0.0
4.15 0.0
4.1667 0.0
4.1833 0.0
4.2 0.0
4.2167 0.0
4.2333 0.0
4.25 0.0
4.2667 0.0
4.2833 0.0
4.3 0.0
4.3167 0.0
4.3333 0.0
4.35 0.0
4.3667 0.0
4.3833 0.0
4.4 0.0
4.4167 0.0
4.4333 0.0
4.45 0.0
4.4667 0.0
4.4833 0.0
4.5 0.0
4.5167 0.0
4.5333 0.0
4.55 0.0
4.5667 0.0
4.5833 0.0
4.6 0.0
4.6167 0.0
4.6333 0.0
4.65 0.0
4.6667 0.0
4.6833 0.0
4.7 0.0
4.7167 0.0
4.7333 0.0
4.75 0.0
4.7667 0.0
4.7833 0.0
4.8 0.0
4.8167 0.0
4.8333 0.0
4.85 0.0
4.8667 0.0
4.8833 0.0
4.9 0.0
4.9167 0.0
4.9333 0.0
4.95 0.0
4.9667 0.0
4.9833 0.0
5.0 0.0
5.0167 0.0
5.0333 0.0
5.05 0.0
5.0667 0.0
5.0833 0.0
5.1 0.0
5.1167 0.0
5.1333 0.0
5.15 0.0
5.1667 0.0
5.1833 0.0
5.2 0.0
5.2167 0.0
5.2333 0.0
5.25 0.0
5.2667 0.0
5.2833 0.0
5.3 0.0
5.3167 0.0
5.3333 0.0
5.35 0.0
5.3667 0.0
5.3833 0.0
5.4 0.0
5.4167 0.0
5.4333 0.0
5.45 0.0
5.4667 0.0
5.4833 0.0
5.5 0.0
5.5167 0.0
5.5333 0.0
5.55 0.0
5.5667 0.0
5.5833 0.0
5.6 0.0
5.6167 0.0
5.6333 0.0
5.65 0.0
5.6667 0.0
5.6833 0.0
5.7 0.0
5.7167 0.0
5.7333 0.0
5.75 0.0
5.7667 0.0
5.7833 0.0
5.8 0.0
5.8167 0.0
5.8333 0.0
5.85 0.0
5.8667 0.0
5.8833 0.0
5.9 0.0
5.9167 0.0
5.9333 0.0
5.95 0.0
5.9667 0.0
5.9833 0.0
6.0 0.0
6.0167 0.0
6.0333 0.0
6.05 0.0
6.0667 0.0
6.0833 0.0
6.1 0.0
6.1167 0.0
6.1333 0.0
6.15 0.0
6.1667 0.0
6.1833 0.0
6.2 0.0
6.2167 0.0
6.2333 0.0
6.25 0.0
6.2667 0.0
6.2833 0.0
6.3 0.0
6.3167 2.362e-22
6.3333 6.449e-18
6.35 9.04e-15
6.3667 2.456e-12
6.3833 3.355e-10
6.4 6.485e-09
6.4167 2.998e-08
6.4333 8.4e-08
6.45 1.774e-07
6.4667 3.405e-07
6.4833 6.271e-07
6.5 1.087e-06
6.5167 1.773e-06
6.5333 2.747e-06
6.55 4.08e-06
6.5667 5.719e-06
6.5833 7.989e-06
6.6 1.071e-05
6.6167 1.422e-05
6.6333 1.864e-05
6.65 2.41e-05
6.6667 3.084e-05
6.6833 3.921e-05
6.7 4.886e-05
6.7167 6.046e-05
6.7333 7.397e-05
6.75 9.114e-05
6.7667 0.0001091
6.7833 0.00013
6.8 0.0001544
6.8167 0.0001828
6.8333 0.000211
6.85 0.0002431
6.8667 0.0002861
6.8833 0.000319
6.9 0.0003589
6.9167 0.0004074
6.9333 0.0004664
6.95 0.0005198
6.9667 0.000575
6.9833 0.0006341
7.0 0.000697
7.0167 0.0007632
7.0333 0.0008328
7.05 0.0009057
7.0667 0.000982
7.0833 0.001062
7.1 0.001145
7.1167 0.001231
7.1333 0.00132
7.15 0.001413
7.1667 0.001509
7.1833 0.001609
7.2 0.001713
7.2167 0.001819
7.2333 0.001929
7.25 0.002043
7.2667 0.00216
7.2833 0.002281
7.3 0.002406
7.3167 0.002534
7.3333 0.002667
7.35 0.002803
7.3667 0.002943
7.3833 0.003087
7.4 0.003236
7.4167 0.003388
7.4333 0.003544
7.45 0.003705
7.4667 0.003871
7.4833 0.00404
7.5 0.004214
7.5167 0.004393
7.5333 0.004576
7.55 0.004765
7.5667 0.004958
7.5833 0.005156
7.6 0.005359
7.6167 0.005566
7.6333 0.005779
7.65 0.005998
7.6667 0.006221
7.6833 0.00645
7.7 0.006684
7.7167 0.006924
7.7333 0.007169
7.75 0.007421
7.7667 0.007678
7.7833 0.007941
7.8 0.008209
7.8167 0.008484
7.8333 0.008765
7.85 0.009052
7.8667 0.009345
7.8833 0.009644
7.9 0.00995
7.9167 0.01026
7.9333 0.01058
7.95 0.01091
7.9667 0.01124
7.9833 0.01158
8.0 0.01192
8.0167 0.01228
8.0333 0.01264
8.05 0.013
8.0667 0.01338
8.0833 0.01376
8.1 0.01414
8.1167 0.01454
8.1333 0.01494
8.15 0.01535
8.1667 0.01577
8.1833 0.01619
8.2 0.01663
8.2167 0.01707
8.2333 0.01752
8.25 0.01797
8.2667 0.01843
8.2833 0.01891
8.3 0.01939
8.3167 0.01987
8.3333 0.02037
8.35 0.02087
8.3667 0.02138
8.3833 0.0219
8.4 0.02243
8.4167 0.02296
8.4333 0.02351
8.45 0.02406
8.4667 0.02462
8.4833 0.02519
8.5 0.02576
8.5167 0.02635
8.5333 0.02694
8.55 0.02754
8.5667 0.02815
8.5833 0.02877
8.6 0.0294
8.6167 0.03003
8.6333 0.03068
8.65 0.03133
8.6667 0.03199
8.6833 0.03266
8.7 0.03334
8.7167 0.03402
8.7333 0.03472
8.75 0.03542
8.7667 0.03613
8.7833 0.03685
8.8 0.03758
8.8167 0.03832
8.8333 0.03906
8.85 0.03981
8.8667 0.04058
8.8833 0.04135
8.9 0.04213
8.9167 0.04291
8.9333 0.04371
8.95 0.04451
8.9667 0.04532
8.9833 0.04614
9.0 0.04697
9.0167 0.0478
9.0333 0.04865
9.05 0.0495
9.0667 0.05036
9.0833 0.05123
9.1 0.0521
9.1167 0.05299
9.1333 0.05388
9.15 0.05478
9.1667 0.05569
9.1833 0.0566
9.2 0.05752
9.2167 0.05845
9.2333 0.05939
9.25 0.06034
9.2667 0.06129
9.2833 0.06225
9.3 0.06321
9.3167 0.06419
9.3333 0.06517
9.35 0.06616
9.3667 0.06715
9.3833 0.06815
9.4 0.06916
9.4167 0.07018
9.4333 0.0712
9.45 0.07223
9.4667 0.07326
9.4833 0.07431
9.5 0.07535
9.5167 0.07641
9.5333 0.07747
9.55 0.07853
9.5667 0.0796
9.5833 0.08068
9.6 0.08176
9.6167 0.08286
9.6333 0.08395
9.65 0.08504
9.6667 0.08615
9.6833 0.08727
9.7 0.08837
9.7167 0.08949
9.7333 0.09064
9.75 0.09177
9.7667 0.0929
9.7833 0.09403
9.8 0.09518
9.8167 0.09634
9.8333 0.09749
9.85 0.09865
9.8667 0.09981
9.8833 0.101
9.9 0.1021
9.9167 0.1033
9.9333 0.1045
9.95 0.1057
9.9667 0.1069
9.9833 0.108
10.0 0.1092
10.0167 0.1104
10.0333 0.1116
10.05 0.1128
10.0667 0.114
10.0833 0.1152
10.1 0.1164
10.1167 0.1177
10.1333 0.1188
10.15 0.1199
10.1667 0.1213
10.1833 0.1225
10.2 0.1237
10.2167 0.1249
10.2333 0.1262
10.25 0.1274
10.2667 0.1286
10.2833 0.1298
10.3 0.1311
10.3167 0.1323
10.3333 0.1335
10.35 0.1347
10.3667 0.136
10.3833 0.1372
10.4 0.1384
10.4167 0.1396
10.4333 0.1409
10.45 0.1421
10.4667 0.1433
10.4833 0.1445
10.5 0.1457
10.5167 0.147
10.5333 0.1482
10.55 0.1494
10.5667 0.1506
10.5833 0.1518
10.6 0.1531
10.6167 0.1543
10.6333 0.1555
10.65 0.1567
10.6667 0.1579
10.6833 0.1589
10.7 0.1603
10.7167 0.1615
10.7333 0.1627
10.75 0.1639
10.7667 0.1651
10.7833 0.1663
10.8 0.1675
10.8167 0.1687
10.8333 0.1698
10.85 0.1709
10.8667 0.1722
10.8833 0.1734
10.9 0.1745
10.9167 0.1757
10.9333 0.1768
10.95 0.178
10.9667 0.1791
10.9833 0.1802
11.0 0.1814
11.0167 0.1825
11.0333 0.1836
11.05 0.1848
11.0667 0.1858
11.0833 0.187
11.1 0.188
11.1167 0.1892
11.1333 0.1902
11.15 0.1913
11.1667 0.1924
11.1833 0.1935
11.2 0.1945
11.2167 0.1956
11.2333 0.1966
11.25 0.1977
11.2667 0.1987
11.2833 0.1998
11.3 0.2007
11.3167 0.2018
11.3333 0.2028
11.35 0.2038
11.3667 0.2048
11.3833 0.2058
11.4 0.2067
11.4167 0.2077
11.4333 0.2087
11.45 0.2096
11.4667 0.2105
11.4833 0.2113
11.5 0.2124
11.5167 0.2133
11.5333 0.2142
11.55 0.2151
11.5667 0.216
11.5833 0.2169
11.6 0.2178
11.6167 0.2186
11.6333 0.2195
11.65 0.2202
11.6667 0.2211
11.6833 0.2219
11.7 0.2228
11.7167 0.2236
11.7333 0.2243
11.75 0.2251
11.7667 0.2259
11.7833 0.2267
11.8 0.2272
11.8167 0.2281
11.8333 0.2287
11.85 0.2294
11.8667 0.2303
11.8833 0.231
11.9 0.2316
11.9167 0.2322
11.9333 0.233
11.95 0.2336
11.9667 0.2343
11.9833 0.2347
12.0 0.2354
12.0167 0.2361
12.0333 0.2367
12.05 0.2373
12.0667 0.2378
12.0833 0.2384
12.1 0.2389
12.1167 0.2395
12.1333 0.24
12.15 0.2405
12.1667 0.241
12.1833 0.2415
12.2 0.2419
12.2167 0.2424
12.2333 0.2428
12.25 0.2433
12.2667 0.2437
12.2833 0.2441
12.3 0.2445
12.3167 0.2449
12.3333 0.2453
12.35 0.2456
12.3667 0.2459
12.3833 0.2463
12.4 0.2466
12.4167 0.2469
12.4333 0.2472
12.45 0.2475
12.4667 0.2477
12.4833 0.248
12.5 0.248
12.5167 0.2484
12.5333 0.2487
12.55 0.2489
12.5667 0.249
12.5833 0.2492
12.6 0.2494
12.6167 0.2495
12.6333 0.2496
12.65 0.2498
12.6667 0.2499
12.6833 0.25
12.7 0.25
12.7167 0.2501
12.7333 0.2502
12.75 0.2502
12.7667 0.2502
12.7833 0.2502
12.8 0.2502
12.8167 0.2502
12.8333 0.2502
12.85 0.2501
12.8667 0.2501
12.8833 0.25
12.9 0.2499
12.9167 0.2498
12.9333 0.2497
12.95 0.2496
12.9667 0.2495
12.9833 0.2493
13.0 0.2491
13.0167 0.249
13.0333 0.2488
13.05 0.2486
13.0667 0.2482
13.0833 0.248
13.1 0.2479
13.1167 0.2476
13.1333 0.2474
13.15 0.2471
13.1667 0.2468
13.1833 0.2465
13.2 0.2461
13.2167 0.2458
13.2333 0.2455
13.25 0.2451
13.2667 0.2447
13.2833 0.2443
13.3 0.2439
13.3167 0.2435
13.3333 0.2431
13.35 0.2427
13.3667 0.2421
13.3833 0.2418
13.4 0.2413
13.4167 0.2408
13.4333 0.2403
13.45 0.2398
13.4667 0.2393
13.4833 0.2387
13.5 0.2382
13.5167 0.2376
13.5333 0.2371
13.55 0.2364
13.5667 0.2358
13.5833 0.2351
13.6 0.2346
13.6167 0.234
13.6333 0.2334
13.65 0.2327
13.6667 0.2321
13.6833 0.2313
13.7 0.2307
13.7167 0.2299
13.7333 0.2293
13.75 0.2286
13.7667 0.2278
13.7833 0.2271
13.8 0.2263
13.8167 0.2256
13.8333 0.2248
13.85 0.224
13.8667 0.2232
13.8833 0.2224
13.9 0.2216
13.9167 0.2208
13.9333 0.2199
13.95 0.2191
13.9667 0.2182
13.9833 0.2174
14.0 0.2165
14.0167 0.2157
14.0333 0.2148
14.05 0.2139
14.0667 0.213
14.0833 0.212
14.1 0.2109
14.1167 0.2101
14.1333 0.2092
14.15 0.2083
14.1667 0.2073
14.1833 0.2063
14.2 0.2054
14.2167 0.2043
14.2333 0.2034
14.25 0.2024
14.2667 0.2013
14.2833 0.2004
14.3 0.1993
14.3167 0.1983
14.3333 0.1972
14.35 0.1962
14.3667 0.1952
14.3833 0.1941
14.4 0.193
14.4167 0.192
14.4333 0.1909
14.45 0.1898
14.4667 0.1887
14.4833 0.1876
14.5 0.1865
14.5167 0.1854
14.5333 0.1843
14.55 0.1832
14.5667 0.1821
14.5833 0.1809
14.6 0.1798
14.6167 0.1787
14.6333 0.1774
14.65 0.1764
14.6667 0.1752
14.6833 0.174
14.7 0.1729
14.7167 0.1717
14.7333 0.1706
14.75 0.1694
14.7667 0.1682
14.7833 0.167
14.8 0.1658
14.8167 0.1646
14.8333 0.1635
14.85 0.1623
14.8667 0.1611
14.8833 0.1599
14.9 0.1587
14.9167 0.1575
14.9333 0.1562
14.95 0.155
14.9667 0.1538
14.9833 0.1526
15.0 0.1514
15.0167 0.1502
15.0333 0.1489
15.05 0.1477
15.0667 0.1465
15.0833 0.1453
15.1 0.1441
15.1167 0.1428
15.1333 0.1416
15.15 0.1404
15.1667 0.1391
15.1833 0.1379
15.2 0.1367
15.2167 0.1355
15.2333 0.1342
15.25 0.133
15.2667 0.1318
15.2833 0.1306
15.3 0.1294
15.3167 0.1281
15.3333 0.1269
15.35 0.1257
15.3667 0.1245
15.3833 0.1232
15.4 0.122
15.4167 0.1208
15.4333 0.1196
15.45 0.1184
15.4667 0.1172
15.4833 0.116
15.5 0.1148
15.5167 0.1135
15.5333 0.1123
15.55 0.1112
15.5667 0.11
15.5833 0.1088
15.6 0.1076
15.6167 0.1064
15.6333 0.1052
15.65 0.104
15.6667 0.1029
15.6833 0.1017
15.7 0.1005
15.7167 0.09936
15.7333 0.09819
15.75 0.09701
15.7667 0.09589
15.7833 0.09474
15.8 0.0936
15.8167 0.09246
15.8333 0.09132
15.85 0.0902
15.8667 0.08907
15.8833 0.08795
15.9 0.08684
15.9167 0.08572
15.9333 0.08461
15.95 0.08353
15.9667 0.08243
15.9833 0.08135
16.0 0.08027
16.0167 0.07919
16.0333 0.07812
16.05 0.07706
16.0667 0.076
16.0833 0.07495
16.1 0.0739
16.1167 0.07286
16.1333 0.07183
16.15 0.07081
16.1667 0.06979
16.1833 0.06877
16.2 0.06777
16.2167 0.06677
16.2333 0.06578
16.25 0.06479
16.2667 0.06381
16.2833 0.06284
16.3 0.06188
16.3167 0.06092
16.3333 0.05997
16.35 0.05903
16.3667 0.0581
16.3833 0.05717
16.4 0.05625
16.4167 0.05534
16.4333 0.05443
16.45 0.05354
16.4667 0.05265
16.4833 0.05177
16.5 0.0509
16.5167 0.05003
16.5333 0.04917
16.55 0.04833
16.5667 0.04749
16.5833 0.04665
16.6 0.04583
16.6167 0.04501
16.6333 0.0442
16.65 0.0434
16.6667 0.04261
16.6833 0.04183
16.7 0.04105
16.7167 0.04029
16.7333 0.03953
16.75 0.03878
16.7667 0.03804
16.7833 0.0373
16.8 0.03658
16.8167 0.03586
16.8333 0.03515
16.85 0.03445
16.8667 0.03376
16.8833 0.03308
16.9 0.03241
16.9167 0.03174
16.9333 0.03108
16.95 0.03043
16.9667 0.02979
16.9833 0.02916
17.0 0.02854
17.0167 0.02792
17.0333 0.02732
17.05 0.02672
17.0667 0.02613
17.0833 0.02555
17.1 0.02497
17.1167 0.02441
17.1333 0.02385
17.15 0.0233
17.1667 0.02276
17.1833 0.02223
17.2 0.0217
17.2167 0.02119
17.2333 0.02068
17.25 0.02018
17.2667 0.01969
17.2833 0.01921
17.3 0.01873
17.3167 0.01826
17.3333 0.0178
17.35 0.01735
17.3667 0.0169
17.3833 0.01647
17.4 0.01604
17.4167 0.01561
17.4333 0.0152
17.45 0.01479
17.4667 0.01439
17.4833 0.014
17.5 0.01361
17.5167 0.01324
17.5333 0.01287
17.55 0.0125
17.5667 0.01214
17.5833 0.0118
17.6 0.01145
17.6167 0.01112
17.6333 0.01079
17.65 0.01046
17.6667 0.01015
17.6833 0.009837
17.7 0.009534
17.7167 0.009237
17.7333 0.008946
17.75 0.008661
17.7667 0.008383
17.7833 0.00811
17.8 0.007844
17.8167 0.007583
17.8333 0.007329
17.85 0.007079
17.8667 0.006836
17.8833 0.006599
17.9 0.006366
17.9167 0.006139
17.9333 0.005918
17.95 0.005701
17.9667 0.005491
17.9833 0.005285
18.0 0.005084
18.0167 0.004887
18.0333 0.004696
18.05 0.00451
18.0667 0.004328
18.0833 0.004151
18.1 0.003979
18.1167 0.003811
18.1333 0.003647
18.15 0.003488
18.1667 0.003333
18.1833 0.003182
18.2 0.003035
18.2167 0.002892
18.2333 0.002754
18.25 0.002619
18.2667 0.002488
18.2833 0.002361
18.3 0.002238
18.3167 0.002118
18.3333 0.002002
18.35 0.00189
18.3667 0.001781
18.3833 0.001676
18.4 0.001574
18.4167 0.001475
18.4333 0.00138
18.45 0.001289
18.4667 0.0012
18.4833 0.001115
18.5 0.001033
18.5167 0.000955
18.5333 0.0008799
18.55 0.0008081
18.5667 0.0007397
18.5833 0.0006747
18.6 0.0006132
18.6167 0.0005554
18.6333 0.0005016
18.65 0.0004447
18.6667 0.0003895
18.6833 0.0003442
18.7 0.0003069
18.7167 0.000267
18.7333 0.000233
18.75 0.0001991
18.7667 0.0001712
18.7833 0.0001479
18.8 0.0001243
18.8167 0.0001021
18.8333 8.405e-05
18.85 6.934e-05
18.8667 5.638e-05
18.8833 4.537e-05
18.9 3.598e-05
18.9167 2.856e-05
18.9333 2.249e-05
18.95 1.731e-05
18.9667 1.3e-05
18.9833 9.662e-06
