   10.0000000       7.74599984E-02
   10.0166664       7.84099996E-02
   10.0333328       7.93600008E-02
   10.0499992       8.03200006E-02
   10.0666656       8.12800005E-02
   10.0833321       8.22400004E-02
   10.0999985       8.32099989E-02
   10.1166649       8.41699988E-02
   10.1333313       8.51399973E-02
   10.1499977       8.61200020E-02
   10.1666641       8.70900005E-02
   10.1833305       8.80699977E-02
   10.1999969       8.90500024E-02
   10.2166634       9.00299996E-02
   10.2333298       9.10200030E-02
   10.2499962       9.20099989E-02
   10.2666626       9.29900035E-02
   10.2833290       9.39899981E-02
   10.2999954       9.49800014E-02
   10.3166618       9.59699973E-02
   10.3333282       9.69699994E-02
   10.3499947       9.79700014E-02
   10.3666611       9.89700034E-02
   10.3833275       9.99699980E-02
   10.3999939      0.101000004    
   10.4166603      0.101999998    
   10.4333267      0.103000000    
   10.4499931      0.104000002    
   10.4666595      0.104999997    
   10.4833260      0.105999999    
   10.4999924      0.107000001    
   10.5166588      0.108000003    
   10.5333252      0.108999997    
   10.5499916      0.109999999    
   10.5666580      0.111000001    
   10.5833244      0.112000003    
   10.5999908      0.112999998    
   10.6166573      0.114000000    
   10.6333237      0.115000002    
   10.6499901      0.115999997    
   10.6666565      0.116999999    
   10.6833229      0.118000001    
   10.6999893      0.119000003    
   10.7166557      0.119999997    
   10.7333221      0.120999999    
   10.7499886      0.122000001    
   10.7666550      0.123000003    
   10.7833214      0.123999998    
   10.7999878      0.125000000    
   10.8166542      0.126000002    
   10.8333206      0.127000004    
   10.8499870      0.128000006    
   10.8666534      0.128999993    
   10.8833199      0.129899994    
   10.8999863      0.130899996    
   10.9166527      0.131899998    
   10.9333191      0.132900000    
   10.9499855      0.133800000    
   10.9666519      0.134800002    
   10.9833183      0.135700002    
   10.9999847      0.136700004    
   11.0166512      0.137600005    
   11.0333176      0.138600007    
   11.0499840      0.139599994    
   11.0666504      0.140499994    
   11.0833168      0.141399994    
   11.0999832      0.142399997    
   11.1166496      0.143299997    
   11.1333160      0.144199997    
   11.1499825      0.145199999    
   11.1666489      0.146100000    
   11.1833153      0.147000000    
   11.1999817      0.147900000    
   11.2166481      0.148800001    
   11.2333145      0.149599999    
   11.2499809      0.150600001    
   11.2666473      0.151500002    
   11.2833138      0.152300000    
   11.2999802      0.153200001    
   11.3166466      0.154100001    
   11.3333130      0.155000001    
   11.3499794      0.155800000    
   11.3666458      0.156700000    
   11.3833122      0.157499999    
   11.3999786      0.158299997    
   11.4166451      0.159199998    
   11.4333115      0.159999996    
   11.4499779      0.160899997    
   11.4666443      0.161699995    
   11.4833107      0.162499994    
   11.4999771      0.163299993    
   11.5166435      0.164100006    
   11.5333099      0.164900005    
   11.5499763      0.165700004    
   11.5666428      0.166299999    
   11.5833092      0.167199999    
   11.5999756      0.167999998    
   11.6166420      0.168599993    
   11.6333084      0.169499993    
   11.6499748      0.170200005    
   11.6666412      0.170900002    
   11.6833076      0.171700001    
   11.6999741      0.172399998    
   11.7166405      0.173099995    
   11.7333069      0.173800007    
   11.7499733      0.174400002    
   11.7666397      0.175099999    
   11.7833061      0.175799996    
   11.7999725      0.176400006    
   11.8166389      0.177100003    
   11.8333054      0.177599996    
   11.8499718      0.178399995    
   11.8666382      0.178900003    
   11.8833046      0.179700002    
   11.8999710      0.180299997    
   11.9166374      0.180899993    
   11.9333038      0.181500003    
   11.9499702      0.181999996    
   11.9666367      0.182600006    
   11.9833031      0.183200002    
   11.9999695      0.168300003    
   12.0166359      0.168899998    
   12.0333023      0.169400007    
   12.0499687      0.169900000    
   12.0666351      0.170399994    
   12.0833015      0.170800000    
   12.0999680      0.171200007    
   12.1166344      0.171700001    
   12.1333008      0.172199994    
   12.1499672      0.172600001    
   12.1666336      0.172999993    
   12.1833000      0.173299998    
   12.1999664      0.173899993    
   12.2166328      0.174300000    
   12.2332993      0.174600005    
   12.2499657      0.174999997    
   12.2666321      0.175300002    
   12.2832985      0.175699994    
   12.2999649      0.176100001    
   12.3166313      0.176400006    
   12.3332977      0.176699996    
   12.3499641      0.177100003    
   12.3666306      0.177399993    
   12.3832970      0.177699998    
   12.3999634      0.177900001    
   12.4166298      0.178200006    
   12.4332962      0.178499997    
   12.4499626      0.178700000    
   12.4666290      0.179000005    
   12.4832954      0.179199994    
   12.4999619      0.179399997    
   12.5166283      0.179600000    
   12.5332947      0.179900005    
   12.5499611      0.180099994    
   12.5666275      0.180199996    
   12.5832939      0.180399999    
   12.5999603      0.180600002    
   12.6166267      0.180700004    
   12.6332932      0.180899993    
   12.6499596      0.180999994    
   12.6666260      0.181099996    
   12.6832924      0.181199998    
   12.6999588      0.181299999    
   12.7166252      0.181400001    
   12.7332916      0.181500003    
   12.7499580      0.181500003    
   12.7666245      0.181600004    
   12.7832909      0.181600004    
   12.7999573      0.181600004    
   12.8166237      0.181600004    
   12.8332901      0.181600004    
   12.8499565      0.181600004    
   12.8666229      0.181600004    
   12.8832893      0.181600004    
   12.8999557      0.181600004    
   12.9166222      0.181600004    
   12.9332886      0.181600004    
   12.9499550      0.181500003    
   12.9666214      0.181400001    
   12.9832878      0.181299999    
   12.9999542      0.121900000    
   13.0166206      0.121799998    
   13.0332870      0.121699996    
   13.0499535      0.121600002    
   13.0666199      0.121500000    
   13.0832863      0.121399999    
   13.0999527      0.121299997    
   13.1166191      0.121200003    
   13.1332855      0.121100001    
   13.1499519      0.120899998    
   13.1666183      0.120700002    
   13.1832848      0.120600000    
   13.1999512      0.120499998    
   13.2166176      0.120300002    
   13.2332840      0.120099999    
   13.2499504      0.119999997    
   13.2666168      0.119700000    
   13.2832832      0.119599998    
   13.2999496      0.119400002    
   13.3166161      0.119000003    
   13.3332825      0.118900001    
   13.3499489      0.118699998    
   13.3666153      0.118500002    
   13.3832817      0.118299998    
   13.3999481      0.118000001    
   13.4166145      0.117700003    
   13.4332809      0.117500000    
   13.4499474      0.117200002    
   13.4666138      0.116999999    
   13.4832802      0.116700001    
   13.4999466      0.116400003    
   13.5166130      0.116099998    
   13.5332794      0.115699999    
   13.5499458      0.115500003    
   13.5666122      0.115199998    
   13.5832787      0.114900000    
   13.5999451      0.114500001    
   13.6166115      0.114200003    
   13.6332779      0.113899998    
   13.6499443      0.113499999    
   13.6666107      0.113200001    
   13.6832771      0.112800002    
   13.6999435      0.112400003    
   13.7166100      0.112099998    
   13.7332764      0.111699998    
   13.7499428      0.111299999    
   13.7666092      0.110900000    
   13.7832756      0.110500000    
   13.7999420      0.110100001    
   13.8166084      0.109700002    
   13.8332748      0.109300002    
   13.8499413      0.108800001    
   13.8666077      0.108499996    
   13.8832741      0.108000003    
   13.8999405      0.107600003    
   13.9166069      0.107199997    
   13.9332733      0.106700003    
   13.9499397      0.106299996    
   13.9666061      0.105800003    
   13.9832726      0.105300002    
   13.9999390       8.14699978E-02
   14.0166054       8.10799971E-02
   14.0332718       8.07200000E-02
   14.0499382       8.03399980E-02
   14.0666046       7.99399987E-02
   14.0832710       7.95599967E-02
   14.0999374       7.91599974E-02
   14.1166039       7.87699968E-02
   14.1332703       7.83500001E-02
   14.1499367       7.79300034E-02
   14.1666031       7.75500014E-02
   14.1832695       7.71299973E-02
   14.1999359       7.67199993E-02
   14.2166023       7.62899965E-02
   14.2332687       7.58799985E-02
   14.2499352       7.54500031E-02
   14.2666016       7.50100017E-02
   14.2832680       7.46000037E-02
   14.2999344       7.41600022E-02
   14.3166008       7.37299994E-02
   14.3332672       7.32899979E-02
   14.3499336       7.28299990E-02
   14.3666000       7.23899975E-02
   14.3832664       7.19500035E-02
   14.3999329       7.15000033E-02
   14.4165993       7.10500032E-02
   14.4332657       7.06000030E-02
   14.4499321       7.01399967E-02
   14.4665985       6.96699992E-02
   14.4832649       6.92100003E-02
   14.4999313       6.87600002E-02
   14.5165977       6.82900026E-02
   14.5332642       6.78199977E-02
   14.5499306       6.73400015E-02
   14.5665970       6.68800026E-02
   14.5832634       6.63700029E-02
   14.5999298       6.59400001E-02
   14.6165962       6.54499978E-02
   14.6332626       6.49800003E-02
   14.6499290       6.44799992E-02
   14.6665955       6.40200004E-02
   14.6832619       6.35500029E-02
   14.6999283       6.30600005E-02
   14.7165947       6.25799969E-02
   14.7332611       6.20799996E-02
   14.7499275       6.15999997E-02
   14.7665939       6.11199997E-02
   14.7832603       6.06300011E-02
   14.7999268       6.01300001E-02
   14.8165932       5.96200004E-02
   14.8332596       5.91600016E-02
   14.8499260       5.86699992E-02
   14.8665924       5.81800006E-02
   14.8832588       5.76599985E-02
   14.8999252       5.71999997E-02
   14.9165916       5.66999987E-02
   14.9332581       5.61800003E-02
   14.9499245       5.57099991E-02
   14.9665909       5.52200004E-02
   14.9832573       5.47300018E-02
   14.9999237       6.10900000E-02
   15.0165901       6.05400018E-02
   15.0332565       5.99800013E-02
   15.0499229       5.94299994E-02
   15.0665894       5.88800013E-02
   15.0832558       5.83099984E-02
   15.0999222       5.77800013E-02
   15.1165886       5.72299995E-02
   15.1332550       5.66800013E-02
   15.1499214       5.61299995E-02
   15.1665878       5.55800013E-02
   15.1832542       5.50200008E-02
   15.1999207       5.44699989E-02
   15.2165871       5.39399981E-02
   15.2332535       5.33900000E-02
   15.2499199       5.28500006E-02
   15.2665863       5.22999987E-02
   15.2832527       5.17399982E-02
   15.2999191       5.12199998E-02
   15.3165855       5.06700017E-02
   15.3332520       5.01299985E-02
   15.3499184       4.96000014E-02
   15.3665848       4.90599982E-02
   15.3832512       4.85300012E-02
   15.3999176       4.79799993E-02
   15.4165840       4.74600010E-02
   15.4332504       4.69300002E-02
   15.4499168       4.63999994E-02
   15.4665833       4.58699986E-02
   15.4832497       4.53500003E-02
   15.4999161       4.48299982E-02
   15.5165825       4.43099998E-02
   15.5332489       4.37900014E-02
   15.5499153       4.32699993E-02
   15.5665817       4.27500010E-02
   15.5832481       4.22400013E-02
   15.5999146       4.17300016E-02
   15.6165810       4.12199982E-02
   15.6332474       4.07200009E-02
   15.6499138       4.02100012E-02
   15.6665802       3.97100002E-02
   15.6832466       3.92099991E-02
   15.6999130       3.87100019E-02
   15.7165794       3.82199995E-02
   15.7332458       3.77300009E-02
   15.7499123       3.72399986E-02
   15.7665787       3.67500000E-02
   15.7832451       3.62700000E-02
   15.7999115       3.57900001E-02
   15.8165779       3.53100002E-02
   15.8332443       3.48399989E-02
   15.8499107       3.43700014E-02
   15.8665771       3.39000002E-02
   15.8832436       3.34299989E-02
   15.8999100       3.29700001E-02
   15.9165764       3.25100012E-02
   15.9332428       3.20499986E-02
   15.9499092       3.15999985E-02
   15.9665756       3.11500002E-02
   15.9832420       3.07000000E-02
