0 0.00000
1 0.00000
2 0.00000
3 0.00000
4 0.00000
5 0.00017
6 0.00198
7 0.02087
8 0.05399
9 0.08984
10 0.22405
11 0.28398
12 0.31290
13 0.30223
14 0.14884
15 0.04361
16 0.01417
17 0.03002
18 0.00274
19 0.00006
20 0.00000
21 0.00000
22 0.00000
23 0.00000
0 0.00000
1 0.00000
2 0.00000
3 0.00000
4 0.00000
5 0.00017
6 0.00198
7 0.02087
8 0.05399
9 0.08984
10 0.22405
11 0.28398
12 0.31290
13 0.30223
14 0.14884
15 0.04361
16 0.01417
17 0.03002
18 0.00274
19 0.00006
20 0.00000
21 0.00000
22 0.00000
23 0.00000
