0 0.00000
1 0.00000
2 0.00000
3 0.00000
4 0.00000
5 0.00000
6 0.00023
7 0.00828
8 0.03446
9 0.11666
10 0.20201
11 0.24393
12 0.12383
13 0.04821
14 0.02425
15 0.01172
16 0.02361
17 0.00583
18 0.00029
19 0.00000
20 0.00000
21 0.00000
22 0.00000
23 0.00000
0 0.00000
1 0.00000
2 0.00000
3 0.00000
4 0.00000
5 0.00000
6 0.00023
7 0.00828
8 0.03446
9 0.11666
10 0.20201
11 0.24393
12 0.12383
13 0.04821
14 0.02425
15 0.01172
16 0.02361
17 0.00583
18 0.00029
19 0.00000
20 0.00000
21 0.00000
22 0.00000
23 0.00000
