0 0.00000
1 0.00000
2 0.00000
3 0.00000
4 0.00000
5 0.00000
6 0.00000
7 0.00227
8 0.02140
9 0.07299
10 0.13875
11 0.17910
12 0.19519
13 0.23087
14 0.18306
15 0.12121
16 0.05434
17 0.01393
18 0.00128
19 0.00000
20 0.00000
21 0.00000
22 0.00000
23 0.00000
0 0.00000
1 0.00000
2 0.00000
3 0.00000
4 0.00000
5 0.00000
6 0.00000
7 0.00227
8 0.02140
9 0.07299
10 0.13875
11 0.17910
12 0.19519
13 0.23087
14 0.18306
15 0.12121
16 0.05434
17 0.01393
18 0.00128
19 0.00000
20 0.00000
21 0.00000
22 0.00000
23 0.00000
