0 0.00000
1 0.00000
2 0.00000
3 0.00000
4 0.00000
5 0.00000
6 0.00087
7 0.01119
8 0.04279
9 0.09054
10 0.08827
11 0.02011
12 0.00396
13 0.00968
14 0.01632
15 0.01457
16 0.01895
17 0.01207
18 0.00181
19 0.00006
20 0.00000
21 0.00000
22 0.00000
23 0.00000
0 0.00000
1 0.00000
2 0.00000
3 0.00000
4 0.00000
5 0.00000
6 0.00087
7 0.01119
8 0.04279
9 0.09054
10 0.08827
11 0.02011
12 0.00396
13 0.00968
14 0.01632
15 0.01457
16 0.01895
17 0.01207
18 0.00181
19 0.00006
20 0.00000
21 0.00000
22 0.00000
23 0.00000
