0 0.00000
1 0.00000
2 0.00000
3 0.00000
4 0.00000
5 0.00000
6 0.00000
7 0.01924
8 0.06588
9 0.13263
10 0.20650
11 0.25238
12 0.25938
13 0.15251
14 0.12430
15 0.06256
16 0.02793
17 0.01271
18 0.00000
19 0.00000
20 0.00000
21 0.00000
22 0.00000
23 0.00000
0 0.00000
1 0.00000
2 0.00000
3 0.00000
4 0.00000
5 0.00000
6 0.00000
7 0.01924
8 0.06588
9 0.13263
10 0.20650
11 0.25238
12 0.25938
13 0.15251
14 0.12430
15 0.06256
16 0.02793
17 0.01271
18 0.00000
19 0.00000
20 0.00000
21 0.00000
22 0.00000
23 0.00000
