0 0.00000
1 0.00000
2 0.00000
3 0.00000
4 0.00000
5 0.00000
6 0.00029
7 0.00775
8 0.02000
9 0.08658
10 0.16021
11 0.21128
12 0.25664
13 0.20772
14 0.16487
15 0.09031
16 0.01271
17 0.00134
18 0.00023
19 0.00000
20 0.00000
21 0.00000
22 0.00000
23 0.00000
0 0.00000
1 0.00000
2 0.00000
3 0.00000
4 0.00000
5 0.00000
6 0.00029
7 0.00775
8 0.02000
9 0.08658
10 0.16021
11 0.21128
12 0.25664
13 0.20772
14 0.16487
15 0.09031
16 0.01271
17 0.00134
18 0.00023
19 0.00000
20 0.00000
21 0.00000
22 0.00000
23 0.00000
