0 0.00000
1 0.00000
2 0.00000
3 0.00000
4 0.00000
5 0.00000
6 0.00006
7 0.00606
8 0.03999
9 0.10949
10 0.19659
11 0.24661
12 0.20084
13 0.24533
14 0.19402
15 0.11281
16 0.06739
17 0.01772
18 0.00000
19 0.00000
20 0.00000
21 0.00000
22 0.00000
23 0.00000
0 0.00000
1 0.00000
2 0.00000
3 0.00000
4 0.00000
5 0.00000
6 0.00006
7 0.00606
8 0.03999
9 0.10949
10 0.19659
11 0.24661
12 0.20084
13 0.24533
14 0.19402
15 0.11281
16 0.06739
17 0.01772
18 0.00000
19 0.00000
20 0.00000
21 0.00000
22 0.00000
23 0.00000
