0 0.00000
1 0.00000
2 0.00000
3 0.00000
4 0.00000
5 0.00000
6 0.00000
7 0.00064
8 0.01288
9 0.06104
10 0.14797
11 0.21793
12 0.25786
13 0.26334
14 0.23950
15 0.15648
16 0.18609
17 0.07369
18 0.01732
19 0.00297
20 0.00000
21 0.00000
22 0.00000
23 0.00000
0 0.00000
1 0.00000
2 0.00000
3 0.00000
4 0.00000
5 0.00000
6 0.00000
7 0.00064
8 0.01288
9 0.06104
10 0.14797
11 0.21793
12 0.25786
13 0.26334
14 0.23950
15 0.15648
16 0.18609
17 0.07369
18 0.01732
19 0.00297
20 0.00000
21 0.00000
22 0.00000
23 0.00000
