0 0.00000
1 0.00000
2 0.00000
3 0.00000
4 0.00000
5 0.00000
6 0.00000
7 0.00006
8 0.00157
9 0.01522
10 0.05142
11 0.10331
12 0.14890
13 0.16615
14 0.13998
15 0.09649
16 0.05894
17 0.01941
18 0.00373
19 0.00000
20 0.00000
21 0.00000
22 0.00000
23 0.00000
0 0.00000
1 0.00000
2 0.00000
3 0.00000
4 0.00000
5 0.00000
6 0.00000
7 0.00006
8 0.00157
9 0.01522
10 0.05142
11 0.10331
12 0.14890
13 0.16615
14 0.13998
15 0.09649
16 0.05894
17 0.01941
18 0.00373
19 0.00000
20 0.00000
21 0.00000
22 0.00000
23 0.00000
