0 0.00000
1 0.00000
2 0.00000
3 0.00000
4 0.00000
5 0.00000
6 0.00000
7 0.00000
8 0.00204
9 0.01277
10 0.05626
11 0.11339
12 0.12132
13 0.13893
14 0.14517
15 0.09719
16 0.04728
17 0.01656
18 0.00379
19 0.00000
20 0.00000
21 0.00000
22 0.00000
23 0.00000
0 0.00000
1 0.00000
2 0.00000
3 0.00000
4 0.00000
5 0.00000
6 0.00000
7 0.00000
8 0.00204
9 0.01277
10 0.05626
11 0.11339
12 0.12132
13 0.13893
14 0.14517
15 0.09719
16 0.04728
17 0.01656
18 0.00379
19 0.00000
20 0.00000
21 0.00000
22 0.00000
23 0.00000
