0 0.00000
1 0.00000
2 0.00000
3 0.00000
4 0.00000
5 0.00000
6 0.00058
7 0.00810
8 0.03795
9 0.08891
10 0.16551
11 0.22894
12 0.21484
13 0.08576
14 0.03533
15 0.02151
16 0.01790
17 0.00391
18 0.00181
19 0.00012
20 0.00000
21 0.00000
22 0.00000
23 0.00000
0 0.00000
1 0.00000
2 0.00000
3 0.00000
4 0.00000
5 0.00000
6 0.00058
7 0.00810
8 0.03795
9 0.08891
10 0.16551
11 0.22894
12 0.21484
13 0.08576
14 0.03533
15 0.02151
16 0.01790
17 0.00391
18 0.00181
19 0.00012
20 0.00000
21 0.00000
22 0.00000
23 0.00000
