0 0.00000
1 0.00000
2 0.00000
3 0.00000
4 0.00000
5 0.00000
6 0.00000
7 0.00146
8 0.01335
9 0.04536
10 0.09707
11 0.14353
12 0.16621
13 0.14645
14 0.10914
15 0.05673
16 0.02151
17 0.00431
18 0.00012
19 0.00000
20 0.00000
21 0.00000
22 0.00000
23 0.00000
0 0.00000
1 0.00000
2 0.00000
3 0.00000
4 0.00000
5 0.00000
6 0.00000
7 0.00146
8 0.01335
9 0.04536
10 0.09707
11 0.14353
12 0.16621
13 0.14645
14 0.10914
15 0.05673
16 0.02151
17 0.00431
18 0.00012
19 0.00000
20 0.00000
21 0.00000
22 0.00000
23 0.00000
