0 0.00000
1 0.00000
2 0.00000
3 0.00000
4 0.00000
5 0.00000
6 0.00052
7 0.00933
8 0.04227
9 0.10092
10 0.18230
11 0.25256
12 0.29179
13 0.27593
14 0.22504
15 0.12919
16 0.00000
17 0.00000
18 0.00000
19 0.00000
20 0.00000
21 0.00000
22 0.00000
23 0.00000
0 0.00000
1 0.00000
2 0.00000
3 0.00000
4 0.00000
5 0.00000
6 0.00052
7 0.00933
8 0.04227
9 0.10092
10 0.18230
11 0.25256
12 0.29179
13 0.27593
14 0.22504
15 0.12919
16 0.00000
17 0.00000
18 0.00000
19 0.00000
20 0.00000
21 0.00000
22 0.00000
23 0.00000
