0 0.00000
1 0.00000
2 0.00000
3 0.00000
4 0.00000
5 0.00000
6 0.00000
7 0.00933
8 0.04448
9 0.07999
10 0.14528
11 0.20300
12 0.22084
13 0.21116
14 0.16108
15 0.10319
16 0.04244
17 0.00513
18 0.00000
19 0.00000
20 0.00000
21 0.00000
22 0.00000
23 0.00000
0 0.00000
1 0.00000
2 0.00000
3 0.00000
4 0.00000
5 0.00000
6 0.00000
7 0.00933
8 0.04448
9 0.07999
10 0.14528
11 0.20300
12 0.22084
13 0.21116
14 0.16108
15 0.10319
16 0.04244
17 0.00513
18 0.00000
19 0.00000
20 0.00000
21 0.00000
22 0.00000
23 0.00000
