0 0.00000
1 0.00000
2 0.00000
3 0.00000
4 0.00000
5 0.00000
6 0.00093
7 0.01149
8 0.05877
9 0.11800
10 0.19851
11 0.22148
12 0.08238
13 0.07929
14 0.23711
15 0.13409
16 0.02734
17 0.00816
18 0.00169
19 0.00000
20 0.00000
21 0.00000
22 0.00000
23 0.00000
0 0.00000
1 0.00000
2 0.00000
3 0.00000
4 0.00000
5 0.00000
6 0.00093
7 0.01149
8 0.05877
9 0.11800
10 0.19851
11 0.22148
12 0.08238
13 0.07929
14 0.23711
15 0.13409
16 0.02734
17 0.00816
18 0.00169
19 0.00000
20 0.00000
21 0.00000
22 0.00000
23 0.00000
