0 0.00000
1 0.00000
2 0.00000
3 0.00000
4 0.00000
5 0.00000
6 0.00006
7 0.00379
8 0.04454
9 0.11998
10 0.19239
11 0.24713
12 0.26573
13 0.24451
14 0.18988
15 0.11543
16 0.04751
17 0.01102
18 0.00058
19 0.00000
20 0.00000
21 0.00000
22 0.00000
23 0.00000
0 0.00000
1 0.00000
2 0.00000
3 0.00000
4 0.00000
5 0.00000
6 0.00006
7 0.00379
8 0.04454
9 0.11998
10 0.19239
11 0.24713
12 0.26573
13 0.24451
14 0.18988
15 0.11543
16 0.04751
17 0.01102
18 0.00058
19 0.00000
20 0.00000
21 0.00000
22 0.00000
23 0.00000
