0 0.00000
1 0.00000
2 0.00000
3 0.00000
4 0.00000
5 0.00000
6 0.00064
7 0.01014
8 0.04466
9 0.10809
10 0.17712
11 0.23075
12 0.24958
13 0.22679
14 0.16347
15 0.07013
16 0.01580
17 0.00402
18 0.00012
19 0.00000
20 0.00000
21 0.00000
22 0.00000
23 0.00000
0 0.00000
1 0.00000
2 0.00000
3 0.00000
4 0.00000
5 0.00000
6 0.00064
7 0.01014
8 0.04466
9 0.10809
10 0.17712
11 0.23075
12 0.24958
13 0.22679
14 0.16347
15 0.07013
16 0.01580
17 0.00402
18 0.00012
19 0.00000
20 0.00000
21 0.00000
22 0.00000
23 0.00000
