0 0.00000
1 0.00000
2 0.00000
3 0.00000
4 0.00000
5 0.00000
6 0.00187
7 0.01411
8 0.04938
9 0.10278
10 0.17997
11 0.24917
12 0.26952
13 0.26252
14 0.19350
15 0.12896
16 0.06874
17 0.01650
18 0.00233
19 0.00006
20 0.00000
21 0.00000
22 0.00000
23 0.00000
0 0.00000
1 0.00000
2 0.00000
3 0.00000
4 0.00000
5 0.00000
6 0.00187
7 0.01411
8 0.04938
9 0.10278
10 0.17997
11 0.24917
12 0.26952
13 0.26252
14 0.19350
15 0.12896
16 0.06874
17 0.01650
18 0.00233
19 0.00006
20 0.00000
21 0.00000
22 0.00000
23 0.00000
