0 0.00000
1 0.00000
2 0.00000
3 0.00000
4 0.00000
5 0.00006
6 0.00169
7 0.01487
8 0.06355
9 0.15409
10 0.19047
11 0.28363
12 0.31534
13 0.31511
14 0.26468
15 0.17012
16 0.05935
17 0.01125
18 0.00420
19 0.00023
20 0.00000
21 0.00000
22 0.00000
23 0.00000
0 0.00000
1 0.00000
2 0.00000
3 0.00000
4 0.00000
5 0.00006
6 0.00169
7 0.01487
8 0.06355
9 0.15409
10 0.19047
11 0.28363
12 0.31534
13 0.31511
14 0.26468
15 0.17012
16 0.05935
17 0.01125
18 0.00420
19 0.00023
20 0.00000
21 0.00000
22 0.00000
23 0.00000
