0 0.00000
1 0.00000
2 0.00000
3 0.00000
4 0.00000
5 0.00000
6 0.00070
7 0.00933
8 0.04524
9 0.10791
10 0.18609
11 0.22171
12 0.25390
13 0.23944
14 0.16079
15 0.06430
16 0.01516
17 0.00624
18 0.00233
19 0.00000
20 0.00000
21 0.00000
22 0.00000
23 0.00000
0 0.00000
1 0.00000
2 0.00000
3 0.00000
4 0.00000
5 0.00000
6 0.00070
7 0.00933
8 0.04524
9 0.10791
10 0.18609
11 0.22171
12 0.25390
13 0.23944
14 0.16079
15 0.06430
16 0.01516
17 0.00624
18 0.00233
19 0.00000
20 0.00000
21 0.00000
22 0.00000
23 0.00000
