0 0.00000
1 0.00000
2 0.00000
3 0.00000
4 0.00000
5 0.00000
6 0.00169
7 0.01568
8 0.05568
9 0.12517
10 0.20434
11 0.27220
12 0.30602
13 0.21810
14 0.16895
15 0.09625
16 0.02093
17 0.00402
18 0.00052
19 0.00000
20 0.00000
21 0.00000
22 0.00000
23 0.00000
0 0.00000
1 0.00000
2 0.00000
3 0.00000
4 0.00000
5 0.00000
6 0.00169
7 0.01568
8 0.05568
9 0.12517
10 0.20434
11 0.27220
12 0.30602
13 0.21810
14 0.16895
15 0.09625
16 0.02093
17 0.00402
18 0.00052
19 0.00000
20 0.00000
21 0.00000
22 0.00000
23 0.00000
