0 0.00000
1 0.00000
2 0.00000
3 0.00000
4 0.00000
5 0.00000
6 0.00157
7 0.01399
8 0.05498
9 0.10990
10 0.19496
11 0.26165
12 0.29943
13 0.29535
14 0.20965
15 0.14009
16 0.05754
17 0.01866
18 0.00239
19 0.00006
20 0.00000
21 0.00000
22 0.00000
23 0.00000
0 0.00000
1 0.00000
2 0.00000
3 0.00000
4 0.00000
5 0.00000
6 0.00157
7 0.01399
8 0.05498
9 0.10990
10 0.19496
11 0.26165
12 0.29943
13 0.29535
14 0.20965
15 0.14009
16 0.05754
17 0.01866
18 0.00239
19 0.00006
20 0.00000
21 0.00000
22 0.00000
23 0.00000
