0 0.00000
1 0.00000
2 0.00000
3 0.00000
4 0.00000
5 0.00000
6 0.00000
7 0.00082
8 0.01079
9 0.04034
10 0.08768
11 0.13269
12 0.15758
13 0.15076
14 0.10943
15 0.06407
16 0.02309
17 0.00484
18 0.00017
19 0.00000
20 0.00000
21 0.00000
22 0.00000
23 0.00000
0 0.00000
1 0.00000
2 0.00000
3 0.00000
4 0.00000
5 0.00000
6 0.00000
7 0.00082
8 0.01079
9 0.04034
10 0.08768
11 0.13269
12 0.15758
13 0.15076
14 0.10943
15 0.06407
16 0.02309
17 0.00484
18 0.00017
19 0.00000
20 0.00000
21 0.00000
22 0.00000
23 0.00000
