0 0.00000
1 0.00000
2 0.00000
3 0.00000
4 0.00000
5 0.00000
6 0.00093
7 0.01265
8 0.05311
9 0.12669
10 0.21583
11 0.23973
12 0.21868
13 0.21046
14 0.20936
15 0.03183
16 0.01119
17 0.01562
18 0.00227
19 0.00029
20 0.00000
21 0.00000
22 0.00000
23 0.00000
0 0.00000
1 0.00000
2 0.00000
3 0.00000
4 0.00000
5 0.00000
6 0.00093
7 0.01265
8 0.05311
9 0.12669
10 0.21583
11 0.23973
12 0.21868
13 0.21046
14 0.20936
15 0.03183
16 0.01119
17 0.01562
18 0.00227
19 0.00029
20 0.00000
21 0.00000
22 0.00000
23 0.00000
