0 0.00000
1 0.00000
2 0.00000
3 0.00000
4 0.00000
5 0.00000
6 0.00035
7 0.01189
8 0.05608
9 0.14219
10 0.22848
11 0.16860
12 0.14901
13 0.09666
14 0.11806
15 0.05766
16 0.03982
17 0.00723
18 0.00029
19 0.00000
20 0.00000
21 0.00000
22 0.00000
23 0.00000
0 0.00000
1 0.00000
2 0.00000
3 0.00000
4 0.00000
5 0.00000
6 0.00035
7 0.01189
8 0.05608
9 0.14219
10 0.22848
11 0.16860
12 0.14901
13 0.09666
14 0.11806
15 0.05766
16 0.03982
17 0.00723
18 0.00029
19 0.00000
20 0.00000
21 0.00000
22 0.00000
23 0.00000
