0 0.00000
1 0.00000
2 0.00000
3 0.00000
4 0.00000
5 0.00000
6 0.00000
7 0.00635
8 0.03679
9 0.09876
10 0.15852
11 0.16038
12 0.19122
13 0.09112
14 0.10103
15 0.03755
16 0.00227
17 0.00082
18 0.00000
19 0.00000
20 0.00000
21 0.00000
22 0.00000
23 0.00000
0 0.00000
1 0.00000
2 0.00000
3 0.00000
4 0.00000
5 0.00000
6 0.00000
7 0.00635
8 0.03679
9 0.09876
10 0.15852
11 0.16038
12 0.19122
13 0.09112
14 0.10103
15 0.03755
16 0.00227
17 0.00082
18 0.00000
19 0.00000
20 0.00000
21 0.00000
22 0.00000
23 0.00000
