0 0.00000
1 0.00000
2 0.00000
3 0.00000
4 0.00000
5 0.00000
6 0.00035
7 0.00122
8 0.01428
9 0.04804
10 0.11077
11 0.16505
12 0.20615
13 0.18627
14 0.18860
15 0.07451
16 0.06022
17 0.01568
18 0.00571
19 0.00175
20 0.00000
21 0.00000
22 0.00000
23 0.00000
0 0.00000
1 0.00000
2 0.00000
3 0.00000
4 0.00000
5 0.00000
6 0.00035
7 0.00122
8 0.01428
9 0.04804
10 0.11077
11 0.16505
12 0.20615
13 0.18627
14 0.18860
15 0.07451
16 0.06022
17 0.01568
18 0.00571
19 0.00175
20 0.00000
21 0.00000
22 0.00000
23 0.00000
