4.0 0.0
4.0167 0.0
4.0333 0.0
4.05 0.0
4.0667 0.0
4.0833 0.0
4.1 0.0
4.1167 0.0
4.1333 0.0
4.15 0.0
4.1667 0.0
4.1833 0.0
4.2 0.0
4.2167 0.0
4.2333 0.0
4.25 0.0
4.2667 0.0
4.2833 0.0
4.3 0.0
4.3167 0.0
4.3333 0.0
4.35 0.0
4.3667 0.0
4.3833 0.0
4.4 0.0
4.4167 0.0
4.4333 0.0
4.45 0.0
4.4667 0.0
4.4833 0.0
4.5 0.0
4.5167 0.0
4.5333 0.0
4.55 0.0
4.5667 0.0
4.5833 0.0
4.6 0.0
4.6167 0.0
4.6333 0.0
4.65 0.0
4.6667 0.0
4.6833 0.0
4.7 0.0
4.7167 0.0
4.7333 0.0
4.75 0.0
4.7667 0.0
4.7833 0.0
4.8 0.0
4.8167 0.0
4.8333 0.0
4.85 0.0
4.8667 0.0
4.8833 0.0
4.9 0.0
4.9167 0.0
4.9333 0.0
4.95 0.0
4.9667 0.0
4.9833 0.0
5.0 0.0
5.0167 0.0
5.0333 0.0
5.05 0.0
5.0667 0.0
5.0833 0.0
5.1 0.0
5.1167 0.0
5.1333 0.0
5.15 0.0
5.1667 0.0
5.1833 0.0
5.2 0.0
5.2167 0.0
5.2333 0.0
5.25 0.0
5.2667 0.0
5.2833 0.0
5.3 0.0
5.3167 0.0
5.3333 0.0
5.35 0.0
5.3667 0.0
5.3833 0.0
5.4 0.0
5.4167 0.0
5.4333 0.0
5.45 0.0
5.4667 0.0
5.4833 0.0
5.5 0.0
5.5167 0.0
5.5333 0.0
5.55 0.0
5.5667 0.0
5.5833 0.0
5.6 0.0
5.6167 0.0
5.6333 0.0
5.65 0.0
5.6667 0.0
5.6833 0.0
5.7 0.0
5.7167 0.0
5.7333 0.0
5.75 0.0
5.7667 0.0
5.7833 0.0
5.8 0.0
5.8167 0.0
5.8333 0.0
5.85 0.0
5.8667 0.0
5.8833 0.0
5.9 0.0
5.9167 0.0
5.9333 0.0
5.95 0.0
5.9667 0.0
5.9833 0.0
6.0 0.0
6.0167 6.658e-22
6.0333 1.185e-17
6.05 1.441e-14
6.0667 3.544e-12
6.0833 5.44e-10
6.1 7.251e-09
6.1167 3.268e-08
6.1333 8.595e-08
6.15 1.817e-07
6.1667 3.475e-07
6.1833 6.245e-07
6.2 1.078e-06
6.2167 1.757e-06
6.2333 2.663e-06
6.25 3.923e-06
6.2667 5.541e-06
6.2833 7.649e-06
6.3 1.027e-05
6.3167 1.365e-05
6.3333 1.793e-05
6.35 2.315e-05
6.3667 2.953e-05
6.3833 3.746e-05
6.4 4.747e-05
6.4167 5.781e-05
6.4333 7.134e-05
6.45 8.711e-05
6.4667 0.0001044
6.4833 0.0001245
6.5 0.0001478
6.5167 0.000175
6.5333 0.0002047
6.55 0.0002334
6.5667 0.0002743
6.5833 0.0003063
6.6 0.0003451
6.6167 0.0003926
6.6333 0.0004503
6.65 0.0004999
6.6667 0.0005532
6.6833 0.00061
6.7 0.0006705
6.7167 0.0007345
6.7333 0.0008015
6.75 0.0008717
6.7667 0.000945
6.7833 0.001022
6.8 0.001102
6.8167 0.001185
6.8333 0.001271
6.85 0.00136
6.8667 0.001453
6.8833 0.001549
6.9 0.001648
6.9167 0.001751
6.9333 0.001857
6.95 0.001966
6.9667 0.002079
6.9833 0.002195
7.0 0.002316
7.0167 0.002439
7.0333 0.002567
7.05 0.002698
7.0667 0.002832
7.0833 0.002972
7.1 0.003114
7.1167 0.003261
7.1333 0.003412
7.15 0.003567
7.1667 0.003726
7.1833 0.00389
7.2 0.004058
7.2167 0.004231
7.2333 0.004407
7.25 0.004589
7.2667 0.004776
7.2833 0.004967
7.3 0.005163
7.3167 0.005363
7.3333 0.005569
7.35 0.00578
7.3667 0.005997
7.3833 0.006218
7.4 0.006445
7.4167 0.006677
7.4333 0.006914
7.45 0.007157
7.4667 0.007407
7.4833 0.007661
7.5 0.007922
7.5167 0.008188
7.5333 0.00846
7.55 0.008739
7.5667 0.009024
7.5833 0.009315
7.6 0.009612
7.6167 0.009915
7.6333 0.01022
7.65 0.01054
7.6667 0.01087
7.6833 0.0112
7.7 0.01153
7.7167 0.01187
7.7333 0.01223
7.75 0.01258
7.7667 0.01295
7.7833 0.01332
7.8 0.0137
7.8167 0.01408
7.8333 0.01448
7.85 0.01488
7.8667 0.01529
7.8833 0.0157
7.9 0.01613
7.9167 0.01656
7.9333 0.017
7.95 0.01744
7.9667 0.0179
7.9833 0.01836
8.0 0.01883
8.0167 0.01931
8.0333 0.01979
8.05 0.02029
8.0667 0.02079
8.0833 0.0213
8.1 0.02182
8.1167 0.02235
8.1333 0.02288
8.15 0.02342
8.1667 0.02398
8.1833 0.02454
8.2 0.0251
8.2167 0.02568
8.2333 0.02627
8.25 0.02686
8.2667 0.02746
8.2833 0.02808
8.3 0.0287
8.3167 0.02933
8.3333 0.02996
8.35 0.03061
8.3667 0.03126
8.3833 0.03192
8.4 0.0326
8.4167 0.03328
8.4333 0.03397
8.45 0.03467
8.4667 0.03537
8.4833 0.03609
8.5 0.03681
8.5167 0.03755
8.5333 0.03829
8.55 0.03904
8.5667 0.0398
8.5833 0.04057
8.6 0.04134
8.6167 0.04213
8.6333 0.04292
8.65 0.04372
8.6667 0.04453
8.6833 0.04535
8.7 0.04618
8.7167 0.04702
8.7333 0.04786
8.75 0.04872
8.7667 0.04958
8.7833 0.05045
8.8 0.05133
8.8167 0.05222
8.8333 0.05311
8.85 0.05402
8.8667 0.05493
8.8833 0.05585
8.9 0.05678
8.9167 0.05772
8.9333 0.05866
8.95 0.05961
8.9667 0.06058
8.9833 0.06154
9.0 0.06252
9.0167 0.0635
9.0333 0.06449
9.05 0.0655
9.0667 0.0665
9.0833 0.06752
9.1 0.06854
9.1167 0.06957
9.1333 0.07061
9.15 0.07165
9.1667 0.0727
9.1833 0.07376
9.2 0.07482
9.2167 0.0759
9.2333 0.07698
9.25 0.07807
9.2667 0.07915
9.2833 0.08026
9.3 0.08136
9.3167 0.08248
9.3333 0.08358
9.35 0.08472
9.3667 0.08585
9.3833 0.08698
9.4 0.08813
9.4167 0.08928
9.4333 0.09044
9.45 0.0916
9.4667 0.09277
9.4833 0.09394
9.5 0.09511
9.5167 0.0963
9.5333 0.09749
9.55 0.09868
9.5667 0.09988
9.5833 0.1011
9.6 0.1023
9.6167 0.1035
9.6333 0.1047
9.65 0.1059
9.6667 0.1071
9.6833 0.1084
9.7 0.1096
9.7167 0.1109
9.7333 0.1121
9.75 0.1134
9.7667 0.1146
9.7833 0.1158
9.8 0.1171
9.8167 0.1184
9.8333 0.1196
9.85 0.1209
9.8667 0.1222
9.8833 0.1234
9.9 0.1247
9.9167 0.126
9.9333 0.1273
9.95 0.1286
9.9667 0.1298
9.9833 0.1311
10.0 0.1324
10.0167 0.1337
10.0333 0.135
10.05 0.1363
10.0667 0.1376
10.0833 0.1389
10.1 0.1401
10.1167 0.1415
10.1333 0.1428
10.15 0.1441
10.1667 0.1454
10.1833 0.1467
10.2 0.148
10.2167 0.1492
10.2333 0.1505
10.25 0.1518
10.2667 0.1531
10.2833 0.1544
10.3 0.1557
10.3167 0.157
10.3333 0.1583
10.35 0.1596
10.3667 0.1609
10.3833 0.1622
10.4 0.1635
10.4167 0.1648
10.4333 0.1661
10.45 0.1674
10.4667 0.1687
10.4833 0.1699
10.5 0.1712
10.5167 0.1725
10.5333 0.1738
10.55 0.175
10.5667 0.1763
10.5833 0.1776
10.6 0.1788
10.6167 0.1801
10.6333 0.1813
10.65 0.1826
10.6667 0.1839
10.6833 0.1851
10.7 0.1863
10.7167 0.1876
10.7333 0.1888
10.75 0.1901
10.7667 0.1913
10.7833 0.1925
10.8 0.1937
10.8167 0.1949
10.8333 0.1961
10.85 0.1973
10.8667 0.1985
10.8833 0.1997
10.9 0.2009
10.9167 0.2021
10.9333 0.2032
10.95 0.2044
10.9667 0.2056
10.9833 0.2065
11.0 0.2079
11.0167 0.209
11.0333 0.2101
11.05 0.2111
11.0667 0.2123
11.0833 0.2135
11.1 0.2146
11.1167 0.2157
11.1333 0.2168
11.15 0.2177
11.1667 0.219
11.1833 0.22
11.2 0.2211
11.2167 0.2222
11.2333 0.2232
11.25 0.2242
11.2667 0.2253
11.2833 0.2263
11.3 0.2272
11.3167 0.2283
11.3333 0.2293
11.35 0.2303
11.3667 0.2313
11.3833 0.2322
11.4 0.2332
11.4167 0.2341
11.4333 0.2351
11.45 0.236
11.4667 0.2369
11.4833 0.2378
11.5 0.2386
11.5167 0.2396
11.5333 0.2405
11.55 0.2413
11.5667 0.2422
11.5833 0.243
11.6 0.2439
11.6167 0.2447
11.6333 0.2456
11.65 0.2464
11.6667 0.2471
11.6833 0.2479
11.7 0.2487
11.7167 0.2492
11.7333 0.2501
11.75 0.251
11.7667 0.2517
11.7833 0.2523
11.8 0.2531
11.8167 0.2538
11.8333 0.2545
11.85 0.2551
11.8667 0.2558
11.8833 0.2565
11.9 0.2571
11.9167 0.2577
11.9333 0.2583
11.95 0.2589
11.9667 0.2595
11.9833 0.2601
12.0 0.2607
12.0167 0.2612
12.0333 0.2617
12.05 0.2623
12.0667 0.2627
12.0833 0.2633
12.1 0.2637
12.1167 0.2642
12.1333 0.2647
12.15 0.2651
12.1667 0.2656
12.1833 0.266
12.2 0.2664
12.2167 0.2668
12.2333 0.2672
12.25 0.2675
12.2667 0.2679
12.2833 0.2682
12.3 0.2685
12.3167 0.2689
12.3333 0.2692
12.35 0.2694
12.3667 0.2697
12.3833 0.27
12.4 0.2702
12.4167 0.2704
12.4333 0.2707
12.45 0.2709
12.4667 0.2711
12.4833 0.2712
12.5 0.2714
12.5167 0.2716
12.5333 0.2717
12.55 0.2718
12.5667 0.2719
12.5833 0.272
12.6 0.272
12.6167 0.2721
12.6333 0.2721
12.65 0.2721
12.6667 0.2721
12.6833 0.2721
12.7 0.2721
12.7167 0.2721
12.7333 0.2721
12.75 0.2721
12.7667 0.2721
12.7833 0.272
12.8 0.272
12.8167 0.2719
12.8333 0.2718
12.85 0.2716
12.8667 0.2715
12.8833 0.2713
12.9 0.2712
12.9167 0.271
12.9333 0.2708
12.95 0.2706
12.9667 0.2703
12.9833 0.2701
13.0 0.2699
13.0167 0.2696
13.0333 0.2693
13.05 0.269
13.0667 0.2687
13.0833 0.2684
13.1 0.2681
13.1167 0.2677
13.1333 0.2674
13.15 0.267
13.1667 0.2666
13.1833 0.2662
13.2 0.2658
13.2167 0.2654
13.2333 0.2649
13.25 0.2645
13.2667 0.264
13.2833 0.2635
13.3 0.2629
13.3167 0.2625
13.3333 0.262
13.35 0.2615
13.3667 0.261
13.3833 0.2604
13.4 0.2598
13.4167 0.2593
13.4333 0.2587
13.45 0.2581
13.4667 0.2575
13.4833 0.2568
13.5 0.2562
13.5167 0.2555
13.5333 0.2548
13.55 0.2542
13.5667 0.2535
13.5833 0.2528
13.6 0.252
13.6167 0.2514
13.6333 0.2506
13.65 0.2499
13.6667 0.2488
13.6833 0.2484
13.7 0.2474
13.7167 0.2468
13.7333 0.246
13.75 0.2452
13.7667 0.2444
13.7833 0.2435
13.8 0.2427
13.8167 0.2419
13.8333 0.241
13.85 0.2401
13.8667 0.2392
13.8833 0.2383
13.9 0.2374
13.9167 0.2365
13.9333 0.2356
13.95 0.2347
13.9667 0.2337
13.9833 0.2328
14.0 0.2318
14.0167 0.2308
14.0333 0.2298
14.05 0.2287
14.0667 0.2279
14.0833 0.2269
14.1 0.2258
14.1167 0.2248
14.1333 0.2238
14.15 0.2227
14.1667 0.2217
14.1833 0.2206
14.2 0.2196
14.2167 0.2185
14.2333 0.2174
14.25 0.2163
14.2667 0.2152
14.2833 0.2141
14.3 0.213
14.3167 0.2118
14.3333 0.2108
14.35 0.2097
14.3667 0.2085
14.3833 0.2074
14.4 0.2062
14.4167 0.2051
14.4333 0.2039
14.45 0.2027
14.4667 0.2016
14.4833 0.2004
14.5 0.1992
14.5167 0.198
14.5333 0.1967
14.55 0.1956
14.5667 0.1944
14.5833 0.1932
14.6 0.192
14.6167 0.1907
14.6333 0.1895
14.65 0.1883
14.6667 0.187
14.6833 0.1858
14.7 0.1845
14.7167 0.1833
14.7333 0.1821
14.75 0.1808
14.7667 0.1795
14.7833 0.1782
14.8 0.177
14.8167 0.1758
14.8333 0.1745
14.85 0.1732
14.8667 0.1719
14.8833 0.1707
14.9 0.1694
14.9167 0.1681
14.9333 0.1668
14.95 0.1655
14.9667 0.1642
14.9833 0.163
15.0 0.1616
15.0167 0.1604
15.0333 0.1591
15.05 0.1577
15.0667 0.1565
15.0833 0.1552
15.1 0.1538
15.1167 0.1526
15.1333 0.1513
15.15 0.15
15.1667 0.1487
15.1833 0.1474
15.2 0.1461
15.2167 0.1448
15.2333 0.1435
15.25 0.1422
15.2667 0.1409
15.2833 0.1396
15.3 0.1383
15.3167 0.137
15.3333 0.1357
15.35 0.1343
15.3667 0.1332
15.3833 0.1319
15.4 0.1306
15.4167 0.1293
15.4333 0.128
15.45 0.1266
15.4667 0.1255
15.4833 0.1242
15.5 0.1229
15.5167 0.1216
15.5333 0.1204
15.55 0.1191
15.5667 0.1179
15.5833 0.1166
15.6 0.1153
15.6167 0.1141
15.6333 0.1128
15.65 0.1116
15.6667 0.1104
15.6833 0.1091
15.7 0.1079
15.7167 0.1067
15.7333 0.1054
15.75 0.1042
15.7667 0.103
15.7833 0.1018
15.8 0.1006
15.8167 0.09937
15.8333 0.09819
15.85 0.097
15.8667 0.09581
15.8833 0.09463
15.9 0.09346
15.9167 0.09228
15.9333 0.09111
15.95 0.08997
15.9667 0.08878
15.9833 0.08766
16.0 0.08652
16.0167 0.08539
16.0333 0.08426
16.05 0.08313
16.0667 0.08202
16.0833 0.0809
16.1 0.07981
16.1167 0.07871
16.1333 0.07763
16.15 0.07654
16.1667 0.07547
16.1833 0.0744
16.2 0.07333
16.2167 0.07228
16.2333 0.07123
16.25 0.07019
16.2667 0.06916
16.2833 0.06813
16.3 0.06711
16.3167 0.0661
16.3333 0.06509
16.35 0.0641
16.3667 0.06311
16.3833 0.06213
16.4 0.06116
16.4167 0.06019
16.4333 0.05923
16.45 0.05828
16.4667 0.05734
16.4833 0.05641
16.5 0.05548
16.5167 0.05457
16.5333 0.05366
16.55 0.05276
16.5667 0.05187
16.5833 0.05098
16.6 0.05011
16.6167 0.04924
16.6333 0.04838
16.65 0.04753
16.6667 0.04669
16.6833 0.04586
16.7 0.04503
16.7167 0.04422
16.7333 0.04341
16.75 0.04261
16.7667 0.04182
16.7833 0.04104
16.8 0.04027
16.8167 0.0395
16.8333 0.03875
16.85 0.038
16.8667 0.03726
16.8833 0.03653
16.9 0.03581
16.9167 0.0351
16.9333 0.0344
16.95 0.0337
16.9667 0.03302
16.9833 0.03234
17.0 0.03167
17.0167 0.03101
17.0333 0.03036
17.05 0.02972
17.0667 0.02909
17.0833 0.02846
17.1 0.02784
17.1167 0.02724
17.1333 0.02664
17.15 0.02605
17.1667 0.02546
17.1833 0.02489
17.2 0.02432
17.2167 0.02377
17.2333 0.02322
17.25 0.02268
17.2667 0.02215
17.2833 0.02162
17.3 0.02111
17.3167 0.0206
17.3333 0.0201
17.35 0.01961
17.3667 0.01913
17.3833 0.01865
17.4 0.01819
17.4167 0.01773
17.4333 0.01728
17.45 0.01683
17.4667 0.0164
17.4833 0.01597
17.5 0.01555
17.5167 0.01514
17.5333 0.01473
17.55 0.01433
17.5667 0.01394
17.5833 0.01356
17.6 0.01318
17.6167 0.01282
17.6333 0.01245
17.65 0.0121
17.6667 0.01175
17.6833 0.01141
17.7 0.01108
17.7167 0.01075
17.7333 0.01043
17.75 0.01011
17.7667 0.009807
17.7833 0.009506
17.8 0.009211
17.8167 0.008923
17.8333 0.008641
17.85 0.008364
17.8667 0.008095
17.8833 0.00783
17.9 0.007572
17.9167 0.007319
17.9333 0.007073
17.95 0.006831
17.9667 0.006596
17.9833 0.006366
18.0 0.006141
18.0167 0.005922
18.0333 0.005707
18.05 0.005498
18.0667 0.005294
18.0833 0.005095
18.1 0.004901
18.1167 0.004712
18.1333 0.004527
18.15 0.004348
18.1667 0.004172
18.1833 0.004001
18.2 0.003835
18.2167 0.003673
18.2333 0.003515
18.25 0.003362
18.2667 0.003212
18.2833 0.003067
18.3 0.002925
18.3167 0.002788
18.3333 0.002654
18.35 0.002525
18.3667 0.002399
18.3833 0.002276
18.4 0.002157
18.4167 0.002042
18.4333 0.001931
18.45 0.001822
18.4667 0.001717
18.4833 0.001616
18.5 0.001518
18.5167 0.001423
18.5333 0.001332
18.55 0.001243
18.5667 0.001158
18.5833 0.001076
18.6 0.0009974
18.6167 0.0009219
18.6333 0.0008495
18.65 0.0007804
18.6667 0.0007144
18.6833 0.0006517
18.7 0.0005923
18.7167 0.0005366
18.7333 0.0004845
18.75 0.0004316
18.7667 0.0003772
18.7833 0.0003327
18.8 0.0002961
18.8167 0.0002604
18.8333 0.0002248
18.85 0.0001928
18.8667 0.000169
18.8833 0.0001423
18.9 0.0001196
18.9167 0.0001002
18.9333 8.163e-05
18.95 6.691e-05
18.9667 5.513e-05
18.9833 4.381e-05
